nombre de noeuds : 35
nombre de strates : 3
nombre de centres : 11
titre : intelligent
instances : alea35_11_1
temps de calcul : 0.02466297149658203
valeur objective : 174.0
nombre de solutions : 3
nombre de noeuds : 1.0
faisability : True
moy_distances :	32.13
min_distances :	10.0
max_distances :	54.0
var_distances :	89.69833768801638
covar_distances :	89.77377783745965
ecartType_distances :	9.47092063571522
coef_variation	: 0.2947433327187905
distances_centre_x :
-1.0	22.0	0.0	0.0	-1.0	-1.0	-1.0	-1.0	12.0	0.0	0.0	17.0	19.0	20.0	13.0	14.0	14.0	-1.0	10.0	-1.0	0.0	19.0	23.0	-1.0	-1.0	0.0	12.0	-1.0	25.0	-1.0	10.0	27.0	0.0	0.0	-1.0	
0.0	22.0	-1.0	-1.0	10.0	20.0	27.0	20.0	12.0	-1.0	0.0	17.0	-1.0	20.0	-1.0	14.0	14.0	-1.0	10.0	17.0	0.0	19.0	-1.0	16.0	14.0	0.0	-1.0	0.0	-1.0	13.0	10.0	27.0	0.0	0.0	0.0	
-1.0	22.0	0.0	-1.0	-1.0	20.0	27.0	20.0	12.0	-1.0	-1.0	17.0	-1.0	20.0	13.0	-1.0	14.0	15.0	10.0	17.0	0.0	19.0	-1.0	16.0	-1.0	0.0	12.0	-1.0	25.0	13.0	-1.0	27.0	0.0	-1.0	0.0	

distances_centre_w :
-1.0	27.0	22.0	24.0	-1.0	-1.0	-1.0	-1.0	23.0	24.0	23.0	27.0	27.0	26.0	25.0	22.0	23.0	-1.0	19.0	-1.0	31.0	27.0	24.0	-1.0	-1.0	22.0	22.0	-1.0	28.0	-1.0	24.0	28.0	23.0	19.0	-1.0	
22.0	27.0	-1.0	-1.0	14.0	26.0	30.0	23.0	23.0	-1.0	23.0	27.0	-1.0	26.0	-1.0	22.0	23.0	-1.0	19.0	20.0	31.0	27.0	-1.0	25.0	22.0	22.0	-1.0	22.0	-1.0	22.0	24.0	28.0	23.0	19.0	11.0	
-1.0	27.0	22.0	-1.0	-1.0	26.0	30.0	23.0	23.0	-1.0	-1.0	27.0	-1.0	26.0	25.0	-1.0	23.0	19.0	19.0	20.0	31.0	27.0	-1.0	25.0	-1.0	22.0	22.0	-1.0	28.0	22.0	-1.0	28.0	23.0	-1.0	11.0	

maxX :
27.0	27.0	27.0	

maxW :
31.0	31.0	31.0	

minX :
0.0	0.0	0.0	

minW :
19.0	11.0	11.0	

moyX :
11.173913043478262	11.615384615384615	13.869565217391305	

moyW :
24.347826086956523	23.115384615384617	23.869565217391305	

medX :
12.0	13.5	15.0	

medW :
24.0	23.0	23.0	

ecartTypeX :
9.22026206320502	8.836449526630386	8.55826245990991	

ecartTypeW :
2.8682473917340245	4.299614679309362	4.214925321181622	

varX :
85.0132325141777	78.08284023668638	73.24385633270323	

varW :
8.226843100189035	18.486686390532547	17.765595463138	

covarX :
88.87747035573123	81.20615384615384	76.57312252964428	

covarW :
8.600790513833992	19.226153846153842	18.573122529644273	

coef_variationX :
0.8251596398977254	0.7607539327562584	0.6170534062004011	

coef_variationW :
0.11780301787479029	0.18600662506163626	0.17658157083274553	

moy_distances_centre :	35.50909090909091
min_distances_centre :	11.0
max_distances_centre :	52.0
med_distances_centre :	38.0
ecartType_distances_centre :	9.899261179543977
var_distances_centre :	97.99537190082643
covar_distances_centre :	98.89441201000834
coef_variation_distances_centre :	0.27878103680231375
capacite_X_temoin : 
27.0	33.0	27.0	31.0	34.0	30.0	28.0	33.0	29.0	33.0	29.0	
34.0	31.0	33.0	29.0	30.0	29.0	28.0	31.0	32.0	26.0	31.0	
30.0	30.0	28.0	32.0	28.0	34.0	32.0	26.0	32.0	34.0	32.0	

capacite_W_temoin : 
35.1	39.9	33.1	38.3	43.2	37.0	34.4	38.9	34.7	38.9	37.7	
43.2	37.3	42.9	36.7	36.0	35.7	34.4	35.3	38.6	28.8	39.3	
39.0	36.0	35.4	40.6	35.4	42.2	39.6	29.8	37.6	40.2	40.6	

demande_cumulee_X : 
0.0	3.0	2.0	2.0	1.0	2.0	2.0	4.0	3.0	4.0	0.0	
1.0	3.0	0.0	1.0	3.0	2.0	2.0	5.0	3.0	5.0	1.0	
0.0	3.0	1.0	1.0	1.0	2.0	2.0	4.0	4.0	4.0	1.0	

demande_cumulee_W : 
4.0	7.0	5.0	2.0	1.0	0.0	0.0	2.0	0.0	0.0	2.0	
6.0	6.0	3.0	0.0	1.0	1.0	3.0	2.0	1.0	2.0	1.0	
6.0	5.0	1.0	1.0	2.0	1.0	1.0	2.0	0.0	3.0	1.0	

capacite_residuelle_X : 
27.0	30.0	25.0	29.0	33.0	28.0	26.0	29.0	26.0	29.0	29.0	
33.0	28.0	33.0	28.0	27.0	27.0	26.0	26.0	29.0	21.0	30.0	
30.0	27.0	27.0	31.0	27.0	32.0	30.0	22.0	28.0	30.0	31.0	

capacite_residuelle_W : 
31.1	32.9	28.1	36.3	42.2	37.0	34.4	36.9	34.7	38.9	35.7	
37.2	31.299999999999997	39.9	36.7	35.0	34.7	31.4	33.3	37.6	26.8	38.3	
33.0	31.0	34.4	39.6	33.4	41.2	38.6	27.8	37.6	37.2	39.6	

min_capacite_X : 
27.0	26.0	26.0	

min_capacite_W : 
33.1	28.8	29.8	

max_capacite_X : 
34.0	34.0	34.0	

max_capacite_W : 
43.2	43.2	42.2	

moy_capacite_X : 
30.363636363636363	30.363636363636363	30.727272727272727	

moy_capacite_W : 
37.381818181818176	37.10909090909092	37.85454545454546	

med_capacite_X : 
30.0	31.0	32.0	

med_capacite_W : 
37.7	36.7	39.0	

ecartType_capacite_X : 
2.459590774267033	2.185602778212965	2.4528613751330983	

ecartType_capacite_W : 
2.7882279096288123	3.8225299916665247	3.3608342136395617	

var_capacite_X : 
6.049586776859504	4.776859504132232	6.016528925619834	

var_capacite_W : 
7.7742148760330565	14.611735537190082	11.295206611570253	

covar_capacite_X : 
6.654545454545456	5.254545454545455	6.618181818181817	

covar_capacite_W : 
8.551636363636362	16.07290909090909	12.42472727272728	

##########	##########	##########	##########	##########	##########	##########	##########	##########	##########	##########	##########	##########	##########	##########	##########	##########	##########	##########	##########	##########	##########	##########	##########	##########	##########	##########	##########	##########	##########	##########	##########	##########	##########	##########	nombre de noeuds : 35
nombre de strates : 3
nombre de centres : 11
titre : intelligent
instances : alea35_11_1
temps de calcul : 0.026195049285888672
valeur objective : 174.0
nombre de solutions : 3
nombre de noeuds : 0.0
faisability : True
moy_distances :	32.13
min_distances :	10.0
max_distances :	54.0
var_distances :	89.69833768801638
covar_distances :	89.77377783745965
ecartType_distances :	9.47092063571522
coef_variation	: 0.2947433327187905
distances_centre_x :
-1.0	22.0	0.0	0.0	-1.0	-1.0	-1.0	-1.0	12.0	13.0	0.0	17.0	19.0	20.0	13.0	14.0	23.0	-1.0	10.0	-1.0	0.0	19.0	0.0	-1.0	-1.0	0.0	12.0	-1.0	13.0	-1.0	10.0	27.0	0.0	0.0	-1.0	
0.0	22.0	-1.0	-1.0	10.0	20.0	27.0	20.0	12.0	-1.0	0.0	17.0	-1.0	20.0	-1.0	14.0	23.0	-1.0	10.0	17.0	0.0	19.0	-1.0	16.0	14.0	0.0	-1.0	0.0	-1.0	13.0	10.0	27.0	0.0	0.0	0.0	
-1.0	22.0	0.0	-1.0	-1.0	20.0	27.0	20.0	12.0	-1.0	-1.0	17.0	-1.0	20.0	13.0	-1.0	23.0	15.0	10.0	17.0	0.0	19.0	-1.0	16.0	-1.0	0.0	12.0	-1.0	13.0	13.0	-1.0	27.0	0.0	-1.0	0.0	

distances_centre_w :
-1.0	27.0	22.0	24.0	-1.0	-1.0	-1.0	-1.0	23.0	24.0	23.0	27.0	27.0	26.0	27.0	22.0	27.0	-1.0	19.0	-1.0	31.0	27.0	24.0	-1.0	-1.0	22.0	12.0	-1.0	25.0	-1.0	24.0	28.0	23.0	19.0	-1.0	
22.0	27.0	-1.0	-1.0	31.0	26.0	30.0	23.0	23.0	-1.0	23.0	27.0	-1.0	26.0	-1.0	22.0	27.0	-1.0	19.0	20.0	31.0	27.0	-1.0	25.0	22.0	22.0	-1.0	22.0	-1.0	25.0	24.0	28.0	23.0	19.0	11.0	
-1.0	27.0	22.0	-1.0	-1.0	26.0	30.0	23.0	23.0	-1.0	-1.0	27.0	-1.0	26.0	27.0	-1.0	23.0	19.0	19.0	20.0	31.0	27.0	-1.0	25.0	-1.0	22.0	12.0	-1.0	25.0	25.0	-1.0	28.0	23.0	-1.0	11.0	

maxX :
27.0	27.0	27.0	

maxW :
31.0	31.0	31.0	

minX :
0.0	0.0	0.0	

minW :
12.0	11.0	11.0	

moyX :
10.608695652173912	11.961538461538462	13.73913043478261	

moyW :
24.043478260869566	24.03846153846154	23.52173913043478	

medX :
12.0	13.5	15.0	

medW :
24.0	23.5	25.0	

ecartTypeX :
8.736426144421849	9.095564300296514	8.455599592060143	

ecartTypeW :
3.8047825838537706	4.183123319967889	4.817265733726797	

varX :
76.32514177693761	82.72928994082841	71.49716446124765	

varW :
14.476370510396974	17.49852071005917	23.20604914933837	

covarX :
79.79446640316205	86.03846153846155	74.74703557312253	

covarW :
15.134387351778654	18.198461538461533	24.260869565217387	

coef_variationX :
0.8235155791873054	0.7604008739797729	0.615439210814504	

coef_variationW :
0.1582459302506993	0.17401793011066416	0.20480057648006714	

moy_distances_centre :	35.63636363636363
min_distances_centre :	11.0
max_distances_centre :	50.0
med_distances_centre :	38.0
ecartType_distances_centre :	9.493277308157955
var_distances_centre :	90.12231404958676
covar_distances_centre :	90.9491242702252
coef_variation_distances_centre :	0.26639298568810593
capacite_X_temoin : 
27.0	33.0	27.0	34.0	30.0	30.0	28.0	33.0	29.0	33.0	29.0	
34.0	31.0	33.0	30.0	29.0	27.0	28.0	31.0	32.0	26.0	31.0	
30.0	30.0	28.0	28.0	34.0	31.0	32.0	26.0	32.0	34.0	32.0	

capacite_W_temoin : 
35.1	38.9	34.1	43.2	37.0	36.0	34.4	38.9	34.7	39.9	37.7	
43.2	37.3	41.9	36.0	35.7	35.1	34.4	35.3	38.6	29.8	38.3	
39.0	35.0	36.4	35.4	42.2	38.3	39.6	30.8	37.6	40.2	40.6	

demande_cumulee_X : 
0.0	4.0	1.0	1.0	2.0	3.0	2.0	4.0	3.0	3.0	0.0	
1.0	3.0	1.0	3.0	2.0	0.0	2.0	5.0	3.0	4.0	2.0	
0.0	4.0	0.0	1.0	2.0	2.0	2.0	3.0	4.0	4.0	1.0	

demande_cumulee_W : 
4.0	5.0	6.0	1.0	1.0	1.0	0.0	4.0	0.0	0.0	1.0	
6.0	5.0	3.0	1.0	1.0	2.0	2.0	3.0	1.0	1.0	1.0	
6.0	3.0	2.0	2.0	2.0	2.0	1.0	3.0	0.0	1.0	1.0	

capacite_residuelle_X : 
27.0	29.0	26.0	33.0	28.0	27.0	26.0	29.0	26.0	30.0	29.0	
33.0	28.0	32.0	27.0	27.0	27.0	26.0	26.0	29.0	22.0	29.0	
30.0	26.0	28.0	27.0	32.0	29.0	30.0	23.0	28.0	30.0	31.0	

capacite_residuelle_W : 
31.1	33.9	28.1	42.2	36.0	35.0	34.4	34.9	34.7	39.9	36.7	
37.2	32.3	38.9	35.0	34.7	33.1	32.4	32.3	37.6	28.8	37.3	
33.0	32.0	34.4	33.4	40.2	36.3	38.6	27.8	37.6	39.2	39.6	

min_capacite_X : 
27.0	26.0	26.0	

min_capacite_W : 
34.1	29.8	30.8	

max_capacite_X : 
34.0	34.0	34.0	

max_capacite_W : 
43.2	43.2	42.2	

moy_capacite_X : 
30.272727272727273	30.181818181818183	30.636363636363637	

moy_capacite_W : 
37.26363636363636	36.872727272727275	37.73636363636364	

med_capacite_X : 
30.0	31.0	31.0	

med_capacite_W : 
37.0	36.0	38.3	

ecartType_capacite_X : 
2.4528613751330983	2.3671302847802793	2.42234774444986	

ecartType_capacite_W : 
2.677608406182559	3.495475233417913	3.0517573855888136	

var_capacite_X : 
6.016528925619834	5.6033057851239665	5.867768595041323	

var_capacite_W : 
7.169586776859504	12.218347107438014	9.313223140495872	

covar_capacite_X : 
6.618181818181817	6.163636363636363	6.454545454545455	

covar_capacite_W : 
7.8865454545454545	13.44018181818182	10.24454545454546	

##########	##########	##########	##########	##########	##########	##########	##########	##########	##########	##########	##########	##########	##########	##########	##########	##########	##########	##########	##########	##########	##########	##########	##########	##########	##########	##########	##########	##########	##########	##########	##########	##########	##########	##########	nombre de noeuds : 35
nombre de strates : 3
nombre de centres : 11
titre : intelligent
instances : alea35_11_1
temps de calcul : 0.026182174682617188
valeur objective : 167.0
nombre de solutions : 4
nombre de noeuds : 1.0
faisability : True
moy_distances :	32.13
min_distances :	10.0
max_distances :	54.0
var_distances :	89.69833768801638
covar_distances :	89.77377783745965
ecartType_distances :	9.47092063571522
coef_variation	: 0.2947433327187905
distances_centre_x :
-1.0	22.0	0.0	0.0	-1.0	-1.0	-1.0	-1.0	12.0	13.0	0.0	17.0	15.0	0.0	13.0	14.0	23.0	-1.0	10.0	-1.0	0.0	19.0	0.0	-1.0	-1.0	0.0	12.0	-1.0	11.0	-1.0	10.0	22.0	0.0	0.0	-1.0	
22.0	22.0	-1.0	-1.0	10.0	20.0	27.0	20.0	12.0	-1.0	0.0	17.0	-1.0	0.0	-1.0	14.0	23.0	-1.0	10.0	17.0	0.0	19.0	-1.0	16.0	14.0	0.0	-1.0	0.0	-1.0	13.0	10.0	22.0	0.0	0.0	0.0	
-1.0	22.0	0.0	-1.0	-1.0	20.0	27.0	20.0	12.0	-1.0	-1.0	17.0	-1.0	0.0	13.0	-1.0	23.0	13.0	10.0	17.0	0.0	19.0	-1.0	16.0	-1.0	0.0	12.0	-1.0	11.0	13.0	-1.0	22.0	0.0	-1.0	0.0	

distances_centre_w :
-1.0	23.0	20.0	19.0	-1.0	-1.0	-1.0	-1.0	23.0	24.0	21.0	18.0	19.0	20.0	16.0	22.0	23.0	-1.0	13.0	-1.0	30.0	23.0	22.0	-1.0	-1.0	11.0	12.0	-1.0	13.0	-1.0	21.0	27.0	13.0	19.0	-1.0	
23.0	27.0	-1.0	-1.0	10.0	27.0	30.0	23.0	23.0	-1.0	21.0	27.0	-1.0	20.0	-1.0	22.0	23.0	-1.0	25.0	20.0	30.0	27.0	-1.0	27.0	16.0	24.0	-1.0	22.0	-1.0	25.0	24.0	27.0	24.0	19.0	11.0	
-1.0	27.0	20.0	-1.0	-1.0	27.0	30.0	23.0	23.0	-1.0	-1.0	27.0	-1.0	20.0	27.0	-1.0	23.0	19.0	25.0	20.0	30.0	27.0	-1.0	27.0	-1.0	24.0	12.0	-1.0	13.0	25.0	-1.0	27.0	24.0	-1.0	11.0	

maxX :
23.0	27.0	27.0	

maxW :
30.0	30.0	30.0	

minX :
0.0	0.0	0.0	

minW :
11.0	10.0	11.0	

moyX :
9.26086956521739	11.846153846153847	12.478260869565217	

moyW :
19.652173913043477	22.96153846153846	23.08695652173913	

medX :
11.0	13.5	13.0	

medW :
20.0	23.5	24.0	

ecartTypeX :
8.18916246343617	8.90415766193743	8.484613005022124	

ecartTypeW :
4.769547382155231	4.8316327008800055	5.224632655930366	

varX :
67.06238185255198	79.28402366863905	71.98865784499056	

varW :
22.74858223062382	23.34467455621302	27.296786389413988	

covarX :
70.11067193675889	82.45538461538459	75.2608695652174	

covarW :
23.782608695652176	24.278461538461535	28.537549407114625	

coef_variationX :
0.8842757589625913	0.751649672760952	0.6799515648624003	

coef_variationW :
0.24269820749904938	0.21042286469494162	0.22630235609491228	

moy_distances_centre :	34.21818181818182
min_distances_centre :	11.0
max_distances_centre :	50.0
med_distances_centre :	36.0
ecartType_distances_centre :	9.48048888093265
var_distances_centre :	89.87966942148762
covar_distances_centre :	90.70425354462056
coef_variation_distances_centre :	0.27705998323660774
capacite_X_temoin : 
33.0	27.0	34.0	29.0	30.0	30.0	28.0	33.0	29.0	33.0	29.0	
31.0	33.0	30.0	29.0	29.0	27.0	28.0	31.0	32.0	26.0	31.0	
30.0	28.0	28.0	30.0	34.0	31.0	32.0	26.0	32.0	34.0	32.0	

capacite_W_temoin : 
39.9	34.1	43.2	33.7	38.0	37.0	35.4	38.9	34.7	39.9	37.7	
38.3	41.9	36.0	35.7	35.7	35.1	34.4	35.3	38.6	28.8	39.3	
36.0	36.4	35.4	35.0	42.2	39.3	40.6	30.8	38.6	40.2	40.6	

demande_cumulee_X : 
3.0	1.0	1.0	4.0	1.0	2.0	1.0	4.0	3.0	3.0	0.0	
2.0	1.0	3.0	2.0	2.0	0.0	2.0	5.0	3.0	5.0	1.0	
3.0	0.0	1.0	4.0	2.0	1.0	1.0	3.0	3.0	4.0	1.0	

demande_cumulee_W : 
2.0	3.0	0.0	5.0	2.0	3.0	2.0	0.0	0.0	2.0	4.0	
9.0	2.0	1.0	3.0	1.0	1.0	3.0	1.0	2.0	1.0	2.0	
6.0	1.0	2.0	2.0	2.0	3.0	3.0	1.0	1.0	1.0	1.0	

capacite_residuelle_X : 
30.0	26.0	33.0	25.0	29.0	28.0	27.0	29.0	26.0	30.0	29.0	
29.0	32.0	27.0	27.0	27.0	27.0	26.0	26.0	29.0	21.0	30.0	
27.0	28.0	27.0	26.0	32.0	30.0	31.0	23.0	29.0	30.0	31.0	

capacite_residuelle_W : 
37.9	31.1	43.2	28.700000000000003	36.0	34.0	33.4	38.9	34.7	37.9	33.7	
29.299999999999997	39.9	35.0	32.7	34.7	34.1	31.4	34.3	36.6	27.8	37.3	
30.0	35.4	33.4	33.0	40.2	36.3	37.6	29.8	37.6	39.2	39.6	

min_capacite_X : 
27.0	26.0	26.0	

min_capacite_W : 
33.7	28.8	30.8	

max_capacite_X : 
34.0	33.0	34.0	

max_capacite_W : 
43.2	41.9	42.2	

moy_capacite_X : 
30.454545454545453	29.727272727272727	30.636363636363637	

moy_capacite_W : 
37.5	36.28181818181818	37.73636363636364	

med_capacite_X : 
30.0	30.0	31.0	

med_capacite_W : 
37.7	35.7	38.6	

ecartType_capacite_X : 
2.270908363053963	2.04898684901539	2.42234774444986	

ecartType_capacite_W : 
2.775870051975514	3.201652465898928	3.1829867983825646	

var_capacite_X : 
5.1570247933884295	4.198347107438017	5.867768595041323	

var_capacite_W : 
7.705454545454543	10.250578512396688	10.13140495867769	

covar_capacite_X : 
5.672727272727271	4.618181818181817	6.454545454545455	

covar_capacite_W : 
8.475999999999999	11.27563636363636	11.144545454545458	

##########	##########	##########	##########	##########	##########	##########	##########	##########	##########	##########	##########	##########	##########	##########	##########	##########	##########	##########	##########	##########	##########	##########	##########	##########	##########	##########	##########	##########	##########	##########	##########	##########	##########	##########	nombre de noeuds : 35
nombre de strates : 3
nombre de centres : 11
titre : intelligent
instances : alea35_11_1
temps de calcul : 0.02682805061340332
valeur objective : 173.0
nombre de solutions : 3
nombre de noeuds : 0.0
faisability : True
moy_distances :	32.13
min_distances :	10.0
max_distances :	54.0
var_distances :	89.69833768801638
covar_distances :	89.77377783745965
ecartType_distances :	9.47092063571522
coef_variation	: 0.2947433327187905
distances_centre_x :
-1.0	22.0	0.0	0.0	-1.0	-1.0	-1.0	-1.0	23.0	13.0	0.0	18.0	15.0	0.0	13.0	14.0	23.0	-1.0	10.0	-1.0	0.0	19.0	0.0	-1.0	-1.0	0.0	12.0	-1.0	11.0	-1.0	10.0	0.0	13.0	0.0	-1.0	
22.0	22.0	-1.0	-1.0	10.0	20.0	27.0	20.0	23.0	-1.0	0.0	18.0	-1.0	0.0	-1.0	14.0	23.0	-1.0	10.0	17.0	0.0	19.0	-1.0	16.0	14.0	0.0	-1.0	0.0	-1.0	13.0	10.0	0.0	13.0	0.0	0.0	
-1.0	22.0	0.0	-1.0	-1.0	20.0	27.0	20.0	23.0	-1.0	-1.0	18.0	-1.0	0.0	13.0	-1.0	23.0	13.0	10.0	17.0	0.0	19.0	-1.0	16.0	-1.0	0.0	12.0	-1.0	11.0	13.0	-1.0	0.0	13.0	-1.0	0.0	

distances_centre_w :
-1.0	23.0	20.0	19.0	-1.0	-1.0	-1.0	-1.0	32.0	24.0	21.0	18.0	19.0	20.0	16.0	22.0	23.0	-1.0	13.0	-1.0	30.0	23.0	22.0	-1.0	-1.0	11.0	12.0	-1.0	13.0	-1.0	21.0	22.0	24.0	19.0	-1.0	
28.0	27.0	-1.0	-1.0	31.0	27.0	30.0	23.0	32.0	-1.0	21.0	29.0	-1.0	20.0	-1.0	22.0	27.0	-1.0	25.0	20.0	30.0	27.0	-1.0	27.0	16.0	27.0	-1.0	22.0	-1.0	25.0	24.0	22.0	24.0	19.0	11.0	
-1.0	27.0	20.0	-1.0	-1.0	27.0	30.0	23.0	32.0	-1.0	-1.0	18.0	-1.0	20.0	27.0	-1.0	23.0	19.0	25.0	20.0	30.0	27.0	-1.0	27.0	-1.0	27.0	12.0	-1.0	13.0	25.0	-1.0	22.0	24.0	-1.0	11.0	

maxX :
23.0	27.0	27.0	

maxW :
32.0	32.0	32.0	

minX :
0.0	0.0	0.0	

minW :
11.0	11.0	11.0	

moyX :
9.391304347826088	11.961538461538462	12.608695652173912	

moyW :
20.304347826086957	24.46153846153846	23.0	

medX :
11.0	13.5	13.0	

medW :
21.0	25.0	24.0	

ecartTypeX :
8.318335590388797	8.97638255573938	8.560470986813055	

ecartTypeW :
5.025455052799962	4.7574295680203775	5.587252572091924	

varX :
69.19470699432894	80.57544378698225	73.28166351606806	

varW :
25.255198487712665	22.633136094674555	31.217391304347824	

covarX :
72.33992094861662	83.79846153846154	76.61264822134389	

covarW :
26.403162055335965	23.53846153846154	32.63636363636364	

coef_variationX :
0.8857486971247329	0.7504371268463791	0.6789339058506906	

coef_variationW :
0.24750635163682894	0.1944861144159274	0.24292402487356193	

moy_distances_centre :	34.472727272727276
min_distances_centre :	11.0
max_distances_centre :	48.0
med_distances_centre :	37.0
ecartType_distances_centre :	8.968337325288633
var_distances_centre :	80.43107438016527
covar_distances_centre :	81.16897414512093
coef_variation_distances_centre :	0.26015746460489175
capacite_X_temoin : 
33.0	27.0	34.0	29.0	30.0	30.0	28.0	33.0	31.0	33.0	29.0	
31.0	33.0	30.0	29.0	29.0	27.0	28.0	31.0	26.0	26.0	31.0	
30.0	28.0	28.0	30.0	34.0	31.0	32.0	26.0	29.0	34.0	32.0	

capacite_W_temoin : 
40.9	34.1	43.2	34.7	38.0	36.0	35.4	38.9	39.3	39.9	34.7	
38.3	42.9	36.0	35.7	35.7	34.1	34.4	35.3	32.8	29.8	36.3	
37.0	35.4	35.4	36.0	42.2	39.3	40.6	30.8	36.7	40.2	37.6	

demande_cumulee_X : 
2.0	1.0	1.0	3.0	1.0	3.0	1.0	4.0	1.0	3.0	3.0	
2.0	0.0	3.0	2.0	2.0	1.0	2.0	5.0	1.0	4.0	4.0	
2.0	1.0	1.0	3.0	2.0	1.0	1.0	3.0	1.0	4.0	4.0	

demande_cumulee_W : 
3.0	3.0	1.0	5.0	2.0	2.0	2.0	0.0	1.0	2.0	2.0	
7.0	2.0	2.0	3.0	1.0	2.0	3.0	2.0	3.0	1.0	0.0	
6.0	1.0	3.0	4.0	2.0	2.0	2.0	1.0	1.0	1.0	0.0	

capacite_residuelle_X : 
31.0	26.0	33.0	26.0	29.0	27.0	27.0	29.0	30.0	30.0	26.0	
29.0	33.0	27.0	27.0	27.0	26.0	26.0	26.0	25.0	22.0	27.0	
28.0	27.0	27.0	27.0	32.0	30.0	31.0	23.0	28.0	30.0	28.0	

capacite_residuelle_W : 
37.9	31.1	42.2	29.700000000000003	36.0	34.0	33.4	38.9	38.3	37.9	32.7	
31.299999999999997	40.9	34.0	32.7	34.7	32.1	31.4	33.3	29.799999999999997	28.8	36.3	
31.0	34.4	32.4	32.0	40.2	37.3	38.6	29.8	35.7	39.2	37.6	

min_capacite_X : 
27.0	26.0	26.0	

min_capacite_W : 
34.1	29.8	30.8	

max_capacite_X : 
34.0	33.0	34.0	

max_capacite_W : 
43.2	42.9	42.2	

moy_capacite_X : 
30.636363636363637	29.181818181818183	30.363636363636363	

moy_capacite_W : 
37.73636363636364	35.57272727272727	37.38181818181818	

med_capacite_X : 
30.0	29.0	30.0	

med_capacite_W : 
38.0	35.7	37.0	

ecartType_capacite_X : 
2.2268088570756164	2.16661368869327	2.42234774444986	

ecartType_capacite_W : 
2.8371793698776786	3.1115885767682037	2.999035657679492	

var_capacite_X : 
4.958677685950414	4.694214876033057	5.867768595041323	

var_capacite_W : 
8.0495867768595	9.681983471074377	8.994214876033062	

covar_capacite_X : 
5.454545454545455	5.163636363636363	6.454545454545455	

covar_capacite_W : 
8.85454545454545	10.650181818181817	9.893636363636368	

##########	##########	##########	##########	##########	##########	##########	##########	##########	##########	##########	##########	##########	##########	##########	##########	##########	##########	##########	##########	##########	##########	##########	##########	##########	##########	##########	##########	##########	##########	##########	##########	##########	##########	##########	nombre de noeuds : 35
nombre de strates : 3
nombre de centres : 11
titre : intelligent
instances : alea35_11_1
temps de calcul : 0.0252230167388916
valeur objective : 173.0
nombre de solutions : 3
nombre de noeuds : 0.0
faisability : True
moy_distances :	32.13
min_distances :	10.0
max_distances :	54.0
var_distances :	89.69833768801638
covar_distances :	89.77377783745965
ecartType_distances :	9.47092063571522
coef_variation	: 0.2947433327187905
distances_centre_x :
-1.0	22.0	-1.0	-1.0	-1.0	-1.0	-1.0	-1.0	23.0	13.0	0.0	18.0	15.0	0.0	13.0	14.0	23.0	-1.0	10.0	-1.0	0.0	19.0	0.0	-1.0	-1.0	0.0	12.0	-1.0	11.0	-1.0	-1.0	22.0	13.0	0.0	-1.0	
22.0	22.0	-1.0	-1.0	0.0	20.0	27.0	20.0	23.0	-1.0	0.0	18.0	-1.0	0.0	-1.0	14.0	23.0	-1.0	10.0	17.0	0.0	13.0	-1.0	12.0	14.0	0.0	-1.0	0.0	-1.0	13.0	10.0	22.0	13.0	0.0	0.0	
-1.0	22.0	0.0	-1.0	-1.0	20.0	27.0	20.0	23.0	-1.0	-1.0	18.0	-1.0	0.0	13.0	-1.0	23.0	13.0	10.0	17.0	0.0	13.0	-1.0	12.0	-1.0	0.0	12.0	-1.0	11.0	13.0	-1.0	22.0	13.0	-1.0	0.0	

distances_centre_w :
-1.0	23.0	20.0	19.0	-1.0	-1.0	-1.0	-1.0	32.0	-1.0	21.0	18.0	19.0	-1.0	16.0	-1.0	-1.0	-1.0	13.0	-1.0	30.0	23.0	22.0	-1.0	-1.0	11.0	-1.0	-1.0	13.0	-1.0	21.0	27.0	24.0	-1.0	-1.0	
29.0	27.0	-1.0	-1.0	14.0	27.0	30.0	23.0	32.0	-1.0	21.0	28.0	-1.0	20.0	-1.0	22.0	23.0	-1.0	25.0	20.0	30.0	27.0	-1.0	27.0	16.0	14.0	-1.0	22.0	-1.0	25.0	24.0	27.0	23.0	19.0	10.0	
-1.0	27.0	20.0	-1.0	-1.0	27.0	30.0	23.0	32.0	-1.0	-1.0	18.0	-1.0	20.0	23.0	-1.0	23.0	21.0	25.0	20.0	30.0	27.0	-1.0	27.0	-1.0	14.0	30.0	-1.0	18.0	25.0	-1.0	27.0	23.0	-1.0	10.0	

maxX :
23.0	27.0	27.0	

maxW :
32.0	32.0	32.0	

minX :
0.0	0.0	0.0	

minW :
11.0	10.0	10.0	

moyX :
11.4	12.038461538461538	13.130434782608695	

moyW :
20.705882352941178	23.26923076923077	23.47826086956522	

medX :
13.0	13.0	13.0	

medW :
21.0	23.5	23.0	

ecartTypeX :
8.380930735902785	9.044678712798564	8.226702798898163	

ecartTypeW :
5.559990540431573	5.360523024910136	5.282206103821718	

varX :
70.24000000000001	81.80621301775149	67.67863894139887	

varW :
30.91349480968858	28.735207100591715	27.901701323251412	

covarX :
73.93684210526315	85.07846153846153	70.75494071146245	

covarW :
32.845588235294116	29.88461538461539	29.169960474308297	

coef_variationX :
0.7351693627984899	0.7513151646414143	0.6265369681280059	

coef_variationW :
0.2685222704185703	0.23036958454159262	0.22498285257018427	

moy_distances_centre :	32.54545454545455
min_distances_centre :	10.0
max_distances_centre :	48.0
med_distances_centre :	34.0
ecartType_distances_centre :	9.853136430632691
var_distances_centre :	97.08429752066112
covar_distances_centre :	97.97497914929106
coef_variation_distances_centre :	0.30275000205854635
capacite_X_temoin : 
33.0	27.0	0.0	34.0	29.0	30.0	30.0	28.0	33.0	33.0	29.0	
31.0	33.0	33.0	30.0	29.0	29.0	27.0	28.0	31.0	26.0	31.0	
30.0	28.0	32.0	28.0	30.0	34.0	31.0	32.0	26.0	34.0	32.0	

capacite_W_temoin : 
40.9	34.1	0.0	43.2	33.7	38.0	36.0	35.4	38.9	39.9	34.7	
37.3	42.9	39.9	37.0	35.7	35.7	35.1	34.4	36.3	29.8	36.3	
37.0	34.4	39.6	36.4	35.0	42.2	40.3	40.6	31.8	40.2	37.6	

demande_cumulee_X : 
2.0	1.0	0.0	1.0	4.0	1.0	3.0	1.0	4.0	3.0	3.0	
3.0	0.0	3.0	2.0	2.0	2.0	0.0	2.0	4.0	4.0	4.0	
2.0	2.0	2.0	0.0	4.0	2.0	0.0	1.0	2.0	4.0	4.0	

demande_cumulee_W : 
3.0	3.0	0.0	1.0	5.0	2.0	2.0	3.0	0.0	2.0	2.0	
7.0	3.0	4.0	2.0	3.0	1.0	1.0	2.0	1.0	2.0	0.0	
6.0	0.0	6.0	2.0	4.0	1.0	1.0	1.0	1.0	1.0	0.0	

capacite_residuelle_X : 
31.0	26.0	0.0	33.0	25.0	29.0	27.0	27.0	29.0	30.0	26.0	
28.0	33.0	30.0	28.0	27.0	27.0	27.0	26.0	27.0	22.0	27.0	
28.0	26.0	30.0	28.0	26.0	32.0	31.0	31.0	24.0	30.0	28.0	

capacite_residuelle_W : 
37.9	31.1	0.0	42.2	28.700000000000003	36.0	34.0	32.4	38.9	37.9	32.7	
30.299999999999997	39.9	35.9	35.0	32.7	34.7	34.1	32.4	35.3	27.8	36.3	
31.0	34.4	33.6	34.4	31.0	41.2	39.3	39.6	30.8	39.2	37.6	

min_capacite_X : 
0.0	26.0	26.0	

min_capacite_W : 
0.0	29.8	31.8	

max_capacite_X : 
34.0	33.0	34.0	

max_capacite_W : 
43.2	42.9	42.2	

moy_capacite_X : 
27.818181818181817	29.818181818181817	30.636363636363637	

moy_capacite_W : 
34.07272727272727	36.400000000000006	37.73636363636364	

med_capacite_X : 
30.0	30.0	31.0	

med_capacite_W : 
36.0	36.3	37.6	

ecartType_capacite_X : 
9.073619923293938	2.16661368869327	2.42234774444986	

ecartType_capacite_W : 
11.158208630183912	3.1030776511539164	3.0218214637330396	

var_capacite_X : 
82.3305785123967	4.694214876033057	5.867768595041323	

var_capacite_W : 
124.50561983471074	9.629090909090907	9.13140495867769	

covar_capacite_X : 
90.56363636363635	5.163636363636363	6.454545454545455	

covar_capacite_W : 
136.95618181818182	10.591999999999997	10.044545454545458	

##########	##########	##########	##########	##########	##########	##########	##########	##########	##########	##########	##########	##########	##########	##########	##########	##########	##########	##########	##########	##########	##########	##########	##########	##########	##########	##########	##########	##########	##########	##########	##########	##########	##########	##########	nombre de noeuds : 35
nombre de strates : 3
nombre de centres : 11
titre : intelligent
instances : alea35_11_1
temps de calcul : 0.02488088607788086
valeur objective : 188.0
nombre de solutions : 4
nombre de noeuds : 1.0
faisability : True
moy_distances :	32.13
min_distances :	10.0
max_distances :	54.0
var_distances :	89.69833768801638
covar_distances :	89.77377783745965
ecartType_distances :	9.47092063571522
coef_variation	: 0.2947433327187905
distances_centre_x :
-1.0	22.0	-1.0	-1.0	-1.0	-1.0	-1.0	-1.0	23.0	13.0	-1.0	18.0	-1.0	-1.0	13.0	14.0	23.0	-1.0	10.0	-1.0	-1.0	19.0	0.0	-1.0	-1.0	0.0	12.0	-1.0	-1.0	-1.0	-1.0	-1.0	13.0	0.0	-1.0	
22.0	22.0	-1.0	-1.0	0.0	20.0	30.0	20.0	23.0	-1.0	0.0	13.0	-1.0	0.0	-1.0	0.0	23.0	-1.0	10.0	17.0	30.0	13.0	-1.0	12.0	14.0	0.0	-1.0	0.0	-1.0	13.0	10.0	22.0	13.0	0.0	0.0	
-1.0	22.0	0.0	-1.0	-1.0	20.0	30.0	20.0	23.0	-1.0	-1.0	13.0	-1.0	0.0	13.0	-1.0	23.0	13.0	10.0	17.0	30.0	13.0	-1.0	12.0	-1.0	0.0	12.0	-1.0	11.0	13.0	-1.0	22.0	13.0	-1.0	0.0	

distances_centre_w :
-1.0	-1.0	-1.0	-1.0	-1.0	-1.0	-1.0	-1.0	-1.0	-1.0	-1.0	-1.0	-1.0	-1.0	-1.0	-1.0	-1.0	-1.0	-1.0	-1.0	-1.0	-1.0	-1.0	-1.0	-1.0	24.0	-1.0	-1.0	-1.0	-1.0	-1.0	27.0	-1.0	-1.0	-1.0	
29.0	30.0	-1.0	-1.0	29.0	27.0	33.0	30.0	32.0	-1.0	28.0	27.0	-1.0	20.0	-1.0	22.0	23.0	-1.0	25.0	30.0	31.0	27.0	-1.0	27.0	16.0	14.0	-1.0	22.0	-1.0	28.0	24.0	29.0	23.0	19.0	10.0	
-1.0	30.0	20.0	-1.0	-1.0	27.0	33.0	30.0	32.0	-1.0	-1.0	27.0	-1.0	20.0	29.0	-1.0	23.0	30.0	25.0	30.0	31.0	27.0	-1.0	27.0	-1.0	14.0	12.0	-1.0	18.0	28.0	-1.0	29.0	23.0	-1.0	10.0	

maxX :
23.0	30.0	30.0	

maxW :
27.0	33.0	33.0	

minX :
0.0	0.0	0.0	

minW :
24.0	10.0	10.0	

moyX :
12.857142857142858	12.576923076923077	14.347826086956522	

moyW :
25.5	25.192307692307693	25.0	

medX :
13.0	13.0	13.0	

medW :
25.5	27.0	27.0	

ecartTypeX :
7.836336086801415	9.810406864153835	8.605401214162578	

ecartTypeW :
1.5	5.616043164755981	6.351993867043365	

varX :
61.40816326530612	96.24408284023669	74.05293005671076	

varW :
2.25	31.53994082840237	40.34782608695652	

covarX :
66.13186813186813	100.09384615384619	77.4189723320158	

covarW :
4.5	32.80153846153846	42.18181818181818	

coef_variationX :
0.6094928067512212	0.780032350055045	0.5997703876537555	

coef_variationW :
0.058823529411764705	0.22292690424985573	0.2540797546817346	

moy_distances_centre :	31.527272727272727
min_distances_centre :	10.0
max_distances_centre :	46.0
med_distances_centre :	33.0
ecartType_distances_centre :	9.862425564562145
var_distances_centre :	97.26743801652893
covar_distances_centre :	98.15979983319436
coef_variation_distances_centre :	0.31282203347803805
capacite_X_temoin : 
33.0	27.0	0.0	34.0	29.0	0.0	30.0	28.0	33.0	33.0	29.0	
31.0	33.0	33.0	30.0	29.0	31.0	27.0	28.0	31.0	26.0	31.0	
30.0	28.0	32.0	28.0	30.0	33.0	31.0	32.0	26.0	34.0	32.0	

capacite_W_temoin : 
40.9	34.1	0.0	43.2	32.7	0.0	36.0	35.4	38.9	39.9	34.7	
38.3	41.9	39.9	37.0	34.7	38.3	35.1	34.4	36.3	29.8	37.3	
36.0	36.4	39.6	36.4	34.0	41.9	39.3	40.6	30.8	40.2	38.6	

demande_cumulee_X : 
2.0	1.0	0.0	1.0	5.0	0.0	3.0	1.0	4.0	3.0	3.0	
2.0	1.0	3.0	2.0	3.0	2.0	0.0	2.0	4.0	4.0	3.0	
3.0	0.0	2.0	0.0	5.0	1.0	1.0	1.0	3.0	4.0	3.0	

demande_cumulee_W : 
8.0	5.0	0.0	3.0	5.0	0.0	0.0	1.0	0.0	1.0	0.0	
10.0	3.0	8.0	0.0	2.0	1.0	0.0	0.0	0.0	2.0	0.0	
8.0	2.0	8.0	1.0	1.0	1.0	1.0	0.0	0.0	1.0	0.0	

capacite_residuelle_X : 
31.0	26.0	0.0	33.0	24.0	0.0	27.0	27.0	29.0	30.0	26.0	
29.0	32.0	30.0	28.0	26.0	29.0	27.0	26.0	27.0	22.0	28.0	
27.0	28.0	30.0	28.0	25.0	32.0	30.0	31.0	23.0	30.0	29.0	

capacite_residuelle_W : 
32.9	29.1	0.0	40.2	27.700000000000003	0.0	36.0	34.4	38.9	38.9	34.7	
28.299999999999997	38.9	31.9	37.0	32.7	37.3	35.1	34.4	36.3	27.8	37.3	
28.0	34.4	31.6	35.4	33.0	40.9	38.3	40.6	30.8	39.2	38.6	

min_capacite_X : 
0.0	26.0	26.0	

min_capacite_W : 
0.0	29.8	30.8	

max_capacite_X : 
34.0	33.0	34.0	

max_capacite_W : 
43.2	41.9	41.9	

moy_capacite_X : 
25.09090909090909	30.0	30.545454545454547	

moy_capacite_W : 
30.527272727272724	36.63636363636364	37.618181818181824	

med_capacite_X : 
29.0	31.0	31.0	

med_capacite_W : 
35.4	37.0	38.6	

ecartType_capacite_X : 
12.033699238196538	2.174229226018436	2.3105936412979697	

ecartType_capacite_W : 
14.704859488005434	3.051459480097627	3.115596595960448	

var_capacite_X : 
144.80991735537194	4.7272727272727275	5.338842975206611	

var_capacite_W : 
216.23289256198342	9.31140495867768	9.706942148760332	

covar_capacite_X : 
159.29090909090914	5.2	5.872727272727272	

covar_capacite_W : 
237.85618181818188	10.24254545454545	10.677636363636365	

##########	##########	##########	##########	##########	##########	##########	##########	##########	##########	##########	##########	##########	##########	##########	##########	##########	##########	##########	##########	##########	##########	##########	##########	##########	##########	##########	##########	##########	##########	##########	##########	##########	##########	##########	nombre de noeuds : 35
nombre de strates : 3
nombre de centres : 11
titre : intelligent
instances : alea35_11_1
temps de calcul : 0.024411916732788086
valeur objective : 188.0
nombre de solutions : 3
nombre de noeuds : 0.0
faisability : True
moy_distances :	32.13
min_distances :	10.0
max_distances :	54.0
var_distances :	89.69833768801638
covar_distances :	89.77377783745965
ecartType_distances :	9.47092063571522
coef_variation	: 0.2947433327187905
distances_centre_x :
-1.0	22.0	-1.0	-1.0	-1.0	-1.0	-1.0	-1.0	23.0	13.0	0.0	18.0	15.0	0.0	13.0	14.0	-1.0	-1.0	10.0	-1.0	30.0	19.0	0.0	-1.0	-1.0	0.0	12.0	-1.0	0.0	-1.0	-1.0	22.0	13.0	0.0	-1.0	
22.0	22.0	-1.0	-1.0	0.0	20.0	30.0	20.0	23.0	-1.0	0.0	18.0	-1.0	0.0	-1.0	14.0	23.0	-1.0	10.0	17.0	30.0	13.0	-1.0	12.0	14.0	0.0	-1.0	0.0	-1.0	13.0	10.0	22.0	13.0	0.0	0.0	
-1.0	-1.0	-1.0	-1.0	-1.0	20.0	-1.0	20.0	23.0	-1.0	-1.0	18.0	-1.0	-1.0	13.0	-1.0	-1.0	-1.0	10.0	-1.0	-1.0	-1.0	-1.0	-1.0	-1.0	-1.0	-1.0	-1.0	-1.0	-1.0	-1.0	-1.0	13.0	-1.0	0.0	

distances_centre_w :
-1.0	27.0	20.0	26.0	-1.0	-1.0	-1.0	-1.0	32.0	-1.0	21.0	29.0	-1.0	-1.0	-1.0	-1.0	23.0	-1.0	-1.0	-1.0	-1.0	-1.0	-1.0	-1.0	-1.0	24.0	25.0	-1.0	29.0	-1.0	-1.0	27.0	28.0	-1.0	-1.0	
29.0	30.0	-1.0	-1.0	29.0	27.0	33.0	30.0	32.0	-1.0	28.0	18.0	-1.0	20.0	-1.0	22.0	23.0	-1.0	25.0	30.0	31.0	27.0	-1.0	27.0	16.0	14.0	-1.0	22.0	-1.0	28.0	24.0	27.0	23.0	19.0	10.0	
-1.0	-1.0	-1.0	-1.0	-1.0	-1.0	33.0	-1.0	-1.0	-1.0	-1.0	-1.0	-1.0	-1.0	-1.0	-1.0	-1.0	-1.0	-1.0	-1.0	-1.0	-1.0	-1.0	-1.0	-1.0	-1.0	-1.0	-1.0	-1.0	-1.0	-1.0	-1.0	-1.0	-1.0	-1.0	

maxX :
30.0	30.0	23.0	

maxW :
32.0	33.0	33.0	

minX :
0.0	0.0	0.0	

minW :
20.0	10.0	33.0	

moyX :
11.789473684210526	13.307692307692308	14.625	

moyW :
25.916666666666668	24.76923076923077	33.0	

medX :
13.0	13.5	15.5	

medW :
26.5	27.0	33.0	

ecartTypeX :
9.214284947374525	9.530393610279898	6.89089072616886	

ecartTypeW :
3.3530665897884515	5.726508483210693	0.0	

varX :
84.90304709141274	90.82840236686391	47.484375	

varW :
11.243055555555555	32.79289940828403	0.0	

covarX :
89.61988304093566	94.46153846153848	54.26785714285714	

covarW :
12.265151515151514	34.10461538461538	nan	

coef_variationX :
0.7815688125005178	0.7161567452811484	0.4711720154645374	

coef_variationW :
0.12937877516868623	0.23119444186875468	0.0	

moy_distances_centre :	30.054545454545455
min_distances_centre :	10.0
max_distances_centre :	46.0
med_distances_centre :	31.0
ecartType_distances_centre :	9.953378927083792
var_distances_centre :	99.06975206611571
covar_distances_centre :	99.97864887406173
coef_variation_distances_centre :	0.33117715728348973
capacite_X_temoin : 
33.0	27.0	0.0	34.0	29.0	30.0	28.0	33.0	29.0	33.0	29.0	
31.0	33.0	33.0	30.0	29.0	27.0	28.0	31.0	34.0	26.0	31.0	
30.0	28.0	32.0	28.0	30.0	31.0	32.0	26.0	0.0	34.0	32.0	

capacite_W_temoin : 
40.9	33.1	0.0	43.2	33.7	37.0	35.4	38.9	36.7	39.9	34.7	
38.3	41.9	39.9	37.0	33.7	35.1	34.4	35.3	44.2	29.8	37.3	
37.0	35.4	39.6	36.4	34.0	39.3	40.6	30.8	0.0	40.2	37.6	

demande_cumulee_X : 
2.0	2.0	0.0	1.0	4.0	2.0	1.0	4.0	1.0	3.0	3.0	
2.0	1.0	3.0	2.0	4.0	0.0	2.0	5.0	0.0	4.0	3.0	
2.0	1.0	2.0	0.0	5.0	1.0	1.0	3.0	0.0	4.0	4.0	

demande_cumulee_W : 
7.0	4.0	0.0	2.0	4.0	1.0	1.0	0.0	3.0	1.0	0.0	
9.0	3.0	8.0	0.0	1.0	0.0	1.0	0.0	2.0	1.0	1.0	
8.0	2.0	8.0	0.0	3.0	0.0	1.0	0.0	0.0	1.0	0.0	

capacite_residuelle_X : 
31.0	25.0	0.0	33.0	25.0	28.0	27.0	29.0	28.0	30.0	26.0	
29.0	32.0	30.0	28.0	25.0	27.0	26.0	26.0	34.0	22.0	28.0	
28.0	27.0	30.0	28.0	25.0	30.0	31.0	23.0	0.0	30.0	28.0	

capacite_residuelle_W : 
33.9	29.1	0.0	41.2	29.700000000000003	36.0	34.4	38.9	33.7	38.9	34.7	
29.299999999999997	38.9	31.9	37.0	32.7	35.1	33.4	35.3	42.2	28.8	36.3	
29.0	33.4	31.6	36.4	31.0	39.3	39.6	30.8	0.0	39.2	37.6	

min_capacite_X : 
0.0	26.0	0.0	

min_capacite_W : 
0.0	29.8	0.0	

max_capacite_X : 
34.0	34.0	34.0	

max_capacite_W : 
43.2	44.2	40.6	

moy_capacite_X : 
27.727272727272727	30.272727272727273	27.545454545454547	

moy_capacite_W : 
33.954545454545446	36.99090909090909	33.71818181818182	

med_capacite_X : 
29.0	31.0	30.0	

med_capacite_W : 
36.7	37.0	37.0	

ecartType_capacite_X : 
9.056297749390742	2.4528613751330983	8.978394636455555	

ecartType_capacite_W : 
11.146492610712176	3.8379574457479197	11.022688847168263	

var_capacite_X : 
82.01652892561984	6.016528925619834	80.61157024793387	

var_capacite_W : 
124.24429752066116	14.729917355371898	121.49966942148761	

covar_capacite_X : 
90.21818181818183	6.618181818181817	88.67272727272727	

covar_capacite_W : 
136.6687272727273	16.20290909090909	133.64963636363638	

##########	##########	##########	##########	##########	##########	##########	##########	##########	##########	##########	##########	##########	##########	##########	##########	##########	##########	##########	##########	##########	##########	##########	##########	##########	##########	##########	##########	##########	##########	##########	##########	##########	##########	##########	nombre de noeuds : 35
nombre de strates : 3
nombre de centres : 11
titre : intelligent
instances : alea35_11_1
temps de calcul : 0.023458003997802734
valeur objective : 181.0
nombre de solutions : 4
nombre de noeuds : 1.0
faisability : True
moy_distances :	32.13
min_distances :	10.0
max_distances :	54.0
var_distances :	89.69833768801638
covar_distances :	89.77377783745965
ecartType_distances :	9.47092063571522
coef_variation	: 0.2947433327187905
distances_centre_x :
-1.0	22.0	-1.0	-1.0	-1.0	-1.0	-1.0	-1.0	23.0	13.0	0.0	18.0	15.0	0.0	13.0	14.0	17.0	-1.0	10.0	-1.0	21.0	19.0	13.0	-1.0	-1.0	0.0	12.0	-1.0	0.0	-1.0	0.0	22.0	13.0	0.0	-1.0	
22.0	22.0	-1.0	-1.0	0.0	20.0	30.0	20.0	23.0	-1.0	0.0	18.0	-1.0	0.0	-1.0	14.0	17.0	-1.0	10.0	17.0	21.0	13.0	-1.0	12.0	14.0	0.0	-1.0	0.0	-1.0	13.0	0.0	22.0	13.0	0.0	0.0	
-1.0	-1.0	-1.0	-1.0	-1.0	20.0	-1.0	20.0	23.0	-1.0	-1.0	-1.0	-1.0	-1.0	13.0	-1.0	-1.0	-1.0	10.0	-1.0	-1.0	-1.0	-1.0	-1.0	-1.0	-1.0	-1.0	-1.0	-1.0	-1.0	-1.0	-1.0	13.0	-1.0	0.0	

distances_centre_w :
-1.0	23.0	20.0	19.0	-1.0	-1.0	-1.0	-1.0	32.0	-1.0	21.0	18.0	17.0	-1.0	16.0	-1.0	-1.0	-1.0	20.0	-1.0	30.0	23.0	22.0	-1.0	-1.0	11.0	-1.0	-1.0	11.0	-1.0	-1.0	27.0	24.0	-1.0	-1.0	
29.0	30.0	-1.0	-1.0	29.0	27.0	33.0	30.0	32.0	-1.0	28.0	18.0	-1.0	20.0	-1.0	22.0	23.0	-1.0	25.0	30.0	30.0	27.0	-1.0	27.0	16.0	14.0	-1.0	22.0	-1.0	28.0	10.0	27.0	23.0	19.0	10.0	
-1.0	-1.0	-1.0	-1.0	-1.0	-1.0	33.0	-1.0	-1.0	-1.0	-1.0	18.0	-1.0	-1.0	-1.0	-1.0	-1.0	-1.0	-1.0	-1.0	-1.0	-1.0	-1.0	-1.0	-1.0	-1.0	-1.0	-1.0	-1.0	-1.0	-1.0	-1.0	-1.0	-1.0	-1.0	

maxX :
23.0	30.0	23.0	

maxW :
32.0	33.0	33.0	

minX :
0.0	0.0	0.0	

minW :
11.0	10.0	18.0	

moyX :
11.666666666666666	12.346153846153847	14.142857142857142	

moyW :
20.875	24.192307692307693	25.5	

medX :
13.0	13.5	13.0	

medW :
20.5	27.0	25.5	

ecartTypeX :
8.149398653440535	9.206779724714188	7.23934826246853	

ecartTypeW :
5.655473012931809	6.355005481866732	7.5	

varX :
66.41269841269842	84.76479289940826	52.40816326530613	

varW :
31.984375	40.38609467455621	56.25	

covarX :
69.73333333333333	88.15538461538463	61.142857142857146	

covarW :
34.11666666666667	42.001538461538466	112.5	

coef_variationX :
0.6985198845806173	0.7457204761450744	0.5118731094674719	

coef_variationW :
0.27092086289493694	0.2626870310469555	0.29411764705882354	

moy_distances_centre :	30.272727272727273
min_distances_centre :	10.0
max_distances_centre :	46.0
med_distances_centre :	32.0
ecartType_distances_centre :	9.95709805379522
var_distances_centre :	99.14380165289253
covar_distances_centre :	100.05337781484569
coef_variation_distances_centre :	0.3289131489241664
capacite_X_temoin : 
33.0	27.0	0.0	34.0	29.0	28.0	33.0	29.0	32.0	33.0	29.0	
31.0	33.0	33.0	30.0	29.0	28.0	31.0	34.0	30.0	26.0	31.0	
30.0	28.0	32.0	28.0	30.0	32.0	26.0	0.0	0.0	34.0	32.0	

capacite_W_temoin : 
41.9	34.1	0.0	43.2	33.7	35.4	38.9	35.7	37.6	39.9	35.7	
39.3	42.9	39.9	37.0	35.7	34.4	35.3	44.2	36.0	29.8	36.3	
37.0	34.4	39.6	36.4	33.0	40.6	30.8	0.0	0.0	40.2	38.6	

demande_cumulee_X : 
1.0	1.0	0.0	1.0	4.0	1.0	4.0	2.0	4.0	3.0	2.0	
1.0	0.0	3.0	2.0	2.0	2.0	5.0	0.0	3.0	4.0	4.0	
2.0	2.0	2.0	0.0	6.0	1.0	3.0	0.0	0.0	4.0	3.0	

demande_cumulee_W : 
4.0	3.0	0.0	0.0	6.0	3.0	0.0	1.0	1.0	2.0	3.0	
9.0	2.0	8.0	0.0	3.0	1.0	0.0	2.0	0.0	1.0	0.0	
9.0	1.0	8.0	1.0	1.0	1.0	0.0	0.0	0.0	1.0	1.0	

capacite_residuelle_X : 
32.0	26.0	0.0	33.0	25.0	27.0	29.0	27.0	28.0	30.0	27.0	
30.0	33.0	30.0	28.0	27.0	26.0	26.0	34.0	27.0	22.0	27.0	
28.0	26.0	30.0	28.0	24.0	31.0	23.0	0.0	0.0	30.0	29.0	

capacite_residuelle_W : 
37.9	31.1	0.0	43.2	27.700000000000003	32.4	38.9	34.7	36.6	37.9	32.7	
30.299999999999997	40.9	31.9	37.0	32.7	33.4	35.3	42.2	36.0	28.8	36.3	
28.0	33.4	31.6	35.4	32.0	39.6	30.8	0.0	0.0	39.2	37.6	

min_capacite_X : 
0.0	26.0	0.0	

min_capacite_W : 
0.0	29.8	0.0	

max_capacite_X : 
34.0	34.0	34.0	

max_capacite_W : 
43.2	44.2	40.6	

moy_capacite_X : 
27.90909090909091	30.545454545454547	24.727272727272727	

moy_capacite_W : 
34.19090909090909	37.345454545454544	30.05454545454546	

med_capacite_X : 
29.0	31.0	30.0	

med_capacite_W : 
35.7	36.3	36.4	

ecartType_capacite_X : 
9.119953602897784	2.2305171175245992	11.855883917746258	

ecartType_capacite_W : 
11.209853988624516	3.857781660338358	14.464524857002495	

var_capacite_X : 
83.17355371900827	4.975206611570247	140.56198347107437	

var_capacite_W : 
125.66082644628096	14.882479338842979	209.22247933884302	

covar_capacite_X : 
91.4909090909091	5.472727272727273	154.61818181818182	

covar_capacite_W : 
138.22690909090906	16.370727272727276	230.14472727272732	

##########	##########	##########	##########	##########	##########	##########	##########	##########	##########	##########	##########	##########	##########	##########	##########	##########	##########	##########	##########	##########	##########	##########	##########	##########	##########	##########	##########	##########	##########	##########	##########	##########	##########	##########	nombre de noeuds : 35
nombre de strates : 3
nombre de centres : 11
titre : intelligent
instances : alea35_11_1
temps de calcul : 0.02348804473876953
valeur objective : 177.0
nombre de solutions : 4
nombre de noeuds : 1.0
faisability : True
moy_distances :	32.13
min_distances :	10.0
max_distances :	54.0
var_distances :	89.69833768801638
covar_distances :	89.77377783745965
ecartType_distances :	9.47092063571522
coef_variation	: 0.2947433327187905
distances_centre_x :
-1.0	22.0	-1.0	-1.0	-1.0	-1.0	-1.0	-1.0	20.0	13.0	0.0	18.0	15.0	0.0	13.0	14.0	18.0	-1.0	10.0	-1.0	27.0	19.0	13.0	-1.0	-1.0	0.0	-1.0	-1.0	0.0	-1.0	-1.0	22.0	13.0	0.0	-1.0	
22.0	22.0	-1.0	-1.0	0.0	20.0	0.0	20.0	20.0	-1.0	0.0	18.0	-1.0	0.0	-1.0	14.0	18.0	-1.0	10.0	13.0	27.0	13.0	-1.0	12.0	14.0	0.0	-1.0	0.0	-1.0	13.0	10.0	22.0	13.0	0.0	0.0	
-1.0	-1.0	-1.0	-1.0	-1.0	20.0	-1.0	20.0	23.0	-1.0	-1.0	-1.0	-1.0	-1.0	13.0	-1.0	-1.0	-1.0	10.0	-1.0	-1.0	-1.0	-1.0	-1.0	-1.0	-1.0	-1.0	-1.0	-1.0	-1.0	-1.0	-1.0	13.0	-1.0	0.0	

distances_centre_w :
-1.0	27.0	20.0	26.0	-1.0	-1.0	-1.0	-1.0	23.0	-1.0	21.0	18.0	-1.0	-1.0	16.0	-1.0	-1.0	-1.0	-1.0	-1.0	30.0	-1.0	-1.0	-1.0	-1.0	24.0	-1.0	-1.0	11.0	-1.0	-1.0	27.0	24.0	-1.0	-1.0	
29.0	27.0	-1.0	-1.0	14.0	27.0	30.0	30.0	23.0	-1.0	21.0	18.0	-1.0	20.0	-1.0	22.0	23.0	-1.0	25.0	17.0	30.0	27.0	-1.0	27.0	16.0	14.0	-1.0	22.0	-1.0	22.0	24.0	27.0	23.0	19.0	10.0	
-1.0	-1.0	-1.0	-1.0	-1.0	-1.0	33.0	-1.0	-1.0	-1.0	-1.0	18.0	-1.0	-1.0	-1.0	-1.0	-1.0	-1.0	-1.0	-1.0	-1.0	-1.0	-1.0	-1.0	-1.0	-1.0	-1.0	-1.0	-1.0	-1.0	-1.0	-1.0	-1.0	-1.0	-1.0	

maxX :
27.0	27.0	23.0	

maxW :
30.0	30.0	33.0	

minX :
0.0	0.0	0.0	

minW :
11.0	10.0	18.0	

moyX :
12.473684210526315	11.576923076923077	14.142857142857142	

moyW :
22.25	22.576923076923077	25.5	

medX :
13.0	13.0	13.0	

medW :
23.5	23.0	25.5	

ecartTypeX :
8.419078716023078	8.674334720325051	7.23934826246853	

ecartTypeW :
5.133630943753813	5.321748389125491	7.5	

varX :
70.8808864265928	75.24408284023669	52.40816326530613	

varW :
26.354166666666668	28.321005917159763	56.25	

covarX :
74.81871345029239	78.25384615384615	61.142857142857146	

covarW :
28.75	29.453846153846154	112.5	

coef_variationX :
0.6749472388372932	0.7492780821543233	0.5118731094674719	

coef_variationW :
0.23072498623612642	0.23571628299363334	0.29411764705882354	

moy_distances_centre :	31.836363636363636
min_distances_centre :	10.0
max_distances_centre :	51.0
med_distances_centre :	32.0
ecartType_distances_centre :	10.296978614867633
var_distances_centre :	106.02776859504135
covar_distances_centre :	107.00050041701418
coef_variation_distances_centre :	0.3234345081768817
capacite_X_temoin : 
33.0	27.0	0.0	33.0	34.0	29.0	28.0	33.0	29.0	33.0	29.0	
31.0	33.0	33.0	28.0	30.0	29.0	28.0	31.0	34.0	26.0	31.0	
30.0	28.0	32.0	0.0	28.0	30.0	32.0	26.0	0.0	34.0	32.0	

capacite_W_temoin : 
40.9	33.1	0.0	39.9	43.2	34.7	35.4	38.9	35.7	39.9	35.7	
38.3	42.9	39.9	31.4	37.0	35.7	34.4	37.3	44.2	29.8	37.3	
37.0	34.4	39.6	0.0	36.4	33.0	40.6	30.8	0.0	40.2	38.6	

demande_cumulee_X : 
2.0	2.0	0.0	3.0	1.0	3.0	1.0	4.0	2.0	3.0	2.0	
2.0	0.0	3.0	5.0	2.0	2.0	2.0	3.0	0.0	4.0	3.0	
2.0	2.0	2.0	0.0	0.0	6.0	1.0	3.0	0.0	4.0	3.0	

demande_cumulee_W : 
7.0	4.0	0.0	0.0	1.0	6.0	3.0	0.0	0.0	1.0	1.0	
8.0	2.0	3.0	0.0	1.0	4.0	2.0	2.0	1.0	2.0	1.0	
9.0	1.0	8.0	0.0	0.0	2.0	1.0	0.0	0.0	1.0	1.0	

capacite_residuelle_X : 
31.0	25.0	0.0	30.0	33.0	26.0	27.0	29.0	27.0	30.0	27.0	
29.0	33.0	30.0	23.0	28.0	27.0	26.0	28.0	34.0	22.0	28.0	
28.0	26.0	30.0	0.0	28.0	24.0	31.0	23.0	0.0	30.0	29.0	

capacite_residuelle_W : 
33.9	29.1	0.0	39.9	42.2	28.700000000000003	32.4	38.9	35.7	38.9	34.7	
30.299999999999997	40.9	36.9	31.4	36.0	31.700000000000003	32.4	35.3	43.2	27.8	36.3	
28.0	33.4	31.6	0.0	36.4	31.0	39.6	30.8	0.0	39.2	37.6	

min_capacite_X : 
0.0	26.0	0.0	

min_capacite_W : 
0.0	29.8	0.0	

max_capacite_X : 
34.0	34.0	34.0	

max_capacite_W : 
43.2	44.2	40.6	

moy_capacite_X : 
28.0	30.363636363636363	24.727272727272727	

moy_capacite_W : 
34.309090909090905	37.10909090909091	30.05454545454546	

med_capacite_X : 
29.0	31.0	30.0	

med_capacite_W : 
35.7	37.3	36.4	

ecartType_capacite_X : 
9.16515138991168	2.3460887091934435	11.855883917746258	

ecartType_capacite_W : 
11.24062878744735	4.139050076670985	14.464524857002495	

var_capacite_X : 
84.0	5.5041322314049586	140.56198347107437	

var_capacite_W : 
126.35173553719007	17.131735537190085	209.22247933884302	

covar_capacite_X : 
92.4	6.054545454545455	154.61818181818182	

covar_capacite_W : 
138.98690909090908	18.844909090909095	230.14472727272732	

##########	##########	##########	##########	##########	##########	##########	##########	##########	##########	##########	##########	##########	##########	##########	##########	##########	##########	##########	##########	##########	##########	##########	##########	##########	##########	##########	##########	##########	##########	##########	##########	##########	##########	##########	nombre de noeuds : 35
nombre de strates : 3
nombre de centres : 11
titre : intelligent
instances : alea35_11_1
temps de calcul : 0.021696090698242188
valeur objective : 186.0
nombre de solutions : 2
nombre de noeuds : 0.0
faisability : True
moy_distances :	32.13
min_distances :	10.0
max_distances :	54.0
var_distances :	89.69833768801638
covar_distances :	89.77377783745965
ecartType_distances :	9.47092063571522
coef_variation	: 0.2947433327187905
distances_centre_x :
-1.0	22.0	-1.0	-1.0	-1.0	-1.0	-1.0	-1.0	23.0	13.0	0.0	0.0	15.0	0.0	13.0	13.0	17.0	-1.0	10.0	-1.0	30.0	19.0	13.0	-1.0	-1.0	0.0	-1.0	-1.0	0.0	-1.0	-1.0	22.0	13.0	0.0	-1.0	
22.0	22.0	-1.0	-1.0	0.0	20.0	30.0	20.0	23.0	-1.0	0.0	0.0	-1.0	0.0	-1.0	13.0	17.0	-1.0	10.0	17.0	30.0	13.0	-1.0	12.0	14.0	0.0	-1.0	0.0	-1.0	13.0	10.0	22.0	13.0	0.0	0.0	
-1.0	-1.0	-1.0	-1.0	-1.0	20.0	-1.0	20.0	23.0	-1.0	-1.0	-1.0	-1.0	-1.0	13.0	-1.0	-1.0	-1.0	10.0	-1.0	-1.0	-1.0	-1.0	-1.0	-1.0	-1.0	-1.0	-1.0	-1.0	-1.0	-1.0	-1.0	13.0	-1.0	0.0	

distances_centre_w :
-1.0	27.0	27.0	26.0	-1.0	-1.0	-1.0	-1.0	29.0	-1.0	21.0	-1.0	-1.0	-1.0	-1.0	-1.0	-1.0	-1.0	-1.0	-1.0	-1.0	-1.0	-1.0	-1.0	-1.0	29.0	-1.0	-1.0	29.0	-1.0	-1.0	27.0	17.0	-1.0	-1.0	
29.0	30.0	-1.0	-1.0	29.0	27.0	32.0	30.0	29.0	-1.0	28.0	27.0	-1.0	20.0	-1.0	22.0	23.0	-1.0	25.0	30.0	31.0	27.0	-1.0	27.0	16.0	14.0	-1.0	22.0	-1.0	28.0	24.0	27.0	23.0	19.0	10.0	
-1.0	-1.0	-1.0	-1.0	-1.0	-1.0	33.0	-1.0	-1.0	-1.0	-1.0	-1.0	-1.0	-1.0	-1.0	-1.0	-1.0	-1.0	-1.0	-1.0	-1.0	-1.0	-1.0	-1.0	-1.0	-1.0	-1.0	-1.0	-1.0	-1.0	-1.0	-1.0	-1.0	-1.0	-1.0	

maxX :
30.0	30.0	23.0	

maxW :
29.0	32.0	33.0	

minX :
0.0	0.0	0.0	

minW :
17.0	10.0	33.0	

moyX :
11.736842105263158	12.346153846153847	14.142857142857142	

moyW :
25.77777777777778	24.96153846153846	33.0	

medX :
13.0	13.0	13.0	

medW :
27.0	27.0	33.0	

ecartTypeX :
9.175723721711249	9.631448120579183	7.23934826246853	

ecartTypeW :
3.8809442659051068	5.409967789117597	0.0	

varX :
84.19390581717452	92.76479289940828	52.40816326530613	

varW :
15.061728395061728	29.26775147928994	0.0	

covarX :
88.87134502923976	96.47538461538461	61.142857142857146	

covarW :
16.944444444444443	30.43846153846154	nan	

coef_variationX :
0.7817881197870571	0.7801172932556347	0.5118731094674719	

coef_variationW :
0.15055387238424983	0.21673214563491144	0.0	

moy_distances_centre :	29.727272727272727
min_distances_centre :	10.0
max_distances_centre :	46.0
med_distances_centre :	29.0
ecartType_distances_centre :	9.605783381909323
var_distances_centre :	92.27107438016529
covar_distances_centre :	93.11759799833195
coef_variation_distances_centre :	0.32313032783181206
capacite_X_temoin : 
33.0	27.0	0.0	34.0	29.0	29.0	28.0	33.0	29.0	33.0	29.0	
31.0	33.0	33.0	30.0	28.0	29.0	28.0	31.0	34.0	26.0	31.0	
30.0	28.0	32.0	28.0	0.0	30.0	32.0	26.0	0.0	34.0	32.0	

capacite_W_temoin : 
40.9	33.1	0.0	43.2	34.7	33.7	35.4	39.9	35.7	39.9	35.7	
38.3	42.9	39.9	37.0	33.4	34.7	34.4	36.3	44.2	29.8	37.3	
36.0	35.4	39.6	36.4	0.0	33.0	40.6	30.8	0.0	40.2	38.6	

demande_cumulee_X : 
2.0	2.0	0.0	1.0	3.0	4.0	1.0	3.0	2.0	3.0	2.0	
2.0	0.0	3.0	2.0	3.0	3.0	2.0	4.0	0.0	4.0	3.0	
3.0	1.0	2.0	0.0	0.0	6.0	1.0	3.0	0.0	4.0	3.0	

demande_cumulee_W : 
10.0	4.0	0.0	2.0	4.0	2.0	1.0	0.0	0.0	0.0	0.0	
10.0	3.0	8.0	0.0	2.0	1.0	1.0	0.0	1.0	0.0	0.0	
8.0	1.0	8.0	2.0	0.0	2.0	1.0	0.0	0.0	1.0	0.0	

capacite_residuelle_X : 
31.0	25.0	0.0	33.0	26.0	25.0	27.0	30.0	27.0	30.0	27.0	
29.0	33.0	30.0	28.0	25.0	26.0	26.0	27.0	34.0	22.0	28.0	
27.0	27.0	30.0	28.0	0.0	24.0	31.0	23.0	0.0	30.0	29.0	

capacite_residuelle_W : 
30.9	29.1	0.0	41.2	30.700000000000003	31.700000000000003	34.4	39.9	35.7	39.9	35.7	
28.299999999999997	39.9	31.9	37.0	31.4	33.7	33.4	36.3	43.2	29.8	37.3	
28.0	34.4	31.6	34.4	0.0	31.0	39.6	30.8	0.0	39.2	38.6	

min_capacite_X : 
0.0	26.0	0.0	

min_capacite_W : 
0.0	29.8	0.0	

max_capacite_X : 
34.0	34.0	34.0	

max_capacite_W : 
43.2	44.2	40.6	

moy_capacite_X : 
27.636363636363637	30.363636363636363	24.727272727272727	

moy_capacite_W : 
33.83636363636363	37.10909090909091	30.05454545454546	

med_capacite_X : 
29.0	31.0	30.0	

med_capacite_W : 
35.7	37.0	36.0	

ecartType_capacite_X : 
9.038028015735687	2.3460887091934435	11.855883917746258	

ecartType_capacite_W : 
11.146566754531332	3.9777688002320057	14.454465408583394	

var_capacite_X : 
81.68595041322315	5.5041322314049586	140.56198347107437	

var_capacite_W : 
124.24595041322314	15.822644628099171	208.9315702479339	

covar_capacite_X : 
89.85454545454549	6.054545454545455	154.61818181818182	

covar_capacite_W : 
136.67054545454545	17.40490909090909	229.8247272727273	

##########	##########	##########	##########	##########	##########	##########	##########	##########	##########	##########	##########	##########	##########	##########	##########	##########	##########	##########	##########	##########	##########	##########	##########	##########	##########	##########	##########	##########	##########	##########	##########	##########	##########	##########	nombre de noeuds : 35
nombre de strates : 3
nombre de centres : 11
titre : intelligent
instances : alea35_11_1
temps de calcul : 0.023499011993408203
valeur objective : 179.0
nombre de solutions : 4
nombre de noeuds : 1.0
faisability : True
moy_distances :	32.13
min_distances :	10.0
max_distances :	54.0
var_distances :	89.69833768801638
covar_distances :	89.77377783745965
ecartType_distances :	9.47092063571522
coef_variation	: 0.2947433327187905
distances_centre_x :
-1.0	22.0	-1.0	-1.0	-1.0	-1.0	-1.0	-1.0	23.0	13.0	0.0	0.0	15.0	0.0	13.0	13.0	17.0	-1.0	10.0	-1.0	23.0	19.0	13.0	-1.0	-1.0	11.0	-1.0	-1.0	0.0	-1.0	-1.0	22.0	13.0	0.0	-1.0	
29.0	22.0	-1.0	-1.0	-1.0	20.0	30.0	20.0	23.0	-1.0	0.0	0.0	-1.0	0.0	-1.0	13.0	17.0	-1.0	10.0	17.0	30.0	-1.0	-1.0	-1.0	14.0	11.0	-1.0	0.0	-1.0	-1.0	-1.0	22.0	13.0	0.0	0.0	
-1.0	-1.0	-1.0	-1.0	-1.0	20.0	-1.0	-1.0	23.0	-1.0	-1.0	18.0	-1.0	-1.0	13.0	-1.0	-1.0	-1.0	-1.0	-1.0	-1.0	-1.0	-1.0	-1.0	-1.0	11.0	-1.0	-1.0	-1.0	-1.0	-1.0	-1.0	13.0	-1.0	0.0	

distances_centre_w :
-1.0	23.0	20.0	19.0	-1.0	-1.0	-1.0	-1.0	29.0	-1.0	21.0	18.0	26.0	-1.0	23.0	-1.0	-1.0	-1.0	10.0	-1.0	30.0	21.0	23.0	-1.0	-1.0	24.0	-1.0	-1.0	11.0	-1.0	-1.0	27.0	17.0	-1.0	-1.0	
29.0	-1.0	-1.0	-1.0	-1.0	-1.0	32.0	-1.0	29.0	-1.0	-1.0	-1.0	-1.0	-1.0	-1.0	-1.0	-1.0	-1.0	-1.0	-1.0	-1.0	-1.0	-1.0	-1.0	16.0	-1.0	-1.0	-1.0	-1.0	-1.0	-1.0	33.0	-1.0	-1.0	-1.0	
-1.0	-1.0	-1.0	-1.0	-1.0	-1.0	33.0	-1.0	-1.0	-1.0	-1.0	-1.0	-1.0	-1.0	-1.0	-1.0	-1.0	-1.0	-1.0	-1.0	-1.0	-1.0	-1.0	-1.0	-1.0	-1.0	-1.0	-1.0	-1.0	-1.0	-1.0	-1.0	-1.0	-1.0	-1.0	

maxX :
23.0	30.0	23.0	

maxW :
30.0	33.0	33.0	

minX :
0.0	0.0	0.0	

minW :
10.0	16.0	33.0	

moyX :
11.947368421052632	13.857142857142858	14.0	

moyW :
21.375	27.8	33.0	

medX :
13.0	14.0	13.0	

medW :
22.0	29.0	33.0	

ecartTypeX :
8.127106588192682	10.324661711445192	6.969320524371696	

ecartTypeW :
5.452923527796809	6.11228271597445	0.0	

varX :
66.04986149584488	106.59863945578233	48.57142857142857	

varW :
29.734375	37.36	0.0	

covarX :
69.71929824561404	111.92857142857144	56.666666666666664	

covarW :
31.716666666666665	46.699999999999996	nan	

coef_variationX :
0.680242401654894	0.7450786802073849	0.49780860888369255	

coef_variationW :
0.2551075334641782	0.21986628474728237	0.0	

moy_distances_centre :	30.254545454545454
min_distances_centre :	10.0
max_distances_centre :	47.0
med_distances_centre :	30.0
ecartType_distances_centre :	8.873286122489809
var_distances_centre :	78.73520661157023
covar_distances_centre :	79.45754795663053
coef_variation_distances_centre :	0.2932877023659492
capacite_X_temoin : 
33.0	27.0	0.0	29.0	34.0	29.0	29.0	33.0	29.0	33.0	29.0	
31.0	33.0	33.0	0.0	30.0	28.0	29.0	31.0	34.0	26.0	31.0	
30.0	28.0	32.0	27.0	28.0	0.0	30.0	26.0	0.0	34.0	32.0	

capacite_W_temoin : 
40.9	33.1	0.0	36.7	43.2	34.7	34.7	39.9	35.7	39.9	34.7	
38.3	42.9	39.9	0.0	37.0	33.4	34.7	36.3	44.2	28.8	36.3	
36.0	35.4	39.6	32.1	36.4	0.0	35.0	30.8	0.0	42.2	36.6	

demande_cumulee_X : 
2.0	2.0	0.0	1.0	1.0	3.0	3.0	3.0	2.0	3.0	3.0	
2.0	0.0	3.0	0.0	2.0	3.0	3.0	4.0	0.0	5.0	4.0	
3.0	1.0	2.0	3.0	0.0	0.0	4.0	3.0	0.0	2.0	5.0	

demande_cumulee_W : 
4.0	3.0	0.0	4.0	0.0	3.0	5.0	0.0	1.0	2.0	1.0	
10.0	3.0	8.0	0.0	0.0	2.0	1.0	0.0	2.0	0.0	0.0	
5.0	2.0	9.0	2.0	0.0	0.0	4.0	0.0	0.0	1.0	0.0	

capacite_residuelle_X : 
31.0	25.0	0.0	28.0	33.0	26.0	26.0	30.0	27.0	30.0	26.0	
29.0	33.0	30.0	0.0	28.0	25.0	26.0	27.0	34.0	21.0	27.0	
27.0	27.0	30.0	24.0	28.0	0.0	26.0	23.0	0.0	32.0	27.0	

capacite_residuelle_W : 
36.9	30.1	0.0	32.7	43.2	31.700000000000003	29.700000000000003	39.9	34.7	37.9	33.7	
28.299999999999997	39.9	31.9	0.0	37.0	31.4	33.7	36.3	42.2	28.8	36.3	
31.0	33.4	30.6	30.1	36.4	0.0	31.0	30.8	0.0	41.2	36.6	

min_capacite_X : 
0.0	0.0	0.0	

min_capacite_W : 
0.0	0.0	0.0	

max_capacite_X : 
34.0	34.0	34.0	

max_capacite_W : 
43.2	44.2	42.2	

moy_capacite_X : 
27.727272727272727	27.818181818181817	24.272727272727273	

moy_capacite_W : 
33.954545454545446	33.800000000000004	29.463636363636365	

med_capacite_X : 
29.0	31.0	28.0	

med_capacite_W : 
35.7	36.3	35.4	

ecartType_capacite_X : 
9.046253961933727	9.073619923293938	11.662612439999018	

ecartType_capacite_W : 
11.16124493189501	11.439882389732382	14.198480887198189	

var_capacite_X : 
81.83471074380166	82.33057851239668	136.01652892561984	

var_capacite_W : 
124.57338842975206	130.8709090909091	201.59685950413225	

covar_capacite_X : 
90.01818181818183	90.56363636363636	149.61818181818182	

covar_capacite_W : 
137.0307272727273	143.958	221.75654545454552	

##########	##########	##########	##########	##########	##########	##########	##########	##########	##########	##########	##########	##########	##########	##########	##########	##########	##########	##########	##########	##########	##########	##########	##########	##########	##########	##########	##########	##########	##########	##########	##########	##########	##########	##########	nombre de noeuds : 35
nombre de strates : 3
nombre de centres : 11
titre : intelligent
instances : alea35_11_1
temps de calcul : 0.022623777389526367
valeur objective : 190.0
nombre de solutions : 3
nombre de noeuds : 0.0
faisability : True
moy_distances :	32.13
min_distances :	10.0
max_distances :	54.0
var_distances :	89.69833768801638
covar_distances :	89.77377783745965
ecartType_distances :	9.47092063571522
coef_variation	: 0.2947433327187905
distances_centre_x :
-1.0	22.0	-1.0	-1.0	-1.0	-1.0	-1.0	-1.0	19.0	13.0	0.0	0.0	15.0	0.0	13.0	13.0	17.0	-1.0	10.0	-1.0	30.0	19.0	13.0	-1.0	-1.0	11.0	-1.0	-1.0	0.0	-1.0	-1.0	22.0	13.0	0.0	-1.0	
29.0	22.0	-1.0	-1.0	0.0	20.0	30.0	20.0	19.0	-1.0	0.0	0.0	-1.0	0.0	-1.0	13.0	17.0	-1.0	10.0	17.0	30.0	13.0	-1.0	12.0	14.0	11.0	-1.0	0.0	-1.0	13.0	10.0	22.0	13.0	0.0	0.0	
-1.0	-1.0	-1.0	-1.0	-1.0	20.0	-1.0	20.0	23.0	-1.0	-1.0	18.0	-1.0	-1.0	13.0	-1.0	-1.0	-1.0	10.0	-1.0	-1.0	-1.0	-1.0	-1.0	-1.0	11.0	-1.0	-1.0	-1.0	-1.0	-1.0	-1.0	13.0	-1.0	0.0	

distances_centre_w :
-1.0	27.0	27.0	26.0	-1.0	-1.0	-1.0	-1.0	29.0	-1.0	21.0	-1.0	-1.0	-1.0	-1.0	-1.0	-1.0	-1.0	-1.0	-1.0	-1.0	-1.0	-1.0	-1.0	-1.0	29.0	-1.0	-1.0	29.0	-1.0	-1.0	26.0	17.0	-1.0	-1.0	
29.0	30.0	-1.0	-1.0	29.0	27.0	32.0	30.0	29.0	-1.0	28.0	27.0	-1.0	20.0	-1.0	22.0	23.0	-1.0	25.0	30.0	31.0	27.0	-1.0	27.0	16.0	14.0	-1.0	22.0	-1.0	28.0	24.0	26.0	23.0	19.0	10.0	
-1.0	-1.0	-1.0	-1.0	-1.0	-1.0	33.0	-1.0	-1.0	-1.0	-1.0	36.0	-1.0	-1.0	-1.0	-1.0	-1.0	-1.0	-1.0	-1.0	-1.0	-1.0	-1.0	-1.0	-1.0	-1.0	-1.0	-1.0	-1.0	-1.0	-1.0	-1.0	-1.0	-1.0	-1.0	

maxX :
30.0	30.0	23.0	

maxW :
29.0	32.0	36.0	

minX :
0.0	0.0	0.0	

minW :
17.0	10.0	33.0	

moyX :
12.105263157894736	12.884615384615385	14.222222222222221	

moyW :
25.666666666666668	24.923076923076923	34.5	

medX :
13.0	13.0	13.0	

medW :
27.0	27.0	34.5	

ecartTypeX :
8.540274473847001	9.544740489186552	6.59592092429148	

ecartTypeW :
3.858612300930075	5.398882198574334	1.5	

varX :
72.93628808864266	91.10207100591714	43.50617283950617	

varW :
14.88888888888889	29.14792899408284	2.25	

covarX :
76.98830409356724	94.74615384615383	48.94444444444444	

covarW :
16.75	30.313846153846157	4.5	

coef_variationX :
0.7055009347960566	0.7407858290114936	0.46377568998924473	

coef_variationW :
0.15033554419208084	0.21662181660946403	0.043478260869565216	

moy_distances_centre :	28.036363636363635
min_distances_centre :	10.0
max_distances_centre :	45.0
med_distances_centre :	28.0
ecartType_distances_centre :	8.625466809741397
var_distances_centre :	74.39867768595042
covar_distances_centre :	75.08123436196831
coef_variation_distances_centre :	0.3076528369233313
capacite_X_temoin : 
33.0	27.0	0.0	34.0	29.0	29.0	26.0	33.0	29.0	33.0	29.0	
31.0	33.0	33.0	30.0	28.0	29.0	27.0	31.0	34.0	26.0	31.0	
30.0	28.0	32.0	28.0	0.0	30.0	0.0	26.0	0.0	34.0	32.0	

capacite_W_temoin : 
40.9	33.1	0.0	43.2	34.7	33.7	32.8	39.9	35.7	39.9	35.7	
38.3	42.9	39.9	37.0	33.4	34.7	34.1	36.3	44.2	28.8	37.3	
36.0	35.4	39.6	36.4	0.0	34.0	0.0	30.8	0.0	40.2	36.6	

demande_cumulee_X : 
2.0	2.0	0.0	1.0	3.0	4.0	1.0	3.0	2.0	3.0	2.0	
2.0	0.0	3.0	2.0	3.0	3.0	1.0	4.0	0.0	5.0	3.0	
3.0	1.0	2.0	0.0	0.0	5.0	0.0	3.0	0.0	4.0	5.0	

demande_cumulee_W : 
10.0	4.0	0.0	2.0	4.0	2.0	1.0	0.0	0.0	0.0	0.0	
10.0	3.0	8.0	0.0	2.0	1.0	1.0	0.0	1.0	0.0	0.0	
9.0	2.0	8.0	1.0	0.0	1.0	0.0	0.0	0.0	2.0	0.0	

capacite_residuelle_X : 
31.0	25.0	0.0	33.0	26.0	25.0	25.0	30.0	27.0	30.0	27.0	
29.0	33.0	30.0	28.0	25.0	26.0	26.0	27.0	34.0	21.0	28.0	
27.0	27.0	30.0	28.0	0.0	25.0	0.0	23.0	0.0	30.0	27.0	

capacite_residuelle_W : 
30.9	29.1	0.0	41.2	30.700000000000003	31.700000000000003	31.799999999999997	39.9	35.7	39.9	35.7	
28.299999999999997	39.9	31.9	37.0	31.4	33.7	33.1	36.3	43.2	28.8	37.3	
27.0	33.4	31.6	35.4	0.0	33.0	0.0	30.8	0.0	38.2	36.6	

min_capacite_X : 
0.0	26.0	0.0	

min_capacite_W : 
0.0	28.8	0.0	

max_capacite_X : 
34.0	34.0	34.0	

max_capacite_W : 
43.2	44.2	40.2	

moy_capacite_X : 
27.454545454545453	30.272727272727273	21.818181818181817	

moy_capacite_W : 
33.599999999999994	36.99090909090909	26.272727272727273	

med_capacite_X : 
29.0	31.0	28.0	

med_capacite_W : 
35.7	37.0	35.4	

ecartType_capacite_X : 
9.048994282275858	2.4528613751330983	13.523166532208766	

ecartType_capacite_W : 
11.138467333769693	4.1694679288750205	16.26402001681743	

var_capacite_X : 
81.88429752066116	6.016528925619834	182.87603305785126	

var_capacite_W : 
124.06545454545453	17.384462809917355	264.51834710743805	

covar_capacite_X : 
90.07272727272729	6.618181818181817	201.16363636363639	

covar_capacite_W : 
136.472	19.12290909090909	290.9701818181818	

##########	##########	##########	##########	##########	##########	##########	##########	##########	##########	##########	##########	##########	##########	##########	##########	##########	##########	##########	##########	##########	##########	##########	##########	##########	##########	##########	##########	##########	##########	##########	##########	##########	##########	##########	nombre de noeuds : 35
nombre de strates : 3
nombre de centres : 11
titre : intelligent
instances : alea35_11_1
temps de calcul : 0.024197101593017578
valeur objective : 190.0
nombre de solutions : 3
nombre de noeuds : 0.0
faisability : True
moy_distances :	32.13
min_distances :	10.0
max_distances :	54.0
var_distances :	89.69833768801638
covar_distances :	89.77377783745965
ecartType_distances :	9.47092063571522
coef_variation	: 0.2947433327187905
distances_centre_x :
-1.0	22.0	-1.0	-1.0	-1.0	-1.0	-1.0	-1.0	22.0	13.0	0.0	0.0	15.0	0.0	13.0	13.0	17.0	-1.0	10.0	-1.0	30.0	19.0	13.0	-1.0	-1.0	11.0	-1.0	-1.0	0.0	-1.0	-1.0	22.0	13.0	0.0	-1.0	
29.0	22.0	-1.0	-1.0	0.0	20.0	30.0	20.0	22.0	-1.0	0.0	0.0	-1.0	0.0	-1.0	13.0	17.0	-1.0	10.0	17.0	30.0	13.0	-1.0	12.0	14.0	11.0	-1.0	0.0	-1.0	0.0	10.0	22.0	13.0	0.0	0.0	
-1.0	-1.0	-1.0	-1.0	-1.0	20.0	-1.0	20.0	23.0	-1.0	-1.0	-1.0	-1.0	-1.0	13.0	-1.0	-1.0	-1.0	10.0	-1.0	-1.0	-1.0	-1.0	-1.0	-1.0	11.0	-1.0	-1.0	-1.0	-1.0	-1.0	-1.0	13.0	-1.0	0.0	

distances_centre_w :
-1.0	27.0	27.0	26.0	-1.0	-1.0	-1.0	-1.0	29.0	-1.0	21.0	-1.0	-1.0	-1.0	-1.0	-1.0	-1.0	-1.0	-1.0	-1.0	-1.0	-1.0	-1.0	-1.0	-1.0	29.0	-1.0	-1.0	29.0	-1.0	-1.0	24.0	17.0	-1.0	-1.0	
29.0	30.0	-1.0	-1.0	29.0	27.0	32.0	30.0	29.0	-1.0	28.0	27.0	-1.0	20.0	-1.0	22.0	23.0	-1.0	25.0	30.0	31.0	27.0	-1.0	27.0	16.0	14.0	-1.0	22.0	-1.0	13.0	24.0	24.0	23.0	19.0	10.0	
-1.0	-1.0	-1.0	-1.0	-1.0	-1.0	33.0	-1.0	-1.0	-1.0	-1.0	36.0	-1.0	-1.0	-1.0	-1.0	-1.0	-1.0	-1.0	-1.0	-1.0	-1.0	-1.0	-1.0	-1.0	-1.0	-1.0	-1.0	-1.0	-1.0	-1.0	-1.0	-1.0	-1.0	-1.0	

maxX :
30.0	30.0	23.0	

maxW :
29.0	32.0	36.0	

minX :
0.0	0.0	0.0	

minW :
17.0	10.0	33.0	

moyX :
12.263157894736842	12.5	13.75	

moyW :
25.444444444444443	24.26923076923077	34.5	

medX :
13.0	13.0	13.0	

medW :
27.0	26.0	34.5	

ecartTypeX :
8.692659366948995	9.954705110959031	6.85109480302236	

ecartTypeW :
3.890475866669244	5.814819874898516	1.5	

varX :
75.5623268698061	99.09615384615384	46.9375	

varW :
15.135802469135804	33.812130177514796	2.25	

covarX :
79.76023391812865	103.06	53.64285714285714	

covarW :
17.02777777777778	35.16461538461539	4.5	

coef_variationX :
0.7088434676911197	0.7963764088767225	0.498261440219808	

coef_variationW :
0.1529007982533764	0.23959638153306087	0.043478260869565216	

moy_distances_centre :	29.072727272727274
min_distances_centre :	10.0
max_distances_centre :	46.0
med_distances_centre :	29.0
ecartType_distances_centre :	8.941943139353885
var_distances_centre :	79.95834710743802
covar_distances_centre :	80.69190992493748
coef_variation_distances_centre :	0.3075715276200523
capacite_X_temoin : 
33.0	27.0	0.0	34.0	29.0	29.0	33.0	29.0	26.0	33.0	29.0	
31.0	33.0	33.0	30.0	28.0	29.0	31.0	34.0	26.0	26.0	31.0	
30.0	28.0	32.0	28.0	0.0	30.0	26.0	0.0	0.0	34.0	32.0	

capacite_W_temoin : 
40.9	33.1	0.0	43.2	34.7	33.7	39.9	35.7	32.8	39.9	35.7	
39.3	42.9	39.9	37.0	33.4	34.7	36.3	44.2	31.8	28.8	37.3	
36.0	35.4	39.6	36.4	0.0	34.0	29.8	0.0	0.0	40.2	37.6	

demande_cumulee_X : 
2.0	2.0	0.0	1.0	3.0	4.0	3.0	2.0	1.0	3.0	2.0	
1.0	0.0	3.0	2.0	3.0	3.0	4.0	0.0	2.0	5.0	3.0	
3.0	1.0	2.0	0.0	0.0	5.0	4.0	0.0	0.0	4.0	4.0	

demande_cumulee_W : 
10.0	4.0	0.0	2.0	4.0	2.0	0.0	0.0	1.0	0.0	0.0	
11.0	3.0	7.0	0.0	2.0	1.0	0.0	1.0	1.0	0.0	0.0	
9.0	2.0	8.0	1.0	0.0	1.0	0.0	0.0	0.0	2.0	0.0	

capacite_residuelle_X : 
31.0	25.0	0.0	33.0	26.0	25.0	30.0	27.0	25.0	30.0	27.0	
30.0	33.0	30.0	28.0	25.0	26.0	27.0	34.0	24.0	21.0	28.0	
27.0	27.0	30.0	28.0	0.0	25.0	22.0	0.0	0.0	30.0	28.0	

capacite_residuelle_W : 
30.9	29.1	0.0	41.2	30.700000000000003	31.700000000000003	39.9	35.7	31.799999999999997	39.9	35.7	
28.299999999999997	39.9	32.9	37.0	31.4	33.7	36.3	43.2	30.8	28.8	37.3	
27.0	33.4	31.6	35.4	0.0	33.0	29.8	0.0	0.0	38.2	37.6	

min_capacite_X : 
0.0	26.0	0.0	

min_capacite_W : 
0.0	28.8	0.0	

max_capacite_X : 
34.0	34.0	34.0	

max_capacite_W : 
43.2	44.2	40.2	

moy_capacite_X : 
27.454545454545453	30.181818181818183	21.818181818181817	

moy_capacite_W : 
33.599999999999994	36.872727272727275	26.272727272727273	

med_capacite_X : 
29.0	31.0	28.0	

med_capacite_W : 
35.7	37.0	35.4	

ecartType_capacite_X : 
9.048994282275858	2.5873180855923104	13.523166532208766	

ecartType_capacite_W : 
11.138467333769693	4.403323312947518	16.30198487129103	

var_capacite_X : 
81.88429752066116	6.694214876033057	182.87603305785126	

var_capacite_W : 
124.06545454545454	19.389256198347105	265.75471074380164	

covar_capacite_X : 
90.07272727272729	7.363636363636363	201.16363636363639	

covar_capacite_W : 
136.472	21.328181818181818	292.3301818181818	

##########	##########	##########	##########	##########	##########	##########	##########	##########	##########	##########	##########	##########	##########	##########	##########	##########	##########	##########	##########	##########	##########	##########	##########	##########	##########	##########	##########	##########	##########	##########	##########	##########	##########	##########	