nombre de noeuds : 35
nombre de strates : 3
nombre de centres : 11
titre : fenetre
instances : alea35_11_1
temps de calcul : 0.025265932083129883
valeur objective : 174.0
nombre de solutions : 3
nombre de noeuds : 1.0
faisability : True
moy_distances :	32.13
min_distances :	10.0
max_distances :	54.0
var_distances :	89.69833768801638
covar_distances :	89.77377783745965
ecartType_distances :	9.47092063571522
coef_variation	: 0.2947433327187905
distances_centre_x :
-1.0	22.0	0.0	0.0	-1.0	-1.0	-1.0	-1.0	12.0	0.0	0.0	17.0	19.0	20.0	13.0	14.0	14.0	-1.0	10.0	-1.0	0.0	19.0	23.0	-1.0	-1.0	0.0	12.0	-1.0	25.0	-1.0	10.0	27.0	0.0	0.0	-1.0	
0.0	22.0	-1.0	-1.0	10.0	20.0	27.0	20.0	12.0	-1.0	0.0	17.0	-1.0	20.0	-1.0	14.0	14.0	-1.0	10.0	17.0	0.0	19.0	-1.0	16.0	14.0	0.0	-1.0	0.0	-1.0	13.0	10.0	27.0	0.0	0.0	0.0	
-1.0	22.0	0.0	-1.0	-1.0	20.0	27.0	20.0	12.0	-1.0	-1.0	17.0	-1.0	20.0	13.0	-1.0	14.0	15.0	10.0	17.0	0.0	19.0	-1.0	16.0	-1.0	0.0	12.0	-1.0	25.0	13.0	-1.0	27.0	0.0	-1.0	0.0	

distances_centre_w :
-1.0	27.0	22.0	24.0	-1.0	-1.0	-1.0	-1.0	23.0	24.0	23.0	27.0	27.0	26.0	25.0	22.0	23.0	-1.0	19.0	-1.0	31.0	27.0	24.0	-1.0	-1.0	22.0	22.0	-1.0	28.0	-1.0	24.0	28.0	23.0	19.0	-1.0	
22.0	27.0	-1.0	-1.0	14.0	26.0	30.0	23.0	23.0	-1.0	23.0	27.0	-1.0	26.0	-1.0	22.0	23.0	-1.0	19.0	20.0	31.0	27.0	-1.0	25.0	22.0	22.0	-1.0	22.0	-1.0	22.0	24.0	28.0	23.0	19.0	11.0	
-1.0	27.0	22.0	-1.0	-1.0	26.0	30.0	23.0	23.0	-1.0	-1.0	27.0	-1.0	26.0	25.0	-1.0	23.0	19.0	19.0	20.0	31.0	27.0	-1.0	25.0	-1.0	22.0	22.0	-1.0	28.0	22.0	-1.0	28.0	23.0	-1.0	11.0	

maxX :
27.0	27.0	27.0	

maxW :
31.0	31.0	31.0	

minX :
0.0	0.0	0.0	

minW :
19.0	11.0	11.0	

moyX :
11.173913043478262	11.615384615384615	13.869565217391305	

moyW :
24.347826086956523	23.115384615384617	23.869565217391305	

medX :
12.0	13.5	15.0	

medW :
24.0	23.0	23.0	

ecartTypeX :
9.22026206320502	8.836449526630386	8.55826245990991	

ecartTypeW :
2.8682473917340245	4.299614679309362	4.214925321181622	

varX :
85.0132325141777	78.08284023668638	73.24385633270323	

varW :
8.226843100189035	18.486686390532547	17.765595463138	

covarX :
88.87747035573123	81.20615384615384	76.57312252964428	

covarW :
8.600790513833992	19.226153846153842	18.573122529644273	

coef_variationX :
0.8251596398977254	0.7607539327562584	0.6170534062004011	

coef_variationW :
0.11780301787479029	0.18600662506163626	0.17658157083274553	

moy_distances_centre :	35.50909090909091
min_distances_centre :	11.0
max_distances_centre :	52.0
med_distances_centre :	38.0
ecartType_distances_centre :	9.899261179543977
var_distances_centre :	97.99537190082643
covar_distances_centre :	98.89441201000834
coef_variation_distances_centre :	0.27878103680231375
capacite_X_temoin : 
27.0	33.0	27.0	31.0	34.0	30.0	28.0	33.0	29.0	33.0	29.0	
34.0	31.0	33.0	29.0	30.0	29.0	28.0	31.0	32.0	26.0	31.0	
30.0	30.0	28.0	32.0	28.0	34.0	32.0	26.0	32.0	34.0	32.0	

capacite_W_temoin : 
35.1	39.9	33.1	38.3	43.2	37.0	34.4	38.9	34.7	38.9	37.7	
43.2	37.3	42.9	36.7	36.0	35.7	34.4	35.3	38.6	28.8	39.3	
39.0	36.0	35.4	40.6	35.4	42.2	39.6	29.8	37.6	40.2	40.6	

demande_cumulee_X : 
0.0	3.0	2.0	2.0	1.0	2.0	2.0	4.0	3.0	4.0	0.0	
1.0	3.0	0.0	1.0	3.0	2.0	2.0	5.0	3.0	5.0	1.0	
0.0	3.0	1.0	1.0	1.0	2.0	2.0	4.0	4.0	4.0	1.0	

demande_cumulee_W : 
4.0	7.0	5.0	2.0	1.0	0.0	0.0	2.0	0.0	0.0	2.0	
6.0	6.0	3.0	0.0	1.0	1.0	3.0	2.0	1.0	2.0	1.0	
6.0	5.0	1.0	1.0	2.0	1.0	1.0	2.0	0.0	3.0	1.0	

capacite_residuelle_X : 
27.0	30.0	25.0	29.0	33.0	28.0	26.0	29.0	26.0	29.0	29.0	
33.0	28.0	33.0	28.0	27.0	27.0	26.0	26.0	29.0	21.0	30.0	
30.0	27.0	27.0	31.0	27.0	32.0	30.0	22.0	28.0	30.0	31.0	

capacite_residuelle_W : 
31.1	32.9	28.1	36.3	42.2	37.0	34.4	36.9	34.7	38.9	35.7	
37.2	31.299999999999997	39.9	36.7	35.0	34.7	31.4	33.3	37.6	26.8	38.3	
33.0	31.0	34.4	39.6	33.4	41.2	38.6	27.8	37.6	37.2	39.6	

min_capacite_X : 
27.0	26.0	26.0	

min_capacite_W : 
33.1	28.8	29.8	

max_capacite_X : 
34.0	34.0	34.0	

max_capacite_W : 
43.2	43.2	42.2	

moy_capacite_X : 
30.363636363636363	30.363636363636363	30.727272727272727	

moy_capacite_W : 
37.381818181818176	37.10909090909092	37.85454545454546	

med_capacite_X : 
30.0	31.0	32.0	

med_capacite_W : 
37.7	36.7	39.0	

ecartType_capacite_X : 
2.459590774267033	2.185602778212965	2.4528613751330983	

ecartType_capacite_W : 
2.7882279096288123	3.8225299916665247	3.3608342136395617	

var_capacite_X : 
6.049586776859504	4.776859504132232	6.016528925619834	

var_capacite_W : 
7.7742148760330565	14.611735537190082	11.295206611570253	

covar_capacite_X : 
6.654545454545456	5.254545454545455	6.618181818181817	

covar_capacite_W : 
8.551636363636362	16.07290909090909	12.42472727272728	

##########	##########	##########	##########	##########	##########	##########	##########	##########	##########	##########	##########	##########	##########	##########	##########	##########	##########	##########	##########	##########	##########	##########	##########	##########	##########	##########	##########	##########	##########	##########	##########	##########	##########	##########	nombre de noeuds : 35
nombre de strates : 3
nombre de centres : 11
titre : fenetre
instances : alea35_11_1
temps de calcul : 0.026003122329711914
valeur objective : 186.0
nombre de solutions : 2
nombre de noeuds : 0.0
faisability : True
moy_distances :	32.13
min_distances :	10.0
max_distances :	54.0
var_distances :	89.69833768801638
covar_distances :	89.77377783745965
ecartType_distances :	9.47092063571522
coef_variation	: 0.2947433327187905
distances_centre_x :
-1.0	22.0	22.0	0.0	-1.0	-1.0	-1.0	-1.0	12.0	0.0	0.0	17.0	19.0	21.0	13.0	14.0	14.0	-1.0	10.0	-1.0	0.0	19.0	0.0	-1.0	-1.0	0.0	12.0	-1.0	13.0	-1.0	21.0	27.0	0.0	0.0	-1.0	
0.0	22.0	-1.0	-1.0	10.0	20.0	27.0	20.0	12.0	-1.0	0.0	17.0	-1.0	21.0	-1.0	14.0	14.0	-1.0	10.0	17.0	0.0	19.0	-1.0	16.0	14.0	0.0	-1.0	0.0	-1.0	22.0	21.0	27.0	0.0	0.0	0.0	
-1.0	22.0	22.0	-1.0	-1.0	20.0	27.0	20.0	12.0	-1.0	-1.0	17.0	-1.0	21.0	13.0	-1.0	14.0	15.0	10.0	17.0	0.0	19.0	-1.0	16.0	-1.0	0.0	12.0	-1.0	13.0	22.0	-1.0	27.0	0.0	-1.0	0.0	

distances_centre_w :
-1.0	27.0	31.0	24.0	-1.0	-1.0	-1.0	-1.0	23.0	24.0	23.0	27.0	26.0	26.0	25.0	27.0	23.0	-1.0	19.0	-1.0	35.0	27.0	24.0	-1.0	-1.0	22.0	12.0	-1.0	25.0	-1.0	24.0	28.0	23.0	19.0	-1.0	
22.0	27.0	-1.0	-1.0	14.0	26.0	30.0	23.0	23.0	-1.0	23.0	27.0	-1.0	26.0	-1.0	27.0	23.0	-1.0	19.0	20.0	35.0	27.0	-1.0	25.0	22.0	22.0	-1.0	13.0	-1.0	25.0	24.0	28.0	23.0	19.0	11.0	
-1.0	27.0	31.0	-1.0	-1.0	26.0	30.0	23.0	23.0	-1.0	-1.0	27.0	-1.0	26.0	25.0	-1.0	23.0	19.0	19.0	20.0	35.0	27.0	-1.0	25.0	-1.0	22.0	12.0	-1.0	25.0	25.0	-1.0	28.0	23.0	-1.0	11.0	

maxX :
27.0	27.0	27.0	

maxW :
35.0	35.0	35.0	

minX :
0.0	0.0	0.0	

minW :
12.0	11.0	11.0	

moyX :
11.130434782608695	12.423076923076923	14.73913043478261	

moyW :
24.52173913043478	23.23076923076923	24.0	

medX :
13.0	14.0	16.0	

medW :
24.0	23.0	25.0	

ecartTypeX :
8.9893867268022	9.245261060186776	8.066125578773988	

ecartTypeW :
4.312464898079108	5.101339886642847	5.307910421576297	

varX :
80.80907372400756	85.47485207100591	65.062381852552	

varW :
18.597353497164455	26.023668639053255	28.17391304347826	

covarX :
84.48221343873519	88.89384615384616	68.01976284584981	

covarW :
19.44268774703557	27.064615384615387	29.454545454545457	

coef_variationX :
0.8076402137361353	0.7442005806961491	0.5472592575569373	

coef_variationW :
0.1758629302408147	0.2195941010806524	0.2211629342323457	

moy_distances_centre :	35.127272727272725
min_distances_centre :	11.0
max_distances_centre :	52.0
med_distances_centre :	37.0
ecartType_distances_centre :	9.950887663382408
var_distances_centre :	99.0201652892562
covar_distances_centre :	99.92860717264385
coef_variation_distances_centre :	0.2832809635020872
capacite_X_temoin : 
27.0	27.0	31.0	34.0	30.0	30.0	28.0	33.0	29.0	33.0	29.0	
34.0	33.0	29.0	30.0	29.0	27.0	28.0	31.0	32.0	26.0	31.0	
30.0	28.0	32.0	28.0	34.0	31.0	32.0	26.0	32.0	34.0	32.0	

capacite_W_temoin : 
35.1	34.1	38.3	42.2	36.0	36.0	34.4	38.9	34.7	39.9	37.7	
43.2	42.9	36.7	35.0	34.7	35.1	34.4	35.3	38.6	27.8	39.3	
39.0	36.4	40.6	34.4	42.2	38.3	39.6	29.8	37.6	39.2	40.6	

demande_cumulee_X : 
0.0	1.0	2.0	2.0	3.0	3.0	2.0	4.0	3.0	3.0	0.0	
1.0	0.0	1.0	4.0	3.0	0.0	2.0	5.0	3.0	6.0	1.0	
0.0	0.0	1.0	2.0	2.0	2.0	2.0	4.0	4.0	5.0	1.0	

demande_cumulee_W : 
4.0	7.0	4.0	1.0	1.0	0.0	1.0	3.0	0.0	1.0	1.0	
6.0	4.0	2.0	1.0	1.0	1.0	4.0	3.0	1.0	2.0	1.0	
6.0	3.0	1.0	2.0	2.0	1.0	2.0	3.0	0.0	2.0	1.0	

capacite_residuelle_X : 
27.0	26.0	29.0	32.0	27.0	27.0	26.0	29.0	26.0	30.0	29.0	
33.0	33.0	28.0	26.0	26.0	27.0	26.0	26.0	29.0	20.0	30.0	
30.0	28.0	31.0	26.0	32.0	29.0	30.0	22.0	28.0	29.0	31.0	

capacite_residuelle_W : 
31.1	27.1	34.3	41.2	35.0	36.0	33.4	35.9	34.7	38.9	36.7	
37.2	38.9	34.7	34.0	33.7	34.1	30.4	32.3	37.6	25.8	38.3	
33.0	33.4	39.6	32.4	40.2	37.3	37.6	26.8	37.6	37.2	39.6	

min_capacite_X : 
27.0	26.0	26.0	

min_capacite_W : 
34.1	27.8	29.8	

max_capacite_X : 
34.0	34.0	34.0	

max_capacite_W : 
42.2	43.2	42.2	

moy_capacite_X : 
30.09090909090909	30.0	30.818181818181817	

moy_capacite_W : 
37.027272727272724	36.63636363636364	37.972727272727276	

med_capacite_X : 
30.0	30.0	32.0	

med_capacite_W : 
36.0	35.3	39.0	

ecartType_capacite_X : 
2.3141676475196102	2.3741027013091993	2.442732516826255	

ecartType_capacite_W : 
2.4735292817021626	4.122283728771695	3.291335984366147	

var_capacite_X : 
5.355371900826447	5.636363636363637	5.966942148760331	

var_capacite_W : 
6.118347107438016	16.993223140495868	10.832892561983474	

covar_capacite_X : 
5.890909090909092	6.2	6.563636363636363	

covar_capacite_W : 
6.730181818181819	18.692545454545453	11.916181818181824	

##########	##########	##########	##########	##########	##########	##########	##########	##########	##########	##########	##########	##########	##########	##########	##########	##########	##########	##########	##########	##########	##########	##########	##########	##########	##########	##########	##########	##########	##########	##########	##########	##########	##########	##########	nombre de noeuds : 35
nombre de strates : 3
nombre de centres : 11
titre : fenetre
instances : alea35_11_1
temps de calcul : 0.026028871536254883
valeur objective : 168.0
nombre de solutions : 4
nombre de noeuds : 1.0
faisability : True
moy_distances :	32.13
min_distances :	10.0
max_distances :	54.0
var_distances :	89.69833768801638
covar_distances :	89.77377783745965
ecartType_distances :	9.47092063571522
coef_variation	: 0.2947433327187905
distances_centre_x :
-1.0	22.0	20.0	0.0	-1.0	-1.0	-1.0	-1.0	12.0	0.0	0.0	17.0	15.0	0.0	16.0	14.0	14.0	-1.0	13.0	-1.0	0.0	19.0	0.0	-1.0	-1.0	0.0	12.0	-1.0	11.0	-1.0	21.0	22.0	0.0	19.0	-1.0	
0.0	22.0	-1.0	-1.0	10.0	23.0	27.0	23.0	12.0	-1.0	0.0	17.0	-1.0	0.0	-1.0	14.0	14.0	-1.0	13.0	17.0	0.0	19.0	-1.0	16.0	14.0	0.0	-1.0	0.0	-1.0	25.0	21.0	22.0	0.0	19.0	0.0	
-1.0	22.0	20.0	-1.0	-1.0	23.0	27.0	23.0	12.0	-1.0	-1.0	17.0	-1.0	0.0	16.0	-1.0	14.0	13.0	13.0	17.0	0.0	19.0	-1.0	16.0	-1.0	0.0	12.0	-1.0	11.0	25.0	-1.0	22.0	0.0	-1.0	0.0	

distances_centre_w :
-1.0	23.0	22.0	24.0	-1.0	-1.0	-1.0	-1.0	23.0	13.0	21.0	18.0	19.0	21.0	25.0	27.0	23.0	-1.0	19.0	-1.0	30.0	23.0	22.0	-1.0	-1.0	22.0	12.0	-1.0	13.0	-1.0	24.0	27.0	13.0	20.0	-1.0	
22.0	27.0	-1.0	-1.0	14.0	26.0	30.0	23.0	23.0	-1.0	21.0	18.0	-1.0	26.0	-1.0	27.0	23.0	-1.0	19.0	30.0	30.0	27.0	-1.0	25.0	16.0	22.0	-1.0	13.0	-1.0	31.0	24.0	27.0	23.0	25.0	11.0	
-1.0	27.0	22.0	-1.0	-1.0	26.0	30.0	23.0	23.0	-1.0	-1.0	18.0	-1.0	26.0	25.0	-1.0	23.0	19.0	19.0	30.0	30.0	27.0	-1.0	25.0	-1.0	22.0	12.0	-1.0	13.0	31.0	-1.0	27.0	23.0	-1.0	11.0	

maxX :
22.0	27.0	27.0	

maxW :
30.0	31.0	31.0	

minX :
0.0	0.0	0.0	

minW :
12.0	11.0	11.0	

moyX :
10.73913043478261	12.615384615384615	14.0	

moyW :
21.043478260869566	23.192307692307693	23.130434782608695	

medX :
13.0	14.0	16.0	

medW :
22.0	23.5	23.0	

ecartTypeX :
8.38848792564184	9.282228359268558	8.510862624240604	

ecartTypeW :
4.6483120907492514	5.269792221631855	5.550592195793848	

varX :
70.36672967863893	86.15976331360947	72.43478260869566	

varW :
21.606805293005674	27.770710059171602	30.809073724007565	

covarX :
73.56521739130434	89.60615384615384	75.72727272727273	

covarW :
22.588932806324117	28.88153846153847	32.209486166007906	

coef_variationX :
0.7811142602824385	0.7357863943322638	0.6079187588743288	

coef_variationW :
0.22089086381659664	0.2272215551615725	0.23996921147229042	

moy_distances_centre :	35.45454545454545
min_distances_centre :	11.0
max_distances_centre :	52.0
med_distances_centre :	37.0
ecartType_distances_centre :	9.767884635269494
var_distances_centre :	95.41157024793385
covar_distances_centre :	96.28690575479565
coef_variation_distances_centre :	0.27550443843067807
capacite_X_temoin : 
27.0	27.0	31.0	34.0	29.0	30.0	30.0	28.0	33.0	29.0	29.0	
34.0	33.0	29.0	30.0	29.0	29.0	27.0	28.0	31.0	32.0	31.0	
30.0	28.0	32.0	28.0	30.0	34.0	31.0	32.0	26.0	32.0	32.0	

capacite_W_temoin : 
35.1	33.1	38.3	43.2	32.7	37.0	36.0	34.4	39.9	34.7	37.7	
43.2	41.9	36.7	36.0	35.7	34.7	31.1	35.4	35.3	38.6	38.3	
39.0	36.4	40.6	35.4	34.0	41.2	36.3	39.6	30.8	38.6	40.6	

demande_cumulee_X : 
0.0	2.0	2.0	1.0	5.0	2.0	3.0	2.0	3.0	3.0	0.0	
1.0	1.0	1.0	3.0	2.0	3.0	4.0	1.0	5.0	3.0	2.0	
0.0	0.0	1.0	1.0	5.0	3.0	4.0	2.0	3.0	3.0	1.0	

demande_cumulee_W : 
2.0	1.0	2.0	1.0	4.0	1.0	4.0	1.0	2.0	0.0	5.0	
5.0	3.0	3.0	1.0	5.0	1.0	0.0	5.0	1.0	1.0	1.0	
5.0	3.0	2.0	2.0	2.0	0.0	2.0	3.0	2.0	1.0	1.0	

capacite_residuelle_X : 
27.0	25.0	29.0	33.0	24.0	28.0	27.0	26.0	30.0	26.0	29.0	
33.0	32.0	28.0	27.0	27.0	26.0	23.0	27.0	26.0	29.0	29.0	
30.0	28.0	31.0	27.0	25.0	31.0	27.0	30.0	23.0	29.0	31.0	

capacite_residuelle_W : 
33.1	32.1	36.3	42.2	28.700000000000003	36.0	32.0	33.4	37.9	34.7	32.7	
38.2	38.9	33.7	35.0	30.700000000000003	33.7	31.1	30.4	34.3	37.6	37.3	
34.0	33.4	38.6	33.4	32.0	41.2	34.3	36.6	28.8	37.6	39.6	

min_capacite_X : 
27.0	27.0	26.0	

min_capacite_W : 
32.7	31.1	30.8	

max_capacite_X : 
34.0	34.0	34.0	

max_capacite_W : 
43.2	43.2	41.2	

moy_capacite_X : 
29.727272727272727	30.272727272727273	30.454545454545453	

moy_capacite_W : 
36.554545454545455	36.9909090909091	37.50000000000001	

med_capacite_X : 
29.0	30.0	31.0	

med_capacite_W : 
36.0	36.0	38.6	

ecartType_capacite_X : 
2.1358800226310417	2.0489868490153897	2.2305171175245992	

ecartType_capacite_W : 
2.9727133722221573	3.23375788868688	3.0892776443104575	

var_capacite_X : 
4.561983471074379	4.198347107438016	4.975206611570247	

var_capacite_W : 
8.83702479338843	10.457190082644628	9.54363636363637	

covar_capacite_X : 
5.018181818181818	4.618181818181817	5.472727272727273	

covar_capacite_W : 
9.720727272727274	11.502909090909093	10.498000000000008	

##########	##########	##########	##########	##########	##########	##########	##########	##########	##########	##########	##########	##########	##########	##########	##########	##########	##########	##########	##########	##########	##########	##########	##########	##########	##########	##########	##########	##########	##########	##########	##########	##########	##########	##########	nombre de noeuds : 35
nombre de strates : 3
nombre de centres : 11
titre : fenetre
instances : alea35_11_1
temps de calcul : 0.026221036911010742
valeur objective : 184.0
nombre de solutions : 4
nombre de noeuds : 1.0
faisability : True
moy_distances :	32.13
min_distances :	10.0
max_distances :	54.0
var_distances :	89.69833768801638
covar_distances :	89.77377783745965
ecartType_distances :	9.47092063571522
coef_variation	: 0.2947433327187905
distances_centre_x :
-1.0	22.0	20.0	0.0	-1.0	-1.0	-1.0	-1.0	12.0	0.0	0.0	17.0	15.0	0.0	16.0	14.0	14.0	-1.0	13.0	-1.0	30.0	19.0	0.0	-1.0	-1.0	0.0	12.0	-1.0	11.0	-1.0	24.0	0.0	0.0	19.0	-1.0	
0.0	22.0	-1.0	-1.0	10.0	23.0	30.0	23.0	12.0	-1.0	0.0	17.0	-1.0	0.0	-1.0	14.0	14.0	-1.0	13.0	17.0	30.0	19.0	-1.0	16.0	14.0	0.0	-1.0	0.0	-1.0	24.0	24.0	0.0	0.0	19.0	0.0	
-1.0	22.0	20.0	-1.0	-1.0	23.0	30.0	23.0	12.0	-1.0	-1.0	17.0	-1.0	0.0	16.0	-1.0	14.0	13.0	13.0	17.0	30.0	19.0	-1.0	16.0	-1.0	0.0	12.0	-1.0	11.0	24.0	-1.0	0.0	0.0	-1.0	0.0	

distances_centre_w :
-1.0	30.0	22.0	24.0	-1.0	-1.0	-1.0	-1.0	23.0	24.0	21.0	18.0	30.0	26.0	25.0	27.0	23.0	-1.0	19.0	-1.0	30.0	27.0	24.0	-1.0	-1.0	22.0	12.0	-1.0	29.0	-1.0	24.0	28.0	23.0	29.0	-1.0	
22.0	30.0	-1.0	-1.0	29.0	26.0	32.0	29.0	23.0	-1.0	21.0	18.0	-1.0	26.0	-1.0	27.0	23.0	-1.0	19.0	30.0	30.0	27.0	-1.0	25.0	16.0	22.0	-1.0	13.0	-1.0	25.0	24.0	28.0	23.0	29.0	11.0	
-1.0	30.0	22.0	-1.0	-1.0	26.0	32.0	29.0	23.0	-1.0	-1.0	18.0	-1.0	26.0	25.0	-1.0	23.0	30.0	19.0	30.0	30.0	27.0	-1.0	25.0	-1.0	22.0	12.0	-1.0	29.0	25.0	-1.0	28.0	23.0	-1.0	11.0	

maxX :
30.0	30.0	30.0	

maxW :
30.0	32.0	32.0	

minX :
0.0	0.0	0.0	

minW :
12.0	11.0	11.0	

moyX :
11.217391304347826	13.115384615384615	14.434782608695652	

moyW :
24.347826086956523	24.153846153846153	24.565217391304348	

medX :
13.0	14.0	16.0	

medW :
24.0	25.0	25.0	

ecartTypeX :
9.155452268358198	9.958865100142699	9.135816219485772	

ecartTypeW :
4.269290702234861	5.281989046185506	5.403912326361512	

varX :
83.82230623818526	99.17899408284023	83.46313799621929	

varW :
18.226843100189036	27.89940828402367	29.20226843100189	

covarX :
87.63241106719369	103.14615384615384	87.25691699604744	

covarW :
19.055335968379445	29.015384615384615	30.529644268774707	

coef_variationX :
0.8161837293497618	0.7593269577821413	0.6329029308679902	

coef_variationW :
0.17534586812750322	0.21868107516054644	0.21998227169259252	

moy_distances_centre :	34.872727272727275
min_distances_centre :	11.0
max_distances_centre :	54.0
med_distances_centre :	37.0
ecartType_distances_centre :	9.98554326915493
var_distances_centre :	99.71107438016531
covar_distances_centre :	100.62585487906587
coef_variation_distances_centre :	0.28634248164938536
capacite_X_temoin : 
27.0	27.0	31.0	34.0	29.0	30.0	28.0	33.0	31.0	29.0	29.0	
34.0	33.0	29.0	30.0	29.0	27.0	28.0	31.0	26.0	32.0	31.0	
30.0	28.0	32.0	28.0	30.0	31.0	32.0	26.0	29.0	32.0	32.0	

capacite_W_temoin : 
35.1	33.1	38.3	43.2	33.7	35.0	34.4	39.9	38.3	34.7	37.7	
43.2	41.9	36.7	36.0	35.7	31.1	35.4	34.3	31.8	38.6	38.3	
39.0	36.4	40.6	35.4	34.0	36.3	39.6	29.8	35.7	38.6	40.6	

demande_cumulee_X : 
0.0	2.0	2.0	1.0	4.0	4.0	2.0	3.0	2.0	3.0	0.0	
1.0	1.0	1.0	3.0	2.0	4.0	1.0	6.0	2.0	3.0	2.0	
0.0	0.0	1.0	1.0	5.0	4.0	2.0	4.0	2.0	3.0	1.0	

demande_cumulee_W : 
7.0	6.0	4.0	0.0	3.0	0.0	1.0	1.0	0.0	0.0	1.0	
8.0	4.0	4.0	0.0	3.0	1.0	3.0	0.0	1.0	1.0	1.0	
8.0	4.0	3.0	0.0	1.0	1.0	2.0	1.0	1.0	1.0	1.0	

capacite_residuelle_X : 
27.0	25.0	29.0	33.0	25.0	26.0	26.0	30.0	29.0	26.0	29.0	
33.0	32.0	28.0	27.0	27.0	23.0	27.0	25.0	24.0	29.0	29.0	
30.0	28.0	31.0	27.0	25.0	27.0	30.0	22.0	27.0	29.0	31.0	

capacite_residuelle_W : 
28.1	27.1	34.3	43.2	30.700000000000003	35.0	33.4	38.9	38.3	34.7	36.7	
35.2	37.9	32.7	36.0	32.7	30.1	32.4	34.3	30.8	37.6	37.3	
31.0	32.4	37.6	35.4	33.0	35.3	37.6	28.8	34.7	37.6	39.6	

min_capacite_X : 
27.0	26.0	26.0	

min_capacite_W : 
33.1	31.1	29.8	

max_capacite_X : 
34.0	34.0	32.0	

max_capacite_W : 
43.2	43.2	40.6	

moy_capacite_X : 
29.818181818181817	30.0	30.0	

moy_capacite_W : 
36.67272727272727	36.63636363636364	36.909090909090914	

med_capacite_X : 
29.0	30.0	30.0	

med_capacite_W : 
35.1	36.0	36.4	

ecartType_capacite_X : 
2.16661368869327	2.3741027013091993	1.954016841836789	

ecartType_capacite_W : 
2.943433650159718	3.5640305904392537	3.090882352825527	

var_capacite_X : 
4.694214876033057	5.636363636363637	3.8181818181818183	

var_capacite_W : 
8.663801652892559	12.702314049586777	9.553553719008267	

covar_capacite_X : 
5.163636363636363	6.2	4.2	

covar_capacite_W : 
9.530181818181815	13.972545454545454	10.508909090909095	

##########	##########	##########	##########	##########	##########	##########	##########	##########	##########	##########	##########	##########	##########	##########	##########	##########	##########	##########	##########	##########	##########	##########	##########	##########	##########	##########	##########	##########	##########	##########	##########	##########	##########	##########	nombre de noeuds : 35
nombre de strates : 3
nombre de centres : 11
titre : fenetre
instances : alea35_11_1
temps de calcul : 0.02585601806640625
valeur objective : 186.0
nombre de solutions : 4
nombre de noeuds : 1.0
faisability : True
moy_distances :	32.13
min_distances :	10.0
max_distances :	54.0
var_distances :	89.69833768801638
covar_distances :	89.77377783745965
ecartType_distances :	9.47092063571522
coef_variation	: 0.2947433327187905
distances_centre_x :
-1.0	22.0	20.0	-1.0	-1.0	-1.0	-1.0	-1.0	23.0	0.0	0.0	18.0	15.0	0.0	16.0	14.0	14.0	-1.0	13.0	-1.0	30.0	19.0	0.0	-1.0	-1.0	0.0	12.0	-1.0	11.0	-1.0	-1.0	0.0	13.0	-1.0	-1.0	
0.0	22.0	-1.0	-1.0	0.0	23.0	30.0	23.0	23.0	-1.0	0.0	18.0	-1.0	0.0	-1.0	14.0	14.0	-1.0	13.0	17.0	30.0	13.0	-1.0	12.0	14.0	0.0	-1.0	0.0	-1.0	24.0	24.0	0.0	13.0	10.0	0.0	
-1.0	22.0	20.0	-1.0	-1.0	23.0	30.0	23.0	23.0	-1.0	-1.0	18.0	-1.0	0.0	16.0	-1.0	14.0	13.0	13.0	17.0	30.0	13.0	-1.0	12.0	-1.0	0.0	12.0	-1.0	11.0	24.0	-1.0	0.0	13.0	-1.0	0.0	

distances_centre_w :
-1.0	30.0	22.0	24.0	-1.0	-1.0	-1.0	-1.0	32.0	-1.0	21.0	18.0	-1.0	-1.0	25.0	27.0	-1.0	-1.0	-1.0	-1.0	30.0	27.0	-1.0	-1.0	-1.0	-1.0	-1.0	-1.0	-1.0	-1.0	24.0	-1.0	-1.0	-1.0	-1.0	
22.0	30.0	-1.0	-1.0	29.0	26.0	32.0	29.0	32.0	-1.0	28.0	18.0	-1.0	26.0	-1.0	27.0	23.0	-1.0	19.0	30.0	30.0	27.0	-1.0	25.0	16.0	22.0	-1.0	13.0	-1.0	28.0	24.0	28.0	23.0	29.0	10.0	
-1.0	30.0	22.0	-1.0	-1.0	26.0	32.0	29.0	32.0	-1.0	-1.0	18.0	-1.0	26.0	23.0	-1.0	23.0	30.0	19.0	30.0	30.0	27.0	-1.0	25.0	-1.0	22.0	12.0	-1.0	29.0	28.0	-1.0	28.0	23.0	-1.0	10.0	

maxX :
30.0	30.0	30.0	

maxW :
32.0	32.0	32.0	

minX :
0.0	0.0	0.0	

minW :
18.0	10.0	10.0	

moyX :
12.0	12.961538461538462	15.08695652173913	

moyW :
25.454545454545453	24.846153846153847	24.956521739130434	

medX :
13.5	13.5	14.0	

medW :
25.0	26.5	26.0	

ecartTypeX :
8.927485648266257	10.013378624584709	8.752207391024331	

ecartTypeW :
4.053363056292355	5.613803781698135	5.759515837664657	

varX :
79.7	100.26775147928994	76.60113421550095	

varW :
16.4297520661157	31.514792899408285	33.172022684310015	

covarX :
83.89473684210526	104.27846153846156	80.08300395256917	

covarW :
18.07272727272727	32.775384615384624	34.679841897233196	

coef_variationX :
0.7439571373555215	0.7725455318670695	0.5801174927768289	

coef_variationW :
0.1592392629257711	0.22594256706525004	0.23078199349527373	

moy_distances_centre :	34.27272727272727
min_distances_centre :	10.0
max_distances_centre :	54.0
med_distances_centre :	36.0
ecartType_distances_centre :	10.091318583009937
var_distances_centre :	101.83471074380166
covar_distances_centre :	102.76897414512096
coef_variation_distances_centre :	0.2944416562681944
capacite_X_temoin : 
27.0	27.0	0.0	31.0	34.0	29.0	30.0	28.0	33.0	31.0	29.0	
34.0	33.0	33.0	29.0	30.0	29.0	27.0	28.0	31.0	26.0	31.0	
30.0	28.0	32.0	32.0	28.0	30.0	31.0	32.0	26.0	29.0	32.0	

capacite_W_temoin : 
35.1	32.1	0.0	38.3	43.2	33.7	36.0	34.4	39.9	38.3	34.7	
43.2	42.9	38.9	36.7	37.0	36.7	31.1	35.4	35.3	30.8	36.3	
39.0	36.4	39.6	40.6	36.4	35.0	36.3	39.6	30.8	34.7	37.6	

demande_cumulee_X : 
0.0	3.0	0.0	2.0	1.0	4.0	3.0	2.0	3.0	2.0	3.0	
1.0	0.0	4.0	1.0	2.0	1.0	4.0	1.0	5.0	3.0	4.0	
0.0	0.0	2.0	1.0	0.0	4.0	4.0	2.0	3.0	3.0	4.0	

demande_cumulee_W : 
7.0	5.0	0.0	4.0	1.0	3.0	1.0	1.0	1.0	0.0	0.0	
8.0	4.0	5.0	3.0	0.0	4.0	0.0	2.0	0.0	0.0	0.0	
8.0	4.0	5.0	1.0	1.0	2.0	0.0	1.0	1.0	0.0	0.0	

capacite_residuelle_X : 
27.0	24.0	0.0	29.0	33.0	25.0	27.0	26.0	30.0	29.0	26.0	
33.0	33.0	29.0	28.0	28.0	28.0	23.0	27.0	26.0	23.0	27.0	
30.0	28.0	30.0	31.0	28.0	26.0	27.0	30.0	23.0	26.0	28.0	

capacite_residuelle_W : 
28.1	27.1	0.0	34.3	42.2	30.700000000000003	35.0	33.4	38.9	38.3	34.7	
35.2	38.9	33.9	33.7	37.0	32.7	31.1	33.4	35.3	30.8	36.3	
31.0	32.4	34.6	39.6	35.4	33.0	36.3	38.6	29.8	34.7	37.6	

min_capacite_X : 
0.0	26.0	26.0	

min_capacite_W : 
0.0	30.8	30.8	

max_capacite_X : 
34.0	34.0	32.0	

max_capacite_W : 
43.2	43.2	40.6	

moy_capacite_X : 
27.181818181818183	30.09090909090909	30.0	

moy_capacite_W : 
33.24545454545454	36.75454545454546	36.909090909090914	

med_capacite_X : 
29.0	30.0	30.0	

med_capacite_W : 
35.1	36.7	36.4	

ecartType_capacite_X : 
8.860722131644515	2.466301812045552	1.954016841836789	

ecartType_capacite_W : 
10.93670746833497	3.760648792275473	2.6915539767794656	

var_capacite_X : 
78.5123966942149	6.082644628099174	3.8181818181818183	

var_capacite_W : 
119.61157024793388	14.142479338842975	7.244462809917357	

covar_capacite_X : 
86.3636363636364	6.690909090909092	4.2	

covar_capacite_W : 
131.5727272727273	15.55672727272727	7.968909090909093	

##########	##########	##########	##########	##########	##########	##########	##########	##########	##########	##########	##########	##########	##########	##########	##########	##########	##########	##########	##########	##########	##########	##########	##########	##########	##########	##########	##########	##########	##########	##########	##########	##########	##########	##########	nombre de noeuds : 35
nombre de strates : 3
nombre de centres : 11
titre : fenetre
instances : alea35_11_1
temps de calcul : 0.024569034576416016
valeur objective : 186.0
nombre de solutions : 4
nombre de noeuds : 1.0
faisability : True
moy_distances :	32.13
min_distances :	10.0
max_distances :	54.0
var_distances :	89.69833768801638
covar_distances :	89.77377783745965
ecartType_distances :	9.47092063571522
coef_variation	: 0.2947433327187905
distances_centre_x :
-1.0	22.0	-1.0	-1.0	-1.0	-1.0	-1.0	-1.0	23.0	-1.0	-1.0	18.0	-1.0	-1.0	16.0	14.0	-1.0	-1.0	13.0	-1.0	30.0	19.0	0.0	-1.0	-1.0	0.0	-1.0	-1.0	-1.0	-1.0	-1.0	0.0	13.0	-1.0	-1.0	
0.0	22.0	-1.0	-1.0	0.0	23.0	30.0	23.0	23.0	-1.0	21.0	13.0	-1.0	0.0	-1.0	0.0	14.0	-1.0	13.0	17.0	30.0	13.0	-1.0	12.0	16.0	0.0	-1.0	0.0	-1.0	24.0	24.0	0.0	13.0	10.0	0.0	
-1.0	22.0	20.0	-1.0	-1.0	23.0	30.0	23.0	23.0	-1.0	-1.0	13.0	-1.0	0.0	16.0	-1.0	14.0	13.0	13.0	17.0	30.0	13.0	-1.0	12.0	-1.0	0.0	12.0	-1.0	11.0	24.0	-1.0	0.0	13.0	-1.0	0.0	

distances_centre_w :
-1.0	-1.0	22.0	-1.0	-1.0	-1.0	-1.0	-1.0	-1.0	-1.0	23.0	-1.0	-1.0	-1.0	-1.0	-1.0	-1.0	-1.0	-1.0	-1.0	-1.0	27.0	-1.0	-1.0	-1.0	-1.0	12.0	-1.0	-1.0	-1.0	24.0	-1.0	-1.0	-1.0	-1.0	
22.0	30.0	-1.0	-1.0	29.0	26.0	32.0	29.0	32.0	-1.0	28.0	28.0	-1.0	26.0	-1.0	27.0	23.0	-1.0	19.0	30.0	30.0	27.0	-1.0	25.0	29.0	22.0	-1.0	13.0	-1.0	28.0	24.0	28.0	23.0	29.0	10.0	
-1.0	30.0	22.0	-1.0	-1.0	26.0	32.0	29.0	32.0	-1.0	-1.0	28.0	-1.0	26.0	23.0	-1.0	23.0	30.0	19.0	30.0	30.0	27.0	-1.0	25.0	-1.0	22.0	12.0	-1.0	29.0	28.0	-1.0	28.0	23.0	-1.0	10.0	

maxX :
30.0	30.0	30.0	

maxW :
27.0	32.0	32.0	

minX :
0.0	0.0	0.0	

minW :
12.0	10.0	10.0	

moyX :
14.0	13.115384615384615	14.869565217391305	

moyW :
21.6	25.73076923076923	25.391304347826086	

medX :
15.0	13.0	13.0	

medW :
23.0	27.5	27.0	

ecartTypeX :
9.291573243177568	10.100749869638099	8.739238588991142	

ecartTypeW :
5.083306010855534	5.1928774616161455	5.5930012976994785	

varX :
86.33333333333333	102.02514792899407	76.3742911153119	

varW :
25.839999999999996	26.96597633136094	31.281663516068054	

covarX :
94.18181818181819	106.10615384615382	79.84584980237153	

covarW :
32.3	28.044615384615387	32.70355731225297	

coef_variationX :
0.663683803084112	0.7701451513507055	0.5877265717742581	

coef_variationW :
0.23533824124331174	0.20181586547387112	0.220272311382	

moy_distances_centre :	33.78181818181818
min_distances_centre :	10.0
max_distances_centre :	54.0
med_distances_centre :	33.0
ecartType_distances_centre :	10.183214190012377
var_distances_centre :	103.69785123966943
covar_distances_centre :	104.6492076730609
coef_variation_distances_centre :	0.3014406783911091
capacite_X_temoin : 
27.0	27.0	0.0	31.0	29.0	0.0	30.0	28.0	33.0	31.0	29.0	
34.0	33.0	33.0	29.0	29.0	31.0	27.0	28.0	31.0	26.0	31.0	
30.0	28.0	32.0	32.0	30.0	33.0	31.0	32.0	26.0	29.0	32.0	

capacite_W_temoin : 
35.1	31.1	0.0	38.3	32.7	0.0	37.0	34.4	39.9	38.3	34.7	
43.2	42.9	38.9	36.7	33.7	38.3	31.1	35.4	36.3	31.8	37.3	
39.0	36.4	39.6	40.6	34.0	41.9	36.3	39.6	30.8	35.7	38.6	

demande_cumulee_X : 
0.0	4.0	0.0	2.0	5.0	0.0	2.0	2.0	3.0	2.0	3.0	
1.0	0.0	4.0	1.0	4.0	2.0	4.0	1.0	4.0	2.0	3.0	
0.0	0.0	2.0	1.0	5.0	1.0	4.0	2.0	3.0	2.0	3.0	

demande_cumulee_W : 
7.0	4.0	0.0	4.0	3.0	0.0	2.0	1.0	2.0	0.0	0.0	
8.0	4.0	6.0	3.0	1.0	0.0	0.0	2.0	0.0	2.0	0.0	
8.0	4.0	6.0	1.0	1.0	1.0	0.0	1.0	0.0	1.0	0.0	

capacite_residuelle_X : 
27.0	23.0	0.0	29.0	24.0	0.0	28.0	26.0	30.0	29.0	26.0	
33.0	33.0	29.0	28.0	25.0	29.0	23.0	27.0	27.0	24.0	28.0	
30.0	28.0	30.0	31.0	25.0	32.0	27.0	30.0	23.0	27.0	29.0	

capacite_residuelle_W : 
28.1	27.1	0.0	34.3	29.700000000000003	0.0	35.0	33.4	37.9	38.3	34.7	
35.2	38.9	32.9	33.7	32.7	38.3	31.1	33.4	36.3	29.8	37.3	
31.0	32.4	33.6	39.6	33.0	40.9	36.3	38.6	30.8	34.7	38.6	

min_capacite_X : 
0.0	26.0	26.0	

min_capacite_W : 
0.0	31.1	30.8	

max_capacite_X : 
33.0	34.0	33.0	

max_capacite_W : 
39.9	43.2	41.9	

moy_capacite_X : 
24.09090909090909	30.181818181818183	30.454545454545453	

moy_capacite_W : 
29.227272727272727	36.872727272727275	37.50000000000001	

med_capacite_X : 
29.0	31.0	31.0	

med_capacite_W : 
34.7	36.7	38.6	

ecartType_capacite_X : 
11.484808507166369	2.4796693994519736	2.01646118298353	

ecartType_capacite_W : 
13.994095567195533	3.745807573830413	3.0789608636681307	

var_capacite_X : 
131.900826446281	6.1487603305785115	4.066115702479338	

var_capacite_W : 
195.83471074380165	14.031074380165284	9.48	

covar_capacite_X : 
145.0909090909091	6.763636363636363	4.472727272727272	

covar_capacite_W : 
215.4181818181818	15.434181818181813	10.428	

##########	##########	##########	##########	##########	##########	##########	##########	##########	##########	##########	##########	##########	##########	##########	##########	##########	##########	##########	##########	##########	##########	##########	##########	##########	##########	##########	##########	##########	##########	##########	##########	##########	##########	##########	nombre de noeuds : 35
nombre de strates : 3
nombre de centres : 11
titre : fenetre
instances : alea35_11_1
temps de calcul : 0.023892879486083984
valeur objective : 190.0
nombre de solutions : 4
nombre de noeuds : 1.0
faisability : True
moy_distances :	32.13
min_distances :	10.0
max_distances :	54.0
var_distances :	89.69833768801638
covar_distances :	89.77377783745965
ecartType_distances :	9.47092063571522
coef_variation	: 0.2947433327187905
distances_centre_x :
-1.0	22.0	-1.0	-1.0	-1.0	-1.0	-1.0	-1.0	23.0	13.0	-1.0	18.0	-1.0	-1.0	16.0	14.0	23.0	-1.0	13.0	-1.0	-1.0	19.0	0.0	-1.0	-1.0	0.0	-1.0	-1.0	0.0	-1.0	-1.0	0.0	13.0	-1.0	-1.0	
0.0	22.0	-1.0	-1.0	0.0	23.0	30.0	23.0	23.0	-1.0	21.0	13.0	-1.0	0.0	-1.0	0.0	23.0	-1.0	13.0	17.0	30.0	13.0	-1.0	12.0	16.0	0.0	-1.0	0.0	-1.0	24.0	24.0	0.0	13.0	10.0	0.0	
-1.0	-1.0	-1.0	-1.0	-1.0	-1.0	-1.0	-1.0	23.0	-1.0	-1.0	-1.0	-1.0	-1.0	-1.0	-1.0	-1.0	-1.0	-1.0	-1.0	30.0	-1.0	-1.0	-1.0	-1.0	-1.0	-1.0	-1.0	-1.0	24.0	-1.0	0.0	13.0	-1.0	0.0	

distances_centre_w :
-1.0	-1.0	22.0	-1.0	-1.0	-1.0	-1.0	-1.0	-1.0	-1.0	23.0	-1.0	-1.0	-1.0	26.0	29.0	-1.0	-1.0	-1.0	-1.0	30.0	27.0	-1.0	-1.0	-1.0	-1.0	12.0	-1.0	-1.0	-1.0	-1.0	-1.0	-1.0	-1.0	-1.0	
22.0	30.0	-1.0	-1.0	29.0	26.0	34.0	29.0	32.0	-1.0	28.0	28.0	-1.0	26.0	-1.0	14.0	23.0	-1.0	19.0	30.0	30.0	27.0	-1.0	25.0	27.0	22.0	-1.0	14.0	-1.0	28.0	24.0	28.0	23.0	29.0	10.0	
-1.0	-1.0	-1.0	-1.0	-1.0	-1.0	-1.0	-1.0	-1.0	-1.0	-1.0	-1.0	-1.0	-1.0	-1.0	-1.0	-1.0	-1.0	-1.0	-1.0	-1.0	-1.0	-1.0	-1.0	-1.0	-1.0	-1.0	-1.0	-1.0	-1.0	-1.0	-1.0	-1.0	-1.0	-1.0	

maxX :
23.0	30.0	nan	

maxW :
30.0	34.0	nan	

minX :
0.0	0.0	nan	

minW :
12.0	10.0	nan	

moyX :
12.428571428571429	13.461538461538462	nan	

moyW :
24.142857142857142	25.26923076923077	nan	

medX :
13.5	13.0	nan	

medW :
26.0	27.0	nan	

ecartTypeX :
8.54997314711143	10.277798212393282	nan	

ecartTypeW :
5.642405045180428	5.640224302057037	nan	

varX :
73.10204081632654	105.63313609467455	nan	

varW :
31.83673469387755	31.812130177514796	nan	

covarX :
78.72527472527473	109.85846153846151	nan	

covarW :
37.14285714285714	33.08461538461539	nan	

coef_variationX :
0.6879288739055174	0.7634935814920724	nan	

coef_variationW :
0.2337090847116154	0.22320522352128305	nan	

moy_distances_centre :	32.03636363636364
min_distances_centre :	10.0
max_distances_centre :	48.0
med_distances_centre :	33.0
ecartType_distances_centre :	9.83308633018441
var_distances_centre :	96.68958677685949
covar_distances_centre :	97.57664720600499
coef_variation_distances_centre :	0.30693515786614217
capacite_X_temoin : 
27.0	27.0	0.0	29.0	0.0	30.0	28.0	33.0	29.0	31.0	29.0	
34.0	33.0	33.0	29.0	31.0	27.0	28.0	31.0	34.0	26.0	31.0	
30.0	28.0	32.0	30.0	33.0	31.0	32.0	26.0	0.0	29.0	32.0	

capacite_W_temoin : 
35.1	31.1	0.0	32.7	0.0	36.0	34.4	38.9	36.7	39.3	34.7	
43.2	42.9	38.9	34.7	38.3	30.1	35.4	36.3	44.2	30.8	37.3	
39.0	36.4	39.6	35.0	41.9	35.3	39.6	30.8	0.0	34.7	38.6	

demande_cumulee_X : 
0.0	4.0	0.0	5.0	0.0	3.0	2.0	4.0	1.0	1.0	3.0	
1.0	0.0	4.0	3.0	2.0	5.0	1.0	4.0	0.0	3.0	3.0	
0.0	0.0	2.0	4.0	1.0	5.0	2.0	3.0	0.0	3.0	3.0	

demande_cumulee_W : 
7.0	4.0	0.0	5.0	0.0	2.0	1.0	2.0	0.0	2.0	0.0	
8.0	4.0	6.0	3.0	1.0	0.0	2.0	1.0	1.0	0.0	0.0	
8.0	4.0	6.0	3.0	1.0	0.0	1.0	0.0	0.0	0.0	0.0	

capacite_residuelle_X : 
27.0	23.0	0.0	24.0	0.0	27.0	26.0	29.0	28.0	30.0	26.0	
33.0	33.0	29.0	26.0	29.0	22.0	27.0	27.0	34.0	23.0	28.0	
30.0	28.0	30.0	26.0	32.0	26.0	30.0	23.0	0.0	26.0	29.0	

capacite_residuelle_W : 
28.1	27.1	0.0	27.700000000000003	0.0	34.0	33.4	36.9	36.7	37.3	34.7	
35.2	38.9	32.9	31.700000000000003	37.3	30.1	33.4	35.3	43.2	30.8	37.3	
31.0	32.4	33.6	32.0	40.9	35.3	38.6	30.8	0.0	34.7	38.6	

min_capacite_X : 
0.0	26.0	0.0	

min_capacite_W : 
0.0	30.1	0.0	

max_capacite_X : 
33.0	34.0	33.0	

max_capacite_W : 
39.3	44.2	41.9	

moy_capacite_X : 
23.90909090909091	30.636363636363637	27.545454545454547	

moy_capacite_W : 
28.99090909090909	37.46363636363636	33.71818181818182	

med_capacite_X : 
29.0	31.0	30.0	

med_capacite_W : 
34.7	37.3	36.4	

ecartType_capacite_X : 
11.389425282447872	2.67217062849074	8.92762450704794	

ecartType_capacite_W : 
13.854271054309606	4.497529165557609	11.060151090684084	

var_capacite_X : 
129.71900826446281	7.140495867768595	79.70247933884298	

var_capacite_W : 
191.940826446281	20.227768595041322	122.32694214876032	

covar_capacite_X : 
142.69090909090912	7.854545454545455	87.67272727272729	

covar_capacite_W : 
211.1349090909091	22.250545454545456	134.55963636363637	

##########	##########	##########	##########	##########	##########	##########	##########	##########	##########	##########	##########	##########	##########	##########	##########	##########	##########	##########	##########	##########	##########	##########	##########	##########	##########	##########	##########	##########	##########	##########	##########	##########	##########	##########	nombre de noeuds : 35
nombre de strates : 3
nombre de centres : 11
titre : fenetre
instances : alea35_11_1
temps de calcul : 0.022571086883544922
valeur objective : 196.0
nombre de solutions : 4
nombre de noeuds : 1.0
faisability : True
moy_distances :	32.13
min_distances :	10.0
max_distances :	54.0
var_distances :	89.69833768801638
covar_distances :	89.77377783745965
ecartType_distances :	9.47092063571522
coef_variation	: 0.2947433327187905
distances_centre_x :
-1.0	22.0	10.0	-1.0	-1.0	-1.0	-1.0	-1.0	-1.0	13.0	-1.0	-1.0	-1.0	-1.0	16.0	14.0	17.0	-1.0	13.0	-1.0	21.0	19.0	0.0	-1.0	-1.0	0.0	12.0	-1.0	0.0	-1.0	0.0	0.0	-1.0	-1.0	-1.0	
0.0	22.0	-1.0	-1.0	0.0	23.0	30.0	23.0	32.0	-1.0	21.0	13.0	-1.0	0.0	-1.0	0.0	17.0	-1.0	13.0	17.0	21.0	13.0	-1.0	12.0	16.0	0.0	-1.0	0.0	-1.0	23.0	0.0	0.0	23.0	10.0	10.0	
-1.0	-1.0	-1.0	-1.0	-1.0	-1.0	-1.0	-1.0	-1.0	-1.0	-1.0	-1.0	-1.0	-1.0	-1.0	-1.0	-1.0	-1.0	-1.0	-1.0	30.0	-1.0	-1.0	-1.0	-1.0	-1.0	-1.0	-1.0	-1.0	24.0	-1.0	0.0	-1.0	-1.0	-1.0	

distances_centre_w :
-1.0	-1.0	-1.0	-1.0	-1.0	-1.0	-1.0	-1.0	32.0	-1.0	23.0	29.0	-1.0	-1.0	-1.0	-1.0	-1.0	-1.0	-1.0	-1.0	-1.0	27.0	-1.0	-1.0	-1.0	-1.0	-1.0	-1.0	-1.0	-1.0	-1.0	-1.0	-1.0	-1.0	-1.0	
32.0	30.0	-1.0	-1.0	29.0	26.0	34.0	29.0	32.0	-1.0	28.0	28.0	-1.0	26.0	-1.0	31.0	23.0	-1.0	19.0	30.0	30.0	27.0	-1.0	25.0	27.0	22.0	-1.0	31.0	-1.0	31.0	24.0	28.0	23.0	29.0	31.0	
-1.0	-1.0	-1.0	-1.0	-1.0	-1.0	-1.0	-1.0	-1.0	-1.0	-1.0	-1.0	-1.0	-1.0	-1.0	-1.0	-1.0	-1.0	-1.0	-1.0	-1.0	-1.0	-1.0	-1.0	-1.0	-1.0	-1.0	-1.0	-1.0	-1.0	-1.0	-1.0	-1.0	-1.0	-1.0	

maxX :
22.0	32.0	nan	

maxW :
32.0	34.0	nan	

minX :
0.0	0.0	nan	

minW :
23.0	19.0	nan	

moyX :
10.466666666666667	13.038461538461538	nan	

moyW :
27.75	27.884615384615383	nan	

medX :
13.0	13.0	nan	

medW :
28.0	28.5	nan	

ecartTypeX :
8.023853327561653	10.135545862992698	nan	

ecartTypeW :
3.2691742076555053	3.5118143795887606	nan	

varX :
64.38222222222223	102.7292899408284	nan	

varW :
10.6875	12.33284023668639	nan	

covarX :
68.98095238095239	106.83846153846154	nan	

covarW :
14.25	12.82615384615385	nan	

coef_variationX :
0.7666101905313681	0.7773574998165491	nan	

coef_variationW :
0.11780807955515334	0.1259409294749073	nan	

moy_distances_centre :	32.69090909090909
min_distances_centre :	11.0
max_distances_centre :	48.0
med_distances_centre :	32.0
ecartType_distances_centre :	9.320305744639159
var_distances_centre :	86.86809917355372
covar_distances_centre :	87.66505421184321
coef_variation_distances_centre :	0.2851039020885171
capacite_X_temoin : 
27.0	27.0	0.0	29.0	0.0	30.0	28.0	33.0	29.0	32.0	31.0	
34.0	33.0	33.0	29.0	31.0	27.0	28.0	31.0	34.0	30.0	26.0	
30.0	28.0	32.0	30.0	33.0	31.0	32.0	26.0	0.0	0.0	29.0	

capacite_W_temoin : 
34.1	33.1	0.0	32.7	0.0	37.0	34.4	38.9	36.7	36.6	39.3	
43.2	42.9	36.9	33.7	38.3	32.1	35.4	36.3	44.2	35.0	32.8	
38.0	35.4	38.6	34.0	41.9	36.3	39.6	30.8	0.0	0.0	34.7	

demande_cumulee_X : 
1.0	2.0	0.0	5.0	0.0	2.0	2.0	4.0	1.0	5.0	1.0	
1.0	0.0	6.0	4.0	2.0	3.0	1.0	4.0	0.0	4.0	1.0	
1.0	1.0	3.0	5.0	1.0	4.0	2.0	3.0	0.0	0.0	3.0	

demande_cumulee_W : 
8.0	5.0	0.0	6.0	0.0	0.0	2.0	1.0	1.0	0.0	0.0	
9.0	5.0	4.0	3.0	1.0	1.0	1.0	0.0	2.0	0.0	0.0	
9.0	3.0	5.0	2.0	2.0	1.0	1.0	0.0	0.0	0.0	0.0	

capacite_residuelle_X : 
26.0	25.0	0.0	24.0	0.0	28.0	26.0	29.0	28.0	27.0	30.0	
33.0	33.0	27.0	25.0	29.0	24.0	27.0	27.0	34.0	26.0	25.0	
29.0	27.0	29.0	25.0	32.0	27.0	30.0	23.0	0.0	0.0	26.0	

capacite_residuelle_W : 
26.1	28.1	0.0	26.700000000000003	0.0	37.0	32.4	37.9	35.7	36.6	39.3	
34.2	37.9	32.9	30.700000000000003	37.3	31.1	34.4	36.3	42.2	35.0	32.8	
29.0	32.4	33.6	32.0	39.9	35.3	38.6	30.8	0.0	0.0	34.7	

min_capacite_X : 
0.0	26.0	0.0	

min_capacite_W : 
0.0	32.1	0.0	

max_capacite_X : 
33.0	34.0	33.0	

max_capacite_W : 
39.3	44.2	41.9	

moy_capacite_X : 
24.181818181818183	30.545454545454547	24.636363636363637	

moy_capacite_W : 
29.345454545454547	37.345454545454544	29.936363636363637	

med_capacite_X : 
29.0	31.0	30.0	

med_capacite_W : 
34.4	36.3	35.4	

ecartType_capacite_X : 
11.542948904915399	2.6752616308294837	11.764914922790384	

ecartType_capacite_W : 
13.985405616139056	4.101743229489281	14.394650062200997	

var_capacite_X : 
133.2396694214876	7.1570247933884295	138.41322314049586	

var_capacite_W : 
195.59157024793387	16.82429752066116	207.20595041322315	

covar_capacite_X : 
146.56363636363633	7.872727272727272	152.25454545454545	

covar_capacite_W : 
215.1507272727273	18.506727272727275	227.92654545454548	

##########	##########	##########	##########	##########	##########	##########	##########	##########	##########	##########	##########	##########	##########	##########	##########	##########	##########	##########	##########	##########	##########	##########	##########	##########	##########	##########	##########	##########	##########	##########	##########	##########	##########	##########	nombre de noeuds : 35
nombre de strates : 3
nombre de centres : 11
titre : fenetre
instances : alea35_11_1
temps de calcul : 0.023555994033813477
valeur objective : 177.0
nombre de solutions : 4
nombre de noeuds : 1.0
faisability : True
moy_distances :	32.13
min_distances :	10.0
max_distances :	54.0
var_distances :	89.69833768801638
covar_distances :	89.77377783745965
ecartType_distances :	9.47092063571522
coef_variation	: 0.2947433327187905
distances_centre_x :
-1.0	22.0	10.0	-1.0	-1.0	-1.0	-1.0	-1.0	-1.0	13.0	-1.0	-1.0	-1.0	-1.0	16.0	14.0	17.0	-1.0	13.0	-1.0	21.0	19.0	0.0	-1.0	-1.0	0.0	12.0	-1.0	0.0	-1.0	0.0	0.0	24.0	-1.0	-1.0	
22.0	22.0	-1.0	-1.0	0.0	23.0	0.0	23.0	20.0	-1.0	21.0	13.0	-1.0	0.0	-1.0	0.0	17.0	-1.0	13.0	13.0	21.0	13.0	-1.0	12.0	16.0	0.0	-1.0	0.0	-1.0	23.0	0.0	0.0	23.0	10.0	10.0	
-1.0	-1.0	-1.0	-1.0	-1.0	-1.0	-1.0	-1.0	-1.0	-1.0	-1.0	-1.0	-1.0	-1.0	-1.0	-1.0	-1.0	-1.0	-1.0	-1.0	30.0	-1.0	-1.0	-1.0	-1.0	-1.0	-1.0	-1.0	-1.0	24.0	-1.0	0.0	-1.0	-1.0	-1.0	

distances_centre_w :
-1.0	27.0	-1.0	24.0	-1.0	-1.0	-1.0	-1.0	32.0	-1.0	23.0	25.0	17.0	22.0	19.0	29.0	-1.0	-1.0	20.0	-1.0	-1.0	27.0	-1.0	-1.0	-1.0	27.0	-1.0	-1.0	-1.0	-1.0	-1.0	-1.0	-1.0	23.0	-1.0	
28.0	27.0	-1.0	-1.0	14.0	28.0	30.0	27.0	32.0	-1.0	23.0	18.0	-1.0	22.0	-1.0	14.0	23.0	-1.0	20.0	17.0	27.0	19.0	-1.0	26.0	27.0	14.0	-1.0	14.0	-1.0	24.0	24.0	22.0	24.0	19.0	11.0	
-1.0	-1.0	-1.0	-1.0	-1.0	-1.0	-1.0	-1.0	-1.0	-1.0	-1.0	-1.0	-1.0	-1.0	-1.0	-1.0	-1.0	-1.0	-1.0	-1.0	-1.0	-1.0	-1.0	-1.0	-1.0	-1.0	-1.0	-1.0	-1.0	-1.0	-1.0	-1.0	-1.0	-1.0	-1.0	

maxX :
24.0	23.0	nan	

maxW :
32.0	32.0	nan	

minX :
0.0	0.0	nan	

minW :
17.0	11.0	nan	

moyX :
11.3125	12.115384615384615	nan	

moyW :
24.23076923076923	22.076923076923077	nan	

medX :
13.0	13.0	nan	

medW :
24.0	23.0	nan	

ecartTypeX :
8.431479333426608	9.0184721675396	nan	

ecartTypeW :
4.041207857404214	5.567232960837608	nan	

varX :
71.08984375	81.33284023668638	nan	

varW :
16.331360946745562	30.994082840236686	nan	

covarX :
75.82916666666667	84.58615384615385	nan	

covarW :
17.692307692307693	32.23384615384615	nan	

coef_variationX :
0.7453241399714129	0.7443818297016812	nan	

coef_variationW :
0.16678000681350727	0.2521743152992645	nan	

moy_distances_centre :	33.345454545454544
min_distances_centre :	11.0
max_distances_centre :	51.0
med_distances_centre :	34.0
ecartType_distances_centre :	9.32682968999197
var_distances_centre :	86.98975206611568
covar_distances_centre :	87.78782318598834
coef_variation_distances_centre :	0.2797031804523219
capacite_X_temoin : 
27.0	0.0	33.0	29.0	0.0	30.0	28.0	33.0	29.0	32.0	31.0	
33.0	33.0	28.0	29.0	31.0	27.0	28.0	31.0	34.0	30.0	26.0	
28.0	32.0	0.0	30.0	33.0	31.0	32.0	26.0	0.0	0.0	29.0	

capacite_W_temoin : 
33.1	0.0	41.9	33.7	0.0	36.0	33.4	38.9	36.7	37.6	39.3	
42.9	36.9	33.4	34.7	38.3	32.1	34.4	38.3	44.2	35.0	32.8	
36.4	37.6	0.0	34.0	41.9	35.3	39.6	30.8	0.0	0.0	34.7	

demande_cumulee_X : 
2.0	0.0	1.0	4.0	0.0	3.0	3.0	4.0	1.0	4.0	1.0	
0.0	6.0	3.0	3.0	2.0	3.0	2.0	2.0	0.0	4.0	1.0	
0.0	4.0	0.0	5.0	1.0	5.0	2.0	3.0	0.0	0.0	3.0	

demande_cumulee_W : 
5.0	0.0	1.0	4.0	0.0	3.0	1.0	1.0	3.0	3.0	2.0	
3.0	2.0	1.0	3.0	1.0	2.0	3.0	5.0	2.0	1.0	3.0	
8.0	8.0	0.0	4.0	2.0	0.0	1.0	0.0	0.0	0.0	0.0	

capacite_residuelle_X : 
25.0	0.0	32.0	25.0	0.0	27.0	25.0	29.0	28.0	28.0	30.0	
33.0	27.0	25.0	26.0	29.0	24.0	26.0	29.0	34.0	26.0	25.0	
28.0	28.0	0.0	25.0	32.0	26.0	30.0	23.0	0.0	0.0	26.0	

capacite_residuelle_W : 
28.1	0.0	40.9	29.700000000000003	0.0	33.0	32.4	37.9	33.7	34.6	37.3	
39.9	34.9	32.4	31.700000000000003	37.3	30.1	31.4	33.3	42.2	34.0	29.799999999999997	
28.4	29.6	0.0	30.0	39.9	35.3	38.6	30.8	0.0	0.0	34.7	

min_capacite_X : 
0.0	26.0	0.0	

min_capacite_W : 
0.0	32.1	0.0	

max_capacite_X : 
33.0	34.0	33.0	

max_capacite_W : 
41.9	44.2	41.9	

moy_capacite_X : 
24.727272727272727	30.0	21.90909090909091	

moy_capacite_W : 
30.05454545454546	36.63636363636363	26.39090909090909	

med_capacite_X : 
29.0	30.0	29.0	

med_capacite_W : 
36.0	35.0	34.7	

ecartType_capacite_X : 
11.802086942500766	2.522624895547565	13.547589825597933	

ecartType_capacite_W : 
14.399454764700682	3.8048468437155565	16.392983784393003	

var_capacite_X : 
139.2892561983471	6.363636363636363	183.53719008264463	

var_capacite_W : 
207.34429752066117	14.476859504132234	268.7299173553719	

covar_capacite_X : 
153.21818181818182	7.0	201.89090909090908	

covar_capacite_W : 
228.0787272727273	15.92454545454546	295.6029090909091	

##########	##########	##########	##########	##########	##########	##########	##########	##########	##########	##########	##########	##########	##########	##########	##########	##########	##########	##########	##########	##########	##########	##########	##########	##########	##########	##########	##########	##########	##########	##########	##########	##########	##########	##########	nombre de noeuds : 35
nombre de strates : 3
nombre de centres : 11
titre : fenetre
instances : alea35_11_1
temps de calcul : 0.022677898406982422
valeur objective : 187.0
nombre de solutions : 3
nombre de noeuds : 0.0
faisability : True
moy_distances :	32.13
min_distances :	10.0
max_distances :	54.0
var_distances :	89.69833768801638
covar_distances :	89.77377783745965
ecartType_distances :	9.47092063571522
coef_variation	: 0.2947433327187905
distances_centre_x :
-1.0	27.0	10.0	-1.0	-1.0	-1.0	-1.0	-1.0	-1.0	-1.0	-1.0	-1.0	-1.0	-1.0	16.0	-1.0	17.0	-1.0	13.0	-1.0	21.0	-1.0	0.0	-1.0	-1.0	0.0	12.0	-1.0	0.0	-1.0	0.0	0.0	-1.0	-1.0	-1.0	
22.0	27.0	-1.0	-1.0	0.0	23.0	0.0	23.0	20.0	-1.0	21.0	0.0	-1.0	0.0	-1.0	0.0	17.0	-1.0	13.0	13.0	21.0	13.0	-1.0	12.0	16.0	0.0	-1.0	14.0	-1.0	14.0	0.0	0.0	17.0	10.0	10.0	
-1.0	-1.0	-1.0	-1.0	-1.0	-1.0	-1.0	-1.0	-1.0	-1.0	-1.0	-1.0	-1.0	-1.0	-1.0	-1.0	-1.0	-1.0	-1.0	-1.0	30.0	-1.0	-1.0	-1.0	-1.0	-1.0	-1.0	-1.0	-1.0	24.0	-1.0	0.0	-1.0	-1.0	-1.0	

distances_centre_w :
-1.0	-1.0	-1.0	-1.0	-1.0	-1.0	-1.0	-1.0	-1.0	30.0	29.0	-1.0	26.0	-1.0	26.0	29.0	-1.0	-1.0	-1.0	-1.0	-1.0	27.0	-1.0	-1.0	-1.0	27.0	12.0	-1.0	-1.0	-1.0	-1.0	-1.0	24.0	-1.0	-1.0	
28.0	29.0	-1.0	-1.0	14.0	28.0	32.0	27.0	29.0	-1.0	28.0	18.0	-1.0	26.0	-1.0	13.0	18.0	-1.0	27.0	19.0	27.0	21.0	-1.0	26.0	27.0	14.0	-1.0	27.0	-1.0	27.0	24.0	22.0	23.0	19.0	18.0	
-1.0	-1.0	-1.0	-1.0	-1.0	-1.0	-1.0	-1.0	-1.0	-1.0	-1.0	-1.0	-1.0	-1.0	-1.0	-1.0	-1.0	-1.0	-1.0	-1.0	-1.0	-1.0	-1.0	-1.0	-1.0	-1.0	-1.0	-1.0	-1.0	-1.0	-1.0	-1.0	-1.0	-1.0	-1.0	

maxX :
27.0	27.0	nan	

maxW :
30.0	32.0	nan	

minX :
0.0	0.0	nan	

minW :
12.0	13.0	nan	

moyX :
9.666666666666666	11.76923076923077	nan	

moyW :
25.555555555555557	23.5	nan	

medX :
11.0	13.0	nan	

medW :
27.0	26.0	nan	

ecartTypeX :
9.159087776022725	8.833100737513032	nan	

ecartTypeW :
5.101440125888442	5.2275159566397384	nan	

varX :
83.8888888888889	78.02366863905326	nan	

varW :
26.024691358024686	27.326923076923077	nan	

covarX :
91.51515151515153	81.14461538461538	nan	

covarW :
29.277777777777775	28.42	nan	

coef_variationX :
0.9474918388989026	0.7505248992658131	nan	

coef_variationW :
0.19962157014346077	0.2224474875165846	nan	

moy_distances_centre :	32.72727272727273
min_distances_centre :	11.0
max_distances_centre :	51.0
med_distances_centre :	33.0
ecartType_distances_centre :	9.43967361811461
var_distances_centre :	89.10743801652895
covar_distances_centre :	89.92493744787325
coef_variation_distances_centre :	0.28843447166461306
capacite_X_temoin : 
27.0	0.0	33.0	29.0	29.0	0.0	30.0	28.0	29.0	32.0	31.0	
33.0	33.0	28.0	28.0	29.0	31.0	27.0	28.0	34.0	30.0	26.0	
28.0	32.0	0.0	0.0	30.0	33.0	31.0	32.0	0.0	0.0	29.0	

capacite_W_temoin : 
32.1	0.0	41.9	33.7	34.7	0.0	36.0	34.4	35.7	37.6	39.3	
42.9	37.9	33.4	32.4	34.7	38.3	32.1	34.4	43.2	37.0	32.8	
35.4	35.6	0.0	0.0	32.0	41.9	37.3	39.6	0.0	0.0	34.7	

demande_cumulee_X : 
3.0	0.0	1.0	4.0	3.0	0.0	3.0	2.0	2.0	4.0	1.0	
0.0	5.0	3.0	4.0	3.0	2.0	3.0	2.0	1.0	2.0	1.0	
1.0	6.0	0.0	0.0	7.0	1.0	3.0	2.0	0.0	0.0	3.0	

demande_cumulee_W : 
4.0	0.0	1.0	3.0	6.0	0.0	1.0	2.0	2.0	2.0	2.0	
6.0	3.0	2.0	7.0	3.0	1.0	0.0	1.0	1.0	0.0	2.0	
8.0	8.0	0.0	0.0	3.0	2.0	1.0	1.0	0.0	0.0	0.0	

capacite_residuelle_X : 
24.0	0.0	32.0	25.0	26.0	0.0	27.0	26.0	27.0	28.0	30.0	
33.0	28.0	25.0	24.0	26.0	29.0	24.0	26.0	33.0	28.0	25.0	
27.0	26.0	0.0	0.0	23.0	32.0	28.0	30.0	0.0	0.0	26.0	

capacite_residuelle_W : 
28.1	0.0	40.9	30.700000000000003	28.700000000000003	0.0	35.0	32.4	33.7	35.6	37.3	
36.9	34.9	31.4	25.4	31.700000000000003	37.3	32.1	33.4	42.2	37.0	30.799999999999997	
27.4	27.6	0.0	0.0	29.0	39.9	36.3	38.6	0.0	0.0	34.7	

min_capacite_X : 
0.0	26.0	0.0	

min_capacite_W : 
0.0	32.1	0.0	

max_capacite_X : 
33.0	34.0	33.0	

max_capacite_W : 
41.9	43.2	41.9	

moy_capacite_X : 
24.363636363636363	29.727272727272727	19.545454545454547	

moy_capacite_W : 
29.581818181818186	36.28181818181818	23.318181818181817	

med_capacite_X : 
29.0	29.0	29.0	

med_capacite_W : 
34.7	34.7	34.7	

ecartType_capacite_X : 
11.601510303504197	2.5616368733827946	14.834625566642366	

ecartType_capacite_W : 
14.180576868751796	3.7886956694927427	17.79314567629488	

var_capacite_X : 
134.59504132231405	6.561983471074379	220.06611570247935	

var_capacite_W : 
201.0887603305785	14.354214876033062	316.5960330578512	

covar_capacite_X : 
148.05454545454543	7.218181818181818	242.07272727272732	

covar_capacite_W : 
221.19763636363643	15.789636363636369	348.2556363636363	

##########	##########	##########	##########	##########	##########	##########	##########	##########	##########	##########	##########	##########	##########	##########	##########	##########	##########	##########	##########	##########	##########	##########	##########	##########	##########	##########	##########	##########	##########	##########	##########	##########	##########	##########	nombre de noeuds : 35
nombre de strates : 3
nombre de centres : 11
titre : fenetre
instances : alea35_11_1
temps de calcul : 0.020733118057250977
valeur objective : 190.0
nombre de solutions : 4
nombre de noeuds : 1.0
faisability : True
moy_distances :	32.13
min_distances :	10.0
max_distances :	54.0
var_distances :	89.69833768801638
covar_distances :	89.77377783745965
ecartType_distances :	9.47092063571522
coef_variation	: 0.2947433327187905
distances_centre_x :
-1.0	27.0	10.0	24.0	-1.0	-1.0	-1.0	-1.0	-1.0	30.0	-1.0	-1.0	-1.0	-1.0	16.0	-1.0	-1.0	-1.0	-1.0	-1.0	21.0	-1.0	0.0	-1.0	-1.0	0.0	12.0	-1.0	0.0	-1.0	0.0	0.0	-1.0	-1.0	-1.0	
22.0	27.0	-1.0	-1.0	-1.0	23.0	-1.0	23.0	-1.0	-1.0	21.0	0.0	-1.0	0.0	-1.0	0.0	17.0	-1.0	13.0	-1.0	21.0	-1.0	-1.0	-1.0	16.0	0.0	-1.0	14.0	-1.0	14.0	0.0	0.0	17.0	-1.0	-1.0	
-1.0	-1.0	-1.0	-1.0	-1.0	-1.0	-1.0	-1.0	-1.0	-1.0	-1.0	-1.0	-1.0	-1.0	-1.0	-1.0	-1.0	-1.0	-1.0	-1.0	-1.0	-1.0	-1.0	-1.0	-1.0	-1.0	-1.0	-1.0	-1.0	-1.0	-1.0	0.0	-1.0	-1.0	-1.0	

distances_centre_w :
-1.0	-1.0	-1.0	-1.0	-1.0	-1.0	-1.0	-1.0	-1.0	30.0	29.0	-1.0	-1.0	-1.0	-1.0	29.0	-1.0	-1.0	-1.0	-1.0	-1.0	27.0	-1.0	-1.0	-1.0	-1.0	-1.0	-1.0	-1.0	-1.0	-1.0	-1.0	-1.0	-1.0	-1.0	
28.0	29.0	-1.0	-1.0	14.0	30.0	32.0	27.0	29.0	-1.0	-1.0	18.0	-1.0	18.0	-1.0	13.0	17.0	-1.0	-1.0	19.0	-1.0	21.0	-1.0	26.0	27.0	-1.0	-1.0	27.0	-1.0	27.0	25.0	22.0	-1.0	25.0	18.0	
-1.0	-1.0	-1.0	-1.0	-1.0	-1.0	-1.0	-1.0	-1.0	-1.0	-1.0	-1.0	-1.0	-1.0	-1.0	-1.0	-1.0	-1.0	-1.0	-1.0	-1.0	-1.0	-1.0	-1.0	-1.0	-1.0	-1.0	-1.0	-1.0	-1.0	-1.0	-1.0	-1.0	-1.0	-1.0	

maxX :
30.0	27.0	nan	

maxW :
30.0	32.0	nan	

minX :
0.0	0.0	nan	

minW :
27.0	13.0	nan	

moyX :
11.666666666666666	12.666666666666666	nan	

moyW :
28.75	23.428571428571427	nan	

medX :
11.0	15.0	nan	

medW :
29.0	25.0	nan	

ecartTypeX :
11.22744652873286	9.60324019392529	nan	

ecartTypeW :
1.0897247358851685	5.421047417431508	nan	

varX :
126.05555555555554	92.22222222222223	nan	

varW :
1.1875	29.38775510204082	nan	

covarX :
137.5151515151515	97.6470588235294	nan	

covarW :
1.5833333333333333	30.85714285714286	nan	

coef_variationX :
0.9623525596056738	0.7581505416256807	nan	

coef_variationW :
0.03790346907426673	0.2313861702562229	nan	

moy_distances_centre :	32.63636363636363
min_distances_centre :	11.0
max_distances_centre :	51.0
med_distances_centre :	33.0
ecartType_distances_centre :	9.187666904089191
var_distances_centre :	84.41322314049587
covar_distances_centre :	85.18765638031694
coef_variation_distances_centre :	0.28151625611415354
capacite_X_temoin : 
0.0	33.0	29.0	29.0	29.0	0.0	30.0	28.0	29.0	32.0	31.0	
33.0	28.0	0.0	28.0	29.0	31.0	27.0	28.0	34.0	30.0	26.0	
32.0	0.0	27.0	0.0	30.0	33.0	31.0	32.0	0.0	0.0	29.0	

capacite_W_temoin : 
0.0	41.9	35.7	32.7	34.7	0.0	36.0	34.4	35.7	37.6	39.3	
37.9	33.4	0.0	33.4	34.7	38.3	32.1	34.4	43.2	36.0	32.8	
36.6	0.0	30.1	0.0	32.0	41.9	38.3	39.6	0.0	0.0	36.7	

demande_cumulee_X : 
0.0	1.0	2.0	5.0	3.0	0.0	3.0	2.0	2.0	4.0	1.0	
5.0	3.0	0.0	3.0	3.0	2.0	3.0	2.0	1.0	3.0	1.0	
5.0	0.0	5.0	0.0	7.0	1.0	2.0	2.0	0.0	0.0	1.0	

demande_cumulee_W : 
0.0	3.0	4.0	6.0	6.0	0.0	1.0	1.0	1.0	0.0	1.0	
4.0	1.0	0.0	10.0	4.0	1.0	1.0	1.0	2.0	0.0	2.0	
14.0	0.0	1.0	0.0	4.0	4.0	0.0	0.0	0.0	0.0	0.0	

capacite_residuelle_X : 
0.0	32.0	27.0	24.0	26.0	0.0	27.0	26.0	27.0	28.0	30.0	
28.0	25.0	0.0	25.0	26.0	29.0	24.0	26.0	33.0	27.0	25.0	
27.0	0.0	22.0	0.0	23.0	32.0	29.0	30.0	0.0	0.0	28.0	

capacite_residuelle_W : 
0.0	38.9	31.700000000000003	26.700000000000003	28.700000000000003	0.0	35.0	33.4	34.7	37.6	38.3	
33.9	32.4	0.0	23.4	30.700000000000003	37.3	31.1	33.4	41.2	36.0	30.799999999999997	
22.6	0.0	29.1	0.0	28.0	37.9	38.3	39.6	0.0	0.0	36.7	

min_capacite_X : 
0.0	0.0	0.0	

min_capacite_W : 
0.0	0.0	0.0	

max_capacite_X : 
33.0	34.0	33.0	

max_capacite_W : 
41.9	43.2	41.9	

moy_capacite_X : 
24.545454545454547	26.727272727272727	19.454545454545453	

moy_capacite_W : 
29.818181818181824	32.38181818181818	23.2	

med_capacite_X : 
29.0	28.0	29.0	

med_capacite_W : 
35.7	34.4	32.0	

ecartType_capacite_X : 
11.656942031281668	8.77072516013988	14.785518937390526	

ecartType_capacite_W : 
14.25487592381308	10.6854036535673	17.80316621482615	

var_capacite_X : 
135.88429752066116	76.92561983471074	218.61157024793386	

var_capacite_W : 
203.20148760330582	114.17785123966941	316.95272727272726	

covar_capacite_X : 
149.47272727272727	84.61818181818182	240.4727272727273	

covar_capacite_W : 
223.5216363636364	125.59563636363634	348.6480000000001	

##########	##########	##########	##########	##########	##########	##########	##########	##########	##########	##########	##########	##########	##########	##########	##########	##########	##########	##########	##########	##########	##########	##########	##########	##########	##########	##########	##########	##########	##########	##########	##########	##########	##########	##########	nombre de noeuds : 35
nombre de strates : 3
nombre de centres : 11
titre : fenetre
instances : alea35_11_1
temps de calcul : 0.023196935653686523
valeur objective : 192.0
nombre de solutions : 4
nombre de noeuds : 1.0
faisability : True
moy_distances :	32.13
min_distances :	10.0
max_distances :	54.0
var_distances :	89.69833768801638
covar_distances :	89.77377783745965
ecartType_distances :	9.47092063571522
coef_variation	: 0.2947433327187905
distances_centre_x :
-1.0	27.0	10.0	24.0	-1.0	-1.0	-1.0	-1.0	19.0	30.0	19.0	-1.0	-1.0	-1.0	19.0	-1.0	-1.0	-1.0	-1.0	-1.0	21.0	-1.0	0.0	-1.0	-1.0	27.0	-1.0	-1.0	0.0	-1.0	0.0	0.0	15.0	-1.0	-1.0	
28.0	27.0	-1.0	-1.0	-1.0	23.0	-1.0	23.0	19.0	-1.0	19.0	0.0	-1.0	0.0	-1.0	0.0	17.0	-1.0	13.0	-1.0	21.0	-1.0	-1.0	-1.0	16.0	-1.0	-1.0	14.0	-1.0	14.0	0.0	0.0	15.0	-1.0	-1.0	
-1.0	-1.0	-1.0	-1.0	-1.0	-1.0	-1.0	-1.0	-1.0	-1.0	-1.0	-1.0	-1.0	-1.0	-1.0	-1.0	-1.0	-1.0	-1.0	-1.0	-1.0	-1.0	-1.0	-1.0	-1.0	-1.0	-1.0	-1.0	-1.0	-1.0	-1.0	0.0	-1.0	-1.0	-1.0	

distances_centre_w :
-1.0	-1.0	-1.0	-1.0	-1.0	-1.0	-1.0	-1.0	-1.0	-1.0	-1.0	-1.0	-1.0	-1.0	-1.0	27.0	-1.0	-1.0	-1.0	-1.0	-1.0	31.0	-1.0	-1.0	-1.0	-1.0	-1.0	-1.0	-1.0	-1.0	-1.0	-1.0	-1.0	-1.0	-1.0	
29.0	29.0	-1.0	-1.0	28.0	30.0	32.0	27.0	-1.0	-1.0	-1.0	-1.0	-1.0	18.0	-1.0	13.0	17.0	-1.0	-1.0	19.0	-1.0	21.0	-1.0	28.0	27.0	27.0	-1.0	27.0	-1.0	-1.0	25.0	22.0	-1.0	25.0	18.0	
-1.0	-1.0	-1.0	-1.0	-1.0	-1.0	-1.0	-1.0	-1.0	-1.0	-1.0	-1.0	-1.0	-1.0	-1.0	-1.0	-1.0	-1.0	-1.0	-1.0	-1.0	-1.0	-1.0	-1.0	-1.0	27.0	-1.0	-1.0	-1.0	-1.0	-1.0	-1.0	-1.0	-1.0	-1.0	

maxX :
30.0	28.0	0.0	

maxW :
31.0	32.0	27.0	

minX :
0.0	0.0	0.0	

minW :
27.0	13.0	27.0	

moyX :
15.071428571428571	13.833333333333334	0.0	

moyW :
29.0	24.31578947368421	27.0	

medX :
19.0	15.5	0.0	

medW :
29.0	27.0	27.0	

ecartTypeX :
10.700228874149547	9.488296884993522	0.0	

ecartTypeW :
2.0	5.12016273979592	0.0	

varX :
114.49489795918369	90.02777777777777	0.0	

varW :
4.0	26.21606648199446	0.0	

covarX :
123.30219780219782	95.32352941176471	nan	

covarW :
8.0	27.67251461988304	nan	

coef_variationX :
0.7099677925976002	0.6859009796380859	nan	

coef_variationW :
0.06896551724137931	0.21056946332494045	0.0	

moy_distances_centre :	31.181818181818183
min_distances_centre :	11.0
max_distances_centre :	50.0
med_distances_centre :	32.0
ecartType_distances_centre :	9.379069364748313
var_distances_centre :	87.96694214876032
covar_distances_centre :	88.77397831526272
coef_variation_distances_centre :	0.3007864810852228
capacite_X_temoin : 
0.0	33.0	29.0	29.0	29.0	0.0	26.0	30.0	29.0	32.0	31.0	
33.0	28.0	0.0	28.0	29.0	31.0	27.0	27.0	34.0	30.0	26.0	
32.0	0.0	27.0	0.0	30.0	33.0	0.0	31.0	0.0	0.0	29.0	

capacite_W_temoin : 
0.0	42.9	34.7	33.7	35.7	0.0	30.8	36.0	35.7	37.6	38.3	
36.9	34.4	0.0	34.4	35.7	38.3	32.1	32.1	43.2	36.0	31.8	
35.6	0.0	29.1	0.0	32.0	41.9	0.0	38.3	0.0	0.0	36.7	

demande_cumulee_X : 
0.0	0.0	3.0	4.0	2.0	0.0	3.0	3.0	2.0	4.0	2.0	
6.0	2.0	0.0	2.0	2.0	2.0	3.0	3.0	1.0	3.0	2.0	
6.0	0.0	6.0	0.0	7.0	1.0	0.0	2.0	0.0	0.0	1.0	

demande_cumulee_W : 
0.0	5.0	4.0	7.0	5.0	0.0	1.0	0.0	1.0	0.0	0.0	
5.0	2.0	0.0	10.0	4.0	0.0	0.0	0.0	3.0	0.0	2.0	
12.0	0.0	1.0	0.0	5.0	4.0	0.0	0.0	0.0	0.0	1.0	

capacite_residuelle_X : 
0.0	33.0	26.0	25.0	27.0	0.0	23.0	27.0	27.0	28.0	29.0	
27.0	26.0	0.0	26.0	27.0	29.0	24.0	24.0	33.0	27.0	24.0	
26.0	0.0	21.0	0.0	23.0	32.0	0.0	29.0	0.0	0.0	28.0	

capacite_residuelle_W : 
0.0	37.9	30.700000000000003	26.700000000000003	30.700000000000003	0.0	29.8	36.0	34.7	37.6	38.3	
31.9	32.4	0.0	24.4	31.700000000000003	38.3	32.1	32.1	40.2	36.0	29.8	
23.6	0.0	28.1	0.0	27.0	37.9	0.0	38.3	0.0	0.0	35.7	

min_capacite_X : 
0.0	0.0	0.0	

min_capacite_W : 
0.0	0.0	0.0	

max_capacite_X : 
33.0	34.0	33.0	

max_capacite_W : 
42.9	43.2	41.9	

moy_capacite_X : 
24.363636363636363	26.636363636363637	16.545454545454547	

moy_capacite_W : 
29.581818181818186	32.26363636363636	19.41818181818182	

med_capacite_X : 
29.0	28.0	27.0	

med_capacite_W : 
35.7	34.4	29.1	

ecartType_capacite_X : 
11.6171716732581	8.762240552742902	15.17392282451369	

ecartType_capacite_W : 
14.233559459110468	10.675568771500718	17.989482694155097	

var_capacite_X : 
134.95867768595042	76.77685950413223	230.2479338842975	

var_capacite_W : 
202.5942148760331	113.96776859504133	323.62148760330575	

covar_capacite_X : 
148.45454545454547	84.45454545454547	253.27272727272725	

covar_capacite_W : 
222.8536363636364	125.36454545454545	355.9836363636364	

##########	##########	##########	##########	##########	##########	##########	##########	##########	##########	##########	##########	##########	##########	##########	##########	##########	##########	##########	##########	##########	##########	##########	##########	##########	##########	##########	##########	##########	##########	##########	##########	##########	##########	##########	nombre de noeuds : 35
nombre de strates : 3
nombre de centres : 11
titre : fenetre
instances : alea35_11_1
temps de calcul : 0.020322084426879883
valeur objective : 192.0
nombre de solutions : 3
nombre de noeuds : 1.0
faisability : True
moy_distances :	32.13
min_distances :	10.0
max_distances :	54.0
var_distances :	89.69833768801638
covar_distances :	89.77377783745965
ecartType_distances :	9.47092063571522
coef_variation	: 0.2947433327187905
distances_centre_x :
-1.0	27.0	10.0	24.0	-1.0	-1.0	-1.0	-1.0	19.0	30.0	19.0	-1.0	-1.0	-1.0	19.0	-1.0	-1.0	-1.0	-1.0	-1.0	21.0	-1.0	13.0	-1.0	-1.0	27.0	12.0	-1.0	0.0	-1.0	0.0	0.0	15.0	-1.0	-1.0	
28.0	27.0	-1.0	-1.0	-1.0	22.0	-1.0	22.0	19.0	-1.0	19.0	0.0	-1.0	0.0	-1.0	0.0	17.0	-1.0	12.0	-1.0	21.0	-1.0	-1.0	-1.0	16.0	-1.0	-1.0	14.0	-1.0	0.0	0.0	0.0	15.0	-1.0	-1.0	
-1.0	-1.0	-1.0	-1.0	-1.0	-1.0	-1.0	-1.0	-1.0	-1.0	-1.0	-1.0	-1.0	-1.0	-1.0	-1.0	-1.0	-1.0	-1.0	-1.0	-1.0	-1.0	-1.0	-1.0	-1.0	-1.0	-1.0	-1.0	-1.0	-1.0	-1.0	0.0	-1.0	-1.0	-1.0	

distances_centre_w :
-1.0	-1.0	-1.0	-1.0	-1.0	-1.0	-1.0	-1.0	-1.0	-1.0	-1.0	-1.0	-1.0	-1.0	-1.0	27.0	-1.0	-1.0	-1.0	-1.0	-1.0	31.0	-1.0	-1.0	-1.0	-1.0	-1.0	-1.0	-1.0	-1.0	-1.0	-1.0	-1.0	-1.0	-1.0	
29.0	29.0	-1.0	-1.0	28.0	30.0	32.0	27.0	-1.0	-1.0	-1.0	-1.0	-1.0	18.0	-1.0	13.0	-1.0	-1.0	-1.0	19.0	-1.0	21.0	-1.0	28.0	27.0	27.0	-1.0	27.0	-1.0	-1.0	25.0	22.0	-1.0	25.0	18.0	
-1.0	-1.0	-1.0	-1.0	-1.0	-1.0	-1.0	-1.0	-1.0	-1.0	-1.0	-1.0	-1.0	-1.0	-1.0	-1.0	-1.0	-1.0	-1.0	-1.0	-1.0	-1.0	-1.0	-1.0	-1.0	27.0	-1.0	-1.0	-1.0	-1.0	-1.0	-1.0	-1.0	-1.0	-1.0	

maxX :
30.0	28.0	0.0	

maxW :
31.0	32.0	27.0	

minX :
0.0	0.0	0.0	

minW :
27.0	13.0	27.0	

moyX :
15.733333333333333	12.88888888888889	0.0	

moyW :
29.0	24.72222222222222	27.0	

medX :
19.0	15.5	0.0	

medW :
29.0	27.0	27.0	

ecartTypeX :
9.601851673274044	9.898871366018838	0.0	

ecartTypeW :
2.0	4.95317581126331	0.0	

varX :
92.19555555555556	97.98765432098767	0.0	

varW :
4.0	24.53395061728395	0.0	

covarX :
98.7809523809524	103.75163398692811	nan	

covarW :
8.0	25.977124183006538	nan	

coef_variationX :
0.6102871826233504	0.7680158818462891	nan	

coef_variationW :
0.06896551724137931	0.20035317888256085	0.0	

moy_distances_centre :	30.69090909090909
min_distances_centre :	11.0
max_distances_centre :	50.0
med_distances_centre :	30.0
ecartType_distances_centre :	9.26748514925897
var_distances_centre :	85.88628099173555
covar_distances_centre :	86.6742285237698
coef_variation_distances_centre :	0.30196189763580766
capacite_X_temoin : 
0.0	33.0	29.0	29.0	29.0	0.0	26.0	29.0	26.0	32.0	31.0	
33.0	28.0	0.0	28.0	29.0	31.0	27.0	34.0	26.0	30.0	26.0	
32.0	0.0	27.0	0.0	30.0	33.0	0.0	0.0	0.0	0.0	29.0	

capacite_W_temoin : 
0.0	42.9	35.7	33.7	35.7	0.0	30.8	34.7	33.8	34.6	38.3	
36.9	34.4	0.0	34.4	35.7	38.3	32.1	43.2	29.8	37.0	31.8	
35.6	0.0	29.1	0.0	30.0	41.9	0.0	0.0	0.0	0.0	36.7	

demande_cumulee_X : 
0.0	0.0	2.0	4.0	2.0	0.0	3.0	3.0	0.0	7.0	2.0	
6.0	2.0	0.0	2.0	2.0	2.0	3.0	1.0	4.0	2.0	2.0	
6.0	0.0	6.0	0.0	9.0	1.0	0.0	0.0	0.0	0.0	1.0	

demande_cumulee_W : 
0.0	5.0	4.0	7.0	5.0	0.0	1.0	1.0	0.0	0.0	0.0	
5.0	3.0	0.0	9.0	4.0	0.0	0.0	3.0	0.0	0.0	2.0	
12.0	0.0	1.0	0.0	3.0	6.0	0.0	0.0	0.0	0.0	1.0	

capacite_residuelle_X : 
0.0	33.0	27.0	25.0	27.0	0.0	23.0	26.0	26.0	25.0	29.0	
27.0	26.0	0.0	26.0	27.0	29.0	24.0	33.0	22.0	28.0	24.0	
26.0	0.0	21.0	0.0	21.0	32.0	0.0	0.0	0.0	0.0	28.0	

capacite_residuelle_W : 
0.0	37.9	31.700000000000003	26.700000000000003	30.700000000000003	0.0	29.8	33.7	33.8	34.6	38.3	
31.9	31.4	0.0	25.4	31.700000000000003	38.3	32.1	40.2	29.8	37.0	29.8	
23.6	0.0	28.1	0.0	27.0	35.9	0.0	0.0	0.0	0.0	35.7	

min_capacite_X : 
0.0	0.0	0.0	

min_capacite_W : 
0.0	0.0	0.0	

max_capacite_X : 
33.0	34.0	33.0	

max_capacite_W : 
42.9	43.2	41.9	

moy_capacite_X : 
24.0	26.545454545454547	13.727272727272727	

moy_capacite_W : 
29.109090909090913	32.14545454545455	15.754545454545456	

med_capacite_X : 
29.0	28.0	0.0	

med_capacite_W : 
34.6	34.4	0.0	

ecartType_capacite_X : 
11.497035190944585	8.763183692571557	15.10623537177407	

ecartType_capacite_W : 
14.024553439363185	10.736544529305137	17.545803105346025	

var_capacite_X : 
132.1818181818182	76.79338842975207	228.19834710743805	

var_capacite_W : 
196.68809917355375	115.27338842975206	307.8552066115702	

covar_capacite_X : 
145.4	84.47272727272728	251.01818181818186	

covar_capacite_W : 
216.35690909090914	126.80072727272727	338.64072727272725	

##########	##########	##########	##########	##########	##########	##########	##########	##########	##########	##########	##########	##########	##########	##########	##########	##########	##########	##########	##########	##########	##########	##########	##########	##########	##########	##########	##########	##########	##########	##########	##########	##########	##########	##########	