nombre de noeuds : 20
nombre de strates : 4
nombre de centres : 4
titre : fenetre
instances : alea20_4_2
temps de calcul : 0.0058290958404541016
valeur objective : 380.0
nombre de solutions : 2
nombre de noeuds : 0.0
faisability : True
moy_distances :	34.14
min_distances :	10.0
max_distances :	60.0
var_distances :	139.844432132964
covar_distances :	140.21341480349952
ecartType_distances :	11.82558379670805
coef_variation	: 0.3464170399899059
distances_centre_x :
22.0	32.0	47.0	38.0	0.0	-1.0	25.0	10.0	-1.0	-1.0	0.0	0.0	13.0	19.0	-1.0	0.0	26.0	30.0	11.0	10.0	
-1.0	32.0	47.0	-1.0	0.0	12.0	-1.0	10.0	-1.0	-1.0	0.0	-1.0	13.0	-1.0	-1.0	0.0	26.0	30.0	-1.0	-1.0	
22.0	-1.0	47.0	-1.0	-1.0	12.0	25.0	10.0	17.0	18.0	0.0	0.0	-1.0	19.0	35.0	0.0	26.0	30.0	11.0	10.0	
-1.0	-1.0	-1.0	-1.0	-1.0	-1.0	25.0	-1.0	17.0	-1.0	0.0	0.0	13.0	19.0	35.0	0.0	26.0	30.0	11.0	10.0	

distances_centre_w :
32.0	39.0	54.0	40.0	17.0	-1.0	34.0	30.0	-1.0	-1.0	39.0	24.0	30.0	26.0	-1.0	26.0	30.0	41.0	28.0	27.0	
-1.0	39.0	54.0	-1.0	17.0	16.0	-1.0	30.0	-1.0	-1.0	24.0	-1.0	30.0	-1.0	-1.0	39.0	30.0	40.0	-1.0	-1.0	
40.0	-1.0	54.0	-1.0	-1.0	16.0	40.0	30.0	41.0	44.0	17.0	11.0	-1.0	26.0	42.0	26.0	30.0	40.0	22.0	16.0	
-1.0	-1.0	-1.0	-1.0	-1.0	-1.0	34.0	-1.0	34.0	-1.0	24.0	24.0	30.0	26.0	42.0	26.0	30.0	40.0	28.0	27.0	

maxX :
47.0	47.0	47.0	35.0	

maxW :
54.0	54.0	54.0	42.0	

minX :
0.0	0.0	0.0	0.0	

minW :
17.0	16.0	11.0	24.0	

moyX :
17.6875	17.0	17.625	15.5	

moyW :
32.3125	31.9	30.9375	30.416666666666668	

medX :
16.0	12.5	17.5	15.0	

medW :
30.0	30.0	30.0	29.0	

ecartTypeX :
14.15856079373889	15.270887335056859	12.717483045005407	11.485498102680033	

ecartTypeW :
8.453688174400568	10.96767979109529	12.095808933262793	5.707572942055922	

varX :
200.46484375	233.2	161.734375	131.91666666666666	

varW :
71.46484375	120.29	146.30859375	32.57638888888889	

covarX :
213.82916666666665	259.1111111111111	172.51666666666665	143.9090909090909	

covarW :
76.22916666666667	133.65555555555557	156.0625	35.53787878787879	

coef_variationX :
0.8004840024728701	0.8982874902974622	0.7215593217024344	0.7409998775922602	

coef_variationW :
0.26162284485572357	0.3438144135139589	0.3909756422872822	0.18764623371142758	

moy_distances_centre :	22.0
min_distances_centre :	11.0
max_distances_centre :	39.0
med_distances_centre :	20.5
ecartType_distances_centre :	9.16515138991168
var_distances_centre :	84.0
covar_distances_centre :	91.63636363636364
coef_variation_distances_centre :	0.4165977904505309
capacite_X_temoin : 
16.0	15.0	17.0	15.0	
17.0	18.0	19.0	19.0	
15.0	19.0	15.0	17.0	
18.0	16.0	17.0	18.0	

capacite_W_temoin : 
13.8	16.5	21.1	14.5	
17.1	22.4	24.7	20.7	
15.5	21.7	18.5	14.1	
19.4	18.8	21.1	18.4	

demande_cumulee_X : 
7.0	3.0	1.0	5.0	
5.0	1.0	0.0	4.0	
4.0	3.0	1.0	8.0	
4.0	2.0	1.0	5.0	

demande_cumulee_W : 
6.0	6.0	1.0	3.0	
3.0	5.0	1.0	1.0	
9.0	1.0	5.0	1.0	
6.0	4.0	1.0	1.0	

capacite_residuelle_X : 
9.0	12.0	16.0	10.0	
12.0	17.0	19.0	15.0	
11.0	16.0	14.0	9.0	
14.0	14.0	16.0	13.0	

capacite_residuelle_W : 
7.800000000000001	10.5	20.1	11.5	
14.100000000000001	17.4	23.7	19.7	
6.5	20.7	13.5	13.1	
13.399999999999999	14.8	20.1	17.4	

min_capacite_X : 
15.0	17.0	15.0	16.0	

min_capacite_W : 
13.8	17.1	14.1	18.4	

max_capacite_X : 
17.0	19.0	19.0	18.0	

max_capacite_W : 
21.1	24.7	21.7	21.1	

moy_capacite_X : 
15.75	18.25	16.5	17.25	

moy_capacite_W : 
16.475	21.225	17.45	19.425	

med_capacite_X : 
15.5	18.5	16.0	17.5	

med_capacite_W : 
15.5	21.549999999999997	17.0	19.1	

ecartType_capacite_X : 
0.82915619758885	0.82915619758885	1.6583123951777	0.82915619758885	

ecartType_capacite_W : 
2.848135354929608	2.7725214156070996	2.9236107812087435	1.0304731922762482	

var_capacite_X : 
0.6875	0.6875	2.75	0.6875	

var_capacite_W : 
8.111875000000003	7.686874999999995	8.5475	1.0618750000000017	

covar_capacite_X : 
0.9166666666666666	0.9166666666666666	3.6666666666666665	0.9166666666666666	

covar_capacite_W : 
10.815833333333337	10.24916666666666	11.396666666666665	1.4158333333333355	

##########	##########	##########	##########	##########	##########	##########	##########	##########	##########	##########	##########	##########	##########	##########	##########	##########	##########	##########	##########	nombre de noeuds : 20
nombre de strates : 4
nombre de centres : 4
titre : fenetre
instances : alea20_4_2
temps de calcul : 0.005408048629760742
valeur objective : 301.0
nombre de solutions : 2
nombre de noeuds : 0.0
faisability : True
moy_distances :	34.14
min_distances :	10.0
max_distances :	60.0
var_distances :	139.844432132964
covar_distances :	140.21341480349952
ecartType_distances :	11.82558379670805
coef_variation	: 0.3464170399899059
distances_centre_x :
22.0	23.0	29.0	12.0	0.0	-1.0	10.0	25.0	-1.0	-1.0	0.0	0.0	13.0	25.0	-1.0	15.0	27.0	12.0	11.0	10.0	
-1.0	23.0	29.0	-1.0	0.0	16.0	-1.0	25.0	-1.0	-1.0	0.0	-1.0	13.0	-1.0	-1.0	15.0	27.0	12.0	-1.0	-1.0	
22.0	-1.0	29.0	-1.0	-1.0	16.0	10.0	25.0	17.0	33.0	0.0	0.0	-1.0	25.0	0.0	15.0	27.0	12.0	11.0	10.0	
-1.0	-1.0	-1.0	-1.0	-1.0	-1.0	10.0	-1.0	17.0	-1.0	0.0	0.0	13.0	25.0	0.0	15.0	27.0	12.0	11.0	10.0	

distances_centre_w :
30.0	32.0	47.0	38.0	17.0	-1.0	34.0	30.0	-1.0	-1.0	17.0	11.0	24.0	26.0	-1.0	26.0	30.0	30.0	28.0	27.0	
-1.0	32.0	47.0	-1.0	17.0	27.0	-1.0	30.0	-1.0	-1.0	17.0	-1.0	24.0	-1.0	-1.0	26.0	30.0	30.0	-1.0	-1.0	
30.0	-1.0	47.0	-1.0	-1.0	27.0	34.0	30.0	33.0	34.0	17.0	11.0	-1.0	26.0	42.0	26.0	30.0	30.0	22.0	16.0	
-1.0	-1.0	-1.0	-1.0	-1.0	-1.0	34.0	-1.0	33.0	-1.0	17.0	11.0	24.0	26.0	42.0	26.0	30.0	30.0	22.0	27.0	

maxX :
29.0	29.0	33.0	27.0	

maxW :
47.0	47.0	47.0	42.0	

minX :
0.0	0.0	0.0	0.0	

minW :
11.0	17.0	11.0	11.0	

moyX :
14.625	16.0	15.75	11.666666666666666	

moyW :
27.9375	28.0	28.4375	26.833333333333332	

medX :
12.5	15.5	15.5	11.5	

medW :
29.0	28.5	30.0	26.5	

ecartTypeX :
9.399966755260362	9.787747442593725	10.18270592720815	8.508166012066813	

ecartTypeW :
8.234597364170272	8.07465169527454	8.895003864529796	7.744173436992629	

varX :
88.359375	95.8	103.6875	72.38888888888889	

varW :
67.80859375	65.2	79.12109375	59.97222222222223	

covarX :
94.25	106.44444444444444	110.6	78.96969696969697	

covarW :
72.32916666666667	72.44444444444444	84.39583333333333	65.42424242424244	

coef_variationX :
0.6427327695904521	0.6117342151621078	0.6465210112513111	0.7292713724628697	

coef_variationW :
0.29475068865039006	0.2883804176883764	0.31279134468676206	0.288602736782334	

moy_distances_centre :	31.166666666666668
min_distances_centre :	11.0
max_distances_centre :	49.0
med_distances_centre :	33.0
ecartType_distances_centre :	14.48466622175173
var_distances_centre :	209.80555555555557
covar_distances_centre :	228.8787878787879
coef_variation_distances_centre :	0.4647486488262587
capacite_X_temoin : 
16.0	15.0	17.0	15.0	
17.0	18.0	19.0	17.0	
15.0	19.0	15.0	18.0	
18.0	16.0	17.0	16.0	

capacite_W_temoin : 
16.8	16.5	18.1	14.5	
19.1	21.4	22.7	19.1	
16.5	20.7	14.5	19.4	
20.4	17.8	19.1	17.8	

demande_cumulee_X : 
4.0	3.0	4.0	5.0	
3.0	2.0	2.0	3.0	
3.0	4.0	5.0	4.0	
3.0	3.0	3.0	3.0	

demande_cumulee_W : 
10.0	4.0	1.0	1.0	
7.0	1.0	2.0	0.0	
9.0	1.0	3.0	3.0	
7.0	2.0	2.0	1.0	

capacite_residuelle_X : 
12.0	12.0	13.0	10.0	
14.0	16.0	17.0	14.0	
12.0	15.0	10.0	14.0	
15.0	13.0	14.0	13.0	

capacite_residuelle_W : 
6.800000000000001	12.5	17.1	13.5	
12.100000000000001	20.4	20.7	19.1	
7.5	19.7	11.5	16.4	
13.399999999999999	15.8	17.1	16.8	

min_capacite_X : 
15.0	17.0	15.0	16.0	

min_capacite_W : 
14.5	19.1	14.5	17.8	

max_capacite_X : 
17.0	19.0	19.0	18.0	

max_capacite_W : 
18.1	22.7	20.7	20.4	

moy_capacite_X : 
15.75	17.75	16.75	16.75	

moy_capacite_W : 
16.475	20.575000000000003	17.775	18.775000000000002	

med_capacite_X : 
15.5	17.5	16.5	16.5	

med_capacite_W : 
16.65	20.25	17.95	18.450000000000003	

ecartType_capacite_X : 
0.82915619758885	0.82915619758885	1.7853571071357126	0.82915619758885	

ecartType_capacite_W : 
1.289137308435374	1.5449514555480364	2.426288317574809	1.0779030568655041	

var_capacite_X : 
0.6875	0.6875	3.1875	0.6875	

var_capacite_W : 
1.661875000000001	2.3868749999999963	5.886874999999998	1.1618749999999984	

covar_capacite_X : 
0.9166666666666666	0.9166666666666666	4.25	0.9166666666666666	

covar_capacite_W : 
2.2158333333333347	3.1824999999999948	7.8491666666666635	1.5491666666666646	

##########	##########	##########	##########	##########	##########	##########	##########	##########	##########	##########	##########	##########	##########	##########	##########	##########	##########	##########	##########	nombre de noeuds : 20
nombre de strates : 4
nombre de centres : 4
titre : fenetre
instances : alea20_4_2
temps de calcul : 0.005285978317260742
valeur objective : 290.0
nombre de solutions : 2
nombre de noeuds : 0.0
faisability : True
moy_distances :	34.14
min_distances :	10.0
max_distances :	60.0
var_distances :	139.844432132964
covar_distances :	140.21341480349952
ecartType_distances :	11.82558379670805
coef_variation	: 0.3464170399899059
distances_centre_x :
18.0	23.0	17.0	12.0	0.0	-1.0	10.0	25.0	-1.0	-1.0	17.0	0.0	13.0	25.0	-1.0	15.0	30.0	0.0	11.0	10.0	
-1.0	23.0	17.0	-1.0	0.0	16.0	-1.0	25.0	-1.0	-1.0	17.0	-1.0	13.0	-1.0	-1.0	15.0	30.0	0.0	-1.0	-1.0	
18.0	-1.0	17.0	-1.0	-1.0	16.0	10.0	25.0	33.0	22.0	17.0	0.0	-1.0	25.0	0.0	15.0	30.0	0.0	11.0	10.0	
-1.0	-1.0	-1.0	-1.0	-1.0	-1.0	10.0	-1.0	33.0	-1.0	17.0	0.0	13.0	25.0	0.0	15.0	30.0	0.0	11.0	10.0	

distances_centre_w :
30.0	32.0	29.0	24.0	30.0	-1.0	22.0	30.0	-1.0	-1.0	24.0	11.0	28.0	26.0	-1.0	26.0	41.0	30.0	22.0	16.0	
-1.0	32.0	29.0	-1.0	30.0	27.0	-1.0	30.0	-1.0	-1.0	24.0	-1.0	28.0	-1.0	-1.0	26.0	41.0	30.0	-1.0	-1.0	
32.0	-1.0	29.0	-1.0	-1.0	27.0	22.0	30.0	34.0	33.0	24.0	11.0	-1.0	26.0	12.0	26.0	41.0	30.0	22.0	16.0	
-1.0	-1.0	-1.0	-1.0	-1.0	-1.0	22.0	-1.0	34.0	-1.0	24.0	11.0	28.0	33.0	12.0	26.0	41.0	30.0	22.0	33.0	

maxX :
30.0	30.0	33.0	33.0	

maxW :
41.0	41.0	41.0	41.0	

minX :
0.0	0.0	0.0	0.0	

minW :
11.0	24.0	11.0	11.0	

moyX :
14.125	15.6	15.5625	13.666666666666666	

moyW :
26.3125	29.7	25.9375	26.333333333333332	

medX :
14.0	16.5	16.5	12.0	

medW :
27.0	29.5	26.5	27.0	

ecartTypeX :
8.83087623059003	9.210863151735564	9.848659490001673	10.710846008706419	

ecartTypeW :
6.621166343628591	4.360045871318328	7.797986518967573	8.478731561317936	

varX :
77.984375	84.84	96.99609375	114.72222222222223	

varW :
43.83984375	19.009999999999998	60.80859375	71.88888888888889	

covarX :
83.18333333333334	94.26666666666667	103.46249999999999	125.15151515151518	

covarW :
46.7625	21.12222222222222	64.8625	78.42424242424242	

coef_variationX :
0.6251947773869048	0.5904399456240746	0.632845589718983	0.7837204396614453	

coef_variationW :
0.2516357755298277	0.1468028912901794	0.3006452633818823	0.32197714789814946	

moy_distances_centre :	30.833333333333332
min_distances_centre :	11.0
max_distances_centre :	49.0
med_distances_centre :	35.5
ecartType_distances_centre :	14.758236871508586
var_distances_centre :	217.80555555555557
covar_distances_centre :	237.60606060606065
coef_variation_distances_centre :	0.47864552015703526
capacite_X_temoin : 
16.0	17.0	15.0	15.0	
17.0	19.0	17.0	17.0	
15.0	15.0	18.0	17.0	
18.0	17.0	16.0	16.0	

capacite_W_temoin : 
14.8	18.1	16.5	16.5	
17.1	22.7	21.1	20.1	
14.5	15.5	20.4	18.1	
18.4	19.1	17.8	19.8	

demande_cumulee_X : 
6.0	4.0	3.0	3.0	
5.0	2.0	1.0	2.0	
5.0	4.0	3.0	4.0	
5.0	3.0	3.0	1.0	

demande_cumulee_W : 
6.0	4.0	2.0	4.0	
4.0	3.0	1.0	2.0	
7.0	6.0	1.0	2.0	
4.0	3.0	2.0	3.0	

capacite_residuelle_X : 
10.0	13.0	12.0	12.0	
12.0	17.0	16.0	15.0	
10.0	11.0	15.0	13.0	
13.0	14.0	13.0	15.0	

capacite_residuelle_W : 
8.8	14.100000000000001	14.5	12.5	
13.100000000000001	19.7	20.1	18.1	
7.5	9.5	19.4	16.1	
14.399999999999999	16.1	15.8	16.8	

min_capacite_X : 
15.0	17.0	15.0	16.0	

min_capacite_W : 
14.8	17.1	14.5	17.8	

max_capacite_X : 
17.0	19.0	18.0	18.0	

max_capacite_W : 
18.1	22.7	20.4	19.8	

moy_capacite_X : 
15.75	17.5	16.25	16.75	

moy_capacite_W : 
16.475	20.25	17.125	18.775	

med_capacite_X : 
15.5	17.0	16.0	16.5	

med_capacite_W : 
16.5	20.6	16.8	18.75	

ecartType_capacite_X : 
0.82915619758885	0.8660254037844386	1.299038105676658	0.82915619758885	

ecartType_capacite_W : 
1.166994001698381	2.04144556625936	2.3025800746119556	0.7495832175282479	

var_capacite_X : 
0.6875	0.75	1.6875	0.6875	

var_capacite_W : 
1.3618750000000008	4.167499999999998	5.301874999999998	0.5618750000000006	

covar_capacite_X : 
0.9166666666666666	1.0	2.25	0.9166666666666666	

covar_capacite_W : 
1.8158333333333343	5.556666666666663	7.069166666666664	0.7491666666666674	

##########	##########	##########	##########	##########	##########	##########	##########	##########	##########	##########	##########	##########	##########	##########	##########	##########	##########	##########	##########	nombre de noeuds : 20
nombre de strates : 4
nombre de centres : 4
titre : fenetre
instances : alea20_4_2
temps de calcul : 0.00551605224609375
valeur objective : 290.0
nombre de solutions : 2
nombre de noeuds : 0.0
faisability : True
moy_distances :	34.14
min_distances :	10.0
max_distances :	60.0
var_distances :	139.844432132964
covar_distances :	140.21341480349952
ecartType_distances :	11.82558379670805
coef_variation	: 0.3464170399899059
distances_centre_x :
18.0	22.0	17.0	12.0	0.0	-1.0	10.0	30.0	-1.0	-1.0	17.0	11.0	13.0	26.0	-1.0	26.0	30.0	0.0	11.0	10.0	
-1.0	22.0	17.0	-1.0	0.0	16.0	-1.0	30.0	-1.0	-1.0	17.0	-1.0	13.0	-1.0	-1.0	26.0	30.0	0.0	-1.0	-1.0	
18.0	-1.0	17.0	-1.0	-1.0	16.0	10.0	30.0	0.0	22.0	17.0	11.0	-1.0	26.0	0.0	26.0	30.0	0.0	11.0	10.0	
-1.0	-1.0	-1.0	-1.0	-1.0	-1.0	10.0	-1.0	0.0	-1.0	17.0	11.0	13.0	26.0	0.0	26.0	30.0	0.0	11.0	10.0	

distances_centre_w :
30.0	23.0	29.0	21.0	30.0	-1.0	22.0	43.0	-1.0	-1.0	17.0	41.0	21.0	33.0	-1.0	35.0	36.0	30.0	41.0	33.0	
-1.0	23.0	29.0	-1.0	30.0	34.0	-1.0	43.0	-1.0	-1.0	17.0	-1.0	28.0	-1.0	-1.0	35.0	36.0	30.0	-1.0	-1.0	
30.0	-1.0	29.0	-1.0	-1.0	34.0	22.0	43.0	33.0	34.0	40.0	41.0	-1.0	33.0	12.0	35.0	36.0	30.0	41.0	33.0	
-1.0	-1.0	-1.0	-1.0	-1.0	-1.0	22.0	-1.0	33.0	-1.0	17.0	41.0	28.0	33.0	12.0	35.0	36.0	30.0	41.0	33.0	

maxX :
30.0	30.0	30.0	30.0	

maxW :
43.0	43.0	43.0	41.0	

minX :
0.0	0.0	0.0	0.0	

minW :
17.0	17.0	12.0	12.0	

moyX :
15.8125	17.1	15.25	12.833333333333334	

moyW :
30.3125	30.5	32.875	30.083333333333332	

medX :
15.0	17.0	16.5	11.0	

medW :
30.0	30.0	33.5	33.0	

ecartTypeX :
8.987621695977195	10.192644406629714	9.730750228014282	9.898091847534161	

ecartTypeW :
7.638052353185333	6.830080526611674	7.448783457719791	8.616441002847727	

varX :
80.77734375	103.88999999999999	94.6875	97.97222222222223	

varW :
58.33984375	46.65	55.484375	74.24305555555556	

covarX :
86.1625	115.43333333333331	101.0	106.87878787878789	

covarW :
62.229166666666664	51.83333333333333	59.18333333333333	80.99242424242424	

coef_variationX :
0.5683871428285973	0.5960610764110944	0.6380819821648709	0.7712798842234411	

coef_variationW :
0.2519769848473512	0.2239370664462844	0.22657896449337767	0.2864190915074037	

moy_distances_centre :	32.666666666666664
min_distances_centre :	12.0
max_distances_centre :	45.0
med_distances_centre :	33.5
ecartType_distances_centre :	10.6092203085597
var_distances_centre :	112.55555555555556
covar_distances_centre :	122.7878787878788
coef_variation_distances_centre :	0.32477205026203165
capacite_X_temoin : 
16.0	19.0	15.0	15.0	
17.0	15.0	17.0	17.0	
15.0	15.0	18.0	17.0	
18.0	15.0	16.0	16.0	

capacite_W_temoin : 
10.8	23.7	17.5	16.5	
15.1	18.5	22.1	20.1	
10.5	18.5	21.4	18.1	
16.4	17.5	18.8	19.8	

demande_cumulee_X : 
10.0	1.0	2.0	3.0	
7.0	1.0	0.0	2.0	
9.0	1.0	2.0	4.0	
7.0	2.0	2.0	1.0	

demande_cumulee_W : 
1.0	5.0	5.0	5.0	
1.0	2.0	3.0	4.0	
1.0	2.0	6.0	7.0	
2.0	3.0	3.0	4.0	

capacite_residuelle_X : 
6.0	18.0	13.0	12.0	
10.0	14.0	17.0	15.0	
6.0	14.0	16.0	13.0	
11.0	13.0	14.0	15.0	

capacite_residuelle_W : 
9.8	18.7	12.5	11.5	
14.1	16.5	19.1	16.1	
9.5	16.5	15.399999999999999	11.100000000000001	
14.399999999999999	14.5	15.8	15.8	

min_capacite_X : 
15.0	15.0	15.0	15.0	

min_capacite_W : 
10.8	15.1	10.5	16.4	

max_capacite_X : 
19.0	17.0	18.0	18.0	

max_capacite_W : 
23.7	22.1	21.4	19.8	

moy_capacite_X : 
16.25	16.5	16.25	16.25	

moy_capacite_W : 
17.125	18.950000000000003	17.125	18.125	

med_capacite_X : 
15.5	17.0	16.0	16.0	

med_capacite_W : 
17.0	19.3	18.3	18.15	

ecartType_capacite_X : 
1.6393596310755	0.8660254037844386	1.299038105676658	1.0897247358851685	

ecartType_capacite_W : 
4.5762293430290395	2.5627134057479006	4.031361432568407	1.2871965661856009	

var_capacite_X : 
2.6875	0.75	1.6875	1.1875	

var_capacite_W : 
20.941874999999996	6.567500000000004	16.251875	1.656875000000002	

covar_capacite_X : 
3.583333333333333	1.0	2.25	1.5833333333333333	

covar_capacite_W : 
27.922499999999992	8.756666666666671	21.669166666666662	2.209166666666669	

##########	##########	##########	##########	##########	##########	##########	##########	##########	##########	##########	##########	##########	##########	##########	##########	##########	##########	##########	##########	nombre de noeuds : 20
nombre de strates : 4
nombre de centres : 4
titre : fenetre
instances : alea20_4_2
temps de calcul : 0.005590200424194336
valeur objective : 333.0
nombre de solutions : 2
nombre de noeuds : 0.0
faisability : True
moy_distances :	34.14
min_distances :	10.0
max_distances :	60.0
var_distances :	139.844432132964
covar_distances :	140.21341480349952
ecartType_distances :	11.82558379670805
coef_variation	: 0.3464170399899059
distances_centre_x :
0.0	22.0	17.0	12.0	30.0	-1.0	10.0	38.0	-1.0	-1.0	17.0	40.0	21.0	33.0	-1.0	28.0	30.0	0.0	41.0	33.0	
-1.0	22.0	17.0	-1.0	30.0	16.0	-1.0	38.0	-1.0	-1.0	17.0	-1.0	21.0	-1.0	-1.0	28.0	30.0	0.0	-1.0	-1.0	
0.0	-1.0	17.0	-1.0	-1.0	16.0	10.0	38.0	0.0	22.0	17.0	40.0	-1.0	33.0	0.0	28.0	30.0	0.0	41.0	33.0	
-1.0	-1.0	-1.0	-1.0	-1.0	-1.0	10.0	-1.0	0.0	-1.0	17.0	40.0	21.0	33.0	0.0	28.0	30.0	0.0	41.0	33.0	

distances_centre_w :
18.0	23.0	35.0	21.0	32.0	-1.0	22.0	43.0	-1.0	-1.0	22.0	41.0	34.0	41.0	-1.0	37.0	36.0	18.0	43.0	33.0	
-1.0	35.0	35.0	-1.0	32.0	34.0	-1.0	43.0	-1.0	-1.0	22.0	-1.0	34.0	-1.0	-1.0	37.0	36.0	18.0	-1.0	-1.0	
34.0	-1.0	35.0	-1.0	-1.0	34.0	22.0	43.0	34.0	34.0	22.0	41.0	-1.0	41.0	33.0	37.0	36.0	18.0	43.0	33.0	
-1.0	-1.0	-1.0	-1.0	-1.0	-1.0	22.0	-1.0	33.0	-1.0	40.0	41.0	34.0	41.0	33.0	37.0	36.0	18.0	43.0	33.0	

maxX :
41.0	38.0	41.0	41.0	

maxW :
43.0	43.0	43.0	43.0	

minX :
0.0	0.0	0.0	0.0	

minW :
18.0	18.0	18.0	18.0	

moyX :
23.25	21.9	20.3125	21.083333333333332	

moyW :
31.1875	32.6	33.75	34.25	

medX :
25.0	21.5	19.5	24.5	

medW :
33.5	34.5	34.0	35.0	

ecartTypeX :
12.71072381888616	9.954396013822235	14.584746955295454	14.82935339865573	

ecartTypeW :
8.812056726440202	6.931089380465383	7.1545440106270926	7.247125867082297	

varX :
161.5625	99.09	212.71484375	219.90972222222226	

varW :
77.65234375	48.04	51.1875	52.520833333333336	

covarX :
172.33333333333334	110.10000000000001	226.89583333333334	239.90151515151518	

covarW :
82.82916666666667	53.37777777777777	54.6	57.29545454545455	

coef_variationX :
0.5466977986617704	0.4545386307681386	0.7180183116453147	0.7033685406477026	

coef_variationW :
0.282550917080247	0.21261010369525712	0.2119864892037657	0.21159491582722034	

moy_distances_centre :	28.666666666666668
min_distances_centre :	12.0
max_distances_centre :	45.0
med_distances_centre :	31.5
ecartType_distances_centre :	10.85766498326822
var_distances_centre :	117.88888888888887
covar_distances_centre :	128.6060606060606
coef_variation_distances_centre :	0.37875575523028676
capacite_X_temoin : 
16.0	19.0	15.0	15.0	
15.0	15.0	17.0	17.0	
17.0	15.0	18.0	17.0	
15.0	15.0	16.0	16.0	

capacite_W_temoin : 
15.8	21.7	15.5	15.5	
15.5	16.5	22.1	19.1	
16.1	17.5	19.4	18.1	
16.5	16.5	16.8	18.8	

demande_cumulee_X : 
5.0	3.0	4.0	4.0	
4.0	3.0	0.0	3.0	
6.0	2.0	4.0	4.0	
3.0	3.0	4.0	2.0	

demande_cumulee_W : 
5.0	6.0	2.0	3.0	
4.0	2.0	1.0	3.0	
4.0	8.0	1.0	3.0	
1.0	7.0	2.0	2.0	

capacite_residuelle_X : 
11.0	16.0	11.0	11.0	
11.0	12.0	17.0	14.0	
11.0	13.0	14.0	13.0	
12.0	12.0	12.0	14.0	

capacite_residuelle_W : 
10.8	15.7	13.5	12.5	
11.5	14.5	21.1	16.1	
12.100000000000001	9.5	18.4	15.100000000000001	
15.5	9.5	14.8	16.8	

min_capacite_X : 
15.0	15.0	15.0	15.0	

min_capacite_W : 
15.5	15.5	16.1	16.5	

max_capacite_X : 
19.0	17.0	18.0	16.0	

max_capacite_W : 
21.7	22.1	19.4	18.8	

moy_capacite_X : 
16.25	16.0	16.75	15.5	

moy_capacite_W : 
17.125	18.3	17.775	17.15	

med_capacite_X : 
15.5	16.0	17.0	15.5	

med_capacite_W : 
15.65	17.8	17.8	16.65	

ecartType_capacite_X : 
1.6393596310755	1.0	1.0897247358851685	0.5	

ecartType_capacite_W : 
2.6442153845706287	2.5573423705088847	1.1861176164276448	0.9604686356149276	

var_capacite_X : 
2.6875	1.0	1.1875	0.25	

var_capacite_W : 
6.991874999999998	6.540000000000003	1.4068749999999977	0.9225000000000005	

covar_capacite_X : 
3.583333333333333	1.3333333333333333	1.5833333333333333	0.3333333333333333	

covar_capacite_W : 
9.322499999999996	8.720000000000002	1.8758333333333301	1.2300000000000006	

##########	##########	##########	##########	##########	##########	##########	##########	##########	##########	##########	##########	##########	##########	##########	##########	##########	##########	##########	##########	nombre de noeuds : 20
nombre de strates : 4
nombre de centres : 4
titre : fenetre
instances : alea20_4_2
temps de calcul : 0.006114006042480469
valeur objective : 318.0
nombre de solutions : 3
nombre de noeuds : 1.0
faisability : True
moy_distances :	34.14
min_distances :	10.0
max_distances :	60.0
var_distances :	139.844432132964
covar_distances :	140.21341480349952
ecartType_distances :	11.82558379670805
coef_variation	: 0.3464170399899059
distances_centre_x :
-1.0	-1.0	17.0	-1.0	30.0	-1.0	22.0	-1.0	-1.0	-1.0	-1.0	-1.0	-1.0	-1.0	-1.0	-1.0	-1.0	0.0	41.0	-1.0	
-1.0	22.0	17.0	-1.0	30.0	14.0	-1.0	32.0	-1.0	-1.0	17.0	-1.0	21.0	-1.0	-1.0	26.0	0.0	0.0	-1.0	-1.0	
0.0	-1.0	17.0	-1.0	-1.0	14.0	22.0	32.0	0.0	22.0	17.0	40.0	-1.0	40.0	12.0	26.0	0.0	0.0	41.0	33.0	
-1.0	-1.0	-1.0	-1.0	-1.0	-1.0	22.0	-1.0	0.0	-1.0	17.0	40.0	21.0	40.0	12.0	26.0	0.0	0.0	41.0	33.0	

distances_centre_w :
-1.0	35.0	-1.0	24.0	-1.0	-1.0	-1.0	43.0	-1.0	-1.0	-1.0	-1.0	28.0	-1.0	-1.0	-1.0	-1.0	-1.0	-1.0	-1.0	
-1.0	35.0	35.0	-1.0	30.0	16.0	-1.0	38.0	-1.0	-1.0	27.0	-1.0	28.0	-1.0	-1.0	28.0	30.0	18.0	-1.0	-1.0	
34.0	-1.0	35.0	-1.0	-1.0	34.0	40.0	38.0	36.0	40.0	40.0	41.0	-1.0	41.0	30.0	37.0	30.0	18.0	41.0	35.0	
-1.0	-1.0	-1.0	-1.0	-1.0	-1.0	40.0	-1.0	36.0	-1.0	40.0	41.0	28.0	41.0	30.0	37.0	30.0	18.0	41.0	35.0	

maxX :
41.0	32.0	41.0	41.0	

maxW :
43.0	38.0	41.0	41.0	

minX :
0.0	0.0	0.0	0.0	

minW :
24.0	16.0	18.0	18.0	

moyX :
22.0	17.9	19.75	21.0	

moyW :
32.5	28.5	35.625	34.75	

medX :
22.0	19.0	19.5	21.5	

medW :
31.5	29.0	36.5	36.5	

ecartTypeX :
13.66747965061591	10.463746938836012	14.394009170484782	15.033296378372908	

ecartTypeW :
7.22841614740048	6.697014260101288	5.764926278800103	6.771570472694401	

varX :
186.8	109.49000000000001	207.1875	226.0	

varW :
52.25	44.85	33.234375	45.854166666666664	

covarX :
233.5	121.65555555555557	221.0	246.54545454545456	

covarW :
69.66666666666666	49.83333333333333	35.45	50.02272727272727	

coef_variationX :
0.6212490750279959	0.5845668680913974	0.7288105909106218	0.7158712561129956	

coef_variationW :
0.2224128045353994	0.23498295649478204	0.16182249203649413	0.19486533734372377	

moy_distances_centre :	35.166666666666664
min_distances_centre :	18.0
max_distances_centre :	48.0
med_distances_centre :	35.0
ecartType_distances_centre :	9.872802146413257
var_distances_centre :	97.47222222222221
covar_distances_centre :	106.33333333333333
coef_variation_distances_centre :	0.28074318899753337
capacite_X_temoin : 
16.0	19.0	0.0	15.0	
15.0	15.0	19.0	17.0	
17.0	15.0	15.0	17.0	
15.0	15.0	18.0	16.0	

capacite_W_temoin : 
15.8	18.7	0.0	14.5	
19.5	16.5	20.7	19.1	
20.1	16.5	14.5	16.1	
18.5	15.5	19.4	17.8	

demande_cumulee_X : 
5.0	6.0	0.0	5.0	
0.0	3.0	4.0	3.0	
2.0	3.0	5.0	6.0	
1.0	4.0	4.0	3.0	

demande_cumulee_W : 
7.0	5.0	0.0	4.0	
6.0	0.0	2.0	2.0	
8.0	4.0	2.0	2.0	
5.0	3.0	1.0	3.0	

capacite_residuelle_X : 
11.0	13.0	0.0	10.0	
15.0	12.0	15.0	14.0	
15.0	12.0	10.0	11.0	
14.0	11.0	14.0	13.0	

capacite_residuelle_W : 
8.8	13.7	0.0	10.5	
13.5	16.5	18.7	17.1	
12.100000000000001	12.5	12.5	14.100000000000001	
13.5	12.5	18.4	14.8	

min_capacite_X : 
0.0	15.0	15.0	15.0	

min_capacite_W : 
0.0	16.5	14.5	15.5	

max_capacite_X : 
19.0	19.0	17.0	18.0	

max_capacite_W : 
18.7	20.7	20.1	19.4	

moy_capacite_X : 
12.5	16.5	16.0	16.0	

moy_capacite_W : 
12.25	18.950000000000003	16.8	17.8	

med_capacite_X : 
15.5	16.0	16.0	15.5	

med_capacite_W : 
15.15	19.3	16.3	18.15	

ecartType_capacite_X : 
7.365459931328117	1.6583123951777	1.0	1.224744871391589	

ecartType_capacite_W : 
7.234120540881248	1.532155344604456	2.0469489490458725	1.443952907819365	

var_capacite_X : 
54.25	2.75	1.0	1.5	

var_capacite_W : 
52.332499999999996	2.3474999999999993	4.190000000000001	2.084999999999999	

covar_capacite_X : 
72.33333333333333	3.6666666666666665	1.3333333333333333	2.0	

covar_capacite_W : 
69.77666666666666	3.129999999999999	5.586666666666668	2.7799999999999985	

##########	##########	##########	##########	##########	##########	##########	##########	##########	##########	##########	##########	##########	##########	##########	##########	##########	##########	##########	##########	