nombre de noeuds : 45
nombre de strates : 4
nombre de centres : 4
titre : fenetre
instances : alea45_4_1
temps de calcul : 0.01135110855102539
valeur objective : 311.0
nombre de solutions : 2
nombre de noeuds : 0.0
faisability : True
moy_distances :	30.84
min_distances :	10.0
max_distances :	55.0
var_distances :	78.81966023875114
covar_distances :	78.85948826312644
ecartType_distances :	8.878043716875421
coef_variation	: 0.2878799672367976
distances_centre_x :
23.0	24.0	21.0	-1.0	21.0	29.0	0.0	24.0	-1.0	25.0	-1.0	-1.0	11.0	-1.0	14.0	-1.0	-1.0	0.0	-1.0	-1.0	22.0	27.0	21.0	34.0	36.0	-1.0	-1.0	14.0	-1.0	24.0	23.0	-1.0	-1.0	12.0	-1.0	26.0	0.0	23.0	13.0	-1.0	-1.0	-1.0	16.0	-1.0	-1.0	
23.0	-1.0	-1.0	24.0	21.0	29.0	-1.0	24.0	-1.0	25.0	31.0	12.0	-1.0	0.0	-1.0	26.0	14.0	0.0	11.0	-1.0	22.0	-1.0	21.0	-1.0	36.0	-1.0	-1.0	-1.0	-1.0	24.0	-1.0	17.0	14.0	12.0	37.0	26.0	0.0	23.0	13.0	20.0	-1.0	-1.0	16.0	-1.0	12.0	
23.0	24.0	21.0	24.0	21.0	29.0	0.0	-1.0	18.0	-1.0	31.0	12.0	11.0	-1.0	14.0	26.0	14.0	0.0	11.0	21.0	22.0	-1.0	-1.0	34.0	-1.0	-1.0	-1.0	-1.0	11.0	24.0	-1.0	17.0	14.0	-1.0	37.0	26.0	0.0	23.0	13.0	-1.0	-1.0	16.0	16.0	25.0	12.0	
23.0	24.0	21.0	-1.0	21.0	29.0	0.0	24.0	18.0	25.0	31.0	12.0	11.0	-1.0	-1.0	-1.0	14.0	-1.0	-1.0	-1.0	22.0	-1.0	21.0	34.0	36.0	26.0	29.0	14.0	-1.0	24.0	-1.0	17.0	-1.0	-1.0	37.0	26.0	0.0	-1.0	13.0	-1.0	14.0	16.0	16.0	25.0	12.0	

distances_centre_w :
33.0	24.0	34.0	-1.0	33.0	37.0	32.0	34.0	-1.0	35.0	-1.0	-1.0	28.0	-1.0	32.0	-1.0	-1.0	34.0	-1.0	-1.0	33.0	34.0	31.0	34.0	42.0	-1.0	-1.0	36.0	-1.0	24.0	30.0	-1.0	-1.0	29.0	-1.0	27.0	22.0	29.0	22.0	-1.0	-1.0	-1.0	27.0	-1.0	-1.0	
33.0	-1.0	-1.0	35.0	33.0	37.0	-1.0	34.0	-1.0	35.0	34.0	34.0	-1.0	34.0	-1.0	35.0	36.0	34.0	35.0	-1.0	33.0	-1.0	31.0	-1.0	42.0	-1.0	-1.0	-1.0	-1.0	24.0	-1.0	35.0	22.0	29.0	38.0	27.0	22.0	29.0	35.0	35.0	-1.0	-1.0	35.0	-1.0	35.0	
33.0	24.0	34.0	35.0	33.0	37.0	32.0	-1.0	29.0	-1.0	34.0	34.0	28.0	-1.0	32.0	35.0	36.0	34.0	35.0	26.0	33.0	-1.0	-1.0	34.0	-1.0	-1.0	-1.0	-1.0	29.0	24.0	-1.0	35.0	22.0	-1.0	38.0	27.0	22.0	29.0	35.0	-1.0	-1.0	33.0	35.0	32.0	35.0	
33.0	24.0	34.0	-1.0	33.0	37.0	32.0	34.0	29.0	35.0	34.0	34.0	28.0	-1.0	-1.0	-1.0	36.0	-1.0	-1.0	-1.0	33.0	-1.0	31.0	34.0	42.0	35.0	35.0	36.0	-1.0	24.0	-1.0	35.0	-1.0	-1.0	38.0	27.0	22.0	-1.0	35.0	-1.0	31.0	33.0	35.0	32.0	35.0	

maxX :
36.0	37.0	37.0	37.0	

maxW :
42.0	42.0	38.0	42.0	

minX :
0.0	0.0	0.0	0.0	

minW :
22.0	22.0	22.0	22.0	

moyX :
19.32	19.035714285714285	18.4375	20.483870967741936	

moyW :
31.04	32.892857142857146	31.6875	32.774193548387096	

medX :
22.0	21.0	19.5	21.0	

medW :
32.0	34.0	33.0	34.0	

ecartTypeX :
9.37110452401423	9.466037573712603	8.930066839055574	8.823981135526347	

ecartTypeW :
4.762184372743247	4.498724308975076	4.3043401062183735	4.179131545987523	

varX :
87.81759999999998	89.60586734693877	79.74609375	77.86264308012485	

varW :
22.6784	20.23852040816327	18.52734375	17.465140478668058	

covarX :
91.47666666666665	92.92460317460315	82.31854838709677	80.45806451612901	

covarW :
23.623333333333335	20.98809523809524	19.125	18.047311827956992	

coef_variationX :
0.4850468180131589	0.4972777712269285	0.48434260821996333	0.4307770318130973	

coef_variationW :
0.1534208882971407	0.13676903436623467	0.13583716311537272	0.12751287197402875	

moy_distances_centre :	31.0
min_distances_centre :	22.0
max_distances_centre :	36.0
med_distances_centre :	33.0
ecartType_distances_centre :	4.96655480858378
var_distances_centre :	24.666666666666668
covar_distances_centre :	26.90909090909091
coef_variation_distances_centre :	0.16021144543818644
capacite_X_temoin : 
36.0	35.0	40.0	37.0	
41.0	43.0	41.0	42.0	
44.0	37.0	44.0	42.0	
40.0	42.0	40.0	40.0	

capacite_W_temoin : 
39.8	35.5	49.0	43.1	
48.3	42.9	48.3	49.6	
47.2	37.1	52.2	48.6	
41.0	43.6	48.0	47.0	

demande_cumulee_X : 
7.0	10.0	3.0	5.0	
5.0	13.0	5.0	5.0	
10.0	11.0	5.0	6.0	
11.0	11.0	4.0	5.0	

demande_cumulee_W : 
9.0	8.0	4.0	4.0	
9.0	5.0	5.0	9.0	
9.0	9.0	3.0	11.0	
9.0	9.0	4.0	9.0	

capacite_residuelle_X : 
29.0	25.0	37.0	32.0	
36.0	30.0	36.0	37.0	
34.0	26.0	39.0	36.0	
29.0	31.0	36.0	35.0	

capacite_residuelle_W : 
30.799999999999997	27.5	45.0	39.1	
39.3	37.9	43.3	40.6	
38.2	28.1	49.2	37.6	
32.0	34.6	44.0	38.0	

min_capacite_X : 
35.0	41.0	37.0	40.0	

min_capacite_W : 
35.5	42.9	37.1	41.0	

max_capacite_X : 
40.0	43.0	44.0	42.0	

max_capacite_W : 
49.0	49.6	52.2	48.0	

moy_capacite_X : 
37.0	41.75	41.75	40.5	

moy_capacite_W : 
41.85	47.275	46.275	44.9	

med_capacite_X : 
36.5	41.5	43.0	40.0	

med_capacite_W : 
41.45	48.3	47.900000000000006	45.3	

ecartType_capacite_X : 
1.8708286933869707	0.82915619758885	2.8613807855648994	0.8660254037844386	

ecartType_capacite_W : 
4.929756586282938	2.581060828419199	5.6023990396971906	2.7802877548915688	

var_capacite_X : 
3.5	0.6875	8.1875	0.75	

var_capacite_W : 
24.302500000000002	6.661875000000002	31.386875000000003	7.7299999999999995	

covar_capacite_X : 
4.666666666666666	0.9166666666666666	10.916666666666666	1.0	

covar_capacite_W : 
32.403333333333336	8.882500000000002	41.84916666666667	10.306666666666665	

##########	##########	##########	##########	##########	##########	##########	##########	##########	##########	##########	##########	##########	##########	##########	##########	##########	##########	##########	##########	##########	##########	##########	##########	##########	##########	##########	##########	##########	##########	##########	##########	##########	##########	##########	##########	##########	##########	##########	##########	##########	##########	##########	##########	##########	nombre de noeuds : 45
nombre de strates : 4
nombre de centres : 4
titre : fenetre
instances : alea45_4_1
temps de calcul : 0.010092020034790039
valeur objective : 296.0
nombre de solutions : 2
nombre de noeuds : 0.0
faisability : True
moy_distances :	30.84
min_distances :	10.0
max_distances :	55.0
var_distances :	78.81966023875114
covar_distances :	78.85948826312644
ecartType_distances :	8.878043716875421
coef_variation	: 0.2878799672367976
distances_centre_x :
23.0	22.0	21.0	-1.0	21.0	29.0	0.0	14.0	-1.0	25.0	-1.0	-1.0	11.0	-1.0	12.0	-1.0	-1.0	14.0	-1.0	-1.0	22.0	13.0	21.0	34.0	34.0	-1.0	-1.0	14.0	-1.0	24.0	10.0	-1.0	-1.0	12.0	-1.0	24.0	0.0	23.0	13.0	-1.0	-1.0	-1.0	27.0	-1.0	-1.0	
23.0	-1.0	-1.0	24.0	21.0	29.0	-1.0	14.0	-1.0	25.0	17.0	12.0	-1.0	0.0	-1.0	28.0	14.0	14.0	11.0	-1.0	22.0	-1.0	21.0	-1.0	34.0	-1.0	-1.0	-1.0	-1.0	24.0	-1.0	17.0	0.0	12.0	37.0	24.0	0.0	23.0	13.0	20.0	-1.0	-1.0	27.0	-1.0	12.0	
23.0	22.0	21.0	24.0	21.0	29.0	0.0	-1.0	18.0	-1.0	17.0	12.0	11.0	-1.0	12.0	28.0	14.0	14.0	11.0	21.0	22.0	-1.0	-1.0	34.0	-1.0	-1.0	-1.0	-1.0	11.0	24.0	-1.0	17.0	0.0	-1.0	37.0	24.0	0.0	23.0	13.0	-1.0	-1.0	16.0	27.0	25.0	12.0	
23.0	22.0	21.0	-1.0	21.0	29.0	0.0	14.0	18.0	25.0	17.0	12.0	11.0	-1.0	-1.0	-1.0	14.0	-1.0	-1.0	-1.0	22.0	-1.0	21.0	34.0	34.0	34.0	30.0	14.0	-1.0	24.0	-1.0	17.0	-1.0	-1.0	37.0	24.0	0.0	-1.0	13.0	-1.0	14.0	16.0	27.0	25.0	12.0	

distances_centre_w :
31.0	24.0	32.0	-1.0	36.0	37.0	22.0	24.0	-1.0	36.0	-1.0	-1.0	31.0	-1.0	33.0	-1.0	-1.0	27.0	-1.0	-1.0	33.0	34.0	30.0	34.0	36.0	-1.0	-1.0	30.0	-1.0	24.0	31.0	-1.0	-1.0	32.0	-1.0	26.0	22.0	29.0	22.0	-1.0	-1.0	-1.0	30.0	-1.0	-1.0	
31.0	-1.0	-1.0	25.0	36.0	37.0	-1.0	24.0	-1.0	36.0	34.0	34.0	-1.0	20.0	-1.0	35.0	34.0	36.0	35.0	-1.0	36.0	-1.0	30.0	-1.0	36.0	-1.0	-1.0	-1.0	-1.0	24.0	-1.0	25.0	20.0	32.0	38.0	26.0	35.0	29.0	22.0	34.0	-1.0	-1.0	30.0	-1.0	35.0	
31.0	24.0	32.0	25.0	36.0	37.0	22.0	-1.0	29.0	-1.0	34.0	34.0	31.0	-1.0	33.0	35.0	34.0	36.0	35.0	27.0	36.0	-1.0	-1.0	34.0	-1.0	-1.0	-1.0	-1.0	31.0	24.0	-1.0	25.0	20.0	-1.0	38.0	26.0	35.0	29.0	22.0	-1.0	-1.0	29.0	30.0	26.0	35.0	
31.0	24.0	32.0	-1.0	36.0	37.0	22.0	24.0	29.0	36.0	34.0	34.0	31.0	-1.0	-1.0	-1.0	34.0	-1.0	-1.0	-1.0	36.0	-1.0	30.0	34.0	36.0	35.0	37.0	30.0	-1.0	24.0	-1.0	25.0	-1.0	-1.0	38.0	26.0	35.0	-1.0	22.0	-1.0	31.0	29.0	30.0	26.0	35.0	

maxX :
34.0	37.0	37.0	37.0	

maxW :
37.0	38.0	38.0	38.0	

minX :
0.0	0.0	0.0	0.0	

minW :
22.0	20.0	20.0	22.0	

moyX :
18.52	18.5	18.21875	20.161290322580644	

moyW :
29.84	31.035714285714285	30.46875	31.06451612903226	

medX :
21.0	20.5	19.5	21.0	

medW :
31.0	34.0	31.0	31.0	

ecartTypeX :
8.64462838993094	9.182670013205776	8.79180859877534	8.886730863025043	

ecartTypeW :
4.662016730986709	5.4607831911937765	4.9622599123282525	4.792032930247721	

varX :
74.7296	84.32142857142857	77.2958984375	78.97398543184183	

varW :
21.7344	29.820153061224485	24.6240234375	22.96357960457856	

covarX :
77.84333333333333	87.44444444444444	79.78931451612902	81.60645161290323	

covarW :
22.64	30.924603174603174	25.418346774193548	23.729032258064514	

coef_variationX :
0.46677259124897086	0.49636054125436624	0.4825692541351816	0.44078185080604215	

coef_variationW :
0.15623380465773154	0.17595158728817692	0.16286391507128622	0.1542606654596878	

moy_distances_centre :	25.333333333333332
min_distances_centre :	20.0
max_distances_centre :	35.0
med_distances_centre :	22.0
ecartType_distances_centre :	5.878397362849466
var_distances_centre :	34.55555555555555
covar_distances_centre :	37.696969696969695
coef_variation_distances_centre :	0.2320420011651105
capacite_X_temoin : 
36.0	35.0	35.0	37.0	
41.0	43.0	36.0	42.0	
44.0	37.0	43.0	42.0	
40.0	42.0	37.0	40.0	

capacite_W_temoin : 
44.8	35.5	37.5	43.1	
51.3	41.9	39.8	49.6	
51.2	35.1	48.9	48.6	
46.0	40.6	42.1	47.0	

demande_cumulee_X : 
2.0	10.0	8.0	5.0	
2.0	14.0	7.0	5.0	
6.0	13.0	7.0	6.0	
6.0	14.0	6.0	5.0	

demande_cumulee_W : 
12.0	2.0	8.0	3.0	
7.0	6.0	10.0	5.0	
6.0	7.0	13.0	6.0	
8.0	8.0	11.0	4.0	

capacite_residuelle_X : 
34.0	25.0	27.0	32.0	
39.0	29.0	29.0	37.0	
38.0	24.0	36.0	36.0	
34.0	28.0	31.0	35.0	

capacite_residuelle_W : 
32.8	33.5	29.5	40.1	
44.3	35.9	29.799999999999997	44.6	
45.2	28.1	35.9	42.6	
38.0	32.6	31.1	43.0	

min_capacite_X : 
35.0	36.0	37.0	37.0	

min_capacite_W : 
35.5	39.8	35.1	40.6	

max_capacite_X : 
37.0	43.0	44.0	42.0	

max_capacite_W : 
44.8	51.3	51.2	47.0	

moy_capacite_X : 
35.75	40.5	41.5	39.75	

moy_capacite_W : 
40.225	45.65	45.95	43.925	

med_capacite_X : 
35.5	41.5	42.5	40.0	

med_capacite_W : 
40.3	45.75	48.75	44.05	

ecartType_capacite_X : 
0.82915619758885	2.692582403567252	2.692582403567252	1.7853571071357126	

ecartType_capacite_W : 
3.838863764188565	4.894129136015928	6.34448579476698	2.6527108775741084	

var_capacite_X : 
0.6875	7.25	7.25	3.1875	

var_capacite_W : 
14.736874999999996	23.952500000000008	40.2525	7.036874999999997	

covar_capacite_X : 
0.9166666666666666	9.666666666666666	9.666666666666666	4.25	

covar_capacite_W : 
19.64916666666666	31.936666666666675	53.669999999999995	9.382499999999995	

##########	##########	##########	##########	##########	##########	##########	##########	##########	##########	##########	##########	##########	##########	##########	##########	##########	##########	##########	##########	##########	##########	##########	##########	##########	##########	##########	##########	##########	##########	##########	##########	##########	##########	##########	##########	##########	##########	##########	##########	##########	##########	##########	##########	##########	nombre de noeuds : 45
nombre de strates : 4
nombre de centres : 4
titre : fenetre
instances : alea45_4_1
temps de calcul : 0.01070713996887207
valeur objective : 274.0
nombre de solutions : 2
nombre de noeuds : 0.0
faisability : True
moy_distances :	30.84
min_distances :	10.0
max_distances :	55.0
var_distances :	78.81966023875114
covar_distances :	78.85948826312644
ecartType_distances :	8.878043716875421
coef_variation	: 0.2878799672367976
distances_centre_x :
23.0	10.0	21.0	-1.0	21.0	11.0	22.0	14.0	-1.0	25.0	-1.0	-1.0	11.0	-1.0	12.0	-1.0	-1.0	14.0	-1.0	-1.0	22.0	13.0	21.0	27.0	27.0	-1.0	-1.0	24.0	-1.0	17.0	10.0	-1.0	-1.0	12.0	-1.0	24.0	0.0	23.0	13.0	-1.0	-1.0	-1.0	27.0	-1.0	-1.0	
23.0	-1.0	-1.0	24.0	21.0	11.0	-1.0	14.0	-1.0	25.0	17.0	12.0	-1.0	0.0	-1.0	24.0	34.0	14.0	11.0	-1.0	22.0	-1.0	21.0	-1.0	27.0	-1.0	-1.0	-1.0	-1.0	17.0	-1.0	22.0	0.0	12.0	32.0	24.0	0.0	23.0	13.0	0.0	-1.0	-1.0	27.0	-1.0	12.0	
23.0	10.0	21.0	24.0	21.0	11.0	22.0	-1.0	29.0	-1.0	17.0	12.0	11.0	-1.0	12.0	24.0	34.0	14.0	11.0	26.0	22.0	-1.0	-1.0	27.0	-1.0	-1.0	-1.0	-1.0	11.0	17.0	-1.0	22.0	0.0	-1.0	32.0	24.0	0.0	23.0	13.0	-1.0	-1.0	23.0	27.0	25.0	12.0	
23.0	10.0	21.0	-1.0	21.0	11.0	22.0	14.0	29.0	25.0	17.0	12.0	11.0	-1.0	-1.0	-1.0	34.0	-1.0	-1.0	-1.0	22.0	-1.0	21.0	27.0	27.0	34.0	11.0	24.0	-1.0	17.0	-1.0	22.0	-1.0	-1.0	32.0	24.0	0.0	-1.0	13.0	-1.0	14.0	23.0	27.0	25.0	12.0	

distances_centre_w :
31.0	22.0	32.0	-1.0	28.0	29.0	34.0	29.0	-1.0	26.0	-1.0	-1.0	24.0	-1.0	20.0	-1.0	-1.0	27.0	-1.0	-1.0	26.0	14.0	30.0	34.0	34.0	-1.0	-1.0	24.0	-1.0	24.0	23.0	-1.0	-1.0	32.0	-1.0	32.0	26.0	27.0	22.0	-1.0	-1.0	-1.0	30.0	-1.0	-1.0	
33.0	-1.0	-1.0	30.0	28.0	29.0	-1.0	29.0	-1.0	26.0	29.0	29.0	-1.0	20.0	-1.0	28.0	36.0	27.0	31.0	-1.0	26.0	-1.0	32.0	-1.0	34.0	-1.0	-1.0	-1.0	-1.0	24.0	-1.0	29.0	20.0	32.0	37.0	32.0	26.0	31.0	22.0	26.0	-1.0	-1.0	30.0	-1.0	26.0	
33.0	24.0	32.0	30.0	28.0	29.0	22.0	-1.0	29.0	-1.0	29.0	29.0	31.0	-1.0	33.0	28.0	36.0	27.0	31.0	28.0	26.0	-1.0	-1.0	34.0	-1.0	-1.0	-1.0	-1.0	31.0	24.0	-1.0	29.0	20.0	-1.0	37.0	32.0	26.0	31.0	22.0	-1.0	-1.0	33.0	30.0	30.0	26.0	
33.0	24.0	32.0	-1.0	28.0	29.0	22.0	29.0	29.0	26.0	29.0	29.0	31.0	-1.0	-1.0	-1.0	36.0	-1.0	-1.0	-1.0	26.0	-1.0	32.0	34.0	34.0	35.0	30.0	24.0	-1.0	24.0	-1.0	29.0	-1.0	-1.0	37.0	32.0	26.0	-1.0	22.0	-1.0	14.0	33.0	30.0	30.0	26.0	

maxX :
27.0	34.0	34.0	34.0	

maxW :
34.0	37.0	37.0	37.0	

minX :
0.0	0.0	0.0	0.0	

minW :
14.0	20.0	20.0	14.0	

moyX :
17.76	17.214285714285715	18.75	20.161290322580644	

moyW :
27.2	28.642857142857142	29.0625	28.870967741935484	

medX :
21.0	19.0	21.5	22.0	

medW :
27.0	29.0	29.0	29.0	

ecartTypeX :
6.860204078597079	9.286538424965858	8.173891362135908	7.804451889967007	

ecartTypeW :
4.8083261120685235	4.116294152635403	3.896613112691585	4.750157453987088	

varX :
47.0624	86.23979591836735	66.8125	60.90946930280958	

varW :
23.12	16.943877551020407	15.18359375	22.56399583766909	

covarX :
49.023333333333326	89.43386243386243	68.96774193548387	62.939784946236564	

covarW :
24.083333333333332	17.57142857142857	15.673387096774194	23.31612903225806	

coef_variationX :
0.3862727521732589	0.5394669624461494	0.43594087264724846	0.38710081374236355	

coef_variationW :
0.1767766952966369	0.14371101779774473	0.13407701032917282	0.1645305933783237	

moy_distances_centre :	24.833333333333332
min_distances_centre :	20.0
max_distances_centre :	35.0
med_distances_centre :	23.5
ecartType_distances_centre :	5.3359368645273735
var_distances_centre :	28.472222222222218
covar_distances_centre :	31.06060606060605
coef_variation_distances_centre :	0.2148699408534513
capacite_X_temoin : 
35.0	35.0	37.0	42.0	
43.0	36.0	42.0	36.0	
37.0	43.0	42.0	34.0	
42.0	37.0	40.0	39.0	

capacite_W_temoin : 
38.5	38.5	43.1	48.6	
42.9	41.8	50.6	40.8	
34.1	49.9	48.6	38.2	
42.6	41.1	48.0	42.7	

demande_cumulee_X : 
7.0	7.0	5.0	6.0	
13.0	5.0	4.0	6.0	
14.0	6.0	6.0	6.0	
12.0	7.0	4.0	8.0	

demande_cumulee_W : 
5.0	8.0	2.0	10.0	
5.0	5.0	5.0	13.0	
8.0	6.0	6.0	12.0	
8.0	4.0	5.0	14.0	

capacite_residuelle_X : 
28.0	28.0	32.0	36.0	
30.0	31.0	38.0	30.0	
23.0	37.0	36.0	28.0	
30.0	30.0	36.0	31.0	

capacite_residuelle_W : 
33.5	30.5	41.1	38.6	
37.9	36.8	45.6	27.799999999999997	
26.1	43.9	42.6	26.200000000000003	
34.6	37.1	43.0	28.700000000000003	

min_capacite_X : 
35.0	36.0	34.0	37.0	

min_capacite_W : 
38.5	40.8	34.1	41.1	

max_capacite_X : 
42.0	43.0	43.0	42.0	

max_capacite_W : 
48.6	50.6	49.9	48.0	

moy_capacite_X : 
37.25	39.25	39.0	39.5	

moy_capacite_W : 
42.175	44.02499999999999	42.7	43.599999999999994	

med_capacite_X : 
36.0	39.0	39.5	39.5	

med_capacite_W : 
40.8	42.349999999999994	43.400000000000006	42.650000000000006	

ecartType_capacite_X : 
2.8613807855648994	3.2691742076555053	3.6742346141747673	1.8027756377319946	

ecartType_capacite_W : 
4.157748789910233	3.8680582984231267	6.724209990772149	2.6182054923172084	

var_capacite_X : 
8.1875	10.6875	13.5	3.25	

var_capacite_W : 
17.286875000000006	14.961875000000013	45.21499999999998	6.854999999999996	

covar_capacite_X : 
10.916666666666666	14.25	18.0	4.333333333333333	

covar_capacite_W : 
23.04916666666667	19.949166666666684	60.28666666666664	9.139999999999993	

##########	##########	##########	##########	##########	##########	##########	##########	##########	##########	##########	##########	##########	##########	##########	##########	##########	##########	##########	##########	##########	##########	##########	##########	##########	##########	##########	##########	##########	##########	##########	##########	##########	##########	##########	##########	##########	##########	##########	##########	##########	##########	##########	##########	##########	nombre de noeuds : 45
nombre de strates : 4
nombre de centres : 4
titre : fenetre
instances : alea45_4_1
temps de calcul : 0.010856151580810547
valeur objective : 282.0
nombre de solutions : 2
nombre de noeuds : 0.0
faisability : True
moy_distances :	30.84
min_distances :	10.0
max_distances :	55.0
var_distances :	78.81966023875114
covar_distances :	78.85948826312644
ecartType_distances :	8.878043716875421
coef_variation	: 0.2878799672367976
distances_centre_x :
23.0	10.0	32.0	-1.0	28.0	11.0	22.0	14.0	-1.0	25.0	-1.0	-1.0	11.0	-1.0	12.0	-1.0	-1.0	14.0	-1.0	-1.0	22.0	13.0	21.0	27.0	27.0	-1.0	-1.0	28.0	-1.0	17.0	10.0	-1.0	-1.0	12.0	-1.0	24.0	21.0	27.0	22.0	-1.0	-1.0	-1.0	27.0	-1.0	-1.0	
23.0	-1.0	-1.0	24.0	28.0	11.0	-1.0	14.0	-1.0	25.0	17.0	12.0	-1.0	0.0	-1.0	24.0	28.0	14.0	0.0	-1.0	22.0	-1.0	21.0	-1.0	27.0	-1.0	-1.0	-1.0	-1.0	17.0	-1.0	22.0	0.0	12.0	27.0	24.0	21.0	27.0	22.0	0.0	-1.0	-1.0	27.0	-1.0	12.0	
23.0	10.0	32.0	24.0	28.0	11.0	22.0	-1.0	29.0	-1.0	17.0	12.0	11.0	-1.0	12.0	24.0	28.0	14.0	0.0	26.0	22.0	-1.0	-1.0	27.0	-1.0	-1.0	-1.0	-1.0	11.0	17.0	-1.0	22.0	0.0	-1.0	27.0	24.0	21.0	27.0	22.0	-1.0	-1.0	23.0	27.0	25.0	12.0	
23.0	10.0	32.0	-1.0	28.0	11.0	22.0	14.0	29.0	25.0	17.0	12.0	11.0	-1.0	-1.0	-1.0	28.0	-1.0	-1.0	-1.0	22.0	-1.0	21.0	27.0	27.0	34.0	11.0	28.0	-1.0	17.0	-1.0	22.0	-1.0	-1.0	27.0	24.0	21.0	-1.0	22.0	-1.0	14.0	23.0	27.0	25.0	12.0	

distances_centre_w :
31.0	24.0	40.0	-1.0	36.0	29.0	32.0	29.0	-1.0	26.0	-1.0	-1.0	31.0	-1.0	20.0	-1.0	-1.0	34.0	-1.0	-1.0	26.0	14.0	30.0	28.0	31.0	-1.0	-1.0	30.0	-1.0	24.0	23.0	-1.0	-1.0	23.0	-1.0	32.0	26.0	31.0	22.0	-1.0	-1.0	-1.0	30.0	-1.0	-1.0	
31.0	-1.0	-1.0	25.0	36.0	29.0	-1.0	29.0	-1.0	26.0	29.0	28.0	-1.0	11.0	-1.0	28.0	34.0	34.0	26.0	-1.0	26.0	-1.0	25.0	-1.0	31.0	-1.0	-1.0	-1.0	-1.0	24.0	-1.0	22.0	20.0	23.0	32.0	32.0	26.0	28.0	22.0	20.0	-1.0	-1.0	30.0	-1.0	23.0	
31.0	24.0	40.0	30.0	36.0	29.0	32.0	-1.0	29.0	-1.0	29.0	28.0	31.0	-1.0	20.0	28.0	34.0	34.0	31.0	28.0	26.0	-1.0	-1.0	28.0	-1.0	-1.0	-1.0	-1.0	22.0	24.0	-1.0	22.0	20.0	-1.0	32.0	32.0	26.0	31.0	22.0	-1.0	-1.0	23.0	30.0	25.0	23.0	
34.0	24.0	40.0	-1.0	36.0	29.0	34.0	34.0	29.0	26.0	30.0	28.0	31.0	-1.0	-1.0	-1.0	34.0	-1.0	-1.0	-1.0	26.0	-1.0	30.0	35.0	34.0	35.0	34.0	30.0	-1.0	24.0	-1.0	22.0	-1.0	-1.0	32.0	32.0	26.0	-1.0	22.0	-1.0	14.0	23.0	30.0	25.0	23.0	

maxX :
32.0	28.0	32.0	34.0	

maxW :
40.0	36.0	40.0	40.0	

minX :
10.0	0.0	0.0	10.0	

minW :
14.0	11.0	20.0	14.0	

moyX :
20.0	17.892857142857142	19.6875	21.483870967741936	

moyW :
28.08	26.785714285714285	28.125	29.225806451612904	

medX :
22.0	21.5	22.0	22.0	

medW :
29.0	27.0	28.5	30.0	

ecartTypeX :
6.788225099390856	8.98148605948563	8.060077155337906	6.729189989800744	

ecartTypeW :
5.351037282621006	5.143353150684197	4.70870205045934	5.404357127590572	

varX :
46.08	80.66709183673468	64.96484375	45.28199791883454	

varW :
28.633600000000005	26.454081632653054	22.171875	29.20707596253902	

covarX :
48.0	83.6547619047619	67.06048387096774	46.79139784946236	

covarW :
29.826666666666668	27.433862433862434	22.887096774193548	30.18064516129032	

coef_variationX :
0.33941125496954283	0.5019593007297358	0.40940074439811586	0.3132205550808154	

coef_variationW :
0.19056400579134639	0.19201851762554337	0.16742051734966543	0.18491729686016306	

moy_distances_centre :	22.5
min_distances_centre :	11.0
max_distances_centre :	31.0
med_distances_centre :	23.0
ecartType_distances_centre :	6.4485140407177015
var_distances_centre :	41.583333333333336
covar_distances_centre :	45.36363636363637
coef_variation_distances_centre :	0.28660062403189784
capacite_X_temoin : 
35.0	41.0	35.0	42.0	
43.0	36.0	36.0	36.0	
37.0	37.0	43.0	34.0	
42.0	36.0	37.0	39.0	

capacite_W_temoin : 
39.5	50.3	35.5	48.6	
45.9	41.8	39.8	40.8	
40.1	40.1	45.9	38.2	
47.6	38.8	39.1	43.7	

demande_cumulee_X : 
6.0	3.0	10.0	6.0	
10.0	5.0	7.0	6.0	
8.0	8.0	10.0	6.0	
7.0	8.0	9.0	7.0	

demande_cumulee_W : 
9.0	4.0	4.0	8.0	
8.0	6.0	7.0	7.0	
13.0	4.0	6.0	9.0	
13.0	4.0	8.0	6.0	

capacite_residuelle_X : 
29.0	38.0	25.0	36.0	
33.0	31.0	29.0	30.0	
29.0	29.0	33.0	28.0	
35.0	28.0	28.0	32.0	

capacite_residuelle_W : 
30.5	46.3	31.5	40.6	
37.9	35.8	32.8	33.8	
27.1	36.1	39.9	29.200000000000003	
34.6	34.8	31.1	37.7	

min_capacite_X : 
35.0	36.0	34.0	36.0	

min_capacite_W : 
35.5	39.8	38.2	38.8	

max_capacite_X : 
42.0	43.0	43.0	42.0	

max_capacite_W : 
50.3	45.9	45.9	47.6	

moy_capacite_X : 
38.25	37.75	37.75	38.5	

moy_capacite_W : 
43.475	42.074999999999996	41.075	42.3	

med_capacite_X : 
38.0	36.0	37.0	38.0	

med_capacite_W : 
44.05	41.3	40.1	41.400000000000006	

ecartType_capacite_X : 
3.2691742076555053	3.031088913245535	3.2691742076555053	2.29128784747792	

ecartType_capacite_W : 
6.169430686862443	2.3188089615145104	2.8916906819367783	3.6242240548840257	

var_capacite_X : 
10.6875	9.1875	10.6875	5.25	

var_capacite_W : 
38.06187499999999	5.376875000000003	8.36187499999999	13.135000000000009	

covar_capacite_X : 
14.25	12.25	14.25	7.0	

covar_capacite_W : 
50.74916666666665	7.16916666666667	11.149166666666654	17.513333333333343	

##########	##########	##########	##########	##########	##########	##########	##########	##########	##########	##########	##########	##########	##########	##########	##########	##########	##########	##########	##########	##########	##########	##########	##########	##########	##########	##########	##########	##########	##########	##########	##########	##########	##########	##########	##########	##########	##########	##########	##########	##########	##########	##########	##########	##########	nombre de noeuds : 45
nombre de strates : 4
nombre de centres : 4
titre : fenetre
instances : alea45_4_1
temps de calcul : 0.011178016662597656
valeur objective : 284.0
nombre de solutions : 2
nombre de noeuds : 0.0
faisability : True
moy_distances :	30.84
min_distances :	10.0
max_distances :	55.0
var_distances :	78.81966023875114
covar_distances :	78.85948826312644
ecartType_distances :	8.878043716875421
coef_variation	: 0.2878799672367976
distances_centre_x :
29.0	10.0	32.0	-1.0	28.0	11.0	22.0	14.0	-1.0	26.0	-1.0	-1.0	11.0	-1.0	12.0	-1.0	-1.0	14.0	-1.0	-1.0	26.0	0.0	25.0	27.0	27.0	-1.0	-1.0	28.0	-1.0	17.0	10.0	-1.0	-1.0	23.0	-1.0	24.0	21.0	14.0	22.0	-1.0	-1.0	-1.0	30.0	-1.0	-1.0	
29.0	-1.0	-1.0	16.0	28.0	11.0	-1.0	14.0	-1.0	26.0	17.0	23.0	-1.0	11.0	-1.0	24.0	28.0	14.0	0.0	-1.0	26.0	-1.0	25.0	-1.0	27.0	-1.0	-1.0	-1.0	-1.0	17.0	-1.0	22.0	0.0	23.0	27.0	24.0	21.0	14.0	22.0	0.0	-1.0	-1.0	30.0	-1.0	22.0	
29.0	10.0	32.0	16.0	28.0	11.0	22.0	-1.0	16.0	-1.0	17.0	23.0	11.0	-1.0	12.0	24.0	28.0	14.0	0.0	14.0	26.0	-1.0	-1.0	27.0	-1.0	-1.0	-1.0	-1.0	22.0	17.0	-1.0	22.0	0.0	-1.0	27.0	24.0	21.0	14.0	22.0	-1.0	-1.0	23.0	30.0	25.0	22.0	
29.0	10.0	32.0	-1.0	28.0	11.0	22.0	14.0	16.0	26.0	17.0	23.0	11.0	-1.0	-1.0	-1.0	28.0	-1.0	-1.0	-1.0	26.0	-1.0	25.0	27.0	27.0	34.0	11.0	28.0	-1.0	17.0	-1.0	22.0	-1.0	-1.0	27.0	24.0	21.0	-1.0	22.0	-1.0	14.0	23.0	30.0	25.0	22.0	

distances_centre_w :
31.0	25.0	40.0	-1.0	36.0	25.0	34.0	30.0	-1.0	27.0	-1.0	-1.0	31.0	-1.0	20.0	-1.0	-1.0	27.0	-1.0	-1.0	26.0	14.0	32.0	27.0	31.0	-1.0	-1.0	29.0	-1.0	18.0	20.0	-1.0	-1.0	32.0	-1.0	32.0	26.0	28.0	24.0	-1.0	-1.0	-1.0	36.0	-1.0	-1.0	
31.0	-1.0	-1.0	30.0	36.0	25.0	-1.0	30.0	-1.0	27.0	30.0	29.0	-1.0	20.0	-1.0	28.0	36.0	27.0	26.0	-1.0	26.0	-1.0	30.0	-1.0	31.0	-1.0	-1.0	-1.0	-1.0	18.0	-1.0	29.0	26.0	32.0	32.0	32.0	26.0	28.0	24.0	14.0	-1.0	-1.0	36.0	-1.0	26.0	
31.0	25.0	40.0	30.0	36.0	25.0	34.0	-1.0	30.0	-1.0	30.0	29.0	31.0	-1.0	20.0	28.0	36.0	27.0	31.0	28.0	26.0	-1.0	-1.0	27.0	-1.0	-1.0	-1.0	-1.0	22.0	18.0	-1.0	29.0	26.0	-1.0	32.0	32.0	26.0	28.0	24.0	-1.0	-1.0	29.0	36.0	30.0	26.0	
31.0	25.0	40.0	-1.0	36.0	25.0	34.0	30.0	30.0	27.0	30.0	28.0	31.0	-1.0	-1.0	-1.0	36.0	-1.0	-1.0	-1.0	26.0	-1.0	32.0	27.0	31.0	35.0	25.0	29.0	-1.0	18.0	-1.0	29.0	-1.0	-1.0	32.0	32.0	26.0	-1.0	24.0	-1.0	27.0	29.0	36.0	30.0	26.0	

maxX :
32.0	30.0	32.0	34.0	

maxW :
40.0	36.0	40.0	40.0	

minX :
0.0	0.0	0.0	10.0	

minW :
14.0	14.0	18.0	18.0	

moyX :
20.12	19.321428571428573	19.65625	22.322580645161292	

moyW :
28.04	28.035714285714285	28.8125	29.580645161290324	

medX :
22.0	22.0	22.0	23.0	

medW :
28.0	28.5	29.0	30.0	

ecartTypeX :
8.061364648742792	8.573437264633844	7.832661484929628	6.512455048568504	

ecartTypeW :
5.8547758283302365	4.938783416252738	4.61273712127626	4.383062661364121	

varX :
64.9856	73.50382653061224	61.3505859375	42.412070759625394	

varW :
34.278400000000005	24.39158163265306	21.27734375	19.211238293444328	

covarX :
67.69333333333334	76.22619047619047	63.32963709677419	43.82580645161291	

covarW :
35.70666666666668	25.294973544973544	21.963709677419356	19.851612903225806	

coef_variationX :
0.40066424695540714	0.44372688245794384	0.39848198333505264	0.2917429284763347	

coef_variationW :
0.2088008497977973	0.17616042758608494	0.16009499770156219	0.14817332879202588	

moy_distances_centre :	25.0
min_distances_centre :	13.0
max_distances_centre :	39.0
med_distances_centre :	26.5
ecartType_distances_centre :	9.146948489341495
var_distances_centre :	83.66666666666667
covar_distances_centre :	91.27272727272728
coef_variation_distances_centre :	0.3658779395736598
capacite_X_temoin : 
41.0	37.0	35.0	42.0	
36.0	43.0	36.0	36.0	
37.0	34.0	43.0	34.0	
36.0	34.0	37.0	39.0	

capacite_W_temoin : 
48.3	45.1	36.5	46.6	
36.8	52.9	39.8	38.8	
38.1	39.2	46.9	36.2	
35.8	42.2	39.1	41.7	

demande_cumulee_X : 
5.0	3.0	9.0	8.0	
10.0	3.0	7.0	8.0	
10.0	5.0	9.0	8.0	
11.0	2.0	9.0	9.0	

demande_cumulee_W : 
5.0	8.0	4.0	8.0	
7.0	5.0	7.0	9.0	
6.0	5.0	6.0	15.0	
6.0	8.0	6.0	11.0	

capacite_residuelle_X : 
36.0	34.0	26.0	34.0	
26.0	40.0	29.0	28.0	
27.0	29.0	34.0	26.0	
25.0	32.0	28.0	30.0	

capacite_residuelle_W : 
43.3	37.1	32.5	38.6	
29.799999999999997	47.9	32.8	29.799999999999997	
32.1	34.2	40.9	21.200000000000003	
29.799999999999997	34.2	33.1	30.700000000000003	

min_capacite_X : 
35.0	36.0	34.0	34.0	

min_capacite_W : 
36.5	36.8	36.2	35.8	

max_capacite_X : 
42.0	43.0	43.0	39.0	

max_capacite_W : 
48.3	52.9	46.9	42.2	

moy_capacite_X : 
38.75	37.75	37.0	36.5	

moy_capacite_W : 
44.125	42.075	40.10000000000001	39.7	

med_capacite_X : 
39.0	36.0	35.5	36.5	

med_capacite_W : 
45.85	39.3	38.650000000000006	40.400000000000006	

ecartType_capacite_X : 
2.8613807855648994	3.031088913245535	3.6742346141747673	1.8027756377319946	

ecartType_capacite_W : 
4.545533522041169	6.342466003062216	4.070012284993743	2.5406692031825022	

var_capacite_X : 
8.1875	9.1875	13.5	3.25	

var_capacite_W : 
20.661875	40.22687500000001	16.564999999999987	6.455000000000012	

covar_capacite_X : 
10.916666666666666	12.25	18.0	4.333333333333333	

covar_capacite_W : 
27.549166666666665	53.63583333333334	22.08666666666665	8.606666666666682	

##########	##########	##########	##########	##########	##########	##########	##########	##########	##########	##########	##########	##########	##########	##########	##########	##########	##########	##########	##########	##########	##########	##########	##########	##########	##########	##########	##########	##########	##########	##########	##########	##########	##########	##########	##########	##########	##########	##########	##########	##########	##########	##########	##########	##########	nombre de noeuds : 45
nombre de strates : 4
nombre de centres : 4
titre : fenetre
instances : alea45_4_1
temps de calcul : 0.00993800163269043
valeur objective : 325.0
nombre de solutions : 2
nombre de noeuds : 0.0
faisability : True
moy_distances :	30.84
min_distances :	10.0
max_distances :	55.0
var_distances :	78.81966023875114
covar_distances :	78.85948826312644
ecartType_distances :	8.878043716875421
coef_variation	: 0.2878799672367976
distances_centre_x :
28.0	10.0	40.0	-1.0	28.0	11.0	31.0	26.0	-1.0	26.0	-1.0	-1.0	11.0	-1.0	20.0	-1.0	-1.0	27.0	-1.0	-1.0	26.0	0.0	25.0	27.0	27.0	-1.0	-1.0	24.0	-1.0	17.0	20.0	-1.0	-1.0	23.0	-1.0	32.0	23.0	14.0	10.0	-1.0	-1.0	-1.0	30.0	-1.0	-1.0	
28.0	-1.0	-1.0	16.0	28.0	11.0	-1.0	26.0	-1.0	26.0	29.0	23.0	-1.0	11.0	-1.0	24.0	28.0	27.0	0.0	-1.0	26.0	-1.0	25.0	-1.0	27.0	-1.0	-1.0	-1.0	-1.0	17.0	-1.0	22.0	13.0	23.0	27.0	32.0	23.0	14.0	10.0	0.0	-1.0	-1.0	30.0	-1.0	22.0	
28.0	10.0	40.0	16.0	28.0	11.0	31.0	-1.0	15.0	-1.0	29.0	23.0	11.0	-1.0	20.0	24.0	28.0	27.0	0.0	14.0	26.0	-1.0	-1.0	27.0	-1.0	-1.0	-1.0	-1.0	22.0	17.0	-1.0	22.0	13.0	-1.0	27.0	32.0	23.0	14.0	10.0	-1.0	-1.0	15.0	30.0	25.0	22.0	
28.0	10.0	40.0	-1.0	28.0	11.0	31.0	26.0	15.0	26.0	29.0	23.0	11.0	-1.0	-1.0	-1.0	28.0	-1.0	-1.0	-1.0	26.0	-1.0	25.0	27.0	27.0	35.0	11.0	24.0	-1.0	17.0	-1.0	22.0	-1.0	-1.0	27.0	32.0	23.0	-1.0	10.0	-1.0	0.0	15.0	30.0	25.0	22.0	

distances_centre_w :
34.0	25.0	44.0	-1.0	38.0	25.0	34.0	30.0	-1.0	36.0	-1.0	-1.0	35.0	-1.0	35.0	-1.0	-1.0	38.0	-1.0	-1.0	26.0	27.0	32.0	27.0	31.0	-1.0	-1.0	28.0	-1.0	18.0	34.0	-1.0	-1.0	32.0	-1.0	33.0	35.0	32.0	22.0	-1.0	-1.0	-1.0	37.0	-1.0	-1.0	
29.0	-1.0	-1.0	30.0	38.0	25.0	-1.0	30.0	-1.0	27.0	30.0	29.0	-1.0	20.0	-1.0	28.0	41.0	28.0	31.0	-1.0	26.0	-1.0	32.0	-1.0	31.0	-1.0	-1.0	-1.0	-1.0	18.0	-1.0	32.0	27.0	32.0	32.0	33.0	26.0	32.0	22.0	31.0	-1.0	-1.0	36.0	-1.0	26.0	
34.0	25.0	44.0	30.0	38.0	25.0	34.0	-1.0	16.0	-1.0	30.0	33.0	35.0	-1.0	35.0	28.0	41.0	38.0	31.0	28.0	26.0	-1.0	-1.0	27.0	-1.0	-1.0	-1.0	-1.0	22.0	18.0	-1.0	32.0	27.0	-1.0	39.0	33.0	35.0	32.0	22.0	-1.0	-1.0	23.0	37.0	31.0	26.0	
34.0	25.0	44.0	-1.0	38.0	25.0	34.0	30.0	16.0	36.0	30.0	33.0	35.0	-1.0	-1.0	-1.0	41.0	-1.0	-1.0	-1.0	26.0	-1.0	32.0	27.0	31.0	35.0	34.0	28.0	-1.0	18.0	-1.0	32.0	-1.0	-1.0	39.0	33.0	35.0	-1.0	22.0	-1.0	30.0	23.0	37.0	31.0	26.0	

maxX :
40.0	32.0	40.0	40.0	

maxW :
44.0	41.0	44.0	44.0	

minX :
0.0	0.0	0.0	0.0	

minW :
18.0	18.0	16.0	16.0	

moyX :
22.24	21.0	21.25	22.70967741935484	

moyW :
31.52	29.357142857142858	30.46875	30.967741935483872	

medX :
25.0	23.5	22.5	25.0	

medW :
32.0	30.0	31.0	32.0	

ecartTypeX :
8.691513101871273	8.434622525214577	8.2915619758885	8.584282517925109	

ecartTypeW :
5.629351650057047	4.819708687953526	6.441973566966881	6.265542588906624	

varX :
75.5424	71.14285714285714	68.75	73.68990634755464	

varW :
31.6896	23.2295918367347	41.4990234375	39.257023933402714	

covarX :
78.69	73.77777777777777	70.96774193548387	76.1462365591398	

covarW :
33.01	24.08994708994709	42.837701612903224	40.565591397849474	

coef_variationX :
0.3908054452280249	0.4016486916768846	0.39019115180651764	0.37800107678363404	

coef_variationW :
0.17859618179114997	0.16417499180376974	0.21142887604404123	0.20232481276677639	

moy_distances_centre :	27.166666666666668
min_distances_centre :	14.0
max_distances_centre :	39.0
med_distances_centre :	28.5
ecartType_distances_centre :	7.776388764858802
var_distances_centre :	60.47222222222221
covar_distances_centre :	65.96969696969698
coef_variation_distances_centre :	0.2862474391972565
capacite_X_temoin : 
41.0	37.0	42.0	38.0	
36.0	43.0	36.0	35.0	
37.0	34.0	34.0	36.0	
36.0	34.0	39.0	38.0	

capacite_W_temoin : 
50.3	43.1	42.6	44.4	
37.8	50.9	36.8	41.5	
39.1	39.2	33.2	39.8	
38.8	43.2	36.7	41.4	

demande_cumulee_X : 
3.0	5.0	12.0	5.0	
9.0	5.0	10.0	4.0	
9.0	5.0	11.0	7.0	
8.0	1.0	14.0	8.0	

demande_cumulee_W : 
15.0	4.0	2.0	4.0	
9.0	3.0	12.0	4.0	
12.0	7.0	7.0	6.0	
14.0	6.0	4.0	7.0	

capacite_residuelle_X : 
38.0	32.0	30.0	33.0	
27.0	38.0	26.0	31.0	
28.0	29.0	23.0	29.0	
28.0	33.0	25.0	30.0	

capacite_residuelle_W : 
35.3	39.1	40.6	40.4	
28.799999999999997	47.9	24.799999999999997	37.5	
27.1	32.2	26.200000000000003	33.8	
24.799999999999997	37.2	32.7	34.4	

min_capacite_X : 
37.0	35.0	34.0	34.0	

min_capacite_W : 
42.6	36.8	33.2	36.7	

max_capacite_X : 
42.0	43.0	37.0	39.0	

max_capacite_W : 
50.3	50.9	39.8	43.2	

moy_capacite_X : 
39.5	37.5	35.25	36.75	

moy_capacite_W : 
45.1	41.75	37.825	40.025	

med_capacite_X : 
39.5	36.0	35.0	37.0	

med_capacite_W : 
43.75	39.65	39.150000000000006	40.099999999999994	

ecartType_capacite_X : 
2.0615528128088303	3.2015621187164243	1.299038105676658	1.920286436967152	

ecartType_capacite_W : 
3.07327187212586	5.565294241996554	2.683630935877732	2.4762623043611516	

var_capacite_X : 
4.25	10.25	1.6875	3.6875	

var_capacite_W : 
9.44499999999999	30.972500000000004	7.201874999999993	6.131875000000001	

covar_capacite_X : 
5.666666666666666	13.666666666666666	2.25	4.916666666666666	

covar_capacite_W : 
12.59333333333332	41.29666666666667	9.60249999999999	8.175833333333333	

##########	##########	##########	##########	##########	##########	##########	##########	##########	##########	##########	##########	##########	##########	##########	##########	##########	##########	##########	##########	##########	##########	##########	##########	##########	##########	##########	##########	##########	##########	##########	##########	##########	##########	##########	##########	##########	##########	##########	##########	##########	##########	##########	##########	##########	