nombre de noeuds : 50
nombre de strates : 5
nombre de centres : 5
titre : intelligent
instances : alea50_5_1
temps de calcul : 0.027371883392333984
valeur objective : 402.0
nombre de solutions : 4
nombre de noeuds : 1.0
faisability : True
moy_distances :	32.42
min_distances :	10.0
max_distances :	59.0
var_distances :	81.08245297792587
covar_distances :	81.11556137032191
ecartType_distances :	9.00457955586633
coef_variation	: 0.2777651580362675
distances_centre_x :
22.0	0.0	-1.0	20.0	-1.0	0.0	35.0	29.0	22.0	28.0	-1.0	23.0	27.0	24.0	-1.0	18.0	21.0	-1.0	19.0	30.0	31.0	-1.0	0.0	29.0	40.0	23.0	-1.0	21.0	16.0	0.0	-1.0	24.0	-1.0	22.0	-1.0	-1.0	-1.0	-1.0	20.0	13.0	-1.0	12.0	20.0	-1.0	29.0	-1.0	16.0	-1.0	-1.0	37.0	
22.0	0.0	-1.0	20.0	-1.0	-1.0	35.0	24.0	22.0	28.0	28.0	23.0	27.0	-1.0	19.0	-1.0	21.0	13.0	-1.0	-1.0	-1.0	37.0	0.0	-1.0	40.0	-1.0	-1.0	21.0	16.0	0.0	-1.0	-1.0	-1.0	-1.0	23.0	-1.0	-1.0	-1.0	20.0	13.0	25.0	12.0	-1.0	20.0	29.0	34.0	16.0	-1.0	-1.0	-1.0	
22.0	0.0	31.0	-1.0	27.0	-1.0	35.0	24.0	22.0	-1.0	-1.0	-1.0	27.0	24.0	-1.0	-1.0	21.0	13.0	19.0	-1.0	-1.0	37.0	0.0	-1.0	40.0	-1.0	29.0	21.0	16.0	0.0	0.0	-1.0	12.0	22.0	-1.0	-1.0	-1.0	24.0	-1.0	13.0	25.0	12.0	20.0	20.0	29.0	-1.0	-1.0	-1.0	11.0	-1.0	
-1.0	0.0	-1.0	-1.0	-1.0	-1.0	35.0	24.0	22.0	28.0	28.0	23.0	27.0	24.0	-1.0	-1.0	21.0	13.0	19.0	-1.0	-1.0	37.0	0.0	29.0	40.0	-1.0	29.0	21.0	16.0	-1.0	-1.0	24.0	-1.0	22.0	23.0	27.0	-1.0	-1.0	20.0	13.0	-1.0	12.0	-1.0	20.0	29.0	-1.0	-1.0	-1.0	-1.0	-1.0	
22.0	-1.0	-1.0	20.0	-1.0	-1.0	35.0	-1.0	22.0	28.0	-1.0	23.0	27.0	24.0	-1.0	-1.0	21.0	13.0	19.0	-1.0	-1.0	-1.0	0.0	-1.0	40.0	23.0	-1.0	21.0	16.0	0.0	-1.0	24.0	12.0	22.0	23.0	-1.0	30.0	24.0	20.0	13.0	-1.0	12.0	20.0	20.0	29.0	-1.0	16.0	34.0	-1.0	-1.0	

distances_centre_w :
31.0	21.0	-1.0	28.0	-1.0	21.0	36.0	34.0	23.0	32.0	-1.0	38.0	38.0	30.0	-1.0	29.0	34.0	-1.0	33.0	42.0	33.0	-1.0	27.0	31.0	42.0	30.0	-1.0	38.0	25.0	26.0	-1.0	32.0	-1.0	24.0	-1.0	-1.0	-1.0	-1.0	30.0	38.0	-1.0	39.0	38.0	-1.0	38.0	-1.0	37.0	-1.0	-1.0	41.0	
31.0	21.0	-1.0	28.0	-1.0	-1.0	36.0	24.0	23.0	32.0	33.0	36.0	38.0	-1.0	25.0	-1.0	34.0	28.0	-1.0	-1.0	-1.0	39.0	27.0	-1.0	40.0	-1.0	-1.0	38.0	25.0	26.0	-1.0	-1.0	-1.0	-1.0	28.0	-1.0	-1.0	-1.0	30.0	38.0	39.0	39.0	-1.0	35.0	38.0	39.0	37.0	-1.0	-1.0	-1.0	
31.0	21.0	34.0	-1.0	31.0	-1.0	36.0	24.0	23.0	-1.0	-1.0	-1.0	38.0	30.0	-1.0	-1.0	34.0	28.0	33.0	-1.0	-1.0	39.0	27.0	-1.0	40.0	-1.0	39.0	38.0	25.0	26.0	36.0	-1.0	33.0	24.0	-1.0	-1.0	-1.0	35.0	-1.0	38.0	39.0	39.0	38.0	35.0	38.0	-1.0	-1.0	-1.0	23.0	-1.0	
-1.0	21.0	-1.0	-1.0	-1.0	-1.0	36.0	24.0	23.0	32.0	33.0	23.0	38.0	30.0	-1.0	-1.0	34.0	28.0	33.0	-1.0	-1.0	39.0	27.0	31.0	40.0	-1.0	39.0	38.0	25.0	-1.0	-1.0	32.0	-1.0	24.0	28.0	31.0	-1.0	-1.0	30.0	38.0	-1.0	39.0	-1.0	35.0	38.0	-1.0	-1.0	-1.0	-1.0	-1.0	
31.0	-1.0	-1.0	28.0	-1.0	-1.0	36.0	-1.0	23.0	32.0	-1.0	23.0	38.0	30.0	-1.0	-1.0	34.0	28.0	33.0	-1.0	-1.0	-1.0	27.0	-1.0	40.0	30.0	-1.0	38.0	25.0	26.0	-1.0	24.0	33.0	24.0	28.0	-1.0	32.0	35.0	30.0	38.0	-1.0	39.0	38.0	35.0	38.0	-1.0	37.0	35.0	-1.0	-1.0	

maxX :
40.0	40.0	40.0	40.0	40.0	

maxW :
42.0	40.0	40.0	40.0	40.0	

minX :
0.0	0.0	0.0	0.0	0.0	

minW :
21.0	21.0	21.0	21.0	23.0	

moyX :
20.96875	21.0	19.866666666666667	22.357142857142858	21.06451612903226	

moyW :
32.46875	32.392857142857146	32.5	31.75	31.870967741935484	

medX :
22.0	21.5	21.5	23.0	22.0	

medW :
32.5	33.5	34.0	32.0	32.0	

ecartTypeX :
10.116460519247827	10.007140307942981	10.496771990579877	9.028582730553506	8.477429174639573	

ecartTypeW :
5.931822943876528	5.820771216172338	5.875088651813406	5.704791219417487	5.16652959884424	

varX :
102.3427734375	100.14285714285714	110.18222222222221	81.515306122449	71.86680541103019	

varW :
35.1865234375	33.88137755102041	34.516666666666666	32.544642857142854	26.693028095733617	

covarX :
105.64415322580645	103.85185185185185	113.98160919540229	84.53439153439155	74.26236559139785	

covarW :
36.32157258064516	35.13624338624338	35.706896551724135	33.75	27.58279569892473	

coef_variationX :
0.48245415292985167	0.47653049085442767	0.5283610062372421	0.4038343713346616	0.4024506958864115	

coef_variationW :
0.18269329567280934	0.17969304746728276	0.18077195851733557	0.17967846360370038	0.16210771008519376	

moy_distances_centre :	27.7
min_distances_centre :	15.0
max_distances_centre :	37.0
med_distances_centre :	26.5
ecartType_distances_centre :	7.142128534267638
var_distances_centre :	51.01
covar_distances_centre :	53.69473684210526
coef_variation_distances_centre :	0.2578385752443191
capacite_X_temoin : 
43.0	45.0	39.0	47.0	43.0	
48.0	49.0	45.0	47.0	49.0	
44.0	44.0	48.0	44.0	48.0	
43.0	41.0	43.0	46.0	42.0	
39.0	46.0	46.0	39.0	38.0	

capacite_W_temoin : 
54.9	49.5	37.7	56.1	51.9	
61.4	58.7	46.5	56.1	58.7	
55.2	50.2	48.4	53.2	59.4	
54.9	49.3	42.9	54.8	49.6	
50.7	50.8	47.8	44.7	45.4	

demande_cumulee_X : 
1.0	9.0	13.0	5.0	4.0	
1.0	5.0	12.0	5.0	5.0	
2.0	7.0	14.0	4.0	3.0	
1.0	4.0	13.0	5.0	5.0	
0.0	9.0	12.0	6.0	4.0	

demande_cumulee_W : 
13.0	11.0	2.0	2.0	4.0	
11.0	13.0	0.0	2.0	2.0	
14.0	12.0	0.0	2.0	2.0	
11.0	13.0	1.0	2.0	1.0	
14.0	11.0	0.0	3.0	3.0	

capacite_residuelle_X : 
42.0	36.0	26.0	42.0	39.0	
47.0	44.0	33.0	42.0	44.0	
42.0	37.0	34.0	40.0	45.0	
42.0	37.0	30.0	41.0	37.0	
39.0	37.0	34.0	33.0	34.0	

capacite_residuelle_W : 
41.9	38.5	35.7	54.1	47.9	
50.4	45.7	46.5	54.1	56.7	
41.2	38.2	48.4	51.2	57.4	
43.9	36.3	41.9	52.8	48.6	
36.7	39.8	47.8	41.7	42.4	

min_capacite_X : 
39.0	45.0	44.0	41.0	38.0	

min_capacite_W : 
37.7	46.5	48.4	42.9	44.7	

max_capacite_X : 
47.0	49.0	48.0	46.0	46.0	

max_capacite_W : 
56.1	61.4	59.4	54.9	50.8	

moy_capacite_X : 
43.4	47.6	45.6	43.0	41.6	

moy_capacite_W : 
50.02	56.279999999999994	53.279999999999994	50.3	47.88	

med_capacite_X : 
43.0	48.0	44.0	43.0	39.0	

med_capacite_W : 
51.9	58.7	53.2	49.6	47.8	

ecartType_capacite_X : 
2.6532998322843198	1.4966629547095764	1.9595917942265424	1.6733200530681511	3.6110940170535577	

ecartType_capacite_W : 
6.578267249055786	5.169293955657775	3.858704445795246	4.419502234415092	2.5592186307543163	

var_capacite_X : 
7.039999999999999	2.2399999999999998	3.84	2.8	13.040000000000001	

var_capacite_W : 
43.27359999999998	26.721600000000002	14.889599999999998	19.531999999999996	6.549599999999998	

covar_capacite_X : 
8.799999999999999	2.8	4.8	3.5	16.3	

covar_capacite_W : 
54.09199999999998	33.402	18.612	24.414999999999996	8.186999999999998	

##########	##########	##########	##########	##########	##########	##########	##########	##########	##########	##########	##########	##########	##########	##########	##########	##########	##########	##########	##########	##########	##########	##########	##########	##########	##########	##########	##########	##########	##########	##########	##########	##########	##########	##########	##########	##########	##########	##########	##########	##########	##########	##########	##########	##########	##########	##########	##########	##########	##########	nombre de noeuds : 50
nombre de strates : 5
nombre de centres : 5
titre : intelligent
instances : alea50_5_1
temps de calcul : 0.028195858001708984
valeur objective : 361.0
nombre de solutions : 2
nombre de noeuds : 0.0
faisability : True
moy_distances :	32.42
min_distances :	10.0
max_distances :	59.0
var_distances :	81.08245297792587
covar_distances :	81.11556137032191
ecartType_distances :	9.00457955586633
coef_variation	: 0.2777651580362675
distances_centre_x :
22.0	21.0	-1.0	20.0	-1.0	0.0	35.0	24.0	18.0	28.0	-1.0	23.0	27.0	24.0	-1.0	18.0	21.0	-1.0	19.0	14.0	31.0	-1.0	0.0	29.0	0.0	23.0	-1.0	21.0	16.0	0.0	-1.0	32.0	-1.0	22.0	-1.0	-1.0	-1.0	-1.0	20.0	13.0	-1.0	12.0	20.0	-1.0	24.0	-1.0	16.0	-1.0	-1.0	37.0	
22.0	21.0	-1.0	20.0	-1.0	-1.0	30.0	24.0	18.0	28.0	28.0	23.0	27.0	-1.0	19.0	-1.0	21.0	13.0	-1.0	-1.0	-1.0	22.0	0.0	-1.0	0.0	-1.0	-1.0	21.0	16.0	0.0	-1.0	-1.0	-1.0	-1.0	23.0	-1.0	-1.0	-1.0	20.0	13.0	25.0	12.0	-1.0	20.0	24.0	18.0	16.0	-1.0	-1.0	-1.0	
22.0	21.0	29.0	-1.0	27.0	-1.0	30.0	24.0	18.0	-1.0	-1.0	-1.0	27.0	24.0	-1.0	-1.0	21.0	13.0	19.0	-1.0	-1.0	22.0	0.0	-1.0	0.0	-1.0	29.0	21.0	16.0	0.0	0.0	-1.0	12.0	22.0	-1.0	-1.0	-1.0	19.0	-1.0	13.0	25.0	12.0	20.0	20.0	24.0	-1.0	-1.0	-1.0	11.0	-1.0	
-1.0	21.0	-1.0	-1.0	-1.0	-1.0	30.0	24.0	18.0	28.0	28.0	23.0	27.0	24.0	-1.0	-1.0	21.0	13.0	19.0	-1.0	-1.0	22.0	0.0	29.0	0.0	-1.0	29.0	21.0	16.0	-1.0	-1.0	29.0	-1.0	22.0	23.0	27.0	-1.0	-1.0	20.0	13.0	-1.0	12.0	-1.0	20.0	24.0	-1.0	-1.0	-1.0	-1.0	-1.0	
22.0	-1.0	-1.0	20.0	-1.0	-1.0	30.0	-1.0	18.0	28.0	-1.0	23.0	27.0	24.0	-1.0	-1.0	21.0	13.0	19.0	-1.0	-1.0	-1.0	0.0	-1.0	0.0	23.0	-1.0	21.0	16.0	0.0	-1.0	32.0	12.0	22.0	23.0	-1.0	15.0	19.0	20.0	13.0	-1.0	12.0	20.0	20.0	24.0	-1.0	16.0	34.0	-1.0	-1.0	

distances_centre_w :
31.0	27.0	-1.0	28.0	-1.0	26.0	38.0	34.0	23.0	34.0	-1.0	38.0	33.0	30.0	-1.0	25.0	28.0	-1.0	37.0	30.0	33.0	-1.0	26.0	31.0	40.0	37.0	-1.0	33.0	35.0	26.0	-1.0	37.0	-1.0	24.0	-1.0	-1.0	-1.0	-1.0	30.0	21.0	-1.0	28.0	36.0	-1.0	37.0	-1.0	37.0	-1.0	-1.0	39.0	
26.0	27.0	-1.0	28.0	-1.0	-1.0	38.0	34.0	23.0	34.0	30.0	38.0	33.0	-1.0	30.0	-1.0	28.0	34.0	-1.0	-1.0	-1.0	37.0	26.0	-1.0	40.0	-1.0	-1.0	33.0	24.0	26.0	-1.0	-1.0	-1.0	-1.0	28.0	-1.0	-1.0	-1.0	30.0	21.0	32.0	28.0	-1.0	21.0	29.0	19.0	37.0	-1.0	-1.0	-1.0	
26.0	27.0	33.0	-1.0	32.0	-1.0	38.0	34.0	23.0	-1.0	-1.0	-1.0	33.0	30.0	-1.0	-1.0	28.0	34.0	33.0	-1.0	-1.0	37.0	26.0	-1.0	40.0	-1.0	32.0	33.0	24.0	26.0	21.0	-1.0	28.0	24.0	-1.0	-1.0	-1.0	24.0	-1.0	21.0	32.0	28.0	34.0	21.0	29.0	-1.0	-1.0	-1.0	23.0	-1.0	
-1.0	27.0	-1.0	-1.0	-1.0	-1.0	38.0	34.0	23.0	34.0	30.0	38.0	33.0	30.0	-1.0	-1.0	28.0	34.0	33.0	-1.0	-1.0	37.0	26.0	31.0	40.0	-1.0	32.0	33.0	24.0	-1.0	-1.0	37.0	-1.0	24.0	28.0	31.0	-1.0	-1.0	30.0	21.0	-1.0	28.0	-1.0	21.0	29.0	-1.0	-1.0	-1.0	-1.0	-1.0	
31.0	-1.0	-1.0	28.0	-1.0	-1.0	38.0	-1.0	23.0	34.0	-1.0	38.0	33.0	30.0	-1.0	-1.0	28.0	34.0	34.0	-1.0	-1.0	-1.0	26.0	-1.0	40.0	29.0	-1.0	33.0	24.0	26.0	-1.0	37.0	28.0	24.0	28.0	-1.0	32.0	24.0	30.0	21.0	-1.0	28.0	34.0	21.0	32.0	-1.0	37.0	35.0	-1.0	-1.0	

maxX :
37.0	30.0	30.0	30.0	34.0	

maxW :
40.0	40.0	40.0	40.0	40.0	

minX :
0.0	0.0	0.0	0.0	0.0	

minW :
21.0	19.0	21.0	21.0	21.0	

moyX :
19.6875	18.714285714285715	18.033333333333335	20.821428571428573	18.93548387096774	

moyW :
31.625	29.785714285714285	29.133333333333333	30.5	30.322580645161292	

medX :
21.0	20.5	20.5	22.0	20.0	

medW :
32.0	29.5	28.5	30.5	30.0	

ecartTypeX :
9.415537358536687	7.836987134539573	8.681333742896628	7.583127753810576	8.183127739720222	

ecartTypeW :
5.158427570490837	5.4665028181849955	5.1815913471528114	5.07444578254611	5.1140987713864465	

varX :
88.65234375	61.41836734693878	75.36555555555557	57.50382653061224	66.96357960457858	

varW :
26.609375	29.882653061224495	26.848888888888887	25.75	26.15400624349636	

covarX :
91.51209677419355	63.69312169312168	77.96436781609198	59.63359788359787	69.19569892473119	

covarW :
27.467741935483872	30.98941798941799	27.774712643678157	26.703703703703702	27.0258064516129	

coef_variationX :
0.4782495166240857	0.41877030489906114	0.48140482862643036	0.3641982454660311	0.4321583644485978	

coef_variationW :
0.16311233424476956	0.18352767255297348	0.17785782656130933	0.16637527155888884	0.16865644884359557	

moy_distances_centre :	32.4
min_distances_centre :	15.0
max_distances_centre :	46.0
med_distances_centre :	34.0
ecartType_distances_centre :	9.645724441429996
var_distances_centre :	93.04
covar_distances_centre :	97.93684210526317
coef_variation_distances_centre :	0.2977075444885801
capacite_X_temoin : 
45.0	39.0	40.0	47.0	43.0	
49.0	45.0	39.0	47.0	49.0	
44.0	48.0	48.0	44.0	48.0	
41.0	43.0	39.0	46.0	42.0	
46.0	46.0	48.0	39.0	38.0	

capacite_W_temoin : 
48.5	37.7	48.0	59.1	52.9	
56.7	50.5	46.7	57.1	58.7	
51.2	50.4	56.4	53.2	60.4	
47.3	46.9	46.7	55.8	49.6	
51.8	47.8	58.4	46.7	46.4	

demande_cumulee_X : 
10.0	13.0	4.0	2.0	3.0	
7.0	8.0	4.0	4.0	5.0	
6.0	12.0	6.0	4.0	2.0	
6.0	9.0	4.0	4.0	5.0	
8.0	12.0	4.0	4.0	3.0	

demande_cumulee_W : 
14.0	5.0	7.0	4.0	2.0	
9.0	5.0	5.0	3.0	6.0	
11.0	6.0	4.0	2.0	7.0	
9.0	6.0	6.0	3.0	4.0	
14.0	5.0	7.0	3.0	2.0	

capacite_residuelle_X : 
35.0	26.0	36.0	45.0	40.0	
42.0	37.0	35.0	43.0	44.0	
38.0	36.0	42.0	40.0	46.0	
35.0	34.0	35.0	42.0	37.0	
38.0	34.0	44.0	35.0	35.0	

capacite_residuelle_W : 
34.5	32.7	41.0	55.1	50.9	
47.7	45.5	41.7	54.1	52.7	
40.2	44.4	52.4	51.2	53.4	
38.3	40.9	40.7	52.8	45.6	
37.8	42.8	51.4	43.7	44.4	

min_capacite_X : 
39.0	39.0	44.0	39.0	38.0	

min_capacite_W : 
37.7	46.7	50.4	46.7	46.4	

max_capacite_X : 
47.0	49.0	48.0	46.0	48.0	

max_capacite_W : 
59.1	58.7	60.4	55.8	58.4	

moy_capacite_X : 
42.8	45.8	46.4	42.2	43.4	

moy_capacite_W : 
49.239999999999995	53.94	54.31999999999999	49.26	50.22	

med_capacite_X : 
43.0	47.0	48.0	42.0	46.0	

med_capacite_W : 
48.5	56.7	53.2	47.3	47.8	

ecartType_capacite_X : 
2.9933259094191533	3.7094473981982814	1.9595917942265426	2.3151673805580453	4.079215610874228	

ecartType_capacite_W : 
7.01244607822406	4.571914259913456	3.678260458423247	3.430801655590132	4.5221233950435265	

var_capacite_X : 
8.96	13.76	3.8400000000000007	5.36	16.64	

var_capacite_W : 
49.17439999999999	20.9024	13.529599999999993	11.770399999999993	20.449599999999993	

covar_capacite_X : 
11.200000000000001	17.2	4.800000000000001	6.7	20.8	

covar_capacite_W : 
61.46799999999999	26.128	16.911999999999992	14.712999999999992	25.56199999999999	

##########	##########	##########	##########	##########	##########	##########	##########	##########	##########	##########	##########	##########	##########	##########	##########	##########	##########	##########	##########	##########	##########	##########	##########	##########	##########	##########	##########	##########	##########	##########	##########	##########	##########	##########	##########	##########	##########	##########	##########	##########	##########	##########	##########	##########	##########	##########	##########	##########	##########	nombre de noeuds : 50
nombre de strates : 5
nombre de centres : 5
titre : intelligent
instances : alea50_5_1
temps de calcul : 0.02440786361694336
valeur objective : 400.0
nombre de solutions : 2
nombre de noeuds : 0.0
faisability : True
moy_distances :	32.42
min_distances :	10.0
max_distances :	59.0
var_distances :	81.08245297792587
covar_distances :	81.11556137032191
ecartType_distances :	9.00457955586633
coef_variation	: 0.2777651580362675
distances_centre_x :
22.0	21.0	-1.0	20.0	-1.0	0.0	30.0	34.0	22.0	28.0	-1.0	36.0	27.0	24.0	-1.0	18.0	21.0	-1.0	19.0	29.0	10.0	-1.0	0.0	29.0	40.0	23.0	-1.0	21.0	16.0	0.0	-1.0	24.0	-1.0	22.0	-1.0	-1.0	-1.0	-1.0	12.0	13.0	-1.0	12.0	20.0	-1.0	29.0	-1.0	16.0	-1.0	-1.0	17.0	
-1.0	-1.0	-1.0	-1.0	-1.0	-1.0	-1.0	-1.0	-1.0	-1.0	-1.0	-1.0	-1.0	-1.0	-1.0	-1.0	-1.0	-1.0	-1.0	-1.0	-1.0	-1.0	-1.0	-1.0	-1.0	-1.0	-1.0	-1.0	-1.0	-1.0	-1.0	-1.0	-1.0	-1.0	-1.0	-1.0	-1.0	-1.0	-1.0	-1.0	-1.0	-1.0	-1.0	-1.0	-1.0	-1.0	-1.0	-1.0	-1.0	-1.0	
22.0	21.0	32.0	-1.0	27.0	-1.0	30.0	34.0	22.0	-1.0	-1.0	-1.0	27.0	24.0	-1.0	-1.0	21.0	28.0	19.0	-1.0	-1.0	37.0	0.0	-1.0	40.0	-1.0	29.0	21.0	16.0	0.0	0.0	-1.0	12.0	22.0	-1.0	-1.0	-1.0	24.0	-1.0	13.0	0.0	12.0	20.0	20.0	29.0	-1.0	-1.0	-1.0	11.0	-1.0	
-1.0	21.0	-1.0	-1.0	-1.0	-1.0	30.0	34.0	22.0	28.0	28.0	36.0	27.0	24.0	-1.0	-1.0	21.0	28.0	19.0	-1.0	-1.0	37.0	0.0	29.0	40.0	-1.0	29.0	21.0	16.0	-1.0	-1.0	24.0	-1.0	22.0	23.0	31.0	-1.0	-1.0	12.0	13.0	-1.0	12.0	-1.0	20.0	32.0	-1.0	-1.0	-1.0	-1.0	-1.0	
22.0	-1.0	-1.0	20.0	-1.0	-1.0	30.0	-1.0	22.0	28.0	-1.0	36.0	27.0	24.0	-1.0	-1.0	21.0	28.0	19.0	-1.0	-1.0	-1.0	0.0	-1.0	40.0	23.0	-1.0	21.0	16.0	0.0	-1.0	24.0	12.0	22.0	23.0	-1.0	15.0	24.0	12.0	13.0	-1.0	12.0	20.0	20.0	29.0	-1.0	16.0	34.0	-1.0	-1.0	

distances_centre_w :
31.0	27.0	-1.0	28.0	-1.0	26.0	30.0	37.0	23.0	38.0	-1.0	38.0	38.0	30.0	-1.0	25.0	32.0	-1.0	34.0	30.0	31.0	-1.0	26.0	31.0	40.0	37.0	-1.0	33.0	35.0	26.0	-1.0	29.0	-1.0	24.0	-1.0	-1.0	-1.0	-1.0	30.0	39.0	-1.0	28.0	34.0	-1.0	32.0	-1.0	40.0	-1.0	-1.0	37.0	
-1.0	-1.0	-1.0	-1.0	-1.0	-1.0	-1.0	-1.0	-1.0	-1.0	-1.0	-1.0	-1.0	-1.0	-1.0	-1.0	-1.0	-1.0	-1.0	-1.0	-1.0	-1.0	-1.0	-1.0	-1.0	-1.0	-1.0	-1.0	-1.0	-1.0	-1.0	-1.0	-1.0	-1.0	-1.0	-1.0	-1.0	-1.0	-1.0	-1.0	-1.0	-1.0	-1.0	-1.0	-1.0	-1.0	-1.0	-1.0	-1.0	-1.0	
31.0	27.0	34.0	-1.0	40.0	-1.0	30.0	37.0	23.0	-1.0	-1.0	-1.0	38.0	30.0	-1.0	-1.0	32.0	34.0	34.0	-1.0	-1.0	39.0	26.0	-1.0	40.0	-1.0	32.0	33.0	35.0	26.0	21.0	-1.0	35.0	24.0	-1.0	-1.0	-1.0	37.0	-1.0	39.0	39.0	28.0	34.0	21.0	32.0	-1.0	-1.0	-1.0	23.0	-1.0	
-1.0	27.0	-1.0	-1.0	-1.0	-1.0	30.0	37.0	23.0	38.0	33.0	38.0	38.0	30.0	-1.0	-1.0	32.0	34.0	34.0	-1.0	-1.0	39.0	26.0	31.0	40.0	-1.0	32.0	33.0	35.0	-1.0	-1.0	29.0	-1.0	24.0	28.0	36.0	-1.0	-1.0	30.0	39.0	-1.0	28.0	-1.0	21.0	37.0	-1.0	-1.0	-1.0	-1.0	-1.0	
31.0	-1.0	-1.0	28.0	-1.0	-1.0	30.0	-1.0	23.0	38.0	-1.0	38.0	38.0	30.0	-1.0	-1.0	32.0	34.0	34.0	-1.0	-1.0	-1.0	26.0	-1.0	40.0	37.0	-1.0	33.0	35.0	26.0	-1.0	29.0	35.0	24.0	28.0	-1.0	32.0	37.0	30.0	39.0	-1.0	28.0	34.0	21.0	32.0	-1.0	40.0	35.0	-1.0	-1.0	

maxX :
40.0	nan	40.0	40.0	40.0	

maxW :
40.0	nan	40.0	40.0	40.0	

minX :
0.0	nan	0.0	0.0	0.0	

minW :
23.0	nan	21.0	21.0	21.0	

moyX :
20.46875	nan	20.433333333333334	24.25	21.06451612903226	

moyW :
31.84375	nan	31.8	32.214285714285715	32.16129032258065	

medX :
21.0	nan	21.5	24.0	22.0	

medW :
31.0	nan	32.5	32.5	32.0	

ecartTypeX :
9.48678151100256	nan	10.597746091609396	8.554969316134336	8.713858016978612	

ecartTypeW :
4.886904535337272	nan	5.729456053297439	5.122479469784857	5.023151396083027	

varX :
89.9990234375	nan	112.31222222222223	73.1875	75.93132154006243	

varW :
23.8818359375	nan	32.82666666666667	26.239795918367346	25.232049947970864	

covarX :
92.90221774193549	nan	116.18505747126436	75.89814814814814	78.46236559139784	

covarW :
24.652217741935484	nan	33.95862068965518	27.21164021164021	26.073118279569893	

coef_variationX :
0.4634763486291327	nan	0.5186498902908351	0.3527822398405912	0.4136747297493675	

coef_variationW :
0.15346510807732355	nan	0.18017157400306413	0.15901266646782258	0.15618625203467787	

moy_distances_centre :	29.2
min_distances_centre :	15.0
max_distances_centre :	40.0
med_distances_centre :	28.5
ecartType_distances_centre :	7.691553809211764
var_distances_centre :	59.160000000000004
covar_distances_centre :	62.27368421052631
coef_variation_distances_centre :	0.26340937702780015
capacite_X_temoin : 
45.0	39.0	47.0	43.0	48.0	
49.0	45.0	47.0	49.0	0.0	
44.0	48.0	44.0	48.0	42.0	
41.0	43.0	46.0	42.0	49.0	
46.0	46.0	39.0	38.0	48.0	

capacite_W_temoin : 
51.5	39.7	57.1	49.9	58.4	
59.7	47.5	55.1	56.7	0.0	
51.2	50.4	52.2	57.4	52.6	
49.3	44.9	51.8	50.6	62.7	
50.8	48.8	45.7	44.4	61.4	

demande_cumulee_X : 
7.0	11.0	4.0	6.0	4.0	
4.0	11.0	6.0	7.0	0.0	
6.0	12.0	5.0	5.0	2.0	
4.0	11.0	8.0	4.0	1.0	
9.0	11.0	5.0	5.0	1.0	

demande_cumulee_W : 
15.0	6.0	8.0	1.0	2.0	
13.0	4.0	10.0	1.0	0.0	
16.0	5.0	6.0	1.0	2.0	
14.0	3.0	5.0	3.0	3.0	
16.0	6.0	6.0	2.0	1.0	

capacite_residuelle_X : 
38.0	28.0	43.0	37.0	44.0	
45.0	34.0	41.0	42.0	0.0	
38.0	36.0	39.0	43.0	40.0	
37.0	32.0	38.0	38.0	48.0	
37.0	35.0	34.0	33.0	47.0	

capacite_residuelle_W : 
36.5	33.7	49.1	48.9	56.4	
46.7	43.5	45.1	55.7	0.0	
35.2	45.4	46.2	56.4	50.6	
35.3	41.9	46.8	47.6	59.7	
34.8	42.8	39.7	42.4	60.4	

min_capacite_X : 
39.0	0.0	42.0	41.0	38.0	

min_capacite_W : 
39.7	0.0	50.4	44.9	44.4	

max_capacite_X : 
48.0	49.0	48.0	49.0	48.0	

max_capacite_W : 
58.4	59.7	57.4	62.7	61.4	

moy_capacite_X : 
44.4	38.0	45.2	44.2	43.4	

moy_capacite_W : 
51.32000000000001	43.8	52.760000000000005	51.86	50.220000000000006	

med_capacite_X : 
45.0	47.0	44.0	43.0	46.0	

med_capacite_W : 
51.5	55.1	52.2	50.6	48.8	

ecartType_capacite_X : 
3.1999999999999997	19.05780679931455	2.4	2.9257477676655586	4.079215610874228	

ecartType_capacite_W : 
6.6424092014870615	22.26674650684289	2.4442585787923496	5.900711821466968	6.027404084678577	

var_capacite_X : 
10.239999999999998	363.2	5.76	8.559999999999999	16.64	

var_capacite_W : 
44.12159999999999	495.808	5.974399999999997	34.81840000000002	36.32959999999999	

covar_capacite_X : 
12.799999999999999	454.0	7.199999999999999	10.7	20.8	

covar_capacite_W : 
55.15199999999999	619.76	7.4679999999999955	43.523000000000025	45.41199999999999	

##########	##########	##########	##########	##########	##########	##########	##########	##########	##########	##########	##########	##########	##########	##########	##########	##########	##########	##########	##########	##########	##########	##########	##########	##########	##########	##########	##########	##########	##########	##########	##########	##########	##########	##########	##########	##########	##########	##########	##########	##########	##########	##########	##########	##########	##########	##########	##########	##########	##########	nombre de noeuds : 50
nombre de strates : 5
nombre de centres : 5
titre : intelligent
instances : alea50_5_1
temps de calcul : 0.027144908905029297
valeur objective : 390.0
nombre de solutions : 2
nombre de noeuds : 0.0
faisability : True
moy_distances :	32.42
min_distances :	10.0
max_distances :	59.0
var_distances :	81.08245297792587
covar_distances :	81.11556137032191
ecartType_distances :	9.00457955586633
coef_variation	: 0.2777651580362675
distances_centre_x :
22.0	21.0	-1.0	20.0	-1.0	0.0	19.0	20.0	22.0	28.0	-1.0	36.0	27.0	24.0	-1.0	18.0	21.0	-1.0	19.0	30.0	31.0	-1.0	0.0	29.0	37.0	23.0	-1.0	21.0	16.0	0.0	-1.0	24.0	-1.0	0.0	-1.0	-1.0	-1.0	-1.0	20.0	13.0	-1.0	12.0	20.0	-1.0	13.0	-1.0	16.0	-1.0	-1.0	28.0	
22.0	21.0	-1.0	20.0	-1.0	-1.0	19.0	20.0	22.0	28.0	28.0	23.0	27.0	-1.0	19.0	-1.0	21.0	31.0	-1.0	-1.0	-1.0	35.0	0.0	-1.0	37.0	-1.0	-1.0	21.0	16.0	0.0	-1.0	-1.0	-1.0	-1.0	23.0	-1.0	-1.0	-1.0	20.0	13.0	25.0	12.0	-1.0	20.0	13.0	18.0	16.0	-1.0	-1.0	-1.0	
22.0	21.0	33.0	-1.0	25.0	-1.0	19.0	20.0	22.0	-1.0	-1.0	-1.0	27.0	24.0	-1.0	-1.0	21.0	31.0	19.0	-1.0	-1.0	35.0	0.0	-1.0	37.0	-1.0	29.0	21.0	16.0	0.0	0.0	-1.0	12.0	0.0	-1.0	-1.0	-1.0	24.0	-1.0	13.0	25.0	12.0	20.0	20.0	13.0	-1.0	-1.0	-1.0	11.0	-1.0	
-1.0	-1.0	-1.0	-1.0	-1.0	-1.0	-1.0	-1.0	-1.0	-1.0	-1.0	-1.0	-1.0	-1.0	-1.0	-1.0	-1.0	-1.0	-1.0	-1.0	-1.0	-1.0	-1.0	-1.0	-1.0	-1.0	-1.0	-1.0	-1.0	-1.0	-1.0	-1.0	-1.0	-1.0	-1.0	-1.0	-1.0	-1.0	-1.0	-1.0	-1.0	-1.0	-1.0	-1.0	-1.0	-1.0	-1.0	-1.0	-1.0	-1.0	
22.0	-1.0	-1.0	20.0	-1.0	-1.0	19.0	-1.0	22.0	28.0	-1.0	23.0	27.0	24.0	-1.0	-1.0	21.0	31.0	19.0	-1.0	-1.0	-1.0	0.0	-1.0	37.0	23.0	-1.0	21.0	16.0	0.0	-1.0	24.0	12.0	0.0	23.0	-1.0	15.0	24.0	20.0	13.0	-1.0	12.0	20.0	20.0	13.0	-1.0	16.0	30.0	-1.0	-1.0	

distances_centre_w :
22.0	27.0	-1.0	28.0	-1.0	26.0	35.0	24.0	23.0	38.0	-1.0	41.0	37.0	30.0	-1.0	25.0	36.0	-1.0	37.0	42.0	33.0	-1.0	26.0	31.0	40.0	37.0	-1.0	33.0	35.0	26.0	-1.0	29.0	-1.0	24.0	-1.0	-1.0	-1.0	-1.0	30.0	21.0	-1.0	28.0	34.0	-1.0	37.0	-1.0	37.0	-1.0	-1.0	37.0	
22.0	27.0	-1.0	28.0	-1.0	-1.0	35.0	24.0	23.0	38.0	33.0	36.0	37.0	-1.0	30.0	-1.0	36.0	34.0	-1.0	-1.0	-1.0	37.0	26.0	-1.0	40.0	-1.0	-1.0	33.0	35.0	26.0	-1.0	-1.0	-1.0	-1.0	28.0	-1.0	-1.0	-1.0	30.0	21.0	32.0	28.0	-1.0	21.0	37.0	34.0	37.0	-1.0	-1.0	-1.0	
22.0	27.0	34.0	-1.0	27.0	-1.0	35.0	24.0	23.0	-1.0	-1.0	-1.0	37.0	30.0	-1.0	-1.0	36.0	34.0	37.0	-1.0	-1.0	37.0	26.0	-1.0	40.0	-1.0	32.0	33.0	35.0	26.0	21.0	-1.0	35.0	24.0	-1.0	-1.0	-1.0	37.0	-1.0	21.0	32.0	28.0	34.0	21.0	37.0	-1.0	-1.0	-1.0	23.0	-1.0	
-1.0	-1.0	-1.0	-1.0	-1.0	-1.0	-1.0	-1.0	-1.0	-1.0	-1.0	-1.0	-1.0	-1.0	-1.0	-1.0	-1.0	-1.0	-1.0	-1.0	-1.0	-1.0	-1.0	-1.0	-1.0	-1.0	-1.0	-1.0	-1.0	-1.0	-1.0	-1.0	-1.0	-1.0	-1.0	-1.0	-1.0	-1.0	-1.0	-1.0	-1.0	-1.0	-1.0	-1.0	-1.0	-1.0	-1.0	-1.0	-1.0	-1.0	
22.0	-1.0	-1.0	28.0	-1.0	-1.0	35.0	-1.0	23.0	38.0	-1.0	38.0	37.0	30.0	-1.0	-1.0	36.0	34.0	37.0	-1.0	-1.0	-1.0	26.0	-1.0	40.0	37.0	-1.0	33.0	35.0	26.0	-1.0	32.0	35.0	24.0	28.0	-1.0	32.0	37.0	30.0	21.0	-1.0	28.0	34.0	21.0	37.0	-1.0	37.0	34.0	-1.0	-1.0	

maxX :
37.0	37.0	37.0	nan	37.0	

maxW :
42.0	40.0	40.0	nan	40.0	

minX :
0.0	0.0	0.0	nan	0.0	

minW :
21.0	21.0	21.0	nan	21.0	

moyX :
19.6875	20.357142857142858	19.066666666666666	nan	19.193548387096776	

moyW :
31.53125	31.0	30.266666666666666	nan	31.774193548387096	

medX :
20.5	20.5	20.5	nan	20.0	

medW :
32.0	32.5	32.0	nan	34.0	

ecartTypeX :
9.47509069877434	8.155691639735343	9.875671566475308	nan	8.372070907482614	

ecartTypeW :
5.931822943876528	5.5805785670356025	5.915704147061071	nan	5.551574478321036	

varX :
89.77734375	66.51530612244898	97.52888888888887	nan	70.09157127991676	

varW :
35.1865234375	31.142857142857142	34.995555555555555	nan	30.819979188345478	

covarX :
92.67338709677419	68.97883597883599	100.89195402298847	nan	72.42795698924732	

covarW :
36.32157258064516	32.2962962962963	36.2022988505747	nan	31.847311827957	

coef_variationX :
0.4812744481917125	0.4006304665133151	0.5179548024375161	nan	0.4361919296335479	

coef_variationW :
0.18812520733800686	0.18001866345276138	0.19545278018924242	nan	0.17471960287101737	

moy_distances_centre :	28.1
min_distances_centre :	15.0
max_distances_centre :	42.0
med_distances_centre :	26.0
ecartType_distances_centre :	8.030566605165541
var_distances_centre :	64.49000000000001
covar_distances_centre :	67.8842105263158
coef_variation_distances_centre :	0.28578528844005485
capacite_X_temoin : 
45.0	39.0	47.0	43.0	48.0	
49.0	45.0	47.0	49.0	42.0	
44.0	48.0	44.0	48.0	48.0	
41.0	43.0	46.0	42.0	0.0	
46.0	46.0	39.0	38.0	46.0	

capacite_W_temoin : 
51.5	40.7	56.1	51.9	56.4	
59.7	49.5	57.1	58.7	48.6	
52.2	51.4	53.2	60.4	54.4	
50.3	43.9	52.8	48.6	0.0	
51.8	50.8	46.7	46.4	52.8	

demande_cumulee_X : 
7.0	10.0	5.0	4.0	6.0	
4.0	9.0	4.0	5.0	6.0	
5.0	11.0	4.0	2.0	8.0	
3.0	12.0	7.0	6.0	0.0	
8.0	9.0	4.0	3.0	7.0	

demande_cumulee_W : 
17.0	6.0	4.0	2.0	3.0	
12.0	7.0	3.0	4.0	2.0	
15.0	8.0	3.0	2.0	2.0	
18.0	1.0	8.0	1.0	0.0	
16.0	7.0	5.0	2.0	1.0	

capacite_residuelle_X : 
38.0	29.0	42.0	39.0	42.0	
45.0	36.0	43.0	44.0	36.0	
39.0	37.0	40.0	46.0	40.0	
38.0	31.0	39.0	36.0	0.0	
38.0	37.0	35.0	35.0	39.0	

capacite_residuelle_W : 
34.5	34.7	52.1	49.9	53.4	
47.7	42.5	54.1	54.7	46.6	
37.2	43.4	50.2	58.4	52.4	
32.3	42.9	44.8	47.6	0.0	
35.8	43.8	41.7	44.4	51.8	

min_capacite_X : 
39.0	42.0	44.0	0.0	38.0	

min_capacite_W : 
40.7	48.6	51.4	0.0	46.4	

max_capacite_X : 
48.0	49.0	48.0	46.0	46.0	

max_capacite_W : 
56.4	59.7	60.4	52.8	52.8	

moy_capacite_X : 
44.4	46.4	46.4	34.4	43.0	

moy_capacite_W : 
51.32000000000001	54.720000000000006	54.32000000000001	39.12	49.7	

med_capacite_X : 
45.0	47.0	48.0	42.0	46.0	

med_capacite_W : 
51.9	57.1	53.2	48.6	50.8	

ecartType_capacite_X : 
3.1999999999999997	2.65329983228432	1.9595917942265426	17.281203661782357	3.687817782917155	

ecartType_capacite_W : 
5.6887256921036355	4.711857383240711	3.201499648602198	19.774872945230268	2.65028300375639	

var_capacite_X : 
10.239999999999998	7.040000000000001	3.8400000000000007	298.64	13.6	

var_capacite_W : 
32.36159999999999	22.201600000000006	10.249599999999996	391.0456	7.023999999999991	

covar_capacite_X : 
12.799999999999999	8.8	4.800000000000001	373.3	17.0	

covar_capacite_W : 
40.451999999999984	27.75200000000001	12.811999999999994	488.80699999999996	8.779999999999989	

##########	##########	##########	##########	##########	##########	##########	##########	##########	##########	##########	##########	##########	##########	##########	##########	##########	##########	##########	##########	##########	##########	##########	##########	##########	##########	##########	##########	##########	##########	##########	##########	##########	##########	##########	##########	##########	##########	##########	##########	##########	##########	##########	##########	##########	##########	##########	##########	##########	##########	nombre de noeuds : 50
nombre de strates : 5
nombre de centres : 5
titre : intelligent
instances : alea50_5_1
temps de calcul : 0.022439002990722656
valeur objective : 402.0
nombre de solutions : 2
nombre de noeuds : 0.0
faisability : True
moy_distances :	32.42
min_distances :	10.0
max_distances :	59.0
var_distances :	81.08245297792587
covar_distances :	81.11556137032191
ecartType_distances :	9.00457955586633
coef_variation	: 0.2777651580362675
distances_centre_x :
22.0	15.0	-1.0	20.0	-1.0	0.0	24.0	34.0	22.0	28.0	-1.0	36.0	27.0	24.0	-1.0	14.0	21.0	-1.0	19.0	30.0	31.0	-1.0	0.0	27.0	40.0	15.0	-1.0	21.0	10.0	0.0	-1.0	29.0	-1.0	22.0	-1.0	-1.0	-1.0	-1.0	20.0	13.0	-1.0	12.0	20.0	-1.0	23.0	-1.0	16.0	-1.0	-1.0	37.0	
22.0	15.0	-1.0	20.0	-1.0	-1.0	24.0	34.0	22.0	28.0	28.0	36.0	27.0	-1.0	19.0	-1.0	21.0	28.0	-1.0	-1.0	-1.0	37.0	0.0	-1.0	40.0	-1.0	-1.0	21.0	10.0	0.0	-1.0	-1.0	-1.0	-1.0	23.0	-1.0	-1.0	-1.0	20.0	13.0	25.0	12.0	-1.0	20.0	23.0	18.0	16.0	-1.0	-1.0	-1.0	
-1.0	-1.0	-1.0	-1.0	-1.0	-1.0	-1.0	-1.0	-1.0	-1.0	-1.0	-1.0	-1.0	-1.0	-1.0	-1.0	-1.0	-1.0	-1.0	-1.0	-1.0	-1.0	-1.0	-1.0	-1.0	-1.0	-1.0	-1.0	-1.0	-1.0	-1.0	-1.0	-1.0	-1.0	-1.0	-1.0	-1.0	-1.0	-1.0	-1.0	-1.0	-1.0	-1.0	-1.0	-1.0	-1.0	-1.0	-1.0	-1.0	-1.0	
-1.0	15.0	-1.0	-1.0	-1.0	-1.0	24.0	34.0	22.0	28.0	28.0	36.0	27.0	24.0	-1.0	-1.0	21.0	28.0	19.0	-1.0	-1.0	37.0	0.0	27.0	40.0	-1.0	24.0	21.0	10.0	-1.0	-1.0	29.0	-1.0	22.0	23.0	27.0	-1.0	-1.0	20.0	13.0	-1.0	12.0	-1.0	20.0	23.0	-1.0	-1.0	-1.0	-1.0	-1.0	
22.0	-1.0	-1.0	20.0	-1.0	-1.0	24.0	-1.0	22.0	28.0	-1.0	36.0	27.0	24.0	-1.0	-1.0	21.0	28.0	19.0	-1.0	-1.0	-1.0	0.0	-1.0	40.0	15.0	-1.0	21.0	10.0	0.0	-1.0	29.0	12.0	22.0	23.0	-1.0	0.0	24.0	20.0	13.0	-1.0	12.0	20.0	20.0	23.0	-1.0	16.0	20.0	-1.0	-1.0	

distances_centre_w :
31.0	21.0	-1.0	28.0	-1.0	26.0	35.0	35.0	23.0	38.0	-1.0	38.0	38.0	30.0	-1.0	18.0	33.0	-1.0	34.0	42.0	33.0	-1.0	26.0	29.0	40.0	37.0	-1.0	33.0	35.0	26.0	-1.0	32.0	-1.0	24.0	-1.0	-1.0	-1.0	-1.0	30.0	21.0	-1.0	28.0	34.0	-1.0	37.0	-1.0	40.0	-1.0	-1.0	41.0	
31.0	21.0	-1.0	28.0	-1.0	-1.0	35.0	35.0	23.0	38.0	33.0	38.0	38.0	-1.0	30.0	-1.0	33.0	34.0	-1.0	-1.0	-1.0	39.0	26.0	-1.0	40.0	-1.0	-1.0	33.0	35.0	26.0	-1.0	-1.0	-1.0	-1.0	28.0	-1.0	-1.0	-1.0	30.0	21.0	39.0	28.0	-1.0	21.0	37.0	34.0	40.0	-1.0	-1.0	-1.0	
-1.0	-1.0	-1.0	-1.0	-1.0	-1.0	-1.0	-1.0	-1.0	-1.0	-1.0	-1.0	-1.0	-1.0	-1.0	-1.0	-1.0	-1.0	-1.0	-1.0	-1.0	-1.0	-1.0	-1.0	-1.0	-1.0	-1.0	-1.0	-1.0	-1.0	-1.0	-1.0	-1.0	-1.0	-1.0	-1.0	-1.0	-1.0	-1.0	-1.0	-1.0	-1.0	-1.0	-1.0	-1.0	-1.0	-1.0	-1.0	-1.0	-1.0	
-1.0	21.0	-1.0	-1.0	-1.0	-1.0	35.0	35.0	23.0	38.0	33.0	38.0	38.0	30.0	-1.0	-1.0	33.0	34.0	34.0	-1.0	-1.0	39.0	26.0	29.0	40.0	-1.0	32.0	33.0	35.0	-1.0	-1.0	32.0	-1.0	24.0	28.0	31.0	-1.0	-1.0	30.0	21.0	-1.0	28.0	-1.0	21.0	37.0	-1.0	-1.0	-1.0	-1.0	-1.0	
31.0	-1.0	-1.0	28.0	-1.0	-1.0	35.0	-1.0	23.0	38.0	-1.0	38.0	38.0	30.0	-1.0	-1.0	33.0	34.0	34.0	-1.0	-1.0	-1.0	26.0	-1.0	40.0	37.0	-1.0	33.0	35.0	26.0	-1.0	32.0	35.0	24.0	28.0	-1.0	15.0	31.0	30.0	21.0	-1.0	28.0	34.0	21.0	37.0	-1.0	40.0	34.0	-1.0	-1.0	

maxX :
40.0	40.0	nan	40.0	40.0	

maxW :
42.0	40.0	nan	40.0	40.0	

minX :
0.0	0.0	nan	0.0	0.0	

minW :
18.0	21.0	nan	21.0	15.0	

moyX :
21.0	21.5	nan	23.357142857142858	19.70967741935484	

moyW :
31.75	31.928571428571427	nan	31.357142857142858	31.258064516129032	

medX :
21.5	21.5	nan	23.5	21.0	

medW :
33.0	33.0	nan	32.5	33.0	

ecartTypeX :
9.912113800799505	9.34841468607684	nan	8.367514931115988	8.998901540088088	

ecartTypeW :
6.234981956669963	5.885384872889862	nan	5.562722134982153	6.010569947401981	

varX :
98.25	87.39285714285714	nan	70.01530612244899	80.98022892819978	

varW :
38.875	34.63775510204082	nan	30.943877551020403	36.126951092611854	

covarX :
101.41935483870968	90.62962962962962	nan	72.60846560846561	83.67956989247313	

covarW :
40.12903225806451	35.92063492063492	nan	32.08994708994708	37.33118279569893	

coef_variationX :
0.4720054190856907	0.4348099853989228	nan	0.3582422294667395	0.45657274589644964	

coef_variationW :
0.19637738446204608	0.184329727562546	nan	0.17739888357574066	0.1922886154483606	

moy_distances_centre :	25.9
min_distances_centre :	15.0
max_distances_centre :	37.0
med_distances_centre :	26.0
ecartType_distances_centre :	6.818357573492315
var_distances_centre :	46.49
covar_distances_centre :	48.93684210526317
coef_variation_distances_centre :	0.2632570491695875
capacite_X_temoin : 
45.0	39.0	47.0	43.0	46.0	
49.0	45.0	47.0	49.0	41.0	
44.0	48.0	44.0	48.0	0.0	
41.0	43.0	46.0	42.0	47.0	
46.0	46.0	39.0	38.0	49.0	

capacite_W_temoin : 
54.5	40.7	56.1	50.9	51.8	
59.7	49.5	56.1	57.7	49.3	
52.2	47.4	51.2	58.4	0.0	
50.3	46.9	55.8	48.6	55.1	
52.8	50.8	46.7	45.4	56.7	

demande_cumulee_X : 
4.0	10.0	5.0	5.0	8.0	
4.0	9.0	5.0	6.0	4.0	
5.0	15.0	6.0	4.0	0.0	
3.0	9.0	4.0	6.0	6.0	
7.0	9.0	4.0	4.0	7.0	

demande_cumulee_W : 
20.0	6.0	4.0	0.0	2.0	
17.0	4.0	4.0	1.0	2.0	
13.0	4.0	10.0	3.0	0.0	
15.0	5.0	5.0	1.0	2.0	
15.0	7.0	7.0	1.0	1.0	

capacite_residuelle_X : 
41.0	29.0	42.0	38.0	38.0	
45.0	36.0	42.0	43.0	37.0	
39.0	33.0	38.0	44.0	0.0	
38.0	34.0	42.0	36.0	41.0	
39.0	37.0	35.0	34.0	42.0	

capacite_residuelle_W : 
34.5	34.7	52.1	50.9	49.8	
42.7	45.5	52.1	56.7	47.3	
39.2	43.4	41.2	55.4	0.0	
35.3	41.9	50.8	47.6	53.1	
37.8	43.8	39.7	44.4	55.7	

min_capacite_X : 
39.0	41.0	0.0	41.0	38.0	

min_capacite_W : 
40.7	49.3	0.0	46.9	45.4	

max_capacite_X : 
47.0	49.0	48.0	47.0	49.0	

max_capacite_W : 
56.1	59.7	58.4	55.8	56.7	

moy_capacite_X : 
44.0	46.2	36.8	43.8	43.6	

moy_capacite_W : 
50.8	54.46	41.84	51.339999999999996	50.480000000000004	

med_capacite_X : 
45.0	47.0	44.0	43.0	46.0	

med_capacite_W : 
51.8	56.1	51.2	50.3	50.8	

ecartType_capacite_X : 
2.8284271247461903	2.993325909419153	18.48675201326615	2.315167380558045	4.317406628984581	

ecartType_capacite_W : 
5.381449618829484	4.286537063878022	21.216371037479526	3.530778950883218	4.105313629919157	

var_capacite_X : 
8.0	8.959999999999999	341.76	5.359999999999999	18.64	

var_capacite_W : 
28.95999999999999	18.374400000000016	450.1344	12.466399999999998	16.853600000000004	

covar_capacite_X : 
10.0	11.2	427.2	6.699999999999999	23.3	

covar_capacite_W : 
36.19999999999999	22.96800000000002	562.668	15.582999999999998	21.067000000000004	

##########	##########	##########	##########	##########	##########	##########	##########	##########	##########	##########	##########	##########	##########	##########	##########	##########	##########	##########	##########	##########	##########	##########	##########	##########	##########	##########	##########	##########	##########	##########	##########	##########	##########	##########	##########	##########	##########	##########	##########	##########	##########	##########	##########	##########	##########	##########	##########	##########	##########	nombre de noeuds : 50
nombre de strates : 5
nombre de centres : 5
titre : intelligent
instances : alea50_5_1
temps de calcul : 0.02562880516052246
valeur objective : 400.0
nombre de solutions : 2
nombre de noeuds : 0.0
faisability : True
moy_distances :	32.42
min_distances :	10.0
max_distances :	59.0
var_distances :	81.08245297792587
covar_distances :	81.11556137032191
ecartType_distances :	9.00457955586633
coef_variation	: 0.2777651580362675
distances_centre_x :
22.0	21.0	-1.0	20.0	-1.0	0.0	35.0	32.0	22.0	28.0	-1.0	36.0	27.0	24.0	-1.0	18.0	21.0	-1.0	19.0	30.0	31.0	-1.0	0.0	29.0	40.0	23.0	-1.0	21.0	16.0	0.0	-1.0	24.0	-1.0	22.0	-1.0	-1.0	-1.0	-1.0	20.0	13.0	-1.0	12.0	20.0	-1.0	29.0	-1.0	16.0	-1.0	-1.0	37.0	
22.0	21.0	-1.0	20.0	-1.0	-1.0	30.0	32.0	22.0	28.0	28.0	36.0	27.0	-1.0	0.0	-1.0	21.0	32.0	-1.0	-1.0	-1.0	37.0	0.0	-1.0	40.0	-1.0	-1.0	21.0	16.0	0.0	-1.0	-1.0	-1.0	-1.0	23.0	-1.0	-1.0	-1.0	20.0	13.0	25.0	12.0	-1.0	10.0	29.0	18.0	16.0	-1.0	-1.0	-1.0	
22.0	21.0	33.0	-1.0	27.0	-1.0	30.0	32.0	22.0	-1.0	-1.0	-1.0	27.0	24.0	-1.0	-1.0	21.0	32.0	19.0	-1.0	-1.0	37.0	0.0	-1.0	40.0	-1.0	23.0	21.0	16.0	0.0	0.0	-1.0	12.0	22.0	-1.0	-1.0	-1.0	24.0	-1.0	13.0	25.0	12.0	20.0	10.0	29.0	-1.0	-1.0	-1.0	11.0	-1.0	
-1.0	-1.0	-1.0	-1.0	-1.0	-1.0	30.0	24.0	22.0	-1.0	28.0	23.0	27.0	24.0	-1.0	-1.0	13.0	13.0	19.0	-1.0	-1.0	37.0	0.0	29.0	-1.0	-1.0	29.0	21.0	16.0	-1.0	-1.0	-1.0	-1.0	22.0	23.0	27.0	-1.0	-1.0	20.0	13.0	-1.0	12.0	-1.0	-1.0	29.0	-1.0	-1.0	-1.0	-1.0	-1.0	
22.0	-1.0	-1.0	20.0	-1.0	-1.0	30.0	-1.0	22.0	28.0	-1.0	36.0	27.0	24.0	-1.0	-1.0	21.0	32.0	19.0	-1.0	-1.0	-1.0	0.0	-1.0	40.0	23.0	-1.0	21.0	16.0	0.0	-1.0	24.0	12.0	22.0	23.0	-1.0	15.0	24.0	20.0	13.0	-1.0	12.0	20.0	10.0	29.0	-1.0	16.0	34.0	-1.0	-1.0	

distances_centre_w :
31.0	25.0	-1.0	28.0	-1.0	26.0	35.0	34.0	23.0	34.0	-1.0	38.0	38.0	30.0	-1.0	25.0	33.0	-1.0	37.0	34.0	36.0	-1.0	26.0	31.0	40.0	37.0	-1.0	33.0	35.0	26.0	-1.0	32.0	-1.0	24.0	-1.0	-1.0	-1.0	-1.0	30.0	39.0	-1.0	28.0	34.0	-1.0	37.0	-1.0	22.0	-1.0	-1.0	37.0	
31.0	25.0	-1.0	28.0	-1.0	-1.0	30.0	34.0	23.0	34.0	33.0	38.0	38.0	-1.0	30.0	-1.0	33.0	34.0	-1.0	-1.0	-1.0	39.0	26.0	-1.0	40.0	-1.0	-1.0	33.0	35.0	26.0	-1.0	-1.0	-1.0	-1.0	28.0	-1.0	-1.0	-1.0	30.0	39.0	39.0	28.0	-1.0	20.0	37.0	34.0	22.0	-1.0	-1.0	-1.0	
31.0	25.0	34.0	-1.0	40.0	-1.0	30.0	34.0	23.0	-1.0	-1.0	-1.0	38.0	30.0	-1.0	-1.0	33.0	34.0	37.0	-1.0	-1.0	39.0	26.0	-1.0	40.0	-1.0	32.0	33.0	35.0	26.0	21.0	-1.0	35.0	24.0	-1.0	-1.0	-1.0	37.0	-1.0	39.0	39.0	28.0	34.0	20.0	37.0	-1.0	-1.0	-1.0	23.0	-1.0	
-1.0	36.0	-1.0	-1.0	-1.0	-1.0	30.0	-1.0	-1.0	38.0	-1.0	-1.0	37.0	-1.0	-1.0	-1.0	-1.0	-1.0	-1.0	-1.0	-1.0	-1.0	15.0	31.0	40.0	-1.0	-1.0	-1.0	-1.0	-1.0	-1.0	24.0	-1.0	37.0	32.0	-1.0	-1.0	-1.0	-1.0	-1.0	-1.0	27.0	-1.0	32.0	-1.0	-1.0	-1.0	-1.0	-1.0	-1.0	
31.0	-1.0	-1.0	28.0	-1.0	-1.0	30.0	-1.0	23.0	34.0	-1.0	38.0	38.0	30.0	-1.0	-1.0	33.0	34.0	37.0	-1.0	-1.0	-1.0	26.0	-1.0	40.0	37.0	-1.0	33.0	35.0	26.0	-1.0	32.0	35.0	24.0	28.0	-1.0	32.0	37.0	30.0	39.0	-1.0	28.0	34.0	20.0	37.0	-1.0	22.0	40.0	-1.0	-1.0	

maxX :
40.0	40.0	40.0	37.0	40.0	

maxW :
40.0	40.0	40.0	40.0	40.0	

minX :
0.0	0.0	0.0	0.0	0.0	

minW :
22.0	20.0	20.0	15.0	20.0	

moyX :
22.125	21.392857142857142	20.833333333333332	21.782608695652176	21.129032258064516	

moyW :
31.8125	31.678571428571427	31.9	31.583333333333332	31.967741935483872	

medX :
22.0	21.5	22.0	23.0	22.0	

medW :
33.0	33.0	33.5	32.0	33.0	

ecartTypeX :
9.7971615787431	10.403774334738488	10.099779975601228	7.823912741461994	8.918056838412333	

ecartTypeW :
5.08943452163401	5.477574876769121	5.940538696111658	6.751028728193125	5.39703545248113	

varX :
95.984375	108.23852040816327	102.00555555555553	61.213610586011335	79.53173777315298	

varW :
25.90234375	30.003826530612248	35.29	45.576388888888886	29.12799167533819	

covarX :
99.08064516129032	112.2473544973545	105.52298850574714	63.99604743083004	82.18279569892475	

covarW :
26.737903225806452	31.11507936507936	36.50689655172413	49.719696969696976	30.098924731182795	

coef_variationX :
0.4428095628810441	0.4863200022916155	0.484789438828859	0.35918162286152866	0.4220759725050112	

coef_variationW :
0.15998222464861328	0.17291104458797676	0.18622378357716798	0.21375288849160293	0.16882754694946014	

moy_distances_centre :	29.0
min_distances_centre :	15.0
max_distances_centre :	51.0
med_distances_centre :	28.0
ecartType_distances_centre :	9.777525249264253
var_distances_centre :	95.6
covar_distances_centre :	100.63157894736841
coef_variation_distances_centre :	0.33715604307807767
capacite_X_temoin : 
45.0	49.0	39.0	47.0	43.0	
49.0	45.0	45.0	47.0	49.0	
44.0	46.0	48.0	44.0	48.0	
41.0	0.0	43.0	46.0	42.0	
46.0	41.0	46.0	39.0	38.0	

capacite_W_temoin : 
49.5	62.7	38.7	57.1	49.9	
59.7	54.5	50.5	57.1	55.7	
52.2	55.8	48.4	54.2	58.4	
48.3	0.0	43.9	54.8	48.6	
51.8	51.3	48.8	46.7	43.4	

demande_cumulee_X : 
9.0	1.0	12.0	4.0	6.0	
4.0	4.0	8.0	4.0	8.0	
5.0	4.0	14.0	3.0	4.0	
5.0	0.0	12.0	5.0	6.0	
8.0	2.0	11.0	4.0	6.0	

demande_cumulee_W : 
17.0	7.0	4.0	3.0	1.0	
17.0	5.0	0.0	4.0	2.0	
20.0	4.0	1.0	3.0	2.0	
16.0	0.0	1.0	10.0	1.0	
19.0	6.0	2.0	3.0	1.0	

capacite_residuelle_X : 
36.0	48.0	27.0	43.0	37.0	
45.0	41.0	37.0	43.0	41.0	
39.0	42.0	34.0	41.0	44.0	
36.0	0.0	31.0	41.0	36.0	
38.0	39.0	35.0	35.0	32.0	

capacite_residuelle_W : 
32.5	55.7	34.7	54.1	48.9	
42.7	49.5	50.5	53.1	53.7	
32.2	51.8	47.4	51.2	56.4	
32.3	0.0	42.9	44.8	47.6	
32.8	45.3	46.8	43.7	42.4	

min_capacite_X : 
39.0	45.0	44.0	0.0	38.0	

min_capacite_W : 
38.7	50.5	48.4	0.0	43.4	

max_capacite_X : 
49.0	49.0	48.0	46.0	46.0	

max_capacite_W : 
62.7	59.7	58.4	54.8	51.8	

moy_capacite_X : 
44.6	47.0	46.0	34.4	42.0	

moy_capacite_W : 
51.58	55.5	53.8	39.12	48.39999999999999	

med_capacite_X : 
45.0	47.0	46.0	42.0	41.0	

med_capacite_W : 
49.9	55.7	54.2	48.3	48.8	

ecartType_capacite_X : 
3.4409301068170506	1.7888543819998317	1.7888543819998317	17.281203661782357	3.40587727318528	

ecartType_capacite_W : 
8.089103782249305	3.041052449399715	3.377573093213528	19.865689013975828	3.099032106965011	

var_capacite_X : 
11.84	3.2	3.2	298.64	11.6	

var_capacite_W : 
65.4336	9.248000000000006	11.407999999999998	394.64559999999994	9.603999999999994	

covar_capacite_X : 
14.8	4.0	4.0	373.29999999999995	14.5	

covar_capacite_W : 
81.792	11.560000000000008	14.259999999999998	493.30699999999996	12.004999999999992	

##########	##########	##########	##########	##########	##########	##########	##########	##########	##########	##########	##########	##########	##########	##########	##########	##########	##########	##########	##########	##########	##########	##########	##########	##########	##########	##########	##########	##########	##########	##########	##########	##########	##########	##########	##########	##########	##########	##########	##########	##########	##########	##########	##########	##########	##########	##########	##########	##########	##########	nombre de noeuds : 50
nombre de strates : 5
nombre de centres : 5
titre : intelligent
instances : alea50_5_1
temps de calcul : 0.028165817260742188
valeur objective : 402.0
nombre de solutions : 2
nombre de noeuds : 0.0
faisability : True
moy_distances :	32.42
min_distances :	10.0
max_distances :	59.0
var_distances :	81.08245297792587
covar_distances :	81.11556137032191
ecartType_distances :	9.00457955586633
coef_variation	: 0.2777651580362675
distances_centre_x :
22.0	21.0	-1.0	20.0	-1.0	0.0	30.0	29.0	22.0	27.0	-1.0	23.0	27.0	24.0	-1.0	18.0	21.0	-1.0	10.0	30.0	31.0	-1.0	0.0	0.0	40.0	23.0	-1.0	21.0	16.0	0.0	-1.0	29.0	-1.0	22.0	-1.0	-1.0	-1.0	-1.0	20.0	13.0	-1.0	12.0	20.0	-1.0	29.0	-1.0	16.0	-1.0	-1.0	37.0	
-1.0	-1.0	-1.0	20.0	-1.0	-1.0	30.0	-1.0	22.0	-1.0	28.0	-1.0	-1.0	-1.0	-1.0	-1.0	13.0	-1.0	-1.0	-1.0	-1.0	-1.0	-1.0	-1.0	-1.0	-1.0	-1.0	-1.0	16.0	0.0	-1.0	-1.0	-1.0	-1.0	23.0	-1.0	-1.0	-1.0	20.0	13.0	-1.0	-1.0	-1.0	-1.0	29.0	18.0	-1.0	-1.0	-1.0	-1.0	
22.0	21.0	33.0	-1.0	27.0	-1.0	30.0	24.0	22.0	-1.0	-1.0	-1.0	27.0	24.0	-1.0	-1.0	21.0	34.0	10.0	-1.0	-1.0	28.0	0.0	-1.0	40.0	-1.0	29.0	21.0	16.0	0.0	0.0	-1.0	12.0	22.0	-1.0	-1.0	-1.0	24.0	-1.0	13.0	25.0	12.0	20.0	20.0	29.0	-1.0	-1.0	-1.0	11.0	-1.0	
-1.0	21.0	-1.0	-1.0	-1.0	-1.0	30.0	24.0	22.0	27.0	26.0	23.0	27.0	24.0	-1.0	-1.0	21.0	34.0	10.0	-1.0	-1.0	28.0	0.0	0.0	40.0	-1.0	29.0	21.0	16.0	-1.0	-1.0	29.0	-1.0	22.0	23.0	27.0	-1.0	-1.0	20.0	13.0	-1.0	12.0	-1.0	20.0	29.0	-1.0	-1.0	-1.0	-1.0	-1.0	
22.0	-1.0	-1.0	20.0	-1.0	-1.0	30.0	-1.0	22.0	27.0	-1.0	23.0	27.0	24.0	-1.0	-1.0	21.0	34.0	10.0	-1.0	-1.0	-1.0	0.0	-1.0	40.0	23.0	-1.0	21.0	16.0	0.0	-1.0	29.0	12.0	22.0	23.0	-1.0	15.0	24.0	20.0	13.0	-1.0	12.0	20.0	20.0	29.0	-1.0	16.0	34.0	-1.0	-1.0	

distances_centre_w :
31.0	27.0	-1.0	28.0	-1.0	26.0	30.0	34.0	23.0	28.0	-1.0	38.0	38.0	30.0	-1.0	25.0	36.0	-1.0	19.0	42.0	33.0	-1.0	26.0	29.0	40.0	37.0	-1.0	33.0	35.0	26.0	-1.0	32.0	-1.0	24.0	-1.0	-1.0	-1.0	-1.0	30.0	21.0	-1.0	28.0	35.0	-1.0	37.0	-1.0	40.0	-1.0	-1.0	41.0	
-1.0	37.0	-1.0	-1.0	-1.0	-1.0	30.0	-1.0	-1.0	38.0	-1.0	-1.0	37.0	-1.0	34.0	-1.0	-1.0	-1.0	-1.0	-1.0	-1.0	-1.0	15.0	-1.0	40.0	-1.0	-1.0	-1.0	-1.0	-1.0	-1.0	-1.0	-1.0	-1.0	-1.0	-1.0	-1.0	-1.0	-1.0	-1.0	40.0	27.0	-1.0	32.0	-1.0	-1.0	-1.0	-1.0	-1.0	-1.0	
31.0	27.0	34.0	-1.0	37.0	-1.0	30.0	24.0	23.0	-1.0	-1.0	-1.0	38.0	30.0	-1.0	-1.0	36.0	40.0	19.0	-1.0	-1.0	39.0	26.0	-1.0	40.0	-1.0	32.0	33.0	35.0	26.0	21.0	-1.0	35.0	24.0	-1.0	-1.0	-1.0	37.0	-1.0	21.0	39.0	28.0	35.0	21.0	37.0	-1.0	-1.0	-1.0	23.0	-1.0	
-1.0	27.0	-1.0	-1.0	-1.0	-1.0	30.0	24.0	23.0	28.0	33.0	36.0	38.0	30.0	-1.0	-1.0	36.0	40.0	19.0	-1.0	-1.0	39.0	26.0	29.0	40.0	-1.0	32.0	33.0	35.0	-1.0	-1.0	32.0	-1.0	24.0	28.0	31.0	-1.0	-1.0	30.0	21.0	-1.0	28.0	-1.0	21.0	37.0	-1.0	-1.0	-1.0	-1.0	-1.0	
31.0	-1.0	-1.0	28.0	-1.0	-1.0	30.0	-1.0	23.0	28.0	-1.0	23.0	38.0	30.0	-1.0	-1.0	36.0	40.0	19.0	-1.0	-1.0	-1.0	26.0	-1.0	40.0	37.0	-1.0	33.0	35.0	26.0	-1.0	32.0	35.0	24.0	28.0	-1.0	27.0	37.0	30.0	21.0	-1.0	28.0	35.0	21.0	37.0	-1.0	40.0	35.0	-1.0	-1.0	

maxX :
40.0	30.0	40.0	40.0	40.0	

maxW :
42.0	40.0	40.0	40.0	40.0	

minX :
0.0	0.0	0.0	0.0	0.0	

minW :
19.0	15.0	19.0	19.0	19.0	

moyX :
20.40625	19.333333333333332	20.566666666666666	22.071428571428573	20.93548387096774	

moyW :
31.3125	33.0	30.7	30.357142857142858	30.741935483870968	

medX :
21.5	20.0	22.0	23.0	22.0	

medW :
30.5	35.5	31.5	30.0	30.0	

ecartTypeX :
10.068078810652011	8.013876853447538	9.73202045940216	8.774673666819963	8.673041226738611	

ecartTypeW :
5.976189735107145	7.252585745787498	6.527633568147036	5.844498546950468	6.0052006597265	

varX :
101.3662109375	64.22222222222221	94.71222222222221	76.99489795918369	75.2216441207076	

varW :
35.71484375	52.6	42.61	34.15816326530613	36.0624349635796	

covarX :
104.63608870967742	70.06060606060606	97.97816091954022	79.84656084656085	77.72903225806452	

covarW :
36.86693548387097	58.44444444444444	44.07931034482759	35.423280423280424	37.26451612903225	

coef_variationX :
0.4933821162953512	0.4145108717300451	0.4731938635041569	0.39755803021190766	0.41427469650061166	

coef_variationW :
0.190856358805817	0.2197753256299242	0.21262650059110866	0.19252465801719187	0.19534230897326496	

moy_distances_centre :	30.3
min_distances_centre :	15.0
max_distances_centre :	44.0
med_distances_centre :	30.0
ecartType_distances_centre :	8.683893136145793
var_distances_centre :	75.41
covar_distances_centre :	79.37894736842105
coef_variation_distances_centre :	0.2865971332061318
capacite_X_temoin : 
45.0	39.0	49.0	47.0	43.0	
49.0	45.0	0.0	47.0	49.0	
44.0	48.0	49.0	44.0	48.0	
41.0	43.0	42.0	46.0	42.0	
46.0	46.0	40.0	39.0	38.0	

capacite_W_temoin : 
52.5	39.7	60.7	54.1	50.9	
58.7	47.5	0.0	56.1	56.7	
51.2	49.4	61.7	52.2	58.4	
50.3	47.9	49.6	53.8	48.6	
52.8	48.8	50.0	46.7	42.4	

demande_cumulee_X : 
6.0	11.0	3.0	7.0	5.0	
5.0	11.0	0.0	5.0	7.0	
6.0	13.0	2.0	5.0	4.0	
3.0	8.0	5.0	6.0	6.0	
7.0	11.0	2.0	4.0	7.0	

demande_cumulee_W : 
17.0	9.0	3.0	1.0	2.0	
16.0	2.0	0.0	10.0	0.0	
18.0	6.0	4.0	1.0	1.0	
17.0	6.0	2.0	1.0	2.0	
15.0	9.0	4.0	3.0	0.0	

capacite_residuelle_X : 
39.0	28.0	46.0	40.0	38.0	
44.0	34.0	0.0	42.0	42.0	
38.0	35.0	47.0	39.0	44.0	
38.0	35.0	37.0	40.0	36.0	
39.0	35.0	38.0	35.0	31.0	

capacite_residuelle_W : 
35.5	30.700000000000003	57.7	53.1	48.9	
42.7	45.5	0.0	46.1	56.7	
33.2	43.4	57.7	51.2	57.4	
33.3	41.9	47.6	52.8	46.6	
37.8	39.8	46.0	43.7	42.4	

min_capacite_X : 
39.0	0.0	44.0	41.0	38.0	

min_capacite_W : 
39.7	0.0	49.4	47.9	42.4	

max_capacite_X : 
49.0	49.0	49.0	46.0	46.0	

max_capacite_W : 
60.7	58.7	61.7	53.8	52.8	

moy_capacite_X : 
44.6	38.0	46.6	42.8	41.8	

moy_capacite_W : 
51.58	43.8	54.58	50.03999999999999	48.14	

med_capacite_X : 
45.0	47.0	48.0	42.0	40.0	

med_capacite_W : 
52.5	56.1	52.2	49.6	48.8	

ecartType_capacite_X : 
3.4409301068170506	19.05780679931455	2.154065922853802	1.7204650534085253	3.4871191548325386	

ecartType_capacite_W : 
6.811284753994653	22.234387781092604	4.6734997592810466	2.051925924588896	3.4822980917778987	

var_capacite_X : 
11.84	363.2	4.640000000000001	2.96	12.16	

var_capacite_W : 
46.3936	494.36800000000005	21.8416	4.2103999999999955	12.126399999999995	

covar_capacite_X : 
14.8	454.0	5.800000000000001	3.6999999999999997	15.2	

covar_capacite_W : 
57.992	617.96	27.302	5.262999999999995	15.157999999999994	

##########	##########	##########	##########	##########	##########	##########	##########	##########	##########	##########	##########	##########	##########	##########	##########	##########	##########	##########	##########	##########	##########	##########	##########	##########	##########	##########	##########	##########	##########	##########	##########	##########	##########	##########	##########	##########	##########	##########	##########	##########	##########	##########	##########	##########	##########	##########	##########	##########	##########	