nombre de noeuds : 45
nombre de strates : 9
nombre de centres : 4
titre : fenetre
instances : alea45_4_2
temps de calcul : 0.02055501937866211
valeur objective : 681.0
nombre de solutions : 2
nombre de noeuds : 0.0
faisability : True
moy_distances :	30.84
min_distances :	10.0
max_distances :	55.0
var_distances :	78.81966023875114
covar_distances :	78.85948826312644
ecartType_distances :	8.878043716875421
coef_variation	: 0.2878799672367976
distances_centre_x :
13.0	24.0	28.0	20.0	-1.0	28.0	-1.0	-1.0	0.0	-1.0	22.0	23.0	21.0	29.0	14.0	12.0	-1.0	-1.0	28.0	20.0	-1.0	-1.0	31.0	-1.0	24.0	30.0	25.0	-1.0	-1.0	10.0	-1.0	-1.0	-1.0	25.0	-1.0	-1.0	22.0	0.0	10.0	24.0	15.0	-1.0	-1.0	-1.0	18.0	
13.0	24.0	28.0	20.0	-1.0	-1.0	0.0	-1.0	0.0	31.0	-1.0	-1.0	21.0	29.0	14.0	12.0	-1.0	-1.0	28.0	20.0	-1.0	-1.0	-1.0	-1.0	24.0	30.0	25.0	0.0	-1.0	10.0	17.0	-1.0	-1.0	-1.0	38.0	18.0	22.0	0.0	10.0	24.0	15.0	13.0	-1.0	-1.0	18.0	
13.0	-1.0	28.0	20.0	-1.0	28.0	-1.0	-1.0	0.0	-1.0	22.0	23.0	21.0	29.0	14.0	-1.0	14.0	-1.0	28.0	-1.0	-1.0	-1.0	31.0	-1.0	24.0	-1.0	25.0	0.0	26.0	10.0	-1.0	-1.0	-1.0	-1.0	38.0	18.0	22.0	-1.0	10.0	24.0	15.0	-1.0	28.0	-1.0	18.0	
13.0	-1.0	28.0	20.0	-1.0	-1.0	0.0	-1.0	0.0	31.0	-1.0	-1.0	21.0	29.0	14.0	12.0	-1.0	-1.0	28.0	20.0	31.0	-1.0	31.0	20.0	24.0	30.0	25.0	0.0	26.0	10.0	-1.0	-1.0	-1.0	-1.0	38.0	18.0	-1.0	0.0	10.0	24.0	15.0	13.0	28.0	-1.0	18.0	
13.0	24.0	28.0	20.0	-1.0	28.0	0.0	-1.0	-1.0	31.0	22.0	-1.0	21.0	29.0	14.0	-1.0	14.0	36.0	28.0	-1.0	-1.0	-1.0	31.0	-1.0	24.0	30.0	25.0	0.0	26.0	-1.0	-1.0	-1.0	-1.0	25.0	38.0	18.0	22.0	0.0	10.0	24.0	15.0	-1.0	-1.0	23.0	18.0	
-1.0	24.0	28.0	20.0	32.0	-1.0	0.0	-1.0	-1.0	-1.0	22.0	-1.0	21.0	29.0	14.0	12.0	14.0	-1.0	28.0	20.0	-1.0	-1.0	31.0	-1.0	24.0	-1.0	25.0	-1.0	26.0	-1.0	-1.0	17.0	22.0	-1.0	38.0	-1.0	22.0	0.0	10.0	24.0	15.0	13.0	-1.0	-1.0	18.0	
13.0	24.0	-1.0	20.0	-1.0	-1.0	-1.0	-1.0	-1.0	-1.0	22.0	-1.0	21.0	29.0	14.0	-1.0	14.0	-1.0	28.0	20.0	-1.0	14.0	-1.0	20.0	24.0	-1.0	25.0	-1.0	26.0	10.0	-1.0	-1.0	-1.0	25.0	38.0	-1.0	-1.0	0.0	10.0	24.0	15.0	-1.0	28.0	-1.0	18.0	
13.0	24.0	-1.0	20.0	-1.0	-1.0	0.0	10.0	-1.0	31.0	22.0	-1.0	-1.0	29.0	14.0	12.0	-1.0	-1.0	28.0	20.0	-1.0	-1.0	31.0	-1.0	24.0	30.0	25.0	-1.0	-1.0	10.0	-1.0	-1.0	-1.0	-1.0	38.0	18.0	22.0	0.0	10.0	24.0	15.0	13.0	-1.0	-1.0	18.0	
13.0	24.0	-1.0	20.0	-1.0	-1.0	-1.0	-1.0	-1.0	31.0	22.0	-1.0	-1.0	29.0	14.0	12.0	-1.0	36.0	28.0	-1.0	-1.0	-1.0	31.0	-1.0	24.0	30.0	25.0	-1.0	26.0	10.0	-1.0	-1.0	22.0	-1.0	-1.0	18.0	-1.0	0.0	10.0	24.0	15.0	13.0	-1.0	-1.0	18.0	

distances_centre_w :
29.0	30.0	35.0	29.0	-1.0	35.0	-1.0	-1.0	30.0	-1.0	36.0	35.0	28.0	31.0	30.0	30.0	-1.0	-1.0	32.0	25.0	-1.0	-1.0	32.0	-1.0	25.0	33.0	35.0	-1.0	-1.0	30.0	-1.0	-1.0	-1.0	31.0	-1.0	-1.0	23.0	30.0	25.0	28.0	20.0	-1.0	-1.0	-1.0	19.0	
29.0	38.0	36.0	32.0	-1.0	-1.0	18.0	-1.0	18.0	31.0	-1.0	-1.0	36.0	30.0	30.0	30.0	-1.0	-1.0	32.0	32.0	-1.0	-1.0	-1.0	-1.0	25.0	38.0	35.0	32.0	-1.0	35.0	36.0	-1.0	-1.0	-1.0	39.0	32.0	38.0	30.0	25.0	34.0	38.0	16.0	-1.0	-1.0	34.0	
29.0	-1.0	36.0	32.0	-1.0	35.0	-1.0	-1.0	18.0	-1.0	36.0	36.0	36.0	30.0	30.0	-1.0	32.0	-1.0	32.0	-1.0	-1.0	-1.0	35.0	-1.0	25.0	-1.0	35.0	32.0	29.0	35.0	-1.0	-1.0	-1.0	-1.0	39.0	32.0	38.0	-1.0	25.0	34.0	38.0	-1.0	37.0	-1.0	34.0	
29.0	-1.0	36.0	32.0	-1.0	-1.0	18.0	-1.0	18.0	31.0	-1.0	-1.0	36.0	30.0	30.0	30.0	-1.0	-1.0	32.0	32.0	32.0	-1.0	35.0	30.0	25.0	38.0	35.0	32.0	29.0	35.0	-1.0	-1.0	-1.0	-1.0	39.0	32.0	-1.0	30.0	25.0	34.0	38.0	16.0	37.0	-1.0	34.0	
29.0	38.0	36.0	32.0	-1.0	35.0	18.0	-1.0	-1.0	31.0	36.0	-1.0	36.0	30.0	30.0	-1.0	32.0	38.0	32.0	-1.0	-1.0	-1.0	35.0	-1.0	25.0	38.0	35.0	32.0	29.0	-1.0	-1.0	-1.0	-1.0	31.0	39.0	32.0	38.0	30.0	25.0	34.0	38.0	-1.0	-1.0	38.0	34.0	
-1.0	38.0	36.0	32.0	40.0	-1.0	18.0	-1.0	-1.0	-1.0	36.0	-1.0	36.0	30.0	30.0	30.0	32.0	-1.0	32.0	32.0	-1.0	-1.0	35.0	-1.0	25.0	-1.0	35.0	-1.0	29.0	-1.0	-1.0	35.0	27.0	-1.0	39.0	-1.0	38.0	30.0	25.0	34.0	38.0	16.0	-1.0	-1.0	34.0	
29.0	38.0	-1.0	32.0	-1.0	-1.0	-1.0	-1.0	-1.0	-1.0	36.0	-1.0	36.0	30.0	30.0	-1.0	32.0	-1.0	32.0	32.0	-1.0	29.0	-1.0	30.0	25.0	-1.0	35.0	-1.0	29.0	35.0	-1.0	-1.0	-1.0	31.0	39.0	-1.0	-1.0	30.0	25.0	34.0	38.0	-1.0	37.0	-1.0	34.0	
29.0	38.0	-1.0	32.0	-1.0	-1.0	18.0	24.0	-1.0	31.0	36.0	-1.0	-1.0	30.0	30.0	30.0	-1.0	-1.0	32.0	32.0	-1.0	-1.0	35.0	-1.0	25.0	38.0	35.0	-1.0	-1.0	35.0	-1.0	-1.0	-1.0	-1.0	39.0	32.0	38.0	30.0	25.0	34.0	38.0	16.0	-1.0	-1.0	34.0	
29.0	30.0	-1.0	32.0	-1.0	-1.0	-1.0	-1.0	-1.0	31.0	36.0	-1.0	-1.0	30.0	30.0	30.0	-1.0	38.0	32.0	-1.0	-1.0	-1.0	35.0	-1.0	25.0	35.0	35.0	-1.0	29.0	35.0	-1.0	-1.0	27.0	-1.0	-1.0	32.0	-1.0	30.0	25.0	34.0	20.0	16.0	-1.0	-1.0	34.0	

maxX :
31.0	38.0	38.0	38.0	38.0	38.0	38.0	38.0	36.0	

maxW :
36.0	39.0	39.0	39.0	39.0	40.0	39.0	39.0	38.0	

minX :
0.0	0.0	0.0	0.0	0.0	0.0	0.0	0.0	0.0	

minW :
19.0	16.0	18.0	16.0	18.0	16.0	25.0	16.0	16.0	

moyX :
19.846153846153847	18.0	20.346153846153847	19.233333333333334	21.233333333333334	20.333333333333332	20.083333333333332	19.26923076923077	20.625	

moyW :
29.46153846153846	31.392857142857142	32.69230769230769	31.0	32.86666666666667	31.925925925925927	32.416666666666664	31.384615384615383	30.416666666666668	

medX :
22.0	19.0	22.0	20.0	23.5	22.0	20.5	20.0	22.0	

medW :
30.0	32.0	34.0	32.0	33.0	32.0	32.0	32.0	30.5	

ecartTypeX :
8.291294357950242	9.92831448793946	8.866281449715101	10.275158825482402	9.583608691696233	8.692269873603532	7.793783135009311	9.217699080104587	8.370645634198913	

ecartTypeW :
4.396071403762938	6.061230931763222	4.6473253744594505	5.680375574437544	4.659995231280345	5.785844321534373	3.773997291408084	5.798387860013154	4.990964057396349	

varX :
68.74556213017752	98.57142857142857	78.61094674556213	105.5788888888889	91.84555555555556	75.55555555555556	60.743055555555564	84.96597633136095	70.06770833333333	

varW :
19.325443786982248	36.73852040816326	21.597633136094675	32.266666666666666	21.715555555555557	33.47599451303155	14.243055555555555	33.62130177514793	24.909722222222225	

covarX :
71.49538461538461	102.22222222222221	81.75538461538461	109.21954022988506	95.01264367816093	78.46153846153845	63.3840579710145	88.3646153846154	73.11413043478261	

covarW :
20.098461538461542	38.099206349206355	22.461538461538463	33.37931034482759	22.464367816091954	34.763532763532766	14.862318840579709	34.96615384615385	25.992753623188403	

coef_variationX :
0.41777839788121374	0.5515730271077478	0.4357718670937479	0.534237027321442	0.45134734811756194	0.42748868230837045	0.3880721892950694	0.4783636249156073	0.4058494852944928	

coef_variationW :
0.149213911877071	0.1930767532302278	0.14215348204228906	0.18323792175604983	0.14178484476512207	0.1812271423218423	0.11642151027479951	0.18475255436316423	0.16408648955823613	

moy_distances_centre :	25.166666666666668
min_distances_centre :	14.0
max_distances_centre :	32.0
med_distances_centre :	28.5
ecartType_distances_centre :	6.693695209341068
var_distances_centre :	44.805555555555564
covar_distances_centre :	48.87878787878789
coef_variation_distances_centre :	0.2659746440797775
capacite_X_temoin : 
44.0	44.0	38.0	43.0	
37.0	42.0	44.0	38.0	
37.0	44.0	33.0	40.0	
36.0	42.0	38.0	41.0	
42.0	36.0	44.0	40.0	
39.0	36.0	43.0	42.0	
38.0	36.0	43.0	44.0	
40.0	36.0	40.0	40.0	
43.0	40.0	33.0	37.0	

capacite_W_temoin : 
53.2	51.2	39.4	49.9	
44.1	47.6	47.2	42.4	
44.1	50.2	33.9	46.0	
43.8	47.6	37.4	45.3	
47.6	41.8	45.2	46.0	
42.7	42.8	48.9	46.6	
46.4	41.8	46.9	50.2	
47.0	40.8	42.0	47.0	
50.9	48.0	33.9	42.1	

demande_cumulee_X : 
4.0	6.0	10.0	6.0	
4.0	7.0	10.0	7.0	
4.0	7.0	9.0	6.0	
3.0	7.0	12.0	8.0	
7.0	5.0	12.0	6.0	
8.0	4.0	7.0	8.0	
3.0	5.0	9.0	7.0	
5.0	6.0	10.0	5.0	
5.0	4.0	9.0	6.0	

demande_cumulee_W : 
2.0	6.0	4.0	14.0	
5.0	13.0	5.0	5.0	
5.0	11.0	4.0	6.0	
6.0	12.0	4.0	8.0	
5.0	12.0	5.0	8.0	
5.0	12.0	4.0	6.0	
4.0	9.0	4.0	7.0	
6.0	10.0	4.0	6.0	
5.0	8.0	4.0	7.0	

capacite_residuelle_X : 
40.0	38.0	28.0	37.0	
33.0	35.0	34.0	31.0	
33.0	37.0	24.0	34.0	
33.0	35.0	26.0	33.0	
35.0	31.0	32.0	34.0	
31.0	32.0	36.0	34.0	
35.0	31.0	34.0	37.0	
35.0	30.0	30.0	35.0	
38.0	36.0	24.0	31.0	

capacite_residuelle_W : 
51.2	45.2	35.4	35.9	
39.1	34.6	42.2	37.4	
39.1	39.2	29.9	40.0	
37.8	35.6	33.4	37.3	
42.6	29.799999999999997	40.2	38.0	
37.7	30.799999999999997	44.9	40.6	
42.4	32.8	42.9	43.2	
41.0	30.799999999999997	38.0	41.0	
45.9	40.0	29.9	35.1	

min_capacite_X : 
38.0	37.0	33.0	36.0	36.0	36.0	36.0	36.0	33.0	

min_capacite_W : 
39.4	42.4	33.9	37.4	41.8	42.7	41.8	40.8	33.9	

max_capacite_X : 
44.0	44.0	44.0	42.0	44.0	43.0	44.0	40.0	43.0	

max_capacite_W : 
53.2	47.6	50.2	47.6	47.6	48.9	50.2	47.0	50.9	

moy_capacite_X : 
42.25	40.25	38.5	39.25	40.5	40.0	40.25	39.0	38.25	

moy_capacite_W : 
48.425000000000004	45.325	43.550000000000004	43.525000000000006	45.150000000000006	45.25	46.325	44.2	43.725	

med_capacite_X : 
43.5	40.0	38.5	39.5	41.0	40.5	40.5	40.0	38.5	

med_capacite_W : 
50.55	45.650000000000006	45.05	44.55	45.6	44.7	46.65	44.5	45.05	

ecartType_capacite_X : 
2.48746859276655	2.8613807855648994	4.031128874149275	2.384848003542364	2.958039891549808	2.7386127875258306	3.344772040064913	1.7320508075688772	3.6996621467371855	

ecartType_capacite_W : 
5.341523659032132	2.1649191670822274	5.992703897240378	3.786406607853943	2.1183720164314876	2.629163365026981	2.9928038692837875	2.8319604517012595	6.4986056196695	

var_capacite_X : 
6.1875	8.1875	16.25	5.6875	8.75	7.5	11.1875	3.0	13.6875	

var_capacite_W : 
28.531875000000017	4.686875000000006	35.912500000000016	14.336875000000004	4.487500000000007	6.912499999999998	8.95687500000001	8.020000000000003	42.231875	

covar_capacite_X : 
8.25	10.916666666666666	21.666666666666664	7.583333333333333	11.666666666666666	10.0	14.916666666666666	4.0	18.25	

covar_capacite_W : 
38.04250000000002	6.2491666666666745	47.883333333333354	19.115833333333338	5.983333333333342	9.216666666666663	11.942500000000013	10.693333333333337	56.30916666666667	

##########	##########	##########	##########	##########	##########	##########	##########	##########	##########	##########	##########	##########	##########	##########	##########	##########	##########	##########	##########	##########	##########	##########	##########	##########	##########	##########	##########	##########	##########	##########	##########	##########	##########	##########	##########	##########	##########	##########	##########	##########	##########	##########	##########	##########	nombre de noeuds : 45
nombre de strates : 9
nombre de centres : 4
titre : fenetre
instances : alea45_4_2
temps de calcul : 0.02186298370361328
valeur objective : 635.0
nombre de solutions : 2
nombre de noeuds : 0.0
faisability : True
moy_distances :	30.84
min_distances :	10.0
max_distances :	55.0
var_distances :	78.81966023875114
covar_distances :	78.85948826312644
ecartType_distances :	8.878043716875421
coef_variation	: 0.2878799672367976
distances_centre_x :
13.0	10.0	28.0	20.0	-1.0	11.0	-1.0	-1.0	0.0	-1.0	22.0	23.0	28.0	20.0	14.0	24.0	-1.0	-1.0	28.0	20.0	-1.0	-1.0	31.0	-1.0	24.0	30.0	11.0	-1.0	-1.0	10.0	-1.0	-1.0	-1.0	25.0	-1.0	-1.0	22.0	29.0	25.0	0.0	15.0	-1.0	-1.0	-1.0	18.0	
13.0	10.0	28.0	20.0	-1.0	-1.0	0.0	-1.0	0.0	26.0	-1.0	-1.0	28.0	20.0	14.0	24.0	-1.0	-1.0	28.0	20.0	-1.0	-1.0	-1.0	-1.0	24.0	30.0	11.0	0.0	-1.0	10.0	17.0	-1.0	-1.0	-1.0	32.0	18.0	22.0	29.0	25.0	0.0	15.0	16.0	-1.0	-1.0	18.0	
13.0	-1.0	28.0	20.0	-1.0	11.0	-1.0	-1.0	0.0	-1.0	22.0	23.0	28.0	20.0	14.0	-1.0	14.0	-1.0	28.0	-1.0	-1.0	-1.0	31.0	-1.0	24.0	-1.0	11.0	0.0	22.0	10.0	-1.0	-1.0	-1.0	-1.0	32.0	18.0	22.0	-1.0	25.0	0.0	15.0	-1.0	33.0	-1.0	18.0	
13.0	-1.0	28.0	20.0	-1.0	-1.0	0.0	-1.0	0.0	26.0	-1.0	-1.0	28.0	20.0	14.0	24.0	-1.0	-1.0	28.0	20.0	26.0	-1.0	31.0	20.0	24.0	30.0	11.0	0.0	22.0	10.0	-1.0	-1.0	-1.0	-1.0	32.0	18.0	-1.0	29.0	25.0	0.0	15.0	16.0	33.0	-1.0	18.0	
13.0	10.0	28.0	20.0	-1.0	11.0	0.0	-1.0	-1.0	26.0	22.0	-1.0	28.0	20.0	14.0	-1.0	14.0	35.0	28.0	-1.0	-1.0	-1.0	31.0	-1.0	24.0	30.0	11.0	0.0	22.0	-1.0	-1.0	-1.0	-1.0	25.0	32.0	18.0	22.0	29.0	25.0	0.0	15.0	-1.0	-1.0	23.0	18.0	
-1.0	10.0	28.0	20.0	28.0	-1.0	0.0	-1.0	-1.0	-1.0	22.0	-1.0	28.0	20.0	14.0	24.0	14.0	-1.0	28.0	20.0	-1.0	-1.0	31.0	-1.0	24.0	-1.0	11.0	-1.0	22.0	-1.0	-1.0	17.0	22.0	-1.0	32.0	-1.0	22.0	29.0	25.0	0.0	15.0	16.0	-1.0	-1.0	18.0	
13.0	10.0	-1.0	20.0	-1.0	-1.0	-1.0	-1.0	-1.0	-1.0	22.0	-1.0	28.0	20.0	14.0	-1.0	14.0	-1.0	28.0	20.0	-1.0	14.0	-1.0	20.0	24.0	-1.0	11.0	-1.0	22.0	10.0	-1.0	-1.0	-1.0	25.0	32.0	-1.0	-1.0	29.0	25.0	0.0	15.0	-1.0	33.0	-1.0	18.0	
13.0	10.0	-1.0	20.0	-1.0	-1.0	0.0	10.0	-1.0	26.0	22.0	-1.0	-1.0	20.0	14.0	24.0	-1.0	-1.0	28.0	20.0	-1.0	-1.0	31.0	-1.0	24.0	30.0	11.0	-1.0	-1.0	10.0	-1.0	-1.0	-1.0	-1.0	32.0	18.0	22.0	29.0	25.0	0.0	15.0	16.0	-1.0	-1.0	18.0	
13.0	10.0	-1.0	20.0	-1.0	-1.0	-1.0	-1.0	-1.0	26.0	22.0	-1.0	-1.0	20.0	14.0	24.0	-1.0	35.0	28.0	-1.0	-1.0	-1.0	31.0	-1.0	24.0	30.0	11.0	-1.0	22.0	10.0	-1.0	-1.0	22.0	-1.0	-1.0	18.0	-1.0	29.0	25.0	0.0	15.0	16.0	-1.0	-1.0	18.0	

distances_centre_w :
31.0	24.0	35.0	30.0	-1.0	35.0	-1.0	-1.0	30.0	-1.0	29.0	29.0	31.0	29.0	20.0	30.0	-1.0	-1.0	31.0	28.0	-1.0	-1.0	32.0	-1.0	27.0	33.0	35.0	-1.0	-1.0	17.0	-1.0	-1.0	-1.0	29.0	-1.0	-1.0	26.0	30.0	34.0	24.0	30.0	-1.0	-1.0	-1.0	26.0	
31.0	24.0	35.0	30.0	-1.0	-1.0	18.0	-1.0	32.0	31.0	-1.0	-1.0	31.0	32.0	20.0	30.0	-1.0	-1.0	31.0	32.0	-1.0	-1.0	-1.0	-1.0	27.0	33.0	35.0	32.0	-1.0	17.0	31.0	-1.0	-1.0	-1.0	38.0	26.0	26.0	30.0	34.0	24.0	30.0	30.0	-1.0	-1.0	26.0	
31.0	-1.0	35.0	30.0	-1.0	35.0	-1.0	-1.0	32.0	-1.0	29.0	29.0	31.0	32.0	20.0	-1.0	32.0	-1.0	31.0	-1.0	-1.0	-1.0	32.0	-1.0	27.0	-1.0	35.0	32.0	29.0	17.0	-1.0	-1.0	-1.0	-1.0	38.0	26.0	26.0	-1.0	34.0	30.0	30.0	-1.0	35.0	-1.0	26.0	
31.0	-1.0	35.0	30.0	-1.0	-1.0	18.0	-1.0	32.0	31.0	-1.0	-1.0	31.0	32.0	20.0	30.0	-1.0	-1.0	31.0	32.0	31.0	-1.0	32.0	27.0	27.0	33.0	35.0	32.0	29.0	17.0	-1.0	-1.0	-1.0	-1.0	38.0	26.0	-1.0	30.0	34.0	30.0	30.0	30.0	35.0	-1.0	26.0	
31.0	24.0	35.0	34.0	-1.0	35.0	18.0	-1.0	-1.0	31.0	29.0	-1.0	31.0	32.0	20.0	-1.0	32.0	36.0	31.0	-1.0	-1.0	-1.0	35.0	-1.0	27.0	35.0	35.0	32.0	29.0	-1.0	-1.0	-1.0	-1.0	32.0	38.0	26.0	26.0	30.0	34.0	30.0	30.0	-1.0	-1.0	30.0	34.0	
-1.0	24.0	35.0	30.0	40.0	-1.0	18.0	-1.0	-1.0	-1.0	29.0	-1.0	31.0	32.0	20.0	30.0	32.0	-1.0	31.0	32.0	-1.0	-1.0	32.0	-1.0	27.0	-1.0	35.0	-1.0	29.0	-1.0	-1.0	29.0	27.0	-1.0	38.0	-1.0	26.0	30.0	34.0	24.0	30.0	30.0	-1.0	-1.0	26.0	
31.0	24.0	-1.0	30.0	-1.0	-1.0	-1.0	-1.0	-1.0	-1.0	29.0	-1.0	31.0	32.0	20.0	-1.0	32.0	-1.0	31.0	32.0	-1.0	16.0	-1.0	27.0	27.0	-1.0	35.0	-1.0	29.0	17.0	-1.0	-1.0	-1.0	32.0	38.0	-1.0	-1.0	30.0	34.0	30.0	30.0	-1.0	35.0	-1.0	26.0	
31.0	24.0	-1.0	30.0	-1.0	-1.0	18.0	24.0	-1.0	31.0	29.0	-1.0	-1.0	32.0	20.0	30.0	-1.0	-1.0	31.0	32.0	-1.0	-1.0	32.0	-1.0	27.0	33.0	35.0	-1.0	-1.0	17.0	-1.0	-1.0	-1.0	-1.0	38.0	26.0	26.0	30.0	34.0	24.0	30.0	30.0	-1.0	-1.0	26.0	
31.0	24.0	-1.0	34.0	-1.0	-1.0	-1.0	-1.0	-1.0	31.0	29.0	-1.0	-1.0	32.0	20.0	30.0	-1.0	36.0	31.0	-1.0	-1.0	-1.0	35.0	-1.0	27.0	35.0	35.0	-1.0	29.0	35.0	-1.0	-1.0	27.0	-1.0	-1.0	26.0	-1.0	30.0	34.0	30.0	30.0	30.0	-1.0	-1.0	34.0	

maxX :
31.0	32.0	33.0	33.0	35.0	32.0	33.0	32.0	35.0	

maxW :
35.0	38.0	38.0	38.0	38.0	40.0	38.0	38.0	36.0	

minX :
0.0	0.0	0.0	0.0	0.0	0.0	0.0	0.0	0.0	

minW :
17.0	17.0	17.0	17.0	18.0	18.0	16.0	17.0	20.0	

moyX :
19.26923076923077	17.785714285714285	18.53846153846154	19.366666666666667	19.8	20.0	19.458333333333332	18.76923076923077	20.125	

moyW :
29.03846153846154	29.142857142857142	30.153846153846153	29.833333333333332	30.733333333333334	29.666666666666668	29.083333333333332	28.46153846153846	30.625	

medX :
21.0	19.0	20.0	20.0	22.0	22.0	20.0	20.0	21.0	

medW :
30.0	30.5	31.0	31.0	31.0	30.0	30.0	30.0	30.5	

ecartTypeX :
8.446927945470845	9.450461601942834	9.299424172540384	9.734760169390695	9.310925482106132	8.12403840463596	7.788769514856346	8.518340811303267	7.933644076547254	

ecartTypeW :
4.265070738260605	4.933227614237716	4.520826232281573	4.662498138218276	4.471639023395735	4.76872527419443	5.267167697686828	4.986371960197493	3.838538133196022	

varX :
71.35059171597632	89.31122448979592	86.47928994082841	94.76555555555557	86.69333333333331	66.0	60.664930555555564	72.5621301775148	62.942708333333336	

varW :
18.190828402366865	24.336734693877553	20.437869822485204	21.73888888888889	19.995555555555562	22.740740740740737	27.743055555555557	24.86390532544379	14.734375	

covarX :
74.20461538461538	92.61904761904762	89.93846153846154	98.03333333333335	89.68275862068963	68.53846153846155	63.302536231884055	75.46461538461539	65.67934782608695	

covarW :
18.91846153846154	25.238095238095234	21.255384615384614	22.488505747126442	20.68505747126438	23.615384615384613	28.949275362318847	25.858461538461544	15.375	

coef_variationX :
0.4383635261122594	0.5313512547277096	0.5016286898050829	0.5026554304332544	0.4702487617225319	0.406201920231798	0.40027937549582937	0.4538460268317314	0.39421833920731697	

coef_variationW :
0.14687660820500098	0.16927741813560793	0.14992535974403176	0.15628485379502602	0.14549801594563128	0.16074354856835155	0.18110605264252705	0.1751968526555876	0.12534002067578848	

moy_distances_centre :	25.333333333333332
min_distances_centre :	14.0
max_distances_centre :	34.0
med_distances_centre :	27.0
ecartType_distances_centre :	7.363574011458175
var_distances_centre :	54.22222222222223
covar_distances_centre :	59.15151515151516
coef_variation_distances_centre :	0.2906673951891385
capacite_X_temoin : 
44.0	44.0	38.0	40.0	
37.0	42.0	44.0	39.0	
37.0	44.0	33.0	42.0	
36.0	42.0	38.0	44.0	
42.0	36.0	44.0	38.0	
39.0	36.0	43.0	36.0	
38.0	36.0	43.0	42.0	
40.0	36.0	40.0	37.0	
43.0	40.0	33.0	37.0	

capacite_W_temoin : 
52.2	51.2	40.4	46.0	
42.1	48.6	48.2	43.7	
43.1	51.2	33.9	48.6	
40.8	48.6	39.4	49.2	
47.6	42.8	47.2	40.4	
40.7	43.8	49.9	38.8	
45.4	42.8	46.9	47.6	
46.0	41.8	44.0	41.1	
50.9	48.0	35.9	40.1	

demande_cumulee_X : 
5.0	6.0	9.0	6.0	
6.0	6.0	9.0	7.0	
5.0	6.0	9.0	6.0	
6.0	6.0	10.0	8.0	
7.0	4.0	10.0	9.0	
10.0	3.0	6.0	8.0	
4.0	4.0	9.0	7.0	
6.0	5.0	8.0	7.0	
5.0	4.0	7.0	8.0	

demande_cumulee_W : 
3.0	5.0	5.0	13.0	
5.0	8.0	6.0	9.0	
6.0	5.0	3.0	12.0	
6.0	9.0	6.0	9.0	
8.0	9.0	3.0	10.0	
4.0	8.0	4.0	11.0	
5.0	5.0	3.0	11.0	
5.0	6.0	5.0	10.0	
8.0	7.0	2.0	7.0	

capacite_residuelle_X : 
39.0	38.0	29.0	34.0	
31.0	36.0	35.0	32.0	
32.0	38.0	24.0	36.0	
30.0	36.0	28.0	36.0	
35.0	32.0	34.0	29.0	
29.0	33.0	37.0	28.0	
34.0	32.0	34.0	35.0	
34.0	31.0	32.0	30.0	
38.0	36.0	26.0	29.0	

capacite_residuelle_W : 
49.2	46.2	35.4	33.0	
37.1	40.6	42.2	34.7	
37.1	46.2	30.9	36.6	
34.8	39.6	33.4	40.2	
39.6	33.8	44.2	30.4	
36.7	35.8	45.9	27.799999999999997	
40.4	37.8	43.9	36.6	
41.0	35.8	39.0	31.1	
42.9	41.0	33.9	33.1	

min_capacite_X : 
38.0	37.0	33.0	36.0	36.0	36.0	36.0	36.0	33.0	

min_capacite_W : 
40.4	42.1	33.9	39.4	40.4	38.8	42.8	41.1	35.9	

max_capacite_X : 
44.0	44.0	44.0	44.0	44.0	43.0	43.0	40.0	43.0	

max_capacite_W : 
52.2	48.6	51.2	49.2	47.6	49.9	47.6	46.0	50.9	

moy_capacite_X : 
41.5	40.5	39.0	40.0	40.0	38.5	39.75	38.25	38.25	

moy_capacite_W : 
47.45	45.650000000000006	44.2	44.5	44.50000000000001	43.3	45.675	43.225	43.725	

med_capacite_X : 
42.0	40.5	39.5	40.0	40.0	37.5	40.0	38.5	38.5	

med_capacite_W : 
48.6	45.95	45.85	44.7	45.0	42.25	46.15	42.9	44.05	

ecartType_capacite_X : 
2.598076211353316	2.692582403567252	4.301162633521313	3.1622776601683795	3.1622776601683795	2.8722813232690143	2.8613807855648994	1.7853571071357126	3.6996621467371855	

ecartType_capacite_W : 
4.70186133355717	2.8111385593741196	6.626839367300223	4.432832051860302	3.0248966924508367	4.207730979993849	1.8403464347779752	1.9266226926930972	6.002655662288151	

var_capacite_X : 
6.75	7.25	18.5	10.0	10.0	8.25	8.1875	3.1875	13.6875	

var_capacite_W : 
22.107500000000016	7.9025	43.91500000000002	19.65000000000002	9.150000000000011	17.705	3.3868750000000043	3.7118750000000005	36.031875	

covar_capacite_X : 
9.0	9.666666666666666	24.666666666666664	13.333333333333332	13.333333333333332	11.0	10.916666666666666	4.25	18.25	

covar_capacite_W : 
29.476666666666688	10.536666666666665	58.553333333333356	26.200000000000024	12.200000000000014	23.606666666666662	4.5158333333333385	4.949166666666667	48.0425	

##########	##########	##########	##########	##########	##########	##########	##########	##########	##########	##########	##########	##########	##########	##########	##########	##########	##########	##########	##########	##########	##########	##########	##########	##########	##########	##########	##########	##########	##########	##########	##########	##########	##########	##########	##########	##########	##########	##########	##########	##########	##########	##########	##########	##########	nombre de noeuds : 45
nombre de strates : 9
nombre de centres : 4
titre : fenetre
instances : alea45_4_2
temps de calcul : 0.020722150802612305
valeur objective : 665.0
nombre de solutions : 2
nombre de noeuds : 0.0
faisability : True
moy_distances :	30.84
min_distances :	10.0
max_distances :	55.0
var_distances :	78.81966023875114
covar_distances :	78.85948826312644
ecartType_distances :	8.878043716875421
coef_variation	: 0.2878799672367976
distances_centre_x :
13.0	10.0	35.0	25.0	-1.0	11.0	-1.0	-1.0	0.0	-1.0	29.0	23.0	28.0	20.0	14.0	24.0	-1.0	-1.0	31.0	20.0	-1.0	-1.0	31.0	-1.0	0.0	33.0	11.0	-1.0	-1.0	17.0	-1.0	-1.0	-1.0	29.0	-1.0	-1.0	22.0	25.0	25.0	0.0	15.0	-1.0	-1.0	-1.0	20.0	
13.0	10.0	35.0	25.0	-1.0	-1.0	0.0	-1.0	0.0	26.0	-1.0	-1.0	28.0	20.0	14.0	24.0	-1.0	-1.0	31.0	20.0	-1.0	-1.0	-1.0	-1.0	0.0	33.0	11.0	14.0	-1.0	17.0	31.0	-1.0	-1.0	-1.0	32.0	18.0	22.0	25.0	25.0	0.0	15.0	16.0	-1.0	-1.0	20.0	
13.0	-1.0	35.0	25.0	-1.0	11.0	-1.0	-1.0	0.0	-1.0	29.0	23.0	28.0	20.0	14.0	-1.0	14.0	-1.0	31.0	-1.0	-1.0	-1.0	31.0	-1.0	0.0	-1.0	11.0	14.0	22.0	17.0	-1.0	-1.0	-1.0	-1.0	32.0	18.0	22.0	-1.0	25.0	0.0	15.0	-1.0	35.0	-1.0	20.0	
13.0	-1.0	35.0	25.0	-1.0	-1.0	0.0	-1.0	0.0	26.0	-1.0	-1.0	28.0	20.0	14.0	24.0	-1.0	-1.0	31.0	20.0	26.0	-1.0	31.0	27.0	0.0	33.0	11.0	14.0	22.0	17.0	-1.0	-1.0	-1.0	-1.0	32.0	18.0	-1.0	25.0	25.0	0.0	15.0	16.0	35.0	-1.0	20.0	
13.0	10.0	35.0	25.0	-1.0	11.0	0.0	-1.0	-1.0	26.0	29.0	-1.0	28.0	20.0	14.0	-1.0	14.0	35.0	31.0	-1.0	-1.0	-1.0	31.0	-1.0	0.0	33.0	11.0	14.0	22.0	-1.0	-1.0	-1.0	-1.0	29.0	32.0	18.0	22.0	25.0	25.0	0.0	15.0	-1.0	-1.0	28.0	20.0	
-1.0	10.0	35.0	25.0	28.0	-1.0	0.0	-1.0	-1.0	-1.0	29.0	-1.0	28.0	20.0	14.0	24.0	14.0	-1.0	31.0	20.0	-1.0	-1.0	31.0	-1.0	0.0	-1.0	11.0	-1.0	22.0	-1.0	-1.0	17.0	22.0	-1.0	32.0	-1.0	22.0	25.0	25.0	0.0	15.0	16.0	-1.0	-1.0	20.0	
13.0	10.0	-1.0	25.0	-1.0	-1.0	-1.0	-1.0	-1.0	-1.0	29.0	-1.0	28.0	20.0	14.0	-1.0	14.0	-1.0	31.0	20.0	-1.0	14.0	-1.0	27.0	0.0	-1.0	11.0	-1.0	22.0	17.0	-1.0	-1.0	-1.0	29.0	32.0	-1.0	-1.0	25.0	25.0	0.0	15.0	-1.0	35.0	-1.0	20.0	
13.0	10.0	-1.0	25.0	-1.0	-1.0	0.0	23.0	-1.0	26.0	29.0	-1.0	-1.0	20.0	14.0	24.0	-1.0	-1.0	31.0	20.0	-1.0	-1.0	31.0	-1.0	0.0	33.0	11.0	-1.0	-1.0	17.0	-1.0	-1.0	-1.0	-1.0	32.0	18.0	22.0	25.0	25.0	0.0	15.0	16.0	-1.0	-1.0	20.0	
13.0	10.0	-1.0	25.0	-1.0	-1.0	-1.0	-1.0	-1.0	26.0	29.0	-1.0	-1.0	20.0	14.0	24.0	-1.0	35.0	31.0	-1.0	-1.0	-1.0	31.0	-1.0	0.0	33.0	11.0	-1.0	22.0	17.0	-1.0	-1.0	22.0	-1.0	-1.0	18.0	-1.0	25.0	25.0	0.0	15.0	16.0	-1.0	-1.0	20.0	

distances_centre_w :
31.0	24.0	40.0	34.0	-1.0	16.0	-1.0	-1.0	30.0	-1.0	36.0	29.0	31.0	29.0	30.0	30.0	-1.0	-1.0	31.0	30.0	-1.0	-1.0	35.0	-1.0	27.0	35.0	18.0	-1.0	-1.0	24.0	-1.0	-1.0	-1.0	32.0	-1.0	-1.0	26.0	30.0	35.0	30.0	30.0	-1.0	-1.0	-1.0	34.0	
31.0	24.0	40.0	34.0	-1.0	-1.0	34.0	-1.0	30.0	31.0	-1.0	-1.0	31.0	29.0	30.0	30.0	-1.0	-1.0	31.0	30.0	-1.0	-1.0	-1.0	-1.0	27.0	35.0	18.0	24.0	-1.0	24.0	34.0	-1.0	-1.0	-1.0	38.0	34.0	26.0	30.0	35.0	30.0	30.0	35.0	-1.0	-1.0	34.0	
31.0	-1.0	40.0	34.0	-1.0	16.0	-1.0	-1.0	30.0	-1.0	36.0	29.0	31.0	29.0	30.0	-1.0	32.0	-1.0	31.0	-1.0	-1.0	-1.0	35.0	-1.0	27.0	-1.0	18.0	24.0	29.0	24.0	-1.0	-1.0	-1.0	-1.0	38.0	34.0	26.0	-1.0	35.0	30.0	30.0	-1.0	36.0	-1.0	34.0	
31.0	-1.0	40.0	34.0	-1.0	-1.0	34.0	-1.0	30.0	31.0	-1.0	-1.0	31.0	29.0	30.0	30.0	-1.0	-1.0	31.0	30.0	33.0	-1.0	35.0	34.0	27.0	35.0	18.0	24.0	29.0	24.0	-1.0	-1.0	-1.0	-1.0	38.0	34.0	-1.0	30.0	35.0	30.0	30.0	35.0	36.0	-1.0	34.0	
31.0	24.0	40.0	34.0	-1.0	16.0	34.0	-1.0	-1.0	31.0	36.0	-1.0	31.0	29.0	30.0	-1.0	32.0	36.0	31.0	-1.0	-1.0	-1.0	35.0	-1.0	27.0	35.0	18.0	24.0	29.0	-1.0	-1.0	-1.0	-1.0	32.0	38.0	34.0	26.0	30.0	35.0	30.0	30.0	-1.0	-1.0	30.0	34.0	
-1.0	24.0	40.0	34.0	40.0	-1.0	34.0	-1.0	-1.0	-1.0	36.0	-1.0	31.0	29.0	30.0	30.0	32.0	-1.0	31.0	30.0	-1.0	-1.0	35.0	-1.0	27.0	-1.0	18.0	-1.0	29.0	-1.0	-1.0	29.0	29.0	-1.0	38.0	-1.0	26.0	30.0	35.0	30.0	30.0	35.0	-1.0	-1.0	34.0	
31.0	24.0	-1.0	34.0	-1.0	-1.0	-1.0	-1.0	-1.0	-1.0	36.0	-1.0	31.0	29.0	30.0	-1.0	32.0	-1.0	31.0	30.0	-1.0	16.0	-1.0	34.0	27.0	-1.0	18.0	-1.0	29.0	24.0	-1.0	-1.0	-1.0	32.0	38.0	-1.0	-1.0	30.0	35.0	30.0	30.0	-1.0	36.0	-1.0	34.0	
31.0	24.0	-1.0	30.0	-1.0	-1.0	18.0	29.0	-1.0	31.0	36.0	-1.0	-1.0	29.0	30.0	30.0	-1.0	-1.0	31.0	30.0	-1.0	-1.0	32.0	-1.0	27.0	35.0	18.0	-1.0	-1.0	24.0	-1.0	-1.0	-1.0	-1.0	38.0	32.0	26.0	30.0	35.0	30.0	30.0	30.0	-1.0	-1.0	26.0	
31.0	24.0	-1.0	34.0	-1.0	-1.0	-1.0	-1.0	-1.0	31.0	36.0	-1.0	-1.0	29.0	30.0	30.0	-1.0	36.0	31.0	-1.0	-1.0	-1.0	35.0	-1.0	27.0	35.0	18.0	-1.0	29.0	24.0	-1.0	-1.0	29.0	-1.0	-1.0	34.0	-1.0	30.0	35.0	30.0	30.0	35.0	-1.0	-1.0	34.0	

maxX :
35.0	35.0	35.0	35.0	35.0	35.0	35.0	33.0	35.0	

maxW :
40.0	40.0	40.0	40.0	40.0	40.0	38.0	38.0	36.0	

minX :
0.0	0.0	0.0	0.0	0.0	0.0	0.0	0.0	0.0	

minW :
16.0	18.0	16.0	18.0	16.0	18.0	16.0	18.0	18.0	

moyX :
19.653846153846153	18.75	19.423076923076923	20.1	20.533333333333335	19.85185185185185	19.833333333333332	19.23076923076923	20.083333333333332	

moyW :
29.884615384615383	30.678571428571427	30.346153846153847	31.4	30.733333333333334	31.333333333333332	30.041666666666668	29.307692307692307	30.708333333333332	

medX :
21.0	20.0	20.0	21.0	22.0	22.0	20.0	20.0	21.0	

medW :
30.0	30.5	30.5	31.0	31.0	30.0	30.5	30.0	30.5	

ecartTypeX :
9.891497155452827	10.154608383811334	9.992970902370391	10.231813133555558	10.088717570743182	9.477863893201471	9.163635862594182	9.365680772445799	9.064200032116581	

ecartTypeW :
5.146521775969916	4.582993184656972	5.469793328203035	4.325120422215625	5.195724738239658	4.674596437325029	5.175899009404604	4.6057591938223705	4.276672837096094	

varX :
97.84171597633136	103.11607142857143	99.85946745562131	104.69000000000001	101.78222222222222	89.82990397805214	83.97222222222221	87.71597633136093	82.15972222222223	

varW :
26.48668639053254	21.003826530612248	29.91863905325443	18.706666666666667	26.995555555555562	21.85185185185185	26.789930555555557	21.213017751479292	18.289930555555554	

covarX :
101.75538461538461	106.93518518518518	103.85384615384615	108.30000000000001	105.29195402298853	93.2849002849003	87.62318840579711	91.22461538461538	85.73188405797102	

covarW :
27.546153846153842	21.78174603174603	31.115384615384617	19.351724137931036	27.926436781609205	22.692307692307697	27.95471014492753	22.061538461538458	19.085144927536227	

coef_variationX :
0.5032855695533728	0.5415791138032712	0.5144895910131291	0.5090454295301272	0.49133364792580425	0.4774297110381338	0.46203206029886634	0.4870154001671816	0.45132946218007874	

coef_variationW :
0.1722130838805892	0.1493874379166417	0.18024667494712154	0.13774268860559316	0.1690582886628956	0.14918924799973496	0.17229067437685225	0.1571518885031255	0.1392675008009583	

moy_distances_centre :	30.833333333333332
min_distances_centre :	18.0
max_distances_centre :	40.0
med_distances_centre :	32.0
ecartType_distances_centre :	7.080881928749334
var_distances_centre :	50.13888888888889
covar_distances_centre :	54.6969696969697
coef_variation_distances_centre :	0.22965022471619462
capacite_X_temoin : 
44.0	44.0	42.0	40.0	
37.0	42.0	33.0	39.0	
37.0	44.0	35.0	42.0	
36.0	42.0	43.0	44.0	
42.0	36.0	36.0	38.0	
39.0	36.0	42.0	36.0	
38.0	36.0	40.0	42.0	
40.0	36.0	39.0	37.0	
43.0	40.0	44.0	37.0	

capacite_W_temoin : 
51.2	49.2	50.6	44.0	
40.1	46.6	39.9	41.7	
40.1	50.2	43.5	45.6	
38.8	46.6	51.9	47.2	
44.6	40.8	43.8	38.4	
40.7	42.8	51.6	36.8	
43.4	42.8	49.0	43.6	
46.0	39.8	46.7	39.1	
50.9	47.0	53.2	38.1	

demande_cumulee_X : 
6.0	8.0	4.0	8.0	
8.0	8.0	3.0	9.0	
8.0	7.0	2.0	9.0	
8.0	8.0	4.0	10.0	
10.0	6.0	3.0	11.0	
10.0	4.0	3.0	10.0	
6.0	4.0	3.0	11.0	
6.0	7.0	4.0	9.0	
5.0	5.0	4.0	10.0	

demande_cumulee_W : 
6.0	7.0	3.0	10.0	
5.0	7.0	7.0	9.0	
6.0	7.0	4.0	9.0	
7.0	8.0	4.0	11.0	
7.0	8.0	6.0	9.0	
5.0	11.0	3.0	8.0	
8.0	8.0	3.0	5.0	
4.0	8.0	4.0	10.0	
8.0	8.0	3.0	5.0	

capacite_residuelle_X : 
38.0	36.0	38.0	32.0	
29.0	34.0	30.0	30.0	
29.0	37.0	33.0	33.0	
28.0	34.0	39.0	34.0	
32.0	30.0	33.0	27.0	
29.0	32.0	39.0	26.0	
32.0	32.0	37.0	31.0	
34.0	29.0	35.0	28.0	
38.0	35.0	40.0	27.0	

capacite_residuelle_W : 
45.2	42.2	47.6	34.0	
35.1	39.6	32.9	32.7	
34.1	43.2	39.5	36.6	
31.799999999999997	38.6	47.9	36.2	
37.6	32.8	37.8	29.4	
35.7	31.799999999999997	48.6	28.799999999999997	
35.4	34.8	46.0	38.6	
42.0	31.799999999999997	42.7	29.1	
42.9	39.0	50.2	33.1	

min_capacite_X : 
40.0	33.0	35.0	36.0	36.0	36.0	36.0	36.0	37.0	

min_capacite_W : 
44.0	39.9	40.1	38.8	38.4	36.8	42.8	39.1	38.1	

max_capacite_X : 
44.0	42.0	44.0	44.0	42.0	42.0	42.0	40.0	44.0	

max_capacite_W : 
51.2	46.6	50.2	51.9	44.6	51.6	49.0	46.7	53.2	

moy_capacite_X : 
42.5	37.75	39.5	41.25	38.0	38.25	39.0	38.0	41.0	

moy_capacite_W : 
48.75	42.075	44.85	46.125	41.9	42.974999999999994	44.699999999999996	42.9	47.300000000000004	

med_capacite_X : 
43.0	38.0	39.5	42.5	37.0	37.5	39.0	38.0	41.5	

med_capacite_W : 
49.900000000000006	40.900000000000006	44.55	46.900000000000006	42.3	41.75	43.5	42.9	48.95	

ecartType_capacite_X : 
1.6583123951777	3.2691742076555053	3.640054944640259	3.112474899497183	2.449489742783178	2.48746859276655	2.23606797749979	1.5811388300841898	2.7386127875258306	

ecartType_capacite_W : 
2.8368115905008575	2.7040478915877215	3.659576478228048	4.700731326081082	2.467792535850614	5.425115206150005	2.5000000000000004	3.4677081768799414	5.755432216610669	

var_capacite_X : 
2.75	10.6875	13.25	9.6875	6.0	6.1875	5.0	2.5	7.5	

var_capacite_W : 
8.047500000000005	7.311875000000002	13.392500000000005	22.096875000000008	6.090000000000003	29.431875000000012	6.250000000000003	12.025000000000007	33.125	

covar_capacite_X : 
3.6666666666666665	14.25	17.666666666666664	12.916666666666666	8.0	8.25	6.666666666666666	3.333333333333333	10.0	

covar_capacite_W : 
10.730000000000006	9.74916666666667	17.856666666666673	29.46250000000001	8.120000000000005	39.242500000000014	8.333333333333336	16.033333333333342	44.166666666666664	

##########	##########	##########	##########	##########	##########	##########	##########	##########	##########	##########	##########	##########	##########	##########	##########	##########	##########	##########	##########	##########	##########	##########	##########	##########	##########	##########	##########	##########	##########	##########	##########	##########	##########	##########	##########	##########	##########	##########	##########	##########	##########	##########	##########	##########	nombre de noeuds : 45
nombre de strates : 9
nombre de centres : 4
titre : fenetre
instances : alea45_4_2
temps de calcul : 0.020472049713134766
valeur objective : 679.0
nombre de solutions : 2
nombre de noeuds : 0.0
faisability : True
moy_distances :	30.84
min_distances :	10.0
max_distances :	55.0
var_distances :	78.81966023875114
covar_distances :	78.85948826312644
ecartType_distances :	8.878043716875421
coef_variation	: 0.2878799672367976
distances_centre_x :
31.0	10.0	37.0	16.0	-1.0	11.0	-1.0	-1.0	18.0	-1.0	29.0	26.0	15.0	20.0	14.0	24.0	-1.0	-1.0	26.0	21.0	-1.0	-1.0	21.0	-1.0	0.0	35.0	11.0	-1.0	-1.0	17.0	-1.0	-1.0	-1.0	29.0	-1.0	-1.0	22.0	25.0	26.0	0.0	30.0	-1.0	-1.0	-1.0	13.0	
31.0	10.0	37.0	16.0	-1.0	-1.0	0.0	-1.0	18.0	26.0	-1.0	-1.0	15.0	20.0	14.0	24.0	-1.0	-1.0	26.0	21.0	-1.0	-1.0	-1.0	-1.0	0.0	35.0	11.0	14.0	-1.0	17.0	31.0	-1.0	-1.0	-1.0	31.0	26.0	22.0	25.0	26.0	0.0	30.0	16.0	-1.0	-1.0	13.0	
31.0	-1.0	37.0	16.0	-1.0	11.0	-1.0	-1.0	18.0	-1.0	29.0	26.0	15.0	20.0	14.0	-1.0	14.0	-1.0	26.0	-1.0	-1.0	-1.0	21.0	-1.0	0.0	-1.0	11.0	14.0	11.0	17.0	-1.0	-1.0	-1.0	-1.0	31.0	26.0	22.0	-1.0	26.0	0.0	30.0	-1.0	28.0	-1.0	13.0	
31.0	-1.0	37.0	16.0	-1.0	-1.0	0.0	-1.0	18.0	26.0	-1.0	-1.0	15.0	20.0	14.0	24.0	-1.0	-1.0	26.0	21.0	0.0	-1.0	21.0	27.0	0.0	35.0	11.0	14.0	11.0	17.0	-1.0	-1.0	-1.0	-1.0	31.0	26.0	-1.0	25.0	26.0	0.0	30.0	16.0	28.0	-1.0	13.0	
31.0	10.0	37.0	16.0	-1.0	11.0	0.0	-1.0	-1.0	26.0	29.0	-1.0	15.0	20.0	14.0	-1.0	14.0	35.0	26.0	-1.0	-1.0	-1.0	21.0	-1.0	0.0	35.0	11.0	14.0	11.0	-1.0	-1.0	-1.0	-1.0	29.0	31.0	26.0	22.0	25.0	26.0	0.0	30.0	-1.0	-1.0	28.0	13.0	
-1.0	10.0	37.0	16.0	28.0	-1.0	0.0	-1.0	-1.0	-1.0	29.0	-1.0	15.0	20.0	14.0	24.0	14.0	-1.0	26.0	21.0	-1.0	-1.0	21.0	-1.0	0.0	-1.0	11.0	-1.0	11.0	-1.0	-1.0	17.0	22.0	-1.0	31.0	-1.0	22.0	25.0	26.0	0.0	30.0	16.0	-1.0	-1.0	13.0	
31.0	10.0	-1.0	16.0	-1.0	-1.0	-1.0	-1.0	-1.0	-1.0	29.0	-1.0	15.0	20.0	14.0	-1.0	14.0	-1.0	26.0	21.0	-1.0	14.0	-1.0	27.0	0.0	-1.0	11.0	-1.0	11.0	17.0	-1.0	-1.0	-1.0	29.0	31.0	-1.0	-1.0	25.0	26.0	0.0	30.0	-1.0	28.0	-1.0	13.0	
31.0	10.0	-1.0	16.0	-1.0	-1.0	0.0	24.0	-1.0	26.0	29.0	-1.0	-1.0	20.0	14.0	24.0	-1.0	-1.0	26.0	21.0	-1.0	-1.0	21.0	-1.0	0.0	35.0	11.0	-1.0	-1.0	17.0	-1.0	-1.0	-1.0	-1.0	31.0	26.0	22.0	25.0	26.0	0.0	30.0	16.0	-1.0	-1.0	13.0	
31.0	10.0	-1.0	16.0	-1.0	-1.0	-1.0	-1.0	-1.0	26.0	29.0	-1.0	-1.0	20.0	14.0	24.0	-1.0	35.0	26.0	-1.0	-1.0	-1.0	21.0	-1.0	0.0	35.0	11.0	-1.0	11.0	17.0	-1.0	-1.0	22.0	-1.0	-1.0	26.0	-1.0	25.0	26.0	0.0	30.0	16.0	-1.0	-1.0	13.0	

distances_centre_w :
37.0	24.0	40.0	30.0	-1.0	16.0	-1.0	-1.0	34.0	-1.0	33.0	36.0	36.0	22.0	30.0	31.0	-1.0	-1.0	31.0	27.0	-1.0	-1.0	32.0	-1.0	27.0	38.0	37.0	-1.0	-1.0	24.0	-1.0	-1.0	-1.0	32.0	-1.0	-1.0	26.0	32.0	35.0	26.0	31.0	-1.0	-1.0	-1.0	36.0	
37.0	24.0	40.0	30.0	-1.0	-1.0	36.0	-1.0	34.0	27.0	-1.0	-1.0	36.0	22.0	30.0	31.0	-1.0	-1.0	31.0	27.0	-1.0	-1.0	-1.0	-1.0	27.0	38.0	37.0	24.0	-1.0	24.0	34.0	-1.0	-1.0	-1.0	32.0	34.0	26.0	32.0	35.0	26.0	31.0	35.0	-1.0	-1.0	36.0	
37.0	-1.0	40.0	30.0	-1.0	16.0	-1.0	-1.0	34.0	-1.0	33.0	36.0	36.0	22.0	30.0	-1.0	37.0	-1.0	31.0	-1.0	-1.0	-1.0	32.0	-1.0	27.0	-1.0	37.0	24.0	34.0	24.0	-1.0	-1.0	-1.0	-1.0	32.0	34.0	26.0	-1.0	35.0	26.0	31.0	-1.0	36.0	-1.0	36.0	
37.0	-1.0	40.0	30.0	-1.0	-1.0	36.0	-1.0	34.0	27.0	-1.0	-1.0	36.0	22.0	30.0	31.0	-1.0	-1.0	31.0	27.0	26.0	-1.0	32.0	34.0	27.0	38.0	37.0	24.0	34.0	24.0	-1.0	-1.0	-1.0	-1.0	32.0	34.0	-1.0	32.0	35.0	26.0	31.0	35.0	36.0	-1.0	36.0	
37.0	24.0	40.0	30.0	-1.0	16.0	36.0	-1.0	-1.0	27.0	33.0	-1.0	36.0	22.0	30.0	-1.0	37.0	36.0	31.0	-1.0	-1.0	-1.0	32.0	-1.0	27.0	38.0	37.0	24.0	34.0	-1.0	-1.0	-1.0	-1.0	32.0	32.0	34.0	26.0	32.0	35.0	26.0	31.0	-1.0	-1.0	30.0	36.0	
-1.0	24.0	40.0	30.0	43.0	-1.0	36.0	-1.0	-1.0	-1.0	33.0	-1.0	36.0	22.0	30.0	31.0	37.0	-1.0	31.0	27.0	-1.0	-1.0	32.0	-1.0	27.0	-1.0	37.0	-1.0	34.0	-1.0	-1.0	25.0	36.0	-1.0	32.0	-1.0	26.0	32.0	35.0	26.0	31.0	35.0	-1.0	-1.0	36.0	
37.0	24.0	-1.0	30.0	-1.0	-1.0	-1.0	-1.0	-1.0	-1.0	33.0	-1.0	31.0	22.0	30.0	-1.0	36.0	-1.0	31.0	27.0	-1.0	32.0	-1.0	32.0	27.0	-1.0	18.0	-1.0	22.0	24.0	-1.0	-1.0	-1.0	32.0	32.0	-1.0	-1.0	28.0	35.0	26.0	31.0	-1.0	35.0	-1.0	26.0	
37.0	24.0	-1.0	30.0	-1.0	-1.0	34.0	29.0	-1.0	27.0	33.0	-1.0	-1.0	22.0	30.0	31.0	-1.0	-1.0	31.0	27.0	-1.0	-1.0	32.0	-1.0	27.0	38.0	18.0	-1.0	-1.0	24.0	-1.0	-1.0	-1.0	-1.0	32.0	34.0	26.0	32.0	35.0	26.0	31.0	35.0	-1.0	-1.0	26.0	
37.0	24.0	-1.0	30.0	-1.0	-1.0	-1.0	-1.0	-1.0	27.0	33.0	-1.0	-1.0	22.0	30.0	31.0	-1.0	36.0	31.0	-1.0	-1.0	-1.0	32.0	-1.0	27.0	38.0	18.0	-1.0	34.0	24.0	-1.0	-1.0	34.0	-1.0	-1.0	34.0	-1.0	32.0	35.0	26.0	31.0	35.0	-1.0	-1.0	26.0	

maxX :
37.0	37.0	37.0	37.0	37.0	37.0	31.0	35.0	35.0	

maxW :
40.0	40.0	40.0	40.0	40.0	43.0	37.0	38.0	38.0	

minX :
0.0	0.0	0.0	0.0	0.0	0.0	0.0	0.0	0.0	

minW :
16.0	22.0	16.0	22.0	16.0	22.0	18.0	18.0	18.0	

moyX :
20.26923076923077	19.821428571428573	19.5	19.3	20.2	18.48148148148148	19.083333333333332	19.76923076923077	20.166666666666668	

moyW :
30.884615384615383	31.285714285714285	31.384615384615383	31.8	31.366666666666667	32.0	29.208333333333332	29.653846153846153	30.291666666666668	

medX :
21.0	20.5	19.0	20.5	21.5	20.0	18.5	21.5	21.5	

medW :
31.5	31.5	32.5	32.0	32.0	32.0	30.5	30.5	31.0	

ecartTypeX :
9.30491058241537	9.888859429495726	9.1409896787871	10.155950636613657	10.361467077590895	9.358578438940672	9.045793988859623	9.52853081058586	9.419247433963195	

ecartTypeW :
5.535389105056545	4.868683767986279	5.56829571410888	4.5927479065732895	5.369564435056369	4.974006507910976	4.769514009717226	4.68994265745089	4.9789487400008	

varX :
86.58136094674555	97.78954081632652	83.5576923076923	103.14333333333333	107.35999999999999	87.58299039780522	81.8263888888889	90.79289940828403	88.72222222222221	

varW :
30.6405325443787	23.704081632653068	31.005917159763314	21.09333333333333	28.83222222222222	24.74074074074074	22.74826388888889	21.99556213017751	24.789930555555554	

covarX :
90.04461538461537	101.41137566137564	86.9	106.69999999999996	111.06206896551721	90.95156695156695	85.38405797101451	94.4246153846154	92.57971014492756	

covarW :
31.866153846153843	24.582010582010586	32.246153846153845	21.820689655172412	29.8264367816092	25.692307692307693	23.737318840579707	22.87538461538461	25.867753623188403	

coef_variationX :
0.4590657972349139	0.4988974126592438	0.46876870147626154	0.5262150588918993	0.5129439147322226	0.5063759876781526	0.47401540552976196	0.48198793983508237	0.4670701206923898	

coef_variationW :
0.17922804076148216	0.15562002911371667	0.1774211869691555	0.14442603479790217	0.17118696392315735	0.155437703372218	0.16329291902027593	0.15815630232648914	0.1643669460247857	

moy_distances_centre :	32.5
min_distances_centre :	26.0
max_distances_centre :	39.0
med_distances_centre :	33.5
ecartType_distances_centre :	4.645786621588784
var_distances_centre :	21.583333333333332
covar_distances_centre :	23.545454545454547
coef_variation_distances_centre :	0.1429472806642703
capacite_X_temoin : 
44.0	38.0	42.0	40.0	
37.0	42.0	33.0	39.0	
37.0	37.0	35.0	42.0	
36.0	43.0	43.0	44.0	
42.0	36.0	36.0	38.0	
39.0	40.0	42.0	36.0	
38.0	35.0	40.0	42.0	
40.0	38.0	39.0	37.0	
43.0	42.0	44.0	37.0	

capacite_W_temoin : 
51.2	41.4	52.6	42.0	
38.1	47.6	40.9	41.7	
41.1	37.1	44.5	47.6	
38.8	44.9	53.9	48.2	
45.6	37.8	44.8	39.4	
42.7	43.0	52.6	38.8	
44.4	37.5	50.0	45.6	
44.0	43.4	48.7	38.1	
50.9	48.6	55.2	37.1	

demande_cumulee_X : 
6.0	8.0	2.0	10.0	
10.0	7.0	2.0	9.0	
7.0	11.0	1.0	7.0	
8.0	11.0	2.0	9.0	
9.0	9.0	2.0	10.0	
8.0	9.0	2.0	8.0	
5.0	8.0	2.0	9.0	
8.0	6.0	2.0	10.0	
5.0	6.0	2.0	11.0	

demande_cumulee_W : 
4.0	11.0	6.0	5.0	
5.0	9.0	8.0	6.0	
3.0	7.0	9.0	7.0	
5.0	9.0	8.0	8.0	
5.0	9.0	9.0	7.0	
4.0	8.0	8.0	7.0	
4.0	10.0	3.0	7.0	
5.0	8.0	4.0	9.0	
5.0	8.0	6.0	5.0	

capacite_residuelle_X : 
38.0	30.0	40.0	30.0	
27.0	35.0	31.0	30.0	
30.0	26.0	34.0	35.0	
28.0	32.0	41.0	35.0	
33.0	27.0	34.0	28.0	
31.0	31.0	40.0	28.0	
33.0	27.0	38.0	33.0	
32.0	32.0	37.0	27.0	
38.0	36.0	42.0	26.0	

capacite_residuelle_W : 
47.2	30.4	46.6	37.0	
33.1	38.6	32.9	35.7	
38.1	30.1	35.5	40.6	
33.8	35.9	45.9	40.2	
40.6	28.799999999999997	35.8	32.4	
38.7	35.0	44.6	31.799999999999997	
40.4	27.5	47.0	38.6	
39.0	35.4	44.7	29.1	
45.9	40.6	49.2	32.1	

min_capacite_X : 
38.0	33.0	35.0	36.0	36.0	36.0	35.0	37.0	37.0	

min_capacite_W : 
41.4	38.1	37.1	38.8	37.8	38.8	37.5	38.1	37.1	

max_capacite_X : 
44.0	42.0	42.0	44.0	42.0	42.0	42.0	40.0	44.0	

max_capacite_W : 
52.6	47.6	47.6	53.9	45.6	52.6	50.0	48.7	55.2	

moy_capacite_X : 
41.0	37.75	37.75	41.5	38.0	39.25	38.75	38.5	41.5	

moy_capacite_W : 
46.8	42.075	42.575	46.45	41.9	44.275000000000006	44.375	43.550000000000004	47.949999999999996	

med_capacite_X : 
41.0	38.0	37.0	43.0	37.0	39.5	39.0	38.5	42.5	

med_capacite_W : 
46.6	41.3	42.8	46.55	42.099999999999994	42.85	45.0	43.7	49.75	

ecartType_capacite_X : 
2.23606797749979	3.2691742076555053	2.5860201081971503	3.2015621187164243	2.449489742783178	2.165063509461097	2.5860201081971503	1.118033988749895	2.692582403567252	

ecartType_capacite_W : 
5.1283525619832355	3.4585943676586304	3.9085643144254387	5.465574077807381	3.3600595232822896	5.083982199024699	4.4835114586671905	3.756660751252368	6.6972009078420225	

var_capacite_X : 
5.0	10.6875	6.6875	10.25	6.0	4.6875	6.6875	1.25	7.25	

var_capacite_W : 
26.300000000000015	11.961875000000001	15.276874999999999	29.87250000000001	11.290000000000006	25.84687500000001	20.101875	14.112500000000004	44.852500000000006	

covar_capacite_X : 
6.666666666666666	14.25	8.916666666666666	13.666666666666666	8.0	6.25	8.916666666666666	1.6666666666666665	9.666666666666666	

covar_capacite_W : 
35.066666666666684	15.949166666666667	20.369166666666665	39.83000000000001	15.053333333333342	34.46250000000001	26.8025	18.81666666666667	59.80333333333334	

##########	##########	##########	##########	##########	##########	##########	##########	##########	##########	##########	##########	##########	##########	##########	##########	##########	##########	##########	##########	##########	##########	##########	##########	##########	##########	##########	##########	##########	##########	##########	##########	##########	##########	##########	##########	##########	##########	##########	##########	##########	##########	##########	##########	##########	nombre de noeuds : 45
nombre de strates : 9
nombre de centres : 4
titre : fenetre
instances : alea45_4_2
temps de calcul : 0.02319502830505371
valeur objective : 630.0
nombre de solutions : 2
nombre de noeuds : 0.0
faisability : True
moy_distances :	30.84
min_distances :	10.0
max_distances :	55.0
var_distances :	78.81966023875114
covar_distances :	78.85948826312644
ecartType_distances :	8.878043716875421
coef_variation	: 0.2878799672367976
distances_centre_x :
22.0	10.0	0.0	16.0	-1.0	11.0	-1.0	-1.0	30.0	-1.0	29.0	26.0	15.0	20.0	20.0	24.0	-1.0	-1.0	26.0	27.0	-1.0	-1.0	21.0	-1.0	0.0	28.0	11.0	-1.0	-1.0	17.0	-1.0	-1.0	-1.0	32.0	-1.0	-1.0	21.0	25.0	26.0	0.0	30.0	-1.0	-1.0	-1.0	13.0	
22.0	10.0	0.0	16.0	-1.0	-1.0	33.0	-1.0	30.0	26.0	-1.0	-1.0	15.0	20.0	20.0	24.0	-1.0	-1.0	26.0	27.0	-1.0	-1.0	-1.0	-1.0	0.0	28.0	11.0	28.0	-1.0	17.0	34.0	-1.0	-1.0	-1.0	31.0	32.0	21.0	25.0	26.0	0.0	30.0	24.0	-1.0	-1.0	13.0	
22.0	-1.0	0.0	16.0	-1.0	11.0	-1.0	-1.0	30.0	-1.0	29.0	26.0	15.0	20.0	20.0	-1.0	27.0	-1.0	26.0	-1.0	-1.0	-1.0	21.0	-1.0	0.0	-1.0	11.0	28.0	11.0	17.0	-1.0	-1.0	-1.0	-1.0	31.0	32.0	21.0	-1.0	26.0	0.0	30.0	-1.0	18.0	-1.0	13.0	
22.0	-1.0	0.0	16.0	-1.0	-1.0	33.0	-1.0	30.0	26.0	-1.0	-1.0	15.0	20.0	20.0	24.0	-1.0	-1.0	26.0	27.0	0.0	-1.0	21.0	27.0	0.0	28.0	11.0	28.0	11.0	17.0	-1.0	-1.0	-1.0	-1.0	31.0	32.0	-1.0	25.0	26.0	0.0	30.0	24.0	18.0	-1.0	13.0	
22.0	10.0	0.0	16.0	-1.0	11.0	33.0	-1.0	-1.0	26.0	29.0	-1.0	15.0	20.0	20.0	-1.0	27.0	34.0	26.0	-1.0	-1.0	-1.0	21.0	-1.0	0.0	28.0	11.0	28.0	11.0	-1.0	-1.0	-1.0	-1.0	32.0	31.0	32.0	21.0	25.0	26.0	0.0	30.0	-1.0	-1.0	29.0	13.0	
-1.0	10.0	0.0	16.0	12.0	-1.0	33.0	-1.0	-1.0	-1.0	29.0	-1.0	15.0	20.0	20.0	24.0	27.0	-1.0	26.0	27.0	-1.0	-1.0	21.0	-1.0	0.0	-1.0	11.0	-1.0	11.0	-1.0	-1.0	24.0	27.0	-1.0	31.0	-1.0	21.0	25.0	26.0	0.0	30.0	24.0	-1.0	-1.0	13.0	
22.0	10.0	-1.0	16.0	-1.0	-1.0	-1.0	-1.0	-1.0	-1.0	29.0	-1.0	15.0	20.0	20.0	-1.0	27.0	-1.0	26.0	27.0	-1.0	14.0	-1.0	27.0	0.0	-1.0	11.0	-1.0	11.0	17.0	-1.0	-1.0	-1.0	32.0	31.0	-1.0	-1.0	25.0	26.0	0.0	30.0	-1.0	18.0	-1.0	13.0	
22.0	10.0	-1.0	16.0	-1.0	-1.0	33.0	18.0	-1.0	26.0	29.0	-1.0	-1.0	20.0	20.0	24.0	-1.0	-1.0	26.0	27.0	-1.0	-1.0	21.0	-1.0	0.0	28.0	11.0	-1.0	-1.0	17.0	-1.0	-1.0	-1.0	-1.0	31.0	32.0	21.0	25.0	26.0	0.0	30.0	24.0	-1.0	-1.0	13.0	
22.0	10.0	-1.0	16.0	-1.0	-1.0	-1.0	-1.0	-1.0	26.0	29.0	-1.0	-1.0	20.0	20.0	24.0	-1.0	34.0	26.0	-1.0	-1.0	-1.0	21.0	-1.0	0.0	28.0	11.0	-1.0	11.0	17.0	-1.0	-1.0	27.0	-1.0	-1.0	32.0	-1.0	25.0	26.0	0.0	30.0	24.0	-1.0	-1.0	13.0	

distances_centre_w :
37.0	32.0	37.0	25.0	-1.0	29.0	-1.0	-1.0	34.0	-1.0	33.0	29.0	31.0	22.0	30.0	32.0	-1.0	-1.0	31.0	30.0	-1.0	-1.0	32.0	-1.0	27.0	35.0	18.0	-1.0	-1.0	30.0	-1.0	-1.0	-1.0	32.0	-1.0	-1.0	26.0	28.0	34.0	26.0	36.0	-1.0	-1.0	-1.0	26.0	
37.0	32.0	37.0	25.0	-1.0	-1.0	34.0	-1.0	34.0	27.0	-1.0	-1.0	31.0	22.0	30.0	32.0	-1.0	-1.0	31.0	30.0	-1.0	-1.0	-1.0	-1.0	27.0	35.0	18.0	31.0	-1.0	34.0	34.0	-1.0	-1.0	-1.0	32.0	34.0	26.0	28.0	34.0	26.0	36.0	35.0	-1.0	-1.0	26.0	
37.0	-1.0	37.0	25.0	-1.0	29.0	-1.0	-1.0	34.0	-1.0	33.0	29.0	31.0	22.0	30.0	-1.0	36.0	-1.0	31.0	-1.0	-1.0	-1.0	32.0	-1.0	27.0	-1.0	18.0	31.0	22.0	30.0	-1.0	-1.0	-1.0	-1.0	32.0	34.0	26.0	-1.0	34.0	26.0	36.0	-1.0	28.0	-1.0	26.0	
37.0	-1.0	37.0	25.0	-1.0	-1.0	34.0	-1.0	34.0	27.0	-1.0	-1.0	31.0	22.0	30.0	32.0	-1.0	-1.0	31.0	30.0	26.0	-1.0	32.0	32.0	27.0	35.0	18.0	31.0	22.0	30.0	-1.0	-1.0	-1.0	-1.0	32.0	34.0	-1.0	28.0	34.0	26.0	36.0	35.0	28.0	-1.0	26.0	
37.0	32.0	37.0	25.0	-1.0	29.0	34.0	-1.0	-1.0	27.0	33.0	-1.0	31.0	22.0	30.0	-1.0	36.0	35.0	31.0	-1.0	-1.0	-1.0	32.0	-1.0	27.0	35.0	18.0	31.0	34.0	-1.0	-1.0	-1.0	-1.0	32.0	32.0	34.0	26.0	28.0	34.0	26.0	36.0	-1.0	-1.0	30.0	26.0	
-1.0	32.0	37.0	25.0	28.0	-1.0	34.0	-1.0	-1.0	-1.0	33.0	-1.0	31.0	22.0	30.0	32.0	36.0	-1.0	31.0	30.0	-1.0	-1.0	32.0	-1.0	27.0	-1.0	18.0	-1.0	22.0	-1.0	-1.0	29.0	32.0	-1.0	32.0	-1.0	26.0	28.0	34.0	26.0	36.0	35.0	-1.0	-1.0	26.0	
37.0	32.0	-1.0	25.0	-1.0	-1.0	-1.0	-1.0	-1.0	-1.0	33.0	-1.0	31.0	22.0	30.0	-1.0	36.0	-1.0	31.0	30.0	-1.0	32.0	-1.0	32.0	27.0	-1.0	18.0	-1.0	22.0	30.0	-1.0	-1.0	-1.0	32.0	32.0	-1.0	-1.0	28.0	34.0	26.0	36.0	-1.0	28.0	-1.0	26.0	
37.0	32.0	-1.0	25.0	-1.0	-1.0	34.0	29.0	-1.0	27.0	33.0	-1.0	-1.0	22.0	30.0	32.0	-1.0	-1.0	31.0	30.0	-1.0	-1.0	32.0	-1.0	27.0	35.0	18.0	-1.0	-1.0	30.0	-1.0	-1.0	-1.0	-1.0	32.0	34.0	26.0	32.0	34.0	26.0	36.0	35.0	-1.0	-1.0	33.0	
37.0	32.0	-1.0	25.0	-1.0	-1.0	-1.0	-1.0	-1.0	27.0	33.0	-1.0	-1.0	22.0	30.0	32.0	-1.0	35.0	31.0	-1.0	-1.0	-1.0	29.0	-1.0	27.0	35.0	18.0	-1.0	34.0	34.0	-1.0	-1.0	32.0	-1.0	-1.0	34.0	-1.0	32.0	34.0	26.0	36.0	35.0	-1.0	-1.0	33.0	

maxX :
32.0	34.0	32.0	33.0	34.0	33.0	32.0	33.0	34.0	

maxW :
37.0	37.0	37.0	37.0	37.0	37.0	37.0	37.0	37.0	

minX :
0.0	0.0	0.0	0.0	0.0	0.0	0.0	0.0	0.0	

minW :
18.0	18.0	18.0	18.0	18.0	18.0	18.0	18.0	18.0	

moyX :
19.23076923076923	21.035714285714285	19.26923076923077	20.033333333333335	20.9	19.37037037037037	19.458333333333332	21.153846153846153	20.5	

moyW :
30.076923076923077	30.642857142857142	29.846153846153847	30.066666666666666	30.666666666666668	29.77777777777778	29.583333333333332	30.46153846153846	30.958333333333332	

medX :
21.0	24.0	20.5	23.0	23.5	21.0	20.0	23.0	23.0	

medW :
30.5	31.5	30.5	31.0	31.5	31.0	30.5	32.0	32.0	

ecartTypeX :
9.27904045232999	9.68608037656226	9.415852803844622	9.82338479796495	9.934284070832684	9.369565182796778	8.869325259316831	8.600949445319788	8.976822006330154	

ecartTypeW :
4.445594854399966	4.576448137040385	4.793363261943199	4.611097724210822	4.4820630170590965	4.5973690812393775	4.609018936341611	4.387313609722831	4.58693040666147	

varX :
86.10059171597635	93.82015306122449	88.65828402366863	96.49888888888887	98.69	87.78875171467763	78.66493055555556	73.97633136094676	80.58333333333333	

varW :
19.763313609467453	20.94387755102041	22.976331360946745	21.262222222222224	20.088888888888892	21.1358024691358	21.243055555555557	19.248520710059175	21.039930555555557	

covarX :
89.5446153846154	97.29497354497356	92.20461538461538	99.82643678160917	102.09310344827588	91.16524216524216	82.08514492753622	76.93538461538462	84.08695652173913	

covarW :
20.553846153846152	21.719576719576718	23.895384615384618	21.995402298850575	20.7816091954023	21.94871794871795	22.166666666666668	20.01846153846154	21.95471014492754	

coef_variationX :
0.48251010352115953	0.46045882944608363	0.4886470516965273	0.4903519865872687	0.47532459669055904	0.48370604194170747	0.45581114823041535	0.40659033741511724	0.437893756406349	

coef_variationW :
0.14780750155294003	0.14934795785213378	0.16060237733314842	0.15336245202475018	0.14615422881714443	0.15438926019087462	0.15579782320027982	0.14402797203635556	0.14816464301463697	

moy_distances_centre :	36.833333333333336
min_distances_centre :	26.0
max_distances_centre :	52.0
med_distances_centre :	38.0
ecartType_distances_centre :	8.744839748229936
var_distances_centre :	76.47222222222221
covar_distances_centre :	83.42424242424242
coef_variation_distances_centre :	0.23741646375284892
capacite_X_temoin : 
34.0	38.0	42.0	40.0	
38.0	42.0	33.0	39.0	
40.0	37.0	35.0	42.0	
38.0	43.0	43.0	44.0	
38.0	36.0	36.0	38.0	
36.0	40.0	42.0	36.0	
44.0	35.0	40.0	42.0	
39.0	38.0	39.0	37.0	
43.0	42.0	44.0	37.0	

capacite_W_temoin : 
40.2	40.4	52.6	41.0	
44.4	45.6	40.9	38.7	
46.0	39.1	44.5	44.6	
44.4	43.9	53.9	46.2	
42.4	35.8	44.8	39.4	
42.8	40.0	52.6	37.8	
54.2	36.5	50.0	44.6	
46.7	40.4	48.7	37.1	
52.9	47.6	55.2	36.1	

demande_cumulee_X : 
4.0	9.0	2.0	11.0	
5.0	9.0	2.0	12.0	
6.0	9.0	1.0	10.0	
5.0	12.0	2.0	11.0	
7.0	11.0	2.0	10.0	
4.0	12.0	2.0	9.0	
3.0	9.0	2.0	10.0	
4.0	9.0	2.0	11.0	
3.0	7.0	2.0	12.0	

demande_cumulee_W : 
4.0	9.0	4.0	9.0	
4.0	9.0	6.0	9.0	
3.0	11.0	4.0	8.0	
4.0	11.0	4.0	11.0	
4.0	10.0	4.0	12.0	
5.0	6.0	4.0	12.0	
4.0	9.0	4.0	7.0	
7.0	7.0	4.0	8.0	
8.0	7.0	5.0	4.0	

capacite_residuelle_X : 
30.0	29.0	40.0	29.0	
33.0	33.0	31.0	27.0	
34.0	28.0	34.0	32.0	
33.0	31.0	41.0	33.0	
31.0	25.0	34.0	28.0	
32.0	28.0	40.0	27.0	
41.0	26.0	38.0	32.0	
35.0	29.0	37.0	26.0	
40.0	35.0	42.0	25.0	

capacite_residuelle_W : 
36.2	31.4	48.6	32.0	
40.4	36.6	34.9	29.700000000000003	
43.0	28.1	40.5	36.6	
40.4	32.9	49.9	35.2	
38.4	25.799999999999997	40.8	27.4	
37.8	34.0	48.6	25.799999999999997	
50.2	27.5	46.0	37.6	
39.7	33.4	44.7	29.1	
44.9	40.6	50.2	32.1	

min_capacite_X : 
34.0	33.0	35.0	38.0	36.0	36.0	35.0	37.0	37.0	

min_capacite_W : 
40.2	38.7	39.1	43.9	35.8	37.8	36.5	37.1	36.1	

max_capacite_X : 
42.0	42.0	42.0	44.0	38.0	42.0	44.0	39.0	44.0	

max_capacite_W : 
52.6	45.6	46.0	53.9	44.8	52.6	54.2	48.7	55.2	

moy_capacite_X : 
38.5	38.0	38.5	42.0	37.0	38.5	40.25	38.25	41.5	

moy_capacite_W : 
43.55	42.400000000000006	43.55	47.099999999999994	40.599999999999994	43.3	46.324999999999996	43.225	47.949999999999996	

med_capacite_X : 
39.0	38.5	38.5	43.0	37.0	38.0	41.0	38.5	42.5	

med_capacite_W : 
40.7	42.65	44.55	45.3	40.9	41.4	47.3	43.55	50.25	

ecartType_capacite_X : 
2.958039891549808	3.24037034920393	2.692582403567252	2.345207879911715	1.0	2.598076211353316	3.344772040064913	0.82915619758885	2.692582403567252	

ecartType_capacite_W : 
5.233306793987909	2.7468163389640736	2.6367593746870415	4.018084120572888	3.3674916480965473	5.654201977290873	6.6148979583966385	4.67834105212521	7.3758050408074105	

var_capacite_X : 
8.75	10.5	7.25	5.5	1.0	6.75	11.1875	0.6875	7.25	

var_capacite_W : 
27.387500000000003	7.544999999999996	6.952499999999999	16.145	11.340000000000002	31.970000000000017	43.756875000000015	21.88687500000001	54.4025	

covar_capacite_X : 
11.666666666666666	14.0	9.666666666666666	7.333333333333333	1.3333333333333333	9.0	14.916666666666666	0.9166666666666666	9.666666666666666	

covar_capacite_W : 
36.516666666666666	10.059999999999995	9.269999999999998	21.526666666666664	15.120000000000001	42.62666666666669	58.342500000000015	29.18250000000001	72.53666666666666	

##########	##########	##########	##########	##########	##########	##########	##########	##########	##########	##########	##########	##########	##########	##########	##########	##########	##########	##########	##########	##########	##########	##########	##########	##########	##########	##########	##########	##########	##########	##########	##########	##########	##########	##########	##########	##########	##########	##########	##########	##########	##########	##########	##########	##########	nombre de noeuds : 45
nombre de strates : 9
nombre de centres : 4
titre : fenetre
instances : alea45_4_2
temps de calcul : 0.022150039672851562
valeur objective : 647.0
nombre de solutions : 2
nombre de noeuds : 0.0
faisability : True
moy_distances :	30.84
min_distances :	10.0
max_distances :	55.0
var_distances :	78.81966023875114
covar_distances :	78.85948826312644
ecartType_distances :	8.878043716875421
coef_variation	: 0.2878799672367976
distances_centre_x :
22.0	25.0	0.0	16.0	-1.0	16.0	-1.0	-1.0	34.0	-1.0	30.0	23.0	11.0	11.0	22.0	28.0	-1.0	-1.0	0.0	27.0	-1.0	-1.0	21.0	-1.0	0.0	28.0	18.0	-1.0	-1.0	18.0	-1.0	-1.0	-1.0	23.0	-1.0	-1.0	21.0	25.0	22.0	26.0	22.0	-1.0	-1.0	-1.0	13.0	
22.0	25.0	0.0	16.0	-1.0	-1.0	33.0	-1.0	34.0	27.0	-1.0	-1.0	11.0	11.0	22.0	28.0	-1.0	-1.0	0.0	27.0	-1.0	-1.0	-1.0	-1.0	0.0	28.0	18.0	24.0	-1.0	18.0	34.0	-1.0	-1.0	-1.0	27.0	34.0	21.0	25.0	22.0	26.0	22.0	23.0	-1.0	-1.0	13.0	
22.0	-1.0	0.0	16.0	-1.0	16.0	-1.0	-1.0	34.0	-1.0	30.0	23.0	11.0	11.0	22.0	-1.0	27.0	-1.0	0.0	-1.0	-1.0	-1.0	21.0	-1.0	0.0	-1.0	18.0	24.0	11.0	18.0	-1.0	-1.0	-1.0	-1.0	27.0	34.0	21.0	-1.0	22.0	26.0	22.0	-1.0	18.0	-1.0	13.0	
22.0	-1.0	0.0	16.0	-1.0	-1.0	33.0	-1.0	34.0	27.0	-1.0	-1.0	11.0	11.0	22.0	28.0	-1.0	-1.0	0.0	27.0	0.0	-1.0	21.0	28.0	0.0	28.0	18.0	24.0	11.0	18.0	-1.0	-1.0	-1.0	-1.0	27.0	34.0	-1.0	25.0	22.0	26.0	22.0	23.0	18.0	-1.0	13.0	
22.0	25.0	0.0	16.0	-1.0	16.0	33.0	-1.0	-1.0	27.0	30.0	-1.0	11.0	11.0	22.0	-1.0	27.0	34.0	0.0	-1.0	-1.0	-1.0	21.0	-1.0	0.0	28.0	18.0	24.0	11.0	-1.0	-1.0	-1.0	-1.0	23.0	27.0	34.0	21.0	25.0	22.0	26.0	22.0	-1.0	-1.0	25.0	13.0	
-1.0	25.0	0.0	16.0	12.0	-1.0	33.0	-1.0	-1.0	-1.0	30.0	-1.0	11.0	11.0	22.0	28.0	27.0	-1.0	0.0	27.0	-1.0	-1.0	21.0	-1.0	0.0	-1.0	18.0	-1.0	11.0	-1.0	-1.0	22.0	26.0	-1.0	27.0	-1.0	21.0	25.0	22.0	26.0	22.0	23.0	-1.0	-1.0	13.0	
22.0	25.0	-1.0	16.0	-1.0	-1.0	-1.0	-1.0	-1.0	-1.0	30.0	-1.0	11.0	11.0	22.0	-1.0	27.0	-1.0	0.0	27.0	-1.0	32.0	-1.0	28.0	0.0	-1.0	18.0	-1.0	11.0	18.0	-1.0	-1.0	-1.0	23.0	27.0	-1.0	-1.0	25.0	22.0	26.0	22.0	-1.0	18.0	-1.0	13.0	
22.0	25.0	-1.0	16.0	-1.0	-1.0	33.0	18.0	-1.0	27.0	30.0	-1.0	-1.0	11.0	22.0	28.0	-1.0	-1.0	0.0	27.0	-1.0	-1.0	21.0	-1.0	0.0	28.0	18.0	-1.0	-1.0	18.0	-1.0	-1.0	-1.0	-1.0	27.0	34.0	21.0	25.0	22.0	26.0	22.0	23.0	-1.0	-1.0	13.0	
22.0	25.0	-1.0	16.0	-1.0	-1.0	-1.0	-1.0	-1.0	27.0	30.0	-1.0	-1.0	11.0	22.0	28.0	-1.0	34.0	0.0	-1.0	-1.0	-1.0	21.0	-1.0	0.0	28.0	18.0	-1.0	11.0	18.0	-1.0	-1.0	26.0	-1.0	-1.0	34.0	-1.0	25.0	22.0	26.0	22.0	23.0	-1.0	-1.0	13.0	

distances_centre_w :
34.0	32.0	37.0	33.0	-1.0	29.0	-1.0	-1.0	35.0	-1.0	33.0	26.0	15.0	22.0	30.0	31.0	-1.0	-1.0	31.0	30.0	-1.0	-1.0	25.0	-1.0	31.0	35.0	34.0	-1.0	-1.0	25.0	-1.0	-1.0	-1.0	32.0	-1.0	-1.0	35.0	32.0	26.0	27.0	36.0	-1.0	-1.0	-1.0	22.0	
34.0	32.0	37.0	33.0	-1.0	-1.0	36.0	-1.0	35.0	31.0	-1.0	-1.0	15.0	22.0	30.0	31.0	-1.0	-1.0	31.0	30.0	-1.0	-1.0	-1.0	-1.0	31.0	35.0	34.0	28.0	-1.0	25.0	34.0	-1.0	-1.0	-1.0	31.0	34.0	35.0	32.0	26.0	27.0	36.0	24.0	-1.0	-1.0	22.0	
34.0	-1.0	37.0	33.0	-1.0	29.0	-1.0	-1.0	35.0	-1.0	33.0	26.0	15.0	22.0	30.0	-1.0	28.0	-1.0	31.0	-1.0	-1.0	-1.0	25.0	-1.0	31.0	-1.0	34.0	28.0	34.0	25.0	-1.0	-1.0	-1.0	-1.0	31.0	34.0	35.0	-1.0	26.0	27.0	36.0	-1.0	28.0	-1.0	22.0	
34.0	-1.0	37.0	33.0	-1.0	-1.0	36.0	-1.0	35.0	31.0	-1.0	-1.0	15.0	22.0	30.0	31.0	-1.0	-1.0	31.0	30.0	26.0	-1.0	25.0	32.0	31.0	35.0	34.0	28.0	34.0	25.0	-1.0	-1.0	-1.0	-1.0	31.0	34.0	-1.0	32.0	26.0	27.0	36.0	24.0	28.0	-1.0	22.0	
34.0	32.0	37.0	33.0	-1.0	29.0	36.0	-1.0	-1.0	31.0	33.0	-1.0	15.0	22.0	30.0	-1.0	28.0	38.0	31.0	-1.0	-1.0	-1.0	25.0	-1.0	31.0	35.0	34.0	28.0	34.0	-1.0	-1.0	-1.0	-1.0	32.0	31.0	34.0	35.0	32.0	26.0	27.0	36.0	-1.0	-1.0	29.0	22.0	
-1.0	32.0	37.0	33.0	45.0	-1.0	36.0	-1.0	-1.0	-1.0	33.0	-1.0	15.0	22.0	30.0	31.0	28.0	-1.0	31.0	30.0	-1.0	-1.0	25.0	-1.0	31.0	-1.0	34.0	-1.0	22.0	-1.0	-1.0	25.0	32.0	-1.0	31.0	-1.0	35.0	32.0	26.0	27.0	36.0	24.0	-1.0	-1.0	22.0	
34.0	32.0	-1.0	25.0	-1.0	-1.0	-1.0	-1.0	-1.0	-1.0	33.0	-1.0	15.0	22.0	30.0	-1.0	28.0	-1.0	31.0	30.0	-1.0	39.0	-1.0	32.0	31.0	-1.0	34.0	-1.0	22.0	25.0	-1.0	-1.0	-1.0	32.0	31.0	-1.0	-1.0	32.0	26.0	27.0	36.0	-1.0	28.0	-1.0	22.0	
34.0	32.0	-1.0	33.0	-1.0	-1.0	36.0	30.0	-1.0	31.0	33.0	-1.0	-1.0	22.0	30.0	31.0	-1.0	-1.0	31.0	30.0	-1.0	-1.0	25.0	-1.0	31.0	35.0	34.0	-1.0	-1.0	25.0	-1.0	-1.0	-1.0	-1.0	31.0	34.0	35.0	32.0	26.0	27.0	36.0	24.0	-1.0	-1.0	22.0	
34.0	32.0	-1.0	33.0	-1.0	-1.0	-1.0	-1.0	-1.0	31.0	33.0	-1.0	-1.0	22.0	30.0	31.0	-1.0	38.0	31.0	-1.0	-1.0	-1.0	25.0	-1.0	31.0	35.0	34.0	-1.0	34.0	25.0	-1.0	-1.0	34.0	-1.0	-1.0	34.0	-1.0	32.0	26.0	31.0	36.0	24.0	-1.0	-1.0	33.0	

maxX :
34.0	34.0	34.0	34.0	34.0	33.0	32.0	34.0	34.0	

maxW :
37.0	37.0	37.0	37.0	38.0	45.0	39.0	36.0	38.0	

minX :
0.0	0.0	0.0	0.0	0.0	0.0	0.0	0.0	0.0	

minW :
15.0	15.0	15.0	15.0	15.0	15.0	15.0	22.0	22.0	

moyX :
19.307692307692307	21.107142857142858	18.73076923076923	19.633333333333333	20.466666666666665	19.22222222222222	19.75	21.423076923076923	20.916666666666668	

moyW :
29.923076923076923	30.392857142857142	29.576923076923077	29.833333333333332	30.666666666666668	29.814814814814813	29.041666666666668	30.384615384615383	31.208333333333332	

medX :
22.0	22.5	21.0	22.0	22.0	22.0	22.0	22.0	22.0	

medW :
31.0	31.0	30.5	31.0	31.5	31.0	30.5	31.0	32.0	

ecartTypeX :
8.843812399156784	9.563096053185337	9.12122500337154	9.864019915272317	9.214963676301473	9.003428702170176	8.37779804005802	8.223666957316066	8.736497518393106	

ecartTypeW :
5.07575744194573	5.073314538658457	5.085220492330819	4.9805175991613115	4.941884480865799	5.9381817708356	5.223976507944456	4.095747542145888	3.9578947125404382	

varX :
78.21301775147928	91.45280612244896	83.19674556213016	97.2988888888889	84.91555555555554	81.06172839506172	70.1875	67.62869822485207	76.3263888888889	

varW :
25.763313609467463	25.73852040816327	25.8594674556213	24.805555555555554	24.422222222222224	35.262002743484224	27.289930555555554	16.775147928994084	15.664930555555557	

covarX :
81.34153846153845	94.83994708994709	86.52461538461533	100.65402298850574	87.84367816091954	84.17948717948715	73.23913043478261	70.33384615384617	79.64492753623189	

covarW :
26.793846153846154	26.69179894179894	26.89384615384615	25.660919540229877	25.26436781609195	36.618233618233624	28.476449275362313	17.446153846153845	16.346014492753618	

coef_variationX :
0.4580460605140964	0.4530739246855997	0.48696478457425063	0.5024118802345833	0.4502425249007235	0.46838646427474906	0.4241923058257225	0.38386955276520235	0.41768115625783775	

coef_variationW :
0.16962685538636116	0.16692456766443808	0.17193203225045683	0.1669447239942339	0.1611484069847543	0.19916882958082138	0.1798786745920616	0.13479675455163684	0.12682172643654274	

moy_distances_centre :	38.833333333333336
min_distances_centre :	26.0
max_distances_centre :	52.0
med_distances_centre :	38.0
ecartType_distances_centre :	9.007712744581108
var_distances_centre :	81.1388888888889
covar_distances_centre :	88.51515151515153
coef_variation_distances_centre :	0.23195826810080103
capacite_X_temoin : 
34.0	36.0	38.0	42.0	
38.0	38.0	42.0	33.0	
40.0	38.0	37.0	35.0	
38.0	36.0	43.0	43.0	
38.0	36.0	36.0	36.0	
36.0	39.0	40.0	42.0	
44.0	41.0	35.0	40.0	
39.0	44.0	38.0	39.0	
43.0	42.0	42.0	44.0	

capacite_W_temoin : 
40.2	35.8	43.4	49.6	
44.4	39.4	47.6	36.9	
46.0	40.4	42.1	40.5	
45.4	36.8	45.9	49.9	
43.4	36.8	39.8	39.8	
42.8	38.7	45.0	50.6	
54.2	42.3	39.5	48.0	
46.7	47.2	42.4	45.7	
51.9	44.6	48.6	53.2	

demande_cumulee_X : 
4.0	11.0	6.0	5.0	
5.0	10.0	7.0	6.0	
6.0	9.0	6.0	5.0	
4.0	10.0	10.0	6.0	
6.0	10.0	7.0	7.0	
4.0	12.0	7.0	4.0	
3.0	11.0	6.0	4.0	
4.0	10.0	7.0	5.0	
4.0	10.0	6.0	4.0	

demande_cumulee_W : 
3.0	8.0	11.0	4.0	
3.0	9.0	9.0	7.0	
3.0	8.0	11.0	4.0	
2.0	10.0	11.0	7.0	
3.0	11.0	11.0	5.0	
3.0	8.0	10.0	6.0	
2.0	6.0	11.0	5.0	
3.0	9.0	8.0	6.0	
3.0	9.0	6.0	6.0	

capacite_residuelle_X : 
30.0	25.0	32.0	37.0	
33.0	28.0	35.0	27.0	
34.0	29.0	31.0	30.0	
34.0	26.0	33.0	37.0	
32.0	26.0	29.0	29.0	
32.0	27.0	33.0	38.0	
41.0	30.0	29.0	36.0	
35.0	34.0	31.0	34.0	
39.0	32.0	36.0	40.0	

capacite_residuelle_W : 
37.2	27.799999999999997	32.4	45.6	
41.4	30.4	38.6	29.9	
43.0	32.4	31.1	36.5	
43.4	26.799999999999997	34.9	42.9	
40.4	25.799999999999997	28.799999999999997	34.8	
39.8	30.700000000000003	35.0	44.6	
52.2	36.3	28.5	43.0	
43.7	38.2	34.4	39.7	
48.9	35.6	42.6	47.2	

min_capacite_X : 
34.0	33.0	35.0	36.0	36.0	36.0	35.0	38.0	42.0	

min_capacite_W : 
35.8	36.9	40.4	36.8	36.8	38.7	39.5	42.4	44.6	

max_capacite_X : 
42.0	42.0	40.0	43.0	38.0	42.0	44.0	44.0	44.0	

max_capacite_W : 
49.6	47.6	46.0	49.9	43.4	50.6	54.2	47.2	53.2	

moy_capacite_X : 
37.5	37.75	37.5	40.0	36.5	39.25	40.0	40.0	42.75	

moy_capacite_W : 
42.25	42.075	42.25	44.5	39.949999999999996	44.275	46.0	45.5	49.575	

med_capacite_X : 
37.0	38.0	37.5	40.5	36.0	39.5	40.5	39.0	42.5	

med_capacite_W : 
41.8	41.9	41.3	45.65	39.8	43.9	45.15	46.2	50.25	

ecartType_capacite_X : 
2.958039891549808	3.191786333700926	1.8027756377319946	3.082207001484488	0.8660254037844386	2.165063509461097	3.24037034920393	2.345207879911715	0.82915619758885	

ecartType_capacite_W : 
5.028667815634675	4.179339062579155	2.2677080940897136	4.7754580932094886	2.338268590217985	4.294982537799194	5.638705525207006	1.8694919095839935	3.325939716831921	

var_capacite_X : 
8.75	10.1875	3.25	9.5	0.75	4.6875	10.5	5.5	0.6875	

var_capacite_W : 
25.28750000000001	17.46687500000001	5.142500000000002	22.805000000000003	5.467500000000003	18.446875	31.79500000000002	3.4950000000000063	11.061874999999999	

covar_capacite_X : 
11.666666666666666	13.583333333333332	4.333333333333333	12.666666666666666	1.0	6.25	14.0	7.333333333333333	0.9166666666666666	

covar_capacite_W : 
33.716666666666676	23.289166666666677	6.856666666666669	30.40666666666667	7.290000000000004	24.59583333333333	42.39333333333336	4.660000000000008	14.749166666666664	

##########	##########	##########	##########	##########	##########	##########	##########	##########	##########	##########	##########	##########	##########	##########	##########	##########	##########	##########	##########	##########	##########	##########	##########	##########	##########	##########	##########	##########	##########	##########	##########	##########	##########	##########	##########	##########	##########	##########	##########	##########	##########	##########	##########	##########	