nombre de noeuds : 30
nombre de strates : 6
nombre de centres : 10
titre : fenetre
instances : alea30_10_2
temps de calcul : 0.031141042709350586
valeur objective : 431.0
nombre de solutions : 3
nombre de noeuds : 1.0
faisability : True
moy_distances :	34.33
min_distances :	10.0
max_distances :	59.0
var_distances :	111.08659003831417
covar_distances :	111.2144227080936
ecartType_distances :	10.539762333103825
coef_variation	: 0.3069833689253541
distances_centre_x :
25.0	-1.0	0.0	-1.0	-1.0	-1.0	19.0	-1.0	0.0	0.0	13.0	17.0	0.0	-1.0	0.0	38.0	-1.0	10.0	0.0	-1.0	10.0	-1.0	0.0	13.0	-1.0	-1.0	0.0	-1.0	18.0	-1.0	
25.0	-1.0	-1.0	-1.0	-1.0	-1.0	-1.0	-1.0	-1.0	-1.0	13.0	-1.0	-1.0	-1.0	-1.0	-1.0	-1.0	10.0	0.0	-1.0	-1.0	22.0	-1.0	-1.0	-1.0	0.0	-1.0	10.0	-1.0	-1.0	
-1.0	21.0	-1.0	-1.0	-1.0	-1.0	-1.0	-1.0	-1.0	-1.0	-1.0	-1.0	-1.0	-1.0	12.0	-1.0	-1.0	-1.0	0.0	-1.0	10.0	-1.0	0.0	-1.0	-1.0	0.0	0.0	10.0	-1.0	0.0	
-1.0	21.0	0.0	13.0	10.0	21.0	-1.0	-1.0	0.0	-1.0	13.0	-1.0	0.0	28.0	0.0	-1.0	10.0	10.0	0.0	16.0	-1.0	20.0	0.0	-1.0	22.0	-1.0	0.0	10.0	18.0	-1.0	
25.0	21.0	-1.0	-1.0	18.0	-1.0	19.0	16.0	-1.0	-1.0	-1.0	-1.0	-1.0	-1.0	-1.0	-1.0	-1.0	-1.0	-1.0	-1.0	10.0	-1.0	0.0	-1.0	-1.0	0.0	0.0	10.0	-1.0	-1.0	
25.0	-1.0	-1.0	-1.0	10.0	-1.0	19.0	16.0	-1.0	-1.0	13.0	-1.0	-1.0	-1.0	-1.0	38.0	-1.0	10.0	0.0	16.0	10.0	-1.0	-1.0	-1.0	-1.0	-1.0	0.0	10.0	-1.0	0.0	

distances_centre_w :
37.0	-1.0	37.0	-1.0	-1.0	-1.0	30.0	-1.0	32.0	25.0	36.0	25.0	37.0	-1.0	38.0	39.0	-1.0	22.0	29.0	-1.0	23.0	-1.0	33.0	29.0	-1.0	-1.0	37.0	-1.0	34.0	-1.0	
29.0	-1.0	33.0	-1.0	-1.0	-1.0	-1.0	-1.0	-1.0	-1.0	-1.0	32.0	-1.0	-1.0	-1.0	-1.0	-1.0	-1.0	-1.0	37.0	-1.0	-1.0	-1.0	-1.0	-1.0	-1.0	-1.0	-1.0	34.0	-1.0	
-1.0	-1.0	-1.0	-1.0	-1.0	-1.0	-1.0	-1.0	23.0	-1.0	-1.0	-1.0	-1.0	32.0	27.0	-1.0	-1.0	-1.0	-1.0	-1.0	-1.0	-1.0	-1.0	-1.0	28.0	22.0	-1.0	12.0	19.0	28.0	
-1.0	27.0	33.0	26.0	23.0	27.0	-1.0	-1.0	23.0	-1.0	28.0	-1.0	25.0	32.0	12.0	-1.0	25.0	22.0	26.0	22.0	-1.0	28.0	23.0	-1.0	23.0	-1.0	15.0	24.0	19.0	-1.0	
29.0	-1.0	-1.0	-1.0	-1.0	-1.0	-1.0	-1.0	-1.0	-1.0	-1.0	-1.0	-1.0	-1.0	-1.0	-1.0	-1.0	-1.0	-1.0	-1.0	-1.0	-1.0	-1.0	-1.0	-1.0	-1.0	-1.0	-1.0	34.0	-1.0	
25.0	-1.0	-1.0	-1.0	33.0	-1.0	30.0	33.0	-1.0	-1.0	36.0	-1.0	-1.0	-1.0	-1.0	39.0	-1.0	22.0	29.0	22.0	23.0	-1.0	-1.0	-1.0	-1.0	-1.0	37.0	38.0	-1.0	37.0	

maxX :
38.0	25.0	21.0	28.0	25.0	38.0	

maxW :
39.0	37.0	32.0	33.0	34.0	39.0	

minX :
0.0	0.0	0.0	0.0	0.0	0.0	

minW :
22.0	29.0	12.0	12.0	29.0	22.0	

moyX :
9.588235294117647	11.428571428571429	5.888888888888889	10.6	11.9	12.846153846153847	

moyW :
31.941176470588236	33.0	23.875	24.15	31.5	31.076923076923077	

medX :
10.0	10.0	0.0	10.0	13.0	10.0	

medW :
33.0	33.0	25.0	24.5	31.5	33.0	

ecartTypeX :
10.89554049912927	8.97388501402252	7.248669524577818	9.00222194794152	8.89325587172662	10.24954898704669	

ecartTypeW :
5.46077551307067	2.6076809620810595	5.9041828393097715	4.829855070289376	2.5	6.107517920393603	

varX :
118.7128027681661	80.53061224489795	52.543209876543216	81.03999999999999	79.09	105.05325443786984	

varW :
29.820069204152247	6.8	34.859375	23.327499999999997	6.25	37.30177514792899	

covarX :
126.13235294117649	93.95238095238093	59.11111111111112	85.30526315789473	87.87777777777778	113.80769230769232	

covarW :
31.683823529411764	8.5	39.839285714285715	24.555263157894732	12.5	40.41025641025641	

coef_variationX :
1.136344714633114	0.7852149387269705	1.2309061456830257	0.849266221503917	0.7473324261955142	0.7978690828239938	

coef_variationW :
0.17096350593407256	0.07902063521457756	0.24729561630616845	0.19999399876974644	0.07936507936507936	0.19652904199286345	

moy_distances_centre :	36.044444444444444
min_distances_centre :	12.0
max_distances_centre :	56.0
med_distances_centre :	37.0
ecartType_distances_centre :	11.137435482901909
var_distances_centre :	124.04246913580248
covar_distances_centre :	125.43620474406988
coef_variation_distances_centre :	0.30899173657865964
capacite_X_temoin : 
23.0	26.0	23.0	28.0	26.0	28.0	28.0	27.0	23.0	22.0	
26.0	26.0	24.0	0.0	24.0	23.0	26.0	25.0	28.0	29.0	
22.0	29.0	26.0	24.0	0.0	28.0	26.0	25.0	27.0	29.0	
28.0	27.0	22.0	26.0	25.0	29.0	24.0	29.0	27.0	28.0	
24.0	28.0	29.0	27.0	27.0	0.0	26.0	29.0	24.0	23.0	
23.0	24.0	24.0	26.0	28.0	27.0	22.0	28.0	27.0	22.0	

capacite_W_temoin : 
28.9	30.8	28.9	33.4	32.8	35.4	31.4	34.1	28.9	28.6	
31.8	31.8	29.2	0.0	31.2	28.9	30.8	29.5	36.4	37.7	
27.6	35.7	30.8	29.2	0.0	34.4	30.8	30.5	34.1	36.7	
34.4	33.1	25.6	31.8	31.5	35.7	26.2	35.7	34.1	36.4	
30.2	34.4	35.7	33.1	33.1	0.0	27.8	35.7	30.2	28.9	
29.9	31.2	30.2	32.8	36.4	33.1	23.6	34.4	34.1	27.6	

demande_cumulee_X : 
1.0	3.0	1.0	3.0	1.0	1.0	5.0	1.0	1.0	0.0	
2.0	2.0	2.0	0.0	0.0	1.0	3.0	3.0	0.0	0.0	
1.0	2.0	3.0	2.0	0.0	2.0	3.0	2.0	1.0	1.0	
2.0	2.0	3.0	2.0	1.0	2.0	5.0	2.0	1.0	0.0	
1.0	2.0	2.0	2.0	2.0	0.0	6.0	2.0	1.0	1.0	
0.0	0.0	1.0	1.0	0.0	2.0	5.0	2.0	1.0	1.0	

demande_cumulee_W : 
5.0	5.0	1.0	4.0	0.0	0.0	1.0	0.0	0.0	1.0	
2.0	4.0	2.0	0.0	1.0	0.0	3.0	1.0	0.0	0.0	
1.0	2.0	4.0	2.0	0.0	3.0	4.0	0.0	0.0	1.0	
1.0	3.0	6.0	1.0	2.0	2.0	3.0	0.0	1.0	1.0	
7.0	4.0	3.0	3.0	0.0	0.0	1.0	1.0	0.0	0.0	
4.0	5.0	3.0	1.0	0.0	0.0	0.0	0.0	0.0	0.0	

capacite_residuelle_X : 
22.0	23.0	22.0	25.0	25.0	27.0	23.0	26.0	22.0	22.0	
24.0	24.0	22.0	0.0	24.0	22.0	23.0	22.0	28.0	29.0	
21.0	27.0	23.0	22.0	0.0	26.0	23.0	23.0	26.0	28.0	
26.0	25.0	19.0	24.0	24.0	27.0	19.0	27.0	26.0	28.0	
23.0	26.0	27.0	25.0	25.0	0.0	20.0	27.0	23.0	22.0	
23.0	24.0	23.0	25.0	28.0	25.0	17.0	26.0	26.0	21.0	

capacite_residuelle_W : 
23.9	25.8	27.9	29.4	32.8	35.4	30.4	34.1	28.9	27.6	
29.8	27.8	27.2	0.0	30.2	28.9	27.8	28.5	36.4	37.7	
26.6	33.7	26.8	27.2	0.0	31.4	26.8	30.5	34.1	35.7	
33.4	30.1	19.6	30.8	29.5	33.7	23.2	35.7	33.1	35.4	
23.2	30.4	32.7	30.1	33.1	0.0	26.8	34.7	30.2	28.9	
25.9	26.2	27.2	31.799999999999997	36.4	33.1	23.6	34.4	34.1	27.6	

min_capacite_X : 
22.0	0.0	0.0	22.0	0.0	22.0	

min_capacite_W : 
28.6	0.0	0.0	25.6	0.0	23.6	

max_capacite_X : 
28.0	29.0	29.0	29.0	29.0	28.0	

max_capacite_W : 
35.4	37.7	36.7	36.4	35.7	36.4	

moy_capacite_X : 
25.4	23.1	23.6	26.5	23.7	25.1	

moy_capacite_W : 
31.32	28.73	28.98	32.45	28.909999999999997	31.330000000000002	

med_capacite_X : 
26.0	25.5	26.0	27.0	26.5	25.0	

med_capacite_W : 
31.1	31.0	30.8	33.6	31.65	32.0	

ecartType_capacite_X : 
2.2891046284519194	7.892401408950256	8.138795979750322	2.1563858652847827	8.149233092751734	2.2561028345356955	

ecartType_capacite_W : 
2.36930369518135	9.973870863411056	10.055227496183267	3.6191849911271463	9.989038992816075	3.5369619732193893	

var_capacite_X : 
5.24	62.289999999999985	66.24	4.65	66.41	5.089999999999999	

var_capacite_W : 
5.6136	99.47810000000001	101.10760000000002	13.098500000000001	99.7809	12.510099999999996	

covar_capacite_X : 
5.822222222222222	69.2111111111111	73.6	5.166666666666666	73.78888888888889	5.655555555555554	

covar_capacite_W : 
6.237333333333332	110.53122222222223	112.34177777777779	14.55388888888889	110.86766666666665	13.900111111111105	

##########	##########	##########	##########	##########	##########	##########	##########	##########	##########	##########	##########	##########	##########	##########	##########	##########	##########	##########	##########	##########	##########	##########	##########	##########	##########	##########	##########	##########	##########	nombre de noeuds : 30
nombre de strates : 6
nombre de centres : 10
titre : fenetre
instances : alea30_10_2
temps de calcul : 0.03041386604309082
valeur objective : 426.0
nombre de solutions : 3
nombre de noeuds : 0.0
faisability : True
moy_distances :	34.33
min_distances :	10.0
max_distances :	59.0
var_distances :	111.08659003831417
covar_distances :	111.2144227080936
ecartType_distances :	10.539762333103825
coef_variation	: 0.3069833689253541
distances_centre_x :
25.0	-1.0	0.0	-1.0	-1.0	-1.0	17.0	-1.0	0.0	0.0	13.0	17.0	0.0	-1.0	0.0	38.0	-1.0	0.0	0.0	-1.0	10.0	-1.0	0.0	13.0	-1.0	-1.0	0.0	-1.0	18.0	-1.0	
34.0	-1.0	-1.0	-1.0	-1.0	-1.0	-1.0	-1.0	-1.0	-1.0	13.0	-1.0	32.0	-1.0	-1.0	-1.0	-1.0	0.0	0.0	-1.0	-1.0	18.0	-1.0	-1.0	-1.0	10.0	-1.0	12.0	-1.0	-1.0	
-1.0	21.0	-1.0	-1.0	-1.0	-1.0	-1.0	-1.0	-1.0	-1.0	-1.0	-1.0	-1.0	-1.0	12.0	-1.0	-1.0	-1.0	0.0	-1.0	10.0	-1.0	0.0	-1.0	-1.0	22.0	0.0	12.0	-1.0	0.0	
-1.0	21.0	0.0	13.0	10.0	21.0	-1.0	-1.0	0.0	-1.0	13.0	-1.0	0.0	23.0	0.0	-1.0	10.0	0.0	0.0	16.0	-1.0	18.0	0.0	-1.0	22.0	-1.0	0.0	12.0	18.0	-1.0	
-1.0	21.0	-1.0	-1.0	18.0	-1.0	-1.0	16.0	-1.0	-1.0	-1.0	-1.0	-1.0	-1.0	-1.0	-1.0	-1.0	-1.0	-1.0	-1.0	10.0	-1.0	0.0	-1.0	-1.0	-1.0	0.0	-1.0	-1.0	-1.0	
25.0	-1.0	-1.0	-1.0	10.0	-1.0	17.0	16.0	-1.0	-1.0	13.0	-1.0	-1.0	-1.0	-1.0	38.0	-1.0	0.0	0.0	16.0	10.0	-1.0	-1.0	-1.0	-1.0	-1.0	0.0	12.0	-1.0	0.0	

distances_centre_w :
39.0	-1.0	37.0	-1.0	-1.0	-1.0	30.0	-1.0	32.0	25.0	36.0	25.0	37.0	-1.0	38.0	39.0	-1.0	22.0	29.0	-1.0	23.0	-1.0	33.0	29.0	-1.0	-1.0	37.0	-1.0	34.0	-1.0	
39.0	-1.0	33.0	-1.0	-1.0	-1.0	-1.0	-1.0	-1.0	-1.0	-1.0	30.0	-1.0	-1.0	-1.0	-1.0	-1.0	-1.0	-1.0	37.0	-1.0	-1.0	-1.0	-1.0	-1.0	-1.0	-1.0	-1.0	34.0	-1.0	
-1.0	-1.0	-1.0	-1.0	-1.0	-1.0	-1.0	-1.0	23.0	-1.0	-1.0	-1.0	-1.0	32.0	27.0	-1.0	-1.0	-1.0	-1.0	-1.0	-1.0	-1.0	-1.0	-1.0	28.0	-1.0	-1.0	27.0	19.0	28.0	
-1.0	27.0	33.0	19.0	23.0	27.0	-1.0	-1.0	22.0	-1.0	28.0	-1.0	25.0	28.0	12.0	-1.0	25.0	22.0	12.0	22.0	-1.0	20.0	23.0	-1.0	23.0	-1.0	15.0	20.0	19.0	-1.0	
25.0	-1.0	-1.0	-1.0	-1.0	-1.0	-1.0	-1.0	-1.0	-1.0	-1.0	-1.0	-1.0	-1.0	-1.0	-1.0	-1.0	-1.0	-1.0	-1.0	-1.0	-1.0	-1.0	-1.0	-1.0	-1.0	-1.0	-1.0	34.0	-1.0	
39.0	-1.0	-1.0	-1.0	33.0	-1.0	30.0	33.0	-1.0	-1.0	36.0	-1.0	-1.0	-1.0	-1.0	39.0	-1.0	22.0	29.0	22.0	23.0	-1.0	-1.0	-1.0	-1.0	-1.0	37.0	38.0	-1.0	37.0	

maxX :
38.0	34.0	22.0	23.0	21.0	38.0	

maxW :
39.0	39.0	32.0	33.0	34.0	39.0	

minX :
0.0	0.0	0.0	0.0	0.0	0.0	

minW :
22.0	30.0	19.0	12.0	25.0	22.0	

moyX :
8.882352941176471	14.875	8.555555555555555	9.85	10.833333333333334	12.076923076923077	

moyW :
32.05882352941177	34.6	26.285714285714285	22.25	29.5	32.15384615384615	

medX :
0.0	12.5	10.0	11.0	13.0	12.0	

medW :
33.0	34.0	27.0	22.5	29.5	33.0	

ecartTypeX :
11.028745077889848	11.973277537917511	8.525922708111501	8.776531205436461	8.334999833366659	10.694797717808976	

ecartTypeW :
5.588544883065233	3.1368774282716245	3.8438925848782035	5.185315805233081	4.5	6.174963766273685	

varX :
121.63321799307957	143.359375	72.69135802469137	77.02749999999999	69.47222222222223	114.37869822485207	

varW :
31.2318339100346	9.84	14.775510204081636	26.8875	20.25	38.1301775147929	

covarX :
129.23529411764707	163.8392857142857	81.77777777777779	81.08157894736841	83.36666666666667	123.91025641025641	

covarW :
33.18382352941176	12.3	17.23809523809524	28.302631578947366	40.5	41.30769230769231	

coef_variationX :
1.2416467968485259	0.8049262210364713	0.9965364204286171	0.8910183964910113	0.7693846000030762	0.885556498926858	

coef_variationW :
0.1743215835084568	0.09066119734889087	0.14623504398993167	0.23304790135879017	0.15254237288135594	0.19204432765922946	

moy_distances_centre :	35.6
min_distances_centre :	12.0
max_distances_centre :	56.0
med_distances_centre :	37.0
ecartType_distances_centre :	11.070280534435932
var_distances_centre :	122.55111111111111
covar_distances_centre :	123.92808988764043
coef_variation_distances_centre :	0.3109629363605599
capacite_X_temoin : 
23.0	26.0	23.0	28.0	26.0	26.0	28.0	28.0	23.0	22.0	
26.0	26.0	24.0	0.0	24.0	25.0	23.0	26.0	28.0	29.0	
22.0	29.0	26.0	24.0	0.0	0.0	28.0	26.0	27.0	29.0	
28.0	27.0	22.0	26.0	25.0	26.0	29.0	24.0	27.0	28.0	
24.0	28.0	29.0	27.0	27.0	27.0	0.0	26.0	24.0	23.0	
23.0	24.0	24.0	26.0	28.0	26.0	27.0	22.0	27.0	22.0	

capacite_W_temoin : 
28.9	30.8	28.9	33.4	32.8	31.8	35.4	32.4	28.9	28.6	
31.8	31.8	30.2	0.0	31.2	29.5	26.9	31.8	36.4	37.7	
27.6	35.7	30.8	29.2	0.0	0.0	32.4	30.8	34.1	36.7	
34.4	33.1	26.6	32.8	31.5	30.8	34.7	26.2	34.1	36.4	
30.2	34.4	35.7	34.1	33.1	30.1	0.0	29.8	30.2	28.9	
29.9	31.2	30.2	32.8	36.4	31.8	32.1	24.6	34.1	27.6	

demande_cumulee_X : 
1.0	3.0	1.0	3.0	1.0	2.0	1.0	4.0	1.0	0.0	
2.0	2.0	1.0	0.0	0.0	3.0	3.0	2.0	0.0	0.0	
1.0	2.0	3.0	2.0	0.0	0.0	4.0	3.0	1.0	1.0	
2.0	2.0	2.0	1.0	1.0	3.0	3.0	5.0	1.0	0.0	
1.0	2.0	2.0	1.0	2.0	5.0	0.0	4.0	1.0	1.0	
0.0	0.0	1.0	1.0	0.0	2.0	3.0	4.0	1.0	1.0	

demande_cumulee_W : 
5.0	5.0	1.0	4.0	0.0	1.0	0.0	1.0	0.0	0.0	
2.0	4.0	2.0	0.0	1.0	2.0	0.0	2.0	0.0	0.0	
1.0	3.0	4.0	2.0	0.0	0.0	1.0	5.0	0.0	1.0	
1.0	3.0	4.0	3.0	2.0	2.0	2.0	1.0	1.0	1.0	
7.0	4.0	3.0	3.0	0.0	0.0	0.0	2.0	0.0	0.0	
4.0	5.0	2.0	1.0	0.0	1.0	0.0	0.0	0.0	0.0	

capacite_residuelle_X : 
22.0	23.0	22.0	25.0	25.0	24.0	27.0	24.0	22.0	22.0	
24.0	24.0	23.0	0.0	24.0	22.0	20.0	24.0	28.0	29.0	
21.0	27.0	23.0	22.0	0.0	0.0	24.0	23.0	26.0	28.0	
26.0	25.0	20.0	25.0	24.0	23.0	26.0	19.0	26.0	28.0	
23.0	26.0	27.0	26.0	25.0	22.0	0.0	22.0	23.0	22.0	
23.0	24.0	23.0	25.0	28.0	24.0	24.0	18.0	26.0	21.0	

capacite_residuelle_W : 
23.9	25.8	27.9	29.4	32.8	30.8	35.4	31.4	28.9	28.6	
29.8	27.8	28.2	0.0	30.2	27.5	26.9	29.8	36.4	37.7	
26.6	32.7	26.8	27.2	0.0	0.0	31.4	25.8	34.1	35.7	
33.4	30.1	22.6	29.799999999999997	29.5	28.8	32.7	25.2	33.1	35.4	
23.2	30.4	32.7	31.1	33.1	30.1	0.0	27.8	30.2	28.9	
25.9	26.2	28.2	31.799999999999997	36.4	30.8	32.1	24.6	34.1	27.6	

min_capacite_X : 
22.0	0.0	0.0	22.0	0.0	22.0	

min_capacite_W : 
28.6	0.0	0.0	26.2	0.0	24.6	

max_capacite_X : 
28.0	29.0	29.0	29.0	29.0	28.0	

max_capacite_W : 
35.4	37.7	36.7	36.4	35.7	36.4	

moy_capacite_X : 
25.3	23.1	21.1	26.2	23.5	24.9	

moy_capacite_W : 
31.189999999999998	28.73	25.73	32.06	28.65	31.070000000000004	

med_capacite_X : 
26.0	25.5	26.0	26.5	26.5	25.0	

med_capacite_W : 
31.3	31.5	30.8	32.95	30.2	31.5	

ecartType_capacite_X : 
2.238302928559939	7.892401408950256	10.746627377926528	1.98997487421324	8.040522371090077	2.071231517720798	

ecartType_capacite_W : 
2.227756719213298	10.025871533188523	13.135071373997175	3.211292574649653	9.805024222305624	3.134022973751149	

var_capacite_X : 
5.010000000000001	62.289999999999985	115.49000000000001	3.96	64.65	4.289999999999999	

var_capacite_W : 
4.962899999999998	100.51809999999999	172.53010000000003	10.312399999999998	96.13850000000001	9.822099999999995	

covar_capacite_X : 
5.566666666666667	69.2111111111111	128.32222222222222	4.3999999999999995	71.83333333333333	4.766666666666667	

covar_capacite_W : 
5.51433333333333	111.68677777777778	191.70011111111114	11.45822222222222	106.82055555555556	10.91344444444444	

##########	##########	##########	##########	##########	##########	##########	##########	##########	##########	##########	##########	##########	##########	##########	##########	##########	##########	##########	##########	##########	##########	##########	##########	##########	##########	##########	##########	##########	##########	nombre de noeuds : 30
nombre de strates : 6
nombre de centres : 10
titre : fenetre
instances : alea30_10_2
temps de calcul : 0.02579808235168457
valeur objective : 386.0
nombre de solutions : 2
nombre de noeuds : 0.0
faisability : True
moy_distances :	34.33
min_distances :	10.0
max_distances :	59.0
var_distances :	111.08659003831417
covar_distances :	111.2144227080936
ecartType_distances :	10.539762333103825
coef_variation	: 0.3069833689253541
distances_centre_x :
37.0	-1.0	-1.0	-1.0	-1.0	-1.0	-1.0	-1.0	-1.0	-1.0	-1.0	22.0	-1.0	-1.0	-1.0	-1.0	-1.0	-1.0	-1.0	-1.0	-1.0	-1.0	-1.0	-1.0	-1.0	-1.0	0.0	-1.0	19.0	-1.0	
17.0	-1.0	-1.0	-1.0	-1.0	-1.0	-1.0	-1.0	-1.0	-1.0	13.0	12.0	13.0	-1.0	-1.0	25.0	-1.0	0.0	0.0	-1.0	-1.0	18.0	-1.0	-1.0	-1.0	10.0	-1.0	12.0	19.0	-1.0	
-1.0	-1.0	-1.0	-1.0	-1.0	-1.0	-1.0	-1.0	-1.0	-1.0	-1.0	-1.0	-1.0	-1.0	-1.0	-1.0	-1.0	-1.0	-1.0	-1.0	-1.0	-1.0	-1.0	-1.0	-1.0	-1.0	0.0	-1.0	19.0	0.0	
-1.0	21.0	0.0	13.0	10.0	21.0	-1.0	-1.0	22.0	-1.0	13.0	-1.0	0.0	23.0	0.0	-1.0	10.0	0.0	0.0	16.0	-1.0	18.0	0.0	-1.0	22.0	-1.0	0.0	12.0	19.0	-1.0	
17.0	21.0	-1.0	-1.0	18.0	-1.0	-1.0	16.0	-1.0	-1.0	-1.0	12.0	-1.0	-1.0	-1.0	25.0	-1.0	-1.0	-1.0	-1.0	10.0	-1.0	0.0	-1.0	-1.0	-1.0	0.0	-1.0	19.0	-1.0	
17.0	-1.0	-1.0	-1.0	10.0	-1.0	17.0	16.0	-1.0	-1.0	13.0	-1.0	-1.0	-1.0	-1.0	25.0	-1.0	0.0	0.0	16.0	10.0	-1.0	-1.0	-1.0	-1.0	-1.0	0.0	12.0	-1.0	0.0	

distances_centre_w :
-1.0	-1.0	-1.0	-1.0	-1.0	-1.0	-1.0	-1.0	-1.0	-1.0	-1.0	-1.0	-1.0	-1.0	-1.0	-1.0	-1.0	-1.0	-1.0	-1.0	-1.0	-1.0	-1.0	-1.0	-1.0	-1.0	-1.0	-1.0	-1.0	-1.0	
-1.0	-1.0	33.0	-1.0	-1.0	-1.0	-1.0	-1.0	-1.0	-1.0	28.0	22.0	-1.0	-1.0	-1.0	-1.0	-1.0	27.0	12.0	24.0	-1.0	22.0	-1.0	-1.0	-1.0	22.0	-1.0	24.0	34.0	-1.0	
-1.0	-1.0	-1.0	-1.0	-1.0	-1.0	-1.0	-1.0	-1.0	-1.0	-1.0	-1.0	-1.0	-1.0	-1.0	-1.0	-1.0	-1.0	-1.0	-1.0	-1.0	-1.0	-1.0	-1.0	-1.0	34.0	-1.0	-1.0	-1.0	-1.0	
-1.0	28.0	33.0	19.0	23.0	27.0	-1.0	-1.0	23.0	-1.0	28.0	-1.0	13.0	28.0	12.0	-1.0	25.0	25.0	12.0	22.0	-1.0	20.0	19.0	-1.0	23.0	-1.0	15.0	20.0	34.0	-1.0	
-1.0	-1.0	33.0	-1.0	-1.0	-1.0	19.0	17.0	-1.0	-1.0	-1.0	-1.0	-1.0	-1.0	25.0	-1.0	25.0	-1.0	15.0	-1.0	-1.0	-1.0	-1.0	-1.0	-1.0	31.0	-1.0	-1.0	34.0	-1.0	
25.0	-1.0	-1.0	-1.0	23.0	-1.0	19.0	17.0	-1.0	-1.0	28.0	-1.0	-1.0	-1.0	-1.0	38.0	-1.0	25.0	12.0	22.0	23.0	-1.0	-1.0	-1.0	-1.0	-1.0	15.0	24.0	-1.0	25.0	

maxX :
nan	25.0	19.0	23.0	25.0	25.0	

maxW :
nan	34.0	34.0	34.0	34.0	38.0	

minX :
nan	0.0	0.0	0.0	0.0	0.0	

minW :
nan	12.0	34.0	12.0	15.0	12.0	

moyX :
nan	12.636363636363637	6.333333333333333	11.0	13.8	10.461538461538462	

moyW :
nan	24.8	34.0	22.45	24.875	22.76923076923077	

medX :
nan	13.0	0.0	12.5	16.5	12.0	

medW :
nan	24.0	34.0	23.0	25.0	23.0	

ecartTypeX :
nan	7.189294152642744	8.956685895029603	8.893818077743664	7.972452571197899	7.870249576879176	

ecartTypeW :
nan	5.96322060635023	0.0	6.208663302193154	6.899954709996291	6.20364466266337	

varX :
nan	51.685950413223146	80.22222222222224	79.1	63.56	61.94082840236685	

varW :
nan	35.56	0.0	38.5475	47.609375	38.48520710059172	

covarX :
nan	56.85454545454545	120.33333333333336	83.26315789473684	70.62222222222222	67.10256410256409	

covarW :
nan	39.51111111111112	nan	40.576315789473675	54.410714285714285	41.69230769230769	

coef_variationX :
nan	0.5689369473314402	1.4142135623730951	0.8085289161585149	0.5777139544346304	0.7523032683781565	

coef_variationW :
nan	0.24045244380444475	0.0	0.27655515822686655	0.27738511396970017	0.27245736694129663	

moy_distances_centre :	36.06666666666667
min_distances_centre :	12.0
max_distances_centre :	57.0
med_distances_centre :	37.0
ecartType_distances_centre :	11.532369901956645
var_distances_centre :	132.99555555555554
covar_distances_centre :	134.4898876404494
coef_variation_distances_centre :	0.3197514760246759
capacite_X_temoin : 
23.0	23.0	28.0	26.0	26.0	28.0	28.0	0.0	23.0	22.0	
26.0	24.0	0.0	24.0	25.0	23.0	26.0	28.0	28.0	29.0	
22.0	26.0	24.0	0.0	0.0	28.0	26.0	0.0	27.0	29.0	
28.0	22.0	26.0	25.0	26.0	29.0	24.0	27.0	27.0	28.0	
24.0	29.0	27.0	27.0	27.0	0.0	26.0	22.0	24.0	23.0	
23.0	24.0	26.0	28.0	26.0	27.0	22.0	28.0	27.0	22.0	

capacite_W_temoin : 
28.9	28.9	33.4	32.8	30.8	35.4	33.4	0.0	28.9	25.6	
32.8	30.2	0.0	31.2	29.5	27.9	32.8	32.4	36.4	36.7	
27.6	30.8	29.2	0.0	0.0	32.4	29.8	0.0	34.1	35.7	
34.4	26.6	32.8	31.5	29.8	34.7	26.2	35.1	34.1	35.4	
30.2	36.7	35.1	33.1	30.1	0.0	29.8	25.6	30.2	27.9	
29.9	30.2	33.8	36.4	31.8	32.1	25.6	34.4	34.1	27.6	

demande_cumulee_X : 
1.0	1.0	3.0	1.0	3.0	1.0	3.0	0.0	1.0	3.0	
1.0	1.0	0.0	0.0	3.0	2.0	1.0	4.0	0.0	1.0	
1.0	3.0	2.0	0.0	0.0	4.0	4.0	0.0	1.0	2.0	
2.0	2.0	1.0	1.0	4.0	3.0	5.0	0.0	1.0	1.0	
1.0	1.0	0.0	2.0	5.0	0.0	4.0	3.0	1.0	2.0	
0.0	1.0	0.0	0.0	2.0	3.0	3.0	2.0	1.0	1.0	

demande_cumulee_W : 
5.0	5.0	5.0	0.0	1.0	0.0	1.0	0.0	0.0	0.0	
1.0	2.0	0.0	2.0	1.0	2.0	4.0	0.0	0.0	1.0	
1.0	6.0	2.0	0.0	0.0	2.0	5.0	0.0	1.0	0.0	
1.0	5.0	4.0	2.0	1.0	2.0	3.0	1.0	1.0	0.0	
1.0	6.0	3.0	1.0	0.0	0.0	4.0	2.0	1.0	1.0	
1.0	3.0	3.0	3.0	0.0	1.0	1.0	1.0	0.0	0.0	

capacite_residuelle_X : 
22.0	22.0	25.0	25.0	23.0	27.0	25.0	0.0	22.0	19.0	
25.0	23.0	0.0	24.0	22.0	21.0	25.0	24.0	28.0	28.0	
21.0	23.0	22.0	0.0	0.0	24.0	22.0	0.0	26.0	27.0	
26.0	20.0	25.0	24.0	22.0	26.0	19.0	27.0	26.0	27.0	
23.0	28.0	27.0	25.0	22.0	0.0	22.0	19.0	23.0	21.0	
23.0	23.0	26.0	28.0	24.0	24.0	19.0	26.0	26.0	21.0	

capacite_residuelle_W : 
23.9	23.9	28.4	32.8	29.8	35.4	32.4	0.0	28.9	25.6	
31.799999999999997	28.2	0.0	29.2	28.5	25.9	28.799999999999997	32.4	36.4	35.7	
26.6	24.8	27.2	0.0	0.0	30.4	24.8	0.0	33.1	35.7	
33.4	21.6	28.799999999999997	29.5	28.8	32.7	23.2	34.1	33.1	35.4	
29.2	30.700000000000003	32.1	32.1	30.1	0.0	25.8	23.6	29.2	26.9	
28.9	27.2	30.799999999999997	33.4	31.8	31.1	24.6	33.4	34.1	27.6	

min_capacite_X : 
0.0	0.0	0.0	22.0	0.0	22.0	

min_capacite_W : 
0.0	0.0	0.0	26.2	0.0	25.6	

max_capacite_X : 
28.0	29.0	29.0	29.0	29.0	28.0	

max_capacite_W : 
35.4	36.7	35.7	35.4	36.7	36.4	

moy_capacite_X : 
22.7	23.3	18.2	26.2	22.9	25.3	

moy_capacite_W : 
27.809999999999995	28.990000000000002	21.96	32.059999999999995	27.869999999999997	31.590000000000003	

med_capacite_X : 
24.5	25.5	25.0	26.5	25.0	26.0	

med_capacite_W : 
29.85	31.799999999999997	29.5	33.45	30.15	31.950000000000003	

ecartType_capacite_X : 
7.887331614684398	7.988116173416609	12.056533498481228	1.98997487421324	7.90506166958867	2.238302928559939	

ecartType_capacite_W : 
9.67361876445418	10.016131987948242	14.545528522539152	3.2729802932495633	9.793063871945286	3.148158191705111	

var_capacite_X : 
62.21	63.81	145.36	3.96	62.49000000000001	5.01	

var_capacite_W : 
93.57889999999999	100.32290000000002	211.57240000000002	10.712399999999999	95.9041	9.910899999999994	

covar_capacite_X : 
69.12222222222222	70.9	161.5111111111111	4.3999999999999995	69.43333333333332	5.566666666666667	

covar_capacite_W : 
103.97655555555554	111.46988888888889	235.08044444444445	11.902666666666665	106.56011111111111	11.012111111111107	

##########	##########	##########	##########	##########	##########	##########	##########	##########	##########	##########	##########	##########	##########	##########	##########	##########	##########	##########	##########	##########	##########	##########	##########	##########	##########	##########	##########	##########	##########	nombre de noeuds : 30
nombre de strates : 6
nombre de centres : 10
titre : fenetre
instances : alea30_10_2
temps de calcul : 0.024374008178710938
valeur objective : 387.0
nombre de solutions : 2
nombre de noeuds : 0.0
faisability : True
moy_distances :	34.33
min_distances :	10.0
max_distances :	59.0
var_distances :	111.08659003831417
covar_distances :	111.2144227080936
ecartType_distances :	10.539762333103825
coef_variation	: 0.3069833689253541
distances_centre_x :
-1.0	-1.0	-1.0	-1.0	-1.0	-1.0	-1.0	-1.0	-1.0	-1.0	-1.0	22.0	-1.0	-1.0	-1.0	-1.0	-1.0	-1.0	-1.0	-1.0	-1.0	-1.0	-1.0	-1.0	-1.0	-1.0	-1.0	-1.0	19.0	-1.0	
17.0	-1.0	-1.0	-1.0	-1.0	-1.0	-1.0	-1.0	-1.0	-1.0	13.0	12.0	13.0	-1.0	-1.0	25.0	-1.0	0.0	0.0	-1.0	-1.0	18.0	-1.0	-1.0	-1.0	10.0	-1.0	12.0	19.0	-1.0	
-1.0	-1.0	-1.0	-1.0	-1.0	-1.0	-1.0	-1.0	-1.0	-1.0	-1.0	-1.0	-1.0	-1.0	-1.0	-1.0	-1.0	-1.0	-1.0	-1.0	-1.0	-1.0	-1.0	-1.0	-1.0	-1.0	-1.0	-1.0	19.0	0.0	
-1.0	21.0	-1.0	13.0	10.0	21.0	-1.0	-1.0	22.0	-1.0	13.0	-1.0	-1.0	23.0	-1.0	-1.0	-1.0	0.0	0.0	-1.0	-1.0	18.0	0.0	-1.0	-1.0	-1.0	-1.0	12.0	19.0	-1.0	
17.0	21.0	-1.0	-1.0	18.0	-1.0	-1.0	16.0	-1.0	-1.0	-1.0	12.0	-1.0	-1.0	-1.0	25.0	-1.0	-1.0	-1.0	-1.0	10.0	-1.0	0.0	-1.0	-1.0	-1.0	-1.0	-1.0	19.0	-1.0	
17.0	-1.0	-1.0	-1.0	10.0	-1.0	17.0	16.0	-1.0	-1.0	13.0	-1.0	-1.0	-1.0	-1.0	25.0	-1.0	0.0	0.0	16.0	10.0	-1.0	-1.0	-1.0	-1.0	-1.0	15.0	12.0	-1.0	0.0	

distances_centre_w :
-1.0	-1.0	-1.0	-1.0	-1.0	-1.0	-1.0	-1.0	-1.0	-1.0	-1.0	-1.0	-1.0	-1.0	-1.0	-1.0	-1.0	-1.0	-1.0	-1.0	-1.0	-1.0	-1.0	-1.0	-1.0	-1.0	-1.0	-1.0	-1.0	-1.0	
-1.0	-1.0	33.0	-1.0	-1.0	-1.0	-1.0	-1.0	-1.0	-1.0	28.0	22.0	-1.0	-1.0	-1.0	-1.0	-1.0	27.0	12.0	24.0	-1.0	22.0	-1.0	-1.0	-1.0	22.0	-1.0	24.0	34.0	-1.0	
-1.0	-1.0	-1.0	-1.0	-1.0	-1.0	-1.0	-1.0	-1.0	-1.0	-1.0	-1.0	-1.0	-1.0	-1.0	-1.0	-1.0	-1.0	-1.0	-1.0	-1.0	-1.0	-1.0	-1.0	-1.0	-1.0	-1.0	-1.0	-1.0	-1.0	
-1.0	-1.0	33.0	-1.0	-1.0	-1.0	-1.0	-1.0	23.0	-1.0	28.0	-1.0	13.0	-1.0	12.0	-1.0	29.0	-1.0	-1.0	-1.0	-1.0	-1.0	-1.0	-1.0	-1.0	-1.0	31.0	20.0	34.0	-1.0	
-1.0	-1.0	33.0	-1.0	-1.0	-1.0	19.0	17.0	-1.0	-1.0	-1.0	-1.0	-1.0	-1.0	25.0	-1.0	29.0	-1.0	15.0	-1.0	-1.0	-1.0	-1.0	-1.0	-1.0	31.0	31.0	-1.0	34.0	-1.0	
25.0	-1.0	-1.0	-1.0	23.0	-1.0	18.0	23.0	-1.0	-1.0	28.0	-1.0	-1.0	-1.0	-1.0	38.0	-1.0	25.0	12.0	22.0	23.0	-1.0	-1.0	-1.0	-1.0	-1.0	25.0	24.0	-1.0	25.0	

maxX :
nan	25.0	nan	23.0	25.0	25.0	

maxW :
nan	34.0	nan	34.0	34.0	38.0	

minX :
nan	0.0	nan	0.0	0.0	0.0	

minW :
nan	12.0	nan	12.0	15.0	12.0	

moyX :
nan	12.636363636363637	nan	13.23076923076923	15.333333333333334	11.615384615384615	

moyW :
nan	24.8	nan	24.77777777777778	26.0	23.923076923076923	

medX :
nan	13.0	nan	13.0	17.0	13.0	

medW :
nan	24.0	nan	28.0	29.0	24.0	

ecartTypeX :
nan	7.189294152642744	nan	8.256967651196135	6.863753427324667	7.33315402326953	

ecartTypeW :
nan	5.96322060635023	nan	7.799968344348553	6.863753427324667	5.567232960837608	

varX :
nan	51.685950413223146	nan	68.1775147928994	47.111111111111114	53.77514792899409	

varW :
nan	35.56	nan	60.839506172839506	47.111111111111114	30.99408284023668	

covarX :
nan	56.85454545454545	nan	73.85897435897434	53.0	58.256410256410255	

covarW :
nan	39.51111111111112	nan	68.44444444444444	53.0	33.57692307692307	

coef_variationX :
nan	0.5689369473314402	nan	0.6240731364276149	0.4476360930863913	0.6313311410761847	

coef_variationW :
nan	0.24045244380444475	nan	0.3147969286956815	0.26399051643556415	0.23271391797713475	

moy_distances_centre :	35.51111111111111
min_distances_centre :	10.0
max_distances_centre :	58.0
med_distances_centre :	35.0
ecartType_distances_centre :	11.891401603627951
var_distances_centre :	141.4054320987654
covar_distances_centre :	142.99425717852685
coef_variation_distances_centre :	0.3348642504150549
capacite_X_temoin : 
23.0	23.0	28.0	26.0	27.0	26.0	28.0	28.0	0.0	22.0	
26.0	24.0	0.0	24.0	26.0	25.0	23.0	26.0	28.0	29.0	
22.0	26.0	24.0	0.0	0.0	0.0	28.0	26.0	0.0	29.0	
28.0	22.0	26.0	25.0	0.0	26.0	29.0	24.0	27.0	28.0	
24.0	29.0	27.0	27.0	0.0	27.0	0.0	26.0	22.0	23.0	
23.0	24.0	26.0	28.0	24.0	26.0	27.0	22.0	28.0	22.0	

capacite_W_temoin : 
28.9	27.9	33.4	32.8	35.1	30.8	35.4	32.4	0.0	26.6	
32.8	30.2	0.0	31.2	33.8	29.5	27.9	32.8	32.4	36.7	
27.6	29.8	29.2	0.0	0.0	0.0	32.4	29.8	0.0	35.7	
34.4	25.6	32.8	31.5	0.0	29.8	34.7	26.2	35.1	35.4	
30.2	35.7	35.1	33.1	0.0	30.1	0.0	29.8	25.6	27.9	
29.9	29.2	33.8	36.4	31.2	31.8	32.1	25.6	34.4	27.6	

demande_cumulee_X : 
1.0	2.0	3.0	1.0	0.0	3.0	1.0	4.0	0.0	2.0	
1.0	1.0	0.0	0.0	0.0	3.0	2.0	1.0	4.0	1.0	
1.0	4.0	2.0	0.0	0.0	0.0	4.0	4.0	0.0	2.0	
2.0	3.0	1.0	1.0	0.0	4.0	3.0	5.0	0.0	1.0	
1.0	2.0	0.0	2.0	0.0	5.0	0.0	4.0	3.0	2.0	
0.0	2.0	0.0	0.0	0.0	2.0	3.0	3.0	2.0	1.0	

demande_cumulee_W : 
5.0	5.0	6.0	0.0	0.0	0.0	0.0	1.0	0.0	0.0	
1.0	2.0	0.0	2.0	0.0	1.0	2.0	4.0	0.0	1.0	
1.0	5.0	3.0	0.0	0.0	0.0	2.0	6.0	0.0	0.0	
1.0	4.0	4.0	2.0	0.0	1.0	2.0	5.0	1.0	0.0	
1.0	5.0	3.0	1.0	0.0	0.0	0.0	6.0	2.0	1.0	
1.0	2.0	3.0	3.0	3.0	0.0	1.0	0.0	0.0	0.0	

capacite_residuelle_X : 
22.0	21.0	25.0	25.0	27.0	23.0	27.0	24.0	0.0	20.0	
25.0	23.0	0.0	24.0	26.0	22.0	21.0	25.0	24.0	28.0	
21.0	22.0	22.0	0.0	0.0	0.0	24.0	22.0	0.0	27.0	
26.0	19.0	25.0	24.0	0.0	22.0	26.0	19.0	27.0	27.0	
23.0	27.0	27.0	25.0	0.0	22.0	0.0	22.0	19.0	21.0	
23.0	22.0	26.0	28.0	24.0	24.0	24.0	19.0	26.0	21.0	

capacite_residuelle_W : 
23.9	22.9	27.4	32.8	35.1	30.8	35.4	31.4	0.0	26.6	
31.799999999999997	28.2	0.0	29.2	33.8	28.5	25.9	28.799999999999997	32.4	35.7	
26.6	24.8	26.2	0.0	0.0	0.0	30.4	23.8	0.0	35.7	
33.4	21.6	28.799999999999997	29.5	0.0	28.8	32.7	21.2	34.1	35.4	
29.2	30.700000000000003	32.1	32.1	0.0	30.1	0.0	23.8	23.6	26.9	
28.9	27.2	30.799999999999997	33.4	28.2	31.8	31.1	25.6	34.4	27.6	

min_capacite_X : 
0.0	0.0	0.0	0.0	0.0	22.0	

min_capacite_W : 
0.0	0.0	0.0	0.0	0.0	25.6	

max_capacite_X : 
28.0	29.0	29.0	29.0	29.0	28.0	

max_capacite_W : 
35.4	36.7	35.7	35.4	35.7	36.4	

moy_capacite_X : 
23.1	23.1	15.5	23.5	20.5	25.0	

moy_capacite_W : 
28.330000000000002	28.73	18.45	28.55	24.750000000000004	31.2	

med_capacite_X : 
26.0	25.5	23.0	26.0	25.0	25.0	

med_capacite_W : 
31.6	31.799999999999997	28.4	32.15	29.950000000000003	31.5	

ecartType_capacite_X : 
7.993122043357026	7.892401408950256	12.784756548327387	8.077747210701755	10.442700800080408	2.1908902300206643	

ecartType_capacite_W : 
9.850182739421639	9.852821930797287	15.201003256364363	10.097153064106735	12.713555757536914	3.085773808949709	

var_capacite_X : 
63.89	62.289999999999985	163.45	65.25	109.05	4.8	

var_capacite_W : 
97.02609999999999	97.07809999999999	231.07049999999998	101.95250000000001	161.63450000000003	9.521999999999995	

covar_capacite_X : 
70.98888888888888	69.2111111111111	181.61111111111111	72.5	121.16666666666666	5.333333333333333	

covar_capacite_W : 
107.80677777777775	107.86455555555554	256.745	113.28055555555557	179.5938888888889	10.579999999999991	

##########	##########	##########	##########	##########	##########	##########	##########	##########	##########	##########	##########	##########	##########	##########	##########	##########	##########	##########	##########	##########	##########	##########	##########	##########	##########	##########	##########	##########	##########	nombre de noeuds : 30
nombre de strates : 6
nombre de centres : 10
titre : fenetre
instances : alea30_10_2
temps de calcul : 0.02413797378540039
valeur objective : 440.0
nombre de solutions : 2
nombre de noeuds : 0.0
faisability : True
moy_distances :	34.33
min_distances :	10.0
max_distances :	59.0
var_distances :	111.08659003831417
covar_distances :	111.2144227080936
ecartType_distances :	10.539762333103825
coef_variation	: 0.3069833689253541
distances_centre_x :
-1.0	-1.0	-1.0	-1.0	-1.0	-1.0	-1.0	-1.0	-1.0	-1.0	-1.0	-1.0	-1.0	-1.0	-1.0	-1.0	-1.0	-1.0	-1.0	-1.0	-1.0	-1.0	-1.0	-1.0	-1.0	-1.0	-1.0	-1.0	-1.0	-1.0	
17.0	-1.0	-1.0	-1.0	-1.0	-1.0	-1.0	-1.0	-1.0	-1.0	13.0	12.0	13.0	-1.0	-1.0	25.0	-1.0	-1.0	-1.0	-1.0	-1.0	-1.0	-1.0	-1.0	-1.0	-1.0	-1.0	-1.0	34.0	-1.0	
-1.0	-1.0	-1.0	-1.0	-1.0	-1.0	-1.0	-1.0	-1.0	-1.0	-1.0	-1.0	-1.0	-1.0	-1.0	-1.0	-1.0	-1.0	-1.0	-1.0	-1.0	-1.0	-1.0	-1.0	-1.0	-1.0	-1.0	-1.0	-1.0	-1.0	
-1.0	21.0	-1.0	13.0	-1.0	21.0	-1.0	-1.0	22.0	-1.0	13.0	-1.0	-1.0	23.0	-1.0	-1.0	-1.0	0.0	0.0	-1.0	-1.0	12.0	0.0	-1.0	-1.0	-1.0	-1.0	12.0	34.0	-1.0	
16.0	21.0	-1.0	-1.0	10.0	-1.0	-1.0	16.0	-1.0	-1.0	-1.0	12.0	-1.0	-1.0	-1.0	25.0	-1.0	-1.0	-1.0	-1.0	0.0	12.0	0.0	-1.0	-1.0	-1.0	-1.0	-1.0	34.0	-1.0	
17.0	-1.0	-1.0	-1.0	-1.0	-1.0	-1.0	16.0	-1.0	-1.0	13.0	-1.0	-1.0	-1.0	-1.0	25.0	-1.0	-1.0	-1.0	-1.0	10.0	-1.0	-1.0	-1.0	-1.0	-1.0	-1.0	-1.0	-1.0	24.0	

distances_centre_w :
-1.0	-1.0	-1.0	-1.0	-1.0	-1.0	-1.0	-1.0	-1.0	-1.0	-1.0	-1.0	-1.0	-1.0	-1.0	-1.0	-1.0	-1.0	-1.0	-1.0	-1.0	-1.0	-1.0	-1.0	-1.0	-1.0	-1.0	-1.0	-1.0	-1.0	
-1.0	-1.0	33.0	-1.0	-1.0	-1.0	-1.0	-1.0	-1.0	-1.0	-1.0	-1.0	-1.0	-1.0	-1.0	-1.0	-1.0	-1.0	-1.0	-1.0	-1.0	-1.0	-1.0	-1.0	-1.0	-1.0	-1.0	-1.0	-1.0	-1.0	
-1.0	-1.0	-1.0	-1.0	-1.0	-1.0	-1.0	-1.0	-1.0	-1.0	-1.0	-1.0	-1.0	-1.0	-1.0	-1.0	-1.0	-1.0	-1.0	-1.0	-1.0	-1.0	-1.0	-1.0	-1.0	-1.0	-1.0	-1.0	-1.0	-1.0	
-1.0	-1.0	23.0	-1.0	35.0	-1.0	-1.0	-1.0	-1.0	-1.0	-1.0	-1.0	-1.0	-1.0	12.0	-1.0	-1.0	-1.0	-1.0	-1.0	-1.0	-1.0	-1.0	-1.0	-1.0	-1.0	31.0	-1.0	40.0	-1.0	
-1.0	-1.0	23.0	-1.0	-1.0	-1.0	-1.0	-1.0	-1.0	-1.0	-1.0	-1.0	-1.0	-1.0	32.0	34.0	-1.0	-1.0	-1.0	-1.0	-1.0	-1.0	-1.0	-1.0	-1.0	-1.0	31.0	-1.0	-1.0	-1.0	
-1.0	-1.0	-1.0	-1.0	-1.0	-1.0	-1.0	-1.0	-1.0	-1.0	-1.0	-1.0	-1.0	-1.0	-1.0	-1.0	-1.0	-1.0	-1.0	-1.0	-1.0	-1.0	-1.0	-1.0	-1.0	-1.0	-1.0	-1.0	-1.0	-1.0	

maxX :
nan	34.0	nan	34.0	34.0	nan	

maxW :
nan	33.0	nan	40.0	34.0	nan	

minX :
nan	12.0	nan	0.0	0.0	nan	

minW :
nan	33.0	nan	12.0	23.0	nan	

moyX :
nan	19.0	nan	14.25	14.6	nan	

moyW :
nan	33.0	nan	28.2	30.0	nan	

medX :
nan	15.0	nan	13.0	14.0	nan	

medW :
nan	33.0	nan	31.0	31.5	nan	

ecartTypeX :
nan	8.020806277010642	nan	10.166325130875299	9.951884243699784	nan	

ecartTypeW :
nan	0.0	nan	9.826494797230598	4.183300132670378	nan	

varX :
nan	64.33333333333333	nan	103.35416666666667	99.04	nan	

varW :
nan	0.0	nan	96.56000000000002	17.5	nan	

covarX :
nan	77.2	nan	112.75	110.04444444444442	nan	

covarW :
nan	nan	nan	120.70000000000002	23.333333333333332	nan	

coef_variationX :
nan	0.42214769879003383	nan	0.7134263249737052	0.6816359071027249	nan	

coef_variationW :
nan	0.0	nan	0.3484572623131418	0.13944333775567927	nan	

moy_distances_centre :	33.51111111111111
min_distances_centre :	10.0
max_distances_centre :	58.0
med_distances_centre :	33.0
ecartType_distances_centre :	12.062102676882432
var_distances_centre :	145.49432098765433
covar_distances_centre :	147.12908863920094
coef_variation_distances_centre :	0.35994338226771183
capacite_X_temoin : 
23.0	23.0	28.0	26.0	27.0	26.0	28.0	28.0	28.0	0.0	
26.0	24.0	0.0	24.0	26.0	25.0	23.0	0.0	26.0	28.0	
22.0	26.0	24.0	0.0	0.0	0.0	28.0	0.0	26.0	0.0	
28.0	22.0	26.0	25.0	0.0	26.0	29.0	24.0	24.0	27.0	
24.0	29.0	27.0	27.0	0.0	27.0	0.0	24.0	26.0	22.0	
23.0	24.0	26.0	28.0	24.0	26.0	27.0	0.0	22.0	28.0	

capacite_W_temoin : 
28.9	27.9	33.4	32.8	35.1	30.8	35.4	33.4	33.4	0.0	
32.8	30.2	0.0	31.2	33.8	29.5	27.9	0.0	31.8	32.4	
27.6	29.8	29.2	0.0	0.0	0.0	32.4	0.0	27.8	0.0	
34.4	25.6	31.8	31.5	0.0	30.8	35.7	30.2	25.2	35.1	
30.2	35.7	35.1	33.1	0.0	31.1	0.0	27.2	29.8	26.6	
29.9	29.2	33.8	36.4	31.2	31.8	32.1	0.0	24.6	34.4	

demande_cumulee_X : 
1.0	2.0	3.0	1.0	0.0	3.0	1.0	3.0	3.0	0.0	
1.0	1.0	0.0	0.0	0.0	3.0	2.0	0.0	2.0	4.0	
1.0	4.0	2.0	0.0	0.0	0.0	4.0	0.0	6.0	0.0	
2.0	3.0	2.0	1.0	0.0	3.0	2.0	1.0	6.0	0.0	
1.0	2.0	0.0	2.0	0.0	4.0	0.0	4.0	4.0	2.0	
0.0	2.0	0.0	0.0	0.0	2.0	3.0	0.0	4.0	2.0	

demande_cumulee_W : 
2.0	5.0	4.0	0.0	3.0	1.0	0.0	2.0	0.0	0.0	
1.0	5.0	0.0	2.0	2.0	1.0	1.0	0.0	1.0	0.0	
3.0	4.0	4.0	0.0	0.0	0.0	2.0	0.0	4.0	0.0	
3.0	6.0	3.0	3.0	0.0	1.0	1.0	1.0	1.0	1.0	
4.0	6.0	1.0	3.0	0.0	1.0	0.0	3.0	1.0	0.0	
1.0	2.0	3.0	3.0	3.0	0.0	1.0	0.0	0.0	0.0	

capacite_residuelle_X : 
22.0	21.0	25.0	25.0	27.0	23.0	27.0	25.0	25.0	0.0	
25.0	23.0	0.0	24.0	26.0	22.0	21.0	0.0	24.0	24.0	
21.0	22.0	22.0	0.0	0.0	0.0	24.0	0.0	20.0	0.0	
26.0	19.0	24.0	24.0	0.0	23.0	27.0	23.0	18.0	27.0	
23.0	27.0	27.0	25.0	0.0	23.0	0.0	20.0	22.0	20.0	
23.0	22.0	26.0	28.0	24.0	24.0	24.0	0.0	18.0	26.0	

capacite_residuelle_W : 
26.9	22.9	29.4	32.8	32.1	29.8	35.4	31.4	33.4	0.0	
31.799999999999997	25.2	0.0	29.2	31.799999999999997	28.5	26.9	0.0	30.8	32.4	
24.6	25.8	25.2	0.0	0.0	0.0	30.4	0.0	23.8	0.0	
31.4	19.6	28.8	28.5	0.0	29.8	34.7	29.2	24.2	34.1	
26.2	29.700000000000003	34.1	30.1	0.0	30.1	0.0	24.2	28.8	26.6	
28.9	27.2	30.799999999999997	33.4	28.2	31.8	31.1	0.0	24.6	34.4	

min_capacite_X : 
0.0	0.0	0.0	0.0	0.0	0.0	

min_capacite_W : 
0.0	0.0	0.0	0.0	0.0	0.0	

max_capacite_X : 
28.0	28.0	28.0	29.0	29.0	28.0	

max_capacite_W : 
35.4	33.8	32.4	35.7	35.7	36.4	

moy_capacite_X : 
23.7	20.2	12.6	23.1	20.6	22.8	

moy_capacite_W : 
29.109999999999996	24.96	14.680000000000001	28.03	24.880000000000003	28.339999999999996	

med_capacite_X : 
26.5	24.5	11.0	25.5	25.0	25.0	

med_capacite_W : 
33.099999999999994	30.7	13.8	31.15	30.0	31.5	

ecartType_capacite_X : 
8.112336284942828	10.186265262597475	12.682271089990152	7.942921376924236	10.47091209016674	7.846018098373212	

ecartType_capacite_W : 
9.980125249715055	12.583338189844538	14.730974170094793	9.937912255599766	12.754042496400897	9.930276934708317	

var_capacite_X : 
65.80999999999999	103.75999999999999	160.84	63.089999999999996	109.64000000000001	61.55999999999999	

var_capacite_W : 
99.6029	158.3404	217.0016	98.76210000000002	162.6656	98.6104	

covar_capacite_X : 
73.12222222222222	115.28888888888888	178.71111111111108	70.09999999999998	121.82222222222222	68.39999999999999	

covar_capacite_W : 
110.66988888888888	175.93377777777775	241.11288888888888	109.73566666666667	180.73955555555557	109.5671111111111	

##########	##########	##########	##########	##########	##########	##########	##########	##########	##########	##########	##########	##########	##########	##########	##########	##########	##########	##########	##########	##########	##########	##########	##########	##########	##########	##########	##########	##########	##########	nombre de noeuds : 30
nombre de strates : 6
nombre de centres : 10
titre : fenetre
instances : alea30_10_2
temps de calcul : 0.024113178253173828
valeur objective : 470.0
nombre de solutions : 4
nombre de noeuds : 1.0
faisability : True
moy_distances :	34.33
min_distances :	10.0
max_distances :	59.0
var_distances :	111.08659003831417
covar_distances :	111.2144227080936
ecartType_distances :	10.539762333103825
coef_variation	: 0.3069833689253541
distances_centre_x :
-1.0	-1.0	-1.0	-1.0	-1.0	-1.0	-1.0	-1.0	-1.0	-1.0	-1.0	-1.0	-1.0	-1.0	-1.0	-1.0	-1.0	-1.0	-1.0	-1.0	-1.0	-1.0	-1.0	-1.0	-1.0	-1.0	-1.0	-1.0	-1.0	-1.0	
17.0	-1.0	-1.0	-1.0	-1.0	-1.0	-1.0	-1.0	-1.0	-1.0	-1.0	12.0	13.0	-1.0	-1.0	25.0	-1.0	-1.0	-1.0	-1.0	-1.0	-1.0	-1.0	-1.0	-1.0	-1.0	-1.0	-1.0	-1.0	-1.0	
-1.0	-1.0	-1.0	-1.0	-1.0	-1.0	-1.0	-1.0	-1.0	-1.0	-1.0	-1.0	-1.0	-1.0	-1.0	-1.0	-1.0	-1.0	-1.0	-1.0	-1.0	-1.0	-1.0	-1.0	-1.0	-1.0	-1.0	-1.0	-1.0	-1.0	
-1.0	-1.0	-1.0	-1.0	35.0	-1.0	-1.0	-1.0	22.0	-1.0	-1.0	-1.0	-1.0	-1.0	-1.0	-1.0	-1.0	0.0	0.0	-1.0	-1.0	12.0	10.0	-1.0	-1.0	-1.0	-1.0	12.0	-1.0	-1.0	
16.0	28.0	-1.0	-1.0	10.0	-1.0	-1.0	17.0	-1.0	-1.0	-1.0	12.0	-1.0	-1.0	-1.0	25.0	-1.0	-1.0	-1.0	-1.0	0.0	12.0	10.0	-1.0	-1.0	-1.0	-1.0	-1.0	-1.0	-1.0	
17.0	-1.0	-1.0	-1.0	-1.0	-1.0	-1.0	17.0	-1.0	-1.0	-1.0	-1.0	-1.0	-1.0	-1.0	25.0	-1.0	-1.0	-1.0	-1.0	-1.0	-1.0	-1.0	-1.0	-1.0	-1.0	-1.0	-1.0	-1.0	-1.0	

distances_centre_w :
-1.0	-1.0	-1.0	-1.0	-1.0	-1.0	-1.0	-1.0	-1.0	-1.0	-1.0	-1.0	-1.0	-1.0	-1.0	-1.0	-1.0	-1.0	-1.0	-1.0	-1.0	-1.0	-1.0	-1.0	-1.0	-1.0	-1.0	-1.0	-1.0	-1.0	
-1.0	-1.0	-1.0	-1.0	-1.0	-1.0	-1.0	-1.0	-1.0	-1.0	-1.0	-1.0	-1.0	-1.0	-1.0	-1.0	-1.0	-1.0	-1.0	-1.0	-1.0	-1.0	-1.0	-1.0	-1.0	-1.0	-1.0	-1.0	-1.0	-1.0	
-1.0	-1.0	-1.0	-1.0	-1.0	-1.0	-1.0	-1.0	-1.0	-1.0	-1.0	-1.0	-1.0	-1.0	-1.0	-1.0	-1.0	-1.0	-1.0	-1.0	-1.0	-1.0	-1.0	-1.0	-1.0	-1.0	-1.0	-1.0	-1.0	-1.0	
-1.0	32.0	23.0	-1.0	-1.0	-1.0	-1.0	-1.0	-1.0	-1.0	-1.0	-1.0	-1.0	-1.0	12.0	-1.0	-1.0	-1.0	-1.0	-1.0	-1.0	-1.0	-1.0	-1.0	-1.0	-1.0	-1.0	-1.0	40.0	-1.0	
-1.0	-1.0	-1.0	-1.0	-1.0	-1.0	-1.0	-1.0	-1.0	-1.0	-1.0	-1.0	-1.0	-1.0	-1.0	-1.0	-1.0	-1.0	-1.0	-1.0	-1.0	-1.0	-1.0	-1.0	-1.0	-1.0	-1.0	-1.0	40.0	-1.0	
-1.0	-1.0	-1.0	-1.0	-1.0	-1.0	-1.0	-1.0	-1.0	-1.0	31.0	-1.0	-1.0	-1.0	-1.0	-1.0	-1.0	-1.0	-1.0	-1.0	-1.0	-1.0	-1.0	-1.0	-1.0	-1.0	-1.0	-1.0	-1.0	-1.0	

maxX :
nan	nan	nan	35.0	28.0	25.0	

maxW :
nan	nan	nan	40.0	40.0	31.0	

minX :
nan	nan	nan	0.0	0.0	17.0	

minW :
nan	nan	nan	12.0	40.0	31.0	

moyX :
nan	nan	nan	13.0	14.444444444444445	19.666666666666668	

moyW :
nan	nan	nan	26.75	40.0	31.0	

medX :
nan	nan	nan	12.0	12.0	17.0	

medW :
nan	nan	nan	27.5	40.0	31.0	

ecartTypeX :
nan	nan	nan	11.426785574754984	7.917787445031053	3.7712361663282534	

ecartTypeW :
nan	nan	nan	10.425329730996522	0.0	0.0	

varX :
nan	nan	nan	130.57142857142858	62.69135802469137	14.222222222222223	

varW :
nan	nan	nan	108.6875	0.0	0.0	

covarX :
nan	nan	nan	152.33333333333331	70.52777777777777	21.333333333333336	

covarW :
nan	nan	nan	144.91666666666666	nan	nan	

coef_variationX :
nan	nan	nan	0.8789835057503834	0.5481545154252268	0.1917577711692332	

coef_variationW :
nan	nan	nan	0.38973195256061766	0.0	0.0	

moy_distances_centre :	34.84444444444444
min_distances_centre :	10.0
max_distances_centre :	58.0
med_distances_centre :	35.0
ecartType_distances_centre :	11.465805307871955
var_distances_centre :	131.46469135802468
covar_distances_centre :	132.94182272159802
coef_variation_distances_centre :	0.3290569125345906
capacite_X_temoin : 
23.0	26.0	23.0	28.0	26.0	27.0	26.0	28.0	28.0	0.0	
26.0	22.0	24.0	0.0	24.0	26.0	25.0	23.0	0.0	28.0	
22.0	0.0	26.0	24.0	0.0	0.0	0.0	28.0	0.0	0.0	
28.0	24.0	22.0	26.0	25.0	0.0	26.0	29.0	24.0	27.0	
24.0	0.0	29.0	27.0	27.0	0.0	27.0	0.0	24.0	22.0	
23.0	0.0	24.0	26.0	28.0	24.0	26.0	27.0	0.0	28.0	

capacite_W_temoin : 
28.9	31.8	27.9	33.4	32.8	35.1	30.8	35.4	32.4	0.0	
32.8	26.6	30.2	0.0	31.2	33.8	29.5	27.9	0.0	32.4	
27.6	0.0	28.8	29.2	0.0	0.0	0.0	27.4	0.0	0.0	
34.4	27.2	24.6	31.8	31.5	0.0	31.8	35.7	29.2	34.1	
30.2	0.0	35.7	35.1	33.1	0.0	30.1	0.0	25.2	25.6	
29.9	0.0	29.2	33.8	35.4	31.2	31.8	30.1	0.0	33.4	

demande_cumulee_X : 
1.0	2.0	2.0	3.0	1.0	0.0	3.0	1.0	4.0	0.0	
1.0	2.0	1.0	0.0	0.0	0.0	3.0	2.0	0.0	4.0	
1.0	0.0	5.0	2.0	0.0	0.0	0.0	9.0	0.0	0.0	
2.0	4.0	4.0	2.0	1.0	0.0	2.0	2.0	2.0	1.0	
1.0	0.0	2.0	0.0	2.0	0.0	5.0	0.0	6.0	3.0	
0.0	0.0	2.0	0.0	1.0	0.0	2.0	5.0	0.0	3.0	

demande_cumulee_W : 
2.0	7.0	1.0	3.0	0.0	2.0	0.0	0.0	2.0	0.0	
2.0	6.0	1.0	0.0	2.0	1.0	1.0	0.0	0.0	0.0	
9.0	0.0	2.0	4.0	0.0	0.0	0.0	2.0	0.0	0.0	
4.0	6.0	2.0	3.0	1.0	0.0	0.0	1.0	2.0	1.0	
8.0	0.0	6.0	4.0	0.0	0.0	0.0	0.0	1.0	0.0	
1.0	0.0	4.0	3.0	1.0	2.0	0.0	1.0	0.0	1.0	

capacite_residuelle_X : 
22.0	24.0	21.0	25.0	25.0	27.0	23.0	27.0	24.0	0.0	
25.0	20.0	23.0	0.0	24.0	26.0	22.0	21.0	0.0	24.0	
21.0	0.0	21.0	22.0	0.0	0.0	0.0	19.0	0.0	0.0	
26.0	20.0	18.0	24.0	24.0	0.0	24.0	27.0	22.0	26.0	
23.0	0.0	27.0	27.0	25.0	0.0	22.0	0.0	18.0	19.0	
23.0	0.0	22.0	26.0	27.0	24.0	24.0	22.0	0.0	25.0	

capacite_residuelle_W : 
26.9	24.8	26.9	30.4	32.8	33.1	30.8	35.4	30.4	0.0	
30.799999999999997	20.6	29.2	0.0	29.2	32.8	28.5	27.9	0.0	32.4	
18.6	0.0	26.8	25.2	0.0	0.0	0.0	25.4	0.0	0.0	
30.4	21.2	22.6	28.8	30.5	0.0	31.8	34.7	27.2	33.1	
22.2	0.0	29.700000000000003	31.1	33.1	0.0	30.1	0.0	24.2	25.6	
28.9	0.0	25.2	30.799999999999997	34.4	29.2	31.8	29.1	0.0	32.4	

min_capacite_X : 
0.0	0.0	0.0	0.0	0.0	0.0	

min_capacite_W : 
0.0	0.0	0.0	0.0	0.0	0.0	

max_capacite_X : 
28.0	28.0	28.0	29.0	29.0	28.0	

max_capacite_W : 
35.4	33.8	29.2	35.7	35.7	35.4	

moy_capacite_X : 
23.5	19.8	10.0	23.1	18.0	20.6	

moy_capacite_W : 
28.85	24.44	11.3	28.03	21.5	25.48	

med_capacite_X : 
26.0	24.0	0.0	25.5	24.0	25.0	

med_capacite_W : 
32.1	29.85	0.0	31.65	27.85	30.65	

ecartType_capacite_X : 
8.028075734570521	10.02796090937734	12.328828005937952	7.942921376924236	11.933147112141038	10.423051376636307	

ecartType_capacite_W : 
9.882332720567549	12.395983220382318	13.848104563441165	9.880389668429075	14.450121106758932	12.869327876777403	

var_capacite_X : 
64.45	100.55999999999999	152.0	63.089999999999996	142.4	108.64000000000001	

var_capacite_W : 
97.6605	153.66039999999998	191.77	97.6221	208.80599999999998	165.6196	

covar_capacite_X : 
71.6111111111111	111.73333333333332	168.88888888888889	70.09999999999998	158.2222222222222	120.71111111111111	

covar_capacite_W : 
108.51166666666666	170.73377777777776	213.07777777777778	108.469	232.0066666666667	184.02177777777777	

##########	##########	##########	##########	##########	##########	##########	##########	##########	##########	##########	##########	##########	##########	##########	##########	##########	##########	##########	##########	##########	##########	##########	##########	##########	##########	##########	##########	##########	##########	nombre de noeuds : 30
nombre de strates : 6
nombre de centres : 10
titre : fenetre
instances : alea30_10_2
temps de calcul : 0.024876832962036133
valeur objective : 458.0
nombre de solutions : 3
nombre de noeuds : 1.0
faisability : True
moy_distances :	34.33
min_distances :	10.0
max_distances :	59.0
var_distances :	111.08659003831417
covar_distances :	111.2144227080936
ecartType_distances :	10.539762333103825
coef_variation	: 0.3069833689253541
distances_centre_x :
-1.0	-1.0	-1.0	-1.0	-1.0	-1.0	-1.0	-1.0	-1.0	-1.0	-1.0	-1.0	-1.0	-1.0	-1.0	-1.0	-1.0	-1.0	-1.0	-1.0	-1.0	-1.0	-1.0	-1.0	-1.0	-1.0	-1.0	-1.0	-1.0	-1.0	
17.0	-1.0	-1.0	-1.0	-1.0	-1.0	-1.0	-1.0	-1.0	-1.0	-1.0	-1.0	13.0	-1.0	-1.0	25.0	-1.0	-1.0	-1.0	-1.0	-1.0	-1.0	-1.0	-1.0	-1.0	-1.0	-1.0	-1.0	-1.0	-1.0	
-1.0	-1.0	-1.0	-1.0	-1.0	-1.0	-1.0	-1.0	-1.0	-1.0	-1.0	-1.0	-1.0	-1.0	-1.0	-1.0	-1.0	-1.0	-1.0	-1.0	-1.0	-1.0	-1.0	-1.0	-1.0	-1.0	-1.0	-1.0	-1.0	-1.0	
-1.0	28.0	-1.0	-1.0	35.0	-1.0	-1.0	-1.0	22.0	-1.0	-1.0	-1.0	-1.0	-1.0	-1.0	-1.0	-1.0	0.0	0.0	-1.0	-1.0	12.0	10.0	-1.0	-1.0	-1.0	-1.0	12.0	-1.0	-1.0	
16.0	28.0	-1.0	-1.0	10.0	-1.0	-1.0	17.0	-1.0	-1.0	-1.0	12.0	-1.0	-1.0	-1.0	25.0	-1.0	-1.0	-1.0	-1.0	0.0	12.0	10.0	-1.0	-1.0	-1.0	-1.0	-1.0	-1.0	-1.0	
17.0	-1.0	-1.0	-1.0	-1.0	-1.0	-1.0	17.0	-1.0	-1.0	-1.0	-1.0	-1.0	-1.0	-1.0	25.0	-1.0	-1.0	-1.0	-1.0	-1.0	-1.0	-1.0	-1.0	-1.0	-1.0	-1.0	-1.0	-1.0	-1.0	

distances_centre_w :
-1.0	-1.0	-1.0	-1.0	-1.0	-1.0	-1.0	-1.0	-1.0	-1.0	-1.0	-1.0	-1.0	-1.0	-1.0	-1.0	-1.0	-1.0	-1.0	-1.0	-1.0	-1.0	-1.0	-1.0	-1.0	-1.0	-1.0	-1.0	-1.0	-1.0	
-1.0	-1.0	-1.0	-1.0	-1.0	-1.0	-1.0	-1.0	-1.0	-1.0	-1.0	-1.0	-1.0	-1.0	-1.0	-1.0	-1.0	-1.0	-1.0	-1.0	-1.0	-1.0	-1.0	-1.0	-1.0	-1.0	-1.0	-1.0	-1.0	-1.0	
-1.0	-1.0	-1.0	-1.0	-1.0	-1.0	-1.0	-1.0	-1.0	-1.0	-1.0	-1.0	-1.0	-1.0	-1.0	-1.0	-1.0	-1.0	-1.0	-1.0	-1.0	-1.0	-1.0	-1.0	-1.0	-1.0	-1.0	-1.0	-1.0	-1.0	
-1.0	-1.0	-1.0	-1.0	-1.0	-1.0	-1.0	-1.0	-1.0	-1.0	-1.0	-1.0	-1.0	-1.0	12.0	-1.0	-1.0	-1.0	-1.0	-1.0	-1.0	-1.0	-1.0	-1.0	-1.0	-1.0	-1.0	-1.0	40.0	-1.0	
-1.0	-1.0	-1.0	-1.0	-1.0	-1.0	-1.0	-1.0	-1.0	-1.0	-1.0	-1.0	-1.0	-1.0	32.0	-1.0	-1.0	-1.0	-1.0	-1.0	-1.0	-1.0	-1.0	-1.0	-1.0	-1.0	-1.0	-1.0	40.0	-1.0	
-1.0	-1.0	-1.0	-1.0	-1.0	-1.0	-1.0	-1.0	-1.0	-1.0	31.0	-1.0	-1.0	-1.0	-1.0	-1.0	-1.0	-1.0	-1.0	-1.0	-1.0	-1.0	-1.0	-1.0	-1.0	-1.0	-1.0	-1.0	-1.0	-1.0	

maxX :
nan	nan	nan	35.0	28.0	25.0	

maxW :
nan	nan	nan	40.0	40.0	31.0	

minX :
nan	nan	nan	0.0	0.0	17.0	

minW :
nan	nan	nan	12.0	32.0	31.0	

moyX :
nan	nan	nan	14.875	14.444444444444445	19.666666666666668	

moyW :
nan	nan	nan	26.0	36.0	31.0	

medX :
nan	nan	nan	12.0	12.0	17.0	

medW :
nan	nan	nan	26.0	36.0	31.0	

ecartTypeX :
nan	nan	nan	11.783860784988933	7.917787445031053	3.7712361663282534	

ecartTypeW :
nan	nan	nan	14.0	4.0	0.0	

varX :
nan	nan	nan	138.859375	62.69135802469137	14.222222222222223	

varW :
nan	nan	nan	196.0	16.0	0.0	

covarX :
nan	nan	nan	158.69642857142856	70.52777777777777	21.333333333333336	

covarW :
nan	nan	nan	392.0	32.0	nan	

coef_variationX :
nan	nan	nan	0.7921923216799283	0.5481545154252268	0.1917577711692332	

coef_variationW :
nan	nan	nan	0.5384615384615384	0.1111111111111111	0.0	

moy_distances_centre :	35.37777777777778
min_distances_centre :	12.0
max_distances_centre :	58.0
med_distances_centre :	35.0
ecartType_distances_centre :	11.67768791592447
var_distances_centre :	136.3683950617284
covar_distances_centre :	137.9006242197253
coef_variation_distances_centre :	0.3300853996335434
capacite_X_temoin : 
23.0	26.0	0.0	28.0	26.0	27.0	26.0	28.0	28.0	0.0	
26.0	22.0	24.0	0.0	24.0	26.0	25.0	23.0	0.0	28.0	
22.0	0.0	23.0	24.0	0.0	0.0	0.0	28.0	0.0	0.0	
28.0	24.0	0.0	26.0	25.0	0.0	26.0	29.0	24.0	27.0	
24.0	0.0	0.0	27.0	27.0	0.0	27.0	0.0	24.0	22.0	
23.0	0.0	25.0	26.0	28.0	24.0	26.0	27.0	0.0	28.0	

capacite_W_temoin : 
28.9	31.8	0.0	33.4	32.8	33.1	30.8	35.4	32.4	0.0	
32.8	26.6	30.2	0.0	31.2	33.8	28.5	27.9	0.0	33.4	
27.6	0.0	25.9	26.2	0.0	0.0	0.0	29.4	0.0	0.0	
33.4	27.2	0.0	29.8	31.5	0.0	31.8	35.7	28.2	34.1	
30.2	0.0	0.0	34.1	32.1	0.0	30.1	0.0	25.2	25.6	
29.9	0.0	30.5	32.8	36.4	30.2	32.8	30.1	0.0	33.4	

demande_cumulee_X : 
1.0	2.0	0.0	3.0	1.0	2.0	3.0	1.0	4.0	0.0	
1.0	2.0	1.0	0.0	0.0	0.0	4.0	2.0	0.0	3.0	
1.0	0.0	4.0	5.0	0.0	0.0	0.0	7.0	0.0	0.0	
3.0	4.0	0.0	4.0	1.0	0.0	2.0	2.0	3.0	1.0	
1.0	0.0	0.0	1.0	3.0	0.0	5.0	0.0	6.0	3.0	
0.0	0.0	2.0	1.0	0.0	1.0	1.0	5.0	0.0	3.0	

demande_cumulee_W : 
3.0	7.0	0.0	3.0	0.0	2.0	1.0	0.0	1.0	0.0	
1.0	6.0	3.0	0.0	1.0	1.0	1.0	0.0	0.0	0.0	
6.0	0.0	2.0	3.0	0.0	0.0	0.0	6.0	0.0	0.0	
5.0	7.0	0.0	5.0	1.0	0.0	0.0	1.0	1.0	0.0	
8.0	0.0	0.0	7.0	1.0	0.0	1.0	0.0	2.0	0.0	
1.0	0.0	3.0	2.0	4.0	2.0	0.0	0.0	0.0	1.0	

capacite_residuelle_X : 
22.0	24.0	0.0	25.0	25.0	25.0	23.0	27.0	24.0	0.0	
25.0	20.0	23.0	0.0	24.0	26.0	21.0	21.0	0.0	25.0	
21.0	0.0	19.0	19.0	0.0	0.0	0.0	21.0	0.0	0.0	
25.0	20.0	0.0	22.0	24.0	0.0	24.0	27.0	21.0	26.0	
23.0	0.0	0.0	26.0	24.0	0.0	22.0	0.0	18.0	19.0	
23.0	0.0	23.0	25.0	28.0	23.0	25.0	22.0	0.0	25.0	

capacite_residuelle_W : 
25.9	24.8	0.0	30.4	32.8	31.1	29.8	35.4	31.4	0.0	
31.799999999999997	20.6	27.2	0.0	30.2	32.8	27.5	27.9	0.0	33.4	
21.6	0.0	23.9	23.2	0.0	0.0	0.0	23.4	0.0	0.0	
28.4	20.2	0.0	24.8	30.5	0.0	31.8	34.7	27.2	34.1	
22.2	0.0	0.0	27.1	31.1	0.0	29.1	0.0	23.2	25.6	
28.9	0.0	27.5	30.799999999999997	32.4	28.2	32.8	30.1	0.0	32.4	

min_capacite_X : 
0.0	0.0	0.0	0.0	0.0	0.0	

min_capacite_W : 
0.0	0.0	0.0	0.0	0.0	0.0	

max_capacite_X : 
28.0	28.0	28.0	29.0	27.0	28.0	

max_capacite_W : 
35.4	33.8	29.4	35.7	34.1	36.4	

moy_capacite_X : 
21.2	19.8	9.7	20.9	15.1	20.7	

moy_capacite_W : 
25.860000000000003	24.44	10.91	25.169999999999995	17.729999999999997	25.609999999999996	

med_capacite_X : 
26.0	24.0	0.0	25.5	23.0	25.5	

med_capacite_W : 
32.1	29.35	0.0	30.65	25.4	30.35	

ecartType_capacite_X : 
10.693923508235882	10.02796090937734	11.967038062946068	10.55888251663025	12.421352583354198	10.459923517884823	

ecartType_capacite_W : 
13.029290080430322	12.427405199799352	13.390627319136321	12.822562146466673	14.690612648899297	12.945226919602451	

var_capacite_X : 
114.36000000000001	100.55999999999999	143.20999999999998	111.48999999999998	154.29	109.41	

var_capacite_W : 
169.76239999999999	154.44039999999998	179.3089	164.4181	215.8141	167.57889999999998	

covar_capacite_X : 
127.06666666666665	111.73333333333332	159.1222222222222	123.87777777777778	171.43333333333334	121.56666666666665	

covar_capacite_W : 
188.62488888888888	171.6004444444444	199.2321111111111	182.68677777777776	239.79344444444445	186.19877777777774	

##########	##########	##########	##########	##########	##########	##########	##########	##########	##########	##########	##########	##########	##########	##########	##########	##########	##########	##########	##########	##########	##########	##########	##########	##########	##########	##########	##########	##########	##########	nombre de noeuds : 30
nombre de strates : 6
nombre de centres : 10
titre : fenetre
instances : alea30_10_2
temps de calcul : 0.0222780704498291
valeur objective : 459.0
nombre de solutions : 4
nombre de noeuds : 1.0
faisability : True
moy_distances :	34.33
min_distances :	10.0
max_distances :	59.0
var_distances :	111.08659003831417
covar_distances :	111.2144227080936
ecartType_distances :	10.539762333103825
coef_variation	: 0.3069833689253541
distances_centre_x :
-1.0	-1.0	-1.0	-1.0	-1.0	-1.0	-1.0	-1.0	-1.0	-1.0	-1.0	-1.0	-1.0	-1.0	-1.0	-1.0	-1.0	-1.0	-1.0	-1.0	-1.0	-1.0	-1.0	-1.0	-1.0	-1.0	-1.0	-1.0	-1.0	-1.0	
17.0	-1.0	-1.0	-1.0	-1.0	-1.0	-1.0	-1.0	-1.0	-1.0	-1.0	-1.0	13.0	-1.0	-1.0	25.0	-1.0	-1.0	-1.0	-1.0	-1.0	-1.0	-1.0	-1.0	-1.0	-1.0	-1.0	-1.0	-1.0	-1.0	
-1.0	-1.0	-1.0	-1.0	-1.0	-1.0	-1.0	-1.0	-1.0	-1.0	-1.0	-1.0	-1.0	-1.0	-1.0	-1.0	-1.0	-1.0	-1.0	-1.0	-1.0	-1.0	-1.0	-1.0	-1.0	-1.0	-1.0	-1.0	-1.0	-1.0	
-1.0	28.0	-1.0	-1.0	10.0	-1.0	-1.0	-1.0	-1.0	-1.0	-1.0	-1.0	-1.0	-1.0	-1.0	-1.0	-1.0	-1.0	-1.0	-1.0	-1.0	12.0	10.0	-1.0	-1.0	-1.0	-1.0	-1.0	-1.0	-1.0	
16.0	28.0	-1.0	-1.0	10.0	-1.0	17.0	17.0	-1.0	-1.0	-1.0	12.0	-1.0	12.0	-1.0	25.0	26.0	-1.0	-1.0	-1.0	0.0	12.0	10.0	-1.0	-1.0	10.0	24.0	20.0	40.0	-1.0	
17.0	-1.0	-1.0	-1.0	-1.0	-1.0	-1.0	17.0	-1.0	-1.0	31.0	-1.0	-1.0	-1.0	-1.0	25.0	-1.0	-1.0	-1.0	-1.0	-1.0	-1.0	-1.0	-1.0	-1.0	-1.0	-1.0	-1.0	-1.0	-1.0	

distances_centre_w :
-1.0	-1.0	-1.0	-1.0	-1.0	-1.0	-1.0	-1.0	-1.0	-1.0	-1.0	-1.0	-1.0	-1.0	-1.0	-1.0	-1.0	-1.0	-1.0	-1.0	-1.0	-1.0	-1.0	-1.0	-1.0	-1.0	-1.0	-1.0	-1.0	-1.0	
-1.0	-1.0	-1.0	-1.0	-1.0	-1.0	-1.0	-1.0	-1.0	-1.0	-1.0	-1.0	-1.0	-1.0	-1.0	-1.0	-1.0	-1.0	-1.0	-1.0	-1.0	-1.0	-1.0	-1.0	-1.0	-1.0	-1.0	-1.0	-1.0	-1.0	
-1.0	-1.0	-1.0	-1.0	-1.0	-1.0	-1.0	-1.0	-1.0	-1.0	-1.0	-1.0	-1.0	-1.0	-1.0	-1.0	-1.0	-1.0	-1.0	-1.0	-1.0	-1.0	-1.0	-1.0	-1.0	-1.0	-1.0	-1.0	-1.0	-1.0	
-1.0	-1.0	-1.0	-1.0	-1.0	-1.0	-1.0	-1.0	-1.0	-1.0	-1.0	-1.0	-1.0	-1.0	32.0	-1.0	-1.0	-1.0	-1.0	-1.0	-1.0	-1.0	-1.0	-1.0	-1.0	-1.0	-1.0	-1.0	40.0	-1.0	
-1.0	-1.0	-1.0	-1.0	-1.0	-1.0	-1.0	-1.0	-1.0	-1.0	-1.0	-1.0	-1.0	-1.0	37.0	-1.0	-1.0	-1.0	32.0	-1.0	-1.0	-1.0	-1.0	-1.0	-1.0	-1.0	-1.0	-1.0	40.0	-1.0	
-1.0	-1.0	-1.0	-1.0	-1.0	-1.0	-1.0	-1.0	-1.0	-1.0	-1.0	-1.0	-1.0	-1.0	-1.0	-1.0	-1.0	-1.0	-1.0	-1.0	-1.0	-1.0	-1.0	-1.0	-1.0	-1.0	-1.0	-1.0	-1.0	-1.0	

maxX :
nan	nan	nan	28.0	40.0	nan	

maxW :
nan	nan	nan	40.0	40.0	nan	

minX :
nan	nan	nan	10.0	0.0	nan	

minW :
nan	nan	nan	32.0	32.0	nan	

moyX :
nan	nan	nan	15.0	17.4375	nan	

moyW :
nan	nan	nan	36.0	36.333333333333336	nan	

medX :
nan	nan	nan	11.0	16.5	nan	

medW :
nan	nan	nan	36.0	37.0	nan	

ecartTypeX :
nan	nan	nan	7.54983443527075	9.226109350641797	nan	

ecartTypeW :
nan	nan	nan	4.0	3.299831645537222	nan	

varX :
nan	nan	nan	57.0	85.12109375	nan	

varW :
nan	nan	nan	16.0	10.888888888888891	nan	

covarX :
nan	nan	nan	76.0	90.79583333333333	nan	

covarW :
nan	nan	nan	32.0	16.333333333333336	nan	

coef_variationX :
nan	nan	nan	0.5033222956847166	0.5290958767393146	nan	

coef_variationW :
nan	nan	nan	0.1111111111111111	0.09082105446432721	nan	

moy_distances_centre :	34.577777777777776
min_distances_centre :	12.0
max_distances_centre :	58.0
med_distances_centre :	33.0
ecartType_distances_centre :	11.154448816282304
var_distances_centre :	124.42172839506169
covar_distances_centre :	125.81972534332083
coef_variation_distances_centre :	0.3225901007279587
capacite_X_temoin : 
23.0	26.0	0.0	28.0	26.0	27.0	26.0	0.0	28.0	0.0	
26.0	22.0	24.0	0.0	24.0	26.0	25.0	24.0	0.0	28.0	
22.0	0.0	23.0	24.0	0.0	0.0	0.0	24.0	0.0	0.0	
28.0	24.0	0.0	26.0	25.0	0.0	26.0	0.0	24.0	27.0	
24.0	0.0	0.0	27.0	27.0	0.0	27.0	24.0	24.0	22.0	
23.0	0.0	25.0	26.0	28.0	24.0	26.0	0.0	0.0	28.0	

capacite_W_temoin : 
28.9	31.8	0.0	33.4	31.8	33.1	30.8	0.0	32.4	0.0	
32.8	26.6	30.2	0.0	30.2	33.8	28.5	30.2	0.0	33.4	
26.6	0.0	26.9	28.2	0.0	0.0	0.0	22.2	0.0	0.0	
33.4	27.2	0.0	29.8	30.5	0.0	30.8	0.0	27.2	35.1	
30.2	0.0	0.0	35.1	33.1	0.0	32.1	28.2	24.2	25.6	
28.9	0.0	30.5	32.8	34.4	30.2	31.8	0.0	0.0	32.4	

demande_cumulee_X : 
1.0	2.0	0.0	3.0	2.0	2.0	3.0	0.0	4.0	0.0	
1.0	2.0	1.0	0.0	1.0	0.0	4.0	1.0	0.0	3.0	
2.0	0.0	3.0	3.0	0.0	0.0	0.0	9.0	0.0	0.0	
3.0	4.0	0.0	4.0	2.0	0.0	3.0	0.0	4.0	0.0	
1.0	0.0	0.0	0.0	2.0	0.0	3.0	3.0	7.0	3.0	
1.0	0.0	2.0	1.0	2.0	1.0	2.0	0.0	0.0	4.0	

demande_cumulee_W : 
3.0	7.0	0.0	3.0	0.0	2.0	1.0	0.0	1.0	0.0	
1.0	5.0	3.0	0.0	1.0	1.0	1.0	1.0	0.0	0.0	
6.0	0.0	2.0	4.0	0.0	0.0	0.0	5.0	0.0	0.0	
6.0	6.0	0.0	5.0	1.0	0.0	0.0	0.0	2.0	0.0	
8.0	0.0	0.0	7.0	1.0	0.0	2.0	1.0	0.0	0.0	
1.0	0.0	5.0	0.0	2.0	3.0	2.0	0.0	0.0	0.0	

capacite_residuelle_X : 
22.0	24.0	0.0	25.0	24.0	25.0	23.0	0.0	24.0	0.0	
25.0	20.0	23.0	0.0	23.0	26.0	21.0	23.0	0.0	25.0	
20.0	0.0	20.0	21.0	0.0	0.0	0.0	15.0	0.0	0.0	
25.0	20.0	0.0	22.0	23.0	0.0	23.0	0.0	20.0	27.0	
23.0	0.0	0.0	27.0	25.0	0.0	24.0	21.0	17.0	19.0	
22.0	0.0	23.0	25.0	26.0	23.0	24.0	0.0	0.0	24.0	

capacite_residuelle_W : 
25.9	24.8	0.0	30.4	31.8	31.1	29.8	0.0	31.4	0.0	
31.799999999999997	21.6	27.2	0.0	29.2	32.8	27.5	29.2	0.0	33.4	
20.6	0.0	24.9	24.2	0.0	0.0	0.0	17.2	0.0	0.0	
27.4	21.2	0.0	24.8	29.5	0.0	30.8	0.0	25.2	35.1	
22.2	0.0	0.0	28.1	32.1	0.0	30.1	27.2	24.2	25.6	
27.9	0.0	25.5	32.8	32.4	27.2	29.8	0.0	0.0	32.4	

min_capacite_X : 
0.0	0.0	0.0	0.0	0.0	0.0	

min_capacite_W : 
0.0	0.0	0.0	0.0	0.0	0.0	

max_capacite_X : 
28.0	28.0	24.0	28.0	27.0	28.0	

max_capacite_W : 
33.4	33.8	28.2	35.1	35.1	34.4	

moy_capacite_X : 
18.4	19.9	9.3	18.0	17.5	18.0	

moy_capacite_W : 
22.220000000000002	24.57	10.389999999999999	21.4	20.849999999999998	22.099999999999998	

med_capacite_X : 
26.0	24.0	0.0	24.5	24.0	24.5	

med_capacite_W : 
31.3	30.2	0.0	28.5	26.9	30.35	

ecartType_capacite_X : 
12.117755567760886	10.06429331846007	11.402192771568107	11.840608092492547	11.560709320798617	11.874342087037917	

ecartType_capacite_W : 
14.59443729644963	12.461625094665623	12.805190353915087	14.193590102577994	13.996731761379156	14.538225476308998	

var_capacite_X : 
146.83999999999997	101.28999999999999	130.01	140.2	133.65	141.0	

var_capacite_W : 
212.9976	155.2921	163.97289999999998	201.45800000000003	195.90850000000003	211.35999999999999	

covar_capacite_X : 
163.15555555555554	112.54444444444444	144.45555555555555	155.77777777777777	148.5	156.66666666666666	

covar_capacite_W : 
236.664	172.54677777777775	182.1921111111111	223.84222222222223	217.67611111111108	234.84444444444443	

##########	##########	##########	##########	##########	##########	##########	##########	##########	##########	##########	##########	##########	##########	##########	##########	##########	##########	##########	##########	##########	##########	##########	##########	##########	##########	##########	##########	##########	##########	nombre de noeuds : 30
nombre de strates : 6
nombre de centres : 10
titre : fenetre
instances : alea30_10_2
temps de calcul : 0.018471956253051758
valeur objective : 466.0
nombre de solutions : 3
nombre de noeuds : 1.0
faisability : True
moy_distances :	34.33
min_distances :	10.0
max_distances :	59.0
var_distances :	111.08659003831417
covar_distances :	111.2144227080936
ecartType_distances :	10.539762333103825
coef_variation	: 0.3069833689253541
distances_centre_x :
-1.0	-1.0	-1.0	-1.0	-1.0	-1.0	-1.0	-1.0	-1.0	-1.0	-1.0	-1.0	-1.0	-1.0	-1.0	-1.0	-1.0	-1.0	-1.0	-1.0	-1.0	-1.0	-1.0	-1.0	-1.0	-1.0	-1.0	-1.0	-1.0	-1.0	
17.0	-1.0	-1.0	-1.0	-1.0	-1.0	-1.0	-1.0	-1.0	-1.0	-1.0	-1.0	13.0	-1.0	-1.0	25.0	-1.0	-1.0	-1.0	-1.0	-1.0	-1.0	-1.0	-1.0	-1.0	-1.0	-1.0	-1.0	-1.0	-1.0	
-1.0	-1.0	-1.0	-1.0	-1.0	-1.0	-1.0	-1.0	-1.0	-1.0	-1.0	-1.0	-1.0	-1.0	-1.0	-1.0	-1.0	-1.0	-1.0	-1.0	-1.0	-1.0	-1.0	-1.0	-1.0	-1.0	-1.0	-1.0	-1.0	-1.0	
-1.0	28.0	23.0	-1.0	10.0	31.0	-1.0	-1.0	-1.0	-1.0	-1.0	-1.0	-1.0	-1.0	-1.0	-1.0	-1.0	-1.0	-1.0	-1.0	-1.0	12.0	10.0	-1.0	-1.0	-1.0	-1.0	-1.0	-1.0	-1.0	
16.0	28.0	23.0	-1.0	10.0	-1.0	17.0	17.0	-1.0	-1.0	-1.0	12.0	-1.0	12.0	-1.0	25.0	26.0	-1.0	-1.0	-1.0	0.0	12.0	10.0	-1.0	-1.0	10.0	24.0	20.0	40.0	-1.0	
17.0	-1.0	-1.0	-1.0	-1.0	-1.0	-1.0	17.0	-1.0	-1.0	31.0	-1.0	-1.0	-1.0	-1.0	25.0	-1.0	-1.0	-1.0	-1.0	-1.0	-1.0	-1.0	-1.0	-1.0	-1.0	-1.0	-1.0	-1.0	-1.0	

distances_centre_w :
-1.0	-1.0	-1.0	-1.0	-1.0	-1.0	-1.0	-1.0	-1.0	-1.0	-1.0	-1.0	-1.0	-1.0	-1.0	-1.0	-1.0	-1.0	-1.0	-1.0	-1.0	-1.0	-1.0	-1.0	-1.0	-1.0	-1.0	-1.0	-1.0	-1.0	
-1.0	-1.0	-1.0	-1.0	-1.0	-1.0	-1.0	-1.0	-1.0	-1.0	-1.0	-1.0	-1.0	-1.0	-1.0	-1.0	-1.0	-1.0	-1.0	-1.0	-1.0	-1.0	-1.0	-1.0	-1.0	-1.0	-1.0	-1.0	-1.0	-1.0	
-1.0	-1.0	-1.0	-1.0	-1.0	-1.0	-1.0	-1.0	-1.0	-1.0	-1.0	-1.0	-1.0	-1.0	-1.0	-1.0	-1.0	-1.0	-1.0	-1.0	-1.0	-1.0	-1.0	-1.0	-1.0	-1.0	-1.0	-1.0	-1.0	-1.0	
-1.0	-1.0	-1.0	-1.0	-1.0	-1.0	-1.0	-1.0	-1.0	-1.0	-1.0	-1.0	-1.0	-1.0	32.0	-1.0	-1.0	-1.0	-1.0	-1.0	-1.0	-1.0	-1.0	-1.0	-1.0	-1.0	38.0	-1.0	40.0	-1.0	
-1.0	-1.0	-1.0	-1.0	-1.0	-1.0	-1.0	-1.0	-1.0	-1.0	-1.0	-1.0	-1.0	-1.0	37.0	-1.0	-1.0	-1.0	32.0	-1.0	-1.0	-1.0	-1.0	-1.0	-1.0	-1.0	-1.0	-1.0	40.0	-1.0	
-1.0	-1.0	-1.0	-1.0	-1.0	-1.0	-1.0	-1.0	-1.0	-1.0	-1.0	-1.0	-1.0	-1.0	-1.0	-1.0	-1.0	-1.0	-1.0	-1.0	-1.0	-1.0	-1.0	-1.0	-1.0	-1.0	-1.0	-1.0	-1.0	-1.0	

maxX :
nan	nan	nan	31.0	40.0	nan	

maxW :
nan	nan	nan	40.0	40.0	nan	

minX :
nan	nan	nan	10.0	0.0	nan	

minW :
nan	nan	nan	32.0	32.0	nan	

moyX :
nan	nan	nan	19.0	17.764705882352942	nan	

moyW :
nan	nan	nan	36.666666666666664	36.333333333333336	nan	

medX :
nan	nan	nan	17.5	17.0	nan	

medW :
nan	nan	nan	38.0	37.0	nan	

ecartTypeX :
nan	nan	nan	8.679477710861024	9.04582719376051	nan	

ecartTypeW :
nan	nan	nan	3.39934634239519	3.299831645537222	nan	

varX :
nan	nan	nan	75.33333333333333	81.82698961937716	nan	

varW :
nan	nan	nan	11.555555555555557	10.888888888888891	nan	

covarX :
nan	nan	nan	90.4	86.94117647058823	nan	

covarW :
nan	nan	nan	17.333333333333336	16.333333333333336	nan	

coef_variationX :
nan	nan	nan	0.4568146163611065	0.5092021930262539	nan	

coef_variationW :
nan	nan	nan	0.092709445701687	0.09082105446432721	nan	

moy_distances_centre :	31.044444444444444
min_distances_centre :	12.0
max_distances_centre :	57.0
med_distances_centre :	30.0
ecartType_distances_centre :	10.02874879878521
var_distances_centre :	100.57580246913581
covar_distances_centre :	101.70586766541821
coef_variation_distances_centre :	0.3230448789873547
capacite_X_temoin : 
24.0	26.0	0.0	28.0	26.0	27.0	26.0	0.0	28.0	0.0	
29.0	22.0	24.0	0.0	24.0	26.0	25.0	24.0	0.0	28.0	
0.0	0.0	23.0	24.0	0.0	0.0	0.0	24.0	0.0	0.0	
0.0	24.0	0.0	26.0	25.0	0.0	26.0	0.0	24.0	27.0	
0.0	0.0	0.0	27.0	27.0	0.0	27.0	24.0	24.0	22.0	
0.0	0.0	25.0	26.0	28.0	24.0	26.0	0.0	0.0	28.0	

capacite_W_temoin : 
29.2	31.8	0.0	34.4	31.8	33.1	31.8	0.0	31.4	0.0	
37.7	26.6	30.2	0.0	30.2	33.8	28.5	29.2	0.0	33.4	
0.0	0.0	26.9	27.2	0.0	0.0	0.0	21.2	0.0	0.0	
0.0	26.2	0.0	29.8	30.5	0.0	30.8	0.0	25.2	35.1	
0.0	0.0	0.0	35.1	33.1	0.0	31.1	28.2	24.2	25.6	
0.0	0.0	30.5	32.8	34.4	30.2	30.8	0.0	0.0	32.4	

demande_cumulee_X : 
2.0	2.0	0.0	2.0	2.0	2.0	2.0	0.0	5.0	0.0	
0.0	2.0	1.0	0.0	1.0	0.0	4.0	2.0	0.0	3.0	
0.0	0.0	3.0	4.0	0.0	0.0	0.0	10.0	0.0	0.0	
0.0	5.0	0.0	4.0	2.0	0.0	3.0	0.0	6.0	0.0	
0.0	0.0	0.0	0.0	2.0	0.0	4.0	3.0	7.0	3.0	
0.0	0.0	2.0	1.0	2.0	1.0	3.0	0.0	0.0	4.0	

demande_cumulee_W : 
9.0	4.0	0.0	2.0	0.0	1.0	0.0	0.0	1.0	0.0	
9.0	2.0	2.0	0.0	0.0	0.0	0.0	0.0	0.0	0.0	
0.0	0.0	7.0	7.0	0.0	0.0	0.0	3.0	0.0	0.0	
0.0	8.0	0.0	6.0	3.0	0.0	0.0	0.0	2.0	1.0	
0.0	0.0	0.0	15.0	1.0	0.0	1.0	1.0	1.0	0.0	
0.0	0.0	5.0	1.0	3.0	3.0	1.0	0.0	0.0	0.0	

capacite_residuelle_X : 
22.0	24.0	0.0	26.0	24.0	25.0	24.0	0.0	23.0	0.0	
29.0	20.0	23.0	0.0	23.0	26.0	21.0	22.0	0.0	25.0	
0.0	0.0	20.0	20.0	0.0	0.0	0.0	14.0	0.0	0.0	
0.0	19.0	0.0	22.0	23.0	0.0	23.0	0.0	18.0	27.0	
0.0	0.0	0.0	27.0	25.0	0.0	23.0	21.0	17.0	19.0	
0.0	0.0	23.0	25.0	26.0	23.0	23.0	0.0	0.0	24.0	

capacite_residuelle_W : 
20.2	27.8	0.0	32.4	31.8	32.1	31.8	0.0	30.4	0.0	
28.700000000000003	24.6	28.2	0.0	30.2	33.8	28.5	29.2	0.0	33.4	
0.0	0.0	19.9	20.2	0.0	0.0	0.0	18.2	0.0	0.0	
0.0	18.2	0.0	23.8	27.5	0.0	30.8	0.0	23.2	34.1	
0.0	0.0	0.0	20.1	32.1	0.0	30.1	27.2	23.2	25.6	
0.0	0.0	25.5	31.799999999999997	31.4	27.2	29.8	0.0	0.0	32.4	

min_capacite_X : 
0.0	0.0	0.0	0.0	0.0	0.0	

min_capacite_W : 
0.0	0.0	0.0	0.0	0.0	0.0	

max_capacite_X : 
28.0	29.0	24.0	27.0	27.0	28.0	

max_capacite_W : 
34.4	37.7	27.2	35.1	35.1	34.4	

moy_capacite_X : 
18.5	20.2	7.1	15.2	15.1	15.7	

moy_capacite_W : 
22.35	24.96	7.529999999999999	17.759999999999998	17.729999999999997	19.11	

med_capacite_X : 
26.0	24.0	0.0	24.0	23.0	24.5	

med_capacite_W : 
31.6	29.7	0.0	25.7	24.9	30.35	

ecartType_capacite_X : 
12.159358535712318	10.283968105745952	10.84850220076486	12.44025723206719	12.421352583354198	12.86895489152091	

ecartType_capacite_W : 
14.683545212243532	12.828889273822579	11.60121114366944	14.718165646574302	14.790338062397357	15.645986705861667	

var_capacite_X : 
147.85	105.75999999999999	117.69000000000001	154.76000000000002	154.29	165.60999999999999	

var_capacite_W : 
215.60649999999995	164.5804	134.5881	216.62439999999998	218.75410000000002	244.7969	

covar_capacite_X : 
164.27777777777777	117.51111111111109	130.76666666666668	171.95555555555555	171.4333333333333	184.01111111111112	

covar_capacite_W : 
239.5627777777777	182.86711111111111	149.54233333333335	240.69377777777777	243.06011111111113	271.9965555555556	

##########	##########	##########	##########	##########	##########	##########	##########	##########	##########	##########	##########	##########	##########	##########	##########	##########	##########	##########	##########	##########	##########	##########	##########	##########	##########	##########	##########	##########	##########	nombre de noeuds : 30
nombre de strates : 6
nombre de centres : 10
titre : fenetre
instances : alea30_10_2
temps de calcul : 0.01675105094909668
valeur objective : 463.0
nombre de solutions : 2
nombre de noeuds : 0.0
faisability : True
moy_distances :	34.33
min_distances :	10.0
max_distances :	59.0
var_distances :	111.08659003831417
covar_distances :	111.2144227080936
ecartType_distances :	10.539762333103825
coef_variation	: 0.3069833689253541
distances_centre_x :
-1.0	-1.0	-1.0	-1.0	-1.0	-1.0	-1.0	-1.0	-1.0	-1.0	-1.0	-1.0	-1.0	-1.0	-1.0	-1.0	-1.0	-1.0	-1.0	-1.0	-1.0	-1.0	-1.0	-1.0	-1.0	-1.0	-1.0	-1.0	-1.0	-1.0	
17.0	-1.0	-1.0	-1.0	-1.0	-1.0	-1.0	-1.0	-1.0	-1.0	-1.0	-1.0	13.0	-1.0	-1.0	25.0	-1.0	-1.0	-1.0	-1.0	-1.0	-1.0	-1.0	-1.0	-1.0	-1.0	-1.0	-1.0	-1.0	-1.0	
-1.0	-1.0	-1.0	-1.0	-1.0	-1.0	-1.0	-1.0	-1.0	-1.0	-1.0	-1.0	-1.0	-1.0	-1.0	-1.0	-1.0	-1.0	-1.0	-1.0	-1.0	-1.0	-1.0	-1.0	-1.0	-1.0	-1.0	-1.0	-1.0	-1.0	
-1.0	28.0	23.0	20.0	10.0	31.0	-1.0	-1.0	-1.0	-1.0	-1.0	-1.0	13.0	-1.0	-1.0	-1.0	-1.0	-1.0	-1.0	-1.0	-1.0	12.0	10.0	-1.0	-1.0	-1.0	38.0	-1.0	-1.0	-1.0	
16.0	28.0	23.0	-1.0	10.0	-1.0	17.0	17.0	-1.0	-1.0	-1.0	12.0	-1.0	12.0	-1.0	25.0	-1.0	-1.0	-1.0	-1.0	0.0	12.0	10.0	-1.0	-1.0	10.0	-1.0	20.0	-1.0	-1.0	
17.0	-1.0	-1.0	-1.0	-1.0	-1.0	-1.0	17.0	-1.0	-1.0	-1.0	-1.0	-1.0	-1.0	-1.0	25.0	-1.0	-1.0	-1.0	-1.0	-1.0	-1.0	-1.0	-1.0	-1.0	-1.0	-1.0	-1.0	-1.0	-1.0	

distances_centre_w :
-1.0	-1.0	-1.0	-1.0	-1.0	-1.0	-1.0	-1.0	-1.0	-1.0	-1.0	-1.0	-1.0	-1.0	-1.0	-1.0	-1.0	-1.0	-1.0	-1.0	-1.0	-1.0	-1.0	-1.0	-1.0	-1.0	-1.0	-1.0	-1.0	-1.0	
-1.0	-1.0	-1.0	-1.0	-1.0	-1.0	-1.0	-1.0	-1.0	-1.0	-1.0	-1.0	-1.0	-1.0	-1.0	-1.0	-1.0	-1.0	-1.0	-1.0	-1.0	-1.0	-1.0	-1.0	-1.0	-1.0	-1.0	-1.0	-1.0	-1.0	
-1.0	-1.0	-1.0	-1.0	-1.0	-1.0	-1.0	-1.0	-1.0	-1.0	-1.0	-1.0	-1.0	-1.0	-1.0	-1.0	-1.0	-1.0	-1.0	-1.0	-1.0	-1.0	-1.0	-1.0	-1.0	-1.0	-1.0	-1.0	-1.0	-1.0	
-1.0	-1.0	-1.0	-1.0	-1.0	-1.0	-1.0	-1.0	33.0	-1.0	23.0	-1.0	-1.0	-1.0	32.0	-1.0	-1.0	30.0	-1.0	-1.0	-1.0	-1.0	-1.0	-1.0	-1.0	-1.0	39.0	-1.0	-1.0	-1.0	
17.0	-1.0	40.0	-1.0	-1.0	-1.0	-1.0	-1.0	-1.0	-1.0	-1.0	-1.0	-1.0	23.0	32.0	34.0	-1.0	-1.0	-1.0	-1.0	-1.0	-1.0	-1.0	-1.0	-1.0	-1.0	24.0	-1.0	40.0	-1.0	
-1.0	-1.0	-1.0	-1.0	-1.0	-1.0	-1.0	-1.0	-1.0	-1.0	31.0	-1.0	-1.0	-1.0	-1.0	-1.0	-1.0	-1.0	-1.0	-1.0	-1.0	-1.0	-1.0	-1.0	-1.0	-1.0	-1.0	-1.0	-1.0	-1.0	

maxX :
nan	nan	nan	38.0	28.0	25.0	

maxW :
nan	nan	nan	39.0	40.0	31.0	

minX :
nan	nan	nan	10.0	0.0	17.0	

minW :
nan	nan	nan	23.0	17.0	31.0	

moyX :
nan	nan	nan	20.555555555555557	15.142857142857142	19.666666666666668	

moyW :
nan	nan	nan	31.4	30.0	31.0	

medX :
nan	nan	nan	20.0	14.0	17.0	

medW :
nan	nan	nan	32.0	32.0	31.0	

ecartTypeX :
nan	nan	nan	9.592950086288612	7.039248568431383	3.7712361663282534	

ecartTypeW :
nan	nan	nan	5.161395160225576	8.228869042236953	0.0	

varX :
nan	nan	nan	92.02469135802468	49.55102040816327	14.222222222222223	

varW :
nan	nan	nan	26.639999999999997	67.71428571428571	0.0	

covarX :
nan	nan	nan	103.52777777777777	53.362637362637365	21.333333333333336	

covarW :
nan	nan	nan	33.3	79.0	nan	

coef_variationX :
nan	nan	nan	0.46668405825187836	0.4648560375379215	0.1917577711692332	

coef_variationW :
nan	nan	nan	0.1643756420454005	0.27429563474123175	0.0	

moy_distances_centre :	30.022222222222222
min_distances_centre :	12.0
max_distances_centre :	57.0
med_distances_centre :	30.0
ecartType_distances_centre :	9.365394667815693
var_distances_centre :	87.71061728395063
covar_distances_centre :	88.69612983770288
coef_variation_distances_centre :	0.31194874911303194
capacite_X_temoin : 
0.0	24.0	26.0	0.0	26.0	27.0	26.0	0.0	28.0	0.0	
0.0	29.0	22.0	24.0	24.0	26.0	25.0	24.0	0.0	28.0	
0.0	0.0	0.0	23.0	0.0	0.0	0.0	24.0	0.0	0.0	
0.0	0.0	24.0	0.0	25.0	0.0	26.0	0.0	24.0	27.0	
25.0	0.0	0.0	0.0	27.0	0.0	27.0	24.0	24.0	22.0	
24.0	0.0	0.0	25.0	28.0	24.0	26.0	0.0	0.0	28.0	

capacite_W_temoin : 
0.0	29.2	30.8	0.0	31.8	33.1	30.8	0.0	31.4	0.0	
0.0	37.7	27.6	29.2	30.2	33.8	28.5	29.2	0.0	33.4	
0.0	0.0	0.0	26.9	0.0	0.0	0.0	17.2	0.0	0.0	
0.0	0.0	26.2	0.0	30.5	0.0	29.8	0.0	25.2	32.1	
29.5	0.0	0.0	0.0	33.1	0.0	32.1	30.2	24.2	25.6	
27.2	0.0	0.0	30.5	35.4	31.2	30.8	0.0	0.0	33.4	

demande_cumulee_X : 
0.0	2.0	3.0	0.0	2.0	2.0	3.0	0.0	5.0	0.0	
0.0	0.0	1.0	2.0	1.0	0.0	4.0	2.0	0.0	3.0	
0.0	0.0	0.0	3.0	0.0	0.0	0.0	14.0	0.0	0.0	
0.0	0.0	5.0	0.0	2.0	0.0	4.0	0.0	6.0	3.0	
3.0	0.0	0.0	0.0	2.0	0.0	3.0	1.0	7.0	3.0	
4.0	0.0	0.0	2.0	1.0	0.0	3.0	0.0	0.0	3.0	

demande_cumulee_W : 
0.0	10.0	5.0	0.0	0.0	1.0	0.0	0.0	1.0	0.0	
0.0	9.0	3.0	1.0	0.0	0.0	0.0	0.0	0.0	0.0	
0.0	0.0	0.0	14.0	0.0	0.0	0.0	3.0	0.0	0.0	
0.0	0.0	10.0	0.0	3.0	0.0	2.0	0.0	5.0	0.0	
10.0	0.0	0.0	0.0	2.0	0.0	1.0	2.0	3.0	1.0	
2.0	0.0	0.0	2.0	3.0	4.0	1.0	0.0	0.0	1.0	

capacite_residuelle_X : 
0.0	22.0	23.0	0.0	24.0	25.0	23.0	0.0	23.0	0.0	
0.0	29.0	21.0	22.0	23.0	26.0	21.0	22.0	0.0	25.0	
0.0	0.0	0.0	20.0	0.0	0.0	0.0	10.0	0.0	0.0	
0.0	0.0	19.0	0.0	23.0	0.0	22.0	0.0	18.0	24.0	
22.0	0.0	0.0	0.0	25.0	0.0	24.0	23.0	17.0	19.0	
20.0	0.0	0.0	23.0	27.0	24.0	23.0	0.0	0.0	25.0	

capacite_residuelle_W : 
0.0	19.2	25.8	0.0	31.8	32.1	30.8	0.0	30.4	0.0	
0.0	28.700000000000003	24.6	28.2	30.2	33.8	28.5	29.2	0.0	33.4	
0.0	0.0	0.0	12.899999999999999	0.0	0.0	0.0	14.2	0.0	0.0	
0.0	0.0	16.2	0.0	27.5	0.0	27.8	0.0	20.2	32.1	
19.5	0.0	0.0	0.0	31.1	0.0	31.1	28.2	21.2	24.6	
25.2	0.0	0.0	28.5	32.4	27.2	29.8	0.0	0.0	32.4	

min_capacite_X : 
0.0	0.0	0.0	0.0	0.0	0.0	

min_capacite_W : 
0.0	0.0	0.0	0.0	0.0	0.0	

max_capacite_X : 
28.0	29.0	24.0	27.0	27.0	28.0	

max_capacite_W : 
33.1	37.7	26.9	32.1	33.1	35.4	

moy_capacite_X : 
15.7	20.2	4.7	12.6	14.9	15.5	

moy_capacite_W : 
18.71	24.96	4.409999999999999	14.38	17.47	18.85	

med_capacite_X : 
25.0	24.0	0.0	12.0	23.0	24.0	

med_capacite_W : 
30.0	29.2	0.0	12.6	24.9	28.85	

ecartType_capacite_X : 
12.853404218338424	10.283968105745952	9.402659198333204	12.626955294131678	12.242957159118053	12.722028140198402	

ecartType_capacite_W : 
15.303885127639974	12.808606481581048	9.08278041130578	14.499434471730268	14.482061317367773	15.516652345141976	

var_capacite_X : 
165.21	105.75999999999999	88.41000000000001	159.44	149.89	161.85	

var_capacite_W : 
234.2089	164.06040000000002	82.49689999999998	210.23360000000002	209.7301	240.7665	

covar_capacite_X : 
183.56666666666666	117.51111111111109	98.23333333333336	177.15555555555557	166.54444444444445	179.83333333333331	

covar_capacite_W : 
260.2321111111111	182.28933333333333	91.66322222222217	233.5928888888889	233.03344444444443	267.5183333333333	

##########	##########	##########	##########	##########	##########	##########	##########	##########	##########	##########	##########	##########	##########	##########	##########	##########	##########	##########	##########	##########	##########	##########	##########	##########	##########	##########	##########	##########	##########	nombre de noeuds : 30
nombre de strates : 6
nombre de centres : 10
titre : fenetre
instances : alea30_10_2
temps de calcul : 0.016588926315307617
valeur objective : 461.0
nombre de solutions : 3
nombre de noeuds : 1.0
faisability : True
moy_distances :	34.33
min_distances :	10.0
max_distances :	59.0
var_distances :	111.08659003831417
covar_distances :	111.2144227080936
ecartType_distances :	10.539762333103825
coef_variation	: 0.3069833689253541
distances_centre_x :
-1.0	-1.0	-1.0	-1.0	-1.0	-1.0	-1.0	-1.0	-1.0	-1.0	-1.0	-1.0	-1.0	-1.0	-1.0	-1.0	-1.0	-1.0	-1.0	-1.0	-1.0	-1.0	-1.0	-1.0	-1.0	-1.0	-1.0	-1.0	-1.0	-1.0	
17.0	-1.0	-1.0	-1.0	-1.0	-1.0	-1.0	-1.0	-1.0	-1.0	-1.0	-1.0	13.0	-1.0	-1.0	25.0	-1.0	-1.0	-1.0	-1.0	-1.0	-1.0	-1.0	-1.0	-1.0	-1.0	-1.0	-1.0	-1.0	-1.0	
-1.0	-1.0	-1.0	-1.0	-1.0	-1.0	-1.0	-1.0	-1.0	-1.0	-1.0	-1.0	-1.0	-1.0	-1.0	-1.0	-1.0	-1.0	-1.0	-1.0	-1.0	-1.0	-1.0	-1.0	-1.0	-1.0	-1.0	-1.0	-1.0	-1.0	
-1.0	28.0	23.0	20.0	10.0	31.0	-1.0	-1.0	-1.0	-1.0	-1.0	-1.0	13.0	-1.0	32.0	-1.0	-1.0	-1.0	20.0	-1.0	-1.0	12.0	10.0	-1.0	-1.0	-1.0	38.0	-1.0	-1.0	-1.0	
16.0	28.0	23.0	-1.0	10.0	-1.0	17.0	17.0	-1.0	-1.0	-1.0	12.0	-1.0	12.0	32.0	25.0	-1.0	-1.0	20.0	-1.0	0.0	12.0	10.0	-1.0	-1.0	10.0	-1.0	20.0	-1.0	-1.0	
17.0	-1.0	-1.0	-1.0	-1.0	-1.0	-1.0	17.0	-1.0	-1.0	-1.0	-1.0	-1.0	-1.0	-1.0	-1.0	-1.0	-1.0	-1.0	-1.0	-1.0	-1.0	-1.0	-1.0	-1.0	-1.0	-1.0	-1.0	-1.0	-1.0	

distances_centre_w :
-1.0	-1.0	-1.0	-1.0	-1.0	-1.0	-1.0	-1.0	-1.0	-1.0	-1.0	-1.0	-1.0	-1.0	-1.0	-1.0	-1.0	-1.0	-1.0	-1.0	-1.0	-1.0	-1.0	-1.0	-1.0	-1.0	-1.0	-1.0	-1.0	-1.0	
-1.0	-1.0	-1.0	-1.0	-1.0	-1.0	-1.0	-1.0	-1.0	-1.0	-1.0	-1.0	-1.0	-1.0	-1.0	-1.0	-1.0	-1.0	-1.0	-1.0	-1.0	-1.0	-1.0	-1.0	-1.0	-1.0	-1.0	-1.0	-1.0	-1.0	
-1.0	-1.0	-1.0	-1.0	-1.0	-1.0	-1.0	-1.0	-1.0	-1.0	-1.0	-1.0	-1.0	-1.0	-1.0	-1.0	-1.0	-1.0	-1.0	-1.0	-1.0	-1.0	-1.0	-1.0	-1.0	-1.0	-1.0	-1.0	-1.0	-1.0	
-1.0	-1.0	-1.0	-1.0	-1.0	-1.0	-1.0	-1.0	33.0	-1.0	31.0	-1.0	32.0	-1.0	-1.0	-1.0	-1.0	32.0	-1.0	25.0	-1.0	-1.0	-1.0	-1.0	37.0	-1.0	39.0	32.0	40.0	-1.0	
17.0	-1.0	40.0	-1.0	-1.0	-1.0	-1.0	-1.0	-1.0	-1.0	-1.0	-1.0	-1.0	23.0	-1.0	34.0	26.0	-1.0	-1.0	-1.0	-1.0	-1.0	-1.0	-1.0	-1.0	-1.0	24.0	24.0	40.0	-1.0	
-1.0	-1.0	-1.0	-1.0	-1.0	-1.0	-1.0	-1.0	-1.0	-1.0	31.0	-1.0	-1.0	-1.0	-1.0	25.0	-1.0	-1.0	-1.0	-1.0	-1.0	-1.0	-1.0	-1.0	-1.0	-1.0	-1.0	-1.0	-1.0	-1.0	

maxX :
nan	nan	nan	38.0	32.0	17.0	

maxW :
nan	nan	nan	40.0	40.0	31.0	

minX :
nan	nan	nan	10.0	0.0	17.0	

minW :
nan	nan	nan	25.0	17.0	25.0	

moyX :
nan	nan	nan	21.545454545454547	16.5	17.0	

moyW :
nan	nan	nan	33.44444444444444	28.5	28.0	

medX :
nan	nan	nan	20.0	16.5	17.0	

medW :
nan	nan	nan	32.0	25.0	28.0	

ecartTypeX :
nan	nan	nan	9.286976573907006	7.794228634059948	0.0	

ecartTypeW :
nan	nan	nan	4.348974620173539	7.937253933193772	3.0	

varX :
nan	nan	nan	86.24793388429752	60.75	0.0	

varW :
nan	nan	nan	18.913580246913583	63.0	9.0	

covarX :
nan	nan	nan	94.87272727272727	64.8	0.0	

covarW :
nan	nan	nan	21.27777777777778	72.0	18.0	

coef_variationX :
nan	nan	nan	0.4310411068058104	0.4723774929733302	0.0	

coef_variationW :
nan	nan	nan	0.13003578598525534	0.278500138006799	0.10714285714285714	

moy_distances_centre :	29.844444444444445
min_distances_centre :	12.0
max_distances_centre :	51.0
med_distances_centre :	30.0
ecartType_distances_centre :	9.09934199221889
var_distances_centre :	82.79802469135804
covar_distances_centre :	83.72833957553061
coef_variation_distances_centre :	0.3048923228963887
capacite_X_temoin : 
0.0	24.0	26.0	0.0	0.0	27.0	26.0	0.0	28.0	0.0	
0.0	29.0	22.0	24.0	0.0	26.0	25.0	24.0	0.0	28.0	
0.0	0.0	0.0	23.0	24.0	0.0	0.0	24.0	0.0	0.0	
0.0	0.0	24.0	0.0	0.0	0.0	26.0	0.0	24.0	27.0	
25.0	0.0	0.0	0.0	0.0	0.0	27.0	24.0	24.0	22.0	
24.0	0.0	0.0	25.0	25.0	24.0	26.0	0.0	0.0	28.0	

capacite_W_temoin : 
0.0	29.2	30.8	0.0	0.0	32.1	30.8	0.0	30.4	0.0	
0.0	37.7	27.6	29.2	0.0	33.8	28.5	28.2	0.0	33.4	
0.0	0.0	0.0	27.9	30.2	0.0	0.0	17.2	0.0	0.0	
0.0	0.0	26.2	0.0	0.0	0.0	29.8	0.0	23.2	32.1	
29.5	0.0	0.0	0.0	0.0	0.0	32.1	30.2	22.2	25.6	
26.2	0.0	0.0	30.5	31.5	31.2	30.8	0.0	0.0	34.4	

demande_cumulee_X : 
0.0	2.0	3.0	0.0	0.0	3.0	3.0	0.0	6.0	0.0	
0.0	0.0	1.0	2.0	0.0	0.0	4.0	3.0	0.0	3.0	
0.0	0.0	0.0	2.0	1.0	0.0	0.0	14.0	0.0	0.0	
0.0	0.0	5.0	0.0	0.0	0.0	4.0	0.0	8.0	3.0	
3.0	0.0	0.0	0.0	0.0	0.0	3.0	1.0	9.0	3.0	
5.0	0.0	0.0	2.0	1.0	0.0	3.0	0.0	0.0	2.0	

demande_cumulee_W : 
0.0	10.0	5.0	0.0	0.0	0.0	1.0	0.0	1.0	0.0	
0.0	9.0	3.0	1.0	0.0	0.0	0.0	0.0	0.0	0.0	
0.0	0.0	0.0	9.0	6.0	0.0	0.0	2.0	0.0	0.0	
0.0	0.0	9.0	0.0	0.0	0.0	2.0	0.0	7.0	2.0	
11.0	0.0	0.0	0.0	0.0	0.0	2.0	4.0	1.0	1.0	
2.0	0.0	0.0	1.0	1.0	4.0	3.0	0.0	0.0	2.0	

capacite_residuelle_X : 
0.0	22.0	23.0	0.0	0.0	24.0	23.0	0.0	22.0	0.0	
0.0	29.0	21.0	22.0	0.0	26.0	21.0	21.0	0.0	25.0	
0.0	0.0	0.0	21.0	23.0	0.0	0.0	10.0	0.0	0.0	
0.0	0.0	19.0	0.0	0.0	0.0	22.0	0.0	16.0	24.0	
22.0	0.0	0.0	0.0	0.0	0.0	24.0	23.0	15.0	19.0	
19.0	0.0	0.0	23.0	24.0	24.0	23.0	0.0	0.0	26.0	

capacite_residuelle_W : 
0.0	19.2	25.8	0.0	0.0	32.1	29.8	0.0	29.4	0.0	
0.0	28.700000000000003	24.6	28.2	0.0	33.8	28.5	28.2	0.0	33.4	
0.0	0.0	0.0	18.9	24.2	0.0	0.0	15.2	0.0	0.0	
0.0	0.0	17.2	0.0	0.0	0.0	27.8	0.0	16.2	30.1	
18.5	0.0	0.0	0.0	0.0	0.0	30.1	26.2	21.2	24.6	
24.2	0.0	0.0	29.5	30.5	27.2	27.8	0.0	0.0	32.4	

min_capacite_X : 
0.0	0.0	0.0	0.0	0.0	0.0	

min_capacite_W : 
0.0	0.0	0.0	0.0	0.0	0.0	

max_capacite_X : 
28.0	29.0	24.0	27.0	27.0	28.0	

max_capacite_W : 
32.1	37.7	30.2	32.1	32.1	34.4	

moy_capacite_X : 
13.1	17.8	7.1	10.1	12.2	15.2	

moy_capacite_W : 
15.330000000000002	21.84	7.529999999999999	11.13	13.959999999999999	18.46	

med_capacite_X : 
12.0	24.0	0.0	0.0	11.0	24.0	

med_capacite_W : 
14.6	28.35	0.0	0.0	11.1	28.35	

ecartType_capacite_X : 
13.133544837552424	11.805083650698965	10.84850220076486	12.397177098033245	12.253978945632312	12.456323695216017	

ecartType_capacite_W : 
15.344057481644157	14.599054763922219	11.913358048845842	13.799858694928728	14.184794675990203	15.187705554164525	

var_capacite_X : 
172.48999999999995	139.35999999999999	117.69000000000001	153.69	150.16	155.16000000000003	

var_capacite_W : 
235.44010000000003	213.13240000000002	141.9281	190.4361	201.2084	230.66639999999998	

covar_capacite_X : 
191.65555555555554	154.84444444444443	130.76666666666665	170.76666666666665	166.8444444444444	172.39999999999998	

covar_capacite_W : 
261.6001111111111	236.81377777777777	157.6978888888889	211.59566666666663	223.56488888888885	256.29599999999994	

##########	##########	##########	##########	##########	##########	##########	##########	##########	##########	##########	##########	##########	##########	##########	##########	##########	##########	##########	##########	##########	##########	##########	##########	##########	##########	##########	##########	##########	##########	nombre de noeuds : 30
nombre de strates : 6
nombre de centres : 10
titre : fenetre
instances : alea30_10_2
temps de calcul : 0.01194000244140625
valeur objective : 472.0
nombre de solutions : 3
nombre de noeuds : 1.0
faisability : True
moy_distances :	34.33
min_distances :	10.0
max_distances :	59.0
var_distances :	111.08659003831417
covar_distances :	111.2144227080936
ecartType_distances :	10.539762333103825
coef_variation	: 0.3069833689253541
distances_centre_x :
-1.0	-1.0	-1.0	-1.0	-1.0	-1.0	-1.0	-1.0	-1.0	-1.0	-1.0	-1.0	-1.0	-1.0	-1.0	-1.0	-1.0	-1.0	-1.0	-1.0	-1.0	-1.0	-1.0	-1.0	-1.0	-1.0	-1.0	-1.0	-1.0	-1.0	
17.0	-1.0	-1.0	-1.0	-1.0	-1.0	-1.0	-1.0	-1.0	-1.0	-1.0	-1.0	13.0	-1.0	-1.0	25.0	-1.0	-1.0	-1.0	-1.0	-1.0	-1.0	-1.0	-1.0	-1.0	-1.0	-1.0	-1.0	-1.0	-1.0	
-1.0	-1.0	-1.0	-1.0	-1.0	-1.0	-1.0	-1.0	-1.0	-1.0	-1.0	-1.0	-1.0	-1.0	-1.0	-1.0	-1.0	-1.0	-1.0	-1.0	-1.0	-1.0	-1.0	-1.0	-1.0	-1.0	-1.0	-1.0	-1.0	-1.0	
-1.0	28.0	23.0	21.0	10.0	31.0	-1.0	-1.0	29.0	-1.0	-1.0	-1.0	13.0	-1.0	32.0	-1.0	-1.0	30.0	20.0	25.0	-1.0	12.0	10.0	-1.0	-1.0	-1.0	38.0	32.0	-1.0	-1.0	
16.0	28.0	23.0	-1.0	10.0	-1.0	25.0	17.0	-1.0	-1.0	-1.0	12.0	-1.0	12.0	32.0	25.0	-1.0	-1.0	20.0	-1.0	0.0	12.0	10.0	-1.0	-1.0	31.0	-1.0	24.0	-1.0	-1.0	
17.0	-1.0	-1.0	-1.0	-1.0	-1.0	-1.0	17.0	-1.0	-1.0	-1.0	-1.0	-1.0	-1.0	-1.0	-1.0	-1.0	-1.0	-1.0	-1.0	-1.0	-1.0	-1.0	-1.0	-1.0	-1.0	-1.0	-1.0	-1.0	-1.0	

distances_centre_w :
-1.0	-1.0	-1.0	-1.0	-1.0	-1.0	-1.0	-1.0	-1.0	-1.0	-1.0	-1.0	-1.0	-1.0	-1.0	-1.0	-1.0	-1.0	-1.0	-1.0	-1.0	-1.0	-1.0	-1.0	-1.0	-1.0	-1.0	-1.0	-1.0	-1.0	
-1.0	-1.0	-1.0	-1.0	-1.0	-1.0	-1.0	-1.0	-1.0	-1.0	-1.0	-1.0	-1.0	-1.0	-1.0	-1.0	-1.0	-1.0	-1.0	-1.0	-1.0	-1.0	-1.0	-1.0	-1.0	-1.0	-1.0	-1.0	-1.0	-1.0	
-1.0	-1.0	-1.0	-1.0	-1.0	-1.0	-1.0	-1.0	-1.0	-1.0	-1.0	-1.0	-1.0	-1.0	-1.0	-1.0	-1.0	-1.0	-1.0	-1.0	-1.0	-1.0	-1.0	-1.0	-1.0	-1.0	-1.0	-1.0	-1.0	-1.0	
-1.0	-1.0	-1.0	-1.0	-1.0	-1.0	-1.0	-1.0	33.0	-1.0	23.0	-1.0	-1.0	35.0	-1.0	-1.0	37.0	32.0	-1.0	-1.0	-1.0	-1.0	-1.0	-1.0	37.0	-1.0	39.0	-1.0	40.0	-1.0	
17.0	32.0	40.0	-1.0	-1.0	-1.0	-1.0	-1.0	-1.0	-1.0	-1.0	-1.0	-1.0	35.0	-1.0	34.0	26.0	-1.0	-1.0	-1.0	25.0	-1.0	29.0	-1.0	-1.0	-1.0	24.0	32.0	40.0	-1.0	
-1.0	-1.0	-1.0	-1.0	-1.0	-1.0	-1.0	-1.0	-1.0	-1.0	-1.0	-1.0	-1.0	-1.0	-1.0	25.0	-1.0	-1.0	-1.0	-1.0	-1.0	-1.0	-1.0	-1.0	-1.0	-1.0	-1.0	-1.0	-1.0	-1.0	

maxX :
nan	nan	nan	38.0	32.0	17.0	

maxW :
nan	nan	nan	40.0	40.0	25.0	

minX :
nan	nan	nan	10.0	0.0	17.0	

minW :
nan	nan	nan	23.0	17.0	25.0	

moyX :
nan	nan	nan	23.6	18.5625	17.0	

moyW :
nan	nan	nan	34.5	30.363636363636363	25.0	

medX :
nan	nan	nan	25.0	18.5	17.0	

medW :
nan	nan	nan	36.0	32.0	25.0	

ecartTypeX :
nan	nan	nan	8.685620300243386	8.616617303211278	0.0	

ecartTypeW :
nan	nan	nan	5.049752469181039	6.705123241667555	0.0	

varX :
nan	nan	nan	75.44000000000001	74.24609375	0.0	

varW :
nan	nan	nan	25.5	44.95867768595041	0.0	

covarX :
nan	nan	nan	80.82857142857144	79.19583333333333	0.0	

covarW :
nan	nan	nan	29.142857142857142	49.454545454545446	nan	

coef_variationX :
nan	nan	nan	0.3680347584848892	0.4641948715534695	0.0	

coef_variationW :
nan	nan	nan	0.1463696367878562	0.22082741215072785	0.0	

moy_distances_centre :	29.77777777777778
min_distances_centre :	12.0
max_distances_centre :	50.0
med_distances_centre :	30.0
ecartType_distances_centre :	9.191515142634753
var_distances_centre :	84.48395061728395
covar_distances_centre :	85.43320848938828
coef_variation_distances_centre :	0.30867028464071933
capacite_X_temoin : 
0.0	24.0	26.0	0.0	0.0	0.0	27.0	0.0	28.0	0.0	
0.0	29.0	22.0	26.0	24.0	0.0	26.0	24.0	0.0	28.0	
0.0	0.0	0.0	0.0	23.0	24.0	0.0	24.0	0.0	0.0	
0.0	0.0	24.0	0.0	0.0	0.0	0.0	0.0	24.0	27.0	
25.0	0.0	0.0	0.0	0.0	0.0	0.0	24.0	24.0	22.0	
24.0	0.0	0.0	0.0	25.0	25.0	24.0	0.0	0.0	28.0	

capacite_W_temoin : 
0.0	27.2	29.8	0.0	0.0	0.0	32.1	0.0	30.4	0.0	
0.0	35.7	27.6	31.8	30.2	0.0	33.8	27.2	0.0	33.4	
0.0	0.0	0.0	0.0	27.9	29.2	0.0	18.2	0.0	0.0	
0.0	0.0	26.2	0.0	0.0	0.0	0.0	0.0	19.2	32.1	
29.5	0.0	0.0	0.0	0.0	0.0	0.0	28.2	22.2	24.6	
25.2	0.0	0.0	0.0	30.5	30.5	30.2	0.0	0.0	34.4	

demande_cumulee_X : 
0.0	4.0	4.0	0.0	0.0	0.0	3.0	0.0	6.0	0.0	
0.0	2.0	1.0	2.0	1.0	0.0	0.0	4.0	0.0	3.0	
0.0	0.0	0.0	0.0	2.0	2.0	0.0	13.0	0.0	0.0	
0.0	0.0	5.0	0.0	0.0	0.0	0.0	0.0	12.0	3.0	
3.0	0.0	0.0	0.0	0.0	0.0	0.0	3.0	9.0	4.0	
6.0	0.0	0.0	0.0	2.0	2.0	1.0	0.0	0.0	2.0	

demande_cumulee_W : 
0.0	4.0	4.0	0.0	0.0	0.0	4.0	0.0	5.0	0.0	
0.0	7.0	3.0	0.0	2.0	0.0	0.0	1.0	0.0	0.0	
0.0	0.0	0.0	0.0	9.0	6.0	0.0	2.0	0.0	0.0	
0.0	0.0	12.0	0.0	0.0	0.0	0.0	0.0	7.0	1.0	
8.0	0.0	0.0	0.0	0.0	0.0	0.0	5.0	4.0	2.0	
4.0	0.0	0.0	0.0	4.0	1.0	3.0	0.0	0.0	1.0	

capacite_residuelle_X : 
0.0	20.0	22.0	0.0	0.0	0.0	24.0	0.0	22.0	0.0	
0.0	27.0	21.0	24.0	23.0	0.0	26.0	20.0	0.0	25.0	
0.0	0.0	0.0	0.0	21.0	22.0	0.0	11.0	0.0	0.0	
0.0	0.0	19.0	0.0	0.0	0.0	0.0	0.0	12.0	24.0	
22.0	0.0	0.0	0.0	0.0	0.0	0.0	21.0	15.0	18.0	
18.0	0.0	0.0	0.0	23.0	23.0	23.0	0.0	0.0	26.0	

capacite_residuelle_W : 
0.0	23.2	25.8	0.0	0.0	0.0	28.1	0.0	25.4	0.0	
0.0	28.700000000000003	24.6	31.8	28.2	0.0	33.8	26.2	0.0	33.4	
0.0	0.0	0.0	0.0	18.9	23.2	0.0	16.2	0.0	0.0	
0.0	0.0	14.2	0.0	0.0	0.0	0.0	0.0	12.2	31.1	
21.5	0.0	0.0	0.0	0.0	0.0	0.0	23.2	18.2	22.6	
21.2	0.0	0.0	0.0	26.5	29.5	27.2	0.0	0.0	33.4	

min_capacite_X : 
0.0	0.0	0.0	0.0	0.0	0.0	

min_capacite_W : 
0.0	0.0	0.0	0.0	0.0	0.0	

max_capacite_X : 
28.0	29.0	24.0	27.0	25.0	28.0	

max_capacite_W : 
32.1	35.7	29.2	32.1	29.5	34.4	

moy_capacite_X : 
10.5	17.9	7.1	7.5	9.5	12.6	

moy_capacite_W : 
11.95	21.970000000000002	7.529999999999999	7.75	10.45	15.080000000000002	

med_capacite_X : 
0.0	24.0	0.0	0.0	0.0	12.0	

med_capacite_W : 
0.0	28.9	0.0	0.0	0.0	12.6	

ecartType_capacite_X : 
12.893796958227627	11.869709347747316	10.84850220076486	11.482595525402782	11.655470818461174	12.642784503423286	

ecartType_capacite_W : 
14.677959667474223	14.596441347122935	11.812201318975225	12.185503682655058	12.928514995930508	15.221287724762318	

var_capacite_X : 
166.25	140.89000000000001	117.69000000000001	131.85	135.85	159.84	

var_capacite_W : 
215.44250000000002	213.05610000000001	139.52810000000002	148.48649999999998	167.1465	231.68760000000003	

covar_capacite_X : 
184.7222222222222	156.54444444444445	130.76666666666668	146.5	150.94444444444443	177.6	

covar_capacite_W : 
239.3805555555555	236.72899999999996	155.03122222222223	164.98499999999996	185.7183333333333	257.4306666666667	

##########	##########	##########	##########	##########	##########	##########	##########	##########	##########	##########	##########	##########	##########	##########	##########	##########	##########	##########	##########	##########	##########	##########	##########	##########	##########	##########	##########	##########	##########	