nombre de noeuds : 100
nombre de strates : 10
nombre de centres : 10
titre : intelligent
instances : G4_3
temps de calcul : 0.2786388397216797
valeur objective : 2062.0
nombre de solutions : 3
nombre de noeuds : 1.0
faisability : True
moy_distances :	105.41
min_distances :	40.0
max_distances :	186.0
var_distances :	743.5913498214468
covar_distances :	743.6664676464619
ecartType_distances :	27.268871443854195
coef_variation	: 0.25868274236170163
distances_centre_x :
-1.0	-1.0	82.0	42.0	-1.0	-1.0	-1.0	-1.0	40.0	83.0	-1.0	51.0	-1.0	-1.0	-1.0	43.0	-1.0	51.0	0.0	-1.0	-1.0	-1.0	-1.0	-1.0	57.0	47.0	-1.0	57.0	-1.0	41.0	84.0	83.0	0.0	-1.0	43.0	42.0	0.0	42.0	-1.0	43.0	-1.0	40.0	0.0	-1.0	43.0	84.0	-1.0	54.0	44.0	-1.0	92.0	-1.0	45.0	85.0	-1.0	-1.0	52.0	48.0	-1.0	-1.0	-1.0	87.0	82.0	0.0	54.0	-1.0	56.0	49.0	-1.0	49.0	45.0	89.0	-1.0	50.0	57.0	-1.0	-1.0	0.0	-1.0	52.0	57.0	95.0	-1.0	-1.0	0.0	57.0	57.0	-1.0	55.0	-1.0	-1.0	98.0	-1.0	0.0	-1.0	52.0	-1.0	-1.0	-1.0	-1.0	
-1.0	-1.0	-1.0	-1.0	-1.0	-1.0	-1.0	-1.0	-1.0	-1.0	-1.0	-1.0	-1.0	-1.0	-1.0	-1.0	-1.0	-1.0	-1.0	-1.0	-1.0	-1.0	-1.0	-1.0	-1.0	-1.0	-1.0	57.0	-1.0	-1.0	-1.0	-1.0	-1.0	-1.0	-1.0	-1.0	-1.0	-1.0	-1.0	-1.0	-1.0	40.0	-1.0	-1.0	-1.0	-1.0	-1.0	-1.0	-1.0	-1.0	-1.0	-1.0	-1.0	-1.0	-1.0	-1.0	-1.0	-1.0	-1.0	-1.0	-1.0	-1.0	-1.0	-1.0	-1.0	-1.0	-1.0	-1.0	-1.0	-1.0	-1.0	-1.0	-1.0	-1.0	-1.0	-1.0	-1.0	-1.0	-1.0	-1.0	-1.0	-1.0	-1.0	-1.0	-1.0	-1.0	-1.0	-1.0	-1.0	-1.0	58.0	-1.0	-1.0	-1.0	0.0	52.0	-1.0	-1.0	-1.0	-1.0	
-1.0	-1.0	-1.0	-1.0	-1.0	-1.0	-1.0	-1.0	-1.0	-1.0	-1.0	-1.0	-1.0	-1.0	-1.0	-1.0	-1.0	-1.0	-1.0	-1.0	83.0	-1.0	51.0	-1.0	-1.0	47.0	-1.0	57.0	-1.0	-1.0	-1.0	-1.0	-1.0	-1.0	-1.0	-1.0	-1.0	-1.0	-1.0	-1.0	-1.0	40.0	-1.0	-1.0	-1.0	-1.0	-1.0	54.0	-1.0	-1.0	-1.0	-1.0	-1.0	-1.0	-1.0	-1.0	-1.0	-1.0	-1.0	-1.0	-1.0	-1.0	-1.0	-1.0	54.0	-1.0	57.0	-1.0	102.0	-1.0	-1.0	-1.0	-1.0	-1.0	-1.0	-1.0	-1.0	-1.0	45.0	-1.0	-1.0	-1.0	-1.0	-1.0	0.0	57.0	-1.0	-1.0	55.0	-1.0	-1.0	-1.0	-1.0	0.0	-1.0	52.0	58.0	-1.0	-1.0	-1.0	
-1.0	-1.0	-1.0	-1.0	-1.0	-1.0	-1.0	-1.0	-1.0	-1.0	-1.0	-1.0	-1.0	-1.0	-1.0	-1.0	-1.0	-1.0	-1.0	-1.0	-1.0	-1.0	-1.0	-1.0	-1.0	-1.0	-1.0	-1.0	-1.0	-1.0	-1.0	-1.0	-1.0	-1.0	-1.0	-1.0	-1.0	-1.0	-1.0	-1.0	-1.0	-1.0	-1.0	-1.0	-1.0	-1.0	-1.0	-1.0	-1.0	-1.0	-1.0	-1.0	-1.0	-1.0	-1.0	-1.0	-1.0	-1.0	-1.0	-1.0	-1.0	-1.0	-1.0	-1.0	-1.0	-1.0	-1.0	-1.0	-1.0	-1.0	-1.0	-1.0	-1.0	-1.0	-1.0	-1.0	-1.0	-1.0	-1.0	-1.0	-1.0	-1.0	-1.0	-1.0	-1.0	-1.0	-1.0	-1.0	-1.0	-1.0	-1.0	-1.0	-1.0	-1.0	-1.0	-1.0	-1.0	-1.0	-1.0	-1.0	
-1.0	-1.0	88.0	-1.0	-1.0	82.0	-1.0	47.0	84.0	83.0	-1.0	-1.0	-1.0	-1.0	82.0	43.0	90.0	-1.0	0.0	-1.0	-1.0	-1.0	43.0	-1.0	-1.0	47.0	41.0	57.0	-1.0	41.0	-1.0	84.0	0.0	-1.0	43.0	-1.0	0.0	-1.0	42.0	43.0	-1.0	40.0	0.0	-1.0	91.0	84.0	44.0	54.0	44.0	-1.0	92.0	45.0	-1.0	85.0	-1.0	87.0	-1.0	-1.0	88.0	54.0	-1.0	87.0	82.0	-1.0	54.0	48.0	-1.0	49.0	49.0	-1.0	-1.0	89.0	53.0	54.0	-1.0	51.0	51.0	0.0	45.0	52.0	57.0	95.0	-1.0	-1.0	0.0	-1.0	54.0	86.0	55.0	-1.0	58.0	98.0	-1.0	0.0	-1.0	52.0	58.0	-1.0	-1.0	41.0	
-1.0	-1.0	-1.0	-1.0	-1.0	-1.0	-1.0	47.0	-1.0	87.0	-1.0	-1.0	-1.0	-1.0	96.0	-1.0	91.0	-1.0	-1.0	-1.0	-1.0	-1.0	51.0	-1.0	57.0	47.0	-1.0	57.0	-1.0	-1.0	-1.0	-1.0	-1.0	-1.0	-1.0	-1.0	-1.0	-1.0	-1.0	-1.0	-1.0	40.0	-1.0	-1.0	-1.0	-1.0	-1.0	54.0	-1.0	57.0	-1.0	-1.0	-1.0	-1.0	-1.0	-1.0	-1.0	-1.0	93.0	-1.0	-1.0	-1.0	-1.0	-1.0	54.0	-1.0	57.0	-1.0	102.0	96.0	-1.0	-1.0	-1.0	-1.0	-1.0	51.0	-1.0	-1.0	-1.0	-1.0	57.0	-1.0	-1.0	-1.0	-1.0	57.0	-1.0	-1.0	55.0	-1.0	58.0	-1.0	-1.0	-1.0	-1.0	52.0	-1.0	-1.0	-1.0	-1.0	
83.0	-1.0	-1.0	-1.0	-1.0	97.0	-1.0	-1.0	-1.0	-1.0	97.0	-1.0	-1.0	54.0	-1.0	-1.0	-1.0	-1.0	-1.0	-1.0	-1.0	91.0	51.0	-1.0	-1.0	-1.0	-1.0	57.0	-1.0	-1.0	-1.0	-1.0	92.0	-1.0	-1.0	54.0	-1.0	-1.0	-1.0	-1.0	-1.0	40.0	-1.0	-1.0	-1.0	-1.0	-1.0	54.0	-1.0	-1.0	-1.0	-1.0	-1.0	85.0	-1.0	-1.0	52.0	-1.0	-1.0	-1.0	-1.0	-1.0	-1.0	-1.0	54.0	-1.0	57.0	-1.0	-1.0	-1.0	-1.0	-1.0	-1.0	-1.0	-1.0	-1.0	-1.0	-1.0	45.0	-1.0	-1.0	-1.0	-1.0	-1.0	0.0	-1.0	-1.0	-1.0	-1.0	-1.0	-1.0	-1.0	-1.0	0.0	0.0	52.0	58.0	-1.0	-1.0	59.0	
-1.0	-1.0	-1.0	-1.0	-1.0	-1.0	-1.0	-1.0	-1.0	-1.0	-1.0	-1.0	-1.0	-1.0	-1.0	-1.0	-1.0	-1.0	-1.0	-1.0	-1.0	-1.0	-1.0	-1.0	57.0	-1.0	-1.0	-1.0	-1.0	-1.0	-1.0	-1.0	-1.0	-1.0	-1.0	-1.0	-1.0	83.0	-1.0	-1.0	-1.0	40.0	-1.0	-1.0	-1.0	-1.0	-1.0	-1.0	-1.0	-1.0	-1.0	-1.0	-1.0	-1.0	-1.0	-1.0	-1.0	-1.0	-1.0	-1.0	-1.0	-1.0	-1.0	-1.0	-1.0	-1.0	-1.0	-1.0	-1.0	-1.0	-1.0	-1.0	-1.0	-1.0	-1.0	-1.0	-1.0	-1.0	-1.0	-1.0	57.0	-1.0	-1.0	-1.0	-1.0	-1.0	-1.0	-1.0	-1.0	-1.0	-1.0	-1.0	-1.0	-1.0	0.0	-1.0	-1.0	-1.0	-1.0	-1.0	
-1.0	40.0	82.0	-1.0	-1.0	-1.0	82.0	-1.0	51.0	-1.0	-1.0	51.0	-1.0	-1.0	40.0	43.0	42.0	56.0	0.0	-1.0	-1.0	-1.0	43.0	-1.0	57.0	47.0	-1.0	57.0	-1.0	41.0	-1.0	83.0	-1.0	-1.0	43.0	42.0	-1.0	82.0	42.0	-1.0	83.0	40.0	0.0	57.0	-1.0	84.0	-1.0	54.0	95.0	44.0	92.0	-1.0	-1.0	85.0	-1.0	-1.0	-1.0	-1.0	-1.0	-1.0	-1.0	87.0	82.0	-1.0	54.0	48.0	56.0	49.0	49.0	-1.0	45.0	89.0	50.0	50.0	57.0	51.0	51.0	-1.0	-1.0	52.0	-1.0	95.0	-1.0	-1.0	0.0	57.0	-1.0	-1.0	55.0	-1.0	58.0	98.0	-1.0	0.0	-1.0	52.0	58.0	-1.0	-1.0	41.0	
-1.0	-1.0	-1.0	-1.0	-1.0	82.0	82.0	-1.0	40.0	83.0	-1.0	51.0	-1.0	-1.0	40.0	43.0	85.0	0.0	0.0	-1.0	-1.0	-1.0	43.0	57.0	57.0	47.0	41.0	57.0	-1.0	-1.0	-1.0	83.0	0.0	-1.0	-1.0	-1.0	-1.0	-1.0	-1.0	43.0	-1.0	40.0	-1.0	-1.0	-1.0	84.0	-1.0	54.0	44.0	87.0	92.0	45.0	-1.0	-1.0	45.0	87.0	52.0	48.0	-1.0	-1.0	-1.0	-1.0	-1.0	0.0	54.0	48.0	56.0	49.0	49.0	-1.0	-1.0	89.0	50.0	-1.0	-1.0	51.0	51.0	0.0	-1.0	-1.0	-1.0	95.0	-1.0	96.0	0.0	57.0	57.0	86.0	55.0	-1.0	-1.0	-1.0	-1.0	0.0	-1.0	52.0	58.0	-1.0	-1.0	-1.0	

distances_centre_w :
-1.0	-1.0	88.0	43.0	-1.0	-1.0	-1.0	-1.0	51.0	83.0	-1.0	93.0	-1.0	-1.0	-1.0	80.0	-1.0	56.0	97.0	-1.0	-1.0	-1.0	-1.0	-1.0	81.0	57.0	-1.0	82.0	-1.0	54.0	85.0	84.0	48.0	-1.0	84.0	54.0	44.0	83.0	-1.0	48.0	-1.0	91.0	85.0	-1.0	49.0	94.0	-1.0	84.0	98.0	-1.0	94.0	-1.0	48.0	85.0	-1.0	-1.0	98.0	97.0	-1.0	-1.0	-1.0	90.0	87.0	48.0	96.0	-1.0	57.0	57.0	-1.0	96.0	89.0	91.0	-1.0	54.0	94.0	-1.0	-1.0	94.0	-1.0	56.0	94.0	96.0	-1.0	-1.0	92.0	94.0	98.0	-1.0	96.0	-1.0	-1.0	98.0	-1.0	88.0	-1.0	92.0	-1.0	-1.0	-1.0	-1.0	
-1.0	57.0	-1.0	-1.0	-1.0	-1.0	-1.0	-1.0	-1.0	83.0	-1.0	-1.0	-1.0	-1.0	-1.0	-1.0	-1.0	97.0	-1.0	-1.0	-1.0	-1.0	-1.0	-1.0	-1.0	57.0	-1.0	-1.0	-1.0	-1.0	-1.0	-1.0	-1.0	-1.0	-1.0	-1.0	-1.0	-1.0	-1.0	-1.0	-1.0	-1.0	-1.0	-1.0	-1.0	-1.0	-1.0	101.0	-1.0	57.0	-1.0	-1.0	-1.0	-1.0	-1.0	-1.0	-1.0	-1.0	-1.0	-1.0	-1.0	-1.0	-1.0	-1.0	-1.0	-1.0	-1.0	57.0	-1.0	-1.0	-1.0	-1.0	-1.0	-1.0	-1.0	-1.0	-1.0	-1.0	-1.0	-1.0	-1.0	-1.0	-1.0	-1.0	-1.0	-1.0	-1.0	-1.0	-1.0	-1.0	-1.0	-1.0	-1.0	-1.0	-1.0	-1.0	-1.0	-1.0	-1.0	-1.0	
-1.0	-1.0	-1.0	-1.0	-1.0	-1.0	-1.0	-1.0	-1.0	101.0	-1.0	-1.0	-1.0	-1.0	96.0	92.0	91.0	-1.0	-1.0	-1.0	-1.0	-1.0	-1.0	57.0	-1.0	57.0	-1.0	-1.0	-1.0	-1.0	-1.0	-1.0	-1.0	90.0	96.0	-1.0	-1.0	-1.0	99.0	48.0	-1.0	-1.0	100.0	-1.0	-1.0	-1.0	-1.0	-1.0	-1.0	-1.0	-1.0	-1.0	48.0	85.0	-1.0	94.0	-1.0	-1.0	-1.0	-1.0	-1.0	-1.0	-1.0	-1.0	-1.0	-1.0	102.0	-1.0	108.0	-1.0	-1.0	-1.0	-1.0	54.0	-1.0	-1.0	-1.0	-1.0	-1.0	-1.0	-1.0	-1.0	-1.0	-1.0	-1.0	-1.0	57.0	-1.0	-1.0	-1.0	-1.0	-1.0	-1.0	-1.0	-1.0	-1.0	-1.0	-1.0	-1.0	-1.0	
-1.0	-1.0	-1.0	-1.0	-1.0	-1.0	-1.0	-1.0	-1.0	-1.0	-1.0	-1.0	-1.0	-1.0	-1.0	-1.0	-1.0	-1.0	-1.0	-1.0	-1.0	-1.0	-1.0	-1.0	-1.0	-1.0	-1.0	-1.0	-1.0	-1.0	-1.0	-1.0	-1.0	-1.0	-1.0	-1.0	-1.0	-1.0	-1.0	-1.0	-1.0	-1.0	-1.0	-1.0	-1.0	-1.0	-1.0	-1.0	-1.0	-1.0	-1.0	-1.0	-1.0	-1.0	-1.0	-1.0	-1.0	-1.0	-1.0	-1.0	-1.0	-1.0	-1.0	-1.0	-1.0	-1.0	-1.0	-1.0	-1.0	-1.0	-1.0	-1.0	-1.0	-1.0	-1.0	-1.0	-1.0	-1.0	-1.0	-1.0	-1.0	-1.0	-1.0	-1.0	-1.0	-1.0	-1.0	-1.0	-1.0	-1.0	-1.0	-1.0	-1.0	-1.0	-1.0	-1.0	-1.0	-1.0	-1.0	-1.0	
-1.0	-1.0	99.0	-1.0	-1.0	83.0	-1.0	98.0	96.0	83.0	-1.0	-1.0	-1.0	-1.0	92.0	80.0	91.0	-1.0	88.0	-1.0	-1.0	-1.0	51.0	-1.0	-1.0	57.0	42.0	82.0	-1.0	54.0	-1.0	84.0	48.0	-1.0	99.0	-1.0	44.0	-1.0	84.0	48.0	-1.0	101.0	85.0	-1.0	100.0	94.0	44.0	84.0	87.0	-1.0	94.0	48.0	-1.0	85.0	-1.0	98.0	-1.0	-1.0	93.0	99.0	-1.0	90.0	98.0	-1.0	90.0	97.0	-1.0	57.0	102.0	-1.0	-1.0	98.0	102.0	93.0	-1.0	95.0	81.0	51.0	96.0	56.0	94.0	96.0	-1.0	-1.0	96.0	-1.0	57.0	98.0	96.0	-1.0	96.0	98.0	-1.0	88.0	-1.0	98.0	98.0	-1.0	-1.0	59.0	
-1.0	-1.0	95.0	-1.0	-1.0	91.0	-1.0	-1.0	51.0	-1.0	97.0	-1.0	-1.0	-1.0	108.0	92.0	-1.0	-1.0	-1.0	96.0	-1.0	-1.0	-1.0	-1.0	-1.0	57.0	98.0	-1.0	-1.0	54.0	-1.0	-1.0	48.0	-1.0	-1.0	-1.0	99.0	-1.0	99.0	48.0	-1.0	-1.0	-1.0	-1.0	-1.0	127.0	-1.0	103.0	-1.0	101.0	-1.0	-1.0	48.0	85.0	-1.0	-1.0	-1.0	-1.0	106.0	-1.0	101.0	105.0	-1.0	-1.0	100.0	-1.0	102.0	57.0	108.0	-1.0	-1.0	97.0	-1.0	54.0	-1.0	99.0	110.0	-1.0	-1.0	-1.0	109.0	-1.0	-1.0	-1.0	-1.0	112.0	-1.0	106.0	112.0	96.0	-1.0	-1.0	-1.0	-1.0	-1.0	-1.0	-1.0	-1.0	-1.0	-1.0	
91.0	-1.0	-1.0	113.0	-1.0	104.0	-1.0	-1.0	-1.0	-1.0	-1.0	-1.0	-1.0	-1.0	-1.0	109.0	-1.0	-1.0	-1.0	-1.0	-1.0	-1.0	106.0	-1.0	-1.0	102.0	-1.0	-1.0	-1.0	-1.0	92.0	-1.0	101.0	99.0	-1.0	93.0	-1.0	-1.0	-1.0	106.0	-1.0	-1.0	-1.0	-1.0	-1.0	127.0	-1.0	-1.0	95.0	57.0	-1.0	-1.0	-1.0	99.0	-1.0	-1.0	101.0	-1.0	-1.0	-1.0	-1.0	105.0	104.0	-1.0	100.0	-1.0	102.0	-1.0	108.0	-1.0	-1.0	104.0	-1.0	54.0	-1.0	-1.0	-1.0	-1.0	-1.0	-1.0	-1.0	105.0	-1.0	-1.0	-1.0	-1.0	57.0	-1.0	112.0	-1.0	-1.0	-1.0	-1.0	-1.0	105.0	-1.0	112.0	-1.0	-1.0	59.0	
-1.0	-1.0	98.0	-1.0	-1.0	-1.0	-1.0	-1.0	-1.0	-1.0	-1.0	-1.0	-1.0	-1.0	-1.0	-1.0	-1.0	-1.0	-1.0	-1.0	-1.0	-1.0	-1.0	-1.0	-1.0	57.0	-1.0	-1.0	-1.0	-1.0	-1.0	-1.0	-1.0	-1.0	-1.0	-1.0	-1.0	-1.0	-1.0	-1.0	-1.0	-1.0	-1.0	-1.0	-1.0	-1.0	-1.0	101.0	-1.0	-1.0	-1.0	-1.0	-1.0	-1.0	-1.0	-1.0	-1.0	-1.0	-1.0	-1.0	-1.0	-1.0	101.0	-1.0	-1.0	-1.0	57.0	-1.0	-1.0	-1.0	-1.0	-1.0	-1.0	-1.0	-1.0	-1.0	-1.0	-1.0	-1.0	-1.0	-1.0	-1.0	-1.0	-1.0	-1.0	94.0	-1.0	-1.0	-1.0	-1.0	-1.0	-1.0	-1.0	-1.0	-1.0	-1.0	-1.0	-1.0	-1.0	-1.0	
-1.0	40.0	88.0	-1.0	-1.0	-1.0	90.0	-1.0	96.0	-1.0	-1.0	100.0	-1.0	-1.0	82.0	101.0	80.0	88.0	100.0	-1.0	-1.0	-1.0	51.0	-1.0	84.0	57.0	-1.0	82.0	-1.0	81.0	-1.0	84.0	-1.0	-1.0	96.0	54.0	-1.0	83.0	84.0	-1.0	95.0	83.0	85.0	85.0	-1.0	94.0	-1.0	84.0	98.0	57.0	94.0	-1.0	-1.0	85.0	-1.0	-1.0	-1.0	-1.0	-1.0	-1.0	-1.0	90.0	87.0	-1.0	90.0	95.0	57.0	57.0	102.0	-1.0	89.0	91.0	53.0	54.0	90.0	95.0	81.0	-1.0	-1.0	56.0	-1.0	96.0	-1.0	-1.0	102.0	94.0	-1.0	-1.0	96.0	-1.0	99.0	98.0	-1.0	88.0	-1.0	92.0	90.0	-1.0	-1.0	59.0	
-1.0	-1.0	-1.0	-1.0	-1.0	83.0	90.0	-1.0	84.0	101.0	-1.0	93.0	-1.0	-1.0	91.0	80.0	90.0	44.0	52.0	-1.0	-1.0	-1.0	51.0	90.0	84.0	57.0	42.0	82.0	-1.0	-1.0	-1.0	84.0	48.0	-1.0	-1.0	-1.0	-1.0	-1.0	-1.0	48.0	-1.0	83.0	-1.0	-1.0	-1.0	94.0	-1.0	84.0	95.0	101.0	94.0	48.0	-1.0	-1.0	58.0	90.0	86.0	102.0	-1.0	-1.0	-1.0	-1.0	-1.0	56.0	90.0	90.0	57.0	57.0	102.0	-1.0	-1.0	91.0	53.0	-1.0	-1.0	95.0	81.0	51.0	-1.0	-1.0	-1.0	96.0	-1.0	99.0	96.0	94.0	100.0	95.0	96.0	-1.0	-1.0	-1.0	-1.0	100.0	-1.0	92.0	90.0	-1.0	-1.0	-1.0	

maxX :
98.0	58.0	102.0	nan	98.0	102.0	97.0	83.0	98.0	96.0	

maxW :
98.0	101.0	108.0	nan	102.0	127.0	127.0	101.0	102.0	102.0	

minX :
0.0	0.0	0.0	nan	0.0	40.0	0.0	0.0	0.0	0.0	

minW :
43.0	57.0	48.0	nan	42.0	48.0	54.0	57.0	40.0	42.0	

moyX :
50.16981132075472	41.4	50.75	nan	55.355932203389834	64.36363636363636	56.0	47.4	55.30909090909091	52.254901960784316	

moyW :
78.77358490566037	72.71428571428571	81.94444444444444	nan	82.96610169491525	90.6	97.3103448275862	84.66666666666667	83.30909090909091	80.58823529411765	

medX :
51.0	52.0	54.0	nan	53.0	57.0	54.0	57.0	52.0	51.0	

medW :
85.0	57.0	91.5	nan	91.0	99.0	102.0	96.0	88.0	90.0	

ecartTypeX :
26.746705562647637	21.66656410232135	23.96742581087923	nan	27.1772354338316	18.871685029900448	28.063240271669528	27.397810131468535	23.160995996225854	26.698640001535	

ecartTypeW :
18.696828012111816	18.835485398685154	20.83125915600618	nan	18.764342403083745	22.194207738571276	17.657866173808443	19.70335560817553	15.84684967519094	18.81611373534661	

varX :
715.3862584549661	469.44000000000005	574.4375	nan	738.602125825912	356.14049586776866	787.5454545454545	750.64	536.43173553719	712.8173779315648	

varW :
349.5713777144891	354.7755102040816	433.94135802469134	nan	352.1005458201667	492.58285714285716	311.80023781212844	388.2222222222222	251.12264462809918	354.04613610149937	

covarX :
729.1436865021769	586.8000000000001	612.7333333333333	nan	751.3366452367037	373.09956709956714	825.047619047619	938.3	546.3656565656564	727.0737254901961	

covarW :
356.29390420899847	413.9047619047619	459.4673202614379	nan	358.1712448860315	507.07058823529405	322.935960591133	465.8666666666666	255.77306397306396	361.12705882352935	

coef_variationX :
0.533123503129118	0.5233469589932693	0.4722645479976203	nan	0.49095434494674356	0.293204145944781	0.5011292905655272	0.5780128719719101	0.4187556804051354	0.5109308217929774	

coef_variationW :
0.2373489544052518	0.25903418033555226	0.25421197614109237	nan	0.22616878483798591	0.2449691803374313	0.18145929094275154	0.23271679852175822	0.19021753211163284	0.2334846229933521	

moy_distances_centre :	100.13333333333334
min_distances_centre :	44.0
max_distances_centre :	148.0
med_distances_centre :	100.0
ecartType_distances_centre :	27.698856775445925
var_distances_centre :	767.2266666666666
covar_distances_centre :	775.8471910112359
coef_variation_distances_centre :	0.2766197414325492
capacite_X_temoin : 
340.0	332.0	256.0	207.0	370.0	360.0	213.0	358.0	354.0	232.0	
313.0	334.0	229.0	205.0	394.0	324.0	216.0	0.0	362.0	222.0	
394.0	390.0	268.0	253.0	0.0	317.0	244.0	354.0	309.0	244.0	
372.0	313.0	211.0	221.0	368.0	319.0	261.0	376.0	0.0	0.0	
319.0	317.0	233.0	241.0	344.0	376.0	211.0	342.0	364.0	216.0	
382.0	356.0	202.0	206.0	0.0	354.0	252.0	376.0	376.0	261.0	
360.0	362.0	224.0	241.0	0.0	0.0	247.0	358.0	340.0	220.0	
362.0	374.0	245.0	213.0	400.0	319.0	268.0	376.0	0.0	244.0	
398.0	305.0	221.0	220.0	358.0	309.0	209.0	392.0	356.0	209.0	
336.0	326.0	263.0	210.0	307.0	334.0	226.0	378.0	402.0	263.0	

capacite_W_temoin : 
219.0	276.6	144.8	128.1	306.0	359.0	170.9	372.4	325.2	204.6	
182.89999999999998	248.2	92.7	181.5	351.2	306.2	230.8	0.0	415.6	213.6	
257.2	352.0	121.39999999999999	219.89999999999998	0.0	335.1	245.2	375.2	296.7	239.2	
311.6	234.89999999999998	85.3	137.3	309.4	171.7	236.3	401.8	0.0	0.0	
271.7	182.1	102.89999999999999	213.3	198.2	257.8	199.3	293.6	392.2	174.8	
241.6	252.8	68.6	74.8	0.0	213.2	271.6	435.8	367.8	214.3	
168.0	206.6	101.2	260.3	0.0	0.0	189.1	262.4	341.0	119.0	
196.6	272.2	164.5	137.9	256.0	358.7	266.4	343.8	0.0	197.2	
263.4	202.5	86.3	200.0	232.39999999999998	293.7	176.7	429.6	358.8	142.7	
245.8	295.8	121.89999999999999	219.0	169.1	294.2	195.8	407.4	392.6	268.9	

demande_cumulee_X : 
223.0	155.0	188.0	141.0	175.0	109.0	106.0	93.0	135.0	97.0	
224.0	186.0	205.0	85.0	161.0	115.0	50.0	0.0	55.0	75.0	
255.0	155.0	227.0	109.0	0.0	77.0	72.0	85.0	105.0	78.0	
172.0	172.0	189.0	150.0	169.0	243.0	103.0	87.0	0.0	0.0	
143.0	230.0	200.0	100.0	249.0	231.0	75.0	151.0	81.0	106.0	
255.0	210.0	194.0	193.0	0.0	247.0	56.0	53.0	121.0	125.0	
300.0	264.0	190.0	53.0	0.0	0.0	132.0	203.0	101.0	167.0	
274.0	214.0	154.0	139.0	264.0	56.0	82.0	145.0	0.0	120.0	
254.0	194.0	201.0	86.0	233.0	108.0	95.0	80.0	104.0	129.0	
191.0	128.0	220.0	54.0	230.0	140.0	98.0	84.0	130.0	73.0	

demande_cumulee_W : 
219.0	106.0	132.0	128.0	199.0	230.0	61.0	134.0	25.0	188.0	
178.0	183.0	83.0	157.0	198.0	86.0	69.0	0.0	57.0	145.0	
220.0	133.0	107.0	216.0	0.0	135.0	52.0	134.0	78.0	88.0	
296.0	219.0	56.0	120.0	207.0	145.0	53.0	189.0	0.0	0.0	
259.0	158.0	75.0	195.0	190.0	220.0	134.0	119.0	105.0	111.0	
209.0	180.0	60.0	49.0	0.0	212.0	235.0	165.0	151.0	193.0	
139.0	159.0	87.0	246.0	0.0	0.0	181.0	234.0	269.0	95.0	
172.0	129.0	152.0	118.0	242.0	198.0	123.0	135.0	0.0	179.0	
241.0	198.0	77.0	135.0	197.0	196.0	56.0	142.0	102.0	140.0	
235.0	164.0	100.0	190.0	136.0	202.0	126.0	51.0	54.0	90.0	

capacite_residuelle_X : 
117.0	177.0	68.0	66.0	195.0	251.0	107.0	265.0	219.0	135.0	
89.0	148.0	24.0	120.0	233.0	209.0	166.0	0.0	307.0	147.0	
139.0	235.0	41.0	144.0	0.0	240.0	172.0	269.0	204.0	166.0	
200.0	141.0	22.0	71.0	199.0	76.0	158.0	289.0	0.0	0.0	
176.0	87.0	33.0	141.0	95.0	145.0	136.0	191.0	283.0	110.0	
127.0	146.0	8.0	13.0	0.0	107.0	196.0	323.0	255.0	136.0	
60.0	98.0	34.0	188.0	0.0	0.0	115.0	155.0	239.0	53.0	
88.0	160.0	91.0	74.0	136.0	263.0	186.0	231.0	0.0	124.0	
144.0	111.0	20.0	134.0	125.0	201.0	114.0	312.0	252.0	80.0	
145.0	198.0	43.0	156.0	77.0	194.0	128.0	294.0	272.0	190.0	

capacite_residuelle_W : 
0.0	170.60000000000002	12.800000000000011	0.09999999999999432	107.0	129.0	109.9	238.39999999999998	300.2	16.599999999999994	
4.899999999999977	65.19999999999999	9.700000000000003	24.5	153.2	220.2	161.8	0.0	358.6	68.6	
37.19999999999999	219.0	14.399999999999991	3.8999999999999773	0.0	200.10000000000002	193.2	241.2	218.7	151.2	
15.600000000000023	15.899999999999977	29.299999999999997	17.30000000000001	102.39999999999998	26.69999999999999	183.3	212.8	0.0	0.0	
12.699999999999989	24.099999999999994	27.89999999999999	18.30000000000001	8.199999999999989	37.80000000000001	65.30000000000001	174.60000000000002	287.2	63.80000000000001	
32.599999999999994	72.80000000000001	8.599999999999994	25.799999999999997	0.0	1.1999999999999886	36.60000000000002	270.8	216.8	21.30000000000001	
29.0	47.599999999999994	14.200000000000003	14.300000000000011	0.0	0.0	8.099999999999994	28.399999999999977	72.0	24.0	
24.599999999999994	143.2	12.5	19.900000000000006	14.0	160.7	143.39999999999998	208.8	0.0	18.19999999999999	
22.399999999999977	4.5	9.299999999999997	65.0	35.39999999999998	97.69999999999999	120.69999999999999	287.6	256.8	2.6999999999999886	
10.800000000000011	131.8	21.89999999999999	29.0	33.099999999999994	92.19999999999999	69.80000000000001	356.4	338.6	178.89999999999998	

min_capacite_X : 
207.0	0.0	0.0	0.0	211.0	0.0	0.0	0.0	209.0	210.0	

min_capacite_W : 
128.1	0.0	0.0	0.0	102.89999999999999	0.0	0.0	0.0	86.3	121.89999999999999	

max_capacite_X : 
370.0	394.0	394.0	376.0	376.0	382.0	362.0	400.0	398.0	402.0	

max_capacite_W : 
372.4	415.6	375.2	401.8	392.2	435.8	341.0	358.7	429.6	407.4	

moy_capacite_X : 
302.2	259.9	277.3	244.1	296.3	276.5	235.2	280.1	297.7	304.5	

moy_capacite_W : 
250.66	222.26999999999998	244.18999999999997	188.83	228.59	214.05	164.76	219.32999999999998	238.60999999999999	261.05	

med_capacite_X : 
336.0	271.0	288.5	287.0	318.0	307.5	244.0	293.5	307.0	316.5	

med_capacite_W : 
247.8	222.2	251.2	203.29999999999998	206.3	227.95	178.55	226.6	217.45	257.35	

ecartType_capacite_X : 
63.35108523143072	107.56714182314226	107.03929185117025	134.36848588861898	60.85400562000829	114.48602534807469	129.9552230577902	112.36142576525096	73.36490986841052	59.81346002364351	

ecartType_capacite_W : 
84.59469486912285	114.57246658774524	107.37777656479949	128.18831499009573	75.21577560591926	128.35464346878925	106.06652817925172	100.01074992219587	96.76539102385729	86.69929930512703	

var_capacite_X : 
4013.3599999999997	11570.69	11457.41	18054.89	3703.21	13107.05	16888.36	12625.09	5382.41	3577.65	

var_capacite_W : 
7156.2624	13126.8501	11529.986900000002	16432.2441	5657.412899999999	16474.914500000003	11250.1084	10002.1501	9363.540900000002	7516.7685	

covar_capacite_X : 
4459.288888888887	12856.322222222223	12730.455555555556	20060.988888888885	4114.677777777777	14563.388888888889	18764.844444444443	14027.877777777778	5980.4555555555535	3975.1666666666665	

covar_capacite_W : 
7951.402666666666	14585.389000000001	12811.096555555554	18258.049	6286.0143333333335	18305.460555555557	12500.120444444443	11113.50011111111	10403.934333333333	8351.965	

##########	##########	##########	##########	##########	##########	##########	##########	##########	##########	##########	##########	##########	##########	##########	##########	##########	##########	##########	##########	##########	##########	##########	##########	##########	##########	##########	##########	##########	##########	##########	##########	##########	##########	##########	##########	##########	##########	##########	##########	##########	##########	##########	##########	##########	##########	##########	##########	##########	##########	##########	##########	##########	##########	##########	##########	##########	##########	##########	##########	##########	##########	##########	##########	##########	##########	##########	##########	##########	##########	##########	##########	##########	##########	##########	##########	##########	##########	##########	##########	##########	##########	##########	##########	##########	##########	##########	##########	##########	##########	##########	##########	##########	##########	##########	##########	##########	##########	##########	##########	nombre de noeuds : 100
nombre de strates : 10
nombre de centres : 10
titre : intelligent
instances : G4_3
temps de calcul : 0.28689002990722656
valeur objective : 2004.0
nombre de solutions : 3
nombre de noeuds : 1.0
faisability : True
moy_distances :	105.41
min_distances :	40.0
max_distances :	186.0
var_distances :	743.5913498214468
covar_distances :	743.6664676464619
ecartType_distances :	27.268871443854195
coef_variation	: 0.25868274236170163
distances_centre_x :
-1.0	-1.0	82.0	42.0	-1.0	-1.0	-1.0	-1.0	40.0	83.0	-1.0	51.0	-1.0	-1.0	-1.0	40.0	-1.0	44.0	0.0	-1.0	-1.0	-1.0	-1.0	-1.0	57.0	47.0	-1.0	57.0	-1.0	54.0	88.0	81.0	48.0	-1.0	82.0	54.0	0.0	42.0	-1.0	43.0	-1.0	40.0	83.0	-1.0	43.0	84.0	-1.0	54.0	44.0	-1.0	92.0	-1.0	48.0	85.0	-1.0	-1.0	52.0	48.0	-1.0	-1.0	-1.0	47.0	82.0	0.0	54.0	-1.0	57.0	49.0	-1.0	59.0	45.0	91.0	-1.0	50.0	57.0	-1.0	-1.0	0.0	-1.0	52.0	57.0	95.0	-1.0	-1.0	0.0	57.0	54.0	-1.0	55.0	-1.0	-1.0	95.0	-1.0	0.0	-1.0	52.0	-1.0	-1.0	-1.0	-1.0	
-1.0	-1.0	-1.0	-1.0	-1.0	-1.0	-1.0	-1.0	-1.0	-1.0	-1.0	-1.0	-1.0	-1.0	-1.0	-1.0	-1.0	-1.0	-1.0	-1.0	-1.0	-1.0	-1.0	-1.0	-1.0	-1.0	-1.0	57.0	-1.0	-1.0	-1.0	-1.0	-1.0	-1.0	-1.0	-1.0	-1.0	-1.0	-1.0	-1.0	-1.0	40.0	-1.0	-1.0	-1.0	-1.0	-1.0	-1.0	-1.0	57.0	-1.0	-1.0	-1.0	-1.0	-1.0	-1.0	-1.0	-1.0	-1.0	-1.0	-1.0	-1.0	-1.0	-1.0	-1.0	-1.0	-1.0	-1.0	-1.0	-1.0	-1.0	-1.0	-1.0	-1.0	-1.0	-1.0	-1.0	-1.0	-1.0	-1.0	-1.0	-1.0	-1.0	-1.0	-1.0	-1.0	-1.0	-1.0	-1.0	-1.0	58.0	-1.0	-1.0	-1.0	0.0	52.0	-1.0	-1.0	-1.0	-1.0	
-1.0	-1.0	82.0	-1.0	-1.0	82.0	-1.0	-1.0	40.0	83.0	-1.0	-1.0	-1.0	-1.0	40.0	40.0	40.0	-1.0	-1.0	-1.0	42.0	-1.0	51.0	42.0	-1.0	47.0	41.0	57.0	-1.0	-1.0	-1.0	81.0	-1.0	42.0	82.0	-1.0	-1.0	-1.0	42.0	43.0	-1.0	40.0	83.0	-1.0	-1.0	-1.0	-1.0	54.0	88.0	-1.0	92.0	-1.0	45.0	85.0	-1.0	90.0	-1.0	-1.0	-1.0	-1.0	-1.0	-1.0	-1.0	-1.0	54.0	88.0	57.0	-1.0	89.0	-1.0	45.0	91.0	-1.0	50.0	-1.0	-1.0	-1.0	-1.0	45.0	52.0	-1.0	-1.0	-1.0	-1.0	0.0	57.0	54.0	-1.0	55.0	-1.0	-1.0	-1.0	56.0	0.0	-1.0	52.0	58.0	58.0	-1.0	-1.0	
-1.0	-1.0	-1.0	-1.0	-1.0	-1.0	-1.0	-1.0	-1.0	-1.0	-1.0	-1.0	-1.0	-1.0	-1.0	-1.0	-1.0	-1.0	-1.0	-1.0	-1.0	-1.0	-1.0	-1.0	-1.0	-1.0	-1.0	-1.0	-1.0	-1.0	-1.0	-1.0	-1.0	-1.0	-1.0	-1.0	-1.0	-1.0	-1.0	-1.0	-1.0	-1.0	-1.0	-1.0	-1.0	-1.0	-1.0	-1.0	-1.0	-1.0	-1.0	-1.0	-1.0	-1.0	-1.0	-1.0	-1.0	-1.0	-1.0	-1.0	-1.0	-1.0	-1.0	-1.0	-1.0	-1.0	-1.0	-1.0	-1.0	-1.0	-1.0	-1.0	-1.0	-1.0	-1.0	-1.0	-1.0	-1.0	-1.0	-1.0	-1.0	-1.0	-1.0	-1.0	-1.0	-1.0	-1.0	-1.0	-1.0	-1.0	-1.0	-1.0	-1.0	-1.0	-1.0	-1.0	-1.0	-1.0	-1.0	-1.0	
-1.0	-1.0	82.0	-1.0	-1.0	82.0	-1.0	47.0	84.0	87.0	-1.0	-1.0	-1.0	-1.0	91.0	40.0	40.0	-1.0	0.0	-1.0	-1.0	-1.0	51.0	-1.0	-1.0	47.0	41.0	57.0	-1.0	41.0	-1.0	81.0	57.0	-1.0	82.0	-1.0	84.0	-1.0	42.0	43.0	-1.0	40.0	85.0	-1.0	49.0	84.0	44.0	54.0	44.0	-1.0	94.0	48.0	-1.0	85.0	-1.0	90.0	-1.0	-1.0	46.0	54.0	-1.0	47.0	82.0	-1.0	54.0	88.0	-1.0	49.0	89.0	-1.0	-1.0	91.0	50.0	50.0	-1.0	51.0	51.0	0.0	45.0	52.0	57.0	95.0	-1.0	-1.0	0.0	-1.0	54.0	86.0	55.0	-1.0	58.0	95.0	-1.0	0.0	-1.0	52.0	58.0	-1.0	-1.0	59.0	
-1.0	-1.0	82.0	-1.0	-1.0	82.0	-1.0	47.0	40.0	87.0	88.0	-1.0	82.0	-1.0	40.0	40.0	40.0	-1.0	-1.0	91.0	-1.0	-1.0	51.0	-1.0	57.0	47.0	41.0	57.0	90.0	54.0	-1.0	81.0	0.0	-1.0	-1.0	-1.0	44.0	-1.0	42.0	43.0	-1.0	40.0	85.0	-1.0	-1.0	84.0	-1.0	54.0	-1.0	44.0	-1.0	-1.0	45.0	85.0	-1.0	-1.0	-1.0	-1.0	87.0	-1.0	89.0	47.0	82.0	-1.0	54.0	-1.0	57.0	49.0	89.0	59.0	45.0	91.0	-1.0	50.0	-1.0	51.0	51.0	-1.0	-1.0	-1.0	57.0	95.0	-1.0	-1.0	-1.0	57.0	-1.0	86.0	55.0	90.0	58.0	95.0	-1.0	-1.0	-1.0	52.0	-1.0	-1.0	-1.0	-1.0	
-1.0	-1.0	-1.0	-1.0	-1.0	-1.0	-1.0	-1.0	-1.0	-1.0	-1.0	-1.0	-1.0	54.0	-1.0	-1.0	-1.0	-1.0	-1.0	-1.0	-1.0	-1.0	51.0	-1.0	-1.0	57.0	-1.0	57.0	-1.0	89.0	92.0	-1.0	-1.0	-1.0	-1.0	-1.0	-1.0	-1.0	-1.0	-1.0	-1.0	40.0	-1.0	-1.0	-1.0	-1.0	-1.0	54.0	-1.0	-1.0	-1.0	-1.0	-1.0	-1.0	-1.0	-1.0	-1.0	-1.0	-1.0	-1.0	-1.0	-1.0	-1.0	-1.0	54.0	-1.0	57.0	-1.0	-1.0	-1.0	-1.0	-1.0	-1.0	-1.0	-1.0	-1.0	-1.0	-1.0	45.0	-1.0	-1.0	-1.0	-1.0	-1.0	0.0	-1.0	-1.0	-1.0	-1.0	-1.0	-1.0	-1.0	-1.0	0.0	0.0	52.0	58.0	-1.0	-1.0	59.0	
-1.0	-1.0	-1.0	-1.0	-1.0	-1.0	-1.0	-1.0	-1.0	-1.0	-1.0	-1.0	-1.0	-1.0	-1.0	-1.0	-1.0	-1.0	-1.0	-1.0	-1.0	-1.0	-1.0	57.0	57.0	-1.0	-1.0	-1.0	-1.0	-1.0	-1.0	-1.0	-1.0	-1.0	-1.0	-1.0	-1.0	-1.0	-1.0	-1.0	-1.0	40.0	-1.0	-1.0	-1.0	-1.0	-1.0	-1.0	-1.0	-1.0	-1.0	-1.0	-1.0	85.0	-1.0	-1.0	-1.0	-1.0	-1.0	-1.0	-1.0	-1.0	-1.0	-1.0	-1.0	-1.0	57.0	-1.0	-1.0	-1.0	-1.0	-1.0	-1.0	-1.0	-1.0	-1.0	-1.0	-1.0	-1.0	-1.0	57.0	-1.0	-1.0	-1.0	-1.0	-1.0	-1.0	-1.0	-1.0	-1.0	-1.0	-1.0	-1.0	-1.0	0.0	-1.0	-1.0	-1.0	-1.0	-1.0	
-1.0	48.0	90.0	-1.0	-1.0	-1.0	90.0	-1.0	40.0	-1.0	-1.0	51.0	-1.0	-1.0	40.0	40.0	40.0	0.0	0.0	-1.0	-1.0	-1.0	51.0	-1.0	57.0	47.0	-1.0	57.0	-1.0	41.0	-1.0	81.0	-1.0	-1.0	82.0	42.0	-1.0	42.0	42.0	-1.0	83.0	40.0	83.0	57.0	-1.0	84.0	-1.0	54.0	44.0	44.0	92.0	-1.0	-1.0	85.0	-1.0	-1.0	-1.0	-1.0	-1.0	-1.0	-1.0	47.0	82.0	-1.0	54.0	88.0	57.0	49.0	89.0	-1.0	45.0	91.0	50.0	54.0	57.0	51.0	51.0	-1.0	-1.0	52.0	-1.0	95.0	-1.0	-1.0	0.0	57.0	-1.0	-1.0	55.0	-1.0	58.0	95.0	-1.0	0.0	-1.0	52.0	58.0	-1.0	-1.0	59.0	
-1.0	-1.0	-1.0	-1.0	-1.0	82.0	90.0	-1.0	40.0	83.0	-1.0	51.0	-1.0	-1.0	82.0	40.0	40.0	0.0	0.0	-1.0	-1.0	-1.0	51.0	42.0	57.0	47.0	41.0	57.0	-1.0	-1.0	-1.0	81.0	0.0	-1.0	-1.0	-1.0	-1.0	-1.0	-1.0	43.0	-1.0	40.0	-1.0	-1.0	-1.0	84.0	-1.0	54.0	95.0	96.0	92.0	45.0	-1.0	-1.0	45.0	92.0	46.0	48.0	-1.0	-1.0	-1.0	-1.0	-1.0	0.0	54.0	88.0	57.0	49.0	89.0	-1.0	-1.0	91.0	50.0	-1.0	-1.0	51.0	51.0	0.0	-1.0	-1.0	-1.0	95.0	-1.0	96.0	0.0	57.0	54.0	86.0	55.0	-1.0	-1.0	-1.0	-1.0	0.0	-1.0	52.0	58.0	-1.0	-1.0	-1.0	

distances_centre_w :
-1.0	-1.0	88.0	91.0	-1.0	-1.0	-1.0	-1.0	51.0	87.0	-1.0	98.0	-1.0	-1.0	-1.0	92.0	-1.0	56.0	52.0	-1.0	-1.0	-1.0	-1.0	-1.0	81.0	57.0	-1.0	82.0	-1.0	98.0	90.0	83.0	57.0	-1.0	96.0	93.0	51.0	97.0	-1.0	48.0	-1.0	83.0	85.0	-1.0	49.0	91.0	-1.0	84.0	84.0	-1.0	94.0	-1.0	96.0	85.0	-1.0	-1.0	98.0	97.0	-1.0	-1.0	-1.0	95.0	87.0	48.0	90.0	-1.0	88.0	57.0	-1.0	96.0	89.0	92.0	-1.0	54.0	90.0	-1.0	-1.0	51.0	-1.0	56.0	92.0	95.0	-1.0	-1.0	92.0	94.0	57.0	-1.0	96.0	-1.0	-1.0	98.0	-1.0	88.0	-1.0	92.0	-1.0	-1.0	-1.0	-1.0	
-1.0	48.0	-1.0	-1.0	-1.0	-1.0	-1.0	98.0	-1.0	-1.0	-1.0	-1.0	-1.0	-1.0	-1.0	-1.0	-1.0	-1.0	-1.0	-1.0	-1.0	-1.0	-1.0	-1.0	-1.0	-1.0	-1.0	-1.0	-1.0	89.0	-1.0	-1.0	-1.0	-1.0	-1.0	-1.0	-1.0	-1.0	-1.0	-1.0	-1.0	-1.0	-1.0	-1.0	-1.0	-1.0	-1.0	-1.0	-1.0	-1.0	-1.0	-1.0	-1.0	-1.0	-1.0	-1.0	-1.0	-1.0	-1.0	-1.0	-1.0	-1.0	-1.0	-1.0	-1.0	-1.0	-1.0	57.0	-1.0	-1.0	-1.0	-1.0	-1.0	-1.0	-1.0	-1.0	-1.0	-1.0	-1.0	57.0	-1.0	-1.0	-1.0	-1.0	-1.0	-1.0	-1.0	-1.0	-1.0	-1.0	-1.0	-1.0	-1.0	-1.0	-1.0	-1.0	-1.0	-1.0	-1.0	-1.0	
-1.0	-1.0	88.0	-1.0	-1.0	83.0	-1.0	-1.0	43.0	87.0	-1.0	-1.0	-1.0	-1.0	92.0	80.0	80.0	-1.0	-1.0	-1.0	83.0	-1.0	82.0	57.0	-1.0	57.0	42.0	82.0	-1.0	-1.0	-1.0	83.0	-1.0	90.0	82.0	-1.0	-1.0	-1.0	82.0	48.0	-1.0	83.0	85.0	-1.0	-1.0	-1.0	-1.0	84.0	98.0	-1.0	94.0	-1.0	48.0	85.0	-1.0	92.0	-1.0	-1.0	-1.0	-1.0	-1.0	-1.0	-1.0	-1.0	90.0	90.0	88.0	-1.0	102.0	-1.0	89.0	92.0	-1.0	54.0	-1.0	-1.0	-1.0	-1.0	94.0	56.0	-1.0	-1.0	-1.0	-1.0	92.0	94.0	57.0	-1.0	96.0	-1.0	-1.0	-1.0	82.0	88.0	-1.0	92.0	98.0	97.0	-1.0	-1.0	
-1.0	-1.0	-1.0	-1.0	-1.0	-1.0	-1.0	-1.0	-1.0	-1.0	-1.0	-1.0	-1.0	-1.0	-1.0	-1.0	-1.0	-1.0	-1.0	-1.0	-1.0	-1.0	-1.0	-1.0	-1.0	-1.0	-1.0	-1.0	-1.0	-1.0	-1.0	-1.0	-1.0	-1.0	-1.0	-1.0	-1.0	-1.0	-1.0	-1.0	-1.0	-1.0	-1.0	-1.0	-1.0	-1.0	-1.0	-1.0	-1.0	-1.0	-1.0	-1.0	-1.0	-1.0	-1.0	-1.0	-1.0	-1.0	-1.0	-1.0	-1.0	-1.0	-1.0	-1.0	-1.0	-1.0	-1.0	-1.0	-1.0	-1.0	-1.0	-1.0	-1.0	-1.0	-1.0	-1.0	-1.0	-1.0	-1.0	-1.0	-1.0	-1.0	-1.0	-1.0	-1.0	-1.0	-1.0	-1.0	-1.0	-1.0	-1.0	-1.0	-1.0	-1.0	-1.0	-1.0	-1.0	-1.0	-1.0	-1.0	
-1.0	-1.0	88.0	-1.0	-1.0	98.0	-1.0	98.0	98.0	101.0	-1.0	-1.0	-1.0	-1.0	96.0	101.0	42.0	-1.0	97.0	-1.0	-1.0	-1.0	82.0	-1.0	-1.0	57.0	42.0	82.0	-1.0	89.0	-1.0	83.0	92.0	-1.0	99.0	-1.0	93.0	-1.0	102.0	48.0	-1.0	83.0	100.0	-1.0	91.0	91.0	92.0	84.0	84.0	-1.0	94.0	99.0	-1.0	85.0	-1.0	92.0	-1.0	-1.0	87.0	99.0	-1.0	87.0	87.0	-1.0	90.0	95.0	-1.0	57.0	102.0	-1.0	-1.0	92.0	53.0	54.0	-1.0	99.0	81.0	51.0	96.0	56.0	99.0	99.0	-1.0	-1.0	96.0	-1.0	57.0	95.0	96.0	-1.0	98.0	98.0	-1.0	88.0	-1.0	92.0	101.0	-1.0	-1.0	59.0	
-1.0	-1.0	95.0	-1.0	-1.0	83.0	-1.0	98.0	98.0	94.0	98.0	-1.0	85.0	-1.0	96.0	92.0	80.0	-1.0	-1.0	96.0	-1.0	-1.0	82.0	-1.0	81.0	57.0	42.0	82.0	102.0	81.0	-1.0	83.0	48.0	-1.0	-1.0	-1.0	51.0	-1.0	82.0	48.0	-1.0	83.0	100.0	-1.0	-1.0	91.0	-1.0	101.0	-1.0	57.0	-1.0	-1.0	48.0	85.0	-1.0	-1.0	-1.0	-1.0	100.0	-1.0	101.0	95.0	87.0	-1.0	90.0	-1.0	102.0	57.0	102.0	96.0	89.0	92.0	-1.0	54.0	-1.0	99.0	81.0	-1.0	-1.0	-1.0	92.0	99.0	-1.0	-1.0	-1.0	94.0	-1.0	95.0	96.0	96.0	96.0	98.0	-1.0	-1.0	-1.0	92.0	-1.0	-1.0	-1.0	-1.0	
-1.0	-1.0	-1.0	91.0	-1.0	-1.0	-1.0	95.0	98.0	-1.0	88.0	-1.0	-1.0	-1.0	-1.0	92.0	-1.0	-1.0	97.0	-1.0	-1.0	98.0	-1.0	57.0	-1.0	-1.0	-1.0	-1.0	-1.0	98.0	98.0	-1.0	92.0	-1.0	-1.0	54.0	-1.0	-1.0	-1.0	54.0	-1.0	-1.0	-1.0	-1.0	-1.0	-1.0	-1.0	-1.0	95.0	57.0	-1.0	-1.0	-1.0	99.0	-1.0	-1.0	52.0	-1.0	-1.0	-1.0	-1.0	-1.0	104.0	-1.0	105.0	-1.0	-1.0	-1.0	-1.0	-1.0	100.0	-1.0	-1.0	54.0	-1.0	-1.0	108.0	-1.0	106.0	-1.0	-1.0	-1.0	-1.0	-1.0	-1.0	-1.0	57.0	-1.0	-1.0	-1.0	-1.0	-1.0	-1.0	-1.0	105.0	-1.0	-1.0	-1.0	-1.0	59.0	
-1.0	-1.0	-1.0	-1.0	-1.0	-1.0	-1.0	-1.0	-1.0	-1.0	-1.0	-1.0	-1.0	-1.0	-1.0	-1.0	-1.0	-1.0	-1.0	-1.0	-1.0	98.0	-1.0	-1.0	-1.0	57.0	-1.0	-1.0	-1.0	-1.0	-1.0	-1.0	57.0	99.0	-1.0	-1.0	-1.0	-1.0	-1.0	-1.0	-1.0	-1.0	-1.0	-1.0	-1.0	-1.0	-1.0	-1.0	-1.0	-1.0	-1.0	-1.0	-1.0	-1.0	-1.0	-1.0	-1.0	-1.0	-1.0	-1.0	-1.0	-1.0	-1.0	-1.0	-1.0	-1.0	-1.0	-1.0	-1.0	-1.0	-1.0	-1.0	-1.0	-1.0	-1.0	-1.0	-1.0	-1.0	-1.0	-1.0	-1.0	-1.0	-1.0	-1.0	-1.0	94.0	-1.0	-1.0	-1.0	-1.0	-1.0	-1.0	-1.0	-1.0	-1.0	-1.0	-1.0	-1.0	-1.0	-1.0	
-1.0	57.0	95.0	-1.0	-1.0	-1.0	94.0	-1.0	96.0	-1.0	-1.0	92.0	-1.0	-1.0	96.0	80.0	42.0	80.0	52.0	-1.0	-1.0	-1.0	82.0	-1.0	83.0	57.0	-1.0	82.0	-1.0	54.0	-1.0	83.0	-1.0	-1.0	96.0	54.0	-1.0	82.0	99.0	-1.0	97.0	91.0	85.0	85.0	-1.0	91.0	-1.0	84.0	86.0	57.0	94.0	-1.0	-1.0	85.0	-1.0	-1.0	-1.0	-1.0	-1.0	-1.0	-1.0	87.0	98.0	-1.0	90.0	90.0	102.0	57.0	102.0	-1.0	100.0	92.0	53.0	101.0	102.0	93.0	81.0	-1.0	-1.0	56.0	-1.0	99.0	-1.0	-1.0	92.0	94.0	-1.0	-1.0	96.0	-1.0	96.0	98.0	-1.0	88.0	-1.0	92.0	98.0	-1.0	-1.0	59.0	
-1.0	-1.0	-1.0	-1.0	-1.0	83.0	94.0	-1.0	43.0	87.0	-1.0	97.0	-1.0	-1.0	91.0	80.0	42.0	88.0	52.0	-1.0	-1.0	-1.0	82.0	57.0	81.0	57.0	42.0	82.0	-1.0	-1.0	-1.0	83.0	48.0	-1.0	-1.0	-1.0	-1.0	-1.0	-1.0	48.0	-1.0	83.0	-1.0	-1.0	-1.0	91.0	-1.0	84.0	100.0	101.0	94.0	48.0	-1.0	-1.0	58.0	98.0	52.0	94.0	-1.0	-1.0	-1.0	-1.0	-1.0	56.0	90.0	97.0	102.0	57.0	102.0	-1.0	-1.0	92.0	53.0	-1.0	-1.0	93.0	81.0	51.0	-1.0	-1.0	-1.0	95.0	-1.0	99.0	95.0	94.0	57.0	95.0	96.0	-1.0	-1.0	-1.0	-1.0	88.0	-1.0	92.0	98.0	-1.0	-1.0	-1.0	

maxX :
95.0	58.0	92.0	nan	95.0	95.0	92.0	85.0	95.0	96.0	

maxW :
98.0	98.0	102.0	nan	102.0	102.0	108.0	99.0	102.0	102.0	

minX :
0.0	0.0	0.0	nan	0.0	0.0	0.0	0.0	0.0	0.0	

minW :
48.0	48.0	42.0	nan	42.0	42.0	52.0	57.0	42.0	42.0	

moyX :
53.132075471698116	44.0	57.15909090909091	nan	58.71186440677966	62.43396226415094	48.1764705882353	50.42857142857143	56.236363636363635	54.84313725490196	

moyW :
80.9622641509434	69.8	80.93181818181819	nan	85.54237288135593	85.32075471698113	85.11538461538461	81.0	84.12727272727273	78.88235294117646	

medX :
52.0	54.5	54.0	nan	54.0	57.0	54.0	57.0	54.0	52.0	

medW :
88.0	57.0	85.0	nan	92.0	92.0	95.0	94.0	90.0	87.0	

ecartTypeX :
25.012478195967265	20.615528128088304	21.84547298830228	nan	24.09448269882521	21.0188679245283	25.66580534512488	23.963407478052524	23.57576848172997	28.67148104740579	

ecartTypeW :
17.297575644451083	19.833305322109073	16.089801579759555	nan	17.00281336032494	16.76336254928301	20.300297313239458	19.667231630303235	16.142608266723585	19.66348966577949	

varX :
625.6240655037379	425.0	477.22469008264454	nan	580.5440965239874	441.7928088287647	658.7335640138408	574.2448979591836	555.8168595041323	822.0538254517494	

varW :
299.20612317550734	393.36	258.8817148760331	nan	289.09566216604424	281.01032395870413	412.1020710059172	386.8	260.5838016528926	386.65282583621683	

covarX :
637.655297532656	510.0	488.32293868921766	nan	590.5534774985389	450.28882438316407	699.904411764706	669.9523809523808	566.1097643097644	838.4949019607843	

covarW :
304.96008708272865	491.7	264.90221987315016	nan	294.0800701344243	286.4143686502177	428.58615384615393	483.5	265.4094276094276	394.3858823529412	

coef_variationX :
0.4707604205917134	0.4685347301838251	0.3821872013858053	nan	0.4103852422721384	0.3366576004835298	0.5327456542944115	0.4751950491398517	0.4192264036518423	0.5227906805211638	

coef_variationW :
0.21364985065390524	0.2841447753883821	0.198806871527498	nan	0.1987648084523819	0.19647461634497998	0.23850326712346404	0.24280532876917574	0.19188317585256046	0.24927615534545217	

moy_distances_centre :	99.08888888888889
min_distances_centre :	40.0
max_distances_centre :	148.0
med_distances_centre :	97.0
ecartType_distances_centre :	29.661664164164062
var_distances_centre :	879.8143209876545
covar_distances_centre :	889.6998751560546
coef_variation_distances_centre :	0.2993439980684868
capacite_X_temoin : 
340.0	332.0	236.0	256.0	207.0	360.0	213.0	358.0	354.0	232.0	
313.0	334.0	263.0	229.0	205.0	324.0	216.0	0.0	362.0	222.0	
394.0	390.0	228.0	268.0	253.0	317.0	244.0	354.0	309.0	244.0	
372.0	313.0	0.0	211.0	221.0	319.0	261.0	376.0	0.0	0.0	
319.0	317.0	251.0	233.0	241.0	376.0	211.0	342.0	364.0	216.0	
382.0	356.0	210.0	202.0	206.0	354.0	252.0	376.0	376.0	261.0	
360.0	362.0	218.0	224.0	241.0	0.0	247.0	358.0	340.0	220.0	
362.0	374.0	211.0	245.0	213.0	319.0	268.0	376.0	0.0	244.0	
398.0	305.0	225.0	221.0	220.0	309.0	209.0	392.0	356.0	209.0	
336.0	326.0	251.0	263.0	210.0	334.0	226.0	378.0	402.0	263.0	

capacite_W_temoin : 
270.0	251.6	130.8	150.8	188.1	296.0	199.9	318.4	349.2	177.6	
243.89999999999998	197.2	234.89999999999998	135.7	178.5	309.2	154.8	0.0	384.6	213.6	
307.2	352.0	147.39999999999998	174.39999999999998	275.9	358.1	245.2	375.2	296.7	206.2	
191.6	191.89999999999998	0.0	63.3	211.3	169.7	262.3	319.8	0.0	0.0	
239.7	184.1	105.3	94.89999999999999	254.3	324.8	152.3	273.6	392.2	143.8	
267.6	224.8	87.0	64.6	178.8	321.2	271.6	409.8	373.8	214.3	
185.0	199.6	156.39999999999998	73.2	254.3	0.0	227.1	317.4	342.0	176.0	
218.6	192.2	96.3	215.5	163.9	304.7	214.39999999999998	402.8	0.0	139.2	
266.4	182.5	86.5	151.3	222.0	321.7	169.7	369.6	330.8	112.69999999999999	
290.8	241.8	146.3	103.89999999999999	251.0	294.2	148.8	407.4	415.6	237.89999999999998	

demande_cumulee_X : 
172.0	180.0	176.0	182.0	81.0	172.0	77.0	147.0	111.0	124.0	
163.0	237.0	107.0	162.0	88.0	112.0	126.0	0.0	86.0	75.0	
205.0	155.0	149.0	174.0	53.0	54.0	72.0	85.0	105.0	111.0	
292.0	215.0	0.0	211.0	76.0	245.0	77.0	169.0	0.0	0.0	
175.0	228.0	221.0	208.0	59.0	164.0	122.0	171.0	81.0	137.0	
229.0	238.0	186.0	198.0	89.0	139.0	56.0	79.0	115.0	125.0	
283.0	271.0	127.0	218.0	59.0	0.0	94.0	148.0	100.0	110.0	
252.0	294.0	178.0	103.0	113.0	110.0	134.0	86.0	0.0	178.0	
251.0	214.0	206.0	136.0	64.0	80.0	102.0	140.0	132.0	159.0	
146.0	182.0	180.0	238.0	22.0	140.0	145.0	84.0	107.0	104.0	

demande_cumulee_W : 
265.0	34.0	130.0	132.0	159.0	250.0	166.0	102.0	73.0	111.0	
236.0	189.0	141.0	108.0	177.0	140.0	22.0	0.0	143.0	0.0	
286.0	54.0	129.0	167.0	198.0	170.0	0.0	52.0	22.0	85.0	
174.0	173.0	0.0	57.0	193.0	168.0	258.0	262.0	0.0	0.0	
207.0	173.0	104.0	55.0	232.0	276.0	56.0	119.0	214.0	130.0	
265.0	111.0	57.0	58.0	138.0	286.0	52.0	247.0	91.0	149.0	
126.0	131.0	148.0	51.0	237.0	0.0	114.0	256.0	187.0	160.0	
207.0	119.0	84.0	184.0	144.0	214.0	82.0	275.0	0.0	139.0	
257.0	159.0	83.0	124.0	198.0	195.0	121.0	147.0	107.0	93.0	
284.0	103.0	115.0	53.0	216.0	230.0	103.0	78.0	78.0	88.0	

capacite_residuelle_X : 
168.0	152.0	60.0	74.0	126.0	188.0	136.0	211.0	243.0	108.0	
150.0	97.0	156.0	67.0	117.0	212.0	90.0	0.0	276.0	147.0	
189.0	235.0	79.0	94.0	200.0	263.0	172.0	269.0	204.0	133.0	
80.0	98.0	0.0	0.0	145.0	74.0	184.0	207.0	0.0	0.0	
144.0	89.0	30.0	25.0	182.0	212.0	89.0	171.0	283.0	79.0	
153.0	118.0	24.0	4.0	117.0	215.0	196.0	297.0	261.0	136.0	
77.0	91.0	91.0	6.0	182.0	0.0	153.0	210.0	240.0	110.0	
110.0	80.0	33.0	142.0	100.0	209.0	134.0	290.0	0.0	66.0	
147.0	91.0	19.0	85.0	156.0	229.0	107.0	252.0	224.0	50.0	
190.0	144.0	71.0	25.0	188.0	194.0	81.0	294.0	295.0	159.0	

capacite_residuelle_W : 
5.0	217.6	0.8000000000000114	18.80000000000001	29.099999999999994	46.0	33.900000000000006	216.39999999999998	276.2	66.6	
7.899999999999977	8.199999999999989	93.89999999999998	27.69999999999999	1.5	169.2	132.8	0.0	241.60000000000002	213.6	
21.19999999999999	298.0	18.399999999999977	7.399999999999977	77.89999999999998	188.10000000000002	245.2	323.2	274.7	121.19999999999999	
17.599999999999994	18.899999999999977	0.0	6.299999999999997	18.30000000000001	1.6999999999999886	4.300000000000011	57.80000000000001	0.0	0.0	
32.69999999999999	11.099999999999994	1.2999999999999972	39.89999999999999	22.30000000000001	48.80000000000001	96.30000000000001	154.60000000000002	178.2	13.800000000000011	
2.6000000000000227	113.80000000000001	30.0	6.599999999999994	40.80000000000001	35.19999999999999	219.60000000000002	162.8	282.8	65.30000000000001	
59.0	68.6	8.399999999999977	22.200000000000003	17.30000000000001	0.0	113.1	61.39999999999998	155.0	16.0	
11.599999999999994	73.19999999999999	12.299999999999997	31.5	19.900000000000006	90.69999999999999	132.39999999999998	127.80000000000001	0.0	0.19999999999998863	
9.399999999999977	23.5	3.5	27.30000000000001	24.0	126.69999999999999	48.69999999999999	222.60000000000002	223.8	19.69999999999999	
6.800000000000011	138.8	31.30000000000001	50.89999999999999	35.0	64.19999999999999	45.80000000000001	329.4	337.6	149.89999999999998	

min_capacite_X : 
207.0	0.0	228.0	0.0	211.0	202.0	0.0	0.0	209.0	210.0	

min_capacite_W : 
130.8	0.0	147.39999999999998	0.0	94.89999999999999	64.6	0.0	0.0	86.5	103.89999999999999	

max_capacite_X : 
360.0	362.0	394.0	376.0	376.0	382.0	362.0	376.0	398.0	402.0	

max_capacite_W : 
349.2	384.6	375.2	319.8	392.2	409.8	342.0	402.8	369.6	415.6	

moy_capacite_X : 
288.8	246.8	300.1	207.3	287.0	297.5	257.0	261.2	284.4	298.9	

moy_capacite_W : 
233.23999999999995	205.23999999999995	273.83	140.99	216.5	241.35000000000005	193.1	194.76000000000002	221.32	253.77000000000004	

med_capacite_X : 
294.0	246.0	288.5	241.0	284.0	307.5	244.0	256.5	265.0	294.5	

med_capacite_W : 
225.75	205.39999999999998	286.29999999999995	180.64999999999998	211.89999999999998	246.20000000000002	192.3	203.29999999999998	202.25	246.4	

ecartType_capacite_X : 
61.744311478872284	97.98857076210469	59.085446600664696	145.3410127940493	59.95331517105622	73.91244820732162	104.45477490282576	106.337951832824	73.28328595252808	61.902261671121515	

ecartType_capacite_W : 
70.61263626292393	97.82894459207868	75.09534006847562	111.03169322315138	92.43135831523846	106.71510905209253	97.94586259766157	104.12651151363902	92.26635139637852	99.11067601424178	

var_capacite_X : 
3812.3599999999997	9601.759999999998	3491.0899999999992	21124.010000000002	3594.4	5463.05	10910.8	11307.759999999998	5370.44	3831.8899999999994	

var_capacite_W : 
4986.144399999999	9570.502400000001	5639.310100000001	12328.0369	8543.556	11388.1145	9593.392000000002	10842.330399999999	8513.079600000001	9822.926099999999	

covar_capacite_X : 
4235.955555555555	10668.62222222222	3878.988888888889	23471.12222222222	3993.7777777777774	6070.055555555556	12123.111111111111	12564.177777777777	5967.155555555555	4257.655555555555	

covar_capacite_W : 
5540.160444444443	10633.891555555556	6265.900111111112	13697.818777777778	9492.839999999998	12653.460555555555	10659.324444444444	12047.033777777777	9458.977333333332	10914.36233333333	

##########	##########	##########	##########	##########	##########	##########	##########	##########	##########	##########	##########	##########	##########	##########	##########	##########	##########	##########	##########	##########	##########	##########	##########	##########	##########	##########	##########	##########	##########	##########	##########	##########	##########	##########	##########	##########	##########	##########	##########	##########	##########	##########	##########	##########	##########	##########	##########	##########	##########	##########	##########	##########	##########	##########	##########	##########	##########	##########	##########	##########	##########	##########	##########	##########	##########	##########	##########	##########	##########	##########	##########	##########	##########	##########	##########	##########	##########	##########	##########	##########	##########	##########	##########	##########	##########	##########	##########	##########	##########	##########	##########	##########	##########	##########	##########	##########	##########	##########	##########	