nombre de noeuds : 100
nombre de strates : 15
nombre de centres : 10
titre : intelligent
instances : G4_4
temps de calcul : 0.390822172164917
valeur objective : 3306.0
nombre de solutions : 3
nombre de noeuds : 1.0
faisability : True
moy_distances :	105.41
min_distances :	40.0
max_distances :	186.0
var_distances :	743.5913498214468
covar_distances :	743.6664676464619
ecartType_distances :	27.268871443854195
coef_variation	: 0.25868274236170163
distances_centre_x :
-1.0	-1.0	-1.0	-1.0	-1.0	-1.0	-1.0	-1.0	-1.0	-1.0	-1.0	-1.0	90.0	-1.0	-1.0	-1.0	-1.0	-1.0	-1.0	-1.0	-1.0	-1.0	-1.0	-1.0	-1.0	-1.0	-1.0	91.0	-1.0	-1.0	91.0	-1.0	-1.0	56.0	-1.0	-1.0	-1.0	-1.0	56.0	-1.0	101.0	-1.0	-1.0	-1.0	-1.0	102.0	-1.0	-1.0	-1.0	-1.0	-1.0	-1.0	-1.0	-1.0	-1.0	-1.0	-1.0	-1.0	-1.0	-1.0	-1.0	-1.0	-1.0	-1.0	-1.0	-1.0	-1.0	-1.0	-1.0	-1.0	-1.0	-1.0	-1.0	-1.0	-1.0	-1.0	-1.0	-1.0	-1.0	-1.0	-1.0	-1.0	-1.0	-1.0	-1.0	-1.0	-1.0	-1.0	97.0	56.0	-1.0	-1.0	96.0	52.0	-1.0	0.0	-1.0	-1.0	-1.0	-1.0	
-1.0	-1.0	-1.0	-1.0	-1.0	-1.0	-1.0	-1.0	56.0	-1.0	-1.0	-1.0	90.0	-1.0	-1.0	-1.0	-1.0	-1.0	-1.0	-1.0	-1.0	-1.0	56.0	-1.0	-1.0	-1.0	-1.0	98.0	-1.0	-1.0	-1.0	98.0	-1.0	-1.0	-1.0	-1.0	-1.0	-1.0	-1.0	-1.0	101.0	-1.0	-1.0	89.0	-1.0	-1.0	-1.0	-1.0	-1.0	-1.0	-1.0	-1.0	-1.0	-1.0	-1.0	-1.0	-1.0	-1.0	-1.0	-1.0	45.0	-1.0	-1.0	-1.0	-1.0	-1.0	56.0	-1.0	-1.0	-1.0	-1.0	-1.0	-1.0	-1.0	-1.0	-1.0	-1.0	-1.0	-1.0	-1.0	-1.0	-1.0	-1.0	-1.0	-1.0	-1.0	-1.0	100.0	-1.0	-1.0	0.0	-1.0	-1.0	52.0	-1.0	-1.0	-1.0	-1.0	-1.0	-1.0	
-1.0	89.0	-1.0	-1.0	50.0	-1.0	46.0	46.0	56.0	-1.0	50.0	46.0	-1.0	-1.0	106.0	87.0	-1.0	87.0	-1.0	-1.0	50.0	-1.0	90.0	-1.0	96.0	88.0	50.0	87.0	47.0	87.0	55.0	-1.0	50.0	-1.0	-1.0	-1.0	90.0	-1.0	56.0	-1.0	55.0	-1.0	-1.0	94.0	56.0	-1.0	46.0	-1.0	91.0	-1.0	47.0	89.0	50.0	-1.0	-1.0	-1.0	53.0	0.0	-1.0	-1.0	-1.0	-1.0	-1.0	48.0	-1.0	41.0	0.0	54.0	-1.0	56.0	-1.0	-1.0	-1.0	91.0	56.0	-1.0	96.0	-1.0	52.0	87.0	93.0	-1.0	-1.0	-1.0	102.0	98.0	-1.0	-1.0	41.0	0.0	0.0	0.0	96.0	52.0	-1.0	-1.0	58.0	-1.0	59.0	59.0	
58.0	-1.0	-1.0	-1.0	-1.0	-1.0	-1.0	-1.0	-1.0	-1.0	50.0	-1.0	-1.0	-1.0	-1.0	-1.0	-1.0	-1.0	-1.0	-1.0	50.0	-1.0	56.0	-1.0	-1.0	-1.0	-1.0	-1.0	-1.0	-1.0	-1.0	98.0	-1.0	56.0	-1.0	-1.0	-1.0	-1.0	-1.0	-1.0	55.0	-1.0	-1.0	100.0	56.0	-1.0	46.0	50.0	-1.0	-1.0	-1.0	95.0	58.0	-1.0	-1.0	-1.0	-1.0	-1.0	-1.0	-1.0	45.0	-1.0	-1.0	-1.0	-1.0	-1.0	-1.0	-1.0	-1.0	56.0	-1.0	-1.0	0.0	-1.0	56.0	-1.0	-1.0	-1.0	-1.0	-1.0	-1.0	-1.0	53.0	-1.0	-1.0	-1.0	-1.0	-1.0	-1.0	-1.0	0.0	-1.0	-1.0	52.0	-1.0	0.0	-1.0	-1.0	-1.0	-1.0	
-1.0	-1.0	-1.0	-1.0	50.0	-1.0	-1.0	-1.0	56.0	-1.0	-1.0	-1.0	-1.0	-1.0	-1.0	-1.0	-1.0	-1.0	-1.0	-1.0	50.0	94.0	-1.0	-1.0	-1.0	-1.0	-1.0	-1.0	-1.0	-1.0	-1.0	-1.0	-1.0	56.0	-1.0	-1.0	-1.0	-1.0	-1.0	-1.0	-1.0	-1.0	-1.0	-1.0	-1.0	-1.0	46.0	-1.0	-1.0	-1.0	-1.0	95.0	58.0	95.0	-1.0	-1.0	-1.0	-1.0	-1.0	-1.0	-1.0	-1.0	-1.0	-1.0	-1.0	-1.0	-1.0	-1.0	96.0	56.0	-1.0	-1.0	0.0	-1.0	56.0	-1.0	-1.0	-1.0	-1.0	-1.0	-1.0	-1.0	-1.0	-1.0	-1.0	-1.0	-1.0	-1.0	-1.0	0.0	0.0	-1.0	-1.0	52.0	54.0	0.0	-1.0	-1.0	59.0	-1.0	
-1.0	-1.0	-1.0	96.0	-1.0	-1.0	-1.0	-1.0	-1.0	-1.0	50.0	-1.0	-1.0	55.0	-1.0	99.0	48.0	98.0	-1.0	-1.0	-1.0	-1.0	56.0	-1.0	-1.0	-1.0	-1.0	-1.0	89.0	-1.0	55.0	98.0	-1.0	-1.0	-1.0	-1.0	-1.0	-1.0	-1.0	-1.0	55.0	-1.0	-1.0	89.0	56.0	-1.0	46.0	50.0	-1.0	-1.0	-1.0	89.0	50.0	95.0	-1.0	-1.0	-1.0	-1.0	50.0	-1.0	45.0	-1.0	-1.0	-1.0	-1.0	-1.0	0.0	-1.0	96.0	56.0	-1.0	-1.0	0.0	91.0	56.0	-1.0	-1.0	-1.0	52.0	-1.0	-1.0	-1.0	-1.0	-1.0	104.0	106.0	-1.0	-1.0	-1.0	-1.0	0.0	-1.0	-1.0	52.0	-1.0	-1.0	-1.0	-1.0	59.0	-1.0	
-1.0	-1.0	-1.0	-1.0	-1.0	-1.0	-1.0	-1.0	56.0	-1.0	-1.0	-1.0	-1.0	-1.0	-1.0	-1.0	-1.0	-1.0	-1.0	-1.0	-1.0	-1.0	-1.0	-1.0	98.0	-1.0	-1.0	-1.0	-1.0	-1.0	-1.0	-1.0	-1.0	-1.0	-1.0	-1.0	-1.0	-1.0	56.0	-1.0	-1.0	-1.0	-1.0	-1.0	-1.0	-1.0	-1.0	-1.0	-1.0	-1.0	-1.0	-1.0	-1.0	-1.0	-1.0	-1.0	101.0	-1.0	-1.0	-1.0	45.0	-1.0	-1.0	106.0	-1.0	-1.0	-1.0	-1.0	-1.0	-1.0	-1.0	-1.0	-1.0	-1.0	-1.0	-1.0	-1.0	-1.0	-1.0	-1.0	-1.0	-1.0	-1.0	-1.0	-1.0	-1.0	-1.0	-1.0	97.0	56.0	0.0	0.0	-1.0	52.0	-1.0	-1.0	-1.0	-1.0	-1.0	-1.0	
-1.0	-1.0	-1.0	-1.0	-1.0	-1.0	-1.0	-1.0	56.0	-1.0	-1.0	-1.0	-1.0	55.0	-1.0	99.0	-1.0	-1.0	-1.0	-1.0	50.0	-1.0	-1.0	-1.0	-1.0	-1.0	-1.0	-1.0	-1.0	-1.0	55.0	-1.0	-1.0	56.0	-1.0	-1.0	-1.0	-1.0	-1.0	-1.0	-1.0	-1.0	-1.0	-1.0	56.0	102.0	46.0	50.0	-1.0	-1.0	-1.0	95.0	58.0	-1.0	-1.0	-1.0	-1.0	-1.0	-1.0	-1.0	45.0	-1.0	-1.0	-1.0	-1.0	50.0	-1.0	-1.0	-1.0	-1.0	-1.0	-1.0	0.0	96.0	56.0	-1.0	-1.0	-1.0	-1.0	-1.0	-1.0	-1.0	53.0	-1.0	-1.0	-1.0	-1.0	-1.0	-1.0	0.0	0.0	0.0	-1.0	52.0	-1.0	-1.0	-1.0	-1.0	59.0	-1.0	
-1.0	-1.0	-1.0	-1.0	-1.0	-1.0	-1.0	-1.0	-1.0	-1.0	50.0	-1.0	90.0	-1.0	106.0	-1.0	-1.0	96.0	98.0	-1.0	50.0	94.0	-1.0	-1.0	-1.0	-1.0	92.0	-1.0	-1.0	-1.0	97.0	98.0	-1.0	-1.0	-1.0	-1.0	-1.0	-1.0	56.0	-1.0	55.0	-1.0	90.0	-1.0	56.0	-1.0	46.0	-1.0	-1.0	94.0	92.0	-1.0	-1.0	-1.0	-1.0	-1.0	-1.0	-1.0	-1.0	-1.0	45.0	-1.0	-1.0	-1.0	-1.0	-1.0	56.0	-1.0	-1.0	-1.0	-1.0	-1.0	0.0	-1.0	56.0	-1.0	96.0	-1.0	-1.0	-1.0	-1.0	-1.0	53.0	-1.0	-1.0	-1.0	-1.0	99.0	-1.0	0.0	0.0	0.0	-1.0	52.0	54.0	0.0	-1.0	-1.0	-1.0	-1.0	
-1.0	-1.0	-1.0	-1.0	50.0	-1.0	-1.0	-1.0	56.0	-1.0	50.0	-1.0	-1.0	-1.0	-1.0	-1.0	-1.0	-1.0	-1.0	-1.0	-1.0	-1.0	56.0	-1.0	-1.0	-1.0	-1.0	-1.0	-1.0	-1.0	55.0	98.0	-1.0	-1.0	-1.0	-1.0	-1.0	-1.0	-1.0	55.0	55.0	-1.0	-1.0	89.0	-1.0	-1.0	46.0	-1.0	-1.0	-1.0	-1.0	-1.0	-1.0	95.0	-1.0	-1.0	-1.0	-1.0	50.0	-1.0	45.0	-1.0	-1.0	-1.0	-1.0	41.0	56.0	-1.0	-1.0	56.0	-1.0	0.0	0.0	-1.0	56.0	-1.0	-1.0	-1.0	-1.0	-1.0	-1.0	-1.0	53.0	-1.0	-1.0	-1.0	-1.0	-1.0	41.0	0.0	0.0	0.0	-1.0	52.0	54.0	-1.0	58.0	-1.0	-1.0	-1.0	
-1.0	-1.0	-1.0	-1.0	-1.0	-1.0	-1.0	-1.0	-1.0	-1.0	-1.0	-1.0	-1.0	-1.0	-1.0	-1.0	-1.0	-1.0	-1.0	-1.0	-1.0	-1.0	-1.0	-1.0	-1.0	-1.0	-1.0	-1.0	-1.0	-1.0	-1.0	-1.0	-1.0	56.0	-1.0	-1.0	-1.0	-1.0	56.0	-1.0	-1.0	-1.0	-1.0	-1.0	-1.0	-1.0	-1.0	-1.0	-1.0	-1.0	-1.0	-1.0	-1.0	-1.0	-1.0	-1.0	-1.0	-1.0	-1.0	-1.0	-1.0	-1.0	-1.0	-1.0	-1.0	-1.0	-1.0	-1.0	-1.0	-1.0	-1.0	-1.0	-1.0	-1.0	-1.0	-1.0	-1.0	-1.0	-1.0	-1.0	-1.0	-1.0	-1.0	-1.0	-1.0	-1.0	-1.0	-1.0	-1.0	-1.0	-1.0	0.0	-1.0	52.0	-1.0	-1.0	-1.0	-1.0	-1.0	-1.0	
-1.0	100.0	-1.0	-1.0	-1.0	-1.0	-1.0	-1.0	-1.0	-1.0	-1.0	-1.0	90.0	-1.0	-1.0	-1.0	-1.0	-1.0	-1.0	-1.0	-1.0	-1.0	-1.0	-1.0	-1.0	-1.0	-1.0	-1.0	-1.0	-1.0	-1.0	-1.0	-1.0	-1.0	-1.0	-1.0	-1.0	-1.0	-1.0	-1.0	101.0	-1.0	-1.0	-1.0	-1.0	102.0	-1.0	-1.0	-1.0	-1.0	-1.0	-1.0	-1.0	-1.0	-1.0	-1.0	-1.0	-1.0	-1.0	-1.0	-1.0	-1.0	-1.0	-1.0	-1.0	-1.0	-1.0	-1.0	-1.0	-1.0	-1.0	-1.0	-1.0	-1.0	-1.0	-1.0	-1.0	-1.0	-1.0	-1.0	-1.0	-1.0	-1.0	-1.0	-1.0	-1.0	-1.0	-1.0	-1.0	-1.0	-1.0	-1.0	-1.0	52.0	-1.0	0.0	-1.0	-1.0	-1.0	-1.0	
-1.0	-1.0	-1.0	-1.0	50.0	-1.0	-1.0	-1.0	-1.0	-1.0	-1.0	-1.0	90.0	-1.0	-1.0	-1.0	-1.0	-1.0	-1.0	-1.0	-1.0	-1.0	-1.0	-1.0	-1.0	-1.0	-1.0	-1.0	-1.0	-1.0	-1.0	-1.0	-1.0	-1.0	-1.0	-1.0	-1.0	-1.0	-1.0	-1.0	-1.0	-1.0	-1.0	-1.0	-1.0	-1.0	-1.0	-1.0	-1.0	-1.0	-1.0	-1.0	-1.0	-1.0	-1.0	-1.0	-1.0	-1.0	-1.0	-1.0	-1.0	-1.0	-1.0	-1.0	-1.0	-1.0	-1.0	-1.0	-1.0	-1.0	-1.0	-1.0	-1.0	-1.0	-1.0	-1.0	-1.0	-1.0	-1.0	-1.0	-1.0	-1.0	-1.0	-1.0	-1.0	-1.0	-1.0	-1.0	-1.0	-1.0	-1.0	-1.0	-1.0	52.0	-1.0	-1.0	-1.0	-1.0	-1.0	-1.0	
-1.0	-1.0	-1.0	-1.0	-1.0	-1.0	-1.0	-1.0	56.0	-1.0	-1.0	-1.0	90.0	56.0	-1.0	-1.0	-1.0	-1.0	-1.0	-1.0	-1.0	-1.0	56.0	-1.0	-1.0	-1.0	-1.0	-1.0	-1.0	-1.0	91.0	-1.0	-1.0	-1.0	-1.0	-1.0	-1.0	-1.0	56.0	-1.0	101.0	-1.0	-1.0	89.0	-1.0	-1.0	-1.0	-1.0	-1.0	-1.0	-1.0	-1.0	58.0	-1.0	-1.0	-1.0	-1.0	-1.0	-1.0	-1.0	45.0	-1.0	-1.0	-1.0	-1.0	-1.0	-1.0	-1.0	-1.0	-1.0	-1.0	-1.0	-1.0	-1.0	-1.0	-1.0	-1.0	-1.0	-1.0	-1.0	-1.0	-1.0	-1.0	-1.0	-1.0	-1.0	-1.0	-1.0	97.0	56.0	0.0	-1.0	-1.0	-1.0	-1.0	0.0	-1.0	-1.0	-1.0	-1.0	
-1.0	40.0	-1.0	89.0	-1.0	-1.0	-1.0	-1.0	56.0	-1.0	50.0	46.0	-1.0	-1.0	-1.0	87.0	48.0	80.0	0.0	-1.0	50.0	-1.0	-1.0	-1.0	96.0	-1.0	-1.0	82.0	89.0	-1.0	55.0	-1.0	50.0	-1.0	47.0	-1.0	-1.0	-1.0	42.0	55.0	55.0	-1.0	56.0	89.0	56.0	102.0	46.0	50.0	-1.0	-1.0	47.0	89.0	50.0	95.0	-1.0	-1.0	53.0	0.0	50.0	-1.0	45.0	-1.0	-1.0	-1.0	48.0	41.0	0.0	49.0	-1.0	56.0	-1.0	-1.0	0.0	-1.0	56.0	-1.0	51.0	-1.0	52.0	-1.0	93.0	53.0	-1.0	101.0	102.0	98.0	-1.0	-1.0	41.0	0.0	0.0	-1.0	96.0	52.0	-1.0	-1.0	58.0	-1.0	59.0	59.0	

distances_centre_w :
-1.0	-1.0	-1.0	-1.0	-1.0	-1.0	-1.0	-1.0	115.0	-1.0	-1.0	-1.0	-1.0	-1.0	-1.0	-1.0	-1.0	98.0	-1.0	-1.0	-1.0	-1.0	106.0	-1.0	106.0	-1.0	-1.0	98.0	95.0	99.0	111.0	-1.0	-1.0	-1.0	-1.0	-1.0	-1.0	-1.0	100.0	-1.0	111.0	-1.0	-1.0	-1.0	112.0	-1.0	-1.0	-1.0	-1.0	-1.0	-1.0	-1.0	-1.0	-1.0	-1.0	-1.0	-1.0	95.0	-1.0	-1.0	-1.0	-1.0	-1.0	-1.0	104.0	-1.0	-1.0	-1.0	-1.0	-1.0	-1.0	-1.0	-1.0	-1.0	112.0	-1.0	-1.0	-1.0	-1.0	-1.0	-1.0	109.0	-1.0	-1.0	-1.0	-1.0	-1.0	-1.0	-1.0	-1.0	59.0	-1.0	-1.0	-1.0	-1.0	-1.0	-1.0	-1.0	115.0	-1.0	
-1.0	100.0	104.0	-1.0	-1.0	-1.0	-1.0	-1.0	-1.0	-1.0	-1.0	113.0	-1.0	-1.0	-1.0	-1.0	-1.0	96.0	-1.0	-1.0	-1.0	-1.0	-1.0	-1.0	98.0	-1.0	-1.0	-1.0	-1.0	-1.0	-1.0	-1.0	-1.0	-1.0	-1.0	-1.0	-1.0	-1.0	-1.0	-1.0	-1.0	-1.0	-1.0	-1.0	112.0	-1.0	-1.0	-1.0	-1.0	-1.0	-1.0	101.0	-1.0	101.0	-1.0	-1.0	-1.0	-1.0	-1.0	-1.0	56.0	-1.0	-1.0	-1.0	-1.0	-1.0	115.0	56.0	-1.0	-1.0	-1.0	-1.0	-1.0	-1.0	-1.0	-1.0	-1.0	-1.0	-1.0	-1.0	-1.0	-1.0	-1.0	-1.0	-1.0	-1.0	-1.0	-1.0	-1.0	-1.0	-1.0	-1.0	-1.0	-1.0	-1.0	-1.0	-1.0	-1.0	-1.0	115.0	
-1.0	90.0	-1.0	-1.0	96.0	-1.0	97.0	100.0	88.0	-1.0	100.0	110.0	-1.0	-1.0	110.0	99.0	-1.0	96.0	-1.0	-1.0	86.0	-1.0	95.0	-1.0	98.0	91.0	92.0	91.0	89.0	88.0	89.0	-1.0	90.0	-1.0	-1.0	-1.0	92.0	-1.0	58.0	-1.0	101.0	-1.0	-1.0	100.0	89.0	-1.0	94.0	-1.0	94.0	-1.0	50.0	95.0	58.0	-1.0	-1.0	-1.0	92.0	47.0	-1.0	-1.0	-1.0	-1.0	-1.0	95.0	-1.0	50.0	56.0	56.0	-1.0	95.0	-1.0	-1.0	-1.0	96.0	98.0	-1.0	106.0	-1.0	91.0	98.0	108.0	-1.0	-1.0	-1.0	104.0	106.0	-1.0	-1.0	97.0	103.0	56.0	48.0	102.0	111.0	-1.0	-1.0	83.0	-1.0	106.0	106.0	
-1.0	-1.0	-1.0	-1.0	-1.0	-1.0	-1.0	-1.0	-1.0	-1.0	-1.0	-1.0	-1.0	-1.0	-1.0	99.0	-1.0	98.0	-1.0	-1.0	-1.0	-1.0	-1.0	-1.0	106.0	-1.0	-1.0	-1.0	-1.0	99.0	-1.0	103.0	-1.0	92.0	-1.0	-1.0	-1.0	-1.0	100.0	-1.0	101.0	-1.0	-1.0	106.0	93.0	-1.0	94.0	-1.0	-1.0	-1.0	-1.0	-1.0	-1.0	-1.0	-1.0	-1.0	-1.0	-1.0	102.0	-1.0	-1.0	-1.0	103.0	-1.0	-1.0	-1.0	56.0	-1.0	-1.0	-1.0	99.0	-1.0	56.0	-1.0	-1.0	97.0	106.0	-1.0	-1.0	-1.0	107.0	-1.0	98.0	95.0	-1.0	106.0	-1.0	-1.0	-1.0	-1.0	56.0	-1.0	-1.0	-1.0	-1.0	-1.0	-1.0	-1.0	-1.0	-1.0	
-1.0	-1.0	-1.0	-1.0	96.0	-1.0	90.0	-1.0	-1.0	-1.0	-1.0	-1.0	-1.0	-1.0	106.0	-1.0	-1.0	96.0	-1.0	-1.0	-1.0	96.0	-1.0	-1.0	-1.0	-1.0	92.0	-1.0	-1.0	-1.0	-1.0	-1.0	-1.0	92.0	-1.0	-1.0	-1.0	92.0	-1.0	-1.0	-1.0	-1.0	-1.0	100.0	-1.0	-1.0	94.0	-1.0	94.0	-1.0	-1.0	-1.0	-1.0	100.0	-1.0	-1.0	-1.0	-1.0	96.0	-1.0	-1.0	-1.0	-1.0	53.0	-1.0	-1.0	56.0	95.0	-1.0	-1.0	-1.0	106.0	56.0	-1.0	-1.0	97.0	-1.0	-1.0	107.0	98.0	107.0	-1.0	-1.0	-1.0	105.0	106.0	-1.0	-1.0	-1.0	56.0	-1.0	-1.0	-1.0	-1.0	-1.0	-1.0	-1.0	107.0	-1.0	-1.0	
-1.0	90.0	-1.0	99.0	-1.0	-1.0	90.0	100.0	-1.0	-1.0	-1.0	-1.0	-1.0	56.0	106.0	99.0	89.0	98.0	105.0	-1.0	-1.0	-1.0	90.0	-1.0	98.0	-1.0	50.0	-1.0	-1.0	-1.0	89.0	103.0	-1.0	-1.0	-1.0	-1.0	-1.0	98.0	-1.0	-1.0	101.0	-1.0	-1.0	-1.0	93.0	-1.0	94.0	93.0	-1.0	94.0	-1.0	95.0	58.0	100.0	-1.0	-1.0	97.0	95.0	-1.0	-1.0	50.0	48.0	-1.0	53.0	-1.0	-1.0	56.0	109.0	105.0	-1.0	-1.0	-1.0	56.0	106.0	-1.0	101.0	106.0	-1.0	-1.0	-1.0	-1.0	-1.0	-1.0	-1.0	104.0	109.0	-1.0	-1.0	-1.0	-1.0	56.0	-1.0	-1.0	-1.0	-1.0	-1.0	-1.0	104.0	-1.0	97.0	
-1.0	100.0	-1.0	-1.0	-1.0	-1.0	-1.0	-1.0	-1.0	-1.0	-1.0	-1.0	-1.0	-1.0	-1.0	-1.0	-1.0	96.0	105.0	-1.0	-1.0	-1.0	-1.0	-1.0	106.0	-1.0	-1.0	-1.0	-1.0	-1.0	-1.0	-1.0	-1.0	-1.0	-1.0	-1.0	-1.0	-1.0	-1.0	-1.0	-1.0	-1.0	-1.0	-1.0	-1.0	-1.0	102.0	56.0	-1.0	-1.0	-1.0	-1.0	58.0	-1.0	-1.0	-1.0	-1.0	-1.0	-1.0	-1.0	56.0	92.0	-1.0	109.0	-1.0	-1.0	56.0	-1.0	-1.0	-1.0	-1.0	-1.0	-1.0	-1.0	106.0	-1.0	-1.0	-1.0	-1.0	109.0	108.0	-1.0	-1.0	-1.0	-1.0	109.0	-1.0	100.0	-1.0	-1.0	-1.0	-1.0	-1.0	-1.0	-1.0	-1.0	-1.0	-1.0	-1.0	-1.0	
-1.0	-1.0	-1.0	96.0	-1.0	-1.0	90.0	-1.0	-1.0	-1.0	-1.0	-1.0	-1.0	56.0	-1.0	-1.0	-1.0	96.0	-1.0	-1.0	105.0	-1.0	-1.0	-1.0	98.0	-1.0	-1.0	91.0	-1.0	-1.0	91.0	-1.0	-1.0	92.0	-1.0	-1.0	-1.0	-1.0	56.0	-1.0	-1.0	-1.0	-1.0	-1.0	-1.0	-1.0	94.0	56.0	94.0	-1.0	-1.0	-1.0	-1.0	-1.0	-1.0	-1.0	-1.0	-1.0	101.0	-1.0	56.0	-1.0	-1.0	53.0	-1.0	-1.0	56.0	-1.0	-1.0	-1.0	-1.0	-1.0	56.0	-1.0	106.0	-1.0	96.0	-1.0	107.0	98.0	107.0	-1.0	98.0	-1.0	-1.0	106.0	-1.0	-1.0	-1.0	56.0	-1.0	-1.0	-1.0	-1.0	-1.0	-1.0	-1.0	-1.0	-1.0	-1.0	
-1.0	90.0	-1.0	96.0	-1.0	-1.0	90.0	-1.0	-1.0	-1.0	-1.0	113.0	-1.0	-1.0	110.0	99.0	-1.0	98.0	102.0	-1.0	-1.0	-1.0	-1.0	-1.0	-1.0	-1.0	115.0	104.0	-1.0	-1.0	111.0	-1.0	-1.0	-1.0	97.0	-1.0	-1.0	-1.0	112.0	-1.0	101.0	-1.0	-1.0	101.0	112.0	-1.0	105.0	-1.0	-1.0	103.0	95.0	-1.0	-1.0	-1.0	-1.0	-1.0	101.0	95.0	-1.0	-1.0	-1.0	48.0	96.0	96.0	-1.0	-1.0	115.0	-1.0	-1.0	-1.0	-1.0	-1.0	106.0	-1.0	-1.0	-1.0	-1.0	-1.0	107.0	-1.0	107.0	-1.0	98.0	-1.0	104.0	106.0	-1.0	-1.0	-1.0	56.0	56.0	56.0	-1.0	113.0	58.0	-1.0	-1.0	-1.0	-1.0	-1.0	
-1.0	-1.0	-1.0	-1.0	96.0	-1.0	-1.0	-1.0	-1.0	-1.0	-1.0	-1.0	-1.0	-1.0	-1.0	99.0	89.0	98.0	-1.0	-1.0	-1.0	-1.0	90.0	-1.0	96.0	-1.0	50.0	-1.0	-1.0	-1.0	89.0	103.0	-1.0	-1.0	-1.0	-1.0	-1.0	-1.0	56.0	93.0	101.0	-1.0	-1.0	-1.0	-1.0	-1.0	94.0	-1.0	-1.0	-1.0	50.0	-1.0	-1.0	100.0	-1.0	-1.0	-1.0	-1.0	-1.0	-1.0	-1.0	-1.0	96.0	53.0	-1.0	50.0	-1.0	95.0	-1.0	-1.0	-1.0	-1.0	56.0	-1.0	-1.0	-1.0	96.0	-1.0	-1.0	98.0	104.0	-1.0	98.0	-1.0	104.0	106.0	-1.0	-1.0	97.0	56.0	56.0	-1.0	-1.0	-1.0	58.0	-1.0	83.0	-1.0	-1.0	-1.0	
-1.0	-1.0	-1.0	-1.0	-1.0	-1.0	-1.0	-1.0	-1.0	-1.0	-1.0	-1.0	-1.0	-1.0	-1.0	-1.0	-1.0	98.0	-1.0	-1.0	-1.0	-1.0	-1.0	-1.0	-1.0	99.0	-1.0	-1.0	-1.0	99.0	-1.0	-1.0	-1.0	-1.0	-1.0	-1.0	-1.0	-1.0	100.0	-1.0	-1.0	-1.0	-1.0	100.0	-1.0	-1.0	-1.0	-1.0	-1.0	103.0	-1.0	-1.0	-1.0	-1.0	-1.0	-1.0	-1.0	-1.0	-1.0	-1.0	-1.0	-1.0	-1.0	-1.0	-1.0	-1.0	-1.0	-1.0	-1.0	-1.0	-1.0	-1.0	-1.0	-1.0	-1.0	-1.0	-1.0	-1.0	-1.0	-1.0	-1.0	-1.0	-1.0	-1.0	-1.0	-1.0	-1.0	-1.0	-1.0	-1.0	-1.0	-1.0	-1.0	-1.0	-1.0	-1.0	-1.0	-1.0	-1.0	-1.0	
-1.0	-1.0	-1.0	-1.0	-1.0	-1.0	-1.0	-1.0	-1.0	-1.0	-1.0	-1.0	-1.0	-1.0	-1.0	-1.0	-1.0	98.0	-1.0	-1.0	-1.0	-1.0	-1.0	-1.0	-1.0	-1.0	-1.0	91.0	-1.0	-1.0	91.0	-1.0	-1.0	-1.0	-1.0	103.0	-1.0	-1.0	-1.0	-1.0	-1.0	-1.0	-1.0	-1.0	-1.0	-1.0	-1.0	-1.0	-1.0	-1.0	-1.0	-1.0	58.0	-1.0	-1.0	-1.0	-1.0	-1.0	-1.0	-1.0	-1.0	-1.0	-1.0	-1.0	-1.0	-1.0	-1.0	-1.0	-1.0	-1.0	-1.0	-1.0	-1.0	108.0	-1.0	-1.0	-1.0	-1.0	-1.0	109.0	-1.0	-1.0	-1.0	-1.0	-1.0	-1.0	-1.0	-1.0	-1.0	-1.0	-1.0	-1.0	-1.0	-1.0	-1.0	-1.0	-1.0	-1.0	-1.0	-1.0	
-1.0	-1.0	58.0	-1.0	-1.0	-1.0	-1.0	-1.0	-1.0	-1.0	-1.0	-1.0	-1.0	-1.0	-1.0	-1.0	-1.0	98.0	-1.0	-1.0	-1.0	-1.0	-1.0	-1.0	-1.0	-1.0	98.0	-1.0	-1.0	-1.0	-1.0	-1.0	-1.0	-1.0	-1.0	-1.0	-1.0	-1.0	-1.0	93.0	101.0	-1.0	-1.0	-1.0	-1.0	-1.0	-1.0	-1.0	-1.0	-1.0	-1.0	-1.0	58.0	-1.0	-1.0	-1.0	-1.0	-1.0	-1.0	-1.0	-1.0	-1.0	-1.0	-1.0	-1.0	-1.0	-1.0	109.0	-1.0	-1.0	-1.0	-1.0	-1.0	-1.0	-1.0	-1.0	-1.0	-1.0	-1.0	-1.0	-1.0	-1.0	-1.0	-1.0	-1.0	-1.0	-1.0	-1.0	97.0	56.0	-1.0	-1.0	-1.0	-1.0	-1.0	-1.0	-1.0	-1.0	-1.0	-1.0	
-1.0	100.0	-1.0	96.0	-1.0	96.0	-1.0	-1.0	-1.0	-1.0	-1.0	-1.0	-1.0	-1.0	-1.0	-1.0	-1.0	-1.0	-1.0	-1.0	-1.0	-1.0	-1.0	-1.0	98.0	-1.0	-1.0	98.0	-1.0	-1.0	-1.0	-1.0	-1.0	-1.0	-1.0	-1.0	-1.0	-1.0	-1.0	-1.0	-1.0	-1.0	-1.0	-1.0	-1.0	-1.0	102.0	-1.0	-1.0	-1.0	-1.0	-1.0	-1.0	101.0	-1.0	-1.0	-1.0	-1.0	-1.0	-1.0	-1.0	-1.0	103.0	-1.0	-1.0	106.0	56.0	-1.0	-1.0	-1.0	-1.0	-1.0	-1.0	-1.0	112.0	-1.0	-1.0	-1.0	-1.0	-1.0	-1.0	-1.0	-1.0	-1.0	-1.0	-1.0	-1.0	100.0	-1.0	101.0	-1.0	-1.0	-1.0	-1.0	-1.0	-1.0	-1.0	-1.0	-1.0	-1.0	
-1.0	89.0	-1.0	96.0	-1.0	-1.0	-1.0	-1.0	88.0	-1.0	100.0	93.0	-1.0	-1.0	-1.0	99.0	87.0	87.0	91.0	-1.0	83.0	-1.0	-1.0	-1.0	101.0	-1.0	-1.0	87.0	95.0	-1.0	89.0	-1.0	52.0	-1.0	82.0	-1.0	-1.0	-1.0	56.0	93.0	101.0	-1.0	89.0	106.0	83.0	107.0	94.0	56.0	-1.0	-1.0	50.0	95.0	58.0	100.0	-1.0	-1.0	92.0	47.0	87.0	-1.0	47.0	-1.0	-1.0	-1.0	89.0	50.0	56.0	54.0	-1.0	95.0	-1.0	-1.0	56.0	-1.0	98.0	-1.0	96.0	-1.0	91.0	-1.0	104.0	96.0	-1.0	103.0	105.0	106.0	-1.0	-1.0	97.0	56.0	56.0	-1.0	102.0	88.0	-1.0	-1.0	104.0	-1.0	59.0	106.0	

maxX :
102.0	101.0	106.0	100.0	96.0	106.0	106.0	102.0	106.0	98.0	56.0	102.0	90.0	101.0	102.0	

maxW :
115.0	115.0	111.0	107.0	107.0	109.0	109.0	107.0	115.0	106.0	103.0	109.0	109.0	112.0	107.0	

minX :
0.0	0.0	0.0	0.0	0.0	0.0	0.0	0.0	0.0	0.0	0.0	0.0	50.0	0.0	0.0	

minW :
59.0	56.0	47.0	56.0	53.0	48.0	56.0	53.0	48.0	50.0	98.0	58.0	56.0	56.0	47.0	

moyX :
74.0	70.08333333333333	61.648148148148145	51.904761904761905	51.21052631578947	63.78125	60.63636363636363	51.69565217391305	62.36666666666667	46.925925925925924	41.0	74.16666666666667	64.0	60.785714285714285	56.54545454545455	

moyW :
102.6470588235294	97.25	89.55555555555556	94.43478260869566	92.03846153846153	88.78048780487805	91.75	85.03846153846153	96.44444444444444	84.19354838709677	99.83333333333333	94.0	85.33333333333333	97.61538461538461	84.49090909090908	

medX :
90.5	72.5	56.0	55.0	56.0	56.0	56.0	55.0	56.0	53.0	54.0	95.0	52.0	56.0	53.0	

medW :
106.0	101.0	95.0	99.0	96.0	97.0	101.0	94.0	101.0	95.0	99.5	98.0	97.0	100.0	91.0	

ecartTypeX :
29.28594657283023	29.758635534729894	27.91531997243158	26.40329121242412	31.11875208458622	29.228340671983073	35.85646316095919	29.17180709045114	34.32053159391458	26.279024061485668	23.727621035409346	37.42733700860316	18.40289832245635	30.766815544926164	27.421834818140603	

ecartTypeW :
12.764570343547145	19.541089188340212	17.50096999075434	15.4717866283917	16.54244138160705	19.391363673756935	20.873128658636684	20.18659259781252	18.00994238445415	19.981312809785486	1.5723301886761005	16.177585905019505	20.210008521632158	12.70092947258017	19.043369380321643	

varX :
857.6666666666666	885.5763888888888	779.2650891632373	697.1337868480726	968.3767313019391	854.2958984375	1285.685950413223	850.9943289224954	1177.898888888889	690.5871056241427	563.0	1400.8055555555557	338.6666666666667	946.5969387755102	751.9570247933882	

varW :
162.9342560553633	381.8541666666667	306.28395061728395	239.37618147448018	273.65236686390534	376.0249851279001	435.6875	407.4985207100592	324.358024691358	399.2528616024975	2.472222222222222	261.7142857142857	408.44444444444446	161.3136094674556	362.6499173553719	

covarX :
935.6363636363636	966.0833333333333	793.9682040531096	731.9904761904763	1022.1754385964913	881.8538306451612	1414.2545454545455	889.6758893280635	1218.516091954023	717.1481481481483	750.6666666666666	1680.966666666667	508.0	1019.4120879120879	765.8821548821546	

covarW :
173.1176470588235	416.5681818181818	312.062893081761	250.25691699604747	284.59846153846155	385.4256097560976	464.73333333333335	423.7984615384614	333.6253968253968	412.56129032258065	2.966666666666667	305.3333333333333	459.5	174.75641025641022	369.36565656565654	

coef_variationX :
0.3957560347679761	0.4246178673207595	0.4528168454524798	0.5086872618907399	0.6076631958963393	0.4582591384142373	0.5913359741687423	0.5642990438018303	0.5503024841354556	0.5600107732124018	0.5787224642782767	0.5046382518013909	0.28754528628838044	0.5061520771198194	0.4849520627002357	

coef_variationW :
0.12435398042424153	0.2009366497515703	0.1954202604426663	0.16383567792495812	0.17973400581771137	0.21841920621539404	0.22750003987614914	0.23738191205026032	0.18673903394019278	0.23732593758749046	0.01574955113865877	0.17210197771297345	0.23683603736287687	0.13011196465212152	0.2253895665843965	

moy_distances_centre :	109.28888888888889
min_distances_centre :	47.0
max_distances_centre :	162.0
med_distances_centre :	105.0
ecartType_distances_centre :	29.879478072358346
var_distances_centre :	892.7832098765433
covar_distances_centre :	902.8144818976277
coef_variation_distances_centre :	0.2733990470223923
capacite_X_temoin : 
374.0	334.0	374.0	326.0	0.0	364.0	0.0	0.0	356.0	366.0	
309.0	305.0	366.0	0.0	386.0	368.0	0.0	307.0	350.0	398.0	
0.0	344.0	364.0	400.0	396.0	384.0	328.0	348.0	390.0	376.0	
346.0	321.0	324.0	350.0	0.0	340.0	338.0	334.0	384.0	313.0	
356.0	338.0	311.0	352.0	0.0	384.0	364.0	311.0	384.0	374.0	
334.0	364.0	0.0	324.0	388.0	398.0	311.0	386.0	350.0	303.0	
0.0	315.0	311.0	354.0	352.0	358.0	0.0	360.0	396.0	346.0	
370.0	350.0	326.0	344.0	0.0	398.0	358.0	358.0	368.0	396.0	
0.0	394.0	380.0	0.0	0.0	311.0	370.0	348.0	307.0	321.0	
396.0	370.0	344.0	0.0	382.0	376.0	402.0	394.0	364.0	342.0	
342.0	378.0	328.0	0.0	326.0	348.0	362.0	0.0	366.0	324.0	
0.0	326.0	313.0	346.0	372.0	370.0	0.0	346.0	0.0	303.0	
334.0	366.0	358.0	362.0	388.0	362.0	303.0	0.0	364.0	400.0	
348.0	309.0	358.0	317.0	0.0	332.0	0.0	344.0	372.0	324.0	
305.0	319.0	307.0	348.0	338.0	317.0	338.0	368.0	305.0	346.0	

capacite_W_temoin : 
232.2	189.2	153.2	244.8	0.0	280.2	0.0	0.0	341.8	284.8	
202.7	264.5	124.8	0.0	349.8	261.4	0.0	216.1	398.0	433.4	
0.0	146.2	231.2	444.0	300.8	385.2	117.39999999999999	394.4	417.0	433.8	
130.8	186.3	259.2	428.0	0.0	267.0	274.4	357.2	449.2	301.9	
118.8	135.39999999999998	302.3	376.6	0.0	329.2	321.2	342.3	477.2	378.2	
171.2	171.2	0.0	335.2	359.4	333.4	135.3	369.8	429.0	339.9	
0.0	195.5	128.3	301.2	190.6	323.4	0.0	392.0	362.8	399.8	
174.0	184.0	285.8	332.2	0.0	340.4	235.39999999999998	383.4	429.4	421.8	
0.0	156.2	275.0	0.0	0.0	186.3	241.0	297.4	295.1	343.3	
285.8	290.0	260.2	0.0	430.6	328.8	325.6	348.2	428.2	395.6	
191.6	297.4	184.39999999999998	0.0	348.8	226.39999999999998	155.6	0.0	403.8	399.2	
0.0	202.8	109.89999999999999	256.8	253.6	264.0	0.0	295.8	0.0	220.89999999999998	
138.2	237.8	165.39999999999998	371.6	372.4	383.6	186.89999999999998	0.0	473.2	436.0	
143.39999999999998	121.7	277.4	340.1	0.0	285.6	0.0	288.2	406.6	286.2	
179.5	236.7	239.1	341.4	277.4	210.1	183.39999999999998	402.4	342.5	394.8	

demande_cumulee_X : 
254.0	245.0	333.0	179.0	0.0	193.0	0.0	0.0	121.0	191.0	
199.0	132.0	351.0	0.0	152.0	217.0	0.0	183.0	57.0	84.0	
0.0	301.0	242.0	76.0	214.0	114.0	309.0	58.0	90.0	55.0	
319.0	231.0	162.0	27.0	0.0	175.0	165.0	77.0	50.0	105.0	
344.0	304.0	102.0	81.0	0.0	170.0	152.0	62.0	22.0	108.0	
263.0	302.0	0.0	86.0	145.0	184.0	269.0	132.0	26.0	54.0	
0.0	214.0	276.0	159.0	267.0	142.0	0.0	76.0	152.0	50.0	
307.0	271.0	138.0	115.0	0.0	177.0	230.0	82.0	49.0	93.0	
0.0	356.0	219.0	0.0	0.0	218.0	240.0	155.0	104.0	74.0	
229.0	191.0	187.0	0.0	66.0	160.0	197.0	164.0	45.0	49.0	
253.0	194.0	242.0	0.0	75.0	226.0	315.0	0.0	72.0	22.0	
0.0	221.0	297.0	193.0	230.0	217.0	0.0	154.0	0.0	173.0	
296.0	238.0	300.0	99.0	132.0	87.0	207.0	0.0	0.0	84.0	
309.0	280.0	188.0	72.0	0.0	146.0	0.0	159.0	77.0	135.0	
217.0	178.0	160.0	111.0	162.0	202.0	256.0	76.0	54.0	55.0	

demande_cumulee_W : 
223.0	186.0	135.0	239.0	0.0	268.0	0.0	0.0	337.0	128.0	
175.0	256.0	118.0	0.0	243.0	256.0	0.0	143.0	156.0	28.0	
0.0	139.0	212.0	231.0	253.0	267.0	112.0	138.0	43.0	64.0	
116.0	173.0	235.0	165.0	0.0	243.0	134.0	112.0	26.0	107.0	
101.0	116.0	287.0	160.0	0.0	204.0	249.0	137.0	91.0	0.0	
160.0	159.0	0.0	157.0	221.0	254.0	116.0	174.0	101.0	119.0	
0.0	133.0	109.0	301.0	166.0	191.0	0.0	251.0	44.0	141.0	
145.0	178.0	268.0	159.0	0.0	153.0	192.0	243.0	72.0	52.0	
0.0	137.0	270.0	0.0	0.0	175.0	238.0	176.0	263.0	107.0	
172.0	107.0	216.0	0.0	194.0	154.0	203.0	54.0	100.0	88.0	
174.0	286.0	162.0	0.0	336.0	132.0	146.0	0.0	23.0	140.0	
0.0	185.0	84.0	226.0	249.0	262.0	0.0	265.0	0.0	214.0	
119.0	230.0	115.0	140.0	119.0	291.0	183.0	0.0	66.0	180.0	
115.0	112.0	272.0	240.0	0.0	283.0	0.0	213.0	103.0	28.0	
179.0	137.0	227.0	100.0	156.0	167.0	178.0	145.0	95.0	87.0	

capacite_residuelle_X : 
120.0	89.0	41.0	147.0	0.0	171.0	0.0	0.0	235.0	175.0	
110.0	173.0	15.0	0.0	234.0	151.0	0.0	124.0	293.0	314.0	
0.0	43.0	122.0	324.0	182.0	270.0	19.0	290.0	300.0	321.0	
27.0	90.0	162.0	323.0	0.0	165.0	173.0	257.0	334.0	208.0	
12.0	34.0	209.0	271.0	0.0	214.0	212.0	249.0	362.0	266.0	
71.0	62.0	0.0	238.0	243.0	214.0	42.0	254.0	324.0	249.0	
0.0	101.0	35.0	195.0	85.0	216.0	0.0	284.0	244.0	296.0	
63.0	79.0	188.0	229.0	0.0	221.0	128.0	276.0	319.0	303.0	
0.0	38.0	161.0	0.0	0.0	93.0	130.0	193.0	203.0	247.0	
167.0	179.0	157.0	0.0	316.0	216.0	205.0	230.0	319.0	293.0	
89.0	184.0	86.0	0.0	251.0	122.0	47.0	0.0	294.0	302.0	
0.0	105.0	16.0	153.0	142.0	153.0	0.0	192.0	0.0	130.0	
38.0	128.0	58.0	263.0	256.0	275.0	96.0	0.0	364.0	316.0	
39.0	29.0	170.0	245.0	0.0	186.0	0.0	185.0	295.0	189.0	
88.0	141.0	147.0	237.0	176.0	115.0	82.0	292.0	251.0	291.0	

capacite_residuelle_W : 
9.199999999999989	3.1999999999999886	18.19999999999999	5.800000000000011	0.0	12.199999999999989	0.0	0.0	4.800000000000011	156.8	
27.69999999999999	8.5	6.799999999999997	0.0	106.80000000000001	5.399999999999977	0.0	73.1	242.0	405.4	
0.0	7.199999999999989	19.19999999999999	213.0	47.80000000000001	118.19999999999999	5.3999999999999915	256.4	374.0	369.8	
14.800000000000011	13.300000000000011	24.19999999999999	263.0	0.0	24.0	140.39999999999998	245.2	423.2	194.89999999999998	
17.799999999999997	19.399999999999977	15.300000000000011	216.60000000000002	0.0	125.19999999999999	72.19999999999999	205.3	386.2	378.2	
11.199999999999989	12.199999999999989	0.0	178.2	138.39999999999998	79.39999999999998	19.30000000000001	195.8	328.0	220.89999999999998	
0.0	62.5	19.30000000000001	0.19999999999998863	24.599999999999994	132.39999999999998	0.0	141.0	318.8	258.8	
29.0	6.0	17.80000000000001	173.2	0.0	187.39999999999998	43.39999999999998	140.39999999999998	357.4	369.8	
0.0	19.19999999999999	5.0	0.0	0.0	11.300000000000011	3.0	121.39999999999998	32.10000000000002	236.3	
113.80000000000001	183.0	44.19999999999999	0.0	236.60000000000002	174.8	122.60000000000002	294.2	328.2	307.6	
17.599999999999994	11.399999999999977	22.399999999999977	0.0	12.800000000000011	94.39999999999998	9.599999999999994	0.0	380.8	259.2	
0.0	17.80000000000001	25.89999999999999	30.80000000000001	4.599999999999994	2.0	0.0	30.80000000000001	0.0	6.899999999999977	
19.19999999999999	7.800000000000011	50.39999999999998	231.60000000000002	253.39999999999998	92.60000000000002	3.8999999999999773	0.0	407.2	256.0	
28.399999999999977	9.700000000000003	5.399999999999977	100.10000000000002	0.0	2.6000000000000227	0.0	75.19999999999999	303.6	258.2	
0.5	99.69999999999999	12.099999999999994	241.39999999999998	121.39999999999998	43.099999999999994	5.399999999999977	257.4	247.5	307.8	

min_capacite_X : 
0.0	0.0	0.0	0.0	0.0	0.0	0.0	0.0	0.0	0.0	0.0	0.0	0.0	0.0	305.0	

min_capacite_W : 
0.0	0.0	0.0	0.0	0.0	0.0	0.0	0.0	0.0	0.0	0.0	0.0	0.0	0.0	179.5	

max_capacite_X : 
374.0	398.0	400.0	384.0	384.0	398.0	396.0	398.0	394.0	402.0	378.0	372.0	400.0	372.0	368.0	

max_capacite_W : 
341.8	433.4	444.0	449.2	477.2	429.0	399.8	429.4	343.3	430.6	403.8	295.8	473.2	406.6	402.4	

moy_capacite_X : 
249.4	278.9	333.0	305.0	317.4	315.8	279.2	326.8	243.1	337.0	277.4	237.6	323.7	270.4	329.1	

moy_capacite_W : 
172.61999999999998	225.07000000000002	287.0	265.4	278.12	264.44	229.35999999999999	278.64	179.43	309.29999999999995	220.71999999999997	160.38000000000002	276.51	214.92	280.73	

med_capacite_X : 
345.0	329.5	370.0	336.0	354.0	342.0	349.0	358.0	316.0	373.0	335.0	319.5	362.0	328.0	328.5	

med_capacite_W : 
210.7	238.75	343.0	270.7	325.2	334.29999999999995	248.35	309.0	213.65	327.20000000000005	209.0	211.85	304.70000000000005	281.5	258.25	

ecartType_capacite_X : 
163.94157495888587	142.89258203279834	113.30401581585711	103.34795595462931	108.71172889803564	109.8661003221649	141.39858556576866	110.90608639745611	161.4542969387932	114.00087718960762	139.74276367669273	156.9179403382545	110.81340171657939	136.38049713943704	20.52535017971679	

ecartType_capacite_W : 
123.11963125350887	142.71870970549026	147.8306869361027	128.41877588577145	138.4263544271827	129.09215468029032	143.31304337009942	126.62877398127173	128.1587066882309	117.24324287565574	138.3952080095261	114.99480683926556	145.35837402778006	133.39705993761632	79.81476116609008	

var_capacite_X : 
26876.839999999997	20418.29	12837.8	10680.8	11818.239999999998	12070.560000000001	19993.559999999998	12300.16	26067.49	12996.2	19528.039999999997	24623.239999999998	12279.61	18599.639999999996	421.28999999999996	

var_capacite_W : 
15158.443599999999	20368.630100000002	21853.912	16491.381999999998	19161.855600000003	16664.7844	20538.628399999998	16034.8464	16424.6541	13745.978	19153.2336	13223.805599999998	21129.056900000003	17794.775600000004	6370.3961	

covar_capacite_X : 
29863.15555555555	22686.988888888885	14264.22222222222	11867.555555555555	13131.377777777774	13411.733333333332	22215.066666666666	13666.844444444445	28963.87777777778	14440.22222222222	21697.822222222218	27359.155555555553	13644.01111111111	20666.266666666663	468.0999999999999	

covar_capacite_W : 
16842.71511111111	22631.811222222223	24282.124444444442	18323.757777777777	21290.95066666666	18516.427111111112	22820.698222222218	17816.495999999996	18249.615666666665	15273.308888888889	21281.370666666666	14693.117333333334	23476.72988888889	19771.972888888886	7078.217888888888	

##########	##########	##########	##########	##########	##########	##########	##########	##########	##########	##########	##########	##########	##########	##########	##########	##########	##########	##########	##########	##########	##########	##########	##########	##########	##########	##########	##########	##########	##########	##########	##########	##########	##########	##########	##########	##########	##########	##########	##########	##########	##########	##########	##########	##########	##########	##########	##########	##########	##########	##########	##########	##########	##########	##########	##########	##########	##########	##########	##########	##########	##########	##########	##########	##########	##########	##########	##########	##########	##########	##########	##########	##########	##########	##########	##########	##########	##########	##########	##########	##########	##########	##########	##########	##########	##########	##########	##########	##########	##########	##########	##########	##########	##########	##########	##########	##########	##########	##########	##########	nombre de noeuds : 100
nombre de strates : 15
nombre de centres : 10
titre : intelligent
instances : G4_4
temps de calcul : 0.40221190452575684
valeur objective : 3589.0
nombre de solutions : 1
nombre de noeuds : 0.0
faisability : True
moy_distances :	105.41
min_distances :	40.0
max_distances :	186.0
var_distances :	743.5913498214468
covar_distances :	743.6664676464619
ecartType_distances :	27.268871443854195
coef_variation	: 0.25868274236170163
distances_centre_x :
-1.0	-1.0	-1.0	-1.0	-1.0	-1.0	-1.0	-1.0	-1.0	-1.0	-1.0	-1.0	-1.0	-1.0	-1.0	-1.0	-1.0	-1.0	-1.0	-1.0	-1.0	-1.0	-1.0	-1.0	-1.0	-1.0	-1.0	-1.0	-1.0	-1.0	-1.0	-1.0	-1.0	56.0	-1.0	-1.0	-1.0	-1.0	-1.0	-1.0	-1.0	-1.0	-1.0	-1.0	-1.0	-1.0	-1.0	-1.0	-1.0	-1.0	-1.0	-1.0	-1.0	-1.0	-1.0	-1.0	-1.0	-1.0	-1.0	-1.0	-1.0	-1.0	-1.0	-1.0	-1.0	-1.0	-1.0	-1.0	-1.0	-1.0	-1.0	-1.0	-1.0	-1.0	112.0	-1.0	-1.0	-1.0	-1.0	-1.0	-1.0	-1.0	-1.0	-1.0	-1.0	-1.0	-1.0	-1.0	97.0	56.0	59.0	-1.0	96.0	-1.0	-1.0	-1.0	-1.0	-1.0	-1.0	-1.0	
-1.0	-1.0	-1.0	-1.0	-1.0	-1.0	-1.0	-1.0	56.0	-1.0	-1.0	-1.0	-1.0	-1.0	-1.0	-1.0	-1.0	-1.0	-1.0	-1.0	-1.0	-1.0	56.0	-1.0	-1.0	-1.0	-1.0	-1.0	-1.0	-1.0	-1.0	-1.0	-1.0	-1.0	-1.0	-1.0	-1.0	-1.0	-1.0	-1.0	-1.0	-1.0	-1.0	-1.0	-1.0	-1.0	-1.0	-1.0	-1.0	-1.0	-1.0	-1.0	-1.0	-1.0	-1.0	-1.0	-1.0	-1.0	-1.0	-1.0	45.0	-1.0	-1.0	-1.0	-1.0	-1.0	56.0	-1.0	-1.0	-1.0	-1.0	-1.0	-1.0	-1.0	106.0	-1.0	-1.0	-1.0	-1.0	-1.0	-1.0	-1.0	-1.0	-1.0	-1.0	-1.0	-1.0	-1.0	-1.0	-1.0	0.0	-1.0	-1.0	-1.0	-1.0	-1.0	-1.0	-1.0	-1.0	-1.0	
-1.0	89.0	-1.0	-1.0	93.0	-1.0	46.0	46.0	56.0	-1.0	50.0	46.0	-1.0	-1.0	106.0	52.0	-1.0	87.0	-1.0	-1.0	50.0	-1.0	56.0	-1.0	96.0	52.0	50.0	52.0	47.0	87.0	55.0	-1.0	50.0	-1.0	-1.0	-1.0	90.0	-1.0	56.0	-1.0	55.0	-1.0	-1.0	89.0	56.0	-1.0	100.0	-1.0	91.0	-1.0	47.0	89.0	50.0	-1.0	-1.0	-1.0	53.0	0.0	-1.0	-1.0	-1.0	-1.0	-1.0	48.0	-1.0	41.0	56.0	54.0	-1.0	56.0	-1.0	-1.0	-1.0	91.0	56.0	-1.0	96.0	-1.0	52.0	87.0	0.0	-1.0	-1.0	-1.0	102.0	98.0	-1.0	-1.0	41.0	56.0	0.0	0.0	96.0	109.0	-1.0	-1.0	58.0	-1.0	59.0	59.0	
-1.0	-1.0	-1.0	-1.0	-1.0	-1.0	-1.0	-1.0	-1.0	-1.0	50.0	-1.0	-1.0	-1.0	-1.0	52.0	-1.0	-1.0	-1.0	-1.0	50.0	-1.0	56.0	-1.0	-1.0	-1.0	-1.0	52.0	-1.0	93.0	-1.0	93.0	-1.0	56.0	-1.0	-1.0	-1.0	-1.0	-1.0	-1.0	55.0	-1.0	-1.0	-1.0	56.0	-1.0	46.0	50.0	-1.0	-1.0	-1.0	95.0	-1.0	-1.0	-1.0	-1.0	-1.0	-1.0	54.0	-1.0	-1.0	-1.0	53.0	-1.0	-1.0	-1.0	-1.0	-1.0	-1.0	56.0	-1.0	-1.0	0.0	-1.0	56.0	-1.0	-1.0	-1.0	-1.0	-1.0	0.0	-1.0	53.0	-1.0	-1.0	-1.0	-1.0	-1.0	-1.0	-1.0	0.0	-1.0	-1.0	-1.0	-1.0	-1.0	-1.0	-1.0	-1.0	-1.0	
-1.0	-1.0	-1.0	-1.0	93.0	-1.0	-1.0	-1.0	56.0	-1.0	-1.0	-1.0	-1.0	-1.0	-1.0	52.0	-1.0	-1.0	-1.0	-1.0	50.0	94.0	-1.0	-1.0	-1.0	-1.0	-1.0	52.0	-1.0	-1.0	-1.0	-1.0	-1.0	56.0	-1.0	-1.0	-1.0	-1.0	-1.0	-1.0	-1.0	-1.0	-1.0	-1.0	-1.0	-1.0	46.0	-1.0	-1.0	-1.0	-1.0	95.0	-1.0	95.0	-1.0	-1.0	-1.0	-1.0	54.0	-1.0	-1.0	-1.0	-1.0	-1.0	-1.0	-1.0	-1.0	-1.0	96.0	56.0	-1.0	-1.0	0.0	-1.0	56.0	-1.0	-1.0	-1.0	-1.0	-1.0	0.0	-1.0	-1.0	-1.0	-1.0	-1.0	-1.0	-1.0	-1.0	0.0	0.0	-1.0	-1.0	-1.0	54.0	-1.0	-1.0	-1.0	-1.0	-1.0	
-1.0	-1.0	-1.0	95.0	-1.0	-1.0	-1.0	-1.0	-1.0	-1.0	50.0	-1.0	-1.0	52.0	-1.0	52.0	48.0	-1.0	-1.0	-1.0	-1.0	-1.0	56.0	-1.0	-1.0	-1.0	-1.0	52.0	89.0	-1.0	55.0	93.0	-1.0	-1.0	-1.0	-1.0	-1.0	-1.0	-1.0	-1.0	55.0	-1.0	-1.0	100.0	56.0	-1.0	46.0	50.0	-1.0	-1.0	-1.0	89.0	50.0	95.0	-1.0	-1.0	-1.0	-1.0	50.0	-1.0	56.0	-1.0	97.0	-1.0	-1.0	-1.0	0.0	-1.0	96.0	56.0	-1.0	-1.0	0.0	91.0	56.0	-1.0	-1.0	-1.0	52.0	-1.0	-1.0	-1.0	-1.0	-1.0	102.0	106.0	-1.0	-1.0	-1.0	-1.0	0.0	-1.0	-1.0	-1.0	-1.0	-1.0	-1.0	-1.0	-1.0	-1.0	
-1.0	-1.0	-1.0	-1.0	-1.0	-1.0	-1.0	-1.0	56.0	-1.0	-1.0	-1.0	-1.0	-1.0	-1.0	-1.0	-1.0	-1.0	98.0	-1.0	-1.0	-1.0	56.0	-1.0	-1.0	-1.0	-1.0	-1.0	-1.0	-1.0	-1.0	-1.0	-1.0	-1.0	-1.0	-1.0	-1.0	-1.0	56.0	-1.0	-1.0	-1.0	-1.0	-1.0	-1.0	-1.0	-1.0	-1.0	-1.0	-1.0	-1.0	-1.0	-1.0	-1.0	-1.0	-1.0	-1.0	-1.0	-1.0	-1.0	45.0	-1.0	-1.0	-1.0	-1.0	-1.0	56.0	-1.0	-1.0	-1.0	-1.0	-1.0	-1.0	-1.0	-1.0	-1.0	-1.0	-1.0	-1.0	-1.0	-1.0	-1.0	-1.0	-1.0	-1.0	-1.0	-1.0	-1.0	97.0	56.0	0.0	0.0	-1.0	-1.0	-1.0	-1.0	-1.0	-1.0	-1.0	-1.0	
-1.0	-1.0	-1.0	-1.0	-1.0	-1.0	-1.0	-1.0	56.0	-1.0	-1.0	-1.0	-1.0	52.0	-1.0	52.0	-1.0	-1.0	-1.0	-1.0	50.0	-1.0	-1.0	-1.0	-1.0	-1.0	-1.0	52.0	-1.0	-1.0	55.0	-1.0	-1.0	56.0	-1.0	-1.0	-1.0	-1.0	-1.0	-1.0	-1.0	-1.0	-1.0	-1.0	56.0	103.0	46.0	50.0	-1.0	-1.0	-1.0	95.0	-1.0	-1.0	-1.0	-1.0	-1.0	-1.0	96.0	-1.0	45.0	-1.0	53.0	-1.0	-1.0	50.0	-1.0	-1.0	-1.0	-1.0	-1.0	-1.0	0.0	96.0	56.0	-1.0	-1.0	-1.0	-1.0	-1.0	0.0	-1.0	53.0	-1.0	-1.0	-1.0	-1.0	-1.0	-1.0	0.0	0.0	0.0	-1.0	-1.0	-1.0	-1.0	-1.0	-1.0	-1.0	-1.0	
-1.0	-1.0	-1.0	-1.0	-1.0	-1.0	-1.0	-1.0	-1.0	-1.0	100.0	-1.0	-1.0	-1.0	106.0	52.0	-1.0	-1.0	102.0	-1.0	50.0	94.0	-1.0	-1.0	-1.0	-1.0	92.0	52.0	-1.0	-1.0	55.0	98.0	-1.0	-1.0	-1.0	-1.0	-1.0	-1.0	56.0	-1.0	55.0	-1.0	-1.0	52.0	56.0	-1.0	46.0	-1.0	-1.0	-1.0	-1.0	-1.0	-1.0	-1.0	-1.0	98.0	-1.0	-1.0	-1.0	-1.0	45.0	-1.0	97.0	-1.0	-1.0	-1.0	103.0	-1.0	-1.0	-1.0	-1.0	-1.0	0.0	-1.0	56.0	-1.0	96.0	-1.0	-1.0	-1.0	0.0	-1.0	53.0	-1.0	-1.0	-1.0	-1.0	96.0	-1.0	56.0	0.0	0.0	-1.0	109.0	57.0	-1.0	-1.0	-1.0	-1.0	-1.0	
-1.0	-1.0	-1.0	-1.0	93.0	-1.0	-1.0	-1.0	56.0	-1.0	50.0	-1.0	-1.0	-1.0	-1.0	52.0	-1.0	-1.0	-1.0	-1.0	-1.0	-1.0	56.0	-1.0	-1.0	-1.0	-1.0	-1.0	-1.0	-1.0	55.0	93.0	-1.0	-1.0	-1.0	-1.0	-1.0	-1.0	-1.0	55.0	55.0	-1.0	-1.0	52.0	-1.0	-1.0	46.0	-1.0	-1.0	-1.0	-1.0	-1.0	-1.0	95.0	-1.0	-1.0	-1.0	-1.0	50.0	-1.0	45.0	-1.0	-1.0	-1.0	-1.0	41.0	56.0	-1.0	-1.0	56.0	-1.0	0.0	0.0	-1.0	56.0	-1.0	-1.0	-1.0	-1.0	-1.0	0.0	-1.0	53.0	-1.0	-1.0	-1.0	-1.0	-1.0	41.0	0.0	0.0	0.0	-1.0	-1.0	54.0	-1.0	58.0	-1.0	-1.0	-1.0	
-1.0	-1.0	-1.0	-1.0	-1.0	-1.0	-1.0	-1.0	-1.0	-1.0	-1.0	-1.0	-1.0	-1.0	-1.0	-1.0	-1.0	-1.0	-1.0	-1.0	-1.0	-1.0	-1.0	-1.0	-1.0	-1.0	-1.0	-1.0	-1.0	-1.0	-1.0	-1.0	-1.0	56.0	-1.0	-1.0	-1.0	-1.0	-1.0	-1.0	-1.0	-1.0	-1.0	-1.0	-1.0	-1.0	-1.0	-1.0	-1.0	-1.0	-1.0	-1.0	-1.0	-1.0	-1.0	-1.0	-1.0	-1.0	-1.0	-1.0	-1.0	48.0	-1.0	-1.0	-1.0	-1.0	-1.0	-1.0	-1.0	-1.0	-1.0	-1.0	-1.0	-1.0	-1.0	-1.0	-1.0	-1.0	-1.0	-1.0	-1.0	-1.0	-1.0	-1.0	-1.0	-1.0	-1.0	-1.0	-1.0	-1.0	-1.0	0.0	-1.0	-1.0	-1.0	-1.0	-1.0	-1.0	-1.0	-1.0	
-1.0	-1.0	-1.0	-1.0	-1.0	-1.0	-1.0	-1.0	-1.0	-1.0	-1.0	-1.0	-1.0	-1.0	-1.0	-1.0	-1.0	-1.0	-1.0	-1.0	-1.0	-1.0	-1.0	-1.0	-1.0	-1.0	-1.0	-1.0	-1.0	-1.0	-1.0	-1.0	-1.0	-1.0	-1.0	-1.0	-1.0	-1.0	-1.0	-1.0	-1.0	-1.0	-1.0	-1.0	-1.0	-1.0	-1.0	-1.0	-1.0	-1.0	-1.0	-1.0	-1.0	-1.0	-1.0	-1.0	-1.0	-1.0	-1.0	-1.0	-1.0	-1.0	-1.0	-1.0	-1.0	-1.0	-1.0	-1.0	-1.0	-1.0	-1.0	-1.0	-1.0	-1.0	-1.0	-1.0	-1.0	-1.0	-1.0	-1.0	-1.0	-1.0	-1.0	-1.0	-1.0	-1.0	-1.0	-1.0	-1.0	-1.0	-1.0	-1.0	-1.0	-1.0	-1.0	-1.0	-1.0	-1.0	-1.0	-1.0	
-1.0	-1.0	-1.0	-1.0	-1.0	-1.0	-1.0	-1.0	-1.0	-1.0	-1.0	-1.0	-1.0	-1.0	-1.0	-1.0	-1.0	-1.0	-1.0	-1.0	-1.0	-1.0	-1.0	-1.0	-1.0	-1.0	-1.0	-1.0	-1.0	-1.0	-1.0	-1.0	-1.0	-1.0	-1.0	-1.0	-1.0	-1.0	-1.0	-1.0	-1.0	-1.0	-1.0	-1.0	-1.0	-1.0	-1.0	-1.0	-1.0	-1.0	-1.0	-1.0	-1.0	-1.0	-1.0	-1.0	-1.0	-1.0	-1.0	-1.0	-1.0	-1.0	-1.0	-1.0	-1.0	-1.0	-1.0	-1.0	-1.0	-1.0	-1.0	-1.0	-1.0	-1.0	-1.0	-1.0	-1.0	-1.0	-1.0	-1.0	-1.0	-1.0	-1.0	-1.0	-1.0	-1.0	-1.0	-1.0	-1.0	-1.0	-1.0	-1.0	-1.0	-1.0	-1.0	-1.0	-1.0	-1.0	-1.0	-1.0	
-1.0	-1.0	-1.0	-1.0	-1.0	-1.0	-1.0	-1.0	56.0	-1.0	-1.0	-1.0	-1.0	-1.0	-1.0	-1.0	-1.0	-1.0	-1.0	-1.0	-1.0	-1.0	56.0	-1.0	-1.0	-1.0	-1.0	-1.0	-1.0	-1.0	-1.0	-1.0	-1.0	-1.0	-1.0	-1.0	-1.0	-1.0	-1.0	-1.0	-1.0	-1.0	-1.0	-1.0	-1.0	-1.0	-1.0	-1.0	-1.0	-1.0	-1.0	-1.0	-1.0	-1.0	-1.0	-1.0	-1.0	-1.0	-1.0	-1.0	45.0	-1.0	-1.0	-1.0	-1.0	-1.0	-1.0	-1.0	-1.0	-1.0	-1.0	-1.0	-1.0	-1.0	-1.0	-1.0	-1.0	-1.0	-1.0	-1.0	-1.0	-1.0	-1.0	-1.0	-1.0	-1.0	-1.0	-1.0	97.0	56.0	0.0	-1.0	-1.0	-1.0	-1.0	-1.0	-1.0	-1.0	-1.0	-1.0	
-1.0	40.0	-1.0	89.0	-1.0	-1.0	-1.0	-1.0	56.0	-1.0	50.0	46.0	-1.0	-1.0	-1.0	52.0	48.0	80.0	0.0	-1.0	50.0	-1.0	-1.0	-1.0	84.0	-1.0	-1.0	52.0	47.0	-1.0	55.0	-1.0	50.0	-1.0	47.0	-1.0	-1.0	-1.0	42.0	55.0	55.0	-1.0	56.0	52.0	56.0	103.0	46.0	50.0	-1.0	-1.0	47.0	89.0	50.0	95.0	-1.0	-1.0	53.0	0.0	50.0	-1.0	45.0	-1.0	-1.0	-1.0	48.0	41.0	0.0	49.0	-1.0	56.0	-1.0	-1.0	0.0	-1.0	56.0	-1.0	51.0	-1.0	52.0	-1.0	0.0	53.0	-1.0	53.0	102.0	98.0	-1.0	-1.0	41.0	0.0	0.0	-1.0	96.0	88.0	-1.0	-1.0	58.0	-1.0	59.0	59.0	

distances_centre_w :
-1.0	-1.0	-1.0	-1.0	-1.0	-1.0	-1.0	-1.0	-1.0	-1.0	-1.0	-1.0	-1.0	-1.0	-1.0	-1.0	-1.0	-1.0	-1.0	-1.0	-1.0	-1.0	-1.0	-1.0	98.0	-1.0	-1.0	-1.0	-1.0	-1.0	111.0	-1.0	-1.0	-1.0	95.0	-1.0	-1.0	-1.0	56.0	-1.0	111.0	-1.0	-1.0	-1.0	112.0	-1.0	102.0	-1.0	139.0	-1.0	95.0	-1.0	-1.0	-1.0	-1.0	-1.0	-1.0	-1.0	-1.0	-1.0	-1.0	-1.0	-1.0	-1.0	-1.0	-1.0	-1.0	115.0	-1.0	-1.0	-1.0	-1.0	115.0	-1.0	-1.0	-1.0	-1.0	-1.0	-1.0	-1.0	-1.0	-1.0	-1.0	-1.0	-1.0	-1.0	-1.0	-1.0	-1.0	-1.0	-1.0	-1.0	-1.0	-1.0	-1.0	-1.0	-1.0	-1.0	115.0	-1.0	
-1.0	115.0	-1.0	-1.0	-1.0	-1.0	-1.0	-1.0	-1.0	-1.0	100.0	-1.0	-1.0	-1.0	-1.0	-1.0	-1.0	-1.0	-1.0	-1.0	-1.0	-1.0	-1.0	-1.0	115.0	-1.0	-1.0	-1.0	-1.0	-1.0	-1.0	98.0	-1.0	-1.0	95.0	-1.0	-1.0	98.0	56.0	-1.0	-1.0	-1.0	-1.0	100.0	-1.0	-1.0	-1.0	-1.0	-1.0	-1.0	-1.0	101.0	-1.0	-1.0	-1.0	-1.0	-1.0	-1.0	-1.0	-1.0	-1.0	-1.0	-1.0	-1.0	-1.0	-1.0	-1.0	56.0	115.0	-1.0	-1.0	-1.0	-1.0	-1.0	-1.0	-1.0	-1.0	-1.0	-1.0	-1.0	-1.0	-1.0	-1.0	-1.0	-1.0	-1.0	-1.0	-1.0	-1.0	-1.0	-1.0	-1.0	-1.0	113.0	-1.0	-1.0	-1.0	-1.0	-1.0	-1.0	
-1.0	90.0	-1.0	-1.0	96.0	-1.0	97.0	105.0	88.0	-1.0	100.0	110.0	-1.0	-1.0	110.0	87.0	-1.0	96.0	-1.0	-1.0	86.0	-1.0	95.0	-1.0	101.0	88.0	92.0	87.0	89.0	96.0	89.0	-1.0	90.0	-1.0	-1.0	-1.0	92.0	-1.0	58.0	-1.0	102.0	-1.0	-1.0	89.0	89.0	-1.0	102.0	-1.0	94.0	-1.0	50.0	95.0	92.0	-1.0	-1.0	-1.0	110.0	101.0	-1.0	-1.0	-1.0	-1.0	-1.0	109.0	-1.0	50.0	111.0	56.0	-1.0	95.0	-1.0	-1.0	-1.0	96.0	97.0	-1.0	106.0	-1.0	91.0	102.0	93.0	-1.0	-1.0	-1.0	104.0	106.0	-1.0	-1.0	97.0	101.0	56.0	48.0	102.0	111.0	-1.0	-1.0	83.0	-1.0	106.0	106.0	
98.0	-1.0	-1.0	-1.0	-1.0	-1.0	-1.0	52.0	-1.0	-1.0	-1.0	-1.0	-1.0	-1.0	-1.0	99.0	-1.0	-1.0	-1.0	-1.0	-1.0	-1.0	-1.0	-1.0	-1.0	-1.0	-1.0	-1.0	-1.0	96.0	-1.0	98.0	-1.0	92.0	-1.0	-1.0	-1.0	-1.0	56.0	-1.0	111.0	-1.0	-1.0	100.0	-1.0	-1.0	94.0	-1.0	-1.0	-1.0	-1.0	-1.0	97.0	-1.0	-1.0	-1.0	-1.0	-1.0	-1.0	-1.0	56.0	-1.0	-1.0	-1.0	-1.0	-1.0	56.0	-1.0	-1.0	-1.0	-1.0	-1.0	56.0	-1.0	-1.0	98.0	-1.0	-1.0	-1.0	-1.0	-1.0	-1.0	98.0	95.0	-1.0	106.0	-1.0	-1.0	-1.0	-1.0	56.0	-1.0	-1.0	-1.0	-1.0	-1.0	-1.0	-1.0	-1.0	115.0	
-1.0	-1.0	-1.0	-1.0	96.0	-1.0	47.0	-1.0	-1.0	-1.0	-1.0	-1.0	-1.0	-1.0	106.0	-1.0	-1.0	-1.0	-1.0	-1.0	-1.0	96.0	-1.0	-1.0	-1.0	-1.0	113.0	-1.0	-1.0	-1.0	-1.0	-1.0	-1.0	-1.0	-1.0	-1.0	-1.0	98.0	-1.0	-1.0	-1.0	-1.0	-1.0	-1.0	-1.0	-1.0	94.0	-1.0	94.0	-1.0	-1.0	-1.0	-1.0	97.0	-1.0	-1.0	-1.0	-1.0	-1.0	-1.0	-1.0	-1.0	-1.0	53.0	-1.0	-1.0	56.0	95.0	101.0	-1.0	-1.0	95.0	56.0	-1.0	-1.0	98.0	-1.0	-1.0	92.0	93.0	-1.0	-1.0	-1.0	-1.0	104.0	106.0	-1.0	-1.0	-1.0	-1.0	-1.0	-1.0	-1.0	113.0	-1.0	-1.0	-1.0	104.0	-1.0	-1.0	
-1.0	90.0	-1.0	96.0	-1.0	-1.0	97.0	100.0	-1.0	-1.0	-1.0	52.0	-1.0	55.0	106.0	99.0	89.0	96.0	118.0	-1.0	-1.0	-1.0	90.0	-1.0	91.0	-1.0	113.0	-1.0	-1.0	-1.0	89.0	98.0	-1.0	-1.0	-1.0	-1.0	-1.0	97.0	-1.0	-1.0	102.0	-1.0	-1.0	106.0	-1.0	-1.0	94.0	93.0	-1.0	94.0	-1.0	95.0	93.0	97.0	-1.0	-1.0	97.0	93.0	54.0	-1.0	97.0	48.0	98.0	53.0	-1.0	-1.0	56.0	54.0	101.0	112.0	-1.0	-1.0	56.0	-1.0	97.0	97.0	96.0	-1.0	-1.0	-1.0	-1.0	-1.0	-1.0	-1.0	-1.0	-1.0	-1.0	-1.0	-1.0	-1.0	56.0	-1.0	-1.0	-1.0	-1.0	-1.0	-1.0	104.0	59.0	97.0	
-1.0	-1.0	-1.0	-1.0	-1.0	-1.0	-1.0	-1.0	-1.0	-1.0	-1.0	-1.0	-1.0	-1.0	-1.0	-1.0	96.0	96.0	-1.0	-1.0	-1.0	-1.0	-1.0	-1.0	-1.0	-1.0	-1.0	-1.0	-1.0	-1.0	-1.0	-1.0	-1.0	-1.0	-1.0	-1.0	-1.0	-1.0	-1.0	-1.0	-1.0	-1.0	-1.0	-1.0	-1.0	-1.0	105.0	56.0	-1.0	-1.0	-1.0	-1.0	-1.0	-1.0	-1.0	-1.0	-1.0	-1.0	102.0	-1.0	-1.0	-1.0	-1.0	-1.0	-1.0	-1.0	-1.0	-1.0	-1.0	-1.0	-1.0	-1.0	-1.0	-1.0	-1.0	-1.0	-1.0	-1.0	-1.0	-1.0	-1.0	-1.0	-1.0	-1.0	-1.0	-1.0	-1.0	-1.0	-1.0	-1.0	-1.0	-1.0	-1.0	-1.0	-1.0	-1.0	-1.0	-1.0	-1.0	-1.0	
-1.0	99.0	-1.0	95.0	-1.0	-1.0	90.0	52.0	-1.0	-1.0	-1.0	52.0	-1.0	55.0	-1.0	-1.0	-1.0	109.0	-1.0	-1.0	-1.0	-1.0	-1.0	-1.0	-1.0	-1.0	-1.0	-1.0	-1.0	-1.0	92.0	-1.0	-1.0	92.0	-1.0	-1.0	-1.0	-1.0	56.0	-1.0	-1.0	-1.0	99.0	-1.0	-1.0	-1.0	94.0	56.0	94.0	-1.0	-1.0	-1.0	-1.0	-1.0	-1.0	-1.0	-1.0	-1.0	102.0	-1.0	-1.0	-1.0	-1.0	53.0	-1.0	-1.0	56.0	-1.0	-1.0	-1.0	-1.0	-1.0	56.0	-1.0	-1.0	-1.0	96.0	107.0	92.0	98.0	-1.0	-1.0	98.0	95.0	104.0	106.0	-1.0	-1.0	-1.0	-1.0	-1.0	-1.0	-1.0	109.0	-1.0	-1.0	-1.0	-1.0	-1.0	-1.0	
-1.0	90.0	-1.0	137.0	-1.0	-1.0	-1.0	-1.0	-1.0	-1.0	-1.0	-1.0	135.0	-1.0	140.0	-1.0	-1.0	96.0	105.0	-1.0	-1.0	96.0	-1.0	-1.0	-1.0	-1.0	98.0	-1.0	-1.0	-1.0	92.0	-1.0	-1.0	-1.0	-1.0	-1.0	-1.0	92.0	93.0	-1.0	-1.0	-1.0	90.0	89.0	93.0	-1.0	94.0	-1.0	-1.0	-1.0	92.0	-1.0	-1.0	-1.0	-1.0	140.0	-1.0	139.0	-1.0	-1.0	56.0	-1.0	100.0	109.0	-1.0	-1.0	114.0	-1.0	-1.0	-1.0	-1.0	-1.0	56.0	96.0	97.0	-1.0	106.0	-1.0	107.0	-1.0	-1.0	-1.0	98.0	-1.0	110.0	106.0	-1.0	100.0	-1.0	101.0	59.0	-1.0	-1.0	113.0	117.0	143.0	-1.0	-1.0	-1.0	-1.0	
-1.0	-1.0	-1.0	-1.0	96.0	-1.0	-1.0	52.0	-1.0	-1.0	-1.0	-1.0	-1.0	-1.0	-1.0	-1.0	89.0	109.0	-1.0	-1.0	-1.0	-1.0	90.0	-1.0	96.0	-1.0	50.0	-1.0	-1.0	-1.0	89.0	98.0	-1.0	-1.0	-1.0	-1.0	-1.0	-1.0	58.0	-1.0	102.0	-1.0	-1.0	-1.0	-1.0	-1.0	94.0	-1.0	-1.0	-1.0	50.0	-1.0	-1.0	97.0	-1.0	-1.0	-1.0	-1.0	102.0	-1.0	-1.0	-1.0	98.0	53.0	-1.0	50.0	-1.0	99.0	-1.0	-1.0	-1.0	-1.0	56.0	-1.0	97.0	-1.0	106.0	-1.0	-1.0	-1.0	-1.0	-1.0	98.0	-1.0	104.0	106.0	-1.0	-1.0	97.0	56.0	56.0	-1.0	-1.0	109.0	57.0	-1.0	83.0	-1.0	59.0	106.0	
-1.0	-1.0	-1.0	-1.0	-1.0	-1.0	-1.0	-1.0	-1.0	-1.0	-1.0	-1.0	-1.0	-1.0	-1.0	-1.0	-1.0	-1.0	-1.0	-1.0	-1.0	-1.0	-1.0	-1.0	98.0	-1.0	-1.0	-1.0	-1.0	-1.0	-1.0	-1.0	-1.0	-1.0	-1.0	-1.0	-1.0	-1.0	-1.0	-1.0	-1.0	-1.0	-1.0	100.0	-1.0	-1.0	102.0	-1.0	-1.0	-1.0	-1.0	-1.0	-1.0	-1.0	101.0	-1.0	-1.0	-1.0	-1.0	-1.0	-1.0	-1.0	-1.0	-1.0	-1.0	-1.0	-1.0	-1.0	-1.0	-1.0	-1.0	-1.0	-1.0	-1.0	-1.0	-1.0	-1.0	-1.0	-1.0	-1.0	-1.0	-1.0	-1.0	-1.0	-1.0	-1.0	-1.0	-1.0	-1.0	-1.0	-1.0	-1.0	-1.0	-1.0	-1.0	-1.0	-1.0	-1.0	-1.0	-1.0	
-1.0	-1.0	-1.0	-1.0	-1.0	-1.0	-1.0	-1.0	-1.0	-1.0	-1.0	-1.0	-1.0	-1.0	-1.0	-1.0	-1.0	-1.0	-1.0	-1.0	-1.0	-1.0	-1.0	-1.0	-1.0	-1.0	-1.0	-1.0	-1.0	-1.0	-1.0	-1.0	-1.0	-1.0	-1.0	-1.0	-1.0	-1.0	-1.0	-1.0	-1.0	-1.0	-1.0	-1.0	-1.0	-1.0	-1.0	-1.0	-1.0	-1.0	-1.0	-1.0	-1.0	-1.0	-1.0	-1.0	-1.0	-1.0	-1.0	-1.0	-1.0	-1.0	-1.0	-1.0	-1.0	-1.0	-1.0	-1.0	-1.0	-1.0	-1.0	-1.0	-1.0	-1.0	-1.0	-1.0	-1.0	-1.0	-1.0	-1.0	-1.0	-1.0	-1.0	-1.0	-1.0	-1.0	-1.0	-1.0	-1.0	-1.0	-1.0	-1.0	-1.0	-1.0	-1.0	-1.0	-1.0	-1.0	-1.0	-1.0	
-1.0	-1.0	-1.0	-1.0	-1.0	-1.0	-1.0	-1.0	-1.0	-1.0	-1.0	-1.0	-1.0	-1.0	-1.0	-1.0	-1.0	-1.0	-1.0	-1.0	-1.0	-1.0	-1.0	-1.0	-1.0	-1.0	-1.0	-1.0	-1.0	-1.0	-1.0	-1.0	-1.0	-1.0	-1.0	-1.0	-1.0	-1.0	-1.0	-1.0	-1.0	-1.0	-1.0	100.0	-1.0	-1.0	-1.0	-1.0	-1.0	-1.0	-1.0	-1.0	-1.0	-1.0	-1.0	-1.0	-1.0	-1.0	-1.0	-1.0	-1.0	-1.0	-1.0	-1.0	-1.0	-1.0	-1.0	-1.0	-1.0	-1.0	-1.0	-1.0	-1.0	-1.0	-1.0	-1.0	-1.0	-1.0	-1.0	-1.0	-1.0	-1.0	-1.0	-1.0	-1.0	-1.0	-1.0	-1.0	-1.0	56.0	-1.0	-1.0	-1.0	-1.0	-1.0	-1.0	-1.0	-1.0	-1.0	-1.0	
-1.0	115.0	-1.0	-1.0	-1.0	139.0	-1.0	-1.0	-1.0	-1.0	-1.0	-1.0	-1.0	56.0	-1.0	-1.0	-1.0	96.0	105.0	-1.0	-1.0	-1.0	-1.0	-1.0	115.0	-1.0	-1.0	98.0	-1.0	-1.0	111.0	-1.0	-1.0	-1.0	-1.0	-1.0	-1.0	-1.0	-1.0	-1.0	-1.0	-1.0	-1.0	-1.0	-1.0	-1.0	-1.0	-1.0	139.0	-1.0	-1.0	-1.0	-1.0	101.0	-1.0	-1.0	-1.0	-1.0	-1.0	-1.0	-1.0	-1.0	-1.0	-1.0	-1.0	-1.0	56.0	56.0	-1.0	-1.0	-1.0	-1.0	-1.0	-1.0	-1.0	-1.0	-1.0	-1.0	-1.0	-1.0	-1.0	-1.0	-1.0	-1.0	-1.0	-1.0	-1.0	100.0	-1.0	101.0	-1.0	-1.0	-1.0	-1.0	-1.0	-1.0	-1.0	-1.0	-1.0	115.0	
-1.0	89.0	-1.0	95.0	-1.0	-1.0	-1.0	-1.0	88.0	-1.0	80.0	52.0	-1.0	-1.0	-1.0	87.0	87.0	87.0	91.0	-1.0	83.0	-1.0	-1.0	-1.0	91.0	-1.0	-1.0	82.0	89.0	-1.0	89.0	-1.0	90.0	-1.0	97.0	-1.0	-1.0	-1.0	56.0	96.0	102.0	-1.0	89.0	89.0	83.0	107.0	94.0	56.0	-1.0	-1.0	50.0	95.0	92.0	97.0	-1.0	-1.0	92.0	47.0	54.0	-1.0	56.0	-1.0	-1.0	-1.0	105.0	50.0	56.0	54.0	-1.0	95.0	-1.0	-1.0	56.0	-1.0	97.0	-1.0	96.0	-1.0	91.0	-1.0	93.0	96.0	-1.0	95.0	102.0	106.0	-1.0	-1.0	97.0	56.0	56.0	-1.0	98.0	109.0	-1.0	-1.0	83.0	-1.0	59.0	97.0	

maxX :
112.0	106.0	109.0	95.0	96.0	106.0	98.0	103.0	109.0	95.0	56.0	nan	nan	97.0	103.0	

maxW :
139.0	115.0	111.0	115.0	113.0	118.0	105.0	109.0	143.0	109.0	102.0	nan	nan	139.0	109.0	

minX :
56.0	0.0	0.0	0.0	0.0	0.0	0.0	0.0	0.0	0.0	0.0	nan	nan	0.0	0.0	

minW :
56.0	56.0	48.0	52.0	47.0	48.0	56.0	52.0	56.0	50.0	98.0	nan	nan	56.0	47.0	

moyX :
79.33333333333333	53.166666666666664	62.166666666666664	51.23809523809524	52.89473684210526	62.74193548387097	52.0	48.833333333333336	64.4	45.285714285714285	34.666666666666664	nan	nan	51.666666666666664	51.81818181818182	

moyW :
105.33333333333333	96.83333333333333	92.44444444444444	86.45	91.22727272727273	88.06818181818181	91.0	85.44444444444444	102.75	83.6969696969697	100.25	nan	nan	100.2	83.25454545454545	

medX :
77.5	56.0	56.0	53.0	54.0	56.0	56.0	52.0	56.0	52.5	48.0	nan	nan	56.0	52.0	

medW :
111.0	100.0	95.5	96.5	96.0	96.0	96.0	94.0	99.0	96.0	100.5	nan	nan	101.0	89.0	

ecartTypeX :
22.946798372660957	30.84594336735744	26.80433215400493	25.311214833979857	32.437623926289355	28.971585347443877	31.109484084439586	30.120129850686606	33.39820354450221	27.160708415515476	24.729649321321876	nan	nan	28.358812073537607	25.853496974009605	

ecartTypeW :
18.78533707147383	19.641933600222654	15.754677925721294	21.048693546156255	18.978293385726513	19.261829573340034	17.84376641855637	20.703074263273493	21.173063337909117	21.586309983321637	1.479019945774904	nan	nan	25.419677417308034	18.06776957791584	

varX :
526.5555555555555	951.4722222222223	718.4722222222224	640.657596371882	1052.1994459833795	839.3527575442248	967.8	907.2222222222223	1115.44	737.7040816326532	611.5555555555555	nan	nan	804.2222222222223	668.4033057851238	

varW :
352.8888888888889	385.8055555555556	248.20987654320984	443.0475	360.17561983471074	371.0180785123967	318.4	428.6172839506173	448.2986111111111	465.9687786960514	2.1875	nan	nan	646.16	326.44429752066117	

covarX :
631.8666666666668	1141.7666666666669	732.0283018867925	672.6904761904761	1110.654970760234	867.331182795699	1075.3333333333333	946.6666666666667	1153.9034482758623	765.026455026455	917.3333333333333	nan	nan	965.0666666666668	680.7811447811447	

covarW :
384.96969696969694	420.87878787878793	252.8930817610063	466.36578947368423	377.3268398268398	379.64640591966185	398.0	445.1025641025641	461.10714285714283	480.530303030303	2.9166666666666665	nan	nan	692.3142857142857	332.4895622895623	

coef_variationX :
0.2892453576385835	0.5801744833985726	0.43116888183385943	0.49399211107209756	0.6132486115417888	0.46175791556337287	0.5982593093161459	0.6167944679321489	0.518605645100966	0.5997632773142219	0.7133552688842849	nan	nan	0.5488802336813731	0.49892713458615023	

coef_variationW :
0.17834180764057433	0.20284268778198955	0.17042319871573516	0.24347823650845868	0.20803311135325522	0.2187149680585707	0.1960853452588612	0.2422986584778432	0.20606387676797194	0.2579102930664786	0.014753316167330714	nan	nan	0.2536893953823157	0.2170184159828284	

moy_distances_centre :	104.44444444444444
min_distances_centre :	47.0
max_distances_centre :	149.0
med_distances_centre :	104.0
ecartType_distances_centre :	25.569561379417568
var_distances_centre :	653.8024691358024
covar_distances_centre :	661.1485642946317
coef_variation_distances_centre :	0.24481494937740225
capacite_X_temoin : 
374.0	334.0	374.0	326.0	0.0	364.0	237.0	0.0	0.0	356.0	
309.0	305.0	366.0	0.0	386.0	368.0	240.0	0.0	307.0	350.0	
0.0	344.0	364.0	400.0	396.0	384.0	218.0	328.0	348.0	390.0	
346.0	321.0	324.0	350.0	0.0	340.0	229.0	338.0	334.0	384.0	
356.0	338.0	311.0	352.0	0.0	384.0	241.0	364.0	311.0	384.0	
334.0	364.0	0.0	324.0	388.0	398.0	256.0	311.0	386.0	350.0	
0.0	315.0	311.0	354.0	352.0	358.0	256.0	0.0	360.0	396.0	
370.0	350.0	326.0	344.0	0.0	398.0	248.0	358.0	358.0	368.0	
0.0	394.0	380.0	0.0	0.0	311.0	241.0	370.0	348.0	307.0	
396.0	370.0	344.0	0.0	382.0	376.0	245.0	402.0	394.0	364.0	
342.0	378.0	328.0	0.0	326.0	348.0	256.0	362.0	0.0	366.0	
0.0	326.0	313.0	346.0	372.0	370.0	251.0	0.0	346.0	0.0	
334.0	366.0	358.0	362.0	388.0	362.0	205.0	303.0	0.0	364.0	
348.0	309.0	358.0	317.0	0.0	332.0	253.0	0.0	344.0	372.0	
305.0	319.0	307.0	348.0	338.0	317.0	257.0	338.0	368.0	305.0	

capacite_W_temoin : 
132.2	185.2	211.2	315.8	0.0	231.2	171.1	0.0	0.0	311.8	
162.7	260.5	232.8	0.0	330.8	284.4	87.0	0.0	232.1	455.0	
0.0	205.2	283.2	450.0	346.8	385.2	95.39999999999999	182.39999999999998	320.4	396.0	
191.8	240.3	215.2	369.0	0.0	267.0	108.7	297.4	380.2	475.2	
126.8	157.39999999999998	249.3	399.6	0.0	329.2	180.3	346.2	342.3	477.2	
153.2	171.2	0.0	306.2	359.4	335.4	184.8	217.3	449.8	406.0	
0.0	222.5	131.3	357.2	160.6	402.4	173.8	0.0	342.0	386.8	
207.0	232.0	227.8	334.2	0.0	312.4	155.39999999999998	312.4	383.4	429.4	
0.0	236.2	188.0	0.0	0.0	208.3	115.3	241.0	398.4	303.1	
262.8	313.0	283.2	0.0	430.6	328.8	197.5	325.6	374.2	451.2	
203.6	351.4	182.39999999999998	0.0	266.8	254.39999999999998	216.8	238.6	0.0	404.8	
0.0	149.8	108.89999999999999	340.8	258.6	279.0	104.3	0.0	294.8	0.0	
226.2	261.8	215.39999999999998	366.6	350.4	383.6	110.5	123.89999999999999	0.0	473.2	
240.39999999999998	142.7	192.39999999999998	295.1	0.0	236.6	165.89999999999998	0.0	345.2	438.6	
188.5	284.7	215.1	365.4	277.4	210.1	200.1	182.39999999999998	402.4	365.5	

demande_cumulee_X : 
354.0	249.0	275.0	108.0	0.0	242.0	137.0	0.0	0.0	151.0	
239.0	136.0	243.0	0.0	171.0	194.0	225.0	0.0	167.0	0.0	
0.0	242.0	190.0	70.0	168.0	114.0	188.0	244.0	132.0	111.0	
258.0	177.0	206.0	86.0	0.0	175.0	189.0	142.0	54.0	24.0	
336.0	282.0	155.0	58.0	0.0	170.0	133.0	127.0	62.0	22.0	
281.0	302.0	0.0	115.0	145.0	182.0	148.0	187.0	52.0	49.0	
0.0	187.0	273.0	103.0	297.0	63.0	159.0	0.0	126.0	128.0	
274.0	223.0	196.0	113.0	0.0	205.0	167.0	153.0	82.0	49.0	
0.0	276.0	306.0	0.0	0.0	196.0	198.0	240.0	54.0	96.0	
252.0	168.0	164.0	0.0	66.0	160.0	121.0	197.0	138.0	22.0	
241.0	140.0	244.0	0.0	157.0	198.0	116.0	232.0	0.0	71.0	
0.0	274.0	298.0	109.0	225.0	202.0	222.0	0.0	155.0	0.0	
208.0	214.0	250.0	104.0	154.0	87.0	156.0	270.0	0.0	0.0	
212.0	259.0	273.0	117.0	0.0	195.0	163.0	0.0	102.0	45.0	
208.0	130.0	184.0	87.0	162.0	202.0	134.0	257.0	76.0	31.0	

demande_cumulee_W : 
131.0	184.0	203.0	297.0	0.0	230.0	171.0	0.0	0.0	300.0	
120.0	252.0	217.0	0.0	173.0	225.0	84.0	0.0	177.0	127.0	
0.0	193.0	159.0	215.0	250.0	295.0	85.0	83.0	135.0	44.0	
175.0	229.0	202.0	169.0	0.0	131.0	90.0	46.0	81.0	188.0	
123.0	138.0	244.0	246.0	0.0	135.0	176.0	96.0	165.0	22.0	
90.0	164.0	0.0	157.0	251.0	222.0	170.0	185.0	146.0	76.0	
0.0	220.0	124.0	238.0	151.0	314.0	157.0	0.0	108.0	24.0	
196.0	146.0	212.0	167.0	0.0	260.0	141.0	148.0	137.0	55.0	
0.0	233.0	169.0	0.0	0.0	208.0	106.0	113.0	379.0	158.0	
133.0	157.0	153.0	0.0	280.0	211.0	169.0	69.0	28.0	88.0	
200.0	325.0	173.0	0.0	200.0	110.0	99.0	196.0	0.0	96.0	
0.0	144.0	100.0	338.0	246.0	268.0	101.0	0.0	288.0	0.0	
208.0	247.0	144.0	132.0	140.0	305.0	104.0	113.0	0.0	50.0	
230.0	114.0	185.0	159.0	0.0	138.0	146.0	0.0	266.0	128.0	
170.0	163.0	196.0	160.0	156.0	146.0	160.0	140.0	109.0	71.0	

capacite_residuelle_X : 
20.0	85.0	99.0	218.0	0.0	122.0	100.0	0.0	0.0	205.0	
70.0	169.0	123.0	0.0	215.0	174.0	15.0	0.0	140.0	350.0	
0.0	102.0	174.0	330.0	228.0	270.0	30.0	84.0	216.0	279.0	
88.0	144.0	118.0	264.0	0.0	165.0	40.0	196.0	280.0	360.0	
20.0	56.0	156.0	294.0	0.0	214.0	108.0	237.0	249.0	362.0	
53.0	62.0	0.0	209.0	243.0	216.0	108.0	124.0	334.0	301.0	
0.0	128.0	38.0	251.0	55.0	295.0	97.0	0.0	234.0	268.0	
96.0	127.0	130.0	231.0	0.0	193.0	81.0	205.0	276.0	319.0	
0.0	118.0	74.0	0.0	0.0	115.0	43.0	130.0	294.0	211.0	
144.0	202.0	180.0	0.0	316.0	216.0	124.0	205.0	256.0	342.0	
101.0	238.0	84.0	0.0	169.0	150.0	140.0	130.0	0.0	295.0	
0.0	52.0	15.0	237.0	147.0	168.0	29.0	0.0	191.0	0.0	
126.0	152.0	108.0	258.0	234.0	275.0	49.0	33.0	0.0	364.0	
136.0	50.0	85.0	200.0	0.0	137.0	90.0	0.0	242.0	327.0	
97.0	189.0	123.0	261.0	176.0	115.0	123.0	81.0	292.0	274.0	

capacite_residuelle_W : 
1.1999999999999886	1.1999999999999886	8.199999999999989	18.80000000000001	0.0	1.1999999999999886	0.09999999999999432	0.0	0.0	11.800000000000011	
42.69999999999999	8.5	15.800000000000011	0.0	157.8	59.39999999999998	3.0	0.0	55.099999999999994	328.0	
0.0	12.199999999999989	124.19999999999999	235.0	96.80000000000001	90.19999999999999	10.399999999999991	99.39999999999998	185.39999999999998	352.0	
16.80000000000001	11.300000000000011	13.199999999999989	200.0	0.0	136.0	18.700000000000003	251.39999999999998	299.2	287.2	
3.799999999999997	19.399999999999977	5.300000000000011	153.60000000000002	0.0	194.2	4.300000000000011	250.2	177.3	455.2	
63.19999999999999	7.199999999999989	0.0	149.2	108.39999999999998	113.39999999999998	14.800000000000011	32.30000000000001	303.8	330.0	
0.0	2.5	7.300000000000011	119.19999999999999	9.599999999999994	88.39999999999998	16.80000000000001	0.0	234.0	362.8	
11.0	86.0	15.800000000000011	167.2	0.0	52.39999999999998	14.399999999999977	164.39999999999998	246.39999999999998	374.4	
0.0	3.1999999999999886	19.0	0.0	0.0	0.30000000000001137	9.299999999999997	128.0	19.399999999999977	145.10000000000002	
129.8	156.0	130.2	0.0	150.60000000000002	117.80000000000001	28.5	256.6	346.2	363.2	
3.5999999999999943	26.399999999999977	9.399999999999977	0.0	66.80000000000001	144.39999999999998	117.80000000000001	42.599999999999994	0.0	308.8	
0.0	5.800000000000011	8.899999999999991	2.8000000000000114	12.600000000000023	11.0	3.299999999999997	0.0	6.800000000000011	0.0	
18.19999999999999	14.800000000000011	71.39999999999998	234.60000000000002	210.39999999999998	78.60000000000002	6.5	10.899999999999991	0.0	423.2	
10.399999999999977	28.69999999999999	7.399999999999977	136.10000000000002	0.0	98.6	19.899999999999977	0.0	79.19999999999999	310.6	
18.5	121.69999999999999	19.099999999999994	205.39999999999998	121.39999999999998	64.1	40.099999999999994	42.39999999999998	293.4	294.5	

min_capacite_X : 
0.0	0.0	0.0	0.0	0.0	0.0	0.0	0.0	0.0	0.0	0.0	0.0	0.0	0.0	257.0	

min_capacite_W : 
0.0	0.0	0.0	0.0	0.0	0.0	0.0	0.0	0.0	0.0	0.0	0.0	0.0	0.0	182.39999999999998	

max_capacite_X : 
374.0	386.0	400.0	384.0	384.0	398.0	396.0	398.0	394.0	402.0	378.0	372.0	388.0	372.0	368.0	

max_capacite_W : 
315.8	455.0	450.0	475.2	477.2	449.8	402.4	429.4	398.4	451.2	404.8	340.8	473.2	438.6	402.4	

moy_capacite_X : 
236.5	263.1	317.2	296.6	304.1	311.1	270.2	312.0	235.1	327.3	270.6	232.4	304.2	263.3	320.2	

moy_capacite_W : 
155.84999999999997	204.53	266.46	254.47999999999996	260.83000000000004	258.33000000000004	217.66	259.4	169.02999999999997	296.68999999999994	211.88000000000002	153.62	251.16	205.69	269.15999999999997	

med_capacite_X : 
330.0	308.0	356.0	336.0	345.0	342.0	333.5	354.0	309.0	373.0	335.0	319.5	360.0	324.5	318.0	

med_capacite_W : 
178.14999999999998	232.45	301.79999999999995	253.65	289.25	261.75	198.15	272.2	198.15	319.3	227.7	129.35	244.0	214.5	246.25	

ecartType_capacite_X : 
159.267856141784	137.48268981948235	117.15698869465704	105.74232832692876	109.10861560848437	111.30898436334778	139.7145661697448	110.55858175646068	159.36464476162837	117.24337934399536	138.96200919675852	155.51990226334377	112.81028321921721	135.248696851393	28.867975336001656	

ecartType_capacite_W : 
115.39784443394079	137.46948061297098	136.12212311009552	130.8897230495962	137.10764420702444	130.1468866319898	143.2067819623079	117.5110547991124	130.68250877604086	122.122892612319	123.68111254350845	125.28101851437832	138.23666807327209	131.98819227491526	78.62506216213758	

var_capacite_X : 
25366.25	18901.489999999998	13725.76	11181.439999999999	11904.689999999999	12389.69	19520.16	12223.2	25397.090000000004	13746.009999999998	19310.44	24186.44	12726.16	18292.21	833.36	

var_capacite_W : 
13316.6625	18897.8581	18529.2324	17132.119599999998	18798.5061	16938.2121	20508.182399999998	13808.847999999998	17077.9181	14914.0009	15297.017600000001	15695.333600000004	19109.3764	17420.882900000004	6181.9003999999995	

covar_capacite_X : 
28184.72222222222	21001.655555555553	15250.844444444445	12423.822222222221	13227.433333333332	13766.322222222223	21689.066666666666	13581.333333333332	28218.98888888889	15273.344444444441	21456.044444444444	26873.822222222225	14140.177777777777	20324.677777777775	925.9555555555555	

covar_capacite_W : 
14796.291666666666	20997.62011111111	20588.035999999996	19035.688444444444	20887.228999999996	18820.235666666664	22786.869333333332	15343.164444444441	18975.46455555555	16571.112111111113	16996.686222222223	17439.25955555556	21232.64044444444	19356.536555555558	6868.778222222221	

##########	##########	##########	##########	##########	##########	##########	##########	##########	##########	##########	##########	##########	##########	##########	##########	##########	##########	##########	##########	##########	##########	##########	##########	##########	##########	##########	##########	##########	##########	##########	##########	##########	##########	##########	##########	##########	##########	##########	##########	##########	##########	##########	##########	##########	##########	##########	##########	##########	##########	##########	##########	##########	##########	##########	##########	##########	##########	##########	##########	##########	##########	##########	##########	##########	##########	##########	##########	##########	##########	##########	##########	##########	##########	##########	##########	##########	##########	##########	##########	##########	##########	##########	##########	##########	##########	##########	##########	##########	##########	##########	##########	##########	##########	##########	##########	##########	##########	##########	##########	