nombre de noeuds : 150
nombre de strates : 10
nombre de centres : 15
titre : fenetre
instances : G8_3
temps de calcul : 0.8471360206604004
valeur objective : 2542.0
nombre de solutions : 2
nombre de noeuds : 1.0
faisability : True
moy_distances :	128.2
min_distances :	40.0
max_distances :	230.0
var_distances :	1023.872478216697
covar_distances :	1023.9182911156282
ecartType_distances :	31.998007410098165
coef_variation	: 0.24959879716590488
distances_centre_x :
-1.0	-1.0	-1.0	-1.0	-1.0	-1.0	-1.0	-1.0	-1.0	-1.0	-1.0	85.0	-1.0	-1.0	-1.0	-1.0	-1.0	-1.0	-1.0	55.0	-1.0	-1.0	-1.0	48.0	-1.0	-1.0	-1.0	-1.0	-1.0	-1.0	-1.0	48.0	-1.0	-1.0	-1.0	-1.0	-1.0	-1.0	-1.0	-1.0	-1.0	-1.0	-1.0	84.0	-1.0	-1.0	-1.0	-1.0	-1.0	-1.0	-1.0	-1.0	-1.0	-1.0	-1.0	-1.0	-1.0	-1.0	-1.0	-1.0	-1.0	-1.0	-1.0	91.0	-1.0	40.0	-1.0	-1.0	-1.0	-1.0	-1.0	-1.0	-1.0	-1.0	-1.0	-1.0	-1.0	-1.0	-1.0	-1.0	-1.0	-1.0	-1.0	-1.0	-1.0	-1.0	-1.0	-1.0	85.0	47.0	0.0	0.0	-1.0	-1.0	-1.0	0.0	0.0	-1.0	-1.0	-1.0	0.0	0.0	-1.0	-1.0	-1.0	41.0	-1.0	-1.0	-1.0	-1.0	97.0	-1.0	-1.0	51.0	-1.0	-1.0	-1.0	53.0	-1.0	-1.0	-1.0	-1.0	-1.0	104.0	-1.0	-1.0	-1.0	-1.0	-1.0	-1.0	55.0	-1.0	-1.0	104.0	-1.0	-1.0	-1.0	-1.0	-1.0	-1.0	-1.0	-1.0	-1.0	58.0	-1.0	-1.0	-1.0	50.0	-1.0	-1.0	
-1.0	-1.0	-1.0	-1.0	-1.0	-1.0	-1.0	-1.0	-1.0	-1.0	-1.0	-1.0	-1.0	-1.0	-1.0	-1.0	-1.0	-1.0	-1.0	-1.0	-1.0	-1.0	-1.0	48.0	-1.0	-1.0	-1.0	-1.0	-1.0	-1.0	-1.0	-1.0	-1.0	-1.0	-1.0	-1.0	-1.0	-1.0	-1.0	-1.0	-1.0	-1.0	49.0	-1.0	-1.0	-1.0	-1.0	-1.0	-1.0	-1.0	-1.0	-1.0	-1.0	-1.0	-1.0	43.0	-1.0	-1.0	-1.0	-1.0	-1.0	-1.0	-1.0	-1.0	-1.0	-1.0	-1.0	-1.0	-1.0	-1.0	-1.0	-1.0	-1.0	98.0	-1.0	-1.0	-1.0	-1.0	-1.0	-1.0	-1.0	-1.0	-1.0	-1.0	-1.0	-1.0	-1.0	-1.0	-1.0	-1.0	-1.0	-1.0	-1.0	-1.0	-1.0	-1.0	-1.0	-1.0	-1.0	-1.0	0.0	0.0	-1.0	-1.0	-1.0	-1.0	-1.0	-1.0	-1.0	-1.0	-1.0	-1.0	-1.0	-1.0	-1.0	-1.0	-1.0	-1.0	-1.0	-1.0	-1.0	-1.0	-1.0	-1.0	-1.0	-1.0	-1.0	-1.0	-1.0	-1.0	-1.0	-1.0	-1.0	-1.0	-1.0	-1.0	-1.0	-1.0	-1.0	-1.0	-1.0	-1.0	-1.0	-1.0	-1.0	54.0	-1.0	-1.0	-1.0	-1.0	
-1.0	55.0	-1.0	-1.0	-1.0	-1.0	-1.0	-1.0	-1.0	-1.0	-1.0	-1.0	-1.0	-1.0	-1.0	-1.0	-1.0	-1.0	-1.0	-1.0	-1.0	-1.0	-1.0	48.0	-1.0	-1.0	-1.0	-1.0	-1.0	-1.0	-1.0	-1.0	-1.0	-1.0	-1.0	-1.0	-1.0	-1.0	-1.0	-1.0	-1.0	-1.0	-1.0	-1.0	-1.0	92.0	-1.0	-1.0	97.0	-1.0	-1.0	-1.0	-1.0	-1.0	-1.0	-1.0	-1.0	-1.0	-1.0	-1.0	-1.0	-1.0	-1.0	-1.0	-1.0	-1.0	-1.0	-1.0	-1.0	-1.0	-1.0	-1.0	-1.0	-1.0	-1.0	-1.0	-1.0	-1.0	-1.0	-1.0	-1.0	-1.0	49.0	-1.0	101.0	-1.0	-1.0	-1.0	-1.0	-1.0	-1.0	-1.0	-1.0	-1.0	-1.0	-1.0	-1.0	-1.0	-1.0	-1.0	0.0	0.0	-1.0	-1.0	-1.0	-1.0	-1.0	-1.0	-1.0	-1.0	99.0	-1.0	-1.0	51.0	-1.0	-1.0	-1.0	-1.0	-1.0	-1.0	-1.0	-1.0	-1.0	104.0	-1.0	-1.0	-1.0	-1.0	-1.0	103.0	-1.0	0.0	-1.0	-1.0	-1.0	-1.0	-1.0	-1.0	-1.0	-1.0	-1.0	-1.0	-1.0	-1.0	-1.0	54.0	-1.0	-1.0	-1.0	-1.0	
-1.0	-1.0	-1.0	-1.0	-1.0	-1.0	-1.0	-1.0	-1.0	-1.0	-1.0	-1.0	-1.0	-1.0	-1.0	-1.0	-1.0	-1.0	-1.0	-1.0	-1.0	-1.0	-1.0	-1.0	-1.0	-1.0	-1.0	-1.0	-1.0	-1.0	-1.0	-1.0	-1.0	-1.0	-1.0	-1.0	-1.0	-1.0	-1.0	-1.0	-1.0	-1.0	-1.0	-1.0	-1.0	-1.0	-1.0	-1.0	-1.0	-1.0	-1.0	-1.0	-1.0	-1.0	-1.0	-1.0	-1.0	-1.0	-1.0	-1.0	-1.0	-1.0	-1.0	-1.0	-1.0	-1.0	-1.0	-1.0	-1.0	-1.0	-1.0	-1.0	-1.0	-1.0	-1.0	-1.0	-1.0	-1.0	-1.0	-1.0	-1.0	-1.0	-1.0	-1.0	-1.0	-1.0	-1.0	-1.0	-1.0	-1.0	-1.0	-1.0	-1.0	-1.0	-1.0	-1.0	-1.0	-1.0	-1.0	-1.0	-1.0	-1.0	-1.0	-1.0	-1.0	-1.0	-1.0	-1.0	-1.0	-1.0	-1.0	-1.0	-1.0	-1.0	-1.0	-1.0	-1.0	-1.0	-1.0	-1.0	-1.0	-1.0	-1.0	-1.0	-1.0	-1.0	-1.0	-1.0	-1.0	-1.0	-1.0	-1.0	-1.0	-1.0	-1.0	-1.0	-1.0	-1.0	-1.0	-1.0	-1.0	-1.0	-1.0	-1.0	-1.0	-1.0	-1.0	-1.0	-1.0	-1.0	
-1.0	-1.0	-1.0	-1.0	-1.0	-1.0	-1.0	-1.0	-1.0	-1.0	-1.0	-1.0	-1.0	-1.0	-1.0	-1.0	-1.0	-1.0	-1.0	-1.0	-1.0	-1.0	-1.0	-1.0	-1.0	-1.0	-1.0	-1.0	-1.0	-1.0	-1.0	-1.0	-1.0	-1.0	-1.0	-1.0	-1.0	-1.0	-1.0	-1.0	-1.0	-1.0	-1.0	-1.0	-1.0	-1.0	-1.0	-1.0	-1.0	-1.0	-1.0	-1.0	-1.0	-1.0	-1.0	-1.0	-1.0	-1.0	-1.0	-1.0	-1.0	-1.0	-1.0	-1.0	-1.0	-1.0	-1.0	-1.0	-1.0	-1.0	-1.0	-1.0	-1.0	-1.0	-1.0	-1.0	-1.0	-1.0	-1.0	-1.0	-1.0	-1.0	-1.0	-1.0	-1.0	-1.0	-1.0	-1.0	-1.0	-1.0	-1.0	-1.0	-1.0	-1.0	-1.0	-1.0	-1.0	-1.0	-1.0	-1.0	-1.0	-1.0	-1.0	-1.0	-1.0	-1.0	-1.0	-1.0	-1.0	-1.0	-1.0	-1.0	-1.0	-1.0	-1.0	-1.0	-1.0	-1.0	-1.0	-1.0	-1.0	-1.0	-1.0	-1.0	-1.0	-1.0	-1.0	-1.0	-1.0	-1.0	-1.0	-1.0	-1.0	-1.0	-1.0	-1.0	-1.0	-1.0	-1.0	-1.0	-1.0	-1.0	-1.0	-1.0	-1.0	-1.0	-1.0	-1.0	-1.0	-1.0	
-1.0	-1.0	-1.0	-1.0	-1.0	-1.0	-1.0	-1.0	-1.0	-1.0	-1.0	-1.0	-1.0	-1.0	-1.0	-1.0	-1.0	-1.0	-1.0	-1.0	-1.0	-1.0	-1.0	-1.0	-1.0	-1.0	-1.0	-1.0	-1.0	-1.0	-1.0	-1.0	-1.0	-1.0	-1.0	-1.0	-1.0	-1.0	-1.0	-1.0	-1.0	-1.0	-1.0	-1.0	-1.0	-1.0	-1.0	-1.0	-1.0	-1.0	-1.0	-1.0	-1.0	-1.0	-1.0	-1.0	-1.0	-1.0	-1.0	-1.0	-1.0	-1.0	-1.0	-1.0	-1.0	-1.0	-1.0	-1.0	-1.0	-1.0	-1.0	-1.0	-1.0	-1.0	-1.0	-1.0	-1.0	-1.0	-1.0	-1.0	-1.0	-1.0	-1.0	-1.0	-1.0	-1.0	-1.0	-1.0	-1.0	-1.0	-1.0	-1.0	-1.0	-1.0	-1.0	-1.0	-1.0	-1.0	-1.0	-1.0	-1.0	-1.0	-1.0	-1.0	-1.0	-1.0	-1.0	-1.0	-1.0	-1.0	-1.0	-1.0	-1.0	-1.0	-1.0	-1.0	-1.0	-1.0	-1.0	-1.0	-1.0	-1.0	-1.0	-1.0	-1.0	-1.0	-1.0	-1.0	-1.0	-1.0	-1.0	-1.0	-1.0	-1.0	-1.0	-1.0	-1.0	-1.0	-1.0	-1.0	-1.0	-1.0	-1.0	-1.0	-1.0	-1.0	-1.0	-1.0	-1.0	-1.0	
43.0	55.0	43.0	47.0	89.0	-1.0	-1.0	88.0	-1.0	-1.0	83.0	47.0	47.0	43.0	80.0	-1.0	43.0	-1.0	-1.0	-1.0	-1.0	83.0	40.0	48.0	40.0	96.0	80.0	-1.0	-1.0	48.0	-1.0	-1.0	-1.0	-1.0	0.0	-1.0	-1.0	97.0	-1.0	82.0	-1.0	-1.0	0.0	-1.0	-1.0	48.0	-1.0	126.0	86.0	42.0	82.0	46.0	0.0	-1.0	-1.0	-1.0	42.0	-1.0	101.0	43.0	-1.0	-1.0	-1.0	-1.0	86.0	40.0	-1.0	-1.0	56.0	44.0	44.0	-1.0	91.0	85.0	47.0	-1.0	-1.0	91.0	-1.0	-1.0	88.0	-1.0	-1.0	-1.0	88.0	106.0	-1.0	-1.0	-1.0	0.0	0.0	0.0	-1.0	47.0	89.0	0.0	0.0	56.0	48.0	98.0	0.0	0.0	49.0	92.0	89.0	41.0	49.0	-1.0	-1.0	-1.0	97.0	50.0	-1.0	-1.0	-1.0	-1.0	-1.0	53.0	-1.0	-1.0	-1.0	-1.0	-1.0	104.0	94.0	53.0	-1.0	-1.0	55.0	54.0	55.0	0.0	-1.0	-1.0	-1.0	-1.0	-1.0	93.0	99.0	-1.0	140.0	-1.0	100.0	-1.0	-1.0	54.0	-1.0	50.0	90.0	-1.0	
-1.0	-1.0	-1.0	-1.0	-1.0	-1.0	-1.0	-1.0	-1.0	-1.0	-1.0	-1.0	-1.0	-1.0	-1.0	-1.0	-1.0	-1.0	-1.0	55.0	-1.0	-1.0	-1.0	48.0	-1.0	-1.0	-1.0	-1.0	-1.0	48.0	-1.0	48.0	-1.0	-1.0	-1.0	-1.0	-1.0	-1.0	-1.0	-1.0	-1.0	-1.0	-1.0	-1.0	-1.0	48.0	-1.0	-1.0	-1.0	-1.0	-1.0	-1.0	-1.0	-1.0	-1.0	-1.0	-1.0	-1.0	-1.0	-1.0	-1.0	-1.0	-1.0	91.0	-1.0	-1.0	-1.0	-1.0	-1.0	-1.0	-1.0	-1.0	-1.0	-1.0	-1.0	-1.0	-1.0	-1.0	-1.0	-1.0	-1.0	-1.0	-1.0	-1.0	-1.0	-1.0	-1.0	-1.0	-1.0	-1.0	-1.0	-1.0	-1.0	-1.0	-1.0	-1.0	0.0	-1.0	-1.0	-1.0	-1.0	0.0	-1.0	-1.0	-1.0	-1.0	-1.0	-1.0	-1.0	-1.0	-1.0	-1.0	-1.0	-1.0	-1.0	-1.0	-1.0	-1.0	-1.0	-1.0	52.0	-1.0	-1.0	-1.0	-1.0	-1.0	-1.0	-1.0	-1.0	-1.0	55.0	-1.0	-1.0	-1.0	-1.0	-1.0	-1.0	-1.0	-1.0	-1.0	-1.0	-1.0	-1.0	-1.0	-1.0	54.0	-1.0	-1.0	-1.0	-1.0	
43.0	55.0	43.0	47.0	-1.0	-1.0	40.0	88.0	80.0	-1.0	83.0	47.0	0.0	43.0	80.0	41.0	-1.0	-1.0	-1.0	-1.0	47.0	-1.0	85.0	48.0	40.0	-1.0	80.0	-1.0	-1.0	-1.0	-1.0	-1.0	-1.0	-1.0	-1.0	41.0	41.0	-1.0	-1.0	82.0	-1.0	-1.0	0.0	-1.0	-1.0	48.0	42.0	88.0	86.0	42.0	85.0	46.0	0.0	-1.0	-1.0	-1.0	42.0	-1.0	101.0	43.0	-1.0	83.0	43.0	91.0	86.0	-1.0	-1.0	84.0	-1.0	44.0	-1.0	47.0	90.0	85.0	47.0	-1.0	-1.0	91.0	45.0	-1.0	88.0	-1.0	-1.0	-1.0	88.0	-1.0	46.0	-1.0	-1.0	0.0	98.0	0.0	94.0	47.0	-1.0	0.0	0.0	56.0	-1.0	95.0	-1.0	-1.0	-1.0	-1.0	49.0	41.0	-1.0	-1.0	-1.0	95.0	97.0	50.0	-1.0	51.0	51.0	51.0	-1.0	53.0	-1.0	99.0	52.0	-1.0	87.0	104.0	101.0	53.0	-1.0	-1.0	-1.0	54.0	55.0	-1.0	-1.0	55.0	44.0	54.0	96.0	-1.0	-1.0	56.0	102.0	104.0	100.0	-1.0	83.0	54.0	-1.0	50.0	90.0	-1.0	
43.0	55.0	43.0	47.0	-1.0	86.0	-1.0	88.0	80.0	-1.0	87.0	47.0	0.0	43.0	-1.0	-1.0	43.0	-1.0	-1.0	-1.0	-1.0	83.0	40.0	48.0	40.0	-1.0	80.0	-1.0	87.0	48.0	-1.0	-1.0	-1.0	-1.0	0.0	-1.0	-1.0	-1.0	-1.0	82.0	43.0	55.0	0.0	-1.0	-1.0	48.0	-1.0	87.0	86.0	-1.0	-1.0	46.0	0.0	-1.0	56.0	-1.0	42.0	-1.0	101.0	-1.0	-1.0	83.0	43.0	-1.0	86.0	-1.0	-1.0	-1.0	-1.0	-1.0	44.0	-1.0	-1.0	-1.0	-1.0	-1.0	-1.0	-1.0	45.0	88.0	88.0	-1.0	-1.0	47.0	-1.0	-1.0	-1.0	-1.0	85.0	0.0	0.0	0.0	-1.0	47.0	-1.0	-1.0	0.0	-1.0	48.0	95.0	0.0	0.0	-1.0	92.0	-1.0	-1.0	49.0	50.0	93.0	-1.0	97.0	50.0	97.0	51.0	-1.0	51.0	99.0	53.0	-1.0	-1.0	-1.0	-1.0	87.0	-1.0	94.0	53.0	105.0	-1.0	-1.0	-1.0	55.0	-1.0	-1.0	-1.0	-1.0	-1.0	-1.0	56.0	-1.0	-1.0	102.0	-1.0	100.0	58.0	83.0	54.0	-1.0	50.0	90.0	-1.0	

distances_centre_w :
-1.0	-1.0	-1.0	-1.0	-1.0	-1.0	-1.0	-1.0	-1.0	-1.0	-1.0	-1.0	47.0	47.0	-1.0	-1.0	-1.0	-1.0	-1.0	-1.0	-1.0	-1.0	85.0	-1.0	-1.0	-1.0	83.0	-1.0	87.0	-1.0	-1.0	-1.0	-1.0	-1.0	-1.0	-1.0	-1.0	-1.0	-1.0	-1.0	48.0	-1.0	-1.0	-1.0	-1.0	-1.0	-1.0	-1.0	-1.0	-1.0	-1.0	93.0	47.0	-1.0	-1.0	-1.0	-1.0	-1.0	-1.0	-1.0	-1.0	83.0	-1.0	-1.0	-1.0	-1.0	-1.0	-1.0	-1.0	-1.0	52.0	-1.0	-1.0	-1.0	-1.0	-1.0	-1.0	-1.0	-1.0	-1.0	91.0	-1.0	-1.0	-1.0	-1.0	-1.0	-1.0	-1.0	-1.0	-1.0	-1.0	-1.0	94.0	-1.0	-1.0	-1.0	-1.0	-1.0	-1.0	-1.0	54.0	-1.0	-1.0	-1.0	-1.0	-1.0	-1.0	-1.0	-1.0	90.0	99.0	-1.0	99.0	98.0	-1.0	-1.0	99.0	-1.0	-1.0	93.0	-1.0	-1.0	91.0	-1.0	101.0	54.0	-1.0	-1.0	-1.0	-1.0	-1.0	-1.0	-1.0	-1.0	-1.0	-1.0	-1.0	-1.0	-1.0	-1.0	-1.0	-1.0	104.0	-1.0	91.0	-1.0	-1.0	-1.0	-1.0	-1.0	
-1.0	-1.0	-1.0	-1.0	-1.0	-1.0	131.0	-1.0	-1.0	-1.0	135.0	85.0	-1.0	-1.0	-1.0	-1.0	-1.0	-1.0	-1.0	-1.0	-1.0	-1.0	85.0	102.0	-1.0	-1.0	-1.0	-1.0	-1.0	-1.0	-1.0	-1.0	-1.0	-1.0	-1.0	-1.0	-1.0	-1.0	-1.0	-1.0	-1.0	-1.0	-1.0	-1.0	-1.0	-1.0	-1.0	-1.0	-1.0	-1.0	-1.0	-1.0	-1.0	-1.0	-1.0	-1.0	-1.0	-1.0	-1.0	140.0	-1.0	-1.0	-1.0	138.0	98.0	-1.0	-1.0	-1.0	-1.0	-1.0	-1.0	-1.0	-1.0	-1.0	-1.0	-1.0	-1.0	-1.0	-1.0	-1.0	-1.0	-1.0	-1.0	-1.0	-1.0	-1.0	-1.0	-1.0	-1.0	-1.0	-1.0	-1.0	-1.0	-1.0	-1.0	-1.0	-1.0	-1.0	-1.0	-1.0	54.0	-1.0	-1.0	-1.0	-1.0	-1.0	-1.0	-1.0	-1.0	-1.0	99.0	139.0	-1.0	-1.0	135.0	-1.0	-1.0	-1.0	99.0	-1.0	-1.0	-1.0	-1.0	-1.0	-1.0	-1.0	-1.0	-1.0	-1.0	-1.0	-1.0	-1.0	-1.0	-1.0	-1.0	-1.0	-1.0	-1.0	-1.0	-1.0	-1.0	-1.0	-1.0	-1.0	113.0	-1.0	-1.0	-1.0	-1.0	-1.0	
-1.0	-1.0	116.0	-1.0	-1.0	-1.0	-1.0	-1.0	-1.0	-1.0	-1.0	85.0	-1.0	55.0	-1.0	-1.0	98.0	-1.0	-1.0	-1.0	-1.0	-1.0	-1.0	98.0	-1.0	-1.0	-1.0	-1.0	-1.0	-1.0	-1.0	-1.0	-1.0	-1.0	-1.0	-1.0	-1.0	-1.0	95.0	-1.0	-1.0	-1.0	49.0	-1.0	90.0	-1.0	-1.0	-1.0	-1.0	-1.0	126.0	95.0	-1.0	-1.0	-1.0	-1.0	-1.0	-1.0	-1.0	-1.0	-1.0	-1.0	140.0	-1.0	98.0	-1.0	-1.0	-1.0	-1.0	-1.0	-1.0	-1.0	-1.0	106.0	-1.0	-1.0	-1.0	-1.0	-1.0	-1.0	-1.0	-1.0	-1.0	-1.0	-1.0	-1.0	-1.0	95.0	-1.0	-1.0	-1.0	49.0	-1.0	-1.0	-1.0	91.0	-1.0	-1.0	-1.0	-1.0	54.0	-1.0	-1.0	-1.0	-1.0	-1.0	-1.0	-1.0	-1.0	-1.0	-1.0	-1.0	-1.0	105.0	-1.0	-1.0	-1.0	-1.0	-1.0	-1.0	-1.0	-1.0	99.0	-1.0	-1.0	-1.0	105.0	-1.0	-1.0	136.0	-1.0	-1.0	-1.0	140.0	-1.0	-1.0	-1.0	-1.0	-1.0	-1.0	-1.0	-1.0	-1.0	-1.0	-1.0	-1.0	-1.0	-1.0	-1.0	-1.0	
-1.0	-1.0	-1.0	-1.0	-1.0	-1.0	-1.0	-1.0	-1.0	-1.0	-1.0	-1.0	-1.0	-1.0	-1.0	-1.0	-1.0	-1.0	-1.0	-1.0	-1.0	-1.0	-1.0	-1.0	-1.0	-1.0	-1.0	-1.0	-1.0	-1.0	-1.0	-1.0	-1.0	-1.0	-1.0	-1.0	-1.0	-1.0	-1.0	-1.0	-1.0	-1.0	-1.0	-1.0	-1.0	-1.0	-1.0	-1.0	-1.0	-1.0	-1.0	-1.0	-1.0	-1.0	-1.0	-1.0	-1.0	-1.0	-1.0	-1.0	-1.0	-1.0	-1.0	-1.0	-1.0	-1.0	-1.0	-1.0	-1.0	-1.0	-1.0	-1.0	-1.0	-1.0	-1.0	-1.0	-1.0	-1.0	-1.0	-1.0	-1.0	-1.0	-1.0	-1.0	-1.0	-1.0	-1.0	-1.0	-1.0	-1.0	-1.0	-1.0	-1.0	-1.0	-1.0	-1.0	-1.0	-1.0	-1.0	-1.0	-1.0	-1.0	-1.0	-1.0	-1.0	-1.0	-1.0	-1.0	-1.0	-1.0	-1.0	-1.0	-1.0	-1.0	-1.0	-1.0	-1.0	-1.0	-1.0	-1.0	-1.0	-1.0	-1.0	-1.0	-1.0	-1.0	-1.0	-1.0	-1.0	-1.0	-1.0	-1.0	-1.0	-1.0	-1.0	-1.0	-1.0	-1.0	-1.0	-1.0	-1.0	-1.0	-1.0	-1.0	-1.0	-1.0	-1.0	-1.0	-1.0	-1.0	
-1.0	-1.0	-1.0	-1.0	-1.0	-1.0	-1.0	-1.0	-1.0	-1.0	-1.0	-1.0	-1.0	-1.0	-1.0	-1.0	-1.0	-1.0	-1.0	-1.0	-1.0	-1.0	-1.0	-1.0	-1.0	-1.0	-1.0	-1.0	-1.0	-1.0	-1.0	-1.0	-1.0	-1.0	-1.0	-1.0	-1.0	-1.0	-1.0	-1.0	-1.0	-1.0	-1.0	-1.0	-1.0	-1.0	-1.0	-1.0	-1.0	-1.0	-1.0	-1.0	-1.0	-1.0	-1.0	-1.0	-1.0	-1.0	-1.0	-1.0	-1.0	-1.0	-1.0	-1.0	-1.0	-1.0	-1.0	-1.0	-1.0	-1.0	-1.0	-1.0	-1.0	-1.0	-1.0	-1.0	-1.0	-1.0	-1.0	-1.0	-1.0	-1.0	-1.0	-1.0	-1.0	-1.0	-1.0	-1.0	-1.0	-1.0	-1.0	-1.0	-1.0	-1.0	-1.0	-1.0	-1.0	-1.0	-1.0	-1.0	-1.0	-1.0	-1.0	-1.0	-1.0	-1.0	-1.0	-1.0	-1.0	-1.0	-1.0	-1.0	-1.0	-1.0	-1.0	-1.0	-1.0	-1.0	-1.0	-1.0	-1.0	-1.0	-1.0	-1.0	-1.0	-1.0	-1.0	-1.0	-1.0	-1.0	-1.0	-1.0	-1.0	-1.0	-1.0	-1.0	-1.0	-1.0	-1.0	-1.0	-1.0	-1.0	-1.0	-1.0	-1.0	-1.0	-1.0	-1.0	-1.0	-1.0	
-1.0	-1.0	-1.0	-1.0	-1.0	-1.0	-1.0	-1.0	-1.0	-1.0	-1.0	85.0	-1.0	55.0	-1.0	-1.0	-1.0	-1.0	-1.0	-1.0	-1.0	-1.0	85.0	-1.0	-1.0	-1.0	-1.0	-1.0	-1.0	-1.0	-1.0	-1.0	-1.0	-1.0	-1.0	-1.0	-1.0	-1.0	-1.0	-1.0	-1.0	-1.0	-1.0	-1.0	-1.0	-1.0	-1.0	-1.0	-1.0	-1.0	-1.0	-1.0	-1.0	56.0	-1.0	-1.0	-1.0	-1.0	-1.0	-1.0	-1.0	99.0	-1.0	-1.0	98.0	-1.0	-1.0	-1.0	-1.0	-1.0	-1.0	-1.0	-1.0	98.0	-1.0	-1.0	-1.0	-1.0	-1.0	-1.0	-1.0	-1.0	-1.0	-1.0	-1.0	-1.0	-1.0	-1.0	-1.0	-1.0	-1.0	-1.0	-1.0	-1.0	-1.0	-1.0	-1.0	-1.0	-1.0	-1.0	-1.0	-1.0	-1.0	-1.0	-1.0	-1.0	-1.0	-1.0	-1.0	-1.0	-1.0	-1.0	-1.0	-1.0	94.0	-1.0	-1.0	-1.0	-1.0	-1.0	-1.0	-1.0	-1.0	-1.0	-1.0	-1.0	-1.0	-1.0	-1.0	-1.0	-1.0	-1.0	-1.0	-1.0	-1.0	-1.0	-1.0	-1.0	-1.0	-1.0	-1.0	-1.0	-1.0	-1.0	-1.0	-1.0	-1.0	-1.0	-1.0	-1.0	
134.0	128.0	46.0	88.0	92.0	-1.0	-1.0	95.0	-1.0	-1.0	83.0	85.0	91.0	134.0	99.0	-1.0	96.0	-1.0	-1.0	-1.0	-1.0	102.0	85.0	81.0	92.0	100.0	83.0	-1.0	-1.0	85.0	-1.0	-1.0	-1.0	-1.0	89.0	-1.0	-1.0	134.0	-1.0	91.0	-1.0	-1.0	42.0	-1.0	-1.0	92.0	-1.0	130.0	86.0	47.0	85.0	93.0	47.0	-1.0	-1.0	-1.0	55.0	-1.0	112.0	132.0	-1.0	-1.0	-1.0	-1.0	98.0	87.0	-1.0	-1.0	87.0	44.0	47.0	-1.0	112.0	85.0	48.0	-1.0	-1.0	92.0	-1.0	-1.0	91.0	-1.0	-1.0	-1.0	101.0	140.0	-1.0	-1.0	-1.0	102.0	47.0	47.0	-1.0	131.0	89.0	42.0	48.0	90.0	83.0	98.0	54.0	142.0	49.0	97.0	96.0	91.0	96.0	-1.0	-1.0	-1.0	99.0	97.0	-1.0	-1.0	-1.0	-1.0	-1.0	96.0	-1.0	-1.0	-1.0	-1.0	-1.0	104.0	101.0	54.0	-1.0	-1.0	101.0	91.0	103.0	87.0	-1.0	-1.0	-1.0	-1.0	-1.0	140.0	103.0	-1.0	143.0	-1.0	104.0	-1.0	-1.0	58.0	-1.0	87.0	99.0	-1.0	
-1.0	-1.0	-1.0	-1.0	-1.0	-1.0	-1.0	-1.0	-1.0	-1.0	-1.0	85.0	-1.0	55.0	-1.0	-1.0	-1.0	-1.0	-1.0	-1.0	-1.0	-1.0	85.0	-1.0	-1.0	-1.0	98.0	-1.0	-1.0	-1.0	-1.0	-1.0	-1.0	-1.0	-1.0	-1.0	-1.0	-1.0	-1.0	-1.0	48.0	-1.0	49.0	-1.0	-1.0	-1.0	-1.0	-1.0	-1.0	-1.0	-1.0	-1.0	-1.0	56.0	-1.0	-1.0	55.0	-1.0	-1.0	-1.0	-1.0	-1.0	-1.0	-1.0	98.0	-1.0	87.0	-1.0	-1.0	-1.0	-1.0	-1.0	-1.0	-1.0	-1.0	-1.0	-1.0	-1.0	-1.0	-1.0	91.0	-1.0	-1.0	-1.0	-1.0	-1.0	-1.0	-1.0	-1.0	-1.0	-1.0	-1.0	-1.0	-1.0	-1.0	-1.0	-1.0	-1.0	-1.0	-1.0	-1.0	-1.0	-1.0	-1.0	-1.0	-1.0	-1.0	-1.0	-1.0	-1.0	99.0	-1.0	-1.0	51.0	-1.0	90.0	-1.0	-1.0	-1.0	93.0	-1.0	-1.0	99.0	104.0	-1.0	54.0	-1.0	-1.0	-1.0	-1.0	-1.0	-1.0	-1.0	-1.0	-1.0	-1.0	-1.0	-1.0	-1.0	-1.0	-1.0	-1.0	-1.0	-1.0	-1.0	-1.0	-1.0	-1.0	-1.0	-1.0	
124.0	130.0	46.0	88.0	-1.0	-1.0	41.0	95.0	123.0	-1.0	83.0	114.0	47.0	47.0	121.0	83.0	-1.0	-1.0	-1.0	-1.0	83.0	-1.0	86.0	81.0	130.0	-1.0	83.0	-1.0	-1.0	-1.0	-1.0	-1.0	-1.0	-1.0	-1.0	131.0	41.0	-1.0	-1.0	90.0	-1.0	-1.0	49.0	-1.0	-1.0	131.0	90.0	126.0	140.0	47.0	137.0	94.0	130.0	-1.0	-1.0	-1.0	131.0	-1.0	112.0	139.0	-1.0	83.0	86.0	138.0	139.0	-1.0	-1.0	90.0	-1.0	91.0	-1.0	84.0	91.0	105.0	125.0	-1.0	-1.0	92.0	83.0	-1.0	91.0	-1.0	-1.0	-1.0	94.0	-1.0	102.0	-1.0	-1.0	47.0	98.0	49.0	114.0	88.0	-1.0	42.0	99.0	90.0	-1.0	98.0	-1.0	-1.0	-1.0	-1.0	89.0	49.0	-1.0	-1.0	-1.0	104.0	99.0	97.0	-1.0	51.0	51.0	139.0	-1.0	96.0	-1.0	135.0	136.0	-1.0	139.0	104.0	104.0	54.0	-1.0	-1.0	-1.0	138.0	100.0	-1.0	-1.0	88.0	95.0	56.0	96.0	-1.0	-1.0	103.0	140.0	104.0	104.0	-1.0	91.0	58.0	-1.0	110.0	106.0	-1.0	
140.0	128.0	129.0	88.0	-1.0	98.0	-1.0	95.0	98.0	-1.0	139.0	85.0	47.0	47.0	-1.0	-1.0	138.0	-1.0	-1.0	-1.0	-1.0	102.0	85.0	123.0	98.0	-1.0	83.0	-1.0	124.0	88.0	-1.0	-1.0	-1.0	-1.0	125.0	-1.0	-1.0	-1.0	-1.0	90.0	48.0	84.0	42.0	-1.0	-1.0	92.0	-1.0	88.0	86.0	-1.0	-1.0	93.0	47.0	-1.0	93.0	-1.0	104.0	-1.0	112.0	-1.0	-1.0	83.0	86.0	-1.0	98.0	-1.0	-1.0	-1.0	-1.0	-1.0	47.0	-1.0	-1.0	-1.0	-1.0	-1.0	-1.0	-1.0	134.0	89.0	135.0	-1.0	-1.0	103.0	-1.0	-1.0	-1.0	-1.0	102.0	47.0	47.0	47.0	-1.0	47.0	-1.0	-1.0	48.0	-1.0	83.0	98.0	54.0	138.0	-1.0	95.0	-1.0	-1.0	49.0	106.0	99.0	-1.0	99.0	97.0	99.0	51.0	-1.0	90.0	131.0	96.0	-1.0	-1.0	-1.0	-1.0	100.0	-1.0	101.0	54.0	110.0	-1.0	-1.0	-1.0	139.0	-1.0	-1.0	-1.0	-1.0	-1.0	-1.0	89.0	-1.0	-1.0	140.0	-1.0	104.0	99.0	91.0	114.0	-1.0	87.0	99.0	-1.0	

maxX :
104.0	98.0	104.0	nan	nan	nan	140.0	91.0	104.0	105.0	

maxW :
104.0	140.0	140.0	nan	nan	nan	143.0	104.0	140.0	140.0	

minX :
0.0	0.0	0.0	nan	nan	nan	0.0	0.0	0.0	0.0	

minW :
47.0	54.0	49.0	nan	nan	nan	42.0	48.0	41.0	42.0	

moyX :
49.833333333333336	41.714285714285715	60.92857142857143	nan	nan	nan	59.53164556962025	45.36363636363637	61.116279069767444	58.13513513513514	

moyW :
80.41666666666667	110.92857142857143	96.5909090909091	nan	nan	nan	90.31645569620254	77.61111111111111	95.90697674418605	92.75675675675676	

medX :
50.5	48.0	54.5	nan	nan	nan	53.0	48.0	53.5	53.0	

medW :
90.5	107.5	98.0	nan	nan	nan	92.0	86.0	95.5	95.5	

ecartTypeX :
34.550285414482794	31.381133029323234	38.335854693772525	nan	nan	nan	33.17419900420478	24.36567155678709	28.040841727011856	30.507564114904056	

ecartTypeW :
20.34681929824796	25.423454541354655	26.19448083941121	nan	nan	nan	26.21360372686867	20.629371964612034	28.732376967608534	27.582706495003013	

varX :
1193.7222222222224	984.7755102040817	1469.6377551020412	nan	nan	nan	1100.5274795705816	593.6859504132233	786.2888047593293	930.7114682249818	

varW :
413.9930555555556	646.3520408163266	686.150826446281	nan	nan	nan	687.153020349303	425.570987654321	825.5494862087614	760.8056975894814	

covarX :
1245.623188405797	1148.904761904762	1582.6868131868137	nan	nan	nan	1114.6368062317429	653.0545454545455	795.5392612859098	943.4609403924472	

covarW :
431.9927536231883	696.0714285714287	718.8246753246752	nan	nan	nan	695.9626744563454	450.6045751633987	835.2618331053351	771.2276934468715	

coef_variationX :
0.6933167641702233	0.7522874356344611	0.6291933947395256	nan	nan	nan	0.5572531833578944	0.5371190122738636	0.4588113372380174	0.5247698150866806	

coef_variationW :
0.25301744205075183	0.2291876133798874	0.27118991927861014	nan	nan	nan	0.2902417231145935	0.2658043631803984	0.29958588981745077	0.29736600825032383	

moy_distances_centre :	118.96190476190476
min_distances_centre :	42.0
max_distances_centre :	186.0
med_distances_centre :	130.0
ecartType_distances_centre :	31.393637150141416
var_distances_centre :	985.5604535147393
covar_distances_centre :	990.2760537707904
coef_variation_distances_centre :	0.2638965575826474
capacite_X_temoin : 
1181.0	1300.0	1273.0	1062.0	1247.0	1188.0	1313.0	0.0	1168.0	1194.0	1148.0	1254.0	1148.0	1181.0	1207.0	
1108.0	1254.0	1227.0	1122.0	1108.0	1221.0	1313.0	1306.0	1161.0	1214.0	1234.0	0.0	1293.0	1201.0	1300.0	
1069.0	1056.0	1168.0	1128.0	1227.0	1300.0	0.0	1016.0	1069.0	0.0	0.0	0.0	1234.0	1082.0	1161.0	
1056.0	0.0	1102.0	0.0	0.0	1227.0	1313.0	1122.0	0.0	0.0	1181.0	1155.0	1300.0	1168.0	0.0	
1108.0	1273.0	990.0	1042.0	1141.0	1247.0	1069.0	0.0	1287.0	1267.0	1293.0	1161.0	1280.0	1174.0	0.0	
1254.0	1003.0	1155.0	1181.0	1227.0	1287.0	0.0	1161.0	1254.0	990.0	1009.0	1049.0	1234.0	0.0	1207.0	
0.0	1214.0	1056.0	1273.0	1161.0	1254.0	1214.0	1036.0	996.0	1036.0	1247.0	1009.0	1188.0	1141.0	1003.0	
1188.0	1254.0	1016.0	1306.0	1168.0	1254.0	1280.0	1069.0	0.0	1003.0	0.0	1056.0	1128.0	1188.0	1188.0	
996.0	1227.0	1003.0	1089.0	1207.0	1287.0	1306.0	1102.0	1095.0	1135.0	1042.0	1016.0	1280.0	1148.0	1247.0	
996.0	1260.0	1214.0	1194.0	1056.0	1029.0	1023.0	1135.0	1273.0	1016.0	1069.0	1135.0	1214.0	1016.0	1148.0	

capacite_W_temoin : 
896.3	572.0	1149.9	760.5999999999999	1320.1	1249.4	560.9	0.0	1110.4	1266.2	1392.4	1282.2	767.4	1434.3	1383.1	
513.4	426.2	824.0999999999999	635.5999999999999	1027.4	1280.3	1022.9	1045.8	1286.3	1188.2	1514.2	0.0	1517.9	1275.3	1482.0	
646.7	523.8	557.4	832.4	704.0999999999999	1353.0	0.0	604.8	648.7	0.0	0.0	0.0	911.2	1149.6	1262.3	
931.8	0.0	496.59999999999997	0.0	0.0	635.0999999999999	569.9	519.5999999999999	0.0	0.0	1075.3	655.5	1010.0	1086.4	0.0	
872.4	658.9	783.0	843.5999999999999	1005.3	1094.1	414.7	0.0	1043.1	1356.1	1593.9	1086.3	1098.0	1347.2	0.0	
1064.2	400.9	618.5	938.3	526.0999999999999	1047.1	0.0	786.3	1057.2	866.0	1220.7	766.7	1420.2	0.0	1569.1	
0.0	628.2	424.8	1022.9	990.3	1044.2	806.2	644.8	957.8	1030.8	1539.1	929.7	1269.4	1294.3	962.9	
965.4	948.2	765.8	990.8	997.4	1148.2	806.0	836.7	0.0	1015.9	0.0	802.8	1381.4	1358.4	1440.4	
669.8	422.09999999999997	514.9	646.7	951.0999999999999	1169.1	1079.8	776.5999999999999	1185.5	1113.5	1218.6	761.8	1491.0	1410.4	1403.1	
713.8	598.0	1083.2	1177.2	791.8	1000.7	417.9	947.5	1126.9	916.8	1389.7	1187.5	1329.2	1139.8	1382.4	

demande_cumulee_X : 
639.0	1118.0	505.0	620.0	301.0	295.0	1146.0	0.0	408.0	286.0	100.0	348.0	725.0	101.0	186.0	
927.0	1204.0	771.0	823.0	413.0	307.0	684.0	652.0	223.0	390.0	90.0	0.0	163.0	286.0	208.0	
743.0	849.0	961.0	634.0	891.0	337.0	0.0	716.0	741.0	0.0	0.0	0.0	693.0	257.0	247.0	
441.0	0.0	936.0	0.0	0.0	960.0	1137.0	939.0	0.0	0.0	460.0	846.0	680.0	432.0	0.0	
568.0	996.0	504.0	511.0	478.0	527.0	975.0	0.0	630.0	291.0	87.0	423.0	566.0	179.0	0.0	
566.0	903.0	883.0	597.0	1069.0	626.0	0.0	723.0	573.0	421.0	91.0	597.0	184.0	0.0	0.0	
0.0	950.0	948.0	632.0	519.0	586.0	772.0	702.0	337.0	316.0	82.0	382.0	275.0	189.0	341.0	
579.0	682.0	555.0	707.0	521.0	482.0	858.0	553.0	0.0	288.0	0.0	570.0	85.0	186.0	104.0	
625.0	1173.0	789.0	769.0	618.0	504.0	618.0	656.0	238.0	362.0	136.0	559.0	173.0	82.0	218.0	
581.0	1040.0	495.0	375.0	581.0	337.0	912.0	528.0	528.0	404.0	0.0	288.0	249.0	181.0	110.0	

demande_cumulee_W : 
851.0	529.0	779.0	429.0	1200.0	654.0	280.0	0.0	1023.0	171.0	0.0	416.0	257.0	84.0	105.0	
460.0	342.0	752.0	429.0	980.0	721.0	617.0	88.0	1098.0	369.0	0.0	0.0	356.0	334.0	595.0	
589.0	434.0	511.0	560.0	650.0	1254.0	0.0	519.0	592.0	0.0	0.0	0.0	571.0	721.0	668.0	
919.0	0.0	488.0	0.0	0.0	617.0	562.0	477.0	0.0	0.0	1060.0	643.0	984.0	1081.0	0.0	
776.0	646.0	750.0	408.0	957.0	635.0	267.0	0.0	1012.0	366.0	129.0	549.0	74.0	166.0	0.0	
908.0	367.0	257.0	875.0	485.0	982.0	0.0	94.0	934.0	303.0	214.0	708.0	359.0	0.0	747.0	
0.0	581.0	245.0	461.0	792.0	649.0	561.0	510.0	934.0	344.0	451.0	433.0	381.0	146.0	543.0	
820.0	761.0	440.0	300.0	956.0	566.0	408.0	81.0	0.0	181.0	0.0	440.0	356.0	96.0	765.0	
638.0	157.0	483.0	234.0	861.0	501.0	835.0	554.0	1146.0	183.0	282.0	563.0	367.0	622.0	94.0	
690.0	538.0	367.0	641.0	680.0	415.0	398.0	192.0	828.0	172.0	361.0	487.0	336.0	74.0	430.0	

capacite_residuelle_X : 
542.0	182.0	768.0	442.0	946.0	893.0	167.0	0.0	760.0	908.0	1048.0	906.0	423.0	1080.0	1021.0	
181.0	50.0	456.0	299.0	695.0	914.0	629.0	654.0	938.0	824.0	1144.0	0.0	1130.0	915.0	1092.0	
326.0	207.0	207.0	494.0	336.0	963.0	0.0	300.0	328.0	0.0	0.0	0.0	541.0	825.0	914.0	
615.0	0.0	166.0	0.0	0.0	267.0	176.0	183.0	0.0	0.0	721.0	309.0	620.0	736.0	0.0	
540.0	277.0	486.0	531.0	663.0	720.0	94.0	0.0	657.0	976.0	1206.0	738.0	714.0	995.0	0.0	
688.0	100.0	272.0	584.0	158.0	661.0	0.0	438.0	681.0	569.0	918.0	452.0	1050.0	0.0	1207.0	
0.0	264.0	108.0	641.0	642.0	668.0	442.0	334.0	659.0	720.0	1165.0	627.0	913.0	952.0	662.0	
609.0	572.0	461.0	599.0	647.0	772.0	422.0	516.0	0.0	715.0	0.0	486.0	1043.0	1002.0	1084.0	
371.0	54.0	214.0	320.0	589.0	783.0	688.0	446.0	857.0	773.0	906.0	457.0	1107.0	1066.0	1029.0	
415.0	220.0	719.0	819.0	475.0	692.0	111.0	607.0	745.0	612.0	1069.0	847.0	965.0	835.0	1038.0	

capacite_residuelle_W : 
45.299999999999955	43.0	370.9000000000001	331.5999999999999	120.09999999999991	595.4000000000001	280.9	0.0	87.40000000000009	1095.2	1392.4	866.2	510.4	1350.3	1278.1	
53.39999999999998	84.19999999999999	72.09999999999991	206.5999999999999	47.40000000000009	559.3	405.9	957.8	188.29999999999995	819.2	1514.2	0.0	1161.9	941.3	887.0	
57.700000000000045	89.79999999999995	46.39999999999998	272.4	54.09999999999991	99.0	0.0	85.79999999999995	56.700000000000045	0.0	0.0	0.0	340.20000000000005	428.5999999999999	594.3	
12.799999999999955	0.0	8.599999999999966	0.0	0.0	18.09999999999991	7.899999999999977	42.59999999999991	0.0	0.0	15.299999999999955	12.5	26.0	5.400000000000091	0.0	
96.39999999999998	12.899999999999977	33.0	435.5999999999999	48.299999999999955	459.0999999999999	147.7	0.0	31.09999999999991	990.0999999999999	1464.9	537.3	1024.0	1181.2	0.0	
156.20000000000005	33.89999999999998	361.5	63.299999999999955	41.09999999999991	65.09999999999991	0.0	692.3	123.20000000000005	563.0	1006.7	58.700000000000045	1061.2	0.0	822.0999999999999	
0.0	47.200000000000045	179.8	561.9	198.29999999999995	395.20000000000005	245.20000000000005	134.79999999999995	23.799999999999955	686.8	1088.1	496.70000000000005	888.4000000000001	1148.3	419.9	
145.39999999999998	187.20000000000005	325.79999999999995	690.8	41.39999999999998	582.2	398.0	755.7	0.0	834.9	0.0	362.79999999999995	1025.4	1262.4	675.4000000000001	
31.799999999999955	265.09999999999997	31.899999999999977	412.70000000000005	90.09999999999991	668.0999999999999	244.79999999999995	222.5999999999999	39.5	930.5	936.5999999999999	198.79999999999995	1124.0	788.4000000000001	1309.1	
23.799999999999955	60.0	716.2	536.2	111.79999999999995	585.7	19.899999999999977	755.5	298.9000000000001	744.8	1028.7	700.5	993.2	1065.8	952.4000000000001	

min_capacite_X : 
0.0	0.0	0.0	0.0	0.0	0.0	0.0	0.0	996.0	996.0	

min_capacite_W : 
0.0	0.0	0.0	0.0	0.0	0.0	0.0	0.0	422.09999999999997	417.9	

max_capacite_X : 
1313.0	1313.0	1300.0	1313.0	1293.0	1287.0	1273.0	1306.0	1306.0	1273.0	

max_capacite_W : 
1434.3	1517.9	1353.0	1086.4	1593.9	1569.1	1539.1	1440.4	1491.0	1389.7	

moy_capacite_X : 
1124.2666666666667	1137.4666666666667	834.0	708.2666666666667	1022.1333333333333	1000.7333333333333	1055.2	1006.5333333333333	1145.3333333333333	1118.5333333333333	

moy_capacite_W : 
1009.6800000000001	1002.6399999999999	612.9333333333332	465.3466666666667	879.7733333333332	818.7533333333334	903.0266666666666	897.1599999999999	987.5999999999999	1013.4933333333333	

med_capacite_X : 
1188.0	1221.0	1069.0	1102.0	1161.0	1161.0	1141.0	1168.0	1135.0	1135.0	

med_capacite_W : 
1149.9	1045.8	646.7	519.5999999999999	1005.3	866.0	962.9	965.4	1079.8	1083.2	

ecartType_capacite_X : 
306.98718033313526	311.33794429133684	508.1411877290274	581.7391702663851	411.53887895178127	403.8006879087201	298.09622607473574	404.9057283972269	104.07988384996509	92.64762394266904	

ecartType_capacite_W : 
394.6253720513504	429.7063800627897	441.1417167104265	420.4035741469803	444.0574068994033	440.97707100886277	360.8504888300539	407.7136181193854	327.8124504448644	276.67604273269166	

var_capacite_X : 
94241.1288888889	96931.31555555556	258207.46666666667	338420.46222222224	169364.2488888889	163054.99555555556	88861.35999999997	163948.64888888886	10832.622222222222	8583.582222222223	

var_capacite_W : 
155729.1842666667	184647.57306666666	194606.0142222222	176739.16515555556	197186.98062222224	194460.77715555558	130213.07528888887	166230.39440000002	107461.00266666667	76549.63262222223	

covar_capacite_X : 
100972.63809523807	103854.98095238095	276650.8571428571	362593.3523809524	181461.69523809524	174701.78095238097	95208.59999999995	175659.26666666663	11606.380952380952	9196.695238095239	

covar_capacite_W : 
166852.69742857144	197836.68542857142	208506.4438095238	189363.39123809524	211271.76495238097	208350.83266666665	139514.00923809523	178103.994	115136.78857142857	82017.46352380952	

##########	##########	##########	##########	##########	##########	##########	##########	##########	##########	##########	##########	##########	##########	##########	##########	##########	##########	##########	##########	##########	##########	##########	##########	##########	##########	##########	##########	##########	##########	##########	##########	##########	##########	##########	##########	##########	##########	##########	##########	##########	##########	##########	##########	##########	##########	##########	##########	##########	##########	##########	##########	##########	##########	##########	##########	##########	##########	##########	##########	##########	##########	##########	##########	##########	##########	##########	##########	##########	##########	##########	##########	##########	##########	##########	##########	##########	##########	##########	##########	##########	##########	##########	##########	##########	##########	##########	##########	##########	##########	##########	##########	##########	##########	##########	##########	##########	##########	##########	##########	##########	##########	##########	##########	##########	##########	##########	##########	##########	##########	##########	##########	##########	##########	##########	##########	##########	##########	##########	##########	##########	##########	##########	##########	##########	##########	##########	##########	##########	##########	##########	##########	##########	##########	##########	##########	##########	##########	##########	##########	##########	##########	##########	##########	##########	##########	##########	##########	##########	##########	nombre de noeuds : 150
nombre de strates : 10
nombre de centres : 15
titre : fenetre
instances : G8_3
temps de calcul : 0.6948649883270264
valeur objective : 2675.0
nombre de solutions : 3
nombre de noeuds : 1.0
faisability : True
moy_distances :	128.2
min_distances :	40.0
max_distances :	230.0
var_distances :	1023.872478216697
covar_distances :	1023.9182911156282
ecartType_distances :	31.998007410098165
coef_variation	: 0.24959879716590488
distances_centre_x :
-1.0	-1.0	-1.0	55.0	-1.0	-1.0	-1.0	-1.0	-1.0	-1.0	-1.0	85.0	-1.0	-1.0	-1.0	-1.0	98.0	-1.0	97.0	55.0	-1.0	-1.0	55.0	-1.0	-1.0	-1.0	-1.0	-1.0	-1.0	-1.0	-1.0	48.0	-1.0	-1.0	-1.0	96.0	-1.0	-1.0	-1.0	-1.0	48.0	-1.0	42.0	-1.0	-1.0	-1.0	-1.0	-1.0	-1.0	-1.0	-1.0	-1.0	-1.0	-1.0	-1.0	-1.0	-1.0	-1.0	-1.0	-1.0	-1.0	57.0	-1.0	-1.0	-1.0	-1.0	-1.0	-1.0	-1.0	-1.0	52.0	-1.0	-1.0	-1.0	-1.0	-1.0	-1.0	-1.0	-1.0	100.0	-1.0	-1.0	-1.0	-1.0	-1.0	-1.0	-1.0	88.0	-1.0	-1.0	-1.0	-1.0	-1.0	-1.0	-1.0	0.0	0.0	-1.0	96.0	-1.0	-1.0	0.0	-1.0	-1.0	-1.0	-1.0	-1.0	-1.0	-1.0	-1.0	-1.0	-1.0	-1.0	-1.0	-1.0	-1.0	-1.0	-1.0	-1.0	-1.0	-1.0	-1.0	99.0	-1.0	-1.0	54.0	-1.0	-1.0	-1.0	-1.0	55.0	-1.0	-1.0	0.0	-1.0	-1.0	-1.0	-1.0	-1.0	-1.0	-1.0	-1.0	-1.0	-1.0	91.0	-1.0	-1.0	-1.0	-1.0	-1.0	
-1.0	-1.0	-1.0	-1.0	-1.0	-1.0	-1.0	-1.0	-1.0	-1.0	-1.0	-1.0	-1.0	-1.0	-1.0	-1.0	-1.0	-1.0	-1.0	-1.0	-1.0	-1.0	55.0	-1.0	101.0	-1.0	-1.0	-1.0	-1.0	-1.0	-1.0	-1.0	-1.0	-1.0	-1.0	-1.0	-1.0	-1.0	-1.0	-1.0	-1.0	-1.0	-1.0	-1.0	-1.0	-1.0	-1.0	-1.0	-1.0	-1.0	-1.0	-1.0	-1.0	-1.0	-1.0	43.0	-1.0	-1.0	-1.0	-1.0	-1.0	57.0	-1.0	-1.0	98.0	-1.0	-1.0	-1.0	-1.0	-1.0	-1.0	-1.0	-1.0	-1.0	-1.0	-1.0	-1.0	-1.0	-1.0	-1.0	-1.0	-1.0	-1.0	-1.0	-1.0	-1.0	-1.0	-1.0	-1.0	-1.0	-1.0	-1.0	-1.0	-1.0	-1.0	-1.0	-1.0	-1.0	96.0	-1.0	54.0	0.0	-1.0	-1.0	-1.0	-1.0	-1.0	-1.0	-1.0	-1.0	55.0	105.0	-1.0	-1.0	-1.0	-1.0	-1.0	-1.0	99.0	-1.0	-1.0	-1.0	-1.0	-1.0	-1.0	108.0	55.0	-1.0	-1.0	-1.0	-1.0	-1.0	-1.0	0.0	-1.0	-1.0	-1.0	-1.0	-1.0	-1.0	-1.0	-1.0	-1.0	-1.0	-1.0	54.0	-1.0	-1.0	-1.0	-1.0	
-1.0	55.0	-1.0	-1.0	-1.0	-1.0	-1.0	-1.0	-1.0	-1.0	-1.0	-1.0	-1.0	-1.0	-1.0	-1.0	98.0	55.0	-1.0	-1.0	-1.0	-1.0	55.0	-1.0	-1.0	-1.0	-1.0	-1.0	-1.0	-1.0	-1.0	-1.0	-1.0	-1.0	-1.0	-1.0	-1.0	-1.0	-1.0	-1.0	-1.0	-1.0	49.0	-1.0	90.0	-1.0	-1.0	-1.0	-1.0	-1.0	-1.0	-1.0	-1.0	-1.0	-1.0	-1.0	-1.0	-1.0	-1.0	-1.0	-1.0	57.0	-1.0	-1.0	98.0	-1.0	-1.0	-1.0	-1.0	-1.0	-1.0	-1.0	-1.0	-1.0	-1.0	-1.0	-1.0	-1.0	-1.0	-1.0	-1.0	-1.0	55.0	-1.0	-1.0	-1.0	-1.0	-1.0	-1.0	96.0	-1.0	49.0	-1.0	-1.0	-1.0	91.0	-1.0	-1.0	-1.0	-1.0	54.0	0.0	-1.0	-1.0	-1.0	-1.0	-1.0	-1.0	-1.0	-1.0	55.0	-1.0	-1.0	-1.0	-1.0	-1.0	-1.0	-1.0	-1.0	-1.0	-1.0	-1.0	-1.0	-1.0	-1.0	-1.0	55.0	-1.0	-1.0	-1.0	-1.0	0.0	-1.0	0.0	-1.0	-1.0	-1.0	-1.0	-1.0	-1.0	-1.0	-1.0	-1.0	-1.0	-1.0	54.0	-1.0	-1.0	-1.0	-1.0	
-1.0	-1.0	-1.0	-1.0	-1.0	-1.0	-1.0	-1.0	-1.0	-1.0	109.0	-1.0	-1.0	-1.0	-1.0	-1.0	-1.0	-1.0	-1.0	-1.0	-1.0	-1.0	55.0	-1.0	-1.0	-1.0	-1.0	-1.0	-1.0	-1.0	-1.0	-1.0	-1.0	-1.0	-1.0	-1.0	-1.0	-1.0	-1.0	-1.0	-1.0	-1.0	-1.0	-1.0	-1.0	-1.0	-1.0	-1.0	-1.0	-1.0	109.0	-1.0	-1.0	-1.0	-1.0	-1.0	-1.0	-1.0	-1.0	-1.0	-1.0	-1.0	98.0	-1.0	-1.0	-1.0	-1.0	-1.0	-1.0	-1.0	-1.0	-1.0	-1.0	-1.0	-1.0	-1.0	-1.0	-1.0	-1.0	-1.0	-1.0	-1.0	-1.0	-1.0	-1.0	-1.0	-1.0	-1.0	-1.0	-1.0	-1.0	-1.0	-1.0	-1.0	-1.0	-1.0	-1.0	-1.0	-1.0	-1.0	-1.0	-1.0	-1.0	-1.0	-1.0	-1.0	104.0	-1.0	-1.0	-1.0	-1.0	-1.0	-1.0	-1.0	-1.0	-1.0	-1.0	-1.0	-1.0	-1.0	-1.0	-1.0	-1.0	-1.0	-1.0	-1.0	-1.0	-1.0	-1.0	-1.0	-1.0	-1.0	-1.0	0.0	-1.0	-1.0	-1.0	-1.0	-1.0	-1.0	-1.0	-1.0	-1.0	-1.0	-1.0	-1.0	-1.0	-1.0	-1.0	-1.0	
-1.0	-1.0	-1.0	55.0	100.0	-1.0	-1.0	-1.0	-1.0	-1.0	-1.0	-1.0	-1.0	-1.0	-1.0	-1.0	-1.0	55.0	-1.0	-1.0	-1.0	-1.0	-1.0	-1.0	-1.0	-1.0	-1.0	-1.0	-1.0	-1.0	-1.0	-1.0	-1.0	-1.0	-1.0	-1.0	-1.0	-1.0	-1.0	-1.0	-1.0	-1.0	-1.0	-1.0	-1.0	-1.0	-1.0	-1.0	-1.0	-1.0	-1.0	-1.0	-1.0	-1.0	-1.0	97.0	-1.0	-1.0	-1.0	-1.0	-1.0	57.0	-1.0	-1.0	109.0	-1.0	-1.0	-1.0	-1.0	-1.0	-1.0	-1.0	-1.0	-1.0	-1.0	-1.0	-1.0	-1.0	-1.0	-1.0	-1.0	-1.0	-1.0	-1.0	-1.0	-1.0	-1.0	-1.0	-1.0	-1.0	-1.0	-1.0	-1.0	-1.0	-1.0	-1.0	-1.0	-1.0	-1.0	-1.0	-1.0	-1.0	-1.0	-1.0	-1.0	-1.0	-1.0	-1.0	-1.0	-1.0	55.0	-1.0	-1.0	-1.0	-1.0	-1.0	-1.0	-1.0	-1.0	-1.0	-1.0	-1.0	-1.0	-1.0	-1.0	-1.0	-1.0	-1.0	-1.0	-1.0	-1.0	-1.0	-1.0	0.0	-1.0	-1.0	-1.0	-1.0	-1.0	-1.0	-1.0	-1.0	-1.0	-1.0	-1.0	-1.0	-1.0	-1.0	-1.0	-1.0	
-1.0	-1.0	-1.0	-1.0	-1.0	-1.0	-1.0	-1.0	-1.0	-1.0	-1.0	-1.0	-1.0	-1.0	-1.0	-1.0	-1.0	-1.0	-1.0	-1.0	-1.0	-1.0	55.0	-1.0	-1.0	-1.0	-1.0	-1.0	-1.0	-1.0	-1.0	-1.0	-1.0	-1.0	-1.0	-1.0	-1.0	-1.0	-1.0	-1.0	-1.0	-1.0	-1.0	105.0	-1.0	-1.0	-1.0	-1.0	-1.0	-1.0	-1.0	-1.0	-1.0	56.0	-1.0	-1.0	-1.0	-1.0	-1.0	-1.0	-1.0	-1.0	-1.0	-1.0	98.0	-1.0	-1.0	-1.0	-1.0	-1.0	-1.0	-1.0	-1.0	-1.0	-1.0	-1.0	-1.0	-1.0	-1.0	-1.0	-1.0	-1.0	-1.0	-1.0	-1.0	-1.0	-1.0	-1.0	-1.0	-1.0	-1.0	-1.0	-1.0	-1.0	-1.0	-1.0	-1.0	-1.0	-1.0	-1.0	-1.0	-1.0	-1.0	-1.0	-1.0	-1.0	-1.0	-1.0	-1.0	-1.0	-1.0	-1.0	108.0	-1.0	-1.0	-1.0	-1.0	-1.0	-1.0	-1.0	-1.0	-1.0	-1.0	-1.0	-1.0	-1.0	-1.0	-1.0	-1.0	-1.0	-1.0	-1.0	-1.0	0.0	-1.0	-1.0	-1.0	-1.0	-1.0	-1.0	-1.0	-1.0	-1.0	-1.0	-1.0	-1.0	-1.0	-1.0	-1.0	-1.0	
127.0	55.0	87.0	47.0	-1.0	-1.0	-1.0	-1.0	-1.0	-1.0	-1.0	47.0	47.0	47.0	94.0	-1.0	98.0	-1.0	-1.0	-1.0	-1.0	-1.0	55.0	91.0	-1.0	-1.0	-1.0	-1.0	-1.0	48.0	-1.0	-1.0	-1.0	-1.0	-1.0	-1.0	-1.0	139.0	-1.0	-1.0	-1.0	-1.0	42.0	-1.0	-1.0	-1.0	-1.0	130.0	-1.0	-1.0	-1.0	93.0	47.0	-1.0	-1.0	-1.0	55.0	-1.0	-1.0	-1.0	-1.0	-1.0	-1.0	-1.0	98.0	40.0	-1.0	-1.0	-1.0	47.0	94.0	-1.0	91.0	98.0	94.0	-1.0	-1.0	-1.0	-1.0	-1.0	-1.0	-1.0	-1.0	-1.0	101.0	93.0	-1.0	-1.0	-1.0	102.0	0.0	0.0	-1.0	-1.0	-1.0	0.0	95.0	56.0	96.0	109.0	-1.0	0.0	49.0	97.0	-1.0	-1.0	96.0	-1.0	-1.0	-1.0	-1.0	-1.0	-1.0	-1.0	-1.0	-1.0	-1.0	53.0	-1.0	-1.0	-1.0	-1.0	-1.0	104.0	-1.0	54.0	-1.0	-1.0	55.0	96.0	55.0	0.0	-1.0	-1.0	-1.0	-1.0	-1.0	-1.0	103.0	-1.0	-1.0	-1.0	112.0	-1.0	-1.0	54.0	-1.0	50.0	99.0	-1.0	
-1.0	-1.0	-1.0	-1.0	-1.0	-1.0	-1.0	-1.0	-1.0	-1.0	-1.0	-1.0	-1.0	55.0	-1.0	-1.0	-1.0	-1.0	-1.0	55.0	-1.0	-1.0	55.0	-1.0	-1.0	-1.0	95.0	-1.0	-1.0	48.0	-1.0	48.0	-1.0	-1.0	-1.0	-1.0	-1.0	-1.0	-1.0	-1.0	48.0	-1.0	49.0	-1.0	-1.0	-1.0	-1.0	-1.0	-1.0	-1.0	-1.0	-1.0	-1.0	56.0	-1.0	-1.0	-1.0	-1.0	-1.0	-1.0	-1.0	57.0	-1.0	-1.0	98.0	-1.0	87.0	-1.0	-1.0	-1.0	-1.0	-1.0	-1.0	-1.0	-1.0	-1.0	-1.0	-1.0	-1.0	-1.0	-1.0	-1.0	-1.0	-1.0	-1.0	-1.0	-1.0	-1.0	-1.0	-1.0	-1.0	-1.0	-1.0	-1.0	-1.0	-1.0	0.0	-1.0	-1.0	-1.0	-1.0	0.0	-1.0	-1.0	-1.0	-1.0	-1.0	-1.0	-1.0	-1.0	-1.0	-1.0	-1.0	-1.0	-1.0	90.0	-1.0	-1.0	-1.0	-1.0	52.0	-1.0	99.0	-1.0	-1.0	54.0	-1.0	-1.0	-1.0	-1.0	55.0	-1.0	-1.0	-1.0	-1.0	-1.0	-1.0	-1.0	-1.0	-1.0	-1.0	-1.0	-1.0	-1.0	-1.0	54.0	-1.0	-1.0	-1.0	-1.0	
90.0	55.0	87.0	47.0	-1.0	-1.0	83.0	87.0	46.0	-1.0	83.0	85.0	0.0	47.0	94.0	83.0	-1.0	-1.0	-1.0	-1.0	47.0	-1.0	55.0	91.0	87.0	-1.0	83.0	-1.0	-1.0	-1.0	-1.0	-1.0	-1.0	-1.0	-1.0	96.0	92.0	-1.0	-1.0	45.0	-1.0	-1.0	42.0	-1.0	-1.0	43.0	86.0	90.0	43.0	42.0	84.0	45.0	47.0	-1.0	-1.0	-1.0	46.0	-1.0	101.0	0.0	-1.0	57.0	86.0	86.0	98.0	-1.0	-1.0	89.0	-1.0	47.0	-1.0	45.0	90.0	98.0	47.0	-1.0	-1.0	0.0	45.0	-1.0	86.0	-1.0	-1.0	-1.0	0.0	-1.0	113.0	-1.0	-1.0	0.0	0.0	0.0	0.0	47.0	-1.0	0.0	0.0	56.0	-1.0	91.0	-1.0	-1.0	-1.0	-1.0	49.0	90.0	-1.0	-1.0	-1.0	90.0	50.0	94.0	-1.0	51.0	51.0	90.0	-1.0	53.0	-1.0	52.0	52.0	-1.0	91.0	104.0	95.0	54.0	-1.0	-1.0	-1.0	96.0	55.0	-1.0	-1.0	0.0	95.0	56.0	56.0	-1.0	-1.0	56.0	102.0	57.0	100.0	-1.0	91.0	54.0	-1.0	50.0	99.0	-1.0	
-1.0	55.0	-1.0	-1.0	-1.0	-1.0	-1.0	-1.0	-1.0	-1.0	-1.0	-1.0	-1.0	-1.0	-1.0	-1.0	98.0	-1.0	-1.0	-1.0	-1.0	-1.0	55.0	-1.0	-1.0	-1.0	-1.0	-1.0	-1.0	48.0	-1.0	-1.0	-1.0	-1.0	-1.0	-1.0	-1.0	-1.0	-1.0	-1.0	48.0	-1.0	42.0	-1.0	-1.0	48.0	-1.0	-1.0	-1.0	-1.0	-1.0	-1.0	-1.0	-1.0	-1.0	-1.0	55.0	-1.0	-1.0	-1.0	-1.0	57.0	98.0	-1.0	98.0	-1.0	-1.0	-1.0	-1.0	-1.0	-1.0	-1.0	-1.0	-1.0	-1.0	-1.0	-1.0	-1.0	-1.0	-1.0	91.0	-1.0	-1.0	49.0	-1.0	-1.0	-1.0	-1.0	102.0	-1.0	-1.0	-1.0	-1.0	-1.0	-1.0	-1.0	-1.0	-1.0	96.0	-1.0	54.0	0.0	-1.0	-1.0	-1.0	-1.0	-1.0	-1.0	-1.0	-1.0	55.0	99.0	-1.0	-1.0	-1.0	93.0	-1.0	-1.0	-1.0	-1.0	-1.0	-1.0	-1.0	-1.0	101.0	54.0	55.0	-1.0	-1.0	-1.0	55.0	-1.0	-1.0	-1.0	-1.0	-1.0	-1.0	-1.0	-1.0	-1.0	-1.0	-1.0	-1.0	107.0	91.0	54.0	-1.0	-1.0	-1.0	-1.0	

distances_centre_w :
-1.0	-1.0	130.0	-1.0	-1.0	-1.0	-1.0	-1.0	-1.0	-1.0	95.0	-1.0	-1.0	55.0	-1.0	-1.0	-1.0	-1.0	-1.0	-1.0	-1.0	-1.0	85.0	-1.0	-1.0	-1.0	95.0	-1.0	96.0	-1.0	-1.0	-1.0	-1.0	-1.0	-1.0	124.0	-1.0	-1.0	-1.0	124.0	-1.0	-1.0	49.0	102.0	-1.0	-1.0	-1.0	-1.0	-1.0	-1.0	85.0	128.0	134.0	-1.0	-1.0	-1.0	-1.0	-1.0	-1.0	-1.0	-1.0	99.0	-1.0	91.0	-1.0	-1.0	-1.0	-1.0	-1.0	92.0	-1.0	-1.0	-1.0	-1.0	-1.0	93.0	-1.0	-1.0	-1.0	-1.0	91.0	-1.0	-1.0	-1.0	101.0	-1.0	-1.0	-1.0	102.0	96.0	-1.0	49.0	-1.0	-1.0	-1.0	91.0	-1.0	-1.0	-1.0	-1.0	54.0	-1.0	-1.0	97.0	-1.0	91.0	-1.0	-1.0	-1.0	-1.0	55.0	99.0	107.0	-1.0	-1.0	-1.0	-1.0	-1.0	-1.0	-1.0	-1.0	95.0	-1.0	-1.0	101.0	102.0	-1.0	-1.0	-1.0	-1.0	-1.0	-1.0	-1.0	-1.0	-1.0	-1.0	-1.0	-1.0	-1.0	-1.0	-1.0	112.0	-1.0	-1.0	-1.0	-1.0	-1.0	-1.0	111.0	-1.0	
-1.0	-1.0	-1.0	55.0	100.0	-1.0	-1.0	-1.0	-1.0	-1.0	-1.0	85.0	-1.0	55.0	-1.0	-1.0	-1.0	-1.0	-1.0	-1.0	-1.0	-1.0	85.0	-1.0	-1.0	-1.0	-1.0	-1.0	-1.0	-1.0	-1.0	-1.0	-1.0	-1.0	-1.0	96.0	138.0	-1.0	-1.0	-1.0	-1.0	-1.0	49.0	-1.0	-1.0	-1.0	-1.0	-1.0	-1.0	-1.0	-1.0	-1.0	-1.0	-1.0	-1.0	-1.0	-1.0	-1.0	-1.0	-1.0	-1.0	-1.0	-1.0	-1.0	-1.0	-1.0	-1.0	-1.0	-1.0	-1.0	-1.0	-1.0	-1.0	98.0	-1.0	-1.0	-1.0	-1.0	-1.0	-1.0	-1.0	108.0	-1.0	-1.0	101.0	-1.0	133.0	-1.0	-1.0	132.0	142.0	49.0	-1.0	-1.0	-1.0	91.0	-1.0	-1.0	-1.0	-1.0	-1.0	-1.0	-1.0	-1.0	-1.0	-1.0	-1.0	-1.0	-1.0	-1.0	-1.0	-1.0	-1.0	105.0	-1.0	-1.0	-1.0	-1.0	-1.0	-1.0	-1.0	-1.0	99.0	-1.0	-1.0	-1.0	-1.0	-1.0	-1.0	-1.0	-1.0	-1.0	-1.0	-1.0	-1.0	-1.0	-1.0	-1.0	-1.0	-1.0	-1.0	-1.0	-1.0	-1.0	113.0	-1.0	-1.0	-1.0	-1.0	-1.0	
-1.0	-1.0	-1.0	55.0	-1.0	-1.0	-1.0	-1.0	-1.0	-1.0	-1.0	-1.0	-1.0	-1.0	-1.0	-1.0	-1.0	-1.0	-1.0	-1.0	-1.0	-1.0	85.0	-1.0	101.0	142.0	-1.0	-1.0	-1.0	140.0	-1.0	-1.0	-1.0	-1.0	-1.0	-1.0	-1.0	-1.0	141.0	131.0	-1.0	104.0	-1.0	-1.0	-1.0	95.0	-1.0	144.0	-1.0	-1.0	85.0	128.0	-1.0	-1.0	-1.0	-1.0	-1.0	-1.0	-1.0	-1.0	100.0	-1.0	-1.0	-1.0	-1.0	142.0	-1.0	-1.0	-1.0	-1.0	-1.0	-1.0	99.0	-1.0	-1.0	-1.0	-1.0	-1.0	-1.0	-1.0	-1.0	-1.0	-1.0	-1.0	106.0	-1.0	-1.0	-1.0	-1.0	-1.0	-1.0	-1.0	-1.0	-1.0	-1.0	145.0	-1.0	-1.0	96.0	-1.0	-1.0	-1.0	-1.0	-1.0	-1.0	-1.0	-1.0	-1.0	-1.0	-1.0	-1.0	105.0	-1.0	-1.0	-1.0	-1.0	-1.0	-1.0	-1.0	-1.0	-1.0	-1.0	-1.0	-1.0	-1.0	102.0	-1.0	-1.0	-1.0	103.0	-1.0	-1.0	-1.0	-1.0	-1.0	-1.0	-1.0	105.0	-1.0	-1.0	-1.0	-1.0	-1.0	-1.0	113.0	114.0	-1.0	-1.0	-1.0	-1.0	
-1.0	-1.0	-1.0	-1.0	-1.0	-1.0	-1.0	-1.0	-1.0	-1.0	-1.0	-1.0	-1.0	-1.0	-1.0	-1.0	-1.0	-1.0	-1.0	-1.0	-1.0	-1.0	-1.0	-1.0	-1.0	-1.0	-1.0	-1.0	-1.0	-1.0	-1.0	-1.0	-1.0	-1.0	88.0	-1.0	-1.0	-1.0	-1.0	-1.0	-1.0	-1.0	-1.0	-1.0	-1.0	-1.0	-1.0	-1.0	88.0	-1.0	-1.0	-1.0	-1.0	-1.0	-1.0	-1.0	-1.0	-1.0	-1.0	-1.0	-1.0	-1.0	-1.0	-1.0	109.0	-1.0	-1.0	-1.0	-1.0	-1.0	-1.0	-1.0	-1.0	-1.0	-1.0	-1.0	-1.0	-1.0	-1.0	-1.0	141.0	-1.0	-1.0	-1.0	-1.0	-1.0	-1.0	-1.0	-1.0	-1.0	-1.0	-1.0	-1.0	-1.0	-1.0	-1.0	-1.0	-1.0	-1.0	-1.0	-1.0	-1.0	-1.0	-1.0	-1.0	-1.0	-1.0	-1.0	-1.0	-1.0	-1.0	-1.0	-1.0	-1.0	-1.0	-1.0	-1.0	-1.0	-1.0	-1.0	-1.0	-1.0	-1.0	-1.0	-1.0	-1.0	-1.0	-1.0	-1.0	-1.0	-1.0	-1.0	-1.0	-1.0	-1.0	-1.0	-1.0	-1.0	-1.0	-1.0	-1.0	-1.0	-1.0	-1.0	-1.0	-1.0	-1.0	-1.0	-1.0	-1.0	
-1.0	-1.0	-1.0	-1.0	-1.0	-1.0	-1.0	-1.0	-1.0	-1.0	-1.0	-1.0	-1.0	143.0	-1.0	-1.0	-1.0	-1.0	-1.0	-1.0	-1.0	-1.0	-1.0	-1.0	-1.0	-1.0	-1.0	-1.0	-1.0	-1.0	-1.0	-1.0	-1.0	-1.0	-1.0	-1.0	-1.0	-1.0	-1.0	-1.0	-1.0	-1.0	-1.0	105.0	-1.0	-1.0	-1.0	-1.0	-1.0	-1.0	-1.0	-1.0	-1.0	-1.0	-1.0	-1.0	-1.0	-1.0	-1.0	-1.0	-1.0	-1.0	-1.0	-1.0	-1.0	-1.0	-1.0	-1.0	-1.0	-1.0	-1.0	-1.0	99.0	-1.0	-1.0	-1.0	-1.0	-1.0	-1.0	-1.0	-1.0	-1.0	-1.0	-1.0	-1.0	-1.0	-1.0	-1.0	-1.0	-1.0	-1.0	-1.0	-1.0	-1.0	-1.0	-1.0	-1.0	-1.0	-1.0	-1.0	-1.0	-1.0	-1.0	-1.0	-1.0	-1.0	-1.0	-1.0	-1.0	-1.0	-1.0	-1.0	-1.0	-1.0	-1.0	-1.0	-1.0	-1.0	-1.0	-1.0	-1.0	-1.0	-1.0	-1.0	-1.0	-1.0	-1.0	-1.0	-1.0	-1.0	-1.0	-1.0	-1.0	-1.0	-1.0	-1.0	-1.0	-1.0	-1.0	-1.0	-1.0	-1.0	-1.0	-1.0	-1.0	-1.0	-1.0	-1.0	-1.0	-1.0	
-1.0	-1.0	-1.0	55.0	-1.0	-1.0	-1.0	-1.0	-1.0	-1.0	-1.0	-1.0	-1.0	55.0	-1.0	-1.0	-1.0	-1.0	-1.0	-1.0	-1.0	-1.0	85.0	-1.0	-1.0	-1.0	95.0	-1.0	-1.0	-1.0	-1.0	-1.0	-1.0	-1.0	-1.0	-1.0	-1.0	149.0	-1.0	-1.0	-1.0	-1.0	-1.0	-1.0	-1.0	-1.0	-1.0	-1.0	-1.0	-1.0	85.0	-1.0	-1.0	-1.0	-1.0	-1.0	-1.0	-1.0	-1.0	-1.0	-1.0	-1.0	-1.0	-1.0	-1.0	-1.0	-1.0	-1.0	-1.0	-1.0	131.0	-1.0	-1.0	98.0	-1.0	-1.0	-1.0	-1.0	-1.0	-1.0	-1.0	-1.0	-1.0	101.0	-1.0	-1.0	-1.0	-1.0	-1.0	-1.0	-1.0	-1.0	-1.0	-1.0	-1.0	-1.0	146.0	-1.0	-1.0	-1.0	-1.0	-1.0	-1.0	145.0	-1.0	-1.0	-1.0	-1.0	-1.0	-1.0	-1.0	139.0	147.0	-1.0	148.0	-1.0	-1.0	-1.0	-1.0	-1.0	107.0	-1.0	-1.0	-1.0	-1.0	108.0	-1.0	-1.0	-1.0	106.0	-1.0	-1.0	-1.0	-1.0	-1.0	-1.0	-1.0	-1.0	-1.0	-1.0	-1.0	-1.0	-1.0	-1.0	-1.0	-1.0	-1.0	-1.0	-1.0	-1.0	
135.0	141.0	-1.0	55.0	139.0	-1.0	-1.0	-1.0	-1.0	-1.0	109.0	85.0	-1.0	55.0	104.0	-1.0	-1.0	-1.0	-1.0	-1.0	-1.0	103.0	85.0	138.0	139.0	100.0	136.0	-1.0	-1.0	91.0	-1.0	-1.0	-1.0	-1.0	88.0	-1.0	-1.0	144.0	-1.0	91.0	-1.0	-1.0	144.0	-1.0	-1.0	48.0	-1.0	-1.0	88.0	89.0	137.0	101.0	48.0	-1.0	-1.0	-1.0	132.0	-1.0	-1.0	45.0	-1.0	-1.0	-1.0	-1.0	112.0	87.0	-1.0	-1.0	56.0	-1.0	131.0	-1.0	99.0	109.0	-1.0	-1.0	-1.0	-1.0	-1.0	-1.0	91.0	-1.0	-1.0	-1.0	-1.0	106.0	-1.0	-1.0	-1.0	139.0	47.0	49.0	-1.0	102.0	89.0	91.0	143.0	-1.0	101.0	142.0	54.0	49.0	49.0	139.0	136.0	91.0	97.0	-1.0	-1.0	-1.0	55.0	99.0	-1.0	-1.0	-1.0	-1.0	-1.0	-1.0	-1.0	-1.0	-1.0	-1.0	-1.0	133.0	142.0	95.0	-1.0	-1.0	139.0	101.0	-1.0	-1.0	-1.0	-1.0	-1.0	-1.0	-1.0	98.0	-1.0	-1.0	110.0	-1.0	118.0	-1.0	-1.0	58.0	-1.0	-1.0	106.0	-1.0	
-1.0	-1.0	-1.0	55.0	-1.0	-1.0	-1.0	-1.0	91.0	-1.0	-1.0	85.0	-1.0	-1.0	-1.0	-1.0	-1.0	-1.0	-1.0	-1.0	-1.0	-1.0	85.0	-1.0	-1.0	-1.0	98.0	-1.0	-1.0	-1.0	-1.0	-1.0	-1.0	-1.0	-1.0	-1.0	-1.0	146.0	-1.0	-1.0	-1.0	-1.0	-1.0	-1.0	-1.0	48.0	-1.0	-1.0	88.0	-1.0	-1.0	-1.0	48.0	-1.0	-1.0	-1.0	55.0	-1.0	-1.0	45.0	-1.0	-1.0	-1.0	91.0	-1.0	-1.0	138.0	-1.0	-1.0	-1.0	52.0	-1.0	-1.0	-1.0	-1.0	-1.0	-1.0	-1.0	-1.0	-1.0	91.0	-1.0	-1.0	-1.0	-1.0	-1.0	-1.0	-1.0	-1.0	-1.0	-1.0	49.0	-1.0	-1.0	-1.0	-1.0	-1.0	-1.0	96.0	98.0	-1.0	-1.0	-1.0	-1.0	-1.0	-1.0	-1.0	-1.0	-1.0	-1.0	55.0	-1.0	-1.0	-1.0	-1.0	-1.0	-1.0	-1.0	-1.0	-1.0	-1.0	-1.0	-1.0	-1.0	-1.0	-1.0	-1.0	-1.0	-1.0	-1.0	-1.0	-1.0	-1.0	-1.0	-1.0	-1.0	-1.0	-1.0	-1.0	-1.0	-1.0	-1.0	-1.0	-1.0	-1.0	-1.0	-1.0	-1.0	111.0	-1.0	
104.0	141.0	89.0	55.0	-1.0	-1.0	86.0	88.0	89.0	-1.0	95.0	114.0	105.0	55.0	104.0	84.0	-1.0	-1.0	-1.0	-1.0	94.0	-1.0	85.0	92.0	90.0	-1.0	95.0	-1.0	-1.0	-1.0	-1.0	-1.0	-1.0	-1.0	-1.0	127.0	94.0	-1.0	-1.0	106.0	-1.0	-1.0	49.0	-1.0	-1.0	48.0	134.0	130.0	86.0	132.0	85.0	46.0	92.0	-1.0	-1.0	-1.0	55.0	-1.0	101.0	43.0	-1.0	83.0	98.0	91.0	100.0	-1.0	-1.0	137.0	-1.0	90.0	-1.0	47.0	91.0	98.0	94.0	-1.0	-1.0	91.0	90.0	-1.0	91.0	-1.0	-1.0	-1.0	113.0	-1.0	133.0	-1.0	-1.0	139.0	47.0	49.0	94.0	47.0	-1.0	91.0	91.0	93.0	-1.0	95.0	-1.0	-1.0	-1.0	-1.0	94.0	91.0	-1.0	-1.0	-1.0	96.0	55.0	99.0	-1.0	98.0	51.0	139.0	-1.0	99.0	-1.0	52.0	52.0	-1.0	99.0	137.0	101.0	140.0	-1.0	-1.0	-1.0	101.0	100.0	-1.0	-1.0	45.0	99.0	56.0	96.0	-1.0	-1.0	97.0	102.0	57.0	104.0	-1.0	91.0	58.0	-1.0	87.0	106.0	-1.0	
127.0	-1.0	-1.0	55.0	-1.0	128.0	-1.0	136.0	91.0	-1.0	139.0	85.0	-1.0	55.0	-1.0	-1.0	-1.0	-1.0	-1.0	-1.0	-1.0	-1.0	85.0	-1.0	123.0	-1.0	-1.0	-1.0	-1.0	-1.0	-1.0	-1.0	-1.0	-1.0	88.0	-1.0	-1.0	-1.0	-1.0	-1.0	-1.0	-1.0	-1.0	-1.0	-1.0	134.0	-1.0	130.0	88.0	-1.0	-1.0	-1.0	134.0	-1.0	105.0	-1.0	-1.0	-1.0	-1.0	-1.0	-1.0	-1.0	-1.0	-1.0	-1.0	-1.0	-1.0	-1.0	-1.0	-1.0	52.0	-1.0	-1.0	-1.0	-1.0	-1.0	-1.0	-1.0	141.0	100.0	-1.0	-1.0	-1.0	-1.0	-1.0	-1.0	-1.0	-1.0	-1.0	96.0	98.0	49.0	-1.0	-1.0	-1.0	-1.0	143.0	-1.0	-1.0	-1.0	-1.0	-1.0	-1.0	97.0	-1.0	-1.0	-1.0	-1.0	-1.0	-1.0	-1.0	139.0	-1.0	-1.0	-1.0	-1.0	136.0	101.0	-1.0	-1.0	-1.0	-1.0	99.0	-1.0	104.0	-1.0	-1.0	-1.0	-1.0	-1.0	-1.0	-1.0	-1.0	-1.0	-1.0	-1.0	-1.0	-1.0	-1.0	-1.0	145.0	-1.0	-1.0	112.0	-1.0	-1.0	-1.0	-1.0	-1.0	-1.0	

maxX :
100.0	108.0	98.0	109.0	109.0	108.0	139.0	99.0	113.0	107.0	

maxW :
134.0	142.0	145.0	141.0	143.0	149.0	144.0	146.0	141.0	145.0	

minX :
0.0	0.0	0.0	0.0	0.0	0.0	0.0	0.0	0.0	0.0	

minW :
49.0	49.0	55.0	88.0	99.0	55.0	45.0	45.0	43.0	49.0	

moyX :
59.608695652173914	65.33333333333333	56.10526315789474	79.16666666666667	66.0	70.33333333333333	71.37254901960785	57.75	62.395348837209305	68.81481481481481	

moyW :
95.02941176470588	96.52631578947368	111.70833333333333	106.5	115.66666666666667	111.76470588235294	100.52380952380952	81.25	90.55813953488372	106.93548387096774	

medX :
55.0	55.0	55.0	101.0	56.0	77.0	87.0	55.0	56.0	55.0	

medW :
96.0	99.0	105.0	98.5	105.0	107.0	101.0	86.5	93.5	104.0	

ecartTypeX :
33.695231413922755	34.14609136571206	29.938348470503083	40.00590234230722	33.10211473607087	38.23901439919997	34.9694324693437	26.20281473429906	31.35812608224446	26.14778092282266	

ecartTypeW :
21.593143375396963	28.242126841508522	22.567452903585632	21.68524844220144	19.48218559493661	30.547031071225828	31.265812326056125	29.089302157322372	25.60187341035935	28.36505742688325	

varX :
1135.368620037807	1165.9555555555557	896.3047091412742	1600.4722222222224	1095.75	1462.2222222222224	1222.8612072279893	686.5875	983.3320713899403	683.7064471879285	

varW :
466.2638408304498	797.6177285318562	509.2899305555556	470.25	379.5555555555555	933.1211072664361	977.5510204081631	846.1875	655.455922120065	804.5764828303847	

covarX :
1186.97628458498	1249.2380952380954	946.0994152046785	1920.5666666666668	1252.2857142857142	1754.666666666667	1247.318431372549	722.7236842105262	994.9006839945279	710.002849002849	

covarW :
480.39304812834223	841.9298245614036	531.4329710144929	627.0	569.3333333333333	991.4411764705883	993.3179723502303	890.7236842105262	663.167168262654	831.3956989247308	

coef_variationX :
0.5652737582204401	0.5226442555976336	0.5336103385924564	0.5053377137975649	0.5015471929707707	0.543682669182938	0.4899563340484969	0.4537283936675162	0.502571532439997	0.37997313504640035	

coef_variationW :
0.22722589748173838	0.292584738270808	0.20202121211714108	0.20361735626480226	0.1684338812242358	0.2733155411635995	0.3110289241341443	0.3580221803978138	0.2827120073563051	0.26525393068880265	

moy_distances_centre :	127.58095238095238
min_distances_centre :	43.0
max_distances_centre :	187.0
med_distances_centre :	139.0
ecartType_distances_centre :	32.30473382748106
var_distances_centre :	1043.5958276643992
covar_distances_centre :	1048.5891091364774
coef_variation_distances_centre :	0.2532096933327494
capacite_X_temoin : 
1181.0	1062.0	1300.0	770.0	1227.0	0.0	0.0	1168.0	1194.0	0.0	1148.0	1254.0	1181.0	1207.0	664.0	
1108.0	1122.0	1016.0	844.0	0.0	0.0	1306.0	1161.0	1214.0	1155.0	1234.0	0.0	1201.0	1300.0	827.0	
1069.0	1128.0	1168.0	844.0	0.0	1056.0	1016.0	1069.0	0.0	1009.0	0.0	0.0	1082.0	1161.0	844.0	
1056.0	0.0	1003.0	866.0	1161.0	1240.0	1122.0	0.0	0.0	0.0	1181.0	1155.0	1168.0	0.0	752.0	
1108.0	1042.0	990.0	836.0	0.0	1293.0	0.0	1287.0	1267.0	1287.0	1293.0	1161.0	1174.0	0.0	783.0	
1254.0	1181.0	1280.0	774.0	0.0	0.0	1161.0	1254.0	990.0	0.0	1009.0	1049.0	0.0	1207.0	840.0	
0.0	1273.0	0.0	712.0	1194.0	0.0	1036.0	996.0	1036.0	1234.0	1247.0	1009.0	1141.0	1003.0	840.0	
1188.0	1306.0	0.0	853.0	1254.0	1188.0	1069.0	0.0	1003.0	1003.0	0.0	1056.0	1188.0	1188.0	814.0	
996.0	1089.0	1141.0	787.0	1280.0	1313.0	1102.0	1095.0	1135.0	1128.0	1042.0	1016.0	1148.0	1247.0	814.0	
996.0	1194.0	0.0	761.0	0.0	0.0	1135.0	1273.0	1016.0	0.0	1069.0	1135.0	1016.0	1148.0	739.0	

capacite_W_temoin : 
545.3	965.5999999999999	985.0	741.0	662.0999999999999	0.0	0.0	512.4	1160.2	0.0	1215.4	1056.2	1341.3	985.0999999999999	415.2	
556.4	737.5999999999999	555.8	613.2	0.0	0.0	924.8	547.3	1120.2	1163.5	1239.2	0.0	1292.3	1123.0	520.1	
532.7	790.4	796.4	593.2	0.0	1056.8	451.8	499.7	0.0	880.7	0.0	0.0	546.5999999999999	1210.3	452.2	
860.8	0.0	598.9	374.8	535.3	1121.0	388.59999999999997	0.0	0.0	0.0	1061.3	800.5	920.4	0.0	422.6	
657.4	1007.5999999999999	513.0	528.8	0.0	1480.9	0.0	799.0999999999999	1327.1	1194.1	1231.9	629.3	1159.2	0.0	313.9	
1075.2	892.3	916.0	401.2	0.0	0.0	512.3	534.2	777.0	0.0	617.7	546.7	0.0	1378.1	715.0	
0.0	588.9	0.0	513.6	538.2	0.0	811.8	455.8	808.8	1372.2	968.0999999999999	721.7	1195.3	544.9	987.0	
820.4	876.8	0.0	897.9	943.2	1328.4	380.7	0.0	1003.9	923.9	0.0	694.8	1262.4	969.4	771.2	
551.8	763.7	768.3	521.1	983.0	1584.9	604.5999999999999	450.5	1161.5	1233.4	904.5999999999999	814.8	1410.4	1319.1	641.2	
628.8	653.2	0.0	550.3	0.0	0.0	575.5	740.9	863.8	0.0	1158.7	648.5	882.8	1116.4	498.7	

demande_cumulee_X : 
990.0	415.0	705.0	260.0	933.0	0.0	0.0	1006.0	392.0	0.0	277.0	574.0	194.0	584.0	448.0	
884.0	721.0	765.0	484.0	0.0	0.0	773.0	962.0	458.0	338.0	365.0	0.0	269.0	567.0	555.0	
857.0	676.0	722.0	504.0	0.0	316.0	869.0	890.0	0.0	431.0	0.0	0.0	860.0	299.0	645.0	
512.0	0.0	705.0	751.0	974.0	491.0	1070.0	0.0	0.0	0.0	474.0	701.0	598.0	0.0	555.0	
783.0	347.0	774.0	558.0	0.0	200.0	0.0	874.0	320.0	479.0	449.0	880.0	367.0	0.0	704.0	
555.0	643.0	748.0	605.0	0.0	0.0	997.0	1096.0	510.0	0.0	694.0	817.0	0.0	191.0	377.0	
0.0	1066.0	0.0	412.0	1014.0	0.0	535.0	839.0	538.0	232.0	653.0	590.0	288.0	759.0	105.0	
724.0	821.0	0.0	211.0	687.0	216.0	1009.0	0.0	300.0	380.0	0.0	678.0	282.0	575.0	287.0	
743.0	652.0	715.0	502.0	681.0	122.0	828.0	973.0	314.0	233.0	450.0	506.0	82.0	302.0	417.0	
666.0	899.0	0.0	439.0	0.0	0.0	900.0	914.0	457.0	0.0	231.0	827.0	438.0	376.0	462.0	

demande_cumulee_W : 
511.0	671.0	556.0	673.0	658.0	0.0	0.0	480.0	317.0	0.0	541.0	879.0	588.0	647.0	257.0	
448.0	691.0	505.0	610.0	0.0	0.0	890.0	543.0	799.0	531.0	324.0	0.0	467.0	1087.0	246.0	
397.0	790.0	788.0	584.0	0.0	661.0	417.0	472.0	0.0	831.0	0.0	0.0	537.0	1191.0	401.0	
853.0	0.0	588.0	367.0	521.0	1119.0	372.0	0.0	0.0	0.0	997.0	760.0	860.0	0.0	394.0	
590.0	962.0	481.0	471.0	0.0	516.0	0.0	789.0	386.0	674.0	345.0	586.0	682.0	0.0	253.0	
1028.0	834.0	821.0	349.0	0.0	0.0	467.0	418.0	764.0	0.0	551.0	512.0	0.0	819.0	670.0	
0.0	568.0	0.0	436.0	419.0	0.0	800.0	348.0	597.0	1170.0	253.0	608.0	564.0	441.0	827.0	
753.0	643.0	0.0	648.0	804.0	615.0	307.0	0.0	319.0	276.0	0.0	674.0	319.0	361.0	451.0	
527.0	667.0	505.0	454.0	871.0	316.0	541.0	435.0	263.0	526.0	144.0	775.0	379.0	737.0	380.0	
577.0	635.0	0.0	548.0	0.0	0.0	548.0	693.0	707.0	0.0	653.0	612.0	570.0	621.0	445.0	

capacite_residuelle_X : 
191.0	647.0	595.0	510.0	294.0	0.0	0.0	162.0	802.0	0.0	871.0	680.0	987.0	623.0	216.0	
224.0	401.0	251.0	360.0	0.0	0.0	533.0	199.0	756.0	817.0	869.0	0.0	932.0	733.0	272.0	
212.0	452.0	446.0	340.0	0.0	740.0	147.0	179.0	0.0	578.0	0.0	0.0	222.0	862.0	199.0	
544.0	0.0	298.0	115.0	187.0	749.0	52.0	0.0	0.0	0.0	707.0	454.0	570.0	0.0	197.0	
325.0	695.0	216.0	278.0	0.0	1093.0	0.0	413.0	947.0	808.0	844.0	281.0	807.0	0.0	79.0	
699.0	538.0	532.0	169.0	0.0	0.0	164.0	158.0	480.0	0.0	315.0	232.0	0.0	1016.0	463.0	
0.0	207.0	0.0	300.0	180.0	0.0	501.0	157.0	498.0	1002.0	594.0	419.0	853.0	244.0	735.0	
464.0	485.0	0.0	642.0	567.0	972.0	60.0	0.0	703.0	623.0	0.0	378.0	906.0	613.0	527.0	
253.0	437.0	426.0	285.0	599.0	1191.0	274.0	122.0	821.0	895.0	592.0	510.0	1066.0	945.0	397.0	
330.0	295.0	0.0	322.0	0.0	0.0	235.0	359.0	559.0	0.0	838.0	308.0	578.0	772.0	277.0	

capacite_residuelle_W : 
34.299999999999955	294.5999999999999	429.0	68.0	4.099999999999909	0.0	0.0	32.39999999999998	843.2	0.0	674.4000000000001	177.20000000000005	753.3	338.0999999999999	158.2	
108.39999999999998	46.59999999999991	50.799999999999955	3.2000000000000455	0.0	0.0	34.799999999999955	4.2999999999999545	321.20000000000005	632.5	915.2	0.0	825.3	36.0	274.1	
135.70000000000005	0.39999999999997726	8.399999999999977	9.200000000000045	0.0	395.79999999999995	34.80000000000001	27.69999999999999	0.0	49.700000000000045	0.0	0.0	9.599999999999909	19.299999999999955	51.19999999999999	
7.7999999999999545	0.0	10.899999999999977	7.800000000000011	14.299999999999955	2.0	16.599999999999966	0.0	0.0	0.0	64.29999999999995	40.5	60.39999999999998	0.0	28.600000000000023	
67.39999999999998	45.59999999999991	32.0	57.799999999999955	0.0	964.9000000000001	0.0	10.099999999999909	941.0999999999999	520.0999999999999	886.9000000000001	43.299999999999955	477.20000000000005	0.0	60.89999999999998	
47.200000000000045	58.299999999999955	95.0	52.19999999999999	0.0	0.0	45.299999999999955	116.20000000000005	13.0	0.0	66.70000000000005	34.700000000000045	0.0	559.0999999999999	45.0	
0.0	20.899999999999977	0.0	77.60000000000002	119.20000000000005	0.0	11.799999999999955	107.80000000000001	211.79999999999995	202.20000000000005	715.0999999999999	113.70000000000005	631.3	103.89999999999998	160.0	
67.39999999999998	233.79999999999995	0.0	249.89999999999998	139.20000000000005	713.4000000000001	73.69999999999999	0.0	684.9	647.9	0.0	20.799999999999955	943.4000000000001	608.4	320.20000000000005	
24.799999999999955	96.70000000000005	263.29999999999995	67.10000000000002	112.0	1268.9	63.59999999999991	15.5	898.5	707.4000000000001	760.5999999999999	39.799999999999955	1031.4	582.0999999999999	261.20000000000005	
51.799999999999955	18.200000000000045	0.0	2.2999999999999545	0.0	0.0	27.5	47.89999999999998	156.79999999999995	0.0	505.70000000000005	36.5	312.79999999999995	495.4000000000001	53.69999999999999	

min_capacite_X : 
0.0	0.0	0.0	0.0	0.0	0.0	0.0	0.0	787.0	0.0	

min_capacite_W : 
0.0	0.0	0.0	0.0	0.0	0.0	0.0	0.0	450.5	0.0	

max_capacite_X : 
1300.0	1306.0	1168.0	1240.0	1293.0	1280.0	1273.0	1306.0	1313.0	1273.0	

max_capacite_W : 
1341.3	1292.3	1210.3	1121.0	1480.9	1378.1	1372.2	1328.4	1584.9	1158.7	

moy_capacite_X : 
890.4	899.2	763.0666666666667	713.6	901.4	799.9333333333333	848.0666666666667	874.0	1088.8666666666666	765.4666666666667	

moy_capacite_W : 
705.6533333333334	692.8933333333333	520.7199999999999	472.28	722.8199999999999	557.7133333333333	633.7533333333333	724.8666666666667	914.1933333333333	554.5066666666667	

med_capacite_X : 
1168.0	1122.0	1016.0	1003.0	1108.0	1009.0	1009.0	1056.0	1102.0	1016.0	

med_capacite_W : 
741.0	613.2	532.7	422.6	657.4	546.7	588.9	876.8	814.8	628.8	

ecartType_capacite_X : 
475.50938301292575	469.26853719379056	468.8182969504876	518.6935897039792	476.48753743758436	502.5150699785585	448.1664075863884	456.47256215461624	142.516369430166	481.38423553562933	

ecartType_capacite_W : 
436.7677183838364	434.9487777760606	377.86818018986463	398.4544159624787	484.9583118853276	410.6075220396669	403.1010507993691	419.3711048171483	341.8524154595892	380.92283114679395	

var_capacite_X : 
226109.1733333333	220212.96000000002	219790.59555555554	269043.04	227040.37333333335	252521.3955555555	200853.12888888884	208367.2	20310.915555555555	231730.78222222227	

var_capacite_W : 
190766.03982222223	189180.43928888894	142784.3616	158765.92160000003	235184.56426666665	168598.53715555553	162490.45715555554	175872.1235555556	116863.0739555556	145102.2032888889	

covar_capacite_X : 
242259.82857142854	235942.45714285717	235489.92380952378	288260.39999999997	243257.54285714286	270558.638095238	215199.78095238088	223250.57142857142	21761.69523809524	248282.980952381	

covar_capacite_W : 
204392.18552380952	202693.32780952385	152983.24457142857	170106.3445714286	251983.4617142857	180641.28980952376	174096.91838095232	188434.41809523813	125210.43638095241	155466.64638095238	

##########	##########	##########	##########	##########	##########	##########	##########	##########	##########	##########	##########	##########	##########	##########	##########	##########	##########	##########	##########	##########	##########	##########	##########	##########	##########	##########	##########	##########	##########	##########	##########	##########	##########	##########	##########	##########	##########	##########	##########	##########	##########	##########	##########	##########	##########	##########	##########	##########	##########	##########	##########	##########	##########	##########	##########	##########	##########	##########	##########	##########	##########	##########	##########	##########	##########	##########	##########	##########	##########	##########	##########	##########	##########	##########	##########	##########	##########	##########	##########	##########	##########	##########	##########	##########	##########	##########	##########	##########	##########	##########	##########	##########	##########	##########	##########	##########	##########	##########	##########	##########	##########	##########	##########	##########	##########	##########	##########	##########	##########	##########	##########	##########	##########	##########	##########	##########	##########	##########	##########	##########	##########	##########	##########	##########	##########	##########	##########	##########	##########	##########	##########	##########	##########	##########	##########	##########	##########	##########	##########	##########	##########	##########	##########	##########	##########	##########	##########	##########	##########	nombre de noeuds : 150
nombre de strates : 10
nombre de centres : 15
titre : fenetre
instances : G8_3
temps de calcul : 0.7128541469573975
valeur objective : 2728.0
nombre de solutions : 1
nombre de noeuds : 1.0
faisability : True
moy_distances :	128.2
min_distances :	40.0
max_distances :	230.0
var_distances :	1023.872478216697
covar_distances :	1023.9182911156282
ecartType_distances :	31.998007410098165
coef_variation	: 0.24959879716590488
distances_centre_x :
-1.0	-1.0	89.0	55.0	-1.0	-1.0	-1.0	-1.0	-1.0	-1.0	-1.0	-1.0	-1.0	-1.0	-1.0	-1.0	98.0	-1.0	97.0	55.0	-1.0	-1.0	55.0	-1.0	-1.0	-1.0	-1.0	-1.0	-1.0	-1.0	-1.0	48.0	-1.0	-1.0	-1.0	-1.0	-1.0	-1.0	-1.0	-1.0	48.0	-1.0	42.0	-1.0	-1.0	-1.0	-1.0	-1.0	-1.0	-1.0	85.0	-1.0	-1.0	-1.0	-1.0	-1.0	-1.0	-1.0	-1.0	-1.0	-1.0	-1.0	-1.0	-1.0	-1.0	-1.0	-1.0	-1.0	-1.0	-1.0	52.0	-1.0	-1.0	98.0	-1.0	-1.0	-1.0	-1.0	-1.0	-1.0	-1.0	-1.0	-1.0	-1.0	-1.0	-1.0	-1.0	88.0	-1.0	99.0	-1.0	-1.0	-1.0	-1.0	-1.0	0.0	0.0	-1.0	96.0	-1.0	-1.0	0.0	-1.0	-1.0	-1.0	-1.0	-1.0	-1.0	-1.0	-1.0	-1.0	-1.0	-1.0	-1.0	-1.0	-1.0	-1.0	-1.0	-1.0	-1.0	-1.0	-1.0	99.0	-1.0	-1.0	54.0	-1.0	-1.0	-1.0	-1.0	55.0	-1.0	-1.0	0.0	-1.0	-1.0	-1.0	-1.0	-1.0	-1.0	-1.0	-1.0	-1.0	107.0	-1.0	-1.0	-1.0	-1.0	-1.0	-1.0	
-1.0	-1.0	-1.0	-1.0	-1.0	-1.0	-1.0	-1.0	-1.0	55.0	-1.0	-1.0	-1.0	-1.0	-1.0	-1.0	-1.0	-1.0	-1.0	-1.0	-1.0	-1.0	55.0	-1.0	-1.0	-1.0	-1.0	-1.0	-1.0	-1.0	-1.0	-1.0	-1.0	-1.0	-1.0	-1.0	-1.0	-1.0	-1.0	-1.0	-1.0	-1.0	-1.0	-1.0	-1.0	-1.0	-1.0	-1.0	-1.0	-1.0	-1.0	-1.0	-1.0	-1.0	-1.0	43.0	-1.0	-1.0	-1.0	-1.0	-1.0	-1.0	-1.0	-1.0	98.0	-1.0	-1.0	-1.0	-1.0	-1.0	-1.0	-1.0	-1.0	98.0	-1.0	-1.0	-1.0	-1.0	-1.0	-1.0	-1.0	-1.0	-1.0	-1.0	101.0	-1.0	133.0	-1.0	-1.0	-1.0	102.0	-1.0	-1.0	-1.0	-1.0	-1.0	-1.0	-1.0	96.0	-1.0	54.0	0.0	-1.0	-1.0	-1.0	-1.0	-1.0	-1.0	-1.0	-1.0	-1.0	105.0	-1.0	-1.0	-1.0	-1.0	-1.0	-1.0	99.0	-1.0	-1.0	-1.0	99.0	-1.0	-1.0	-1.0	55.0	-1.0	-1.0	-1.0	-1.0	-1.0	-1.0	0.0	-1.0	-1.0	-1.0	-1.0	-1.0	-1.0	-1.0	-1.0	-1.0	-1.0	-1.0	54.0	-1.0	-1.0	-1.0	-1.0	
-1.0	55.0	-1.0	-1.0	-1.0	-1.0	-1.0	-1.0	-1.0	-1.0	-1.0	-1.0	-1.0	55.0	-1.0	-1.0	98.0	55.0	-1.0	-1.0	-1.0	-1.0	55.0	-1.0	-1.0	-1.0	-1.0	-1.0	-1.0	-1.0	-1.0	-1.0	-1.0	-1.0	-1.0	-1.0	-1.0	-1.0	-1.0	-1.0	-1.0	-1.0	49.0	-1.0	90.0	-1.0	-1.0	-1.0	-1.0	-1.0	85.0	-1.0	-1.0	-1.0	-1.0	-1.0	-1.0	-1.0	-1.0	-1.0	-1.0	-1.0	-1.0	-1.0	98.0	-1.0	-1.0	-1.0	-1.0	-1.0	-1.0	-1.0	-1.0	-1.0	-1.0	-1.0	-1.0	-1.0	-1.0	-1.0	-1.0	-1.0	55.0	-1.0	-1.0	-1.0	-1.0	-1.0	-1.0	-1.0	-1.0	-1.0	-1.0	-1.0	-1.0	91.0	-1.0	-1.0	-1.0	-1.0	54.0	0.0	-1.0	-1.0	-1.0	-1.0	-1.0	-1.0	-1.0	-1.0	-1.0	-1.0	-1.0	-1.0	-1.0	-1.0	-1.0	-1.0	-1.0	-1.0	-1.0	-1.0	-1.0	-1.0	-1.0	-1.0	55.0	-1.0	-1.0	-1.0	-1.0	0.0	-1.0	0.0	-1.0	-1.0	-1.0	-1.0	-1.0	-1.0	-1.0	-1.0	-1.0	-1.0	-1.0	54.0	-1.0	99.0	-1.0	-1.0	
-1.0	-1.0	-1.0	-1.0	-1.0	-1.0	-1.0	-1.0	-1.0	-1.0	109.0	-1.0	-1.0	-1.0	-1.0	-1.0	-1.0	-1.0	-1.0	-1.0	-1.0	-1.0	55.0	-1.0	-1.0	-1.0	-1.0	-1.0	-1.0	-1.0	-1.0	-1.0	-1.0	-1.0	-1.0	-1.0	-1.0	-1.0	-1.0	-1.0	-1.0	-1.0	-1.0	-1.0	-1.0	-1.0	-1.0	-1.0	-1.0	-1.0	-1.0	-1.0	-1.0	-1.0	-1.0	-1.0	-1.0	-1.0	-1.0	-1.0	-1.0	-1.0	98.0	-1.0	-1.0	-1.0	-1.0	-1.0	-1.0	-1.0	-1.0	-1.0	-1.0	-1.0	-1.0	-1.0	-1.0	-1.0	-1.0	-1.0	-1.0	-1.0	-1.0	-1.0	-1.0	-1.0	-1.0	-1.0	-1.0	-1.0	-1.0	-1.0	-1.0	-1.0	-1.0	-1.0	-1.0	-1.0	-1.0	-1.0	-1.0	-1.0	-1.0	-1.0	-1.0	-1.0	-1.0	-1.0	-1.0	-1.0	-1.0	-1.0	-1.0	-1.0	-1.0	-1.0	-1.0	-1.0	-1.0	-1.0	-1.0	-1.0	-1.0	-1.0	-1.0	-1.0	-1.0	-1.0	-1.0	-1.0	-1.0	-1.0	-1.0	0.0	-1.0	-1.0	-1.0	-1.0	-1.0	-1.0	-1.0	-1.0	-1.0	-1.0	-1.0	-1.0	-1.0	-1.0	-1.0	-1.0	
-1.0	-1.0	-1.0	55.0	100.0	-1.0	-1.0	-1.0	-1.0	-1.0	-1.0	-1.0	-1.0	-1.0	-1.0	-1.0	-1.0	55.0	-1.0	-1.0	-1.0	-1.0	-1.0	-1.0	-1.0	-1.0	-1.0	-1.0	-1.0	-1.0	-1.0	-1.0	-1.0	-1.0	-1.0	-1.0	-1.0	-1.0	-1.0	-1.0	-1.0	-1.0	-1.0	-1.0	-1.0	-1.0	-1.0	-1.0	-1.0	-1.0	-1.0	-1.0	-1.0	-1.0	-1.0	97.0	-1.0	-1.0	-1.0	-1.0	-1.0	57.0	-1.0	-1.0	109.0	-1.0	-1.0	-1.0	-1.0	-1.0	-1.0	-1.0	-1.0	-1.0	-1.0	-1.0	-1.0	-1.0	-1.0	-1.0	-1.0	-1.0	-1.0	-1.0	-1.0	-1.0	-1.0	-1.0	-1.0	-1.0	-1.0	-1.0	-1.0	-1.0	-1.0	-1.0	-1.0	-1.0	-1.0	-1.0	-1.0	-1.0	-1.0	-1.0	-1.0	-1.0	-1.0	-1.0	-1.0	-1.0	-1.0	-1.0	-1.0	-1.0	-1.0	-1.0	-1.0	-1.0	-1.0	-1.0	-1.0	-1.0	-1.0	-1.0	-1.0	-1.0	-1.0	-1.0	-1.0	-1.0	-1.0	-1.0	-1.0	0.0	-1.0	-1.0	-1.0	-1.0	-1.0	-1.0	-1.0	-1.0	-1.0	-1.0	-1.0	-1.0	-1.0	-1.0	-1.0	-1.0	
-1.0	-1.0	-1.0	-1.0	-1.0	-1.0	-1.0	-1.0	-1.0	-1.0	-1.0	-1.0	-1.0	55.0	-1.0	-1.0	-1.0	-1.0	-1.0	-1.0	-1.0	-1.0	55.0	-1.0	-1.0	-1.0	-1.0	-1.0	-1.0	-1.0	-1.0	-1.0	-1.0	-1.0	-1.0	-1.0	-1.0	-1.0	-1.0	-1.0	-1.0	-1.0	-1.0	-1.0	-1.0	-1.0	-1.0	-1.0	-1.0	-1.0	85.0	-1.0	-1.0	56.0	-1.0	-1.0	-1.0	-1.0	-1.0	-1.0	-1.0	-1.0	-1.0	-1.0	98.0	-1.0	-1.0	-1.0	-1.0	-1.0	-1.0	-1.0	-1.0	-1.0	-1.0	-1.0	-1.0	-1.0	-1.0	-1.0	-1.0	-1.0	-1.0	-1.0	-1.0	-1.0	-1.0	-1.0	-1.0	-1.0	-1.0	-1.0	-1.0	-1.0	-1.0	-1.0	-1.0	-1.0	-1.0	-1.0	-1.0	-1.0	-1.0	-1.0	-1.0	-1.0	-1.0	-1.0	-1.0	-1.0	-1.0	-1.0	-1.0	-1.0	-1.0	-1.0	-1.0	-1.0	-1.0	-1.0	-1.0	-1.0	-1.0	-1.0	-1.0	-1.0	-1.0	-1.0	-1.0	-1.0	-1.0	-1.0	-1.0	0.0	-1.0	-1.0	-1.0	-1.0	-1.0	-1.0	-1.0	-1.0	-1.0	-1.0	-1.0	-1.0	-1.0	-1.0	-1.0	-1.0	
127.0	55.0	87.0	47.0	-1.0	-1.0	-1.0	-1.0	-1.0	-1.0	87.0	-1.0	47.0	47.0	94.0	-1.0	98.0	-1.0	-1.0	-1.0	-1.0	-1.0	55.0	91.0	-1.0	-1.0	83.0	-1.0	-1.0	48.0	-1.0	-1.0	-1.0	-1.0	88.0	-1.0	-1.0	139.0	-1.0	-1.0	-1.0	-1.0	42.0	-1.0	-1.0	-1.0	-1.0	-1.0	88.0	100.0	85.0	-1.0	47.0	-1.0	-1.0	-1.0	55.0	-1.0	-1.0	45.0	-1.0	-1.0	-1.0	-1.0	98.0	40.0	-1.0	-1.0	-1.0	47.0	47.0	-1.0	112.0	98.0	-1.0	-1.0	-1.0	-1.0	-1.0	-1.0	-1.0	-1.0	-1.0	-1.0	101.0	106.0	-1.0	-1.0	-1.0	96.0	0.0	0.0	-1.0	102.0	102.0	0.0	0.0	56.0	96.0	98.0	-1.0	0.0	-1.0	97.0	96.0	-1.0	96.0	-1.0	-1.0	-1.0	55.0	-1.0	-1.0	-1.0	-1.0	-1.0	-1.0	-1.0	-1.0	-1.0	-1.0	-1.0	-1.0	104.0	101.0	54.0	-1.0	-1.0	55.0	96.0	55.0	0.0	-1.0	-1.0	-1.0	-1.0	-1.0	-1.0	103.0	-1.0	-1.0	-1.0	-1.0	-1.0	-1.0	54.0	-1.0	50.0	99.0	-1.0	
-1.0	-1.0	-1.0	-1.0	-1.0	-1.0	-1.0	-1.0	91.0	-1.0	95.0	-1.0	-1.0	55.0	-1.0	-1.0	-1.0	-1.0	-1.0	55.0	-1.0	-1.0	55.0	102.0	-1.0	-1.0	95.0	-1.0	-1.0	48.0	-1.0	48.0	-1.0	-1.0	-1.0	-1.0	-1.0	-1.0	-1.0	143.0	48.0	-1.0	49.0	-1.0	-1.0	-1.0	-1.0	-1.0	88.0	-1.0	-1.0	-1.0	-1.0	56.0	-1.0	-1.0	-1.0	-1.0	-1.0	45.0	-1.0	57.0	-1.0	-1.0	98.0	-1.0	87.0	-1.0	-1.0	-1.0	-1.0	-1.0	-1.0	-1.0	-1.0	-1.0	-1.0	-1.0	-1.0	-1.0	-1.0	-1.0	-1.0	-1.0	-1.0	-1.0	-1.0	-1.0	-1.0	99.0	-1.0	-1.0	-1.0	-1.0	-1.0	-1.0	-1.0	-1.0	-1.0	-1.0	-1.0	0.0	-1.0	-1.0	-1.0	-1.0	-1.0	-1.0	-1.0	-1.0	-1.0	-1.0	-1.0	-1.0	-1.0	90.0	-1.0	-1.0	-1.0	-1.0	52.0	-1.0	99.0	-1.0	-1.0	54.0	-1.0	-1.0	-1.0	-1.0	55.0	-1.0	-1.0	-1.0	-1.0	-1.0	-1.0	-1.0	-1.0	-1.0	-1.0	-1.0	-1.0	-1.0	-1.0	54.0	-1.0	-1.0	-1.0	-1.0	
-1.0	55.0	87.0	55.0	-1.0	-1.0	83.0	87.0	-1.0	-1.0	87.0	47.0	-1.0	47.0	94.0	83.0	-1.0	-1.0	-1.0	-1.0	47.0	-1.0	85.0	91.0	87.0	-1.0	83.0	-1.0	-1.0	-1.0	-1.0	-1.0	-1.0	-1.0	-1.0	131.0	94.0	-1.0	-1.0	91.0	-1.0	-1.0	42.0	-1.0	-1.0	43.0	90.0	90.0	-1.0	47.0	85.0	45.0	47.0	-1.0	-1.0	-1.0	46.0	-1.0	101.0	-1.0	-1.0	57.0	-1.0	86.0	98.0	-1.0	-1.0	89.0	-1.0	47.0	-1.0	45.0	-1.0	98.0	47.0	-1.0	-1.0	0.0	-1.0	-1.0	86.0	-1.0	-1.0	-1.0	0.0	-1.0	133.0	-1.0	-1.0	0.0	0.0	0.0	0.0	47.0	-1.0	0.0	0.0	56.0	-1.0	-1.0	-1.0	-1.0	-1.0	-1.0	-1.0	90.0	-1.0	-1.0	-1.0	90.0	50.0	94.0	-1.0	51.0	51.0	90.0	-1.0	53.0	-1.0	52.0	52.0	-1.0	99.0	104.0	-1.0	54.0	-1.0	-1.0	-1.0	96.0	55.0	-1.0	-1.0	0.0	-1.0	-1.0	-1.0	-1.0	-1.0	97.0	-1.0	-1.0	100.0	-1.0	91.0	54.0	-1.0	50.0	99.0	-1.0	
127.0	55.0	89.0	-1.0	-1.0	-1.0	-1.0	-1.0	123.0	-1.0	95.0	-1.0	-1.0	-1.0	-1.0	-1.0	98.0	-1.0	-1.0	-1.0	-1.0	-1.0	85.0	123.0	101.0	-1.0	-1.0	-1.0	-1.0	48.0	-1.0	-1.0	-1.0	-1.0	88.0	-1.0	-1.0	-1.0	-1.0	-1.0	48.0	97.0	42.0	-1.0	-1.0	48.0	-1.0	-1.0	88.0	-1.0	-1.0	-1.0	-1.0	-1.0	-1.0	-1.0	125.0	-1.0	-1.0	-1.0	-1.0	-1.0	98.0	-1.0	98.0	-1.0	-1.0	-1.0	-1.0	-1.0	-1.0	-1.0	-1.0	-1.0	-1.0	-1.0	-1.0	-1.0	-1.0	100.0	91.0	-1.0	-1.0	-1.0	-1.0	-1.0	-1.0	-1.0	-1.0	-1.0	-1.0	-1.0	-1.0	-1.0	-1.0	-1.0	-1.0	-1.0	96.0	-1.0	54.0	0.0	-1.0	-1.0	-1.0	-1.0	104.0	-1.0	-1.0	-1.0	55.0	99.0	-1.0	-1.0	-1.0	90.0	-1.0	-1.0	-1.0	-1.0	-1.0	-1.0	-1.0	-1.0	101.0	54.0	55.0	-1.0	-1.0	-1.0	55.0	-1.0	-1.0	-1.0	-1.0	-1.0	-1.0	105.0	-1.0	-1.0	-1.0	-1.0	-1.0	107.0	-1.0	54.0	-1.0	-1.0	111.0	-1.0	

distances_centre_w :
127.0	-1.0	-1.0	-1.0	-1.0	-1.0	-1.0	-1.0	-1.0	-1.0	95.0	85.0	-1.0	55.0	-1.0	-1.0	-1.0	-1.0	-1.0	-1.0	-1.0	-1.0	85.0	-1.0	-1.0	-1.0	-1.0	-1.0	135.0	-1.0	-1.0	-1.0	-1.0	-1.0	-1.0	-1.0	-1.0	-1.0	-1.0	-1.0	130.0	-1.0	49.0	138.0	-1.0	-1.0	-1.0	-1.0	88.0	-1.0	-1.0	-1.0	48.0	-1.0	-1.0	-1.0	-1.0	-1.0	-1.0	45.0	-1.0	99.0	-1.0	91.0	-1.0	-1.0	-1.0	-1.0	-1.0	92.0	-1.0	-1.0	-1.0	-1.0	-1.0	93.0	-1.0	-1.0	-1.0	-1.0	91.0	-1.0	-1.0	-1.0	101.0	-1.0	-1.0	-1.0	-1.0	102.0	-1.0	-1.0	-1.0	-1.0	-1.0	91.0	-1.0	-1.0	-1.0	136.0	54.0	-1.0	-1.0	97.0	-1.0	91.0	-1.0	-1.0	-1.0	-1.0	-1.0	99.0	107.0	-1.0	-1.0	-1.0	-1.0	-1.0	-1.0	-1.0	-1.0	95.0	139.0	-1.0	101.0	-1.0	-1.0	-1.0	-1.0	-1.0	-1.0	-1.0	-1.0	-1.0	-1.0	-1.0	-1.0	-1.0	-1.0	-1.0	-1.0	-1.0	-1.0	-1.0	-1.0	-1.0	-1.0	101.0	-1.0	-1.0	
127.0	-1.0	-1.0	55.0	-1.0	-1.0	-1.0	-1.0	-1.0	-1.0	95.0	-1.0	-1.0	55.0	-1.0	-1.0	-1.0	-1.0	-1.0	-1.0	-1.0	-1.0	85.0	-1.0	-1.0	-1.0	-1.0	-1.0	-1.0	-1.0	-1.0	-1.0	-1.0	-1.0	-1.0	-1.0	138.0	-1.0	-1.0	-1.0	-1.0	-1.0	49.0	-1.0	-1.0	-1.0	-1.0	-1.0	88.0	-1.0	-1.0	-1.0	-1.0	-1.0	-1.0	-1.0	-1.0	-1.0	-1.0	45.0	-1.0	-1.0	-1.0	-1.0	109.0	-1.0	-1.0	-1.0	-1.0	-1.0	-1.0	-1.0	-1.0	-1.0	-1.0	-1.0	-1.0	-1.0	-1.0	-1.0	-1.0	90.0	-1.0	-1.0	106.0	-1.0	-1.0	-1.0	-1.0	-1.0	142.0	-1.0	-1.0	-1.0	-1.0	91.0	-1.0	-1.0	-1.0	-1.0	-1.0	-1.0	-1.0	-1.0	-1.0	-1.0	-1.0	-1.0	-1.0	-1.0	55.0	-1.0	-1.0	-1.0	-1.0	-1.0	-1.0	-1.0	-1.0	-1.0	-1.0	-1.0	-1.0	-1.0	-1.0	-1.0	-1.0	-1.0	-1.0	-1.0	-1.0	-1.0	-1.0	-1.0	-1.0	-1.0	-1.0	-1.0	-1.0	-1.0	-1.0	-1.0	-1.0	-1.0	113.0	-1.0	-1.0	-1.0	-1.0	-1.0	
-1.0	-1.0	-1.0	55.0	-1.0	-1.0	-1.0	-1.0	-1.0	-1.0	-1.0	-1.0	-1.0	-1.0	-1.0	-1.0	-1.0	-1.0	-1.0	-1.0	-1.0	-1.0	85.0	-1.0	-1.0	145.0	-1.0	-1.0	-1.0	-1.0	-1.0	-1.0	-1.0	-1.0	-1.0	-1.0	-1.0	-1.0	-1.0	-1.0	-1.0	-1.0	-1.0	-1.0	-1.0	-1.0	-1.0	-1.0	88.0	-1.0	-1.0	-1.0	-1.0	-1.0	-1.0	-1.0	-1.0	-1.0	-1.0	45.0	-1.0	-1.0	98.0	-1.0	112.0	142.0	-1.0	-1.0	-1.0	-1.0	-1.0	-1.0	-1.0	-1.0	-1.0	-1.0	-1.0	-1.0	-1.0	100.0	-1.0	-1.0	-1.0	-1.0	-1.0	-1.0	-1.0	-1.0	-1.0	-1.0	-1.0	49.0	-1.0	-1.0	-1.0	-1.0	143.0	-1.0	96.0	-1.0	-1.0	-1.0	139.0	-1.0	-1.0	-1.0	-1.0	-1.0	-1.0	-1.0	55.0	139.0	108.0	109.0	142.0	-1.0	-1.0	-1.0	-1.0	-1.0	-1.0	-1.0	99.0	-1.0	-1.0	102.0	-1.0	-1.0	-1.0	103.0	-1.0	-1.0	-1.0	-1.0	-1.0	-1.0	-1.0	-1.0	-1.0	-1.0	-1.0	-1.0	-1.0	-1.0	113.0	-1.0	-1.0	101.0	-1.0	-1.0	
-1.0	-1.0	100.0	-1.0	-1.0	-1.0	-1.0	-1.0	-1.0	-1.0	-1.0	-1.0	-1.0	-1.0	-1.0	-1.0	-1.0	-1.0	-1.0	-1.0	-1.0	-1.0	-1.0	-1.0	-1.0	-1.0	-1.0	-1.0	-1.0	-1.0	-1.0	-1.0	-1.0	-1.0	88.0	-1.0	-1.0	-1.0	-1.0	-1.0	-1.0	-1.0	-1.0	-1.0	-1.0	-1.0	-1.0	-1.0	88.0	-1.0	-1.0	-1.0	-1.0	100.0	-1.0	-1.0	137.0	131.0	-1.0	-1.0	-1.0	-1.0	-1.0	-1.0	109.0	-1.0	-1.0	-1.0	-1.0	-1.0	-1.0	-1.0	-1.0	-1.0	-1.0	-1.0	-1.0	-1.0	-1.0	-1.0	-1.0	-1.0	-1.0	-1.0	-1.0	-1.0	-1.0	-1.0	-1.0	-1.0	-1.0	-1.0	-1.0	-1.0	-1.0	-1.0	-1.0	-1.0	-1.0	-1.0	-1.0	-1.0	-1.0	-1.0	-1.0	-1.0	-1.0	-1.0	-1.0	-1.0	-1.0	-1.0	-1.0	-1.0	-1.0	-1.0	-1.0	-1.0	-1.0	-1.0	-1.0	-1.0	-1.0	-1.0	-1.0	-1.0	-1.0	-1.0	-1.0	-1.0	-1.0	-1.0	-1.0	-1.0	-1.0	-1.0	-1.0	-1.0	-1.0	-1.0	-1.0	-1.0	-1.0	-1.0	-1.0	-1.0	-1.0	-1.0	-1.0	-1.0	
-1.0	-1.0	-1.0	-1.0	-1.0	-1.0	-1.0	-1.0	-1.0	-1.0	-1.0	-1.0	-1.0	-1.0	-1.0	-1.0	-1.0	-1.0	-1.0	-1.0	-1.0	-1.0	-1.0	-1.0	-1.0	-1.0	-1.0	-1.0	-1.0	-1.0	-1.0	-1.0	-1.0	-1.0	-1.0	-1.0	-1.0	-1.0	-1.0	-1.0	-1.0	-1.0	-1.0	-1.0	-1.0	-1.0	-1.0	-1.0	88.0	-1.0	-1.0	-1.0	-1.0	-1.0	-1.0	-1.0	-1.0	-1.0	-1.0	45.0	-1.0	-1.0	-1.0	-1.0	-1.0	-1.0	-1.0	-1.0	-1.0	-1.0	-1.0	-1.0	-1.0	-1.0	-1.0	-1.0	-1.0	-1.0	-1.0	-1.0	-1.0	-1.0	-1.0	-1.0	-1.0	-1.0	-1.0	-1.0	-1.0	-1.0	140.0	-1.0	-1.0	-1.0	-1.0	-1.0	-1.0	-1.0	-1.0	-1.0	-1.0	-1.0	-1.0	-1.0	-1.0	-1.0	-1.0	-1.0	-1.0	-1.0	-1.0	-1.0	-1.0	-1.0	-1.0	-1.0	-1.0	-1.0	-1.0	-1.0	-1.0	-1.0	-1.0	-1.0	-1.0	-1.0	-1.0	-1.0	-1.0	-1.0	-1.0	-1.0	-1.0	-1.0	-1.0	-1.0	101.0	-1.0	-1.0	-1.0	-1.0	-1.0	-1.0	-1.0	-1.0	-1.0	-1.0	-1.0	-1.0	-1.0	
127.0	-1.0	-1.0	-1.0	-1.0	-1.0	-1.0	-1.0	-1.0	55.0	95.0	-1.0	-1.0	-1.0	-1.0	-1.0	-1.0	-1.0	-1.0	-1.0	-1.0	-1.0	85.0	-1.0	101.0	-1.0	-1.0	-1.0	-1.0	-1.0	141.0	-1.0	-1.0	-1.0	-1.0	-1.0	-1.0	149.0	-1.0	143.0	-1.0	-1.0	136.0	-1.0	-1.0	-1.0	-1.0	-1.0	88.0	-1.0	-1.0	-1.0	-1.0	-1.0	-1.0	-1.0	-1.0	131.0	-1.0	45.0	-1.0	-1.0	-1.0	-1.0	109.0	-1.0	-1.0	-1.0	-1.0	-1.0	131.0	-1.0	-1.0	-1.0	-1.0	-1.0	-1.0	-1.0	-1.0	-1.0	-1.0	90.0	-1.0	-1.0	-1.0	-1.0	-1.0	-1.0	-1.0	-1.0	-1.0	-1.0	-1.0	-1.0	-1.0	-1.0	-1.0	-1.0	-1.0	-1.0	-1.0	-1.0	-1.0	-1.0	-1.0	-1.0	-1.0	-1.0	-1.0	-1.0	-1.0	139.0	-1.0	-1.0	-1.0	-1.0	-1.0	-1.0	-1.0	-1.0	-1.0	-1.0	-1.0	-1.0	-1.0	108.0	-1.0	-1.0	-1.0	106.0	-1.0	-1.0	-1.0	-1.0	-1.0	-1.0	-1.0	-1.0	-1.0	-1.0	-1.0	-1.0	-1.0	-1.0	113.0	-1.0	-1.0	-1.0	-1.0	-1.0	
135.0	141.0	100.0	55.0	89.0	-1.0	-1.0	-1.0	-1.0	-1.0	95.0	144.0	106.0	55.0	104.0	-1.0	-1.0	-1.0	-1.0	-1.0	-1.0	-1.0	85.0	-1.0	135.0	138.0	-1.0	-1.0	-1.0	91.0	-1.0	-1.0	-1.0	-1.0	136.0	-1.0	-1.0	144.0	-1.0	-1.0	-1.0	-1.0	98.0	-1.0	-1.0	48.0	-1.0	137.0	140.0	125.0	-1.0	-1.0	48.0	-1.0	-1.0	-1.0	91.0	-1.0	146.0	-1.0	-1.0	-1.0	-1.0	-1.0	100.0	-1.0	-1.0	-1.0	-1.0	91.0	52.0	-1.0	116.0	109.0	145.0	-1.0	-1.0	-1.0	-1.0	-1.0	91.0	-1.0	-1.0	-1.0	104.0	136.0	-1.0	-1.0	-1.0	139.0	47.0	140.0	-1.0	135.0	-1.0	91.0	-1.0	-1.0	101.0	142.0	54.0	49.0	146.0	145.0	136.0	91.0	97.0	-1.0	-1.0	-1.0	97.0	146.0	-1.0	-1.0	-1.0	-1.0	-1.0	-1.0	-1.0	-1.0	-1.0	-1.0	-1.0	133.0	104.0	95.0	-1.0	-1.0	-1.0	101.0	104.0	142.0	-1.0	-1.0	-1.0	-1.0	-1.0	98.0	-1.0	-1.0	110.0	-1.0	104.0	-1.0	-1.0	58.0	-1.0	-1.0	-1.0	-1.0	
127.0	-1.0	-1.0	55.0	-1.0	-1.0	-1.0	-1.0	137.0	55.0	-1.0	85.0	-1.0	-1.0	-1.0	-1.0	-1.0	-1.0	-1.0	-1.0	-1.0	-1.0	85.0	-1.0	-1.0	-1.0	98.0	-1.0	-1.0	-1.0	-1.0	-1.0	-1.0	-1.0	-1.0	-1.0	-1.0	146.0	-1.0	-1.0	-1.0	-1.0	-1.0	-1.0	-1.0	48.0	-1.0	-1.0	-1.0	-1.0	-1.0	-1.0	48.0	-1.0	-1.0	-1.0	55.0	-1.0	-1.0	-1.0	-1.0	-1.0	-1.0	91.0	-1.0	-1.0	-1.0	-1.0	-1.0	-1.0	52.0	-1.0	-1.0	-1.0	-1.0	-1.0	-1.0	-1.0	-1.0	-1.0	-1.0	-1.0	-1.0	-1.0	-1.0	-1.0	-1.0	-1.0	-1.0	102.0	-1.0	49.0	-1.0	-1.0	-1.0	-1.0	143.0	-1.0	96.0	98.0	-1.0	-1.0	-1.0	-1.0	-1.0	-1.0	-1.0	-1.0	-1.0	-1.0	55.0	-1.0	-1.0	-1.0	-1.0	-1.0	-1.0	-1.0	-1.0	-1.0	-1.0	-1.0	-1.0	-1.0	-1.0	-1.0	-1.0	-1.0	-1.0	-1.0	-1.0	-1.0	-1.0	-1.0	-1.0	-1.0	101.0	-1.0	-1.0	-1.0	-1.0	-1.0	-1.0	-1.0	-1.0	-1.0	-1.0	-1.0	111.0	-1.0	
104.0	141.0	89.0	110.0	-1.0	-1.0	-1.0	88.0	91.0	-1.0	95.0	85.0	114.0	55.0	104.0	90.0	-1.0	-1.0	-1.0	-1.0	141.0	-1.0	-1.0	-1.0	90.0	-1.0	95.0	-1.0	-1.0	-1.0	-1.0	-1.0	-1.0	-1.0	-1.0	133.0	130.0	-1.0	-1.0	128.0	-1.0	-1.0	49.0	-1.0	-1.0	139.0	138.0	130.0	88.0	-1.0	88.0	46.0	136.0	-1.0	-1.0	-1.0	55.0	-1.0	112.0	45.0	-1.0	89.0	98.0	91.0	100.0	-1.0	-1.0	90.0	-1.0	90.0	-1.0	47.0	91.0	98.0	94.0	-1.0	-1.0	91.0	90.0	-1.0	104.0	-1.0	-1.0	-1.0	-1.0	-1.0	138.0	-1.0	-1.0	99.0	131.0	49.0	-1.0	47.0	-1.0	91.0	91.0	-1.0	-1.0	-1.0	-1.0	-1.0	-1.0	-1.0	-1.0	91.0	-1.0	-1.0	-1.0	96.0	55.0	99.0	-1.0	98.0	51.0	93.0	-1.0	99.0	-1.0	-1.0	52.0	-1.0	139.0	-1.0	101.0	-1.0	-1.0	-1.0	-1.0	101.0	-1.0	-1.0	-1.0	-1.0	99.0	56.0	101.0	-1.0	-1.0	-1.0	102.0	57.0	105.0	-1.0	91.0	58.0	-1.0	116.0	106.0	-1.0	
-1.0	-1.0	-1.0	55.0	-1.0	135.0	-1.0	144.0	137.0	-1.0	135.0	144.0	106.0	-1.0	-1.0	-1.0	-1.0	-1.0	-1.0	-1.0	-1.0	103.0	-1.0	-1.0	135.0	-1.0	-1.0	-1.0	96.0	-1.0	-1.0	-1.0	-1.0	-1.0	96.0	-1.0	-1.0	-1.0	-1.0	-1.0	-1.0	-1.0	49.0	-1.0	-1.0	95.0	-1.0	144.0	-1.0	-1.0	-1.0	-1.0	96.0	-1.0	105.0	-1.0	132.0	-1.0	-1.0	-1.0	-1.0	99.0	-1.0	-1.0	-1.0	-1.0	-1.0	-1.0	-1.0	-1.0	52.0	-1.0	-1.0	-1.0	-1.0	-1.0	-1.0	-1.0	-1.0	-1.0	141.0	-1.0	-1.0	140.0	-1.0	-1.0	-1.0	-1.0	-1.0	102.0	142.0	49.0	-1.0	-1.0	-1.0	-1.0	143.0	-1.0	-1.0	-1.0	132.0	-1.0	-1.0	97.0	-1.0	-1.0	-1.0	-1.0	144.0	-1.0	-1.0	-1.0	-1.0	109.0	-1.0	93.0	111.0	-1.0	-1.0	-1.0	-1.0	-1.0	99.0	-1.0	104.0	-1.0	-1.0	-1.0	-1.0	-1.0	-1.0	-1.0	-1.0	-1.0	-1.0	-1.0	-1.0	-1.0	-1.0	-1.0	145.0	-1.0	112.0	141.0	113.0	-1.0	-1.0	-1.0	142.0	-1.0	

maxX :
107.0	133.0	99.0	109.0	109.0	98.0	139.0	143.0	133.0	127.0	

maxW :
139.0	142.0	145.0	137.0	140.0	149.0	146.0	146.0	141.0	145.0	

minX :
0.0	0.0	0.0	0.0	0.0	0.0	0.0	0.0	0.0	0.0	

minW :
45.0	45.0	45.0	88.0	45.0	45.0	47.0	48.0	45.0	49.0	

moyX :
61.73913043478261	73.3529411764706	58.22222222222222	65.5	67.57142857142857	58.166666666666664	70.875	69.92307692307692	64.72857142857143	83.52777777777777	

moyW :
95.33333333333333	90.1875	102.95652173913044	107.57142857142857	93.5	110.10526315789474	107.37288135593221	87.47619047619048	94.28169014084507	113.60526315789474	

medX :
55.0	96.0	55.0	76.5	57.0	55.5	86.0	55.5	56.5	93.0	

medW :
95.0	90.5	102.0	100.0	94.5	109.0	104.0	91.0	95.0	111.5	

ecartTypeX :
35.01331099838951	36.48519631539634	31.606180048907376	42.86315434029558	35.10741534554912	30.86214869742906	34.50934785367168	28.448229736627358	33.19549084205411	28.702967433806784	

ecartTypeW :
25.871906685738402	30.576172810703437	30.058606900042232	18.11753012855736	33.915335764223244	28.426997428949207	30.69748419277359	32.26618316385932	26.27491874183254	28.30058533306168	

varX :
1225.9319470699434	1331.1695501730103	998.9506172839506	1837.25	1232.530612244898	952.4722222222223	1190.8950892857142	809.3017751479291	1101.9406122448984	823.8603395061727	

varW :
669.3555555555554	934.90234375	903.5198487712664	328.2448979591837	1150.25	808.0941828254848	942.3355357655845	1041.1065759637186	690.3713548899028	800.9231301939059	

covarX :
1281.6561264822135	1414.3676470588234	1057.7124183006536	2449.6666666666665	1437.952380952381	1142.966666666667	1212.5477272727271	841.6738461538463	1117.910766045549	847.3992063492062	

covarW :
692.436781609195	997.2291666666666	944.5889328063242	382.95238095238096	1533.6666666666665	852.9883040935674	958.582700175336	1093.1619047619047	700.2338028169014	822.5697012802277	

coef_variationX :
0.5671170091288441	0.49739241167741594	0.5428542374812335	0.654399302905276	0.5195600579679575	0.5305813529643965	0.4869043788877838	0.4068503702707983	0.5128413946024692	0.3436337970126519	

coef_variationW :
0.2713836365636895	0.3390289431540229	0.2919543744514237	0.16842325484714676	0.3627308637884839	0.2581801869742041	0.2858960643052315	0.36885674819871833	0.27868527497312673	0.24911332931580815	

moy_distances_centre :	127.08571428571429
min_distances_centre :	45.0
max_distances_centre :	187.0
med_distances_centre :	139.0
ecartType_distances_centre :	33.00450597972929
var_distances_centre :	1089.2974149659863
covar_distances_centre :	1094.5093643198907
coef_variation_distances_centre :	0.2597027224124382
capacite_X_temoin : 
1181.0	1300.0	1141.0	770.0	1227.0	0.0	0.0	1168.0	1194.0	0.0	1148.0	1254.0	1181.0	1207.0	664.0	
1108.0	1016.0	1049.0	844.0	0.0	0.0	1306.0	1161.0	1214.0	1155.0	1234.0	0.0	1201.0	1300.0	827.0	
1069.0	1168.0	1267.0	844.0	0.0	1056.0	1016.0	1069.0	0.0	1009.0	0.0	0.0	1082.0	1161.0	844.0	
1056.0	1003.0	0.0	866.0	1161.0	1240.0	1122.0	0.0	0.0	0.0	1181.0	1155.0	1168.0	0.0	752.0	
1108.0	990.0	0.0	836.0	0.0	1293.0	0.0	1287.0	1267.0	1287.0	1293.0	1161.0	1174.0	0.0	783.0	
1254.0	1280.0	1016.0	774.0	0.0	0.0	1161.0	1254.0	990.0	0.0	1009.0	1049.0	0.0	1207.0	840.0	
0.0	0.0	1095.0	712.0	1194.0	0.0	1036.0	996.0	1036.0	1234.0	1247.0	1009.0	1141.0	1003.0	840.0	
1188.0	0.0	0.0	853.0	1254.0	1188.0	1069.0	0.0	1003.0	1003.0	0.0	1056.0	1188.0	1188.0	814.0	
996.0	1141.0	0.0	787.0	1280.0	1313.0	1102.0	1095.0	1135.0	1128.0	1042.0	1016.0	1148.0	1247.0	814.0	
996.0	0.0	0.0	761.0	0.0	0.0	1135.0	1273.0	1016.0	0.0	1069.0	1135.0	1016.0	1148.0	739.0	

capacite_W_temoin : 
651.3	811.0	960.3	561.0	909.0999999999999	0.0	0.0	572.4	1160.2	0.0	1215.4	888.2	1341.3	1024.1	593.2	
536.4	669.8	899.7	462.2	0.0	0.0	818.8	735.3	1120.2	1064.5	1176.2	0.0	1292.3	816.0	707.1	
586.7	885.4	879.0999999999999	644.2	0.0	1004.8	349.8	554.7	0.0	748.7	0.0	0.0	683.5999999999999	1013.3	641.2	
897.8	526.9	0.0	286.8	698.3	1002.0	480.59999999999997	0.0	0.0	0.0	761.3	700.5	1104.4	0.0	625.6	
746.4	600.0	0.0	528.8	0.0	1582.9	0.0	835.0999999999999	1119.1	1062.1	1069.9	488.3	1067.2	0.0	387.9	
1074.2	910.0	1224.8	443.2	0.0	0.0	352.3	468.2	652.0	0.0	370.7	565.7	0.0	1185.1	905.0	
0.0	0.0	766.5	378.6	669.2	0.0	883.8	349.8	943.8	1453.2	1141.1	682.7	1023.3	372.9	610.0	
802.4	0.0	0.0	840.9	1003.2	1181.4	384.7	0.0	1003.9	828.9	0.0	634.8	1177.4	909.4	408.2	
610.8	768.3	0.0	476.1	983.0	1425.9	561.5999999999999	338.5	1107.5	1118.4	904.5999999999999	870.8	1321.4	1017.0999999999999	793.2	
678.8	0.0	0.0	600.3	0.0	0.0	507.5	665.9	863.8	0.0	935.7	481.5	871.8	715.4	444.7	

demande_cumulee_X : 
884.0	879.0	523.0	440.0	686.0	0.0	0.0	946.0	392.0	0.0	277.0	742.0	194.0	545.0	270.0	
904.0	651.0	464.0	635.0	0.0	0.0	879.0	774.0	458.0	437.0	428.0	0.0	269.0	874.0	368.0	
803.0	633.0	768.0	453.0	0.0	368.0	971.0	835.0	0.0	563.0	0.0	0.0	723.0	496.0	456.0	
475.0	777.0	0.0	839.0	811.0	610.0	978.0	0.0	0.0	0.0	774.0	801.0	414.0	0.0	352.0	
694.0	687.0	0.0	558.0	0.0	98.0	0.0	838.0	528.0	611.0	611.0	1021.0	459.0	0.0	630.0	
556.0	754.0	96.0	563.0	0.0	0.0	1157.0	1162.0	635.0	0.0	941.0	798.0	0.0	384.0	187.0	
0.0	0.0	657.0	547.0	883.0	0.0	463.0	945.0	403.0	151.0	480.0	629.0	460.0	931.0	482.0	
742.0	0.0	0.0	268.0	627.0	363.0	1005.0	0.0	300.0	475.0	0.0	738.0	367.0	635.0	650.0	
684.0	715.0	0.0	547.0	681.0	281.0	871.0	1085.0	368.0	348.0	450.0	450.0	171.0	604.0	265.0	
616.0	0.0	0.0	389.0	0.0	0.0	968.0	989.0	457.0	0.0	454.0	994.0	449.0	777.0	516.0	

demande_cumulee_W : 
592.0	518.0	774.0	475.0	814.0	0.0	0.0	557.0	334.0	0.0	163.0	821.0	500.0	832.0	398.0	
496.0	609.0	893.0	436.0	0.0	0.0	768.0	705.0	344.0	771.0	635.0	0.0	323.0	554.0	607.0	
553.0	860.0	875.0	591.0	0.0	615.0	329.0	540.0	0.0	682.0	0.0	0.0	660.0	784.0	580.0	
895.0	463.0	0.0	273.0	698.0	986.0	430.0	0.0	0.0	0.0	728.0	684.0	1060.0	0.0	614.0	
722.0	528.0	0.0	504.0	0.0	262.0	0.0	803.0	814.0	1018.0	610.0	468.0	644.0	0.0	362.0	
1043.0	809.0	1201.0	252.0	0.0	0.0	335.0	365.0	651.0	0.0	305.0	543.0	0.0	837.0	892.0	
0.0	0.0	736.0	323.0	666.0	0.0	842.0	257.0	700.0	916.0	654.0	616.0	399.0	345.0	577.0	
637.0	0.0	0.0	793.0	800.0	414.0	355.0	0.0	630.0	676.0	0.0	589.0	303.0	620.0	353.0	
549.0	768.0	0.0	455.0	912.0	345.0	530.0	315.0	337.0	566.0	244.0	870.0	570.0	353.0	706.0	
664.0	0.0	0.0	573.0	0.0	0.0	477.0	628.0	842.0	0.0	935.0	479.0	870.0	708.0	433.0	

capacite_residuelle_X : 
297.0	421.0	618.0	330.0	541.0	0.0	0.0	222.0	802.0	0.0	871.0	512.0	987.0	662.0	394.0	
204.0	365.0	585.0	209.0	0.0	0.0	427.0	387.0	756.0	718.0	806.0	0.0	932.0	426.0	459.0	
266.0	535.0	499.0	391.0	0.0	688.0	45.0	234.0	0.0	446.0	0.0	0.0	359.0	665.0	388.0	
581.0	226.0	0.0	27.0	350.0	630.0	144.0	0.0	0.0	0.0	407.0	354.0	754.0	0.0	400.0	
414.0	303.0	0.0	278.0	0.0	1195.0	0.0	449.0	739.0	676.0	682.0	140.0	715.0	0.0	153.0	
698.0	526.0	920.0	211.0	0.0	0.0	4.0	92.0	355.0	0.0	68.0	251.0	0.0	823.0	653.0	
0.0	0.0	438.0	165.0	311.0	0.0	573.0	51.0	633.0	1083.0	767.0	380.0	681.0	72.0	358.0	
446.0	0.0	0.0	585.0	627.0	825.0	64.0	0.0	703.0	528.0	0.0	318.0	821.0	553.0	164.0	
312.0	426.0	0.0	240.0	599.0	1032.0	231.0	10.0	767.0	780.0	592.0	566.0	977.0	643.0	549.0	
380.0	0.0	0.0	372.0	0.0	0.0	167.0	284.0	559.0	0.0	615.0	141.0	567.0	371.0	223.0	

capacite_residuelle_W : 
59.299999999999955	293.0	186.29999999999995	86.0	95.09999999999991	0.0	0.0	15.399999999999977	826.2	0.0	1052.4	67.20000000000005	841.3	192.0999999999999	195.20000000000005	
40.39999999999998	60.799999999999955	6.7000000000000455	26.19999999999999	0.0	0.0	50.799999999999955	30.299999999999955	776.2	293.5	541.2	0.0	969.3	262.0	100.10000000000002	
33.700000000000045	25.399999999999977	4.099999999999909	53.200000000000045	0.0	389.79999999999995	20.80000000000001	14.700000000000045	0.0	66.70000000000005	0.0	0.0	23.59999999999991	229.29999999999995	61.200000000000045	
2.7999999999999545	63.89999999999998	0.0	13.800000000000011	0.2999999999999545	16.0	50.599999999999966	0.0	0.0	0.0	33.299999999999955	16.5	44.40000000000009	0.0	11.600000000000023	
24.399999999999977	72.0	0.0	24.799999999999955	0.0	1320.9	0.0	32.09999999999991	305.0999999999999	44.09999999999991	459.9000000000001	20.30000000000001	423.20000000000005	0.0	25.899999999999977	
31.200000000000045	101.0	23.799999999999955	191.2	0.0	0.0	17.30000000000001	103.19999999999999	1.0	0.0	65.69999999999999	22.700000000000045	0.0	348.0999999999999	13.0	
0.0	0.0	30.5	55.60000000000002	3.2000000000000455	0.0	41.799999999999955	92.80000000000001	243.79999999999995	537.2	487.0999999999999	66.70000000000005	624.3	27.899999999999977	33.0	
165.39999999999998	0.0	0.0	47.89999999999998	203.20000000000005	767.4000000000001	29.69999999999999	0.0	373.9	152.89999999999998	0.0	45.799999999999955	874.4000000000001	289.4	55.19999999999999	
61.799999999999955	0.2999999999999545	0.0	21.100000000000023	71.0	1080.9	31.59999999999991	23.5	770.5	552.4000000000001	660.5999999999999	0.7999999999999545	751.4000000000001	664.0999999999999	87.20000000000005	
14.799999999999955	0.0	0.0	27.299999999999955	0.0	0.0	30.5	37.89999999999998	21.799999999999955	0.0	0.7000000000000455	2.5	1.7999999999999545	7.399999999999977	11.699999999999989	

min_capacite_X : 
0.0	0.0	0.0	0.0	0.0	0.0	0.0	0.0	0.0	0.0	

min_capacite_W : 
0.0	0.0	0.0	0.0	0.0	0.0	0.0	0.0	0.0	0.0	

max_capacite_X : 
1300.0	1306.0	1267.0	1240.0	1293.0	1280.0	1247.0	1254.0	1313.0	1273.0	

max_capacite_W : 
1341.3	1292.3	1013.3	1104.4	1582.9	1224.8	1453.2	1181.4	1425.9	935.7	

moy_capacite_X : 
895.6666666666666	894.3333333333334	772.3333333333334	713.6	831.9333333333333	788.9333333333333	836.2	786.9333333333333	1016.2666666666667	685.8666666666667	

moy_capacite_W : 
712.5000000000001	686.5666666666667	532.7666666666667	472.28000000000003	632.5133333333332	543.4133333333333	618.3266666666666	611.6800000000001	819.8133333333334	451.02666666666664	

med_capacite_X : 
1168.0	1108.0	1016.0	1003.0	1108.0	1009.0	1009.0	1003.0	1102.0	996.0	

med_capacite_W : 
811.0	735.3	641.2	526.9	600.0	468.2	669.2	802.4	870.8	507.5	

ecartType_capacite_X : 
477.8127480742035	467.3071319331169	477.2381189953525	518.6935897039792	524.4663912545356	495.8144097229213	439.02106251674684	489.1523916145379	306.7282112156551	502.2096330772196	

ecartType_capacite_W : 
421.8991806897315	408.84219232146563	361.82922613974796	385.0673208674037	479.69132000578134	424.14216777973024	422.39537634253946	429.4609290727156	365.3132041899876	345.81791445145745	

var_capacite_X : 
228305.02222222227	218375.95555555556	227756.22222222228	269043.04	275064.99555555556	245831.92888888888	192739.49333333332	239270.06222222224	94082.19555555555	252214.51555555555	

var_capacite_W : 
177998.91866666672	167151.9382222223	130920.38888888886	148276.8416	230103.7624888889	179896.57848888886	178417.85395555556	184436.68960000004	133453.73715555554	119590.02995555555	

covar_capacite_X : 
244612.52380952385	233974.2380952381	244024.52380952385	288260.39999999997	294712.49523809523	263391.35238095233	206506.59999999995	256360.78095238097	100802.35238095238	270229.838095238	

covar_capacite_W : 
190713.12714285718	179091.36238095243	140271.8452380952	158868.0445714286	246539.7455238095	192746.33409523807	191161.98638095235	197610.73885714286	142986.14695238098	128132.17495238096	

##########	##########	##########	##########	##########	##########	##########	##########	##########	##########	##########	##########	##########	##########	##########	##########	##########	##########	##########	##########	##########	##########	##########	##########	##########	##########	##########	##########	##########	##########	##########	##########	##########	##########	##########	##########	##########	##########	##########	##########	##########	##########	##########	##########	##########	##########	##########	##########	##########	##########	##########	##########	##########	##########	##########	##########	##########	##########	##########	##########	##########	##########	##########	##########	##########	##########	##########	##########	##########	##########	##########	##########	##########	##########	##########	##########	##########	##########	##########	##########	##########	##########	##########	##########	##########	##########	##########	##########	##########	##########	##########	##########	##########	##########	##########	##########	##########	##########	##########	##########	##########	##########	##########	##########	##########	##########	##########	##########	##########	##########	##########	##########	##########	##########	##########	##########	##########	##########	##########	##########	##########	##########	##########	##########	##########	##########	##########	##########	##########	##########	##########	##########	##########	##########	##########	##########	##########	##########	##########	##########	##########	##########	##########	##########	##########	##########	##########	##########	##########	##########	