nombre de noeuds : 35
nombre de strates : 3
nombre de centres : 7
titre : fenetre
instances : alea35_7_1
temps de calcul : 0.018409013748168945
valeur objective : 210.0
nombre de solutions : 2
nombre de noeuds : 0.0
faisability : True
centre : [2, 33, 20, 32, 10, 9, 34]
moy_distances :	32.56
min_distances :	10.0
max_distances :	58.0
var_distances :	95.7218670997811
covar_distances :	95.80237329582798
ecartType_distances :	9.78375526573417
coef_variation	: 0.3004714763658424
distances_centre_x :
-1.0	21.0	0.0	16.0	-1.0	-1.0	-1.0	-1.0	12.0	0.0	0.0	21.0	25.0	10.0	21.0	22.0	19.0	-1.0	17.0	-1.0	0.0	14.0	12.0	-1.0	-1.0	29.0	15.0	-1.0	13.0	-1.0	29.0	13.0	0.0	0.0	-1.0	
21.0	21.0	-1.0	-1.0	28.0	25.0	25.0	29.0	12.0	-1.0	0.0	21.0	-1.0	10.0	-1.0	22.0	19.0	-1.0	17.0	27.0	0.0	14.0	-1.0	31.0	30.0	29.0	-1.0	17.0	-1.0	13.0	29.0	13.0	0.0	0.0	0.0	
-1.0	21.0	0.0	-1.0	-1.0	25.0	25.0	29.0	12.0	-1.0	-1.0	21.0	-1.0	10.0	21.0	-1.0	19.0	20.0	17.0	27.0	0.0	14.0	-1.0	31.0	-1.0	29.0	15.0	-1.0	13.0	13.0	-1.0	13.0	0.0	-1.0	0.0	

distances_centre_w :
-1.0	30.0	17.0	20.0	-1.0	-1.0	-1.0	-1.0	29.0	17.0	27.0	39.0	29.0	24.0	29.0	24.0	26.0	-1.0	18.0	-1.0	31.0	33.0	25.0	-1.0	-1.0	35.0	28.0	-1.0	29.0	-1.0	31.0	24.0	28.0	29.0	-1.0	
33.0	30.0	-1.0	-1.0	41.0	28.0	29.0	33.0	29.0	-1.0	27.0	39.0	-1.0	24.0	-1.0	24.0	26.0	-1.0	18.0	40.0	31.0	33.0	-1.0	32.0	36.0	35.0	-1.0	31.0	-1.0	24.0	31.0	24.0	28.0	29.0	29.0	
-1.0	30.0	17.0	-1.0	-1.0	28.0	29.0	33.0	29.0	-1.0	-1.0	39.0	-1.0	24.0	29.0	-1.0	26.0	30.0	18.0	27.0	31.0	33.0	-1.0	32.0	-1.0	35.0	28.0	-1.0	29.0	24.0	-1.0	24.0	28.0	-1.0	29.0	

maxX :
29.0	31.0	31.0	

maxW :
39.0	41.0	39.0	

minX :
0.0	0.0	0.0	

minW :
17.0	18.0	17.0	

moyX :
13.434782608695652	17.423076923076923	16.304347826086957	

moyW :
27.043478260869566	30.153846153846153	28.347826086956523	

medX :
14.0	20.0	17.0	

medW :
28.0	29.5	29.0	

ecartTypeX :
9.361466286842973	10.337285303967443	9.447496942985092	

ecartTypeW :
5.393057218551541	5.267405635621536	4.79681683993054	

varX :
87.63705103969754	106.85946745562129	89.25519848771265	

varW :
29.085066162570886	27.745562130177518	23.00945179584121	

covarX :
91.6205533596838	111.13384615384615	93.31225296442686	

covarW :
30.407114624505923	28.85538461538462	24.055335968379445	

coef_variationX :
0.6968081702180853	0.5933099732961447	0.5794464791697523	

coef_variationW :
0.1994217299464396	0.17468437056908157	0.16921286398527977	

moy_distances_centre :	30.714285714285715
min_distances_centre :	11.0
max_distances_centre :	43.0
med_distances_centre :	32.0
ecartType_distances_centre :	9.310224063299632
var_distances_centre :	86.68027210884352
covar_distances_centre :	88.794425087108
coef_variation_distances_centre :	0.3031235741539415
capacite_X_temoin : 
33.0	31.0	34.0	30.0	29.0	33.0	29.0	
31.0	29.0	30.0	29.0	32.0	26.0	31.0	
30.0	32.0	28.0	34.0	32.0	34.0	32.0	

capacite_W_temoin : 
36.9	39.3	41.2	35.0	34.7	39.9	34.7	
38.3	35.7	32.0	34.7	38.6	29.8	35.3	
33.0	39.6	34.4	42.2	39.6	40.2	36.6	

demande_cumulee_X : 
6.0	1.0	3.0	4.0	3.0	3.0	3.0	
2.0	2.0	7.0	3.0	3.0	4.0	5.0	
6.0	2.0	2.0	2.0	2.0	4.0	5.0	

demande_cumulee_W : 
9.0	6.0	2.0	1.0	3.0	1.0	1.0	
9.0	5.0	3.0	3.0	2.0	2.0	2.0	
7.0	6.0	4.0	3.0	2.0	0.0	1.0	

capacite_residuelle_X : 
27.0	30.0	31.0	26.0	26.0	30.0	26.0	
29.0	27.0	23.0	26.0	29.0	22.0	26.0	
24.0	30.0	26.0	32.0	30.0	30.0	27.0	

capacite_residuelle_W : 
27.9	33.3	39.2	34.0	31.700000000000003	38.9	33.7	
29.299999999999997	30.700000000000003	29.0	31.700000000000003	36.6	27.8	33.3	
26.0	33.6	30.4	39.2	37.6	40.2	35.6	

min_capacite_X : 
29.0	26.0	28.0	

min_capacite_W : 
34.7	29.8	33.0	

max_capacite_X : 
34.0	32.0	34.0	

max_capacite_W : 
41.2	38.6	42.2	

moy_capacite_X : 
31.285714285714285	29.714285714285715	31.714285714285715	

moy_capacite_W : 
37.385714285714286	34.91428571428571	37.94285714285714	

med_capacite_X : 
31.0	30.0	32.0	

med_capacite_W : 
36.9	35.3	39.6	

ecartType_capacite_X : 
1.9059520091609048	1.8294640678379568	1.979486637221574	

ecartType_capacite_W : 
2.5323216741212966	2.9400819091741406	3.105229295815664	

var_capacite_X : 
3.6326530612244894	3.346938775510204	3.9183673469387754	

var_capacite_W : 
6.4126530612244865	8.644081632653059	9.642448979591844	

covar_capacite_X : 
4.238095238095237	3.904761904761904	4.571428571428571	

covar_capacite_W : 
7.481428571428567	10.084761904761901	11.249523809523817	

##########	##########	##########	##########	##########	##########	##########	##########	##########	##########	##########	##########	##########	##########	##########	##########	##########	##########	##########	##########	##########	##########	##########	##########	##########	##########	##########	##########	##########	##########	##########	##########	##########	##########	##########	nombre de noeuds : 35
nombre de strates : 3
nombre de centres : 7
titre : fenetre
instances : alea35_7_1
temps de calcul : 0.01675105094909668
valeur objective : 211.0
nombre de solutions : 2
nombre de noeuds : 0.0
faisability : True
centre : [33, 20, 32, 10, 9, 34, 0]
moy_distances :	32.56
min_distances :	10.0
max_distances :	58.0
var_distances :	95.7218670997811
covar_distances :	95.80237329582798
ecartType_distances :	9.78375526573417
coef_variation	: 0.3004714763658424
distances_centre_x :
-1.0	21.0	17.0	20.0	-1.0	-1.0	-1.0	-1.0	25.0	0.0	0.0	21.0	25.0	10.0	12.0	22.0	19.0	-1.0	17.0	-1.0	0.0	14.0	22.0	-1.0	-1.0	29.0	17.0	-1.0	13.0	-1.0	23.0	13.0	0.0	0.0	-1.0	
0.0	21.0	-1.0	-1.0	10.0	25.0	23.0	13.0	25.0	-1.0	0.0	21.0	-1.0	10.0	-1.0	22.0	19.0	-1.0	17.0	27.0	0.0	14.0	-1.0	27.0	36.0	29.0	-1.0	17.0	-1.0	13.0	23.0	13.0	0.0	0.0	0.0	
-1.0	21.0	17.0	-1.0	-1.0	25.0	23.0	13.0	25.0	-1.0	-1.0	21.0	-1.0	10.0	12.0	-1.0	19.0	25.0	17.0	27.0	0.0	14.0	-1.0	27.0	-1.0	29.0	17.0	-1.0	13.0	13.0	-1.0	13.0	0.0	-1.0	0.0	

distances_centre_w :
-1.0	34.0	27.0	23.0	-1.0	-1.0	-1.0	-1.0	29.0	14.0	21.0	39.0	28.0	24.0	29.0	27.0	29.0	-1.0	29.0	-1.0	31.0	33.0	25.0	-1.0	-1.0	39.0	28.0	-1.0	20.0	-1.0	29.0	24.0	11.0	29.0	-1.0	
35.0	34.0	-1.0	-1.0	28.0	29.0	33.0	34.0	29.0	-1.0	21.0	39.0	-1.0	31.0	-1.0	27.0	29.0	-1.0	29.0	34.0	31.0	33.0	-1.0	32.0	37.0	39.0	-1.0	21.0	-1.0	22.0	33.0	24.0	11.0	33.0	29.0	
-1.0	34.0	27.0	-1.0	-1.0	29.0	29.0	29.0	29.0	-1.0	-1.0	39.0	-1.0	24.0	29.0	-1.0	29.0	27.0	29.0	34.0	31.0	33.0	-1.0	31.0	-1.0	39.0	28.0	-1.0	20.0	22.0	-1.0	24.0	11.0	-1.0	29.0	

maxX :
29.0	36.0	29.0	

maxW :
39.0	39.0	39.0	

minX :
0.0	0.0	0.0	

minW :
11.0	11.0	11.0	

moyX :
14.782608695652174	15.576923076923077	16.565217391304348	

moyW :
27.043478260869566	29.884615384615383	28.52173913043478	

medX :
17.0	17.0	17.0	

medW :
28.0	31.0	29.0	

ecartTypeX :
8.96833328385822	10.38183723522471	8.386459516006177	

ecartTypeW :
6.470523538186308	6.097458001728281	5.829979231951906	

varX :
80.43100189035917	107.78254437869825	70.33270321361057	

varW :
41.86767485822306	37.17899408284024	33.98865784499054	

covarX :
84.08695652173911	112.09384615384617	73.5296442687747	

covarW :
43.77075098814229	38.66615384615385	35.533596837944664	

coef_variationX :
0.6066813692021737	0.6664883163354135	0.5062692096276694	

coef_variationW :
0.2392637321194294	0.20403334368717543	0.20440475965685037	

moy_distances_centre :	33.42857142857143
min_distances_centre :	11.0
max_distances_centre :	47.0
med_distances_centre :	35.0
ecartType_distances_centre :	10.440632295081004
var_distances_centre :	109.00680272108845
covar_distances_centre :	111.66550522648087
coef_variation_distances_centre :	0.3123266071178078
capacite_X_temoin : 
27.0	31.0	34.0	30.0	29.0	33.0	29.0	
34.0	29.0	30.0	29.0	32.0	26.0	31.0	
30.0	32.0	28.0	34.0	32.0	34.0	32.0	

capacite_W_temoin : 
33.1	38.3	41.2	36.0	32.7	38.9	33.7	
38.2	35.7	34.0	35.7	37.6	30.8	36.3	
34.0	38.6	34.4	42.2	37.6	41.2	37.6	

demande_cumulee_X : 
2.0	2.0	3.0	3.0	5.0	4.0	4.0	
6.0	2.0	5.0	2.0	4.0	3.0	4.0	
5.0	3.0	2.0	2.0	4.0	3.0	4.0	

demande_cumulee_W : 
5.0	9.0	3.0	2.0	2.0	0.0	2.0	
8.0	8.0	5.0	1.0	4.0	0.0	0.0	
4.0	9.0	2.0	2.0	3.0	2.0	1.0	

capacite_residuelle_X : 
25.0	29.0	31.0	27.0	24.0	29.0	25.0	
28.0	27.0	25.0	27.0	28.0	23.0	27.0	
25.0	29.0	26.0	32.0	28.0	31.0	28.0	

capacite_residuelle_W : 
28.1	29.299999999999997	38.2	34.0	30.700000000000003	38.9	31.700000000000003	
30.200000000000003	27.700000000000003	29.0	34.7	33.6	30.8	36.3	
30.0	29.6	32.4	40.2	34.6	39.2	36.6	

min_capacite_X : 
27.0	26.0	28.0	

min_capacite_W : 
32.7	30.8	34.0	

max_capacite_X : 
34.0	34.0	34.0	

max_capacite_W : 
41.2	38.2	42.2	

moy_capacite_X : 
30.428571428571427	30.142857142857142	31.714285714285715	

moy_capacite_W : 
36.27142857142858	35.471428571428575	37.94285714285714	

med_capacite_X : 
30.0	30.0	32.0	

med_capacite_W : 
36.0	35.7	37.6	

ecartType_capacite_X : 
2.2587697572631282	2.356060357495806	1.979486637221574	

ecartType_capacite_W : 
3.042890677212933	2.2914214463729627	2.865986313822942	

var_capacite_X : 
5.1020408163265305	5.551020408163266	3.9183673469387754	

var_capacite_W : 
9.259183673469382	5.250612244897961	8.213877551020415	

covar_capacite_X : 
5.9523809523809526	6.476190476190476	4.571428571428571	

covar_capacite_W : 
10.802380952380945	6.125714285714288	9.58285714285715	

##########	##########	##########	##########	##########	##########	##########	##########	##########	##########	##########	##########	##########	##########	##########	##########	##########	##########	##########	##########	##########	##########	##########	##########	##########	##########	##########	##########	##########	##########	##########	##########	##########	##########	##########	nombre de noeuds : 35
nombre de strates : 3
nombre de centres : 7
titre : fenetre
instances : alea35_7_1
temps de calcul : 0.016384124755859375
valeur objective : 216.0
nombre de solutions : 2
nombre de noeuds : 0.0
faisability : True
centre : [20, 32, 10, 9, 34, 0, 27]
moy_distances :	32.56
min_distances :	10.0
max_distances :	58.0
var_distances :	95.7218670997811
covar_distances :	95.80237329582798
ecartType_distances :	9.78375526573417
coef_variation	: 0.3004714763658424
distances_centre_x :
-1.0	21.0	17.0	20.0	-1.0	-1.0	-1.0	-1.0	25.0	0.0	0.0	21.0	25.0	10.0	12.0	22.0	19.0	-1.0	17.0	-1.0	0.0	33.0	22.0	-1.0	-1.0	12.0	21.0	-1.0	20.0	-1.0	21.0	13.0	0.0	29.0	-1.0	
0.0	21.0	-1.0	-1.0	10.0	16.0	23.0	13.0	25.0	-1.0	0.0	21.0	-1.0	10.0	-1.0	22.0	19.0	-1.0	17.0	27.0	0.0	33.0	-1.0	27.0	23.0	12.0	-1.0	0.0	-1.0	13.0	21.0	13.0	0.0	29.0	0.0	
-1.0	21.0	17.0	-1.0	-1.0	16.0	23.0	13.0	25.0	-1.0	-1.0	21.0	-1.0	10.0	12.0	-1.0	19.0	25.0	17.0	27.0	0.0	33.0	-1.0	27.0	-1.0	12.0	21.0	-1.0	20.0	13.0	-1.0	13.0	0.0	-1.0	0.0	

distances_centre_w :
-1.0	32.0	33.0	31.0	-1.0	-1.0	-1.0	-1.0	29.0	14.0	21.0	39.0	33.0	31.0	29.0	27.0	29.0	-1.0	29.0	-1.0	31.0	36.0	25.0	-1.0	-1.0	29.0	28.0	-1.0	31.0	-1.0	23.0	24.0	11.0	33.0	-1.0	
21.0	32.0	-1.0	-1.0	28.0	29.0	33.0	30.0	29.0	-1.0	21.0	39.0	-1.0	31.0	-1.0	27.0	29.0	-1.0	29.0	27.0	31.0	36.0	-1.0	32.0	37.0	29.0	-1.0	21.0	-1.0	22.0	23.0	24.0	11.0	33.0	29.0	
-1.0	32.0	33.0	-1.0	-1.0	29.0	33.0	30.0	29.0	-1.0	-1.0	39.0	-1.0	31.0	29.0	-1.0	29.0	30.0	29.0	27.0	31.0	36.0	-1.0	32.0	-1.0	29.0	28.0	-1.0	31.0	22.0	-1.0	24.0	11.0	-1.0	29.0	

maxX :
33.0	33.0	33.0	

maxW :
39.0	39.0	39.0	

minX :
0.0	0.0	0.0	

minW :
11.0	11.0	11.0	

moyX :
16.52173913043478	15.192307692307692	16.73913043478261	

moyW :
28.17391304347826	28.192307692307693	29.26086956521739	

medX :
20.0	16.5	17.0	

medW :
29.0	29.0	29.0	

ecartTypeX :
9.1597871876617	10.065245729619974	8.583185743342964	

ecartTypeW :
6.259963702582944	5.850833147570529	5.1686125571177675	

varX :
83.90170132325142	101.30917159763314	73.6710775047259	

varW :
39.18714555765596	34.23224852071006	26.714555765595467	

covarX :
87.71541501976283	105.36153846153846	77.01976284584983	

covarW :
40.96837944664033	35.60153846153846	27.928853754940715	

coef_variationX :
0.5544081718847871	0.6625225037218211	0.512761745706203	

coef_variationW :
0.222190069690444	0.20753296294247442	0.1766390621303249	

moy_distances_centre :	32.857142857142854
min_distances_centre :	11.0
max_distances_centre :	49.0
med_distances_centre :	35.0
ecartType_distances_centre :	11.917516976465935
var_distances_centre :	142.02721088435374
covar_distances_centre :	145.49128919860627
coef_variation_distances_centre :	0.36270703841418067
capacite_X_temoin : 
27.0	31.0	34.0	30.0	33.0	29.0	29.0	
34.0	29.0	30.0	29.0	31.0	32.0	31.0	
30.0	32.0	28.0	34.0	26.0	32.0	32.0	

capacite_W_temoin : 
33.1	37.3	41.2	36.0	40.9	32.7	32.7	
38.2	36.7	37.0	35.7	34.3	37.6	35.3	
34.0	38.6	34.4	42.2	30.8	37.6	37.6	

demande_cumulee_X : 
2.0	3.0	3.0	3.0	2.0	5.0	5.0	
6.0	1.0	2.0	2.0	6.0	4.0	5.0	
5.0	3.0	2.0	2.0	3.0	4.0	4.0	

demande_cumulee_W : 
8.0	9.0	1.0	0.0	2.0	3.0	0.0	
9.0	5.0	6.0	0.0	3.0	3.0	0.0	
6.0	6.0	5.0	0.0	3.0	3.0	0.0	

capacite_residuelle_X : 
25.0	28.0	31.0	27.0	31.0	24.0	24.0	
28.0	28.0	28.0	27.0	25.0	28.0	26.0	
25.0	29.0	26.0	32.0	23.0	28.0	28.0	

capacite_residuelle_W : 
25.1	28.299999999999997	40.2	36.0	38.9	29.700000000000003	32.7	
29.200000000000003	31.700000000000003	31.0	35.7	31.299999999999997	34.6	35.3	
28.0	32.6	29.4	42.2	27.8	34.6	37.6	

min_capacite_X : 
27.0	29.0	26.0	

min_capacite_W : 
32.7	34.3	30.8	

max_capacite_X : 
34.0	34.0	34.0	

max_capacite_W : 
41.2	38.2	42.2	

moy_capacite_X : 
30.428571428571427	30.857142857142858	30.571428571428573	

moy_capacite_W : 
36.27142857142858	36.4	36.457142857142856	

med_capacite_X : 
30.0	31.0	32.0	

med_capacite_W : 
36.0	36.7	37.6	

ecartType_capacite_X : 
2.2587697572631282	1.6413036132965795	2.5555062599997598	

ecartType_capacite_W : 
3.4312489544996727	1.267167820659241	3.4321409989589147	

var_capacite_X : 
5.1020408163265305	2.6938775510204076	6.53061224489796	

var_capacite_W : 
11.773469387755098	1.60571428571429	11.779591836734697	

covar_capacite_X : 
5.9523809523809526	3.1428571428571423	7.61904761904762	

covar_capacite_W : 
13.73571428571428	1.8733333333333384	13.742857142857147	

##########	##########	##########	##########	##########	##########	##########	##########	##########	##########	##########	##########	##########	##########	##########	##########	##########	##########	##########	##########	##########	##########	##########	##########	##########	##########	##########	##########	##########	##########	##########	##########	##########	##########	##########	nombre de noeuds : 35
nombre de strates : 3
nombre de centres : 7
titre : fenetre
instances : alea35_7_1
temps de calcul : 0.015160799026489258
valeur objective : 225.0
nombre de solutions : 2
nombre de noeuds : 0.0
faisability : True
centre : [32, 10, 9, 34, 0, 27, 3]
moy_distances :	32.56
min_distances :	10.0
max_distances :	58.0
var_distances :	95.7218670997811
covar_distances :	95.80237329582798
ecartType_distances :	9.78375526573417
coef_variation	: 0.3004714763658424
distances_centre_x :
-1.0	16.0	16.0	0.0	-1.0	-1.0	-1.0	-1.0	25.0	0.0	0.0	21.0	27.0	10.0	12.0	22.0	23.0	-1.0	17.0	-1.0	31.0	33.0	22.0	-1.0	-1.0	12.0	21.0	-1.0	20.0	-1.0	21.0	13.0	0.0	29.0	-1.0	
0.0	16.0	-1.0	-1.0	10.0	16.0	23.0	13.0	25.0	-1.0	0.0	21.0	-1.0	10.0	-1.0	22.0	23.0	-1.0	17.0	14.0	31.0	33.0	-1.0	27.0	17.0	12.0	-1.0	0.0	-1.0	13.0	21.0	13.0	0.0	29.0	0.0	
-1.0	16.0	16.0	-1.0	-1.0	16.0	23.0	13.0	25.0	-1.0	-1.0	21.0	-1.0	10.0	12.0	-1.0	23.0	25.0	17.0	14.0	31.0	33.0	-1.0	27.0	-1.0	12.0	21.0	-1.0	20.0	13.0	-1.0	13.0	0.0	-1.0	0.0	

distances_centre_w :
-1.0	32.0	33.0	31.0	-1.0	-1.0	-1.0	-1.0	28.0	31.0	21.0	38.0	33.0	31.0	27.0	27.0	29.0	-1.0	29.0	-1.0	42.0	36.0	28.0	-1.0	-1.0	29.0	24.0	-1.0	31.0	-1.0	23.0	33.0	20.0	33.0	-1.0	
21.0	32.0	-1.0	-1.0	28.0	29.0	33.0	30.0	28.0	-1.0	21.0	38.0	-1.0	31.0	-1.0	27.0	29.0	-1.0	29.0	27.0	42.0	36.0	-1.0	32.0	23.0	29.0	-1.0	21.0	-1.0	22.0	23.0	33.0	20.0	33.0	23.0	
-1.0	32.0	33.0	-1.0	-1.0	29.0	33.0	30.0	28.0	-1.0	-1.0	38.0	-1.0	31.0	27.0	-1.0	29.0	30.0	29.0	27.0	42.0	36.0	-1.0	32.0	-1.0	29.0	24.0	-1.0	31.0	22.0	-1.0	33.0	20.0	-1.0	23.0	

maxX :
33.0	33.0	33.0	

maxW :
42.0	42.0	42.0	

minX :
0.0	0.0	0.0	

minW :
20.0	20.0	20.0	

moyX :
17.0	15.615384615384615	17.434782608695652	

moyW :
29.956521739130434	28.46153846153846	29.91304347826087	

medX :
20.0	16.0	16.0	

medW :
31.0	29.0	30.0	

ecartTypeX :
9.72670014198926	9.739202791087019	8.144489131530019	

ecartTypeW :
5.034474722132219	5.555529257005474	4.915928356557416	

varX :
94.6086956521739	94.85207100591718	66.3327032136106	

varW :
25.345935727788284	30.86390532544379	24.166351606805293	

covarX :
98.9090909090909	98.64615384615384	69.34782608695653	

covarW :
26.498023715415023	32.098461538461535	25.26482213438735	

coef_variationX :
0.5721588318817212	0.6236927895770012	0.4671402743770335	

coef_variationW :
0.1680593884020915	0.1951942711920842	0.16434062819886708	

moy_distances_centre :	30.19047619047619
min_distances_centre :	11.0
max_distances_centre :	49.0
med_distances_centre :	31.0
ecartType_distances_centre :	11.206371689351968
var_distances_centre :	125.58276643990928
covar_distances_centre :	128.64576074332174
coef_variation_distances_centre :	0.3711889676283775
capacite_X_temoin : 
27.0	27.0	31.0	34.0	33.0	29.0	29.0	
34.0	33.0	29.0	30.0	31.0	32.0	31.0	
30.0	28.0	32.0	28.0	26.0	32.0	32.0	

capacite_W_temoin : 
33.1	32.1	37.3	41.2	40.9	32.7	32.7	
38.2	39.9	35.7	37.0	36.3	36.6	36.3	
34.0	33.4	38.6	34.4	31.8	36.6	38.6	

demande_cumulee_X : 
2.0	3.0	3.0	3.0	2.0	5.0	5.0	
6.0	3.0	2.0	2.0	4.0	5.0	4.0	
5.0	3.0	3.0	2.0	2.0	5.0	3.0	

demande_cumulee_W : 
8.0	8.0	4.0	0.0	2.0	1.0	0.0	
9.0	5.0	2.0	6.0	4.0	0.0	0.0	
6.0	7.0	1.0	5.0	3.0	1.0	0.0	

capacite_residuelle_X : 
25.0	24.0	28.0	31.0	31.0	24.0	24.0	
28.0	30.0	27.0	28.0	27.0	27.0	27.0	
25.0	25.0	29.0	26.0	24.0	27.0	29.0	

capacite_residuelle_W : 
25.1	24.1	33.3	41.2	38.9	31.700000000000003	32.7	
29.200000000000003	34.9	33.7	31.0	32.3	36.6	36.3	
28.0	26.4	37.6	29.4	28.8	35.6	38.6	

min_capacite_X : 
27.0	29.0	26.0	

min_capacite_W : 
32.1	35.7	31.8	

max_capacite_X : 
34.0	34.0	32.0	

max_capacite_W : 
41.2	39.9	38.6	

moy_capacite_X : 
30.0	31.428571428571427	29.714285714285715	

moy_capacite_W : 
35.714285714285715	37.142857142857146	35.34285714285714	

med_capacite_X : 
29.0	31.0	30.0	

med_capacite_W : 
33.1	36.6	34.4	

ecartType_capacite_X : 
2.5634797778466227	1.5907898179514348	2.249716535431946	

ecartType_capacite_W : 
3.7334122926538353	1.338290106129185	2.444151703765626	

var_capacite_X : 
6.571428571428571	2.530612244897959	5.061224489795919	

var_capacite_W : 
13.938367346938767	1.7910204081632652	5.973877551020412	

covar_capacite_X : 
7.666666666666666	2.9523809523809517	5.904761904761905	

covar_capacite_W : 
16.26142857142856	2.0895238095238096	6.969523809523814	

##########	##########	##########	##########	##########	##########	##########	##########	##########	##########	##########	##########	##########	##########	##########	##########	##########	##########	##########	##########	##########	##########	##########	##########	##########	##########	##########	##########	##########	##########	##########	##########	##########	##########	##########	nombre de noeuds : 35
nombre de strates : 3
nombre de centres : 7
titre : fenetre
instances : alea35_7_1
temps de calcul : 0.014877796173095703
valeur objective : 231.0
nombre de solutions : 2
nombre de noeuds : 0.0
faisability : True
centre : [10, 9, 34, 0, 27, 3, 25]
moy_distances :	32.56
min_distances :	10.0
max_distances :	58.0
var_distances :	95.7218670997811
covar_distances :	95.80237329582798
ecartType_distances :	9.78375526573417
coef_variation	: 0.3004714763658424
distances_centre_x :
-1.0	16.0	16.0	0.0	-1.0	-1.0	-1.0	-1.0	28.0	0.0	0.0	21.0	26.0	10.0	12.0	24.0	16.0	-1.0	17.0	-1.0	35.0	33.0	22.0	-1.0	-1.0	0.0	21.0	-1.0	20.0	-1.0	21.0	24.0	11.0	29.0	-1.0	
0.0	16.0	-1.0	-1.0	10.0	16.0	23.0	13.0	28.0	-1.0	0.0	21.0	-1.0	10.0	-1.0	24.0	16.0	-1.0	17.0	14.0	35.0	33.0	-1.0	27.0	17.0	0.0	-1.0	0.0	-1.0	13.0	21.0	24.0	11.0	29.0	0.0	
-1.0	16.0	16.0	-1.0	-1.0	16.0	23.0	13.0	28.0	-1.0	-1.0	21.0	-1.0	10.0	12.0	-1.0	16.0	29.0	17.0	14.0	35.0	33.0	-1.0	27.0	-1.0	0.0	21.0	-1.0	20.0	13.0	-1.0	24.0	11.0	-1.0	0.0	

distances_centre_w :
-1.0	20.0	33.0	31.0	-1.0	-1.0	-1.0	-1.0	29.0	35.0	21.0	37.0	34.0	31.0	27.0	27.0	29.0	-1.0	29.0	-1.0	42.0	36.0	28.0	-1.0	-1.0	29.0	24.0	-1.0	34.0	-1.0	23.0	33.0	20.0	33.0	-1.0	
35.0	20.0	-1.0	-1.0	28.0	29.0	33.0	34.0	29.0	-1.0	21.0	37.0	-1.0	31.0	-1.0	27.0	29.0	-1.0	29.0	27.0	42.0	36.0	-1.0	32.0	35.0	29.0	-1.0	21.0	-1.0	22.0	23.0	33.0	20.0	33.0	23.0	
-1.0	20.0	33.0	-1.0	-1.0	29.0	33.0	34.0	29.0	-1.0	-1.0	37.0	-1.0	31.0	27.0	-1.0	29.0	30.0	29.0	27.0	42.0	36.0	-1.0	32.0	-1.0	29.0	24.0	-1.0	34.0	22.0	-1.0	33.0	20.0	-1.0	23.0	

maxX :
35.0	35.0	35.0	

maxW :
42.0	42.0	42.0	

minX :
0.0	0.0	0.0	

minW :
20.0	20.0	20.0	

moyX :
17.47826086956522	16.076923076923077	18.043478260869566	

moyW :
29.782608695652176	29.153846153846153	29.695652173913043	

medX :
20.0	16.0	16.0	

medW :
29.0	29.0	29.0	

ecartTypeX :
10.150474673918461	10.212824053508852	8.794653815119062	

ecartTypeW :
5.5400244995466	5.749195981863014	5.368464946240873	

varX :
103.03213610586009	104.30177514792899	77.34593572778827	

varW :
30.691871455576564	33.053254437869825	28.82041587901702	

covarX :
107.71541501976284	108.47384615384615	80.86166007905138	

covarW :
32.08695652173914	34.37538461538462	30.130434782608706	

coef_variationX :
0.5807485509953348	0.6352474291656224	0.4874145487897311	

coef_variationW :
0.18601542115265957	0.19720197299266276	0.18078286056155207	

moy_distances_centre :	31.19047619047619
min_distances_centre :	12.0
max_distances_centre :	49.0
med_distances_centre :	31.0
ecartType_distances_centre :	9.96479062269725
var_distances_centre :	99.29705215419501
covar_distances_centre :	101.71893147502905
coef_variation_distances_centre :	0.31948183675823244
capacite_X_temoin : 
27.0	27.0	31.0	34.0	28.0	33.0	29.0	
34.0	33.0	29.0	30.0	28.0	31.0	31.0	
30.0	28.0	32.0	28.0	32.0	26.0	32.0	

capacite_W_temoin : 
33.1	31.1	36.3	40.2	32.4	41.9	33.7	
38.2	38.9	34.7	36.0	33.4	37.3	36.3	
34.0	32.4	37.6	34.4	38.6	32.8	37.6	

demande_cumulee_X : 
2.0	4.0	4.0	4.0	4.0	1.0	4.0	
6.0	4.0	3.0	3.0	3.0	3.0	4.0	
5.0	4.0	4.0	2.0	3.0	1.0	4.0	

demande_cumulee_W : 
10.0	5.0	4.0	1.0	2.0	1.0	0.0	
9.0	3.0	4.0	6.0	3.0	1.0	0.0	
6.0	5.0	2.0	7.0	2.0	1.0	0.0	

capacite_residuelle_X : 
25.0	23.0	27.0	30.0	24.0	32.0	25.0	
28.0	29.0	26.0	27.0	25.0	28.0	27.0	
25.0	24.0	28.0	26.0	29.0	25.0	28.0	

capacite_residuelle_W : 
23.1	26.1	32.3	39.2	30.4	40.9	33.7	
29.200000000000003	35.9	30.700000000000003	30.0	30.4	36.3	36.3	
28.0	27.4	35.6	27.4	36.6	31.799999999999997	37.6	

min_capacite_X : 
27.0	28.0	26.0	

min_capacite_W : 
31.1	33.4	32.4	

max_capacite_X : 
34.0	34.0	32.0	

max_capacite_W : 
41.9	38.9	38.6	

moy_capacite_X : 
29.857142857142858	30.857142857142858	29.714285714285715	

moy_capacite_W : 
35.528571428571425	36.4	35.34285714285714	

med_capacite_X : 
29.0	31.0	30.0	

med_capacite_W : 
33.7	36.3	34.4	

ecartType_capacite_X : 
2.641891715558133	1.958758457257441	2.249716535431946	

ecartType_capacite_W : 
3.8107795549370906	1.7872564769181043	2.3487730188073854	

var_capacite_X : 
6.979591836734696	3.8367346938775504	5.061224489795919	

var_capacite_W : 
14.522040816326532	3.1942857142857144	5.516734693877558	

covar_capacite_X : 
8.142857142857144	4.476190476190475	5.904761904761905	

covar_capacite_W : 
16.94238095238095	3.7266666666666666	6.436190476190483	

##########	##########	##########	##########	##########	##########	##########	##########	##########	##########	##########	##########	##########	##########	##########	##########	##########	##########	##########	##########	##########	##########	##########	##########	##########	##########	##########	##########	##########	##########	##########	##########	##########	##########	##########	nombre de noeuds : 35
nombre de strates : 3
nombre de centres : 7
titre : fenetre
instances : alea35_7_1
temps de calcul : 0.015234947204589844
valeur objective : 228.0
nombre de solutions : 2
nombre de noeuds : 0.0
faisability : True
centre : [9, 34, 0, 27, 3, 25, 22]
moy_distances :	32.56
min_distances :	10.0
max_distances :	58.0
var_distances :	95.7218670997811
covar_distances :	95.80237329582798
ecartType_distances :	9.78375526573417
coef_variation	: 0.3004714763658424
distances_centre_x :
-1.0	16.0	12.0	0.0	-1.0	-1.0	-1.0	-1.0	24.0	0.0	14.0	21.0	17.0	24.0	12.0	27.0	16.0	-1.0	17.0	-1.0	35.0	33.0	0.0	-1.0	-1.0	0.0	24.0	-1.0	20.0	-1.0	21.0	24.0	11.0	29.0	-1.0	
0.0	16.0	-1.0	-1.0	10.0	16.0	23.0	13.0	24.0	-1.0	14.0	21.0	-1.0	24.0	-1.0	27.0	16.0	-1.0	17.0	14.0	35.0	33.0	-1.0	27.0	17.0	0.0	-1.0	0.0	-1.0	12.0	21.0	24.0	11.0	29.0	0.0	
-1.0	16.0	12.0	-1.0	-1.0	16.0	23.0	13.0	24.0	-1.0	-1.0	21.0	-1.0	24.0	12.0	-1.0	16.0	29.0	17.0	14.0	35.0	33.0	-1.0	27.0	-1.0	0.0	24.0	-1.0	20.0	12.0	-1.0	24.0	11.0	-1.0	0.0	

distances_centre_w :
-1.0	20.0	33.0	31.0	-1.0	-1.0	-1.0	-1.0	28.0	35.0	21.0	37.0	34.0	31.0	27.0	30.0	29.0	-1.0	29.0	-1.0	41.0	36.0	28.0	-1.0	-1.0	29.0	28.0	-1.0	22.0	-1.0	23.0	33.0	20.0	33.0	-1.0	
35.0	20.0	-1.0	-1.0	23.0	29.0	32.0	32.0	28.0	-1.0	21.0	37.0	-1.0	31.0	-1.0	30.0	29.0	-1.0	29.0	15.0	41.0	36.0	-1.0	32.0	35.0	29.0	-1.0	21.0	-1.0	13.0	23.0	33.0	20.0	33.0	23.0	
-1.0	20.0	33.0	-1.0	-1.0	29.0	32.0	32.0	28.0	-1.0	-1.0	37.0	-1.0	31.0	27.0	-1.0	29.0	32.0	29.0	15.0	41.0	36.0	-1.0	32.0	-1.0	29.0	28.0	-1.0	22.0	13.0	-1.0	33.0	20.0	-1.0	23.0	

maxX :
35.0	35.0	35.0	

maxW :
41.0	41.0	41.0	

minX :
0.0	0.0	0.0	

minW :
20.0	13.0	13.0	

moyX :
17.26086956521739	17.076923076923077	18.391304347826086	

moyW :
29.47826086956522	28.076923076923077	28.304347826086957	

medX :
17.0	16.5	17.0	

medW :
29.0	29.0	29.0	

ecartTypeX :
10.026995697721087	9.691086614168382	8.731448061759199	

ecartTypeW :
5.46824481193476	6.855223033588089	6.6687772336508955	

varX :
100.5406427221172	93.9171597633136	76.23818525519847	

varW :
29.901701323251412	46.994082840236686	44.47258979206049	

covarX :
105.11067193675889	97.67384615384616	79.70355731225295	

covarW :
31.260869565217387	48.873846153846145	46.494071146245055	

coef_variationX :
0.5809090706488288	0.5674960629918422	0.4747595872824151	

coef_variationW :
0.1855009301983768	0.2441586285935484	0.23560964112745097	

moy_distances_centre :	32.523809523809526
min_distances_centre :	12.0
max_distances_centre :	49.0
med_distances_centre :	31.0
ecartType_distances_centre :	9.04812028686752
var_distances_centre :	81.86848072562358
covar_distances_centre :	83.86527293844365
coef_variation_distances_centre :	0.27819989168992376
capacite_X_temoin : 
27.0	27.0	31.0	30.0	28.0	33.0	29.0	
34.0	33.0	29.0	27.0	28.0	31.0	31.0	
30.0	28.0	32.0	31.0	32.0	26.0	32.0	

capacite_W_temoin : 
32.1	32.1	34.3	35.0	33.4	41.9	34.7	
37.2	39.9	33.7	33.1	33.4	37.3	36.3	
34.0	33.4	37.6	37.3	38.6	32.8	37.6	

demande_cumulee_X : 
3.0	3.0	6.0	4.0	3.0	1.0	3.0	
7.0	3.0	4.0	2.0	3.0	3.0	4.0	
5.0	3.0	4.0	3.0	3.0	1.0	4.0	

demande_cumulee_W : 
9.0	6.0	3.0	1.0	2.0	1.0	1.0	
8.0	5.0	3.0	2.0	6.0	1.0	1.0	
6.0	5.0	2.0	3.0	4.0	1.0	2.0	

capacite_residuelle_X : 
24.0	24.0	25.0	26.0	25.0	32.0	26.0	
27.0	30.0	25.0	25.0	25.0	28.0	27.0	
25.0	25.0	28.0	28.0	29.0	25.0	28.0	

capacite_residuelle_W : 
23.1	26.1	31.299999999999997	34.0	31.4	40.9	33.7	
29.200000000000003	34.9	30.700000000000003	31.1	27.4	36.3	35.3	
28.0	28.4	35.6	34.3	34.6	31.799999999999997	35.6	

min_capacite_X : 
27.0	27.0	26.0	

min_capacite_W : 
32.1	33.1	32.8	

max_capacite_X : 
33.0	34.0	32.0	

max_capacite_W : 
41.9	39.9	38.6	

moy_capacite_X : 
29.285714285714285	30.428571428571427	30.142857142857142	

moy_capacite_W : 
34.785714285714285	35.84285714285715	35.9	

med_capacite_X : 
29.0	31.0	31.0	

med_capacite_W : 
34.3	36.3	37.3	

ecartType_capacite_X : 
2.0503857277724746	2.381904571504724	2.166535841157586	

ecartType_capacite_W : 
3.099506214788123	2.35181215409804	2.2200386097028657	

var_capacite_X : 
4.204081632653061	5.6734693877551035	4.693877551020408	

var_capacite_W : 
9.6069387755102	5.531020408163263	4.928571428571432	

covar_capacite_X : 
4.904761904761904	6.61904761904762	5.476190476190475	

covar_capacite_W : 
11.208095238095233	6.452857142857139	5.750000000000004	

##########	##########	##########	##########	##########	##########	##########	##########	##########	##########	##########	##########	##########	##########	##########	##########	##########	##########	##########	##########	##########	##########	##########	##########	##########	##########	##########	##########	##########	##########	##########	##########	##########	##########	##########	nombre de noeuds : 35
nombre de strates : 3
nombre de centres : 7
titre : fenetre
instances : alea35_7_1
temps de calcul : 0.015079021453857422
valeur objective : 207.0
nombre de solutions : 2
nombre de noeuds : 0.0
faisability : True
centre : [34, 0, 27, 3, 25, 22, 13]
moy_distances :	32.56
min_distances :	10.0
max_distances :	58.0
var_distances :	95.7218670997811
covar_distances :	95.80237329582798
ecartType_distances :	9.78375526573417
coef_variation	: 0.3004714763658424
distances_centre_x :
-1.0	16.0	12.0	0.0	-1.0	-1.0	-1.0	-1.0	22.0	24.0	10.0	21.0	17.0	0.0	12.0	27.0	14.0	-1.0	17.0	-1.0	33.0	33.0	0.0	-1.0	-1.0	0.0	24.0	-1.0	22.0	-1.0	21.0	31.0	18.0	29.0	-1.0	
0.0	16.0	-1.0	-1.0	10.0	16.0	23.0	13.0	22.0	-1.0	10.0	21.0	-1.0	0.0	-1.0	27.0	14.0	-1.0	17.0	14.0	33.0	33.0	-1.0	27.0	17.0	0.0	-1.0	0.0	-1.0	12.0	21.0	31.0	18.0	29.0	0.0	
-1.0	16.0	12.0	-1.0	-1.0	16.0	23.0	13.0	22.0	-1.0	-1.0	21.0	-1.0	0.0	12.0	-1.0	14.0	29.0	17.0	14.0	33.0	33.0	-1.0	27.0	-1.0	0.0	24.0	-1.0	22.0	12.0	-1.0	31.0	18.0	-1.0	0.0	

distances_centre_w :
-1.0	20.0	33.0	28.0	-1.0	-1.0	-1.0	-1.0	28.0	31.0	21.0	35.0	24.0	31.0	27.0	30.0	29.0	-1.0	29.0	-1.0	35.0	36.0	28.0	-1.0	-1.0	29.0	31.0	-1.0	36.0	-1.0	23.0	33.0	20.0	32.0	-1.0	
31.0	20.0	-1.0	-1.0	23.0	29.0	32.0	30.0	28.0	-1.0	21.0	35.0	-1.0	31.0	-1.0	30.0	29.0	-1.0	29.0	15.0	35.0	36.0	-1.0	32.0	23.0	29.0	-1.0	21.0	-1.0	24.0	23.0	33.0	20.0	32.0	23.0	
-1.0	20.0	33.0	-1.0	-1.0	29.0	32.0	30.0	28.0	-1.0	-1.0	35.0	-1.0	31.0	27.0	-1.0	29.0	32.0	29.0	15.0	35.0	36.0	-1.0	32.0	-1.0	29.0	31.0	-1.0	36.0	24.0	-1.0	33.0	20.0	-1.0	23.0	

maxX :
33.0	33.0	33.0	

maxW :
36.0	36.0	36.0	

minX :
0.0	0.0	0.0	

minW :
20.0	15.0	15.0	

moyX :
17.52173913043478	16.307692307692307	17.782608695652176	

moyW :
29.08695652173913	27.46153846153846	29.08695652173913	

medX :
18.0	16.5	17.0	

medW :
29.0	29.0	30.0	

ecartTypeX :
10.19748291712178	10.261088676568503	9.48204950208152	

ecartTypeW :
4.744910715046366	5.4365626104875755	5.3642378078324615	

varX :
103.98865784499054	105.28994082840238	89.90926275992437	

varW :
22.514177693761816	29.55621301775148	28.77504725897921	

covarX :
108.71541501976286	109.50153846153847	93.99604743083003	

covarW :
23.537549407114625	30.738461538461543	30.083003952569165	

coef_variationX :
0.5819903401831289	0.6292177018650498	0.5332203876476159	

coef_variationW :
0.1631284700240156	0.19797006704856718	0.18442073180888882	

moy_distances_centre :	33.904761904761905
min_distances_centre :	12.0
max_distances_centre :	50.0
med_distances_centre :	36.0
ecartType_distances_centre :	9.927857688174422
var_distances_centre :	98.56235827664399
covar_distances_centre :	100.9663182346109
coef_variation_distances_centre :	0.2928160273197512
capacite_X_temoin : 
27.0	27.0	29.0	30.0	28.0	33.0	29.0	
34.0	33.0	29.0	27.0	28.0	31.0	31.0	
30.0	28.0	30.0	31.0	32.0	26.0	32.0	

capacite_W_temoin : 
32.1	32.1	31.7	36.0	35.4	41.9	31.7	
37.2	39.9	32.7	34.1	35.4	37.3	34.3	
34.0	33.4	35.0	38.3	40.6	32.8	34.6	

demande_cumulee_X : 
3.0	3.0	6.0	3.0	1.0	1.0	6.0	
7.0	3.0	5.0	1.0	1.0	3.0	6.0	
5.0	3.0	4.0	2.0	1.0	1.0	7.0	

demande_cumulee_W : 
7.0	8.0	3.0	1.0	2.0	2.0	0.0	
8.0	5.0	4.0	1.0	4.0	3.0	1.0	
6.0	5.0	4.0	2.0	3.0	2.0	1.0	

capacite_residuelle_X : 
24.0	24.0	23.0	27.0	27.0	32.0	23.0	
27.0	30.0	24.0	26.0	27.0	28.0	25.0	
25.0	25.0	26.0	29.0	31.0	25.0	25.0	

capacite_residuelle_W : 
25.1	24.1	28.7	35.0	33.4	39.9	31.7	
29.200000000000003	34.9	28.700000000000003	33.1	31.4	34.3	33.3	
28.0	28.4	31.0	36.3	37.6	30.799999999999997	33.6	

min_capacite_X : 
27.0	27.0	26.0	

min_capacite_W : 
31.7	32.7	32.8	

max_capacite_X : 
33.0	34.0	32.0	

max_capacite_W : 
41.9	39.9	40.6	

moy_capacite_X : 
29.0	30.428571428571427	29.857142857142858	

moy_capacite_W : 
34.41428571428572	35.84285714285715	35.528571428571425	

med_capacite_X : 
29.0	31.0	30.0	

med_capacite_W : 
32.1	35.4	34.6	

ecartType_capacite_X : 
1.927248223318863	2.381904571504724	2.030381486221699	

ecartType_capacite_W : 
3.484015979719205	2.2651755799856357	2.641814466132963	

var_capacite_X : 
3.7142857142857144	5.6734693877551035	4.122448979591836	

var_capacite_W : 
12.138367346938773	5.131020408163262	6.979183673469391	

covar_capacite_X : 
4.333333333333333	6.61904761904762	4.809523809523809	

covar_capacite_W : 
14.161428571428567	5.9861904761904725	8.142380952380956	

##########	##########	##########	##########	##########	##########	##########	##########	##########	##########	##########	##########	##########	##########	##########	##########	##########	##########	##########	##########	##########	##########	##########	##########	##########	##########	##########	##########	##########	##########	##########	##########	##########	##########	##########	nombre de noeuds : 35
nombre de strates : 3
nombre de centres : 7
titre : fenetre
instances : alea35_7_1
temps de calcul : 0.014611959457397461
valeur objective : 220.0
nombre de solutions : 2
nombre de noeuds : 0.0
faisability : True
centre : [0, 27, 3, 25, 22, 13, 31]
moy_distances :	32.56
min_distances :	10.0
max_distances :	58.0
var_distances :	95.7218670997811
covar_distances :	95.80237329582798
ecartType_distances :	9.78375526573417
coef_variation	: 0.3004714763658424
distances_centre_x :
-1.0	16.0	12.0	0.0	-1.0	-1.0	-1.0	-1.0	12.0	24.0	10.0	35.0	17.0	0.0	12.0	27.0	14.0	-1.0	21.0	-1.0	18.0	25.0	0.0	-1.0	-1.0	0.0	24.0	-1.0	36.0	-1.0	21.0	0.0	13.0	32.0	-1.0	
0.0	16.0	-1.0	-1.0	10.0	16.0	23.0	13.0	12.0	-1.0	10.0	35.0	-1.0	0.0	-1.0	27.0	14.0	-1.0	21.0	14.0	18.0	25.0	-1.0	27.0	17.0	0.0	-1.0	0.0	-1.0	12.0	21.0	0.0	13.0	32.0	22.0	
-1.0	16.0	12.0	-1.0	-1.0	16.0	23.0	13.0	12.0	-1.0	-1.0	35.0	-1.0	0.0	12.0	-1.0	14.0	12.0	21.0	14.0	18.0	25.0	-1.0	27.0	-1.0	0.0	24.0	-1.0	36.0	12.0	-1.0	0.0	13.0	-1.0	22.0	

distances_centre_w :
-1.0	20.0	33.0	28.0	-1.0	-1.0	-1.0	-1.0	28.0	25.0	21.0	37.0	34.0	31.0	27.0	30.0	29.0	-1.0	29.0	-1.0	33.0	33.0	28.0	-1.0	-1.0	29.0	31.0	-1.0	38.0	-1.0	23.0	33.0	20.0	35.0	-1.0	
31.0	20.0	-1.0	-1.0	23.0	29.0	28.0	30.0	28.0	-1.0	21.0	37.0	-1.0	31.0	-1.0	30.0	29.0	-1.0	29.0	15.0	33.0	33.0	-1.0	32.0	35.0	29.0	-1.0	21.0	-1.0	24.0	23.0	33.0	20.0	35.0	23.0	
-1.0	20.0	33.0	-1.0	-1.0	29.0	28.0	30.0	28.0	-1.0	-1.0	37.0	-1.0	31.0	27.0	-1.0	29.0	36.0	29.0	15.0	33.0	33.0	-1.0	32.0	-1.0	29.0	31.0	-1.0	38.0	24.0	-1.0	33.0	20.0	-1.0	23.0	

maxX :
36.0	35.0	36.0	

maxW :
38.0	37.0	38.0	

minX :
0.0	0.0	0.0	

minW :
20.0	15.0	15.0	

moyX :
16.043478260869566	15.307692307692308	16.391304347826086	

moyW :
29.347826086956523	27.76923076923077	29.043478260869566	

medX :
16.0	15.0	14.0	

medW :
29.0	29.0	29.0	

ecartTypeX :
10.99200603153735	9.761656664132497	9.351768632699715	

ecartTypeW :
4.939712151903924	5.4934064834945	5.520540780611713	

varX :
120.8241965973535	95.2899408284024	87.4555765595463	

varW :
24.400756143667294	30.17751479289941	30.47637051039698	

covarX :
126.31620553359684	99.10153846153848	91.43083003952569	

covarW :
25.5098814229249	31.384615384615387	31.861660079051386	

coef_variationX :
0.6851385873315963	0.637696163988555	0.5705323038517067	

coef_variationW :
0.16831611776857816	0.19782350217570221	0.1900784999312416	

moy_distances_centre :	34.42857142857143
min_distances_centre :	12.0
max_distances_centre :	50.0
med_distances_centre :	36.0
ecartType_distances_centre :	8.904634580194895
var_distances_centre :	79.29251700680271
covar_distances_centre :	81.22648083623695
coef_variation_distances_centre :	0.25864083842889735
capacite_X_temoin : 
27.0	27.0	29.0	30.0	28.0	33.0	31.0	
34.0	33.0	29.0	27.0	28.0	31.0	26.0	
30.0	28.0	30.0	31.0	32.0	26.0	29.0	

capacite_W_temoin : 
33.1	32.1	32.7	36.0	35.4	39.9	34.3	
38.2	39.9	33.7	33.1	35.4	36.3	27.8	
35.0	33.4	36.0	37.3	40.6	31.8	30.7	

demande_cumulee_X : 
2.0	3.0	5.0	3.0	1.0	3.0	6.0	
6.0	3.0	4.0	2.0	1.0	4.0	6.0	
4.0	3.0	3.0	3.0	1.0	2.0	7.0	

demande_cumulee_W : 
9.0	6.0	3.0	2.0	2.0	0.0	1.0	
9.0	5.0	5.0	1.0	5.0	0.0	1.0	
7.0	7.0	4.0	1.0	3.0	0.0	1.0	

capacite_residuelle_X : 
25.0	24.0	24.0	27.0	27.0	30.0	25.0	
28.0	30.0	25.0	25.0	27.0	27.0	20.0	
26.0	25.0	27.0	28.0	31.0	24.0	22.0	

capacite_residuelle_W : 
24.1	26.1	29.700000000000003	34.0	33.4	39.9	33.3	
29.200000000000003	34.9	28.700000000000003	32.1	30.4	36.3	26.8	
28.0	26.4	32.0	36.3	37.6	31.8	29.7	

min_capacite_X : 
27.0	26.0	26.0	

min_capacite_W : 
32.1	27.8	30.7	

max_capacite_X : 
33.0	34.0	32.0	

max_capacite_W : 
39.9	39.9	40.6	

moy_capacite_X : 
29.285714285714285	29.714285714285715	29.428571428571427	

moy_capacite_W : 
34.785714285714285	34.91428571428572	34.97142857142857	

med_capacite_X : 
29.0	29.0	30.0	

med_capacite_W : 
34.3	35.4	35.0	

ecartType_capacite_X : 
2.0503857277724746	2.813959371941744	1.8405855323893037	

ecartType_capacite_W : 
2.468330014650489	3.6486508549359016	3.138113302932324	

var_capacite_X : 
4.204081632653061	7.918367346938775	3.387755102040816	

var_capacite_W : 
6.092653061224484	13.312653061224486	9.847755102040818	

covar_capacite_X : 
4.904761904761904	9.238095238095237	3.9523809523809517	

covar_capacite_W : 
7.108095238095231	15.531428571428567	11.48904761904762	

##########	##########	##########	##########	##########	##########	##########	##########	##########	##########	##########	##########	##########	##########	##########	##########	##########	##########	##########	##########	##########	##########	##########	##########	##########	##########	##########	##########	##########	##########	##########	##########	##########	##########	##########	nombre de noeuds : 35
nombre de strates : 3
nombre de centres : 7
titre : fenetre
instances : alea35_7_1
temps de calcul : 0.015753984451293945
valeur objective : 220.0
nombre de solutions : 3
nombre de noeuds : 1.0
faisability : True
centre : [27, 3, 25, 22, 13, 31, 4]
moy_distances :	32.56
min_distances :	10.0
max_distances :	58.0
var_distances :	95.7218670997811
covar_distances :	95.80237329582798
ecartType_distances :	9.78375526573417
coef_variation	: 0.3004714763658424
distances_centre_x :
-1.0	-1.0	12.0	-1.0	-1.0	-1.0	-1.0	-1.0	12.0	24.0	10.0	35.0	17.0	0.0	17.0	28.0	14.0	-1.0	21.0	-1.0	18.0	25.0	0.0	-1.0	-1.0	0.0	-1.0	-1.0	36.0	-1.0	21.0	0.0	13.0	32.0	-1.0	
10.0	16.0	-1.0	-1.0	0.0	16.0	28.0	19.0	12.0	-1.0	10.0	35.0	-1.0	0.0	-1.0	20.0	14.0	-1.0	21.0	14.0	18.0	25.0	-1.0	32.0	17.0	0.0	-1.0	0.0	-1.0	12.0	20.0	0.0	13.0	32.0	22.0	
-1.0	16.0	12.0	-1.0	-1.0	16.0	28.0	19.0	12.0	-1.0	-1.0	35.0	-1.0	0.0	17.0	-1.0	14.0	12.0	21.0	14.0	18.0	25.0	-1.0	32.0	-1.0	0.0	24.0	-1.0	36.0	12.0	-1.0	0.0	13.0	-1.0	22.0	

distances_centre_w :
-1.0	20.0	-1.0	28.0	-1.0	-1.0	-1.0	-1.0	-1.0	24.0	34.0	37.0	24.0	36.0	-1.0	-1.0	22.0	-1.0	-1.0	-1.0	33.0	-1.0	-1.0	-1.0	-1.0	-1.0	31.0	-1.0	38.0	-1.0	-1.0	-1.0	-1.0	35.0	-1.0	
31.0	20.0	-1.0	-1.0	23.0	33.0	33.0	30.0	28.0	-1.0	28.0	37.0	-1.0	30.0	-1.0	30.0	30.0	-1.0	30.0	15.0	33.0	36.0	-1.0	35.0	34.0	23.0	-1.0	11.0	-1.0	31.0	30.0	33.0	20.0	35.0	23.0	
-1.0	20.0	16.0	-1.0	-1.0	33.0	33.0	30.0	28.0	-1.0	-1.0	37.0	-1.0	36.0	27.0	-1.0	30.0	36.0	30.0	36.0	33.0	36.0	-1.0	35.0	-1.0	36.0	31.0	-1.0	38.0	31.0	-1.0	33.0	20.0	-1.0	23.0	

maxX :
36.0	35.0	36.0	

maxW :
38.0	37.0	38.0	

minX :
0.0	0.0	0.0	

minW :
20.0	11.0	16.0	

moyX :
16.75	15.615384615384615	17.304347826086957	

moyW :
30.166666666666668	28.53846153846154	30.782608695652176	

medX :
17.0	16.0	16.0	

medW :
32.0	30.0	33.0	

ecartTypeX :
11.080952125156033	10.004141154376342	9.759876970931176	

ecartTypeW :
6.053006599111626	6.428486897161902	5.897357711493825	

varX :
122.7875	100.0828402366864	95.25519848771269	

varW :
36.63888888888889	41.325443786982255	34.778827977315686	

covarX :
129.25	104.08615384615385	99.58498023715416	

covarW :
39.96969696969697	42.978461538461545	36.3596837944664	

coef_variationX :
0.6615493806063303	0.6406592857482386	0.5640129907824548	

coef_variationW :
0.20065215245673898	0.22525695326982403	0.1915808296106751	

moy_distances_centre :	33.76190476190476
min_distances_centre :	11.0
max_distances_centre :	50.0
med_distances_centre :	36.0
ecartType_distances_centre :	9.841141832244785
var_distances_centre :	96.84807256235825
covar_distances_centre :	99.21022067363532
coef_variation_distances_centre :	0.2914865704896199
capacite_X_temoin : 
27.0	0.0	29.0	30.0	28.0	33.0	31.0	
33.0	33.0	29.0	27.0	28.0	31.0	26.0	
28.0	32.0	30.0	31.0	32.0	26.0	29.0	

capacite_W_temoin : 
32.1	0.0	33.7	35.0	34.4	39.9	33.3	
39.9	37.9	33.7	33.1	34.4	37.3	26.8	
33.4	40.6	36.0	37.3	38.6	31.8	29.7	

demande_cumulee_X : 
3.0	0.0	4.0	4.0	2.0	3.0	7.0	
3.0	5.0	4.0	2.0	2.0	3.0	7.0	
3.0	1.0	3.0	3.0	3.0	2.0	8.0	

demande_cumulee_W : 
11.0	0.0	5.0	4.0	2.0	0.0	1.0	
8.0	7.0	4.0	1.0	4.0	1.0	1.0	
11.0	4.0	3.0	1.0	2.0	0.0	2.0	

capacite_residuelle_X : 
24.0	0.0	25.0	26.0	26.0	30.0	24.0	
30.0	28.0	25.0	25.0	26.0	28.0	19.0	
25.0	31.0	27.0	28.0	29.0	24.0	21.0	

capacite_residuelle_W : 
21.1	0.0	28.700000000000003	31.0	32.4	39.9	32.3	
31.9	30.9	29.700000000000003	32.1	30.4	36.3	25.8	
22.4	36.6	33.0	36.3	36.6	31.8	27.7	

min_capacite_X : 
0.0	26.0	26.0	

min_capacite_W : 
0.0	26.8	29.7	

max_capacite_X : 
33.0	33.0	32.0	

max_capacite_W : 
39.9	39.9	40.6	

moy_capacite_X : 
25.428571428571427	29.571428571428573	29.714285714285715	

moy_capacite_W : 
29.771428571428576	34.728571428571435	35.34285714285714	

med_capacite_X : 
29.0	29.0	30.0	

med_capacite_W : 
33.7	34.4	36.0	

ecartType_capacite_X : 
10.540495283255268	2.610809554642438	2.0503857277724746	

ecartType_capacite_W : 
12.369283878764744	3.9658233826080567	3.5991495594126692	

var_capacite_X : 
111.10204081632654	6.816326530612246	4.204081632653061	

var_capacite_W : 
152.9991836734694	15.727755102040808	12.953877551020412	

covar_capacite_X : 
129.61904761904762	7.952380952380953	4.904761904761904	

covar_capacite_W : 
178.49904761904762	18.34904761904761	15.112857142857147	

##########	##########	##########	##########	##########	##########	##########	##########	##########	##########	##########	##########	##########	##########	##########	##########	##########	##########	##########	##########	##########	##########	##########	##########	##########	##########	##########	##########	##########	##########	##########	##########	##########	##########	##########	