nombre de noeuds : 30
nombre de strates : 6
nombre de centres : 3
titre : fenetre
instances : alea30_3_2
temps de calcul : 0.006196022033691406
valeur objective : 548.0
nombre de solutions : 2
nombre de noeuds : 0.0
faisability : True
centre : [25, 8, 26]
moy_distances :	33.44
min_distances :	10.0
max_distances :	63.0
var_distances :	110.11755317743427
covar_distances :	110.24427072999748
ecartType_distances :	10.493691113113359
coef_variation	: 0.3138151817822295
distances_centre_x :
35.0	-1.0	29.0	-1.0	-1.0	-1.0	37.0	-1.0	0.0	36.0	25.0	13.0	11.0	-1.0	13.0	40.0	-1.0	21.0	16.0	-1.0	16.0	-1.0	24.0	23.0	-1.0	-1.0	0.0	-1.0	13.0	-1.0	
35.0	-1.0	29.0	-1.0	-1.0	-1.0	-1.0	-1.0	-1.0	-1.0	25.0	13.0	11.0	-1.0	-1.0	40.0	-1.0	21.0	16.0	24.0	-1.0	27.0	-1.0	-1.0	-1.0	0.0	-1.0	26.0	13.0	-1.0	
-1.0	26.0	-1.0	-1.0	-1.0	-1.0	-1.0	-1.0	0.0	36.0	-1.0	-1.0	11.0	28.0	13.0	-1.0	-1.0	-1.0	16.0	24.0	16.0	27.0	24.0	-1.0	17.0	0.0	0.0	26.0	13.0	33.0	
-1.0	26.0	29.0	15.0	45.0	10.0	-1.0	-1.0	0.0	-1.0	25.0	-1.0	11.0	28.0	13.0	-1.0	36.0	21.0	16.0	24.0	-1.0	27.0	24.0	-1.0	17.0	-1.0	0.0	26.0	13.0	-1.0	
35.0	26.0	29.0	-1.0	45.0	-1.0	37.0	23.0	-1.0	-1.0	-1.0	13.0	-1.0	28.0	13.0	40.0	36.0	-1.0	16.0	-1.0	16.0	27.0	24.0	-1.0	-1.0	0.0	0.0	26.0	13.0	-1.0	
35.0	-1.0	-1.0	-1.0	45.0	-1.0	37.0	23.0	-1.0	-1.0	25.0	-1.0	-1.0	-1.0	-1.0	40.0	-1.0	21.0	16.0	24.0	16.0	-1.0	-1.0	-1.0	-1.0	-1.0	0.0	26.0	-1.0	33.0	

distances_centre_w :
44.0	-1.0	30.0	-1.0	-1.0	-1.0	44.0	-1.0	28.0	55.0	40.0	32.0	33.0	-1.0	33.0	48.0	-1.0	39.0	38.0	-1.0	33.0	-1.0	37.0	42.0	-1.0	-1.0	28.0	-1.0	33.0	-1.0	
44.0	-1.0	30.0	-1.0	-1.0	-1.0	-1.0	-1.0	-1.0	-1.0	40.0	32.0	33.0	-1.0	-1.0	46.0	-1.0	39.0	38.0	31.0	-1.0	28.0	-1.0	-1.0	-1.0	46.0	-1.0	31.0	33.0	-1.0	
-1.0	26.0	-1.0	-1.0	-1.0	-1.0	-1.0	-1.0	28.0	55.0	-1.0	-1.0	33.0	35.0	33.0	-1.0	-1.0	-1.0	43.0	31.0	33.0	28.0	26.0	-1.0	52.0	46.0	28.0	31.0	33.0	35.0	
-1.0	38.0	30.0	27.0	47.0	38.0	-1.0	-1.0	28.0	-1.0	40.0	-1.0	44.0	35.0	33.0	-1.0	39.0	39.0	43.0	31.0	-1.0	28.0	37.0	-1.0	42.0	-1.0	28.0	31.0	33.0	-1.0	
43.0	38.0	30.0	-1.0	47.0	-1.0	42.0	25.0	-1.0	-1.0	-1.0	42.0	-1.0	35.0	33.0	46.0	39.0	-1.0	43.0	-1.0	33.0	28.0	37.0	-1.0	-1.0	41.0	28.0	31.0	33.0	-1.0	
43.0	-1.0	-1.0	-1.0	47.0	-1.0	42.0	25.0	-1.0	-1.0	40.0	-1.0	-1.0	-1.0	-1.0	46.0	-1.0	39.0	43.0	31.0	33.0	-1.0	-1.0	-1.0	-1.0	-1.0	28.0	31.0	-1.0	35.0	

maxX :
40.0	40.0	36.0	45.0	45.0	45.0	

maxW :
55.0	46.0	55.0	47.0	47.0	47.0	

minX :
0.0	0.0	0.0	0.0	0.0	0.0	

minW :
28.0	28.0	26.0	27.0	25.0	25.0	

moyX :
20.705882352941178	21.53846153846154	18.235294117647058	20.3	23.526315789473685	26.23076923076923	

moyW :
37.470588235294116	36.23076923076923	35.05882352941177	35.55	36.526315789473685	37.15384615384615	

medX :
21.0	24.0	17.0	22.5	26.0	25.0	

medW :
37.0	33.0	33.0	36.0	37.0	39.0	

ecartTypeX :
11.766176378687957	10.36722190081935	10.87105932261653	10.798611021793496	12.201675558159739	11.510221852796397	

ecartTypeW :
7.187551714873378	6.053020176278769	8.509306934073415	5.860674022670089	6.3359327901525	6.837072628704299	

varX :
138.44290657439447	107.4792899408284	118.17993079584775	116.60999999999999	148.88088642659278	132.4852071005917	

varW :
51.66089965397924	36.63905325443787	72.4083044982699	34.347500000000004	40.144044321329645	46.74556213017752	

covarX :
147.09558823529412	116.43589743589742	125.56617647058823	122.74736842105261	157.1520467836257	143.525641025641	

covarW :
54.88970588235295	39.692307692307686	76.93382352941177	36.15526315789474	42.37426900584796	50.64102564102564	

coef_variationX :
0.5682528364707252	0.48133530253804124	0.5961548660789711	0.5319512818617486	0.518639453255112	0.43880611169018524	

coef_variationW :
0.19181849160572595	0.16706849743444585	0.24271513066987926	0.16485721582756932	0.17346213690619236	0.18402058835021923	

moy_distances_centre :	38.333333333333336
min_distances_centre :	28.0
max_distances_centre :	46.0
med_distances_centre :	41.0
ecartType_distances_centre :	7.586537784494028
var_distances_centre :	57.55555555555555
covar_distances_centre :	69.06666666666666
coef_variation_distances_centre :	0.1979096813346268
capacite_X_temoin : 
26.0	27.0	23.0	
26.0	25.0	28.0	
29.0	25.0	27.0	
27.0	29.0	27.0	
28.0	29.0	24.0	
24.0	28.0	27.0	

capacite_W_temoin : 
21.8	33.1	26.9	
27.8	27.5	34.4	
30.7	25.5	32.1	
25.1	32.7	30.1	
26.4	32.7	27.2	
24.2	32.4	33.1	

demande_cumulee_X : 
12.0	2.0	3.0	
6.0	5.0	2.0	
7.0	7.0	3.0	
10.0	5.0	5.0	
10.0	5.0	4.0	
7.0	4.0	2.0	

demande_cumulee_W : 
3.0	7.0	7.0	
5.0	5.0	3.0	
8.0	6.0	3.0	
10.0	6.0	4.0	
7.0	9.0	3.0	
5.0	6.0	2.0	

capacite_residuelle_X : 
14.0	25.0	20.0	
20.0	20.0	26.0	
22.0	18.0	24.0	
17.0	24.0	22.0	
18.0	24.0	20.0	
17.0	24.0	25.0	

capacite_residuelle_W : 
18.8	26.1	19.9	
22.8	22.5	31.4	
22.7	19.5	29.1	
15.100000000000001	26.700000000000003	26.1	
19.4	23.700000000000003	24.2	
19.2	26.4	31.1	

min_capacite_X : 
23.0	25.0	25.0	27.0	24.0	24.0	

min_capacite_W : 
21.8	27.5	25.5	25.1	26.4	24.2	

max_capacite_X : 
27.0	28.0	29.0	29.0	29.0	28.0	

max_capacite_W : 
33.1	34.4	32.1	32.7	32.7	33.1	

moy_capacite_X : 
25.333333333333332	26.333333333333332	27.0	27.666666666666668	27.0	26.333333333333332	

moy_capacite_W : 
27.26666666666667	29.899999999999995	29.433333333333337	29.3	28.766666666666666	29.899999999999995	

med_capacite_X : 
26.0	26.0	27.0	27.0	28.0	27.0	

med_capacite_W : 
26.9	27.8	30.7	30.1	27.2	32.4	

ecartType_capacite_X : 
1.699673171197595	1.247219128924647	1.632993161855452	0.9428090415820634	2.160246899469287	1.699673171197595	

ecartType_capacite_W : 
4.620485784946091	3.184336665618131	2.839405258539581	3.153833646003966	2.800396797281098	4.0406270140495115	

var_capacite_X : 
2.8888888888888893	1.5555555555555554	2.6666666666666665	0.8888888888888888	4.666666666666667	2.8888888888888893	

var_capacite_W : 
21.34888888888889	10.139999999999995	8.062222222222225	9.94666666666667	7.842222222222233	16.326666666666668	

covar_capacite_X : 
4.333333333333334	2.333333333333333	4.0	1.3333333333333333	7.0	4.333333333333334	

covar_capacite_W : 
32.02333333333333	15.209999999999992	12.093333333333337	14.920000000000005	11.76333333333335	24.490000000000002	

##########	##########	##########	##########	##########	##########	##########	##########	##########	##########	##########	##########	##########	##########	##########	##########	##########	##########	##########	##########	##########	##########	##########	##########	##########	##########	##########	##########	##########	##########	nombre de noeuds : 30
nombre de strates : 6
nombre de centres : 3
titre : fenetre
instances : alea30_3_2
temps de calcul : 0.005774021148681641
valeur objective : 500.0
nombre de solutions : 2
nombre de noeuds : 0.0
faisability : True
centre : [8, 26, 29]
moy_distances :	33.44
min_distances :	10.0
max_distances :	63.0
var_distances :	110.11755317743427
covar_distances :	110.24427072999748
ecartType_distances :	10.493691113113359
coef_variation	: 0.3138151817822295
distances_centre_x :
35.0	-1.0	24.0	-1.0	-1.0	-1.0	30.0	-1.0	0.0	36.0	10.0	13.0	29.0	-1.0	33.0	40.0	-1.0	21.0	16.0	-1.0	16.0	-1.0	24.0	23.0	-1.0	-1.0	0.0	-1.0	13.0	-1.0	
35.0	-1.0	24.0	-1.0	-1.0	-1.0	-1.0	-1.0	-1.0	-1.0	10.0	13.0	29.0	-1.0	-1.0	40.0	-1.0	21.0	16.0	24.0	-1.0	23.0	-1.0	-1.0	-1.0	33.0	-1.0	28.0	13.0	-1.0	
-1.0	26.0	-1.0	-1.0	-1.0	-1.0	-1.0	-1.0	0.0	36.0	-1.0	-1.0	29.0	16.0	33.0	-1.0	-1.0	-1.0	16.0	24.0	16.0	23.0	24.0	-1.0	17.0	33.0	0.0	28.0	13.0	0.0	
-1.0	26.0	24.0	15.0	19.0	10.0	-1.0	-1.0	0.0	-1.0	10.0	-1.0	29.0	16.0	33.0	-1.0	36.0	21.0	16.0	24.0	-1.0	23.0	24.0	-1.0	17.0	-1.0	0.0	28.0	13.0	-1.0	
35.0	26.0	24.0	-1.0	19.0	-1.0	30.0	23.0	-1.0	-1.0	-1.0	13.0	-1.0	16.0	33.0	40.0	36.0	-1.0	16.0	-1.0	16.0	23.0	24.0	-1.0	-1.0	33.0	0.0	28.0	13.0	-1.0	
35.0	-1.0	-1.0	-1.0	19.0	-1.0	30.0	23.0	-1.0	-1.0	10.0	-1.0	-1.0	-1.0	-1.0	40.0	-1.0	21.0	16.0	24.0	16.0	-1.0	-1.0	-1.0	-1.0	-1.0	0.0	28.0	-1.0	0.0	

distances_centre_w :
40.0	-1.0	30.0	-1.0	-1.0	-1.0	37.0	-1.0	28.0	46.0	25.0	32.0	33.0	-1.0	35.0	41.0	-1.0	23.0	26.0	-1.0	29.0	-1.0	26.0	26.0	-1.0	-1.0	28.0	-1.0	15.0	-1.0	
40.0	-1.0	30.0	-1.0	-1.0	-1.0	-1.0	-1.0	-1.0	-1.0	25.0	32.0	33.0	-1.0	-1.0	41.0	-1.0	23.0	26.0	31.0	-1.0	28.0	-1.0	-1.0	-1.0	41.0	-1.0	31.0	15.0	-1.0	
-1.0	39.0	-1.0	-1.0	-1.0	-1.0	-1.0	-1.0	28.0	46.0	-1.0	-1.0	33.0	28.0	35.0	-1.0	-1.0	-1.0	26.0	31.0	29.0	28.0	26.0	-1.0	25.0	46.0	28.0	31.0	15.0	35.0	
-1.0	39.0	30.0	27.0	45.0	32.0	-1.0	-1.0	28.0	-1.0	25.0	-1.0	33.0	28.0	35.0	-1.0	40.0	23.0	26.0	31.0	-1.0	28.0	26.0	-1.0	25.0	-1.0	28.0	31.0	15.0	-1.0	
40.0	38.0	30.0	-1.0	45.0	-1.0	37.0	25.0	-1.0	-1.0	-1.0	32.0	-1.0	28.0	35.0	41.0	38.0	-1.0	26.0	-1.0	29.0	28.0	26.0	-1.0	-1.0	41.0	28.0	31.0	15.0	-1.0	
40.0	-1.0	-1.0	-1.0	45.0	-1.0	37.0	25.0	-1.0	-1.0	25.0	-1.0	-1.0	-1.0	-1.0	41.0	-1.0	23.0	26.0	31.0	29.0	-1.0	-1.0	-1.0	-1.0	-1.0	28.0	31.0	-1.0	35.0	

maxX :
40.0	40.0	36.0	36.0	40.0	40.0	

maxW :
46.0	41.0	46.0	45.0	45.0	45.0	

minX :
0.0	10.0	0.0	0.0	0.0	0.0	

minW :
15.0	15.0	15.0	15.0	15.0	23.0	

moyX :
21.352941176470587	23.76923076923077	19.647058823529413	19.2	23.57894736842105	20.153846153846153	

moyW :
30.58823529411765	30.46153846153846	31.11764705882353	29.75	32.26315789473684	32.0	

medX :
23.0	24.0	23.0	20.0	24.0	21.0	

medW :
29.0	31.0	29.0	28.0	31.0	31.0	

ecartTypeX :
11.560282799668201	8.815666527912734	11.166868940652803	9.4	9.659006102698495	11.59473457317955	

ecartTypeW :
7.332913902234081	7.196317269862462	7.403356575318718	6.425534997181169	7.151312763278303	6.736810475634251	

varX :
133.64013840830447	77.71597633136095	124.69896193771626	88.36000000000001	93.29639889196676	134.4378698224852	

varW :
53.77162629757786	51.786982248520715	54.80968858131489	41.2875	51.14127423822715	45.38461538461539	

covarX :
141.9926470588235	84.1923076923077	132.49264705882354	93.01052631578946	98.47953216374268	145.64102564102564	

covarW :
57.13235294117647	56.1025641025641	58.23529411764706	43.46052631578947	53.98245614035088	49.166666666666664	

coef_variationX :
0.5413906545299157	0.3708856468053901	0.5683735688356216	0.48958333333333337	0.40964534810551656	0.5753112574478403	

coef_variationW :
0.23972987757303724	0.23624273865710102	0.23791505062460908	0.21598436965314852	0.22165569739361787	0.21052532736357035	

moy_distances_centre :	33.333333333333336
min_distances_centre :	28.0
max_distances_centre :	37.0
med_distances_centre :	35.0
ecartType_distances_centre :	3.8586123009300755
var_distances_centre :	14.888888888888891
covar_distances_centre :	17.86666666666667
coef_variation_distances_centre :	0.11575836902790225
capacite_X_temoin : 
26.0	23.0	22.0	
26.0	28.0	29.0	
29.0	27.0	29.0	
27.0	27.0	28.0	
28.0	24.0	23.0	
24.0	27.0	22.0	

capacite_W_temoin : 
22.8	27.9	24.6	
28.8	34.4	31.7	
30.7	31.1	31.7	
27.1	30.1	29.4	
27.4	27.2	23.9	
26.2	32.1	23.6	

demande_cumulee_X : 
11.0	2.0	4.0	
5.0	2.0	6.0	
7.0	4.0	6.0	
8.0	5.0	7.0	
9.0	4.0	6.0	
5.0	3.0	5.0	

demande_cumulee_W : 
4.0	7.0	6.0	
5.0	5.0	3.0	
7.0	5.0	5.0	
9.0	6.0	5.0	
8.0	7.0	4.0	
7.0	2.0	4.0	

capacite_residuelle_X : 
15.0	21.0	18.0	
21.0	26.0	23.0	
22.0	23.0	23.0	
19.0	22.0	21.0	
19.0	20.0	17.0	
19.0	24.0	17.0	

capacite_residuelle_W : 
18.8	20.9	18.6	
23.8	29.4	28.7	
23.7	26.1	26.7	
18.1	24.1	24.4	
19.4	20.2	19.9	
19.2	30.1	19.6	

min_capacite_X : 
22.0	26.0	27.0	27.0	23.0	22.0	

min_capacite_W : 
22.8	28.8	30.7	27.1	23.9	23.6	

max_capacite_X : 
26.0	29.0	29.0	28.0	28.0	27.0	

max_capacite_W : 
27.9	34.4	31.7	30.1	27.4	32.1	

moy_capacite_X : 
23.666666666666668	27.666666666666668	28.333333333333332	27.333333333333332	25.0	24.333333333333332	

moy_capacite_W : 
25.100000000000005	31.633333333333336	31.166666666666668	28.866666666666664	26.166666666666668	27.3	

med_capacite_X : 
23.0	28.0	29.0	27.0	24.0	24.0	

med_capacite_W : 
24.6	31.7	31.1	29.4	27.2	26.2	

ecartType_capacite_X : 
1.699673171197595	1.247219128924647	0.9428090415820634	0.4714045207910317	2.160246899469287	2.0548046676563256	

ecartType_capacite_W : 
2.1118712081942865	2.2866763848189984	0.41096093353126495	1.2814921857827388	1.6048537489614298	3.5562152165844334	

var_capacite_X : 
2.8888888888888893	1.5555555555555554	0.8888888888888888	0.22222222222222224	4.666666666666667	4.222222222222222	

var_capacite_W : 
4.459999999999996	5.228888888888885	0.16888888888888878	1.6422222222222214	2.5755555555555563	12.646666666666668	

covar_capacite_X : 
4.333333333333334	2.333333333333333	1.3333333333333333	0.33333333333333337	7.0	6.333333333333334	

covar_capacite_W : 
6.689999999999994	7.8433333333333275	0.2533333333333332	2.463333333333332	3.863333333333334	18.970000000000002	

##########	##########	##########	##########	##########	##########	##########	##########	##########	##########	##########	##########	##########	##########	##########	##########	##########	##########	##########	##########	##########	##########	##########	##########	##########	##########	##########	##########	##########	##########	nombre de noeuds : 30
nombre de strates : 6
nombre de centres : 3
titre : fenetre
instances : alea30_3_2
temps de calcul : 0.005736827850341797
valeur objective : 529.0
nombre de solutions : 2
nombre de noeuds : 0.0
faisability : True
centre : [26, 29, 22]
moy_distances :	33.44
min_distances :	10.0
max_distances :	63.0
var_distances :	110.11755317743427
covar_distances :	110.24427072999748
ecartType_distances :	10.493691113113359
coef_variation	: 0.3138151817822295
distances_centre_x :
37.0	-1.0	24.0	-1.0	-1.0	-1.0	22.0	-1.0	24.0	46.0	10.0	28.0	26.0	-1.0	31.0	41.0	-1.0	23.0	16.0	-1.0	26.0	-1.0	0.0	26.0	-1.0	-1.0	0.0	-1.0	11.0	-1.0	
37.0	-1.0	24.0	-1.0	-1.0	-1.0	-1.0	-1.0	-1.0	-1.0	10.0	28.0	26.0	-1.0	-1.0	41.0	-1.0	23.0	16.0	24.0	-1.0	23.0	-1.0	-1.0	-1.0	33.0	-1.0	14.0	11.0	-1.0	
-1.0	25.0	-1.0	-1.0	-1.0	-1.0	-1.0	-1.0	24.0	46.0	-1.0	-1.0	26.0	16.0	31.0	-1.0	-1.0	-1.0	16.0	24.0	26.0	23.0	0.0	-1.0	25.0	33.0	0.0	14.0	11.0	0.0	
-1.0	25.0	24.0	15.0	19.0	32.0	-1.0	-1.0	24.0	-1.0	10.0	-1.0	26.0	16.0	31.0	-1.0	12.0	23.0	16.0	24.0	-1.0	23.0	0.0	-1.0	25.0	-1.0	0.0	14.0	11.0	-1.0	
37.0	25.0	24.0	-1.0	19.0	-1.0	22.0	21.0	-1.0	-1.0	-1.0	28.0	-1.0	16.0	31.0	41.0	12.0	-1.0	16.0	-1.0	26.0	23.0	0.0	-1.0	-1.0	33.0	0.0	14.0	11.0	-1.0	
37.0	-1.0	-1.0	-1.0	19.0	-1.0	22.0	21.0	-1.0	-1.0	10.0	-1.0	-1.0	-1.0	-1.0	41.0	-1.0	23.0	16.0	24.0	26.0	-1.0	-1.0	-1.0	-1.0	-1.0	0.0	14.0	-1.0	0.0	

distances_centre_w :
44.0	-1.0	45.0	-1.0	-1.0	-1.0	44.0	-1.0	28.0	47.0	23.0	32.0	33.0	-1.0	35.0	48.0	-1.0	45.0	42.0	-1.0	43.0	-1.0	26.0	38.0	-1.0	-1.0	26.0	-1.0	15.0	-1.0	
40.0	-1.0	29.0	-1.0	-1.0	-1.0	-1.0	-1.0	-1.0	-1.0	23.0	32.0	33.0	-1.0	-1.0	48.0	-1.0	33.0	26.0	39.0	-1.0	38.0	-1.0	-1.0	-1.0	37.0	-1.0	37.0	15.0	-1.0	
-1.0	26.0	-1.0	-1.0	-1.0	-1.0	-1.0	-1.0	28.0	47.0	-1.0	-1.0	33.0	40.0	35.0	-1.0	-1.0	-1.0	42.0	39.0	43.0	38.0	26.0	-1.0	38.0	37.0	26.0	37.0	15.0	33.0	
-1.0	26.0	29.0	25.0	43.0	38.0	-1.0	-1.0	28.0	-1.0	23.0	-1.0	29.0	30.0	37.0	-1.0	40.0	33.0	26.0	26.0	-1.0	41.0	26.0	-1.0	42.0	-1.0	26.0	28.0	15.0	-1.0	
40.0	26.0	29.0	-1.0	47.0	-1.0	30.0	25.0	-1.0	-1.0	-1.0	32.0	-1.0	40.0	35.0	48.0	38.0	-1.0	26.0	-1.0	29.0	38.0	26.0	-1.0	-1.0	37.0	26.0	37.0	15.0	-1.0	
40.0	-1.0	-1.0	-1.0	47.0	-1.0	30.0	25.0	-1.0	-1.0	23.0	-1.0	-1.0	-1.0	-1.0	48.0	-1.0	33.0	26.0	39.0	29.0	-1.0	-1.0	-1.0	-1.0	-1.0	26.0	37.0	-1.0	33.0	

maxX :
46.0	41.0	46.0	32.0	41.0	41.0	

maxW :
48.0	48.0	47.0	43.0	48.0	48.0	

minX :
0.0	10.0	0.0	0.0	0.0	0.0	

minW :
15.0	15.0	15.0	15.0	15.0	23.0	

moyX :
23.0	23.846153846153847	20.0	18.5	21.0	19.46153846153846	

moyW :
36.11764705882353	33.07692307692308	34.294117647058826	30.55	32.8421052631579	33.53846153846154	

medX :
24.0	24.0	24.0	21.0	22.0	21.0	

medW :
38.0	33.0	37.0	28.5	32.0	33.0	

ecartTypeX :
12.338366752437175	9.155462042251095	12.073305507703884	8.691950298983537	10.686932502630935	11.586566390007835	

ecartTypeW :
9.529411764705882	8.11893833966693	7.728973037956161	7.207461411620598	8.04764207307259	7.870249576879178	

varX :
152.23529411764707	83.82248520710058	145.76470588235293	75.55	114.21052631578948	134.24852071005918	

varW :
90.80968858131487	65.9171597633136	59.73702422145329	51.94749999999999	64.7645429362881	61.94082840236687	

covarX :
161.75	90.80769230769229	154.875	79.52631578947368	120.55555555555554	145.43589743589743	

covarW :
96.48529411764704	71.41025641025641	63.47058823529412	54.68157894736841	68.36257309941519	67.10256410256409	

coef_variationX :
0.5364507283668337	0.38393873080407814	0.6036652753851942	0.4698351512964074	0.5089015477443303	0.5953571662849876	

coef_variationW :
0.26384364820846906	0.24545627538527923	0.22537314175858444	0.23592345046221272	0.24504038363522307	0.2346634048152048	

moy_distances_centre :	32.0
min_distances_centre :	26.0
max_distances_centre :	37.0
med_distances_centre :	33.0
ecartType_distances_centre :	4.546060565661952
var_distances_centre :	20.666666666666668
covar_distances_centre :	24.8
coef_variation_distances_centre :	0.142064392676936
capacite_X_temoin : 
28.0	23.0	22.0	
26.0	28.0	29.0	
26.0	27.0	29.0	
24.0	27.0	28.0	
26.0	24.0	23.0	
22.0	27.0	22.0	

capacite_W_temoin : 
27.4	26.9	23.6	
29.8	34.4	30.7	
26.8	33.1	29.7	
24.2	31.1	27.4	
23.8	29.2	22.9	
24.6	32.1	22.6	

demande_cumulee_X : 
9.0	3.0	5.0	
4.0	2.0	7.0	
7.0	2.0	8.0	
7.0	4.0	9.0	
10.0	2.0	7.0	
4.0	3.0	6.0	

demande_cumulee_W : 
7.0	10.0	0.0	
5.0	5.0	3.0	
10.0	7.0	0.0	
4.0	11.0	5.0	
5.0	10.0	4.0	
5.0	3.0	5.0	

capacite_residuelle_X : 
19.0	20.0	17.0	
22.0	26.0	22.0	
19.0	25.0	21.0	
17.0	23.0	19.0	
16.0	22.0	16.0	
18.0	24.0	16.0	

capacite_residuelle_W : 
20.4	16.9	23.6	
24.8	29.4	27.7	
16.8	26.1	29.7	
20.2	20.1	22.4	
18.8	19.2	18.9	
19.6	29.1	17.6	

min_capacite_X : 
22.0	26.0	26.0	24.0	23.0	22.0	

min_capacite_W : 
23.6	29.8	26.8	24.2	22.9	22.6	

max_capacite_X : 
28.0	29.0	29.0	28.0	26.0	27.0	

max_capacite_W : 
27.4	34.4	33.1	31.1	29.2	32.1	

moy_capacite_X : 
24.333333333333332	27.666666666666668	27.333333333333332	26.333333333333332	24.333333333333332	23.666666666666668	

moy_capacite_W : 
25.96666666666667	31.633333333333336	29.86666666666667	27.566666666666663	25.3	26.433333333333337	

med_capacite_X : 
23.0	28.0	27.0	27.0	24.0	22.0	

med_capacite_W : 
26.9	30.7	29.7	27.4	23.8	24.6	

ecartType_capacite_X : 
2.6246692913372702	1.247219128924647	1.247219128924647	1.699673171197595	1.247219128924647	2.3570226039551585	

ecartType_capacite_W : 
1.6858891488535708	1.9905331502444814	2.574662868977003	2.8193773938387348	2.782085548648711	4.089281382128433	

var_capacite_X : 
6.888888888888889	1.5555555555555554	1.5555555555555554	2.8888888888888893	1.5555555555555554	5.555555555555556	

var_capacite_W : 
2.8422222222222175	3.9622222222222194	6.62888888888889	7.948888888888895	7.739999999999999	16.722222222222225	

covar_capacite_X : 
10.333333333333334	2.333333333333333	2.333333333333333	4.333333333333334	2.333333333333333	8.333333333333334	

covar_capacite_W : 
4.2633333333333265	5.943333333333329	9.943333333333335	11.923333333333343	11.61	25.083333333333336	

##########	##########	##########	##########	##########	##########	##########	##########	##########	##########	##########	##########	##########	##########	##########	##########	##########	##########	##########	##########	##########	##########	##########	##########	##########	##########	##########	##########	##########	##########	nombre de noeuds : 30
nombre de strates : 6
nombre de centres : 3
titre : fenetre
instances : alea30_3_2
temps de calcul : 0.00630497932434082
valeur objective : 496.0
nombre de solutions : 1
nombre de noeuds : 0.0
faisability : True
centre : [29, 22, 9]
moy_distances :	33.44
min_distances :	10.0
max_distances :	63.0
var_distances :	110.11755317743427
covar_distances :	110.24427072999748
ecartType_distances :	10.493691113113359
coef_variation	: 0.3138151817822295
distances_centre_x :
37.0	-1.0	24.0	-1.0	-1.0	-1.0	22.0	-1.0	24.0	0.0	10.0	28.0	26.0	-1.0	31.0	41.0	-1.0	33.0	26.0	-1.0	26.0	-1.0	0.0	26.0	-1.0	-1.0	26.0	-1.0	11.0	-1.0	
37.0	-1.0	24.0	-1.0	-1.0	-1.0	-1.0	-1.0	-1.0	-1.0	10.0	28.0	26.0	-1.0	-1.0	41.0	-1.0	33.0	26.0	24.0	-1.0	23.0	-1.0	-1.0	-1.0	33.0	-1.0	14.0	11.0	-1.0	
-1.0	25.0	-1.0	-1.0	-1.0	-1.0	-1.0	-1.0	24.0	0.0	-1.0	-1.0	26.0	16.0	31.0	-1.0	-1.0	-1.0	26.0	24.0	26.0	23.0	0.0	-1.0	25.0	33.0	26.0	14.0	11.0	0.0	
-1.0	25.0	24.0	25.0	19.0	26.0	-1.0	-1.0	24.0	-1.0	10.0	-1.0	26.0	16.0	31.0	-1.0	12.0	33.0	26.0	24.0	-1.0	23.0	0.0	-1.0	25.0	-1.0	26.0	14.0	11.0	-1.0	
37.0	25.0	24.0	-1.0	19.0	-1.0	22.0	21.0	-1.0	-1.0	-1.0	28.0	-1.0	16.0	31.0	41.0	12.0	-1.0	26.0	-1.0	26.0	23.0	0.0	-1.0	-1.0	33.0	26.0	14.0	11.0	-1.0	
37.0	-1.0	-1.0	-1.0	19.0	-1.0	22.0	21.0	-1.0	-1.0	10.0	-1.0	-1.0	-1.0	-1.0	41.0	-1.0	33.0	26.0	24.0	26.0	-1.0	-1.0	-1.0	-1.0	-1.0	26.0	14.0	-1.0	0.0	

distances_centre_w :
40.0	-1.0	41.0	-1.0	-1.0	-1.0	25.0	-1.0	36.0	46.0	39.0	36.0	29.0	-1.0	37.0	44.0	-1.0	40.0	42.0	-1.0	29.0	-1.0	33.0	38.0	-1.0	-1.0	37.0	-1.0	22.0	-1.0	
40.0	-1.0	41.0	-1.0	-1.0	-1.0	-1.0	-1.0	-1.0	-1.0	39.0	36.0	29.0	-1.0	-1.0	44.0	-1.0	40.0	42.0	39.0	-1.0	38.0	-1.0	-1.0	-1.0	37.0	-1.0	41.0	22.0	-1.0	
-1.0	39.0	-1.0	-1.0	-1.0	-1.0	-1.0	-1.0	36.0	46.0	-1.0	-1.0	29.0	30.0	42.0	-1.0	-1.0	-1.0	42.0	39.0	29.0	38.0	33.0	-1.0	44.0	37.0	37.0	41.0	22.0	33.0	
-1.0	39.0	41.0	28.0	34.0	32.0	-1.0	-1.0	36.0	-1.0	23.0	-1.0	29.0	30.0	42.0	-1.0	40.0	40.0	42.0	39.0	-1.0	38.0	33.0	-1.0	38.0	-1.0	37.0	41.0	22.0	-1.0	
40.0	39.0	41.0	-1.0	34.0	-1.0	25.0	32.0	-1.0	-1.0	-1.0	36.0	-1.0	30.0	37.0	44.0	35.0	-1.0	42.0	-1.0	29.0	38.0	33.0	-1.0	-1.0	37.0	37.0	41.0	22.0	-1.0	
40.0	-1.0	-1.0	-1.0	34.0	-1.0	25.0	32.0	-1.0	-1.0	39.0	-1.0	-1.0	-1.0	-1.0	44.0	-1.0	40.0	42.0	39.0	29.0	-1.0	-1.0	-1.0	-1.0	-1.0	37.0	41.0	-1.0	33.0	

maxX :
41.0	41.0	33.0	33.0	41.0	41.0	

maxW :
46.0	44.0	46.0	42.0	44.0	44.0	

minX :
0.0	10.0	0.0	0.0	0.0	0.0	

minW :
22.0	22.0	22.0	22.0	22.0	25.0	

moyX :
23.0	25.384615384615383	19.41176470588235	21.0	22.894736842105264	23.0	

moyW :
36.11764705882353	37.53846153846154	36.294117647058826	35.2	35.36842105263158	36.53846153846154	

medX :
26.0	26.0	24.0	24.0	24.0	24.0	

medW :
37.0	39.0	37.0	37.5	37.0	39.0	

ecartTypeX :
11.188229108676461	9.136052518527999	10.437820504579161	7.886697661252142	9.419435321337112	10.55389100685692	

ecartTypeW :
6.397447587916481	5.678778100089769	6.094980633876997	5.96322060635023	5.649504182397355	5.343801363987202	

varX :
125.17647058823529	83.46745562130178	108.94809688581316	62.2	88.72576177285318	111.38461538461539	

varW :
40.92733564013841	32.24852071005917	37.14878892733564	35.56	31.91689750692521	28.556213017751478	

covarX :
133.0	90.42307692307692	115.75735294117646	65.47368421052632	93.65497076023392	120.66666666666666	

covarW :
43.48529411764706	34.93589743589744	39.470588235294116	37.43157894736841	33.69005847953216	30.935897435897438	

coef_variationX :
0.4864447438554983	0.35990509921473934	0.5377059047813507	0.37555703148819725	0.4114236117365635	0.4588648263850835	

coef_variationW :
0.17712802767846936	0.15127892479747335	0.16793301584426085	0.1694096763167679	0.15973300515706806	0.1462514057512287	

moy_distances_centre :	42.0
min_distances_centre :	33.0
max_distances_centre :	47.0
med_distances_centre :	46.0
ecartType_distances_centre :	6.377042156569663
var_distances_centre :	40.666666666666664
covar_distances_centre :	48.800000000000004
coef_variation_distances_centre :	0.15183433706118246
capacite_X_temoin : 
23.0	28.0	22.0	
24.0	26.0	29.0	
26.0	26.0	29.0	
22.0	24.0	28.0	
29.0	26.0	23.0	
24.0	22.0	22.0	

capacite_W_temoin : 
28.9	26.4	22.6	
31.2	29.8	28.7	
32.8	25.8	29.7	
27.6	22.2	26.4	
37.7	22.8	21.9	
31.2	23.6	20.6	

demande_cumulee_X : 
1.0	10.0	6.0	
0.0	4.0	9.0	
1.0	8.0	8.0	
1.0	9.0	10.0	
0.0	11.0	8.0	
0.0	5.0	8.0	

demande_cumulee_W : 
6.0	2.0	9.0	
6.0	4.0	3.0	
5.0	5.0	7.0	
7.0	5.0	8.0	
7.0	3.0	9.0	
6.0	3.0	4.0	

capacite_residuelle_X : 
22.0	18.0	16.0	
24.0	22.0	20.0	
25.0	18.0	21.0	
21.0	15.0	18.0	
29.0	15.0	15.0	
24.0	17.0	14.0	

capacite_residuelle_W : 
22.9	24.4	13.600000000000001	
25.2	25.8	25.7	
27.799999999999997	20.8	22.7	
20.6	17.2	18.4	
30.700000000000003	19.8	12.899999999999999	
25.2	20.6	16.6	

min_capacite_X : 
22.0	24.0	26.0	22.0	23.0	22.0	

min_capacite_W : 
22.6	28.7	25.8	22.2	21.9	20.6	

max_capacite_X : 
28.0	29.0	29.0	28.0	29.0	24.0	

max_capacite_W : 
28.9	31.2	32.8	27.6	37.7	31.2	

moy_capacite_X : 
24.333333333333332	26.333333333333332	27.0	24.666666666666668	26.0	22.666666666666668	

moy_capacite_W : 
25.96666666666667	29.900000000000002	29.433333333333334	25.399999999999995	27.46666666666667	25.133333333333336	

med_capacite_X : 
23.0	26.0	26.0	24.0	26.0	22.0	

med_capacite_W : 
26.4	29.8	29.7	26.4	22.8	23.6	

ecartType_capacite_X : 
2.6246692913372702	2.0548046676563256	1.4142135623730951	2.494438257849294	2.449489742783178	0.9428090415820634	

ecartType_capacite_W : 
2.590152290674987	1.023067283548187	2.8639522032014106	2.3151673805580457	7.245381670799377	4.461190673152428	

var_capacite_X : 
6.888888888888889	4.222222222222222	2.0	6.222222222222222	6.0	0.8888888888888888	

var_capacite_W : 
6.7088888888888825	1.0466666666666666	8.202222222222215	5.360000000000003	52.495555555555576	19.902222222222214	

covar_capacite_X : 
10.333333333333334	6.333333333333334	3.0	9.333333333333334	9.0	1.3333333333333333	

covar_capacite_W : 
10.063333333333324	1.5699999999999998	12.303333333333322	8.040000000000004	78.74333333333337	29.85333333333332	

##########	##########	##########	##########	##########	##########	##########	##########	##########	##########	##########	##########	##########	##########	##########	##########	##########	##########	##########	##########	##########	##########	##########	##########	##########	##########	##########	##########	##########	##########	nombre de noeuds : 30
nombre de strates : 6
nombre de centres : 3
titre : fenetre
instances : alea30_3_2
temps de calcul : 0.0052661895751953125
valeur objective : 550.0
nombre de solutions : 1
nombre de noeuds : 0.0
faisability : True
centre : [22, 9, 18]
moy_distances :	33.44
min_distances :	10.0
max_distances :	63.0
var_distances :	110.11755317743427
covar_distances :	110.24427072999748
ecartType_distances :	10.493691113113359
coef_variation	: 0.3138151817822295
distances_centre_x :
30.0	-1.0	13.0	-1.0	-1.0	-1.0	22.0	-1.0	24.0	0.0	23.0	28.0	26.0	-1.0	31.0	44.0	-1.0	36.0	0.0	-1.0	26.0	-1.0	0.0	38.0	-1.0	-1.0	16.0	-1.0	31.0	-1.0	
30.0	-1.0	13.0	-1.0	-1.0	-1.0	-1.0	-1.0	-1.0	-1.0	23.0	28.0	26.0	-1.0	-1.0	44.0	-1.0	36.0	0.0	39.0	-1.0	34.0	-1.0	-1.0	-1.0	37.0	-1.0	12.0	31.0	-1.0	
-1.0	25.0	-1.0	-1.0	-1.0	-1.0	-1.0	-1.0	24.0	0.0	-1.0	-1.0	26.0	30.0	31.0	-1.0	-1.0	-1.0	0.0	39.0	26.0	34.0	0.0	-1.0	38.0	37.0	16.0	12.0	11.0	26.0	
-1.0	25.0	13.0	25.0	34.0	26.0	-1.0	-1.0	24.0	-1.0	23.0	-1.0	26.0	30.0	31.0	-1.0	12.0	36.0	0.0	39.0	-1.0	34.0	0.0	-1.0	38.0	-1.0	16.0	12.0	11.0	-1.0	
37.0	25.0	-1.0	-1.0	-1.0	-1.0	22.0	21.0	-1.0	-1.0	-1.0	28.0	-1.0	-1.0	31.0	-1.0	12.0	-1.0	42.0	-1.0	26.0	38.0	0.0	-1.0	-1.0	37.0	26.0	37.0	11.0	-1.0	
30.0	-1.0	-1.0	-1.0	34.0	-1.0	22.0	21.0	-1.0	-1.0	23.0	-1.0	-1.0	-1.0	-1.0	44.0	-1.0	36.0	0.0	39.0	26.0	-1.0	-1.0	-1.0	-1.0	-1.0	16.0	12.0	-1.0	26.0	

distances_centre_w :
40.0	-1.0	41.0	-1.0	-1.0	-1.0	25.0	-1.0	36.0	47.0	39.0	43.0	27.0	-1.0	42.0	50.0	-1.0	40.0	42.0	-1.0	27.0	-1.0	42.0	41.0	-1.0	-1.0	26.0	-1.0	42.0	-1.0	
40.0	-1.0	41.0	-1.0	-1.0	-1.0	-1.0	-1.0	-1.0	-1.0	39.0	43.0	27.0	-1.0	-1.0	50.0	-1.0	40.0	42.0	40.0	-1.0	38.0	-1.0	-1.0	-1.0	38.0	-1.0	41.0	42.0	-1.0	
-1.0	39.0	-1.0	-1.0	-1.0	-1.0	-1.0	-1.0	36.0	47.0	-1.0	-1.0	27.0	30.0	39.0	-1.0	-1.0	-1.0	42.0	40.0	27.0	38.0	47.0	-1.0	44.0	38.0	26.0	37.0	31.0	33.0	
-1.0	39.0	41.0	28.0	34.0	34.0	-1.0	-1.0	36.0	-1.0	39.0	-1.0	27.0	30.0	39.0	-1.0	35.0	40.0	42.0	40.0	-1.0	38.0	42.0	-1.0	41.0	-1.0	26.0	37.0	31.0	-1.0	
-1.0	-1.0	45.0	-1.0	43.0	-1.0	-1.0	-1.0	-1.0	-1.0	-1.0	-1.0	-1.0	40.0	-1.0	50.0	-1.0	-1.0	-1.0	-1.0	-1.0	-1.0	-1.0	-1.0	-1.0	-1.0	-1.0	-1.0	-1.0	-1.0	
40.0	-1.0	-1.0	-1.0	43.0	-1.0	25.0	32.0	-1.0	-1.0	39.0	-1.0	-1.0	-1.0	-1.0	50.0	-1.0	40.0	42.0	40.0	27.0	-1.0	-1.0	-1.0	-1.0	-1.0	26.0	41.0	-1.0	33.0	

maxX :
44.0	44.0	39.0	39.0	42.0	44.0	

maxW :
50.0	50.0	47.0	42.0	50.0	50.0	

minX :
0.0	0.0	0.0	0.0	0.0	0.0	

minW :
25.0	27.0	26.0	26.0	40.0	25.0	

moyX :
22.823529411764707	27.153846153846153	22.058823529411764	22.75	26.2	25.307692307692307	

moyW :
38.23529411764706	40.07692307692308	36.529411764705884	35.95	44.5	36.76923076923077	

medX :
26.0	30.0	26.0	25.0	26.0	26.0	

medW :
41.0	40.0	38.0	37.5	44.0	40.0	

ecartTypeX :
12.816511841314185	11.947617424833183	12.899934282711284	11.453711188955307	11.344308411416419	11.397601740883342	

ecartTypeW :
7.272263275541454	4.7791460206181755	6.472726919284198	5.004747745890896	3.640054944640259	7.244667494136064	

varX :
164.26297577854672	142.7455621301775	166.4083044982699	131.1875	128.69333333333333	129.905325443787	

varW :
52.88581314878893	22.84023668639054	41.89619377162631	25.047500000000003	13.25	52.48520710059172	

covarX :
174.52941176470588	154.64102564102564	176.80882352941177	138.0921052631579	137.88571428571427	140.73076923076923	

covarW :
56.19117647058823	24.74358974358975	44.51470588235295	26.365789473684213	17.666666666666664	56.85897435897435	

coef_variationX :
0.5615481992328379	0.43999724227430986	0.5847970208162449	0.5034598324815519	0.43298887066474884	0.4503611630136275	

coef_variationW :
0.1901976548987765	0.11924932489066464	0.17719220229924534	0.13921412366873145	0.08179898752000582	0.19703070590746619	

moy_distances_centre :	47.333333333333336
min_distances_centre :	42.0
max_distances_centre :	53.0
med_distances_centre :	47.0
ecartType_distances_centre :	4.4969125210773475
var_distances_centre :	20.222222222222225
covar_distances_centre :	24.26666666666667
coef_variation_distances_centre :	0.0950051941072679
capacite_X_temoin : 
23.0	28.0	28.0	
24.0	23.0	26.0	
26.0	28.0	26.0	
22.0	29.0	24.0	
29.0	0.0	26.0	
24.0	27.0	22.0	

capacite_W_temoin : 
27.9	30.4	27.4	
30.2	22.9	28.8	
32.8	30.4	23.8	
27.6	29.7	20.2	
33.7	0.0	18.8	
30.2	28.1	23.6	

demande_cumulee_X : 
2.0	6.0	9.0	
1.0	7.0	5.0	
1.0	6.0	10.0	
1.0	8.0	11.0	
4.0	0.0	15.0	
1.0	7.0	5.0	

demande_cumulee_W : 
9.0	4.0	4.0	
7.0	3.0	3.0	
4.0	7.0	6.0	
7.0	8.0	5.0	
15.0	0.0	4.0	
6.0	2.0	5.0	

capacite_residuelle_X : 
21.0	22.0	19.0	
23.0	16.0	21.0	
25.0	22.0	16.0	
21.0	21.0	13.0	
25.0	0.0	11.0	
23.0	20.0	17.0	

capacite_residuelle_W : 
18.9	26.4	23.4	
23.2	19.9	25.8	
28.799999999999997	23.4	17.8	
20.6	21.7	15.2	
18.700000000000003	0.0	14.8	
24.2	26.1	18.6	

min_capacite_X : 
23.0	23.0	26.0	22.0	0.0	22.0	

min_capacite_W : 
27.4	22.9	23.8	20.2	0.0	23.6	

max_capacite_X : 
28.0	26.0	28.0	29.0	29.0	27.0	

max_capacite_W : 
30.4	30.2	32.8	29.7	33.7	30.2	

moy_capacite_X : 
26.333333333333332	24.333333333333332	26.666666666666668	25.0	18.333333333333332	24.333333333333332	

moy_capacite_W : 
28.566666666666663	27.299999999999997	29.0	25.833333333333332	17.5	27.3	

med_capacite_X : 
28.0	24.0	26.0	24.0	26.0	24.0	

med_capacite_W : 
27.9	28.8	30.4	27.6	18.8	28.1	

ecartType_capacite_X : 
2.3570226039551585	1.247219128924647	0.9428090415820634	2.943920288775949	13.02134998974974	2.0548046676563256	

ecartType_capacite_W : 
1.3123346456686351	3.1633315770982136	3.8052595180880884	4.074582459862878	13.788642669482254	2.75317997958724	

var_capacite_X : 
5.555555555555556	1.5555555555555554	0.8888888888888888	8.666666666666666	169.55555555555557	4.222222222222222	

var_capacite_W : 
1.722222222222222	10.006666666666671	14.47999999999999	16.602222222222224	190.1266666666667	7.579999999999996	

covar_capacite_X : 
8.333333333333334	2.333333333333333	1.3333333333333333	13.0	254.33333333333334	6.333333333333334	

covar_capacite_W : 
2.583333333333333	15.010000000000007	21.719999999999985	24.903333333333336	285.19000000000005	11.369999999999994	

##########	##########	##########	##########	##########	##########	##########	##########	##########	##########	##########	##########	##########	##########	##########	##########	##########	##########	##########	##########	##########	##########	##########	##########	##########	##########	##########	##########	##########	##########	