nombre de noeuds : 25
nombre de strates : 5
nombre de centres : 2
titre : fenetre
instances : alea25_2_2
temps de calcul : 0.001873016357421875
valeur objective : 446.0
nombre de solutions : 1
nombre de noeuds : 0.0
faisability : True
centre : [13, 16]
moy_distances :	34.54
min_distances :	10.0
max_distances :	64.0
var_distances :	127.08812222222222
covar_distances :	127.30028937117419
ecartType_distances :	11.27333678296813
coef_variation	: 0.32635347243949037
distances_centre_x :
-1.0	26.0	12.0	28.0	13.0	29.0	-1.0	10.0	28.0	18.0	-1.0	16.0	10.0	-1.0	36.0	33.0	0.0	-1.0	29.0	37.0	26.0	24.0	-1.0	26.0	26.0	
-1.0	-1.0	12.0	28.0	13.0	29.0	38.0	10.0	28.0	-1.0	35.0	-1.0	10.0	0.0	-1.0	-1.0	-1.0	10.0	29.0	-1.0	26.0	-1.0	-1.0	26.0	26.0	
14.0	-1.0	12.0	28.0	13.0	-1.0	-1.0	-1.0	28.0	18.0	-1.0	-1.0	10.0	0.0	36.0	-1.0	-1.0	10.0	29.0	-1.0	26.0	-1.0	25.0	26.0	26.0	
-1.0	-1.0	12.0	28.0	13.0	29.0	38.0	10.0	28.0	18.0	-1.0	-1.0	10.0	0.0	36.0	-1.0	-1.0	10.0	29.0	37.0	26.0	-1.0	25.0	26.0	26.0	
-1.0	-1.0	12.0	-1.0	13.0	29.0	-1.0	10.0	28.0	18.0	-1.0	-1.0	10.0	0.0	36.0	-1.0	-1.0	-1.0	29.0	-1.0	26.0	24.0	-1.0	26.0	26.0	

distances_centre_w :
-1.0	42.0	30.0	36.0	26.0	54.0	-1.0	49.0	35.0	28.0	-1.0	23.0	43.0	-1.0	38.0	35.0	39.0	-1.0	30.0	37.0	38.0	27.0	-1.0	27.0	28.0	
-1.0	-1.0	30.0	36.0	26.0	54.0	46.0	49.0	35.0	-1.0	38.0	-1.0	43.0	39.0	-1.0	-1.0	-1.0	29.0	30.0	-1.0	38.0	-1.0	-1.0	27.0	28.0	
45.0	-1.0	30.0	36.0	26.0	-1.0	-1.0	-1.0	35.0	28.0	-1.0	-1.0	43.0	39.0	38.0	-1.0	-1.0	29.0	30.0	-1.0	38.0	-1.0	38.0	27.0	28.0	
-1.0	-1.0	30.0	36.0	26.0	54.0	46.0	49.0	35.0	28.0	-1.0	-1.0	43.0	39.0	38.0	-1.0	-1.0	29.0	30.0	37.0	38.0	-1.0	38.0	27.0	28.0	
-1.0	-1.0	30.0	-1.0	26.0	54.0	-1.0	49.0	35.0	28.0	-1.0	-1.0	43.0	39.0	38.0	-1.0	-1.0	-1.0	30.0	-1.0	38.0	27.0	-1.0	27.0	28.0	

maxX :
37.0	38.0	36.0	38.0	36.0	

maxW :
54.0	54.0	45.0	54.0	54.0	

minX :
0.0	0.0	0.0	0.0	0.0	

minW :
23.0	26.0	26.0	26.0	26.0	

moyX :
22.473684210526315	21.333333333333332	20.066666666666666	22.27777777777778	20.5	

moyW :
35.0	36.53333333333333	34.0	36.166666666666664	35.142857142857146	

medX :
26.0	26.0	25.0	26.0	25.0	

medW :
35.0	36.0	35.0	36.5	32.5	

ecartTypeX :
9.681063561910474	10.7496769977314	9.490111812946264	10.58198445763971	9.7082439194738	

ecartTypeW :
7.980238751210129	8.253214861831452	5.89915248150105	7.7977917101930565	8.500900312463907	

varX :
93.7229916897507	115.55555555555557	90.06222222222223	111.97839506172838	94.25	

varW :
63.68421052631579	68.11555555555556	34.8	60.80555555555556	72.26530612244896	

covarX :
98.9298245614035	123.80952380952381	96.4952380952381	118.56535947712418	101.5	

covarW :
67.22222222222221	72.98095238095239	37.285714285714285	64.38235294117646	77.82417582417581	

coef_variationX :
0.4307733200850094	0.5038911092686594	0.4729291601136012	0.4750017961035281	0.47357287412067317	

coef_variationW :
0.22800682146314655	0.2259091659260434	0.17350448475003089	0.21560714406063752	0.2418955373465339	

moy_distances_centre :	39.0
min_distances_centre :	39.0
max_distances_centre :	39.0
med_distances_centre :	39.0
ecartType_distances_centre :	0.0
var_distances_centre :	0.0
covar_distances_centre :	0.0
coef_variation_distances_centre :	0.0
capacite_X_temoin : 
24.0	19.0	
22.0	21.0	
22.0	19.0	
19.0	23.0	
24.0	22.0	

capacite_W_temoin : 
22.2	14.7	
21.6	19.3	
19.6	18.7	
15.7	20.9	
24.2	21.6	

demande_cumulee_X : 
9.0	10.0	
7.0	8.0	
9.0	6.0	
9.0	9.0	
7.0	7.0	

demande_cumulee_W : 
10.0	9.0	
8.0	7.0	
6.0	9.0	
9.0	9.0	
7.0	7.0	

capacite_residuelle_X : 
15.0	9.0	
15.0	13.0	
13.0	13.0	
10.0	14.0	
17.0	15.0	

capacite_residuelle_W : 
12.2	5.699999999999999	
13.600000000000001	12.3	
13.600000000000001	9.7	
6.699999999999999	11.899999999999999	
17.2	14.600000000000001	

min_capacite_X : 
19.0	21.0	19.0	19.0	22.0	

min_capacite_W : 
14.7	19.3	18.7	15.7	21.6	

max_capacite_X : 
24.0	22.0	22.0	23.0	24.0	

max_capacite_W : 
22.2	21.6	19.6	20.9	24.2	

moy_capacite_X : 
21.5	21.5	20.5	21.0	23.0	

moy_capacite_W : 
18.45	20.450000000000003	19.15	18.299999999999997	22.9	

med_capacite_X : 
21.5	21.5	20.5	21.0	23.0	

med_capacite_W : 
18.45	20.450000000000003	19.15	18.299999999999997	22.9	

ecartType_capacite_X : 
2.5	0.5	1.5	2.0	1.0	

ecartType_capacite_W : 
3.75	1.1500000000000004	0.45000000000000107	2.5999999999999996	1.299999999999999	

var_capacite_X : 
6.25	0.25	2.25	4.0	1.0	

var_capacite_W : 
14.0625	1.3225000000000007	0.20250000000000096	6.759999999999998	1.6899999999999973	

covar_capacite_X : 
12.5	0.5	4.5	8.0	2.0	

covar_capacite_W : 
28.125	2.6450000000000014	0.4050000000000019	13.519999999999996	3.3799999999999946	

##########	##########	##########	##########	##########	##########	##########	##########	##########	##########	##########	##########	##########	##########	##########	##########	##########	##########	##########	##########	##########	##########	##########	##########	##########	nombre de noeuds : 25
nombre de strates : 5
nombre de centres : 2
titre : fenetre
instances : alea25_2_2
temps de calcul : 0.001383066177368164
valeur objective : 420.0
nombre de solutions : 1
nombre de noeuds : 0.0
faisability : True
centre : [16, 17]
moy_distances :	34.54
min_distances :	10.0
max_distances :	64.0
var_distances :	127.08812222222222
covar_distances :	127.30028937117419
ecartType_distances :	11.27333678296813
coef_variation	: 0.32635347243949037
distances_centre_x :
-1.0	26.0	12.0	33.0	13.0	29.0	-1.0	10.0	35.0	28.0	-1.0	23.0	15.0	-1.0	38.0	33.0	0.0	-1.0	29.0	37.0	16.0	24.0	-1.0	27.0	18.0	
-1.0	-1.0	12.0	33.0	13.0	29.0	38.0	10.0	35.0	-1.0	32.0	-1.0	15.0	10.0	-1.0	-1.0	-1.0	0.0	29.0	-1.0	16.0	-1.0	-1.0	27.0	18.0	
14.0	-1.0	12.0	33.0	13.0	-1.0	-1.0	-1.0	35.0	28.0	-1.0	-1.0	15.0	10.0	38.0	-1.0	-1.0	0.0	29.0	-1.0	16.0	-1.0	25.0	27.0	18.0	
-1.0	-1.0	12.0	33.0	13.0	29.0	38.0	10.0	35.0	28.0	-1.0	-1.0	15.0	10.0	38.0	-1.0	-1.0	0.0	29.0	37.0	16.0	-1.0	25.0	27.0	18.0	
-1.0	-1.0	12.0	-1.0	13.0	29.0	-1.0	10.0	35.0	28.0	-1.0	-1.0	15.0	10.0	38.0	-1.0	-1.0	-1.0	29.0	-1.0	16.0	24.0	-1.0	27.0	18.0	

distances_centre_w :
-1.0	32.0	22.0	36.0	16.0	44.0	-1.0	39.0	35.0	28.0	-1.0	26.0	43.0	-1.0	46.0	39.0	29.0	-1.0	39.0	47.0	38.0	27.0	-1.0	31.0	26.0	
-1.0	-1.0	22.0	36.0	16.0	44.0	41.0	39.0	35.0	-1.0	35.0	-1.0	43.0	39.0	-1.0	-1.0	-1.0	29.0	39.0	-1.0	38.0	-1.0	-1.0	31.0	26.0	
43.0	-1.0	22.0	36.0	16.0	-1.0	-1.0	-1.0	35.0	28.0	-1.0	-1.0	43.0	39.0	46.0	-1.0	-1.0	29.0	39.0	-1.0	38.0	-1.0	28.0	31.0	26.0	
-1.0	-1.0	22.0	36.0	16.0	44.0	41.0	39.0	35.0	28.0	-1.0	-1.0	43.0	39.0	46.0	-1.0	-1.0	29.0	39.0	47.0	38.0	-1.0	28.0	31.0	26.0	
-1.0	-1.0	22.0	-1.0	16.0	44.0	-1.0	39.0	35.0	28.0	-1.0	-1.0	43.0	39.0	46.0	-1.0	-1.0	-1.0	39.0	-1.0	38.0	27.0	-1.0	31.0	26.0	

maxX :
38.0	38.0	38.0	38.0	38.0	

maxW :
47.0	44.0	46.0	47.0	46.0	

minX :
0.0	0.0	0.0	0.0	10.0	

minW :
16.0	16.0	16.0	16.0	16.0	

moyX :
23.473684210526315	21.133333333333333	20.866666666666667	22.944444444444443	21.714285714285715	

moyW :
33.8421052631579	34.2	33.266666666666666	34.833333333333336	33.785714285714285	

medX :
26.0	18.0	18.0	26.0	21.0	

medW :
35.0	36.0	35.0	37.0	36.5	

ecartTypeX :
10.106633678991717	10.990096551997267	10.391449476479314	11.137884410237094	9.090250439961734	

ecartTypeW :
8.298783410487516	7.713192162349732	8.193222131059848	8.381527307120106	8.628677861216808	

varX :
102.14404432132964	120.7822222222222	107.9822222222222	124.05246913580248	82.63265306122449	

varW :
68.86980609418282	59.49333333333333	67.12888888888888	70.25000000000001	74.45408163265306	

covarX :
107.8187134502924	129.4095238095238	115.69523809523807	131.3496732026144	88.98901098901099	

covarW :
72.69590643274853	63.74285714285714	71.92380952380951	74.38235294117646	80.18131868131867	

coef_variationX :
0.43055165897049913	0.5200361144478202	0.4979927864127467	0.4854283762330937	0.4186299544719219	

coef_variationW :
0.24522066065204168	0.22553193457162957	0.2462892424166287	0.2406180088168451	0.25539427073368987	

moy_distances_centre :	29.0
min_distances_centre :	29.0
max_distances_centre :	29.0
med_distances_centre :	29.0
ecartType_distances_centre :	0.0
var_distances_centre :	0.0
covar_distances_centre :	0.0
coef_variation_distances_centre :	0.0
capacite_X_temoin : 
19.0	20.0	
21.0	20.0	
19.0	19.0	
23.0	20.0	
22.0	24.0	

capacite_W_temoin : 
11.7	20.0	
20.3	18.0	
16.7	17.7	
17.9	20.0	
20.6	25.2	

demande_cumulee_X : 
13.0	6.0	
7.0	8.0	
8.0	7.0	
12.0	6.0	
8.0	6.0	

demande_cumulee_W : 
6.0	13.0	
8.0	7.0	
7.0	8.0	
6.0	12.0	
6.0	8.0	

capacite_residuelle_X : 
6.0	14.0	
14.0	12.0	
11.0	12.0	
11.0	14.0	
14.0	18.0	

capacite_residuelle_W : 
5.699999999999999	7.0	
12.3	11.0	
9.7	9.7	
11.899999999999999	8.0	
14.600000000000001	17.2	

min_capacite_X : 
19.0	20.0	19.0	20.0	22.0	

min_capacite_W : 
11.7	18.0	16.7	17.9	20.6	

max_capacite_X : 
20.0	21.0	19.0	23.0	24.0	

max_capacite_W : 
20.0	20.3	17.7	20.0	25.2	

moy_capacite_X : 
19.5	20.5	19.0	21.5	23.0	

moy_capacite_W : 
15.85	19.15	17.2	18.95	22.9	

med_capacite_X : 
19.5	20.5	19.0	21.5	23.0	

med_capacite_W : 
15.85	19.15	17.2	18.95	22.9	

ecartType_capacite_X : 
0.5	0.5	0.0	1.5	1.0	

ecartType_capacite_W : 
4.15	1.1500000000000004	0.5	1.0500000000000007	2.299999999999999	

var_capacite_X : 
0.25	0.25	0.0	2.25	1.0	

var_capacite_W : 
17.222500000000004	1.3225000000000007	0.25	1.1025000000000016	5.289999999999996	

covar_capacite_X : 
0.5	0.5	0.0	4.5	2.0	

covar_capacite_W : 
34.44500000000001	2.6450000000000014	0.5	2.205000000000003	10.579999999999991	

##########	##########	##########	##########	##########	##########	##########	##########	##########	##########	##########	##########	##########	##########	##########	##########	##########	##########	##########	##########	##########	##########	##########	##########	##########	nombre de noeuds : 25
nombre de strates : 5
nombre de centres : 2
titre : fenetre
instances : alea25_2_2
temps de calcul : 0.0013458728790283203
valeur objective : 450.0
nombre de solutions : 1
nombre de noeuds : 0.0
faisability : True
centre : [17, 20]
moy_distances :	34.54
min_distances :	10.0
max_distances :	64.0
var_distances :	127.08812222222222
covar_distances :	127.30028937117419
ecartType_distances :	11.27333678296813
coef_variation	: 0.32635347243949037
distances_centre_x :
-1.0	16.0	22.0	33.0	16.0	30.0	-1.0	39.0	19.0	28.0	-1.0	26.0	15.0	-1.0	41.0	39.0	29.0	-1.0	33.0	31.0	0.0	27.0	-1.0	15.0	18.0	
-1.0	-1.0	22.0	33.0	16.0	30.0	41.0	39.0	19.0	-1.0	32.0	-1.0	15.0	10.0	-1.0	-1.0	-1.0	0.0	33.0	-1.0	0.0	-1.0	-1.0	15.0	18.0	
43.0	-1.0	22.0	33.0	16.0	-1.0	-1.0	-1.0	19.0	28.0	-1.0	-1.0	15.0	10.0	41.0	-1.0	-1.0	0.0	33.0	-1.0	0.0	-1.0	28.0	15.0	18.0	
-1.0	-1.0	22.0	33.0	16.0	30.0	41.0	39.0	19.0	28.0	-1.0	-1.0	15.0	10.0	41.0	-1.0	-1.0	0.0	33.0	31.0	0.0	-1.0	28.0	15.0	18.0	
-1.0	-1.0	22.0	-1.0	16.0	30.0	-1.0	39.0	19.0	28.0	-1.0	-1.0	15.0	10.0	41.0	-1.0	-1.0	-1.0	33.0	-1.0	0.0	27.0	-1.0	15.0	18.0	

distances_centre_w :
-1.0	32.0	26.0	42.0	32.0	44.0	-1.0	44.0	35.0	42.0	-1.0	31.0	31.0	-1.0	46.0	50.0	38.0	-1.0	39.0	47.0	16.0	33.0	-1.0	31.0	34.0	
-1.0	-1.0	26.0	42.0	32.0	44.0	41.0	44.0	35.0	-1.0	48.0	-1.0	31.0	26.0	-1.0	-1.0	-1.0	16.0	39.0	-1.0	16.0	-1.0	-1.0	31.0	34.0	
52.0	-1.0	26.0	42.0	32.0	-1.0	-1.0	-1.0	35.0	42.0	-1.0	-1.0	31.0	26.0	46.0	-1.0	-1.0	16.0	39.0	-1.0	16.0	-1.0	34.0	31.0	34.0	
-1.0	-1.0	26.0	42.0	32.0	44.0	41.0	44.0	35.0	42.0	-1.0	-1.0	31.0	26.0	46.0	-1.0	-1.0	16.0	39.0	47.0	16.0	-1.0	34.0	31.0	34.0	
-1.0	-1.0	26.0	-1.0	32.0	44.0	-1.0	44.0	35.0	42.0	-1.0	-1.0	31.0	26.0	46.0	-1.0	-1.0	-1.0	39.0	-1.0	16.0	33.0	-1.0	31.0	34.0	

maxX :
41.0	41.0	43.0	41.0	41.0	

maxW :
50.0	48.0	52.0	47.0	46.0	

minX :
0.0	0.0	0.0	0.0	0.0	

minW :
16.0	16.0	16.0	16.0	16.0	

moyX :
25.105263157894736	21.533333333333335	21.4	23.27777777777778	22.357142857142858	

moyW :
36.473684210526315	33.666666666666664	33.46666666666667	34.77777777777778	34.214285714285715	

medX :
27.0	19.0	19.0	25.0	20.5	

medW :
35.0	34.0	34.0	34.5	33.5	

ecartTypeX :
10.124980763293514	12.44650776545596	12.600529089420546	12.273754997081987	10.958409314032652	

ecartTypeW :
8.100477055819365	9.421016694367735	9.715051323704998	9.138171197756485	8.054976912519644	

varX :
102.51523545706372	154.91555555555553	158.77333333333334	150.64506172839504	120.08673469387756	

varW :
65.61772853185596	88.75555555555555	94.38222222222223	83.50617283950618	64.88265306122449	

covarX :
108.21052631578948	165.98095238095235	170.1142857142857	159.50653594771242	129.32417582417582	

covarW :
69.26315789473684	95.09523809523809	101.12380952380951	88.41830065359477	69.87362637362637	

coef_variationX :
0.40330112055047546	0.5780111965382024	0.5888097705336703	0.5272734843615173	0.49015249327941574	

coef_variationW :
0.22209100153040107	0.2798321790406258	0.2902903781983565	0.26275891622941966	0.23542730015715033	

moy_distances_centre :	16.0
min_distances_centre :	16.0
max_distances_centre :	16.0
med_distances_centre :	16.0
ecartType_distances_centre :	0.0
var_distances_centre :	0.0
covar_distances_centre :	0.0
coef_variation_distances_centre :	0.0
capacite_X_temoin : 
20.0	19.0	
20.0	19.0	
19.0	19.0	
20.0	22.0	
24.0	21.0	

capacite_W_temoin : 
15.0	16.7	
17.0	18.7	
14.7	19.7	
15.0	21.6	
23.2	21.3	

demande_cumulee_X : 
11.0	8.0	
9.0	6.0	
10.0	5.0	
11.0	7.0	
8.0	6.0	

demande_cumulee_W : 
8.0	11.0	
6.0	9.0	
5.0	10.0	
7.0	11.0	
6.0	8.0	

capacite_residuelle_X : 
9.0	11.0	
11.0	13.0	
9.0	14.0	
9.0	15.0	
16.0	15.0	

capacite_residuelle_W : 
7.0	5.699999999999999	
11.0	9.7	
9.7	9.7	
8.0	10.600000000000001	
17.2	13.3	

min_capacite_X : 
19.0	19.0	19.0	20.0	21.0	

min_capacite_W : 
15.0	17.0	14.7	15.0	21.3	

max_capacite_X : 
20.0	20.0	19.0	22.0	24.0	

max_capacite_W : 
16.7	18.7	19.7	21.6	23.2	

moy_capacite_X : 
19.5	19.5	19.0	21.0	22.5	

moy_capacite_W : 
15.85	17.85	17.2	18.3	22.25	

med_capacite_X : 
19.5	19.5	19.0	21.0	22.5	

med_capacite_W : 
15.85	17.85	17.2	18.3	22.25	

ecartType_capacite_X : 
0.5	0.5	0.0	1.0	1.5	

ecartType_capacite_W : 
0.8499999999999996	0.8499999999999996	2.5	3.3000000000000007	0.9499999999999993	

var_capacite_X : 
0.25	0.25	0.0	1.0	2.25	

var_capacite_W : 
0.7224999999999994	0.7224999999999994	6.25	10.890000000000004	0.9024999999999986	

covar_capacite_X : 
0.5	0.5	0.0	2.0	4.5	

covar_capacite_W : 
1.4449999999999987	1.4449999999999987	12.5	21.78000000000001	1.8049999999999973	

##########	##########	##########	##########	##########	##########	##########	##########	##########	##########	##########	##########	##########	##########	##########	##########	##########	##########	##########	##########	##########	##########	##########	##########	##########	