nombre de noeuds : 50
nombre de strates : 5
nombre de centres : 10
titre : fenetre
instances : alea50_10_1
temps de calcul : 0.05292320251464844
valeur objective : 282.0
nombre de solutions : 4
nombre de noeuds : 1.0
faisability : True
centre : [5, 29, 22, 30, 1, 24, 40, 33, 36, 14]
moy_distances :	29.43
min_distances :	10.0
max_distances :	52.0
var_distances :	65.64921016243231
covar_distances :	65.67601669986084
ecartType_distances :	8.10242001888524
coef_variation	: 0.27530967832948017
distances_centre_x :
13.0	0.0	-1.0	14.0	-1.0	0.0	22.0	10.0	20.0	23.0	-1.0	22.0	13.0	22.0	-1.0	23.0	13.0	-1.0	11.0	18.0	12.0	-1.0	0.0	26.0	0.0	26.0	-1.0	18.0	15.0	0.0	-1.0	21.0	-1.0	0.0	-1.0	-1.0	-1.0	-1.0	15.0	14.0	-1.0	12.0	12.0	-1.0	12.0	-1.0	10.0	-1.0	-1.0	13.0	
-1.0	-1.0	-1.0	-1.0	-1.0	-1.0	-1.0	-1.0	-1.0	-1.0	-1.0	-1.0	-1.0	-1.0	-1.0	-1.0	-1.0	-1.0	-1.0	-1.0	-1.0	-1.0	-1.0	-1.0	-1.0	-1.0	-1.0	-1.0	-1.0	-1.0	-1.0	-1.0	-1.0	-1.0	-1.0	-1.0	-1.0	-1.0	-1.0	-1.0	-1.0	-1.0	-1.0	-1.0	-1.0	-1.0	-1.0	-1.0	-1.0	-1.0	
-1.0	-1.0	-1.0	-1.0	-1.0	-1.0	-1.0	-1.0	-1.0	-1.0	-1.0	-1.0	-1.0	-1.0	-1.0	-1.0	-1.0	-1.0	-1.0	-1.0	-1.0	-1.0	-1.0	-1.0	-1.0	-1.0	-1.0	-1.0	-1.0	-1.0	-1.0	-1.0	-1.0	-1.0	-1.0	-1.0	-1.0	-1.0	-1.0	-1.0	0.0	-1.0	-1.0	-1.0	-1.0	-1.0	-1.0	-1.0	-1.0	-1.0	
-1.0	-1.0	-1.0	-1.0	-1.0	-1.0	26.0	-1.0	-1.0	23.0	12.0	-1.0	-1.0	-1.0	-1.0	-1.0	-1.0	-1.0	-1.0	-1.0	-1.0	-1.0	-1.0	-1.0	-1.0	-1.0	-1.0	-1.0	-1.0	-1.0	-1.0	-1.0	-1.0	-1.0	-1.0	-1.0	-1.0	-1.0	-1.0	-1.0	-1.0	-1.0	-1.0	-1.0	19.0	-1.0	-1.0	-1.0	-1.0	-1.0	
13.0	-1.0	-1.0	14.0	-1.0	-1.0	22.0	-1.0	20.0	23.0	-1.0	22.0	13.0	22.0	-1.0	-1.0	13.0	13.0	11.0	-1.0	-1.0	-1.0	0.0	-1.0	0.0	26.0	-1.0	18.0	15.0	0.0	-1.0	21.0	13.0	0.0	23.0	-1.0	0.0	23.0	15.0	14.0	-1.0	12.0	12.0	24.0	12.0	-1.0	10.0	11.0	-1.0	-1.0	

distances_centre_w :
19.0	22.0	-1.0	28.0	-1.0	13.0	26.0	10.0	20.0	23.0	-1.0	27.0	21.0	23.0	-1.0	24.0	23.0	-1.0	22.0	25.0	21.0	-1.0	22.0	30.0	13.0	28.0	-1.0	18.0	23.0	16.0	-1.0	25.0	-1.0	25.0	-1.0	-1.0	-1.0	-1.0	20.0	26.0	-1.0	23.0	21.0	-1.0	22.0	-1.0	21.0	-1.0	-1.0	29.0	
-1.0	-1.0	-1.0	-1.0	-1.0	-1.0	-1.0	-1.0	-1.0	-1.0	-1.0	-1.0	-1.0	-1.0	-1.0	-1.0	-1.0	-1.0	-1.0	-1.0	-1.0	-1.0	-1.0	-1.0	-1.0	-1.0	-1.0	-1.0	-1.0	-1.0	-1.0	-1.0	-1.0	-1.0	-1.0	-1.0	-1.0	-1.0	-1.0	-1.0	-1.0	-1.0	-1.0	-1.0	-1.0	-1.0	-1.0	-1.0	-1.0	-1.0	
-1.0	-1.0	26.0	-1.0	-1.0	-1.0	-1.0	-1.0	-1.0	-1.0	-1.0	-1.0	-1.0	-1.0	-1.0	-1.0	-1.0	-1.0	-1.0	-1.0	-1.0	-1.0	-1.0	-1.0	-1.0	-1.0	-1.0	-1.0	-1.0	-1.0	-1.0	-1.0	-1.0	-1.0	-1.0	-1.0	-1.0	-1.0	-1.0	-1.0	-1.0	-1.0	-1.0	-1.0	-1.0	-1.0	-1.0	-1.0	-1.0	-1.0	
-1.0	-1.0	-1.0	-1.0	-1.0	-1.0	-1.0	-1.0	-1.0	-1.0	-1.0	-1.0	-1.0	-1.0	-1.0	-1.0	-1.0	-1.0	-1.0	-1.0	-1.0	-1.0	-1.0	33.0	-1.0	-1.0	-1.0	18.0	31.0	-1.0	-1.0	-1.0	-1.0	-1.0	-1.0	-1.0	-1.0	-1.0	-1.0	-1.0	-1.0	-1.0	-1.0	-1.0	-1.0	-1.0	-1.0	-1.0	-1.0	-1.0	
19.0	-1.0	-1.0	28.0	-1.0	-1.0	26.0	-1.0	20.0	23.0	-1.0	27.0	21.0	23.0	-1.0	-1.0	23.0	23.0	22.0	-1.0	-1.0	-1.0	22.0	-1.0	13.0	28.0	-1.0	18.0	23.0	16.0	-1.0	25.0	14.0	25.0	29.0	-1.0	20.0	31.0	20.0	26.0	-1.0	23.0	21.0	25.0	22.0	-1.0	21.0	24.0	-1.0	-1.0	

maxX :
26.0	nan	0.0	26.0	26.0	

maxW :
30.0	nan	26.0	33.0	31.0	

minX :
0.0	nan	0.0	12.0	0.0	

minW :
10.0	nan	26.0	18.0	13.0	

moyX :
13.4375	nan	0.0	20.0	14.03225806451613	

moyW :
22.15625	nan	26.0	27.333333333333332	22.612903225806452	

medX :
13.0	nan	0.0	21.0	13.0	

medW :
22.5	nan	26.0	31.0	23.0	

ecartTypeX :
7.881693583868889	nan	0.0	5.244044240850758	7.647406775176512	

ecartTypeW :
4.528447409156918	nan	0.0	6.649979114420001	4.03754492119094	

varX :
62.12109375	nan	0.0	27.5	58.48283038501562	

varW :
20.5068359375	nan	0.0	44.22222222222222	16.301768990634756	

covarX :
64.125	nan	nan	36.666666666666664	60.43225806451614	

covarW :
21.168346774193548	nan	nan	66.33333333333333	16.84516129032258	

coef_variationX :
0.5865446387995452	nan	nan	0.2622022120425379	0.5449876092654525	

coef_variationW :
0.20438690704234327	nan	0.0	0.24329191882024392	0.17855048866892886	

moy_distances_centre :	24.822222222222223
min_distances_centre :	10.0
max_distances_centre :	39.0
med_distances_centre :	26.0
ecartType_distances_centre :	7.224307391297149
var_distances_centre :	52.190617283950616
covar_distances_centre :	52.77702871410737
coef_variation_distances_centre :	0.2910419271337258
capacite_X_temoin : 
43.0	45.0	49.0	39.0	40.0	47.0	43.0	48.0	46.0	48.0	
48.0	49.0	45.0	45.0	39.0	47.0	49.0	42.0	41.0	0.0	
44.0	44.0	46.0	48.0	48.0	44.0	48.0	48.0	0.0	42.0	
43.0	41.0	0.0	43.0	39.0	46.0	42.0	0.0	47.0	49.0	
39.0	46.0	41.0	46.0	48.0	39.0	38.0	46.0	49.0	48.0	

capacite_W_temoin : 
46.9	55.5	59.7	47.7	49.0	59.1	52.9	58.4	58.8	62.4	
55.4	61.7	56.5	52.5	48.7	59.1	61.7	50.6	52.3	0.0	
47.2	55.2	55.8	59.4	60.4	56.2	59.4	58.4	0.0	53.6	
44.9	50.3	0.0	52.9	48.7	58.8	50.6	0.0	59.1	61.7	
44.7	56.8	50.3	55.8	60.4	48.7	46.4	54.8	60.7	62.4	

demande_cumulee_X : 
9.0	3.0	4.0	3.0	3.0	2.0	3.0	4.0	1.0	0.0	
7.0	2.0	2.0	6.0	2.0	2.0	2.0	4.0	1.0	0.0	
10.0	2.0	4.0	3.0	2.0	1.0	3.0	4.0	0.0	1.0	
11.0	3.0	0.0	3.0	2.0	1.0	4.0	0.0	2.0	2.0	
6.0	3.0	3.0	4.0	2.0	2.0	3.0	5.0	3.0	0.0	

demande_cumulee_W : 
12.0	1.0	5.0	4.0	1.0	0.0	2.0	2.0	5.0	0.0	
9.0	2.0	6.0	2.0	0.0	0.0	4.0	0.0	5.0	0.0	
10.0	5.0	5.0	7.0	1.0	0.0	1.0	0.0	0.0	1.0	
9.0	2.0	0.0	6.0	1.0	5.0	2.0	0.0	3.0	0.0	
12.0	3.0	4.0	4.0	2.0	2.0	1.0	0.0	3.0	0.0	

capacite_residuelle_X : 
34.0	42.0	45.0	36.0	37.0	45.0	40.0	44.0	45.0	48.0	
41.0	47.0	43.0	39.0	37.0	45.0	47.0	38.0	40.0	0.0	
34.0	42.0	42.0	45.0	46.0	43.0	45.0	44.0	0.0	41.0	
32.0	38.0	0.0	40.0	37.0	45.0	38.0	0.0	45.0	47.0	
33.0	43.0	38.0	42.0	46.0	37.0	35.0	41.0	46.0	48.0	

capacite_residuelle_W : 
34.9	54.5	54.7	43.7	48.0	59.1	50.9	56.4	53.8	62.4	
46.4	59.7	50.5	50.5	48.7	59.1	57.7	50.6	47.3	0.0	
37.2	50.2	50.8	52.4	59.4	56.2	58.4	58.4	0.0	52.6	
35.9	48.3	0.0	46.9	47.7	53.8	48.6	0.0	56.1	61.7	
32.7	53.8	46.3	51.8	58.4	46.7	45.4	54.8	57.7	62.4	

min_capacite_X : 
39.0	0.0	0.0	0.0	38.0	

min_capacite_W : 
46.9	0.0	0.0	0.0	44.7	

max_capacite_X : 
49.0	49.0	48.0	49.0	49.0	

max_capacite_W : 
62.4	61.7	60.4	61.7	62.4	

moy_capacite_X : 
44.8	40.5	41.2	35.0	44.0	

moy_capacite_W : 
55.04	49.85000000000001	50.56	42.7	54.1	

med_capacite_X : 
45.5	45.0	45.0	42.5	46.0	

med_capacite_W : 
56.95	53.95	56.0	50.45	55.3	

ecartType_capacite_X : 
3.2802438933713454	13.887044321957067	13.891004283348272	17.72004514666935	4.049691346263317	

ecartType_capacite_W : 
5.283975775871801	17.15040815840836	17.24013921057484	21.910727965998756	5.950294110378073	

var_capacite_X : 
10.760000000000002	192.85	192.96	314.0	16.4	

var_capacite_W : 
27.9204	294.1365	297.2224	480.08000000000004	35.40599999999999	

covar_capacite_X : 
11.955555555555557	214.27777777777777	214.4	348.88888888888886	18.22222222222222	

covar_capacite_W : 
31.022666666666666	326.8183333333333	330.24711111111105	533.4222222222222	39.33999999999999	

##########	##########	##########	##########	##########	##########	##########	##########	##########	##########	##########	##########	##########	##########	##########	##########	##########	##########	##########	##########	##########	##########	##########	##########	##########	##########	##########	##########	##########	##########	##########	##########	##########	##########	##########	##########	##########	##########	##########	##########	##########	##########	##########	##########	##########	##########	##########	##########	##########	##########	nombre de noeuds : 50
nombre de strates : 5
nombre de centres : 10
titre : fenetre
instances : alea50_10_1
temps de calcul : 0.050863027572631836
valeur objective : 275.0
nombre de solutions : 4
nombre de noeuds : 1.0
faisability : True
centre : [29, 22, 30, 1, 24, 40, 33, 36, 14, 23]
moy_distances :	29.43
min_distances :	10.0
max_distances :	52.0
var_distances :	65.64921016243231
covar_distances :	65.67601669986084
ecartType_distances :	8.10242001888524
coef_variation	: 0.27530967832948017
distances_centre_x :
13.0	0.0	-1.0	14.0	-1.0	13.0	22.0	10.0	20.0	23.0	-1.0	22.0	13.0	11.0	-1.0	23.0	22.0	-1.0	11.0	18.0	12.0	-1.0	0.0	0.0	0.0	25.0	-1.0	18.0	11.0	0.0	-1.0	21.0	-1.0	0.0	-1.0	-1.0	-1.0	-1.0	15.0	19.0	-1.0	12.0	12.0	-1.0	12.0	-1.0	10.0	-1.0	-1.0	13.0	
-1.0	-1.0	-1.0	-1.0	-1.0	-1.0	-1.0	-1.0	-1.0	-1.0	-1.0	-1.0	-1.0	-1.0	-1.0	-1.0	-1.0	-1.0	-1.0	-1.0	-1.0	-1.0	-1.0	-1.0	-1.0	-1.0	-1.0	-1.0	-1.0	-1.0	-1.0	-1.0	-1.0	-1.0	-1.0	-1.0	-1.0	-1.0	-1.0	-1.0	-1.0	-1.0	-1.0	-1.0	-1.0	-1.0	-1.0	-1.0	-1.0	-1.0	
-1.0	-1.0	-1.0	-1.0	-1.0	-1.0	-1.0	-1.0	-1.0	-1.0	-1.0	-1.0	-1.0	-1.0	-1.0	-1.0	-1.0	-1.0	-1.0	-1.0	-1.0	-1.0	-1.0	-1.0	-1.0	-1.0	-1.0	-1.0	-1.0	-1.0	-1.0	-1.0	-1.0	-1.0	-1.0	-1.0	-1.0	-1.0	-1.0	-1.0	0.0	-1.0	-1.0	-1.0	-1.0	-1.0	-1.0	-1.0	-1.0	-1.0	
-1.0	-1.0	-1.0	-1.0	-1.0	-1.0	26.0	10.0	-1.0	23.0	12.0	-1.0	-1.0	-1.0	-1.0	-1.0	-1.0	-1.0	-1.0	-1.0	-1.0	-1.0	-1.0	-1.0	-1.0	-1.0	-1.0	-1.0	-1.0	-1.0	-1.0	-1.0	-1.0	-1.0	10.0	-1.0	-1.0	-1.0	-1.0	-1.0	-1.0	-1.0	-1.0	-1.0	-1.0	-1.0	-1.0	-1.0	-1.0	-1.0	
13.0	-1.0	-1.0	14.0	-1.0	-1.0	22.0	-1.0	20.0	23.0	-1.0	22.0	13.0	11.0	-1.0	-1.0	22.0	13.0	11.0	-1.0	-1.0	-1.0	0.0	-1.0	0.0	25.0	-1.0	18.0	11.0	0.0	-1.0	21.0	13.0	0.0	23.0	-1.0	0.0	23.0	15.0	19.0	-1.0	12.0	12.0	22.0	12.0	-1.0	10.0	24.0	-1.0	-1.0	

distances_centre_w :
24.0	22.0	-1.0	28.0	-1.0	13.0	26.0	10.0	20.0	23.0	-1.0	27.0	21.0	22.0	-1.0	24.0	23.0	-1.0	22.0	25.0	21.0	-1.0	22.0	26.0	13.0	26.0	-1.0	18.0	15.0	16.0	-1.0	25.0	-1.0	25.0	-1.0	-1.0	-1.0	-1.0	20.0	23.0	-1.0	23.0	21.0	-1.0	22.0	-1.0	21.0	-1.0	-1.0	13.0	
-1.0	-1.0	-1.0	-1.0	-1.0	-1.0	-1.0	-1.0	-1.0	-1.0	-1.0	-1.0	-1.0	-1.0	-1.0	-1.0	-1.0	-1.0	-1.0	-1.0	-1.0	-1.0	-1.0	-1.0	-1.0	-1.0	-1.0	-1.0	-1.0	-1.0	-1.0	-1.0	-1.0	-1.0	-1.0	-1.0	-1.0	-1.0	-1.0	-1.0	-1.0	-1.0	-1.0	-1.0	-1.0	-1.0	-1.0	-1.0	-1.0	-1.0	
-1.0	-1.0	-1.0	-1.0	-1.0	-1.0	-1.0	-1.0	-1.0	-1.0	-1.0	-1.0	-1.0	-1.0	-1.0	-1.0	-1.0	26.0	-1.0	-1.0	-1.0	-1.0	-1.0	-1.0	21.0	-1.0	-1.0	-1.0	-1.0	-1.0	-1.0	-1.0	-1.0	-1.0	-1.0	-1.0	-1.0	-1.0	-1.0	-1.0	-1.0	-1.0	-1.0	-1.0	-1.0	-1.0	-1.0	-1.0	-1.0	-1.0	
-1.0	-1.0	-1.0	-1.0	-1.0	-1.0	-1.0	-1.0	-1.0	-1.0	-1.0	-1.0	-1.0	-1.0	-1.0	-1.0	-1.0	-1.0	-1.0	-1.0	-1.0	-1.0	-1.0	-1.0	13.0	-1.0	-1.0	18.0	-1.0	-1.0	-1.0	-1.0	-1.0	-1.0	-1.0	-1.0	-1.0	-1.0	-1.0	-1.0	-1.0	-1.0	-1.0	-1.0	-1.0	-1.0	-1.0	-1.0	-1.0	-1.0	
24.0	-1.0	-1.0	28.0	-1.0	-1.0	26.0	-1.0	20.0	23.0	-1.0	27.0	21.0	22.0	-1.0	-1.0	23.0	26.0	22.0	-1.0	-1.0	-1.0	22.0	-1.0	13.0	26.0	-1.0	18.0	15.0	16.0	-1.0	25.0	23.0	25.0	31.0	-1.0	20.0	31.0	20.0	23.0	-1.0	23.0	21.0	25.0	22.0	-1.0	21.0	24.0	-1.0	-1.0	

maxX :
25.0	nan	0.0	26.0	25.0	

maxW :
28.0	nan	26.0	18.0	31.0	

minX :
0.0	nan	0.0	10.0	0.0	

minW :
10.0	nan	21.0	13.0	13.0	

moyX :
12.96875	nan	0.0	16.2	14.32258064516129	

moyW :
21.25	nan	23.5	15.5	22.774193548387096	

medX :
13.0	nan	0.0	12.0	13.0	

medW :
22.0	nan	23.5	15.5	23.0	

ecartTypeX :
7.580750189625035	nan	0.0	6.881860213634101	7.793243959019036	

ecartTypeW :
4.437059837324712	nan	2.5	2.5	3.973376539396857	

varX :
57.4677734375	nan	0.0	47.36	60.734651404786696	

varW :
19.6875	nan	6.25	6.25	15.787721123829343	

covarX :
59.32157258064516	nan	nan	59.2	62.75913978494624	

covarW :
20.32258064516129	nan	12.5	12.5	16.313978494623655	

coef_variationX :
0.584539773657834	nan	nan	0.4248061860267964	0.5441228890306083	

coef_variationW :
0.2088028158741041	nan	0.10638297872340426	0.16129032258064516	0.17446837495935208	

moy_distances_centre :	26.244444444444444
min_distances_centre :	10.0
max_distances_centre :	43.0
med_distances_centre :	27.0
ecartType_distances_centre :	7.680149175505948
var_distances_centre :	58.98469135802469
covar_distances_centre :	59.64744069912608
coef_variation_distances_centre :	0.2926390456373985
capacite_X_temoin : 
43.0	49.0	39.0	49.0	40.0	47.0	43.0	48.0	46.0	48.0	
48.0	45.0	45.0	0.0	39.0	47.0	49.0	42.0	41.0	0.0	
44.0	46.0	48.0	49.0	48.0	44.0	48.0	48.0	0.0	42.0	
43.0	0.0	43.0	42.0	39.0	46.0	42.0	0.0	47.0	49.0	
39.0	41.0	46.0	40.0	48.0	39.0	38.0	46.0	49.0	48.0	

capacite_W_temoin : 
49.9	60.7	47.7	58.7	49.0	58.1	52.9	58.4	57.8	62.4	
55.4	56.5	52.5	0.0	48.7	58.1	60.7	50.6	52.3	0.0	
50.2	56.8	59.4	57.7	60.4	55.2	59.4	59.4	0.0	53.6	
48.9	0.0	53.9	47.6	48.7	58.8	50.6	0.0	57.1	62.7	
46.7	51.3	55.8	47.0	59.4	47.7	46.4	55.8	60.7	62.4	

demande_cumulee_X : 
6.0	3.0	3.0	5.0	3.0	3.0	3.0	4.0	2.0	0.0	
7.0	2.0	6.0	0.0	2.0	3.0	3.0	4.0	1.0	0.0	
7.0	3.0	3.0	6.0	2.0	2.0	3.0	3.0	0.0	1.0	
7.0	0.0	2.0	7.0	2.0	1.0	4.0	0.0	4.0	1.0	
4.0	2.0	4.0	5.0	3.0	3.0	3.0	4.0	3.0	0.0	

demande_cumulee_W : 
15.0	4.0	3.0	1.0	1.0	2.0	1.0	0.0	5.0	0.0	
9.0	6.0	1.0	0.0	1.0	1.0	3.0	1.0	6.0	0.0	
12.0	7.0	4.0	2.0	1.0	0.0	1.0	1.0	0.0	2.0	
13.0	0.0	8.0	2.0	0.0	3.0	0.0	0.0	2.0	0.0	
14.0	3.0	3.0	3.0	1.0	0.0	2.0	0.0	4.0	1.0	

capacite_residuelle_X : 
37.0	46.0	36.0	44.0	37.0	44.0	40.0	44.0	44.0	48.0	
41.0	43.0	39.0	0.0	37.0	44.0	46.0	38.0	40.0	0.0	
37.0	43.0	45.0	43.0	46.0	42.0	45.0	45.0	0.0	41.0	
36.0	0.0	41.0	35.0	37.0	45.0	38.0	0.0	43.0	48.0	
35.0	39.0	42.0	35.0	45.0	36.0	35.0	42.0	46.0	48.0	

capacite_residuelle_W : 
34.9	56.7	44.7	57.7	48.0	56.1	51.9	58.4	52.8	62.4	
46.4	50.5	51.5	0.0	47.7	57.1	57.7	49.6	46.3	0.0	
38.2	49.8	55.4	55.7	59.4	55.2	58.4	58.4	0.0	51.6	
35.9	0.0	45.9	45.6	48.7	55.8	50.6	0.0	55.1	62.7	
32.7	48.3	52.8	44.0	58.4	47.7	44.4	55.8	56.7	61.4	

min_capacite_X : 
39.0	0.0	0.0	0.0	38.0	

min_capacite_W : 
47.7	0.0	0.0	0.0	46.4	

max_capacite_X : 
49.0	49.0	49.0	49.0	49.0	

max_capacite_W : 
62.4	60.7	60.4	62.7	62.4	

moy_capacite_X : 
45.2	35.6	41.7	35.1	43.4	

moy_capacite_W : 
55.56	43.480000000000004	51.21	42.83	53.32000000000001	

med_capacite_X : 
46.5	43.5	47.0	42.5	43.5	

med_capacite_W : 
57.95	52.4	57.25	49.75	53.55	

ecartType_capacite_X : 
3.5156791662493894	18.045498053531247	14.071602609511114	17.756407294269863	4.1521078984053394	

ecartType_capacite_W : 
4.965118326888091	21.999990909089032	17.332538763839533	21.907261353259106	5.945552959986144	

var_capacite_X : 
12.360000000000001	325.64	198.01	315.29	17.240000000000002	

var_capacite_W : 
24.6524	483.9996	300.41690000000006	479.9281	35.349599999999995	

covar_capacite_X : 
13.733333333333336	361.82222222222225	220.01111111111112	350.3222222222222	19.155555555555555	

covar_capacite_W : 
27.391555555555556	537.7773333333333	333.7965555555556	533.2534444444444	39.27733333333333	

##########	##########	##########	##########	##########	##########	##########	##########	##########	##########	##########	##########	##########	##########	##########	##########	##########	##########	##########	##########	##########	##########	##########	##########	##########	##########	##########	##########	##########	##########	##########	##########	##########	##########	##########	##########	##########	##########	##########	##########	##########	##########	##########	##########	##########	##########	##########	##########	##########	##########	nombre de noeuds : 50
nombre de strates : 5
nombre de centres : 10
titre : fenetre
instances : alea50_10_1
temps de calcul : 0.04748821258544922
valeur objective : 290.0
nombre de solutions : 3
nombre de noeuds : 0.0
faisability : True
centre : [22, 30, 1, 24, 40, 33, 36, 14, 23, 7]
moy_distances :	29.43
min_distances :	10.0
max_distances :	52.0
var_distances :	65.64921016243231
covar_distances :	65.67601669986084
ecartType_distances :	8.10242001888524
coef_variation	: 0.27530967832948017
distances_centre_x :
13.0	0.0	-1.0	28.0	-1.0	13.0	21.0	0.0	20.0	23.0	-1.0	22.0	13.0	11.0	-1.0	23.0	22.0	-1.0	11.0	18.0	11.0	-1.0	0.0	0.0	0.0	25.0	-1.0	18.0	11.0	15.0	-1.0	21.0	-1.0	0.0	-1.0	-1.0	-1.0	-1.0	15.0	19.0	-1.0	12.0	12.0	-1.0	12.0	-1.0	10.0	-1.0	-1.0	13.0	
-1.0	-1.0	-1.0	-1.0	-1.0	-1.0	-1.0	-1.0	-1.0	-1.0	-1.0	-1.0	-1.0	-1.0	-1.0	-1.0	-1.0	-1.0	-1.0	-1.0	-1.0	-1.0	-1.0	-1.0	-1.0	-1.0	-1.0	-1.0	-1.0	-1.0	-1.0	-1.0	-1.0	-1.0	-1.0	-1.0	-1.0	-1.0	-1.0	-1.0	-1.0	-1.0	-1.0	-1.0	-1.0	-1.0	-1.0	-1.0	-1.0	-1.0	
-1.0	-1.0	-1.0	-1.0	-1.0	-1.0	-1.0	-1.0	22.0	-1.0	-1.0	-1.0	-1.0	-1.0	-1.0	-1.0	-1.0	-1.0	-1.0	-1.0	-1.0	-1.0	-1.0	-1.0	-1.0	-1.0	-1.0	-1.0	-1.0	15.0	-1.0	-1.0	-1.0	-1.0	-1.0	-1.0	-1.0	-1.0	-1.0	-1.0	0.0	-1.0	-1.0	-1.0	-1.0	-1.0	-1.0	-1.0	-1.0	-1.0	
-1.0	-1.0	-1.0	-1.0	-1.0	-1.0	26.0	10.0	-1.0	23.0	12.0	-1.0	-1.0	-1.0	-1.0	-1.0	-1.0	-1.0	-1.0	-1.0	-1.0	-1.0	-1.0	-1.0	-1.0	-1.0	-1.0	-1.0	-1.0	-1.0	-1.0	-1.0	-1.0	-1.0	-1.0	-1.0	-1.0	-1.0	-1.0	-1.0	-1.0	-1.0	-1.0	-1.0	-1.0	-1.0	-1.0	-1.0	-1.0	-1.0	
13.0	-1.0	-1.0	28.0	-1.0	-1.0	21.0	-1.0	20.0	23.0	-1.0	22.0	13.0	11.0	-1.0	-1.0	22.0	13.0	11.0	-1.0	-1.0	-1.0	0.0	-1.0	0.0	25.0	-1.0	28.0	11.0	15.0	-1.0	21.0	13.0	0.0	28.0	-1.0	0.0	23.0	15.0	19.0	-1.0	12.0	12.0	22.0	12.0	-1.0	10.0	24.0	-1.0	-1.0	

distances_centre_w :
19.0	10.0	-1.0	29.0	-1.0	13.0	22.0	10.0	20.0	23.0	-1.0	28.0	21.0	22.0	-1.0	24.0	28.0	-1.0	22.0	26.0	21.0	-1.0	21.0	26.0	23.0	25.0	-1.0	18.0	15.0	16.0	-1.0	25.0	-1.0	25.0	-1.0	-1.0	-1.0	-1.0	20.0	26.0	-1.0	22.0	19.0	-1.0	22.0	-1.0	21.0	-1.0	-1.0	23.0	
-1.0	-1.0	-1.0	-1.0	-1.0	-1.0	-1.0	-1.0	-1.0	-1.0	-1.0	-1.0	-1.0	-1.0	-1.0	-1.0	-1.0	-1.0	-1.0	-1.0	-1.0	-1.0	-1.0	-1.0	-1.0	-1.0	-1.0	-1.0	-1.0	-1.0	-1.0	-1.0	-1.0	-1.0	-1.0	-1.0	-1.0	-1.0	-1.0	-1.0	-1.0	-1.0	-1.0	-1.0	-1.0	-1.0	-1.0	-1.0	-1.0	-1.0	
-1.0	-1.0	-1.0	-1.0	-1.0	-1.0	-1.0	-1.0	-1.0	-1.0	-1.0	-1.0	-1.0	-1.0	-1.0	-1.0	-1.0	26.0	-1.0	-1.0	-1.0	-1.0	-1.0	-1.0	-1.0	-1.0	-1.0	-1.0	-1.0	-1.0	-1.0	-1.0	-1.0	-1.0	-1.0	-1.0	-1.0	-1.0	-1.0	-1.0	-1.0	-1.0	-1.0	-1.0	-1.0	-1.0	-1.0	-1.0	-1.0	-1.0	
-1.0	-1.0	-1.0	-1.0	-1.0	-1.0	-1.0	-1.0	-1.0	-1.0	-1.0	-1.0	-1.0	-1.0	-1.0	-1.0	-1.0	-1.0	-1.0	-1.0	-1.0	-1.0	-1.0	-1.0	13.0	-1.0	-1.0	18.0	-1.0	-1.0	-1.0	-1.0	-1.0	-1.0	-1.0	32.0	-1.0	-1.0	-1.0	-1.0	-1.0	-1.0	-1.0	-1.0	-1.0	-1.0	-1.0	-1.0	-1.0	-1.0	
19.0	-1.0	-1.0	29.0	-1.0	-1.0	22.0	-1.0	20.0	30.0	-1.0	28.0	21.0	22.0	-1.0	-1.0	28.0	27.0	22.0	-1.0	-1.0	-1.0	21.0	-1.0	23.0	26.0	-1.0	29.0	15.0	16.0	-1.0	25.0	27.0	25.0	31.0	-1.0	20.0	31.0	20.0	26.0	-1.0	22.0	19.0	25.0	22.0	-1.0	21.0	28.0	-1.0	-1.0	

maxX :
28.0	nan	22.0	26.0	28.0	

maxW :
29.0	nan	26.0	32.0	31.0	

minX :
0.0	nan	0.0	10.0	0.0	

minW :
10.0	nan	26.0	13.0	15.0	

moyX :
13.5	nan	12.333333333333334	17.75	15.709677419354838	

moyW :
21.40625	nan	26.0	21.0	23.870967741935484	

medX :
13.0	nan	15.0	17.5	15.0	

medW :
22.0	nan	26.0	18.0	23.0	

ecartTypeX :
7.976528066771908	nan	9.177266598624136	6.869315832017043	8.184144972335217	

ecartTypeW :
4.6493237075407	nan	0.0	8.04155872120988	4.217795904175781	

varX :
63.625	nan	84.22222222222221	47.1875	66.9802289281998	

varW :
21.6162109375	nan	0.0	64.66666666666667	17.789802289281994	

covarX :
65.6774193548387	nan	126.33333333333333	62.916666666666664	69.21290322580647	

covarW :
22.313508064516128	nan	nan	97.0	18.382795698924728	

coef_variationX :
0.5908539308719932	nan	0.7441026971857407	0.3870037088460306	0.5209620002923855	

coef_variationW :
0.2171946841478867	nan	0.0	0.3829313676766609	0.17669145003979622	

moy_distances_centre :	25.466666666666665
min_distances_centre :	10.0
max_distances_centre :	43.0
med_distances_centre :	26.0
ecartType_distances_centre :	7.886979424624134
var_distances_centre :	62.204444444444434
covar_distances_centre :	62.903370786516845
coef_variation_distances_centre :	0.30969814494597386
capacite_X_temoin : 
43.0	45.0	49.0	39.0	49.0	40.0	43.0	48.0	46.0	48.0	
48.0	44.0	45.0	45.0	0.0	39.0	49.0	42.0	41.0	0.0	
44.0	49.0	46.0	48.0	49.0	48.0	48.0	48.0	0.0	42.0	
43.0	0.0	0.0	43.0	42.0	39.0	42.0	0.0	47.0	49.0	
39.0	42.0	41.0	46.0	40.0	48.0	38.0	46.0	49.0	48.0	

capacite_W_temoin : 
50.9	53.5	62.7	47.7	59.7	49.0	52.9	58.4	56.8	61.4	
54.4	53.2	57.5	54.5	0.0	47.7	61.7	50.6	51.3	0.0	
51.2	60.7	57.8	59.4	57.7	60.4	59.4	60.4	0.0	51.6	
47.9	0.0	0.0	53.9	47.6	47.7	50.6	0.0	58.1	62.7	
47.7	51.6	51.3	55.8	47.0	59.4	46.4	55.8	60.7	61.4	

demande_cumulee_X : 
5.0	5.0	1.0	3.0	4.0	3.0	3.0	4.0	3.0	1.0	
8.0	4.0	1.0	4.0	0.0	3.0	2.0	4.0	2.0	0.0	
6.0	3.0	2.0	3.0	6.0	2.0	3.0	2.0	0.0	3.0	
8.0	0.0	0.0	2.0	7.0	3.0	4.0	0.0	3.0	1.0	
3.0	3.0	2.0	4.0	5.0	3.0	3.0	4.0	3.0	1.0	

demande_cumulee_W : 
17.0	8.0	3.0	0.0	1.0	1.0	0.0	0.0	1.0	1.0	
13.0	9.0	3.0	1.0	0.0	0.0	0.0	0.0	2.0	0.0	
11.0	7.0	5.0	2.0	1.0	2.0	0.0	1.0	0.0	1.0	
14.0	0.0	0.0	7.0	3.0	0.0	1.0	0.0	2.0	1.0	
15.0	6.0	4.0	0.0	2.0	1.0	1.0	0.0	0.0	2.0	

capacite_residuelle_X : 
38.0	40.0	48.0	36.0	45.0	37.0	40.0	44.0	43.0	47.0	
40.0	40.0	44.0	41.0	0.0	36.0	47.0	38.0	39.0	0.0	
38.0	46.0	44.0	45.0	43.0	46.0	45.0	46.0	0.0	39.0	
35.0	0.0	0.0	41.0	35.0	36.0	38.0	0.0	44.0	48.0	
36.0	39.0	39.0	42.0	35.0	45.0	35.0	42.0	46.0	47.0	

capacite_residuelle_W : 
33.9	45.5	59.7	47.7	58.7	48.0	52.9	58.4	55.8	60.4	
41.4	44.2	54.5	53.5	0.0	47.7	61.7	50.6	49.3	0.0	
40.2	53.7	52.8	57.4	56.7	58.4	59.4	59.4	0.0	50.6	
33.9	0.0	0.0	46.9	44.6	47.7	49.6	0.0	56.1	61.7	
32.7	45.6	47.3	55.8	45.0	58.4	45.4	55.8	60.7	59.4	

min_capacite_X : 
39.0	0.0	0.0	0.0	38.0	

min_capacite_W : 
47.7	0.0	0.0	0.0	46.4	

max_capacite_X : 
49.0	49.0	49.0	49.0	49.0	

max_capacite_W : 
62.7	61.7	60.7	62.7	61.4	

moy_capacite_X : 
45.0	35.3	42.2	30.5	43.7	

moy_capacite_W : 
55.3	43.09	51.86	36.85	53.71	

med_capacite_X : 
45.5	43.0	48.0	42.0	44.0	

med_capacite_W : 
55.15	52.25	58.599999999999994	47.8	53.7	

ecartType_capacite_X : 
3.4641016151377544	17.877639665235453	14.232357499725756	20.1357890334598	3.925557285278104	

ecartType_capacite_W : 
4.9899899799498595	21.846851031670447	17.59847720684946	24.55342135019069	5.421706373458452	

var_capacite_X : 
12.0	319.61	202.56	405.45	15.41	

var_capacite_W : 
24.9	477.2849	309.7064	602.8705	29.394899999999996	

covar_capacite_X : 
13.333333333333332	355.1222222222222	225.06666666666663	450.5	17.122222222222224	

covar_capacite_W : 
27.666666666666664	530.3165555555555	344.1182222222222	669.8561111111111	32.660999999999994	

##########	##########	##########	##########	##########	##########	##########	##########	##########	##########	##########	##########	##########	##########	##########	##########	##########	##########	##########	##########	##########	##########	##########	##########	##########	##########	##########	##########	##########	##########	##########	##########	##########	##########	##########	##########	##########	##########	##########	##########	##########	##########	##########	##########	##########	##########	##########	##########	##########	##########	nombre de noeuds : 50
nombre de strates : 5
nombre de centres : 10
titre : fenetre
instances : alea50_10_1
temps de calcul : 0.04542684555053711
valeur objective : 296.0
nombre de solutions : 4
nombre de noeuds : 1.0
faisability : True
centre : [30, 1, 24, 40, 33, 36, 14, 23, 7, 48]
moy_distances :	29.43
min_distances :	10.0
max_distances :	52.0
var_distances :	65.64921016243231
covar_distances :	65.67601669986084
ecartType_distances :	8.10242001888524
coef_variation	: 0.27530967832948017
distances_centre_x :
13.0	0.0	-1.0	28.0	-1.0	13.0	21.0	0.0	20.0	23.0	-1.0	16.0	13.0	11.0	-1.0	23.0	22.0	-1.0	11.0	18.0	11.0	-1.0	13.0	0.0	0.0	25.0	-1.0	18.0	11.0	15.0	-1.0	21.0	-1.0	0.0	-1.0	-1.0	-1.0	-1.0	15.0	19.0	-1.0	12.0	12.0	-1.0	12.0	-1.0	11.0	-1.0	-1.0	13.0	
-1.0	-1.0	-1.0	-1.0	-1.0	-1.0	-1.0	-1.0	-1.0	-1.0	-1.0	16.0	-1.0	-1.0	-1.0	-1.0	-1.0	-1.0	-1.0	-1.0	-1.0	-1.0	-1.0	-1.0	-1.0	-1.0	-1.0	-1.0	-1.0	-1.0	-1.0	-1.0	-1.0	-1.0	-1.0	-1.0	-1.0	-1.0	-1.0	-1.0	-1.0	-1.0	-1.0	-1.0	-1.0	-1.0	-1.0	-1.0	-1.0	-1.0	
-1.0	-1.0	-1.0	-1.0	-1.0	-1.0	-1.0	-1.0	-1.0	-1.0	-1.0	-1.0	-1.0	-1.0	-1.0	-1.0	-1.0	26.0	-1.0	-1.0	-1.0	-1.0	13.0	-1.0	-1.0	-1.0	-1.0	-1.0	-1.0	15.0	-1.0	-1.0	-1.0	-1.0	-1.0	-1.0	-1.0	-1.0	-1.0	-1.0	0.0	-1.0	-1.0	-1.0	-1.0	-1.0	-1.0	-1.0	0.0	-1.0	
-1.0	-1.0	-1.0	-1.0	-1.0	-1.0	26.0	10.0	-1.0	23.0	12.0	16.0	-1.0	-1.0	-1.0	-1.0	-1.0	26.0	-1.0	-1.0	-1.0	-1.0	13.0	-1.0	-1.0	-1.0	-1.0	-1.0	-1.0	-1.0	-1.0	-1.0	-1.0	-1.0	10.0	23.0	-1.0	-1.0	-1.0	-1.0	-1.0	-1.0	-1.0	-1.0	17.0	-1.0	-1.0	-1.0	-1.0	-1.0	
13.0	-1.0	-1.0	28.0	-1.0	-1.0	21.0	-1.0	20.0	23.0	-1.0	16.0	13.0	11.0	-1.0	-1.0	22.0	26.0	11.0	-1.0	-1.0	-1.0	13.0	-1.0	0.0	25.0	-1.0	18.0	11.0	15.0	-1.0	21.0	13.0	0.0	10.0	-1.0	0.0	31.0	15.0	19.0	-1.0	12.0	12.0	22.0	12.0	-1.0	11.0	24.0	-1.0	-1.0	

distances_centre_w :
19.0	10.0	-1.0	29.0	-1.0	13.0	22.0	10.0	20.0	25.0	-1.0	28.0	21.0	22.0	-1.0	24.0	28.0	-1.0	22.0	26.0	21.0	-1.0	21.0	26.0	23.0	25.0	-1.0	18.0	15.0	16.0	-1.0	21.0	-1.0	25.0	-1.0	-1.0	-1.0	-1.0	20.0	26.0	-1.0	22.0	19.0	-1.0	22.0	-1.0	21.0	-1.0	-1.0	23.0	
-1.0	-1.0	-1.0	29.0	-1.0	-1.0	-1.0	-1.0	-1.0	-1.0	-1.0	-1.0	-1.0	-1.0	-1.0	-1.0	-1.0	-1.0	-1.0	-1.0	-1.0	-1.0	-1.0	-1.0	-1.0	-1.0	-1.0	-1.0	-1.0	-1.0	-1.0	-1.0	-1.0	-1.0	-1.0	-1.0	-1.0	-1.0	-1.0	-1.0	-1.0	-1.0	-1.0	-1.0	-1.0	-1.0	-1.0	-1.0	-1.0	-1.0	
-1.0	-1.0	-1.0	-1.0	-1.0	-1.0	-1.0	-1.0	-1.0	-1.0	-1.0	-1.0	-1.0	-1.0	-1.0	-1.0	-1.0	-1.0	-1.0	-1.0	-1.0	-1.0	-1.0	-1.0	-1.0	-1.0	-1.0	-1.0	-1.0	-1.0	-1.0	-1.0	-1.0	-1.0	-1.0	-1.0	-1.0	-1.0	-1.0	-1.0	-1.0	-1.0	-1.0	-1.0	-1.0	-1.0	-1.0	-1.0	-1.0	-1.0	
-1.0	-1.0	-1.0	-1.0	-1.0	-1.0	-1.0	-1.0	-1.0	-1.0	-1.0	-1.0	-1.0	-1.0	-1.0	-1.0	-1.0	-1.0	-1.0	-1.0	-1.0	-1.0	-1.0	-1.0	13.0	-1.0	-1.0	18.0	-1.0	-1.0	-1.0	21.0	-1.0	26.0	-1.0	-1.0	-1.0	-1.0	-1.0	-1.0	-1.0	27.0	-1.0	-1.0	-1.0	-1.0	-1.0	-1.0	-1.0	-1.0	
19.0	-1.0	-1.0	30.0	-1.0	-1.0	31.0	-1.0	20.0	30.0	-1.0	29.0	21.0	22.0	-1.0	-1.0	28.0	27.0	22.0	-1.0	-1.0	-1.0	31.0	-1.0	30.0	25.0	-1.0	18.0	15.0	16.0	-1.0	21.0	29.0	25.0	23.0	-1.0	20.0	32.0	20.0	26.0	-1.0	22.0	19.0	25.0	22.0	-1.0	21.0	28.0	-1.0	-1.0	

maxX :
28.0	16.0	nan	26.0	31.0	

maxW :
29.0	29.0	nan	27.0	32.0	

minX :
0.0	16.0	nan	10.0	0.0	

minW :
10.0	29.0	nan	13.0	15.0	

moyX :
13.75	16.0	nan	17.6	15.741935483870968	

moyW :
21.34375	29.0	nan	21.0	24.096774193548388	

medX :
13.0	16.0	nan	16.5	15.0	

medW :
22.0	29.0	nan	21.0	23.0	

ecartTypeX :
7.458216945088149	0.0	nan	6.086049621881176	7.624103297608963	

ecartTypeW :
4.640914342831594	0.0	nan	5.176871642217914	4.720270896474928	

varX :
55.625	0.0	nan	37.04	58.12695109261187	

varW :
21.5380859375	0.0	nan	26.8	22.280957336108223	

covarX :
57.41935483870967	nan	nan	41.15555555555555	60.06451612903225	

covarW :
22.232862903225804	nan	nan	33.5	23.02365591397849	

coef_variationX :
0.5424157778245927	0.0	nan	0.3457982739705213	0.48431803734811035	

coef_variationW :
0.21743668956165593	0.0	nan	0.24651769724847208	0.19588808271850439	

moy_distances_centre :	25.822222222222223
min_distances_centre :	10.0
max_distances_centre :	43.0
med_distances_centre :	26.0
ecartType_distances_centre :	7.931060987980216
var_distances_centre :	62.90172839506173
covar_distances_centre :	63.608489388264665
coef_variation_distances_centre :	0.3071409160577536
capacite_X_temoin : 
43.0	45.0	49.0	49.0	40.0	43.0	48.0	46.0	48.0	45.0	
48.0	44.0	45.0	0.0	39.0	49.0	42.0	41.0	0.0	38.0	
44.0	49.0	46.0	49.0	48.0	48.0	48.0	0.0	42.0	38.0	
43.0	0.0	0.0	42.0	39.0	42.0	0.0	47.0	49.0	39.0	
39.0	42.0	41.0	40.0	48.0	38.0	46.0	49.0	48.0	40.0	

capacite_W_temoin : 
49.9	52.5	62.7	59.7	49.0	52.9	59.4	56.8	60.4	57.5	
55.4	52.2	56.5	0.0	48.7	61.7	51.6	47.3	0.0	48.4	
51.2	60.7	58.8	57.7	59.4	59.4	59.4	0.0	50.6	48.4	
49.9	0.0	0.0	48.6	47.7	51.6	0.0	57.1	60.7	47.7	
46.7	51.6	52.3	47.0	58.4	46.4	56.8	59.7	59.4	51.0	

demande_cumulee_X : 
6.0	6.0	1.0	4.0	3.0	3.0	3.0	3.0	2.0	1.0	
7.0	5.0	2.0	0.0	2.0	2.0	3.0	6.0	0.0	1.0	
6.0	3.0	1.0	6.0	3.0	3.0	3.0	0.0	4.0	1.0	
6.0	0.0	0.0	6.0	3.0	3.0	0.0	4.0	3.0	3.0	
4.0	3.0	1.0	5.0	4.0	3.0	3.0	4.0	3.0	1.0	

demande_cumulee_W : 
15.0	8.0	3.0	1.0	1.0	1.0	0.0	1.0	1.0	1.0	
14.0	9.0	3.0	0.0	0.0	1.0	0.0	0.0	0.0	1.0	
20.0	7.0	2.0	0.0	0.0	0.0	1.0	0.0	0.0	0.0	
14.0	0.0	0.0	3.0	1.0	5.0	0.0	3.0	0.0	2.0	
21.0	5.0	1.0	1.0	0.0	1.0	0.0	1.0	0.0	1.0	

capacite_residuelle_X : 
37.0	39.0	48.0	45.0	37.0	40.0	45.0	43.0	46.0	44.0	
41.0	39.0	43.0	0.0	37.0	47.0	39.0	35.0	0.0	37.0	
38.0	46.0	45.0	43.0	45.0	45.0	45.0	0.0	38.0	37.0	
37.0	0.0	0.0	36.0	36.0	39.0	0.0	43.0	46.0	36.0	
35.0	39.0	40.0	35.0	44.0	35.0	43.0	45.0	45.0	39.0	

capacite_residuelle_W : 
34.9	44.5	59.7	58.7	48.0	51.9	59.4	55.8	59.4	56.5	
41.4	43.2	53.5	0.0	48.7	60.7	51.6	47.3	0.0	47.4	
31.200000000000003	53.7	56.8	57.7	59.4	59.4	58.4	0.0	50.6	48.4	
35.9	0.0	0.0	45.6	46.7	46.6	0.0	54.1	60.7	45.7	
25.700000000000003	46.6	51.3	46.0	58.4	45.4	56.8	58.7	59.4	50.0	

min_capacite_X : 
40.0	0.0	0.0	0.0	38.0	

min_capacite_W : 
49.0	0.0	0.0	0.0	46.4	

max_capacite_X : 
49.0	49.0	49.0	49.0	49.0	

max_capacite_W : 
62.7	61.7	60.7	60.7	59.7	

moy_capacite_X : 
45.6	34.6	41.2	30.1	43.1	

moy_capacite_W : 
56.08	42.17999999999999	50.56	36.33	52.92999999999999	

med_capacite_X : 
45.5	41.5	47.0	40.5	41.5	

med_capacite_W : 
57.15	50.150000000000006	58.25	48.150000000000006	51.95	

ecartType_capacite_X : 
2.835489375751565	17.619307591389624	14.14072133945083	19.922098283062454	3.9862262855989496	

ecartType_capacite_W : 
4.476561180191778	21.484217463058783	17.371021846742348	24.106681646381777	5.050752419194589	

var_capacite_X : 
8.04	310.44	199.96000000000004	396.89	15.89	

var_capacite_W : 
20.039600000000004	461.57160000000005	301.75239999999997	581.1320999999999	25.510099999999998	

covar_capacite_X : 
8.933333333333332	344.93333333333334	222.17777777777778	440.988888888889	17.65555555555556	

covar_capacite_W : 
22.26622222222223	512.8573333333334	335.2804444444444	645.7023333333334	28.344555555555548	

##########	##########	##########	##########	##########	##########	##########	##########	##########	##########	##########	##########	##########	##########	##########	##########	##########	##########	##########	##########	##########	##########	##########	##########	##########	##########	##########	##########	##########	##########	##########	##########	##########	##########	##########	##########	##########	##########	##########	##########	##########	##########	##########	##########	##########	##########	##########	##########	##########	##########	nombre de noeuds : 50
nombre de strates : 5
nombre de centres : 10
titre : fenetre
instances : alea50_10_1
temps de calcul : 0.04522991180419922
valeur objective : 284.0
nombre de solutions : 4
nombre de noeuds : 1.0
faisability : True
centre : [1, 24, 40, 33, 36, 14, 23, 7, 48, 28]
moy_distances :	29.43
min_distances :	10.0
max_distances :	52.0
var_distances :	65.64921016243231
covar_distances :	65.67601669986084
ecartType_distances :	8.10242001888524
coef_variation	: 0.27530967832948017
distances_centre_x :
13.0	0.0	-1.0	24.0	-1.0	13.0	21.0	0.0	14.0	23.0	-1.0	16.0	21.0	11.0	-1.0	23.0	20.0	-1.0	21.0	18.0	11.0	-1.0	13.0	0.0	0.0	14.0	-1.0	18.0	0.0	15.0	-1.0	21.0	-1.0	0.0	-1.0	-1.0	-1.0	-1.0	15.0	19.0	-1.0	12.0	12.0	-1.0	12.0	-1.0	11.0	-1.0	-1.0	13.0	
-1.0	-1.0	-1.0	-1.0	-1.0	-1.0	-1.0	-1.0	-1.0	-1.0	-1.0	16.0	-1.0	-1.0	-1.0	-1.0	-1.0	-1.0	-1.0	-1.0	-1.0	-1.0	-1.0	-1.0	-1.0	-1.0	-1.0	-1.0	-1.0	-1.0	-1.0	-1.0	-1.0	-1.0	-1.0	-1.0	-1.0	-1.0	-1.0	-1.0	-1.0	-1.0	-1.0	-1.0	-1.0	-1.0	-1.0	-1.0	-1.0	-1.0	
-1.0	-1.0	-1.0	-1.0	-1.0	-1.0	-1.0	-1.0	-1.0	-1.0	-1.0	-1.0	-1.0	-1.0	-1.0	-1.0	-1.0	-1.0	21.0	-1.0	-1.0	-1.0	13.0	-1.0	-1.0	-1.0	-1.0	-1.0	-1.0	15.0	10.0	-1.0	-1.0	-1.0	-1.0	-1.0	-1.0	-1.0	-1.0	-1.0	0.0	-1.0	-1.0	-1.0	-1.0	-1.0	-1.0	-1.0	0.0	-1.0	
-1.0	-1.0	-1.0	-1.0	-1.0	-1.0	26.0	-1.0	-1.0	23.0	12.0	16.0	-1.0	-1.0	-1.0	-1.0	-1.0	-1.0	21.0	-1.0	-1.0	-1.0	13.0	-1.0	-1.0	-1.0	-1.0	18.0	-1.0	-1.0	-1.0	21.0	-1.0	-1.0	10.0	23.0	-1.0	-1.0	-1.0	-1.0	-1.0	-1.0	-1.0	-1.0	17.0	-1.0	-1.0	-1.0	-1.0	-1.0	
-1.0	-1.0	-1.0	28.0	-1.0	-1.0	-1.0	-1.0	20.0	23.0	-1.0	16.0	-1.0	-1.0	-1.0	-1.0	-1.0	26.0	21.0	-1.0	-1.0	-1.0	13.0	-1.0	-1.0	-1.0	-1.0	-1.0	-1.0	15.0	-1.0	21.0	-1.0	0.0	10.0	-1.0	0.0	-1.0	-1.0	-1.0	-1.0	-1.0	-1.0	-1.0	12.0	-1.0	-1.0	-1.0	-1.0	-1.0	

distances_centre_w :
13.0	10.0	-1.0	28.0	-1.0	13.0	22.0	10.0	20.0	29.0	-1.0	23.0	23.0	22.0	-1.0	24.0	22.0	-1.0	22.0	25.0	21.0	-1.0	21.0	11.0	23.0	25.0	-1.0	18.0	15.0	16.0	-1.0	23.0	-1.0	25.0	-1.0	-1.0	-1.0	-1.0	20.0	23.0	-1.0	22.0	19.0	-1.0	22.0	-1.0	21.0	-1.0	-1.0	23.0	
-1.0	-1.0	-1.0	-1.0	-1.0	-1.0	-1.0	-1.0	-1.0	-1.0	-1.0	-1.0	-1.0	-1.0	-1.0	-1.0	-1.0	-1.0	-1.0	-1.0	-1.0	-1.0	-1.0	-1.0	-1.0	-1.0	-1.0	-1.0	-1.0	-1.0	-1.0	-1.0	-1.0	-1.0	-1.0	-1.0	-1.0	-1.0	-1.0	-1.0	-1.0	-1.0	-1.0	-1.0	-1.0	-1.0	-1.0	-1.0	-1.0	-1.0	
-1.0	-1.0	-1.0	-1.0	-1.0	-1.0	-1.0	-1.0	-1.0	-1.0	-1.0	-1.0	23.0	-1.0	-1.0	-1.0	-1.0	26.0	-1.0	-1.0	-1.0	-1.0	-1.0	-1.0	-1.0	-1.0	-1.0	-1.0	-1.0	-1.0	-1.0	-1.0	-1.0	-1.0	-1.0	-1.0	-1.0	-1.0	-1.0	-1.0	-1.0	-1.0	-1.0	-1.0	-1.0	-1.0	-1.0	-1.0	-1.0	-1.0	
-1.0	-1.0	-1.0	-1.0	-1.0	-1.0	-1.0	10.0	-1.0	30.0	-1.0	-1.0	23.0	-1.0	-1.0	-1.0	-1.0	26.0	-1.0	-1.0	-1.0	-1.0	20.0	-1.0	13.0	-1.0	-1.0	-1.0	-1.0	-1.0	-1.0	-1.0	-1.0	26.0	-1.0	-1.0	-1.0	-1.0	-1.0	23.0	-1.0	-1.0	-1.0	-1.0	-1.0	-1.0	-1.0	-1.0	-1.0	-1.0	
-1.0	-1.0	-1.0	-1.0	-1.0	-1.0	-1.0	-1.0	-1.0	-1.0	-1.0	-1.0	-1.0	-1.0	-1.0	-1.0	-1.0	-1.0	-1.0	-1.0	-1.0	-1.0	-1.0	-1.0	-1.0	-1.0	-1.0	18.0	-1.0	-1.0	-1.0	-1.0	-1.0	-1.0	-1.0	-1.0	-1.0	32.0	-1.0	-1.0	-1.0	-1.0	-1.0	-1.0	-1.0	-1.0	-1.0	24.0	-1.0	-1.0	

maxX :
24.0	nan	21.0	26.0	28.0	

maxW :
29.0	nan	26.0	30.0	32.0	

minX :
0.0	nan	0.0	10.0	0.0	

minW :
10.0	nan	23.0	10.0	18.0	

moyX :
13.25	nan	9.833333333333334	18.181818181818183	15.76923076923077	

moyW :
20.4375	nan	24.5	21.375	24.666666666666668	

medX :
13.5	nan	11.5	18.0	16.0	

medW :
22.0	nan	24.5	23.0	24.0	

ecartTypeX :
7.411983540186797	nan	7.690181330039551	4.876999484000604	8.468528581244852	

ecartTypeW :
4.795424251304571	nan	1.5	6.362733296312206	5.734883511361751	

varX :
54.9375	nan	59.138888888888886	23.78512396694215	71.71597633136095	

varW :
22.99609375	nan	2.25	40.484375	32.888888888888886	

covarX :
56.70967741935484	nan	70.96666666666667	26.16363636363637	77.69230769230768	

covarW :
23.737903225806452	nan	4.5	46.26785714285714	49.33333333333333	

coef_variationX :
0.5593949841650413	nan	0.7820523386480899	0.2682349716200332	0.5370286417374784	

coef_variationW :
0.23463849547667623	nan	0.061224489795918366	0.297671733160805	0.23249527748763854	

moy_distances_centre :	25.91111111111111
min_distances_centre :	10.0
max_distances_centre :	43.0
med_distances_centre :	26.0
ecartType_distances_centre :	8.098894910136327
var_distances_centre :	65.5920987654321
covar_distances_centre :	66.329088639201
coef_variation_distances_centre :	0.3125645548508874
capacite_X_temoin : 
43.0	45.0	49.0	49.0	40.0	47.0	48.0	46.0	48.0	45.0	
48.0	44.0	45.0	0.0	39.0	45.0	42.0	41.0	0.0	38.0	
44.0	49.0	46.0	49.0	48.0	47.0	48.0	0.0	42.0	38.0	
43.0	0.0	0.0	42.0	39.0	39.0	0.0	47.0	49.0	39.0	
39.0	42.0	41.0	40.0	48.0	0.0	46.0	49.0	48.0	40.0	

capacite_W_temoin : 
50.9	54.5	62.7	60.7	49.0	55.1	60.4	56.8	59.4	56.5	
54.4	53.2	57.5	0.0	48.7	53.5	52.6	48.3	0.0	48.4	
51.2	61.7	58.8	58.7	60.4	55.1	60.4	0.0	49.6	48.4	
49.9	0.0	0.0	49.6	48.7	46.7	0.0	57.1	60.7	46.7	
45.7	51.6	52.3	47.0	58.4	0.0	56.8	59.7	58.4	50.0	

demande_cumulee_X : 
5.0	4.0	1.0	3.0	3.0	6.0	2.0	3.0	3.0	2.0	
8.0	4.0	1.0	0.0	2.0	5.0	2.0	5.0	0.0	1.0	
6.0	2.0	1.0	5.0	2.0	6.0	2.0	0.0	5.0	1.0	
6.0	0.0	0.0	5.0	2.0	4.0	0.0	4.0	3.0	4.0	
5.0	3.0	1.0	5.0	4.0	0.0	3.0	4.0	4.0	2.0	

demande_cumulee_W : 
14.0	8.0	2.0	1.0	1.0	2.0	1.0	2.0	1.0	0.0	
9.0	8.0	3.0	0.0	1.0	2.0	1.0	4.0	0.0	0.0	
14.0	7.0	4.0	2.0	1.0	0.0	0.0	0.0	2.0	0.0	
13.0	0.0	0.0	2.0	1.0	4.0	0.0	5.0	2.0	1.0	
21.0	5.0	1.0	1.0	0.0	0.0	1.0	2.0	0.0	0.0	

capacite_residuelle_X : 
38.0	41.0	48.0	46.0	37.0	41.0	46.0	43.0	45.0	43.0	
40.0	40.0	44.0	0.0	37.0	40.0	40.0	36.0	0.0	37.0	
38.0	47.0	45.0	44.0	46.0	41.0	46.0	0.0	37.0	37.0	
37.0	0.0	0.0	37.0	37.0	35.0	0.0	43.0	46.0	35.0	
34.0	39.0	40.0	35.0	44.0	0.0	43.0	45.0	44.0	38.0	

capacite_residuelle_W : 
36.9	46.5	60.7	59.7	48.0	53.1	59.4	54.8	58.4	56.5	
45.4	45.2	54.5	0.0	47.7	51.5	51.6	44.3	0.0	48.4	
37.2	54.7	54.8	56.7	59.4	55.1	60.4	0.0	47.6	48.4	
36.9	0.0	0.0	47.6	47.7	42.7	0.0	52.1	58.7	45.7	
24.700000000000003	46.6	51.3	46.0	58.4	0.0	55.8	57.7	58.4	50.0	

min_capacite_X : 
40.0	0.0	0.0	0.0	0.0	

min_capacite_W : 
49.0	0.0	0.0	0.0	0.0	

max_capacite_X : 
49.0	48.0	49.0	49.0	49.0	

max_capacite_W : 
62.7	57.5	61.7	60.7	59.7	

moy_capacite_X : 
46.0	34.2	41.1	29.8	39.3	

moy_capacite_W : 
56.6	41.660000000000004	50.43	35.94	47.989999999999995	

med_capacite_X : 
46.5	41.5	46.5	39.0	41.5	

med_capacite_W : 
56.65	50.650000000000006	56.900000000000006	47.7	51.95	

ecartType_capacite_X : 
2.7202941017470885	17.330897264711947	14.095744038538724	19.762590923257	13.587126259809319	

ecartType_capacite_W : 
4.162451200915153	21.015337256394435	17.42027841338938	23.89917153375824	16.662499812453113	

var_capacite_X : 
7.4	300.36	198.68999999999997	390.55999999999995	184.60999999999999	

var_capacite_W : 
17.326	441.6444	303.46610000000004	571.1704000000001	277.63890000000004	

covar_capacite_X : 
8.222222222222221	333.7333333333333	220.76666666666665	433.9555555555555	205.12222222222223	

covar_capacite_W : 
19.251111111111108	490.716	337.18455555555556	634.6337777777778	308.48766666666666	

##########	##########	##########	##########	##########	##########	##########	##########	##########	##########	##########	##########	##########	##########	##########	##########	##########	##########	##########	##########	##########	##########	##########	##########	##########	##########	##########	##########	##########	##########	##########	##########	##########	##########	##########	##########	##########	##########	##########	##########	##########	##########	##########	##########	##########	##########	##########	##########	##########	##########	nombre de noeuds : 50
nombre de strates : 5
nombre de centres : 10
titre : fenetre
instances : alea50_10_1
temps de calcul : 0.0448911190032959
valeur objective : 290.0
nombre de solutions : 4
nombre de noeuds : 1.0
faisability : True
centre : [24, 40, 33, 36, 14, 23, 7, 48, 28, 38]
moy_distances :	29.43
min_distances :	10.0
max_distances :	52.0
var_distances :	65.64921016243231
covar_distances :	65.67601669986084
ecartType_distances :	8.10242001888524
coef_variation	: 0.27530967832948017
distances_centre_x :
13.0	10.0	-1.0	24.0	-1.0	13.0	21.0	0.0	14.0	23.0	-1.0	16.0	15.0	11.0	-1.0	23.0	20.0	-1.0	21.0	18.0	11.0	-1.0	13.0	0.0	0.0	14.0	-1.0	14.0	0.0	15.0	-1.0	21.0	-1.0	0.0	-1.0	-1.0	-1.0	-1.0	0.0	19.0	-1.0	22.0	15.0	-1.0	12.0	-1.0	11.0	-1.0	-1.0	23.0	
-1.0	-1.0	-1.0	-1.0	-1.0	-1.0	-1.0	-1.0	-1.0	-1.0	-1.0	16.0	-1.0	-1.0	-1.0	-1.0	-1.0	-1.0	-1.0	-1.0	-1.0	-1.0	-1.0	-1.0	-1.0	-1.0	-1.0	-1.0	-1.0	-1.0	-1.0	-1.0	-1.0	-1.0	-1.0	-1.0	-1.0	-1.0	-1.0	-1.0	-1.0	-1.0	-1.0	-1.0	-1.0	-1.0	-1.0	-1.0	-1.0	-1.0	
-1.0	-1.0	-1.0	-1.0	-1.0	-1.0	-1.0	-1.0	-1.0	-1.0	-1.0	-1.0	15.0	-1.0	-1.0	-1.0	-1.0	-1.0	21.0	-1.0	-1.0	-1.0	13.0	-1.0	-1.0	-1.0	-1.0	14.0	-1.0	15.0	10.0	-1.0	-1.0	-1.0	-1.0	-1.0	-1.0	-1.0	-1.0	-1.0	0.0	-1.0	15.0	14.0	-1.0	-1.0	-1.0	-1.0	0.0	-1.0	
-1.0	-1.0	-1.0	-1.0	-1.0	-1.0	26.0	10.0	-1.0	23.0	12.0	16.0	15.0	-1.0	-1.0	-1.0	-1.0	-1.0	21.0	-1.0	-1.0	-1.0	13.0	-1.0	-1.0	-1.0	-1.0	14.0	-1.0	-1.0	-1.0	21.0	-1.0	25.0	10.0	21.0	-1.0	-1.0	0.0	-1.0	-1.0	-1.0	-1.0	14.0	17.0	-1.0	-1.0	-1.0	-1.0	-1.0	
-1.0	-1.0	-1.0	-1.0	-1.0	-1.0	-1.0	-1.0	-1.0	-1.0	-1.0	16.0	23.0	-1.0	-1.0	-1.0	-1.0	26.0	21.0	-1.0	-1.0	-1.0	13.0	-1.0	-1.0	-1.0	-1.0	-1.0	-1.0	15.0	-1.0	21.0	-1.0	-1.0	-1.0	-1.0	-1.0	-1.0	-1.0	-1.0	-1.0	-1.0	15.0	-1.0	-1.0	-1.0	-1.0	-1.0	-1.0	-1.0	

distances_centre_w :
19.0	22.0	-1.0	28.0	-1.0	13.0	22.0	23.0	22.0	29.0	-1.0	23.0	23.0	22.0	-1.0	24.0	22.0	-1.0	24.0	25.0	12.0	-1.0	21.0	11.0	23.0	25.0	-1.0	24.0	23.0	26.0	-1.0	23.0	-1.0	25.0	-1.0	-1.0	-1.0	-1.0	23.0	23.0	-1.0	22.0	19.0	-1.0	13.0	-1.0	21.0	-1.0	-1.0	26.0	
-1.0	-1.0	-1.0	-1.0	-1.0	-1.0	-1.0	-1.0	-1.0	-1.0	-1.0	-1.0	30.0	-1.0	-1.0	-1.0	-1.0	-1.0	-1.0	-1.0	-1.0	-1.0	-1.0	-1.0	-1.0	-1.0	-1.0	-1.0	-1.0	-1.0	-1.0	-1.0	-1.0	-1.0	-1.0	-1.0	-1.0	-1.0	-1.0	-1.0	-1.0	-1.0	-1.0	-1.0	-1.0	-1.0	-1.0	-1.0	-1.0	-1.0	
-1.0	-1.0	-1.0	-1.0	-1.0	-1.0	-1.0	-1.0	-1.0	-1.0	-1.0	-1.0	23.0	-1.0	-1.0	-1.0	-1.0	26.0	-1.0	-1.0	-1.0	-1.0	-1.0	-1.0	-1.0	-1.0	-1.0	-1.0	-1.0	-1.0	-1.0	-1.0	-1.0	-1.0	-1.0	-1.0	-1.0	-1.0	-1.0	-1.0	-1.0	-1.0	-1.0	-1.0	-1.0	-1.0	-1.0	-1.0	-1.0	-1.0	
-1.0	-1.0	-1.0	-1.0	-1.0	-1.0	34.0	-1.0	-1.0	30.0	25.0	-1.0	23.0	-1.0	-1.0	-1.0	-1.0	26.0	24.0	-1.0	-1.0	22.0	20.0	-1.0	13.0	-1.0	-1.0	18.0	-1.0	-1.0	-1.0	25.0	-1.0	26.0	-1.0	23.0	-1.0	-1.0	-1.0	-1.0	-1.0	-1.0	-1.0	-1.0	-1.0	-1.0	-1.0	-1.0	-1.0	-1.0	
-1.0	-1.0	-1.0	29.0	-1.0	-1.0	-1.0	-1.0	-1.0	-1.0	-1.0	-1.0	-1.0	-1.0	-1.0	-1.0	-1.0	-1.0	-1.0	-1.0	-1.0	-1.0	-1.0	-1.0	-1.0	-1.0	-1.0	-1.0	-1.0	-1.0	-1.0	-1.0	-1.0	-1.0	-1.0	-1.0	-1.0	-1.0	-1.0	-1.0	-1.0	-1.0	-1.0	-1.0	-1.0	-1.0	-1.0	-1.0	-1.0	-1.0	

maxX :
24.0	16.0	21.0	26.0	26.0	

maxW :
29.0	30.0	26.0	34.0	29.0	

minX :
0.0	16.0	0.0	0.0	13.0	

minW :
11.0	30.0	23.0	13.0	29.0	

moyX :
13.5	16.0	11.7	16.125	18.75	

moyW :
21.90625	30.0	24.5	23.76923076923077	29.0	

medX :
14.0	16.0	14.0	15.5	18.5	

medW :
23.0	30.0	24.5	24.0	29.0	

ecartTypeX :
7.615773105863909	0.0	6.388270501473776	6.460214779711275	4.322904116447646	

ecartTypeW :
4.208320441399395	0.0	1.5	4.994671717153209	0.0	

varX :
58.0	0.0	40.81	41.734375	18.6875	

varW :
17.7099609375	0.0	2.25	24.946745562130182	0.0	

covarX :
59.87096774193548	nan	45.34444444444444	44.516666666666666	21.357142857142858	

covarW :
18.28125	nan	4.5	27.025641025641026	nan	

coef_variationX :
0.5641313411751043	0.0	0.5460060257669894	0.4006334747107767	0.2305548862105411	

coef_variationW :
0.19210592599826054	0.0	0.061224489795918366	0.21013181981550716	0.0	

moy_distances_centre :	26.377777777777776
min_distances_centre :	10.0
max_distances_centre :	43.0
med_distances_centre :	26.0
ecartType_distances_centre :	7.8437204576198365
var_distances_centre :	61.523950617283944
covar_distances_centre :	62.21523096129838
coef_variation_distances_centre :	0.2973609272054698
capacite_X_temoin : 
45.0	49.0	49.0	40.0	47.0	48.0	46.0	48.0	48.0	45.0	
44.0	45.0	0.0	39.0	45.0	42.0	41.0	42.0	0.0	38.0	
49.0	46.0	49.0	48.0	47.0	48.0	0.0	46.0	42.0	38.0	
0.0	0.0	42.0	39.0	39.0	0.0	47.0	41.0	49.0	39.0	
42.0	41.0	40.0	48.0	0.0	46.0	49.0	0.0	48.0	40.0	

capacite_W_temoin : 
52.5	62.7	60.7	49.0	55.1	59.4	58.8	59.4	59.4	55.5	
51.2	56.5	0.0	49.7	52.5	52.6	48.3	49.6	0.0	48.4	
60.7	58.8	58.7	60.4	55.1	59.4	0.0	56.8	49.6	47.4	
0.0	0.0	49.6	49.7	44.7	0.0	57.1	47.3	60.7	47.7	
50.6	52.3	47.0	58.4	0.0	56.8	57.7	0.0	57.4	49.0	

demande_cumulee_X : 
6.0	1.0	3.0	3.0	6.0	3.0	1.0	3.0	3.0	3.0	
6.0	2.0	0.0	1.0	6.0	2.0	5.0	5.0	0.0	1.0	
3.0	1.0	5.0	2.0	6.0	3.0	0.0	3.0	5.0	2.0	
0.0	0.0	5.0	1.0	6.0	0.0	4.0	6.0	3.0	3.0	
4.0	1.0	5.0	4.0	0.0	3.0	6.0	0.0	5.0	3.0	

demande_cumulee_W : 
8.0	9.0	2.0	0.0	4.0	1.0	6.0	1.0	1.0	0.0	
10.0	9.0	0.0	1.0	1.0	3.0	3.0	0.0	0.0	1.0	
12.0	11.0	1.0	1.0	2.0	1.0	0.0	0.0	2.0	0.0	
0.0	0.0	6.0	5.0	4.0	0.0	7.0	0.0	3.0	3.0	
18.0	8.0	2.0	0.0	0.0	1.0	1.0	0.0	1.0	0.0	

capacite_residuelle_X : 
39.0	48.0	46.0	37.0	41.0	45.0	45.0	45.0	45.0	42.0	
38.0	43.0	0.0	38.0	39.0	40.0	36.0	37.0	0.0	37.0	
46.0	45.0	44.0	46.0	41.0	45.0	0.0	43.0	37.0	36.0	
0.0	0.0	37.0	38.0	33.0	0.0	43.0	35.0	46.0	36.0	
38.0	40.0	35.0	44.0	0.0	43.0	43.0	0.0	43.0	37.0	

capacite_residuelle_W : 
44.5	53.7	58.7	49.0	51.1	58.4	52.8	58.4	58.4	55.5	
41.2	47.5	0.0	48.7	51.5	49.6	45.3	49.6	0.0	47.4	
48.7	47.8	57.7	59.4	53.1	58.4	0.0	56.8	47.6	47.4	
0.0	0.0	43.6	44.7	40.7	0.0	50.1	47.3	57.7	44.7	
32.6	44.3	45.0	58.4	0.0	55.8	56.7	0.0	56.4	49.0	

min_capacite_X : 
40.0	0.0	0.0	0.0	0.0	

min_capacite_W : 
49.0	0.0	0.0	0.0	0.0	

max_capacite_X : 
49.0	45.0	49.0	49.0	49.0	

max_capacite_W : 
62.7	56.5	60.7	60.7	58.4	

moy_capacite_X : 
46.5	33.6	41.3	29.6	35.4	

moy_capacite_W : 
57.25	40.879999999999995	50.69	35.68	42.92	

med_capacite_X : 
47.5	41.5	46.5	39.0	41.5	

med_capacite_W : 
59.099999999999994	49.650000000000006	57.75	47.5	51.45	

ecartType_capacite_X : 
2.5787593916455256	16.942254867637896	14.149558296992877	19.637718808456345	17.99555500672319	

ecartType_capacite_W : 
3.9520247974930527	20.568558529950515	17.431434249653698	23.78065600440829	21.783562610372073	

var_capacite_X : 
6.65	287.04	200.20999999999998	385.64000000000004	323.84000000000003	

var_capacite_W : 
15.618500000000003	423.0656	303.85489999999993	565.5196000000001	474.5236000000001	

covar_capacite_X : 
7.388888888888888	318.93333333333334	222.45555555555552	428.4888888888889	359.8222222222222	

covar_capacite_W : 
17.353888888888896	470.0728888888889	337.6165555555555	628.3551111111111	527.2484444444445	

##########	##########	##########	##########	##########	##########	##########	##########	##########	##########	##########	##########	##########	##########	##########	##########	##########	##########	##########	##########	##########	##########	##########	##########	##########	##########	##########	##########	##########	##########	##########	##########	##########	##########	##########	##########	##########	##########	##########	##########	##########	##########	##########	##########	##########	##########	##########	##########	##########	##########	nombre de noeuds : 50
nombre de strates : 5
nombre de centres : 10
titre : fenetre
instances : alea50_10_1
temps de calcul : 0.04381704330444336
valeur objective : 294.0
nombre de solutions : 4
nombre de noeuds : 1.0
faisability : True
centre : [40, 33, 36, 14, 23, 7, 48, 28, 38, 0]
moy_distances :	29.43
min_distances :	10.0
max_distances :	52.0
var_distances :	65.64921016243231
covar_distances :	65.67601669986084
ecartType_distances :	8.10242001888524
coef_variation	: 0.27530967832948017
distances_centre_x :
13.0	10.0	-1.0	24.0	-1.0	13.0	21.0	0.0	14.0	23.0	-1.0	16.0	15.0	11.0	-1.0	23.0	20.0	-1.0	21.0	25.0	11.0	-1.0	13.0	0.0	13.0	14.0	-1.0	14.0	0.0	15.0	-1.0	21.0	-1.0	0.0	-1.0	-1.0	-1.0	-1.0	0.0	19.0	-1.0	22.0	15.0	-1.0	12.0	-1.0	11.0	-1.0	-1.0	23.0	
-1.0	-1.0	-1.0	-1.0	-1.0	-1.0	-1.0	-1.0	-1.0	-1.0	-1.0	16.0	-1.0	-1.0	-1.0	-1.0	-1.0	-1.0	-1.0	-1.0	-1.0	-1.0	-1.0	-1.0	-1.0	-1.0	-1.0	-1.0	-1.0	-1.0	-1.0	-1.0	-1.0	-1.0	-1.0	-1.0	-1.0	-1.0	-1.0	-1.0	-1.0	-1.0	-1.0	-1.0	-1.0	-1.0	-1.0	-1.0	-1.0	-1.0	
-1.0	-1.0	-1.0	-1.0	20.0	-1.0	-1.0	-1.0	-1.0	-1.0	-1.0	-1.0	15.0	-1.0	-1.0	-1.0	-1.0	-1.0	21.0	-1.0	-1.0	-1.0	13.0	-1.0	15.0	-1.0	-1.0	14.0	-1.0	15.0	10.0	-1.0	-1.0	-1.0	-1.0	-1.0	-1.0	-1.0	-1.0	-1.0	0.0	-1.0	15.0	-1.0	-1.0	-1.0	-1.0	-1.0	0.0	-1.0	
-1.0	-1.0	-1.0	-1.0	-1.0	-1.0	26.0	10.0	-1.0	23.0	12.0	16.0	15.0	-1.0	-1.0	-1.0	-1.0	-1.0	21.0	-1.0	-1.0	-1.0	13.0	-1.0	13.0	-1.0	-1.0	14.0	-1.0	-1.0	-1.0	-1.0	-1.0	25.0	10.0	21.0	-1.0	-1.0	0.0	-1.0	-1.0	-1.0	-1.0	-1.0	17.0	-1.0	-1.0	-1.0	-1.0	-1.0	
-1.0	-1.0	-1.0	-1.0	-1.0	-1.0	-1.0	-1.0	-1.0	-1.0	-1.0	16.0	23.0	-1.0	-1.0	-1.0	-1.0	26.0	21.0	-1.0	-1.0	-1.0	13.0	-1.0	-1.0	-1.0	-1.0	-1.0	-1.0	15.0	-1.0	-1.0	-1.0	-1.0	-1.0	-1.0	-1.0	-1.0	-1.0	-1.0	-1.0	29.0	15.0	-1.0	-1.0	-1.0	-1.0	-1.0	-1.0	-1.0	

distances_centre_w :
19.0	22.0	-1.0	28.0	-1.0	23.0	22.0	23.0	22.0	29.0	-1.0	23.0	23.0	22.0	-1.0	24.0	22.0	-1.0	24.0	25.0	12.0	-1.0	21.0	11.0	23.0	25.0	-1.0	24.0	25.0	26.0	-1.0	23.0	-1.0	25.0	-1.0	-1.0	-1.0	-1.0	23.0	23.0	-1.0	22.0	19.0	-1.0	13.0	-1.0	21.0	-1.0	-1.0	26.0	
-1.0	-1.0	-1.0	-1.0	-1.0	-1.0	-1.0	-1.0	-1.0	-1.0	-1.0	-1.0	30.0	-1.0	-1.0	-1.0	-1.0	-1.0	-1.0	-1.0	-1.0	-1.0	-1.0	-1.0	-1.0	-1.0	-1.0	-1.0	-1.0	-1.0	-1.0	-1.0	-1.0	-1.0	-1.0	-1.0	-1.0	-1.0	-1.0	-1.0	-1.0	-1.0	-1.0	-1.0	-1.0	-1.0	-1.0	-1.0	-1.0	-1.0	
-1.0	-1.0	-1.0	-1.0	-1.0	-1.0	-1.0	-1.0	-1.0	-1.0	-1.0	-1.0	23.0	-1.0	-1.0	-1.0	-1.0	26.0	-1.0	-1.0	-1.0	-1.0	-1.0	-1.0	-1.0	-1.0	-1.0	-1.0	-1.0	-1.0	-1.0	-1.0	-1.0	-1.0	-1.0	-1.0	-1.0	32.0	-1.0	-1.0	-1.0	32.0	-1.0	-1.0	-1.0	-1.0	-1.0	-1.0	-1.0	-1.0	
-1.0	-1.0	-1.0	-1.0	-1.0	-1.0	34.0	-1.0	-1.0	30.0	25.0	-1.0	23.0	-1.0	-1.0	-1.0	-1.0	26.0	-1.0	-1.0	-1.0	-1.0	20.0	-1.0	15.0	-1.0	-1.0	18.0	-1.0	-1.0	-1.0	25.0	-1.0	26.0	22.0	23.0	-1.0	-1.0	-1.0	-1.0	-1.0	-1.0	-1.0	-1.0	-1.0	-1.0	-1.0	-1.0	-1.0	-1.0	
-1.0	-1.0	-1.0	29.0	-1.0	-1.0	-1.0	-1.0	-1.0	-1.0	-1.0	-1.0	-1.0	-1.0	-1.0	-1.0	-1.0	-1.0	-1.0	-1.0	-1.0	-1.0	-1.0	-1.0	-1.0	-1.0	-1.0	-1.0	-1.0	-1.0	-1.0	-1.0	-1.0	-1.0	-1.0	-1.0	-1.0	-1.0	33.0	-1.0	-1.0	-1.0	-1.0	-1.0	-1.0	-1.0	-1.0	-1.0	-1.0	-1.0	

maxX :
25.0	16.0	21.0	26.0	29.0	

maxW :
29.0	30.0	32.0	34.0	33.0	

minX :
0.0	16.0	0.0	0.0	13.0	

minW :
11.0	30.0	23.0	15.0	29.0	

moyX :
14.125	16.0	12.545454545454545	15.733333333333333	19.75	

moyW :
22.28125	30.0	28.25	23.916666666666668	31.0	

medX :
14.0	16.0	15.0	15.0	18.5	

medW :
23.0	30.0	29.0	24.0	31.0	

ecartTypeX :
7.444586959664049	0.0	6.569400641868969	6.567258856546534	5.494315243958978	

ecartTypeW :
3.9229642411701895	0.0	3.897114317029974	4.872684635347906	2.0	

varX :
55.421875	0.0	43.15702479338843	43.12888888888889	30.1875	

varW :
15.3896484375	0.0	15.1875	23.743055555555557	4.0	

covarX :
57.20967741935484	nan	47.472727272727276	46.20952380952381	34.5	

covarW :
15.886088709677418	nan	20.25	25.901515151515152	8.0	

coef_variationX :
0.5270504042240035	0.0	0.5236478772504252	0.4174105205432119	0.27819317690931533	

coef_variationW :
0.17606571629375325	0.0	0.1379509492753973	0.20373594294137587	0.06451612903225806	

moy_distances_centre :	26.177777777777777
min_distances_centre :	10.0
max_distances_centre :	37.0
med_distances_centre :	26.0
ecartType_distances_centre :	7.460380952110775
var_distances_centre :	55.65728395061728
covar_distances_centre :	56.282646691635456
coef_variation_distances_centre :	0.28498908560694813
capacite_X_temoin : 
0.0	45.0	49.0	49.0	47.0	48.0	46.0	48.0	48.0	45.0	
49.0	44.0	45.0	0.0	45.0	42.0	41.0	42.0	0.0	38.0	
43.0	49.0	46.0	49.0	47.0	48.0	0.0	46.0	42.0	38.0	
39.0	0.0	0.0	42.0	39.0	0.0	47.0	41.0	49.0	39.0	
45.0	42.0	41.0	40.0	0.0	46.0	49.0	0.0	48.0	40.0	

capacite_W_temoin : 
0.0	52.5	62.7	59.7	55.1	59.4	56.8	59.4	59.4	55.5	
60.7	51.2	57.5	0.0	53.5	52.6	47.3	50.6	0.0	48.4	
50.9	60.7	58.8	60.7	56.1	60.4	0.0	56.8	49.6	46.4	
45.7	0.0	0.0	50.6	46.7	0.0	56.1	48.3	60.7	48.7	
54.5	50.6	52.3	48.0	0.0	56.8	56.7	0.0	56.4	50.0	

demande_cumulee_X : 
0.0	6.0	1.0	4.0	6.0	3.0	3.0	3.0	3.0	3.0	
3.0	6.0	1.0	0.0	5.0	2.0	6.0	4.0	0.0	1.0	
5.0	3.0	1.0	3.0	5.0	2.0	0.0	3.0	5.0	3.0	
5.0	0.0	0.0	4.0	4.0	0.0	5.0	5.0	3.0	2.0	
4.0	4.0	1.0	4.0	0.0	3.0	7.0	0.0	6.0	2.0	

demande_cumulee_W : 
0.0	11.0	9.0	0.0	4.0	1.0	6.0	0.0	1.0	0.0	
8.0	6.0	6.0	0.0	1.0	3.0	3.0	0.0	0.0	1.0	
10.0	6.0	7.0	3.0	0.0	0.0	0.0	2.0	2.0	0.0	
8.0	0.0	0.0	5.0	3.0	0.0	4.0	1.0	4.0	3.0	
16.0	5.0	5.0	2.0	0.0	0.0	1.0	0.0	1.0	1.0	

capacite_residuelle_X : 
0.0	39.0	48.0	45.0	41.0	45.0	43.0	45.0	45.0	42.0	
46.0	38.0	44.0	0.0	40.0	40.0	35.0	38.0	0.0	37.0	
38.0	46.0	45.0	46.0	42.0	46.0	0.0	43.0	37.0	35.0	
34.0	0.0	0.0	38.0	35.0	0.0	42.0	36.0	46.0	37.0	
41.0	38.0	40.0	36.0	0.0	43.0	42.0	0.0	42.0	38.0	

capacite_residuelle_W : 
0.0	41.5	53.7	59.7	51.1	58.4	50.8	59.4	58.4	55.5	
52.7	45.2	51.5	0.0	52.5	49.6	44.3	50.6	0.0	47.4	
40.9	54.7	51.8	57.7	56.1	60.4	0.0	54.8	47.6	46.4	
37.7	0.0	0.0	45.6	43.7	0.0	52.1	47.3	56.7	45.7	
38.5	45.6	47.3	46.0	0.0	56.8	55.7	0.0	55.4	49.0	

min_capacite_X : 
0.0	0.0	0.0	0.0	0.0	

min_capacite_W : 
0.0	0.0	0.0	0.0	0.0	

max_capacite_X : 
49.0	49.0	49.0	49.0	49.0	

max_capacite_W : 
62.7	60.7	60.7	60.7	56.8	

moy_capacite_X : 
42.5	34.6	40.8	29.6	35.1	

moy_capacite_W : 
52.05	42.17999999999999	50.04	35.68	42.529999999999994	

med_capacite_X : 
47.5	42.0	46.0	39.0	41.5	

med_capacite_W : 
58.099999999999994	50.900000000000006	56.45	47.5	51.45	

ecartType_capacite_X : 
14.23551895787435	17.516849031718007	13.99142594591416	19.637718808456345	17.807021087200408	

ecartType_capacite_W : 
17.570387019072747	21.423995892456666	17.354953183457454	23.738989026493947	21.45688933652779	

var_capacite_X : 
202.65	306.84000000000003	195.76	385.64000000000004	317.09	

var_capacite_W : 
308.71850000000006	458.98760000000004	301.1944	563.5396000000001	460.39810000000006	

covar_capacite_X : 
225.16666666666666	340.93333333333334	217.51111111111112	428.4888888888889	352.32222222222214	

covar_capacite_W : 
343.0205555555556	509.98622222222224	334.66044444444447	626.1551111111112	511.5534444444444	

##########	##########	##########	##########	##########	##########	##########	##########	##########	##########	##########	##########	##########	##########	##########	##########	##########	##########	##########	##########	##########	##########	##########	##########	##########	##########	##########	##########	##########	##########	##########	##########	##########	##########	##########	##########	##########	##########	##########	##########	##########	##########	##########	##########	##########	##########	##########	##########	##########	##########	nombre de noeuds : 50
nombre de strates : 5
nombre de centres : 10
titre : fenetre
instances : alea50_10_1
temps de calcul : 0.044493913650512695
valeur objective : 293.0
nombre de solutions : 4
nombre de noeuds : 1.0
faisability : True
centre : [33, 36, 14, 23, 7, 48, 28, 38, 0, 21]
moy_distances :	29.43
min_distances :	10.0
max_distances :	52.0
var_distances :	65.64921016243231
covar_distances :	65.67601669986084
ecartType_distances :	8.10242001888524
coef_variation	: 0.27530967832948017
distances_centre_x :
13.0	10.0	-1.0	24.0	-1.0	13.0	21.0	0.0	14.0	23.0	-1.0	12.0	15.0	11.0	-1.0	23.0	20.0	-1.0	24.0	25.0	11.0	-1.0	20.0	0.0	13.0	14.0	-1.0	14.0	0.0	26.0	-1.0	21.0	-1.0	0.0	-1.0	-1.0	-1.0	-1.0	0.0	19.0	-1.0	22.0	15.0	-1.0	12.0	-1.0	11.0	-1.0	-1.0	23.0	
-1.0	-1.0	-1.0	24.0	-1.0	-1.0	-1.0	-1.0	14.0	23.0	-1.0	16.0	15.0	-1.0	-1.0	-1.0	20.0	20.0	-1.0	-1.0	-1.0	-1.0	20.0	-1.0	13.0	-1.0	-1.0	14.0	0.0	-1.0	-1.0	-1.0	-1.0	-1.0	10.0	-1.0	-1.0	-1.0	0.0	23.0	15.0	22.0	-1.0	-1.0	12.0	10.0	-1.0	-1.0	-1.0	-1.0	
-1.0	-1.0	-1.0	-1.0	20.0	-1.0	-1.0	-1.0	-1.0	-1.0	-1.0	-1.0	15.0	-1.0	-1.0	-1.0	-1.0	-1.0	-1.0	-1.0	-1.0	-1.0	-1.0	-1.0	15.0	-1.0	-1.0	14.0	-1.0	-1.0	-1.0	-1.0	-1.0	-1.0	-1.0	-1.0	-1.0	-1.0	-1.0	-1.0	-1.0	-1.0	15.0	-1.0	-1.0	-1.0	-1.0	-1.0	0.0	-1.0	
-1.0	-1.0	-1.0	-1.0	-1.0	-1.0	26.0	10.0	-1.0	23.0	25.0	-1.0	15.0	-1.0	-1.0	-1.0	-1.0	-1.0	-1.0	-1.0	-1.0	-1.0	20.0	-1.0	13.0	-1.0	-1.0	14.0	-1.0	-1.0	-1.0	-1.0	-1.0	25.0	10.0	21.0	-1.0	-1.0	0.0	-1.0	-1.0	-1.0	-1.0	-1.0	17.0	-1.0	-1.0	-1.0	-1.0	-1.0	
-1.0	-1.0	-1.0	-1.0	-1.0	-1.0	-1.0	-1.0	-1.0	-1.0	-1.0	-1.0	-1.0	-1.0	-1.0	-1.0	-1.0	-1.0	-1.0	-1.0	-1.0	-1.0	-1.0	-1.0	-1.0	-1.0	-1.0	-1.0	-1.0	-1.0	-1.0	-1.0	-1.0	-1.0	-1.0	-1.0	-1.0	-1.0	-1.0	-1.0	-1.0	-1.0	15.0	-1.0	-1.0	-1.0	-1.0	-1.0	-1.0	-1.0	

distances_centre_w :
19.0	22.0	-1.0	25.0	-1.0	23.0	22.0	23.0	22.0	25.0	-1.0	23.0	26.0	22.0	-1.0	25.0	22.0	-1.0	26.0	25.0	12.0	-1.0	21.0	19.0	23.0	25.0	-1.0	24.0	25.0	28.0	-1.0	23.0	-1.0	25.0	-1.0	-1.0	-1.0	-1.0	23.0	26.0	-1.0	22.0	19.0	-1.0	13.0	-1.0	21.0	-1.0	-1.0	26.0	
-1.0	-1.0	-1.0	28.0	-1.0	-1.0	-1.0	-1.0	-1.0	29.0	25.0	23.0	30.0	-1.0	-1.0	-1.0	-1.0	-1.0	-1.0	-1.0	-1.0	25.0	-1.0	-1.0	-1.0	-1.0	-1.0	-1.0	-1.0	28.0	-1.0	-1.0	-1.0	-1.0	-1.0	-1.0	-1.0	-1.0	-1.0	-1.0	-1.0	-1.0	-1.0	-1.0	-1.0	-1.0	21.0	-1.0	-1.0	-1.0	
-1.0	-1.0	-1.0	-1.0	-1.0	-1.0	-1.0	-1.0	-1.0	-1.0	-1.0	-1.0	-1.0	-1.0	-1.0	-1.0	-1.0	-1.0	-1.0	-1.0	-1.0	-1.0	-1.0	-1.0	-1.0	-1.0	-1.0	-1.0	-1.0	-1.0	-1.0	-1.0	-1.0	-1.0	-1.0	-1.0	-1.0	-1.0	-1.0	-1.0	-1.0	32.0	-1.0	-1.0	-1.0	-1.0	-1.0	-1.0	-1.0	-1.0	
-1.0	-1.0	-1.0	-1.0	-1.0	-1.0	-1.0	-1.0	-1.0	-1.0	33.0	-1.0	-1.0	-1.0	-1.0	-1.0	-1.0	-1.0	24.0	-1.0	-1.0	-1.0	-1.0	-1.0	15.0	-1.0	-1.0	-1.0	-1.0	-1.0	-1.0	-1.0	-1.0	-1.0	-1.0	23.0	-1.0	-1.0	-1.0	-1.0	-1.0	-1.0	-1.0	-1.0	-1.0	-1.0	-1.0	-1.0	-1.0	-1.0	
-1.0	-1.0	-1.0	-1.0	-1.0	-1.0	-1.0	-1.0	-1.0	-1.0	-1.0	-1.0	-1.0	-1.0	-1.0	-1.0	-1.0	-1.0	-1.0	-1.0	-1.0	-1.0	-1.0	-1.0	-1.0	-1.0	-1.0	-1.0	-1.0	-1.0	-1.0	-1.0	-1.0	-1.0	-1.0	-1.0	-1.0	-1.0	-1.0	-1.0	-1.0	-1.0	-1.0	-1.0	-1.0	-1.0	-1.0	-1.0	-1.0	-1.0	

maxX :
26.0	24.0	20.0	26.0	nan	

maxW :
28.0	30.0	32.0	33.0	nan	

minX :
0.0	0.0	0.0	0.0	nan	

minW :
12.0	21.0	32.0	15.0	nan	

moyX :
14.65625	15.055555555555555	13.166666666666666	16.846153846153847	nan	

moyW :
22.65625	26.125	32.0	23.75	nan	

medX :
14.0	15.0	15.0	17.0	nan	

medW :
23.0	26.5	32.0	23.5	nan	

ecartTypeX :
7.88435704020943	6.867574553429586	6.202598021976132	7.2626140011828735	nan	

ecartTypeW :
3.3967758150192955	2.9341736485763756	0.0	6.378675411086537	nan	

varX :
62.1630859375	47.16358024691358	38.47222222222222	52.74556213017751	nan	

varW :
11.5380859375	8.609375	0.0	40.6875	nan	

covarX :
64.16834677419355	49.93790849673203	46.166666666666664	57.141025641025635	nan	

covarW :
11.910282258064516	9.839285714285714	nan	54.25	nan	

coef_variationX :
0.5379518662829462	0.4561488633274264	0.47108339407413663	0.43111407312957695	nan	

coef_variationW :
0.14992665666292063	0.11231286693115314	0.0	0.268575806782591	nan	

moy_distances_centre :	26.066666666666666
min_distances_centre :	10.0
max_distances_centre :	37.0
med_distances_centre :	26.0
ecartType_distances_centre :	7.138004700972893
var_distances_centre :	50.95111111111112
covar_distances_centre :	51.52359550561797
coef_variation_distances_centre :	0.2738364974797785
capacite_X_temoin : 
0.0	45.0	49.0	39.0	49.0	47.0	48.0	46.0	48.0	45.0	
49.0	44.0	45.0	0.0	0.0	45.0	42.0	41.0	42.0	38.0	
43.0	49.0	46.0	49.0	49.0	47.0	48.0	0.0	46.0	38.0	
39.0	0.0	0.0	48.0	42.0	39.0	0.0	47.0	41.0	39.0	
45.0	42.0	41.0	38.0	40.0	0.0	46.0	49.0	0.0	40.0	

capacite_W_temoin : 
0.0	51.5	62.7	49.7	59.7	55.1	59.4	54.8	59.4	56.5	
60.7	51.2	57.5	0.0	0.0	53.5	52.6	47.3	50.6	48.4	
49.9	58.7	57.8	61.7	60.7	57.1	60.4	0.0	56.8	46.4	
44.7	0.0	0.0	60.4	50.6	47.7	0.0	54.1	48.3	49.7	
53.5	50.6	50.3	45.4	48.0	0.0	56.8	56.7	0.0	51.0	

demande_cumulee_X : 
0.0	7.0	1.0	1.0	4.0	6.0	3.0	5.0	3.0	2.0	
3.0	6.0	1.0	0.0	0.0	5.0	2.0	6.0	4.0	1.0	
6.0	5.0	2.0	2.0	3.0	4.0	2.0	0.0	3.0	3.0	
6.0	0.0	0.0	2.0	4.0	3.0	0.0	7.0	5.0	1.0	
5.0	4.0	3.0	4.0	4.0	0.0	3.0	7.0	0.0	1.0	

demande_cumulee_W : 
0.0	11.0	10.0	5.0	0.0	2.0	1.0	3.0	0.0	0.0	
8.0	6.0	6.0	0.0	0.0	1.0	3.0	3.0	0.0	1.0	
9.0	6.0	8.0	3.0	1.0	1.0	1.0	0.0	1.0	0.0	
8.0	0.0	0.0	10.0	3.0	3.0	0.0	1.0	1.0	2.0	
15.0	8.0	4.0	1.0	1.0	0.0	0.0	2.0	0.0	0.0	

capacite_residuelle_X : 
0.0	38.0	48.0	38.0	45.0	41.0	45.0	41.0	45.0	43.0	
46.0	38.0	44.0	0.0	0.0	40.0	40.0	35.0	38.0	37.0	
37.0	44.0	44.0	47.0	46.0	43.0	46.0	0.0	43.0	35.0	
33.0	0.0	0.0	46.0	38.0	36.0	0.0	40.0	36.0	38.0	
40.0	38.0	38.0	34.0	36.0	0.0	43.0	42.0	0.0	39.0	

capacite_residuelle_W : 
0.0	40.5	52.7	44.7	59.7	53.1	58.4	51.8	59.4	56.5	
52.7	45.2	51.5	0.0	0.0	52.5	49.6	44.3	50.6	47.4	
40.9	52.7	49.8	58.7	59.7	56.1	59.4	0.0	55.8	46.4	
36.7	0.0	0.0	50.4	47.6	44.7	0.0	53.1	47.3	47.7	
38.5	42.6	46.3	44.4	47.0	0.0	56.8	54.7	0.0	51.0	

min_capacite_X : 
0.0	0.0	0.0	0.0	0.0	

min_capacite_W : 
0.0	0.0	0.0	0.0	0.0	

max_capacite_X : 
49.0	49.0	49.0	48.0	49.0	

max_capacite_W : 
62.7	60.7	61.7	60.4	56.8	

moy_capacite_X : 
41.6	34.6	41.5	29.5	34.1	

moy_capacite_W : 
50.879999999999995	42.18	50.95	35.55	41.23	

med_capacite_X : 
46.5	42.0	46.5	39.0	40.5	

med_capacite_W : 
55.8	50.900000000000006	57.45	48.0	50.45	

ecartType_capacite_X : 
14.143549766589716	17.516849031718003	14.207392441964851	19.54098257509074	17.32887763243771	

ecartType_capacite_W : 
17.37238037805988	21.423995892456663	17.59734354952474	23.608610717278555	20.882674637124435	

var_capacite_X : 
200.04000000000002	306.84	201.85	381.85	300.29	

var_capacite_W : 
301.79959999999994	458.98759999999993	309.6665	557.3664999999999	436.0861000000001	

covar_capacite_X : 
222.26666666666665	340.9333333333332	224.27777777777777	424.27777777777777	333.65555555555557	

covar_capacite_W : 
335.3328888888889	509.9862222222221	344.0738888888888	619.2961111111109	484.5401111111112	

##########	##########	##########	##########	##########	##########	##########	##########	##########	##########	##########	##########	##########	##########	##########	##########	##########	##########	##########	##########	##########	##########	##########	##########	##########	##########	##########	##########	##########	##########	##########	##########	##########	##########	##########	##########	##########	##########	##########	##########	##########	##########	##########	##########	##########	##########	##########	##########	##########	##########	nombre de noeuds : 50
nombre de strates : 5
nombre de centres : 10
titre : fenetre
instances : alea50_10_1
temps de calcul : 0.04572606086730957
valeur objective : 282.0
nombre de solutions : 2
nombre de noeuds : 0.0
faisability : True
centre : [36, 14, 23, 7, 48, 28, 38, 0, 21, 3]
moy_distances :	29.43
min_distances :	10.0
max_distances :	52.0
var_distances :	65.64921016243231
covar_distances :	65.67601669986084
ecartType_distances :	8.10242001888524
coef_variation	: 0.27530967832948017
distances_centre_x :
13.0	10.0	-1.0	0.0	-1.0	13.0	21.0	0.0	14.0	23.0	-1.0	12.0	15.0	11.0	-1.0	23.0	20.0	-1.0	24.0	25.0	11.0	-1.0	20.0	0.0	13.0	14.0	-1.0	14.0	0.0	14.0	-1.0	21.0	-1.0	25.0	-1.0	-1.0	-1.0	-1.0	0.0	19.0	-1.0	22.0	15.0	-1.0	13.0	-1.0	11.0	-1.0	-1.0	23.0	
-1.0	-1.0	-1.0	-1.0	-1.0	-1.0	-1.0	-1.0	14.0	23.0	-1.0	-1.0	15.0	-1.0	-1.0	-1.0	-1.0	20.0	-1.0	-1.0	-1.0	-1.0	20.0	-1.0	13.0	-1.0	-1.0	14.0	0.0	-1.0	-1.0	-1.0	-1.0	-1.0	10.0	-1.0	-1.0	-1.0	0.0	23.0	-1.0	-1.0	-1.0	-1.0	-1.0	10.0	-1.0	-1.0	-1.0	-1.0	
-1.0	-1.0	-1.0	-1.0	20.0	-1.0	-1.0	-1.0	-1.0	-1.0	-1.0	-1.0	15.0	-1.0	-1.0	-1.0	-1.0	-1.0	-1.0	-1.0	-1.0	-1.0	-1.0	-1.0	15.0	-1.0	-1.0	14.0	-1.0	-1.0	-1.0	-1.0	-1.0	-1.0	-1.0	-1.0	-1.0	-1.0	-1.0	-1.0	-1.0	-1.0	15.0	-1.0	-1.0	-1.0	-1.0	-1.0	0.0	-1.0	
-1.0	-1.0	-1.0	-1.0	-1.0	-1.0	26.0	10.0	14.0	23.0	25.0	12.0	15.0	11.0	-1.0	-1.0	-1.0	20.0	-1.0	-1.0	-1.0	0.0	20.0	0.0	13.0	-1.0	13.0	14.0	0.0	-1.0	-1.0	-1.0	-1.0	25.0	10.0	21.0	-1.0	-1.0	0.0	19.0	-1.0	-1.0	-1.0	-1.0	17.0	-1.0	-1.0	-1.0	-1.0	-1.0	
-1.0	-1.0	-1.0	-1.0	-1.0	-1.0	-1.0	-1.0	-1.0	-1.0	-1.0	-1.0	-1.0	-1.0	-1.0	-1.0	-1.0	-1.0	-1.0	-1.0	-1.0	-1.0	-1.0	-1.0	-1.0	-1.0	-1.0	-1.0	-1.0	-1.0	-1.0	-1.0	-1.0	-1.0	-1.0	-1.0	-1.0	-1.0	-1.0	-1.0	-1.0	-1.0	15.0	-1.0	-1.0	-1.0	-1.0	-1.0	-1.0	-1.0	

distances_centre_w :
19.0	22.0	-1.0	25.0	-1.0	23.0	22.0	23.0	22.0	25.0	-1.0	13.0	26.0	22.0	-1.0	25.0	22.0	-1.0	25.0	26.0	12.0	-1.0	21.0	19.0	23.0	25.0	-1.0	24.0	24.0	26.0	-1.0	23.0	-1.0	26.0	-1.0	-1.0	-1.0	-1.0	23.0	25.0	-1.0	23.0	19.0	-1.0	18.0	-1.0	21.0	-1.0	-1.0	26.0	
-1.0	-1.0	-1.0	24.0	-1.0	-1.0	-1.0	-1.0	-1.0	30.0	25.0	23.0	-1.0	-1.0	-1.0	-1.0	26.0	-1.0	-1.0	-1.0	-1.0	22.0	-1.0	-1.0	-1.0	-1.0	-1.0	18.0	-1.0	-1.0	-1.0	-1.0	-1.0	-1.0	-1.0	-1.0	-1.0	-1.0	-1.0	-1.0	-1.0	-1.0	-1.0	14.0	17.0	-1.0	21.0	-1.0	-1.0	-1.0	
-1.0	-1.0	-1.0	-1.0	-1.0	-1.0	-1.0	-1.0	-1.0	-1.0	-1.0	-1.0	-1.0	-1.0	-1.0	-1.0	-1.0	-1.0	-1.0	-1.0	-1.0	-1.0	-1.0	-1.0	-1.0	-1.0	-1.0	-1.0	-1.0	-1.0	-1.0	-1.0	-1.0	-1.0	-1.0	-1.0	-1.0	32.0	-1.0	-1.0	-1.0	-1.0	-1.0	-1.0	-1.0	-1.0	-1.0	-1.0	-1.0	-1.0	
-1.0	17.0	-1.0	-1.0	-1.0	-1.0	29.0	-1.0	25.0	25.0	33.0	-1.0	26.0	-1.0	-1.0	-1.0	31.0	31.0	24.0	-1.0	-1.0	-1.0	22.0	-1.0	15.0	-1.0	18.0	23.0	-1.0	-1.0	-1.0	-1.0	-1.0	30.0	-1.0	23.0	-1.0	-1.0	-1.0	-1.0	-1.0	27.0	-1.0	-1.0	-1.0	-1.0	-1.0	-1.0	-1.0	-1.0	
-1.0	-1.0	-1.0	-1.0	-1.0	-1.0	-1.0	-1.0	-1.0	-1.0	-1.0	-1.0	-1.0	-1.0	-1.0	-1.0	-1.0	-1.0	-1.0	-1.0	-1.0	-1.0	-1.0	-1.0	-1.0	-1.0	-1.0	-1.0	-1.0	-1.0	-1.0	-1.0	-1.0	-1.0	-1.0	-1.0	-1.0	-1.0	33.0	-1.0	-1.0	-1.0	-1.0	-1.0	-1.0	-1.0	-1.0	-1.0	-1.0	-1.0	

maxX :
25.0	23.0	20.0	26.0	15.0	

maxW :
26.0	30.0	32.0	33.0	33.0	

minX :
0.0	0.0	0.0	0.0	15.0	

minW :
12.0	14.0	32.0	15.0	33.0	

moyX :
14.34375	13.5	13.166666666666666	14.0	15.0	

moyW :
22.4375	22.0	32.0	24.9375	33.0	

medX :
14.0	14.0	15.0	14.0	15.0	

medW :
23.0	22.5	32.0	25.0	33.0	

ecartTypeX :
7.651018620909245	7.399324293474371	6.202598021976132	8.12963154705729	0.0	

ecartTypeW :
3.390588997504711	4.47213595499958	0.0	5.080215915687049	0.0	

varX :
58.5380859375	54.75	38.47222222222222	66.0909090909091	0.0	

varW :
11.49609375	20.0	0.0	25.80859375	0.0	

covarX :
60.42641129032258	59.72727272727273	46.166666666666664	69.23809523809524	nan	

covarW :
11.866935483870968	22.22222222222222	nan	27.529166666666665	nan	

coef_variationX :
0.5334043482986837	0.5480980958129164	0.47108339407413663	0.5806879676469493	0.0	

coef_variationW :
0.15111260156009854	0.20327890704543544	0.0	0.20371793145612227	0.0	

moy_distances_centre :	26.77777777777778
min_distances_centre :	10.0
max_distances_centre :	41.0
med_distances_centre :	27.0
ecartType_distances_centre :	7.856742013183862
var_distances_centre :	61.7283950617284
covar_distances_centre :	62.42197253433209
coef_variation_distances_centre :	0.2934053033969077
capacite_X_temoin : 
0.0	38.0	45.0	49.0	39.0	49.0	47.0	46.0	48.0	45.0	
49.0	44.0	44.0	45.0	0.0	0.0	45.0	41.0	42.0	38.0	
43.0	0.0	49.0	46.0	49.0	49.0	47.0	0.0	46.0	38.0	
39.0	47.0	0.0	0.0	48.0	42.0	39.0	47.0	41.0	39.0	
45.0	40.0	42.0	41.0	38.0	40.0	0.0	49.0	0.0	40.0	

capacite_W_temoin : 
0.0	47.4	51.5	60.7	49.7	59.7	56.1	54.8	59.4	56.5	
59.7	54.2	51.2	55.5	0.0	0.0	55.5	48.3	50.6	49.4	
50.9	0.0	57.7	55.8	61.7	60.7	57.1	0.0	56.8	46.4	
44.7	61.1	0.0	0.0	59.4	50.6	47.7	54.1	49.3	49.7	
53.5	49.0	50.6	47.3	47.4	49.0	0.0	56.7	0.0	51.0	

demande_cumulee_X : 
0.0	2.0	7.0	3.0	1.0	4.0	5.0	5.0	3.0	2.0	
4.0	3.0	6.0	3.0	0.0	0.0	3.0	5.0	4.0	0.0	
5.0	0.0	6.0	4.0	2.0	3.0	4.0	0.0	3.0	3.0	
6.0	0.0	0.0	0.0	3.0	4.0	3.0	7.0	4.0	1.0	
5.0	3.0	4.0	6.0	2.0	3.0	0.0	7.0	0.0	1.0	

demande_cumulee_W : 
0.0	4.0	10.0	7.0	5.0	1.0	1.0	3.0	0.0	1.0	
5.0	2.0	7.0	4.0	0.0	0.0	2.0	5.0	1.0	2.0	
11.0	0.0	5.0	7.0	3.0	3.0	0.0	0.0	1.0	0.0	
8.0	4.0	0.0	0.0	7.0	4.0	1.0	1.0	1.0	2.0	
9.0	5.0	8.0	2.0	2.0	3.0	0.0	1.0	0.0	1.0	

capacite_residuelle_X : 
0.0	36.0	38.0	46.0	38.0	45.0	42.0	41.0	45.0	43.0	
45.0	41.0	38.0	42.0	0.0	0.0	42.0	36.0	38.0	38.0	
38.0	0.0	43.0	42.0	47.0	46.0	43.0	0.0	43.0	35.0	
33.0	47.0	0.0	0.0	45.0	38.0	36.0	40.0	37.0	38.0	
40.0	37.0	38.0	35.0	36.0	37.0	0.0	42.0	0.0	39.0	

capacite_residuelle_W : 
0.0	43.4	41.5	53.7	44.7	58.7	55.1	51.8	59.4	55.5	
54.7	52.2	44.2	51.5	0.0	0.0	53.5	43.3	49.6	47.4	
39.9	0.0	52.7	48.8	58.7	57.7	57.1	0.0	55.8	46.4	
36.7	57.1	0.0	0.0	52.4	46.6	46.7	53.1	48.3	47.7	
44.5	44.0	42.6	45.3	45.4	46.0	0.0	55.7	0.0	50.0	

min_capacite_X : 
0.0	0.0	0.0	0.0	0.0	

min_capacite_W : 
0.0	0.0	0.0	0.0	0.0	

max_capacite_X : 
49.0	49.0	49.0	48.0	49.0	

max_capacite_W : 
60.7	59.7	61.7	61.1	56.7	

moy_capacite_X : 
40.6	34.8	36.7	34.2	33.5	

moy_capacite_W : 
49.58	42.440000000000005	44.709999999999994	41.660000000000004	40.45	

med_capacite_X : 
45.5	43.0	46.0	40.0	40.0	

med_capacite_W : 
55.45	50.900000000000006	56.3	49.5	49.0	

ecartType_capacite_X : 
14.008568806269967	17.61135997020105	18.62283544468994	17.417232845661793	17.00735135169495	

ecartType_capacite_W : 
17.04926977908438	21.460997180932672	22.74838236007123	21.37087738021067	20.402267030896347	

var_capacite_X : 
196.23999999999998	310.15999999999997	346.81	303.35999999999996	289.25	

var_capacite_W : 
290.6776	460.5744000000001	517.4889	456.7144	416.25250000000005	

covar_capacite_X : 
218.04444444444442	344.62222222222226	385.34444444444443	337.0666666666666	321.38888888888886	

covar_capacite_W : 
322.97511111111106	511.74933333333337	574.9876666666667	507.4604444444444	462.5027777777778	

##########	##########	##########	##########	##########	##########	##########	##########	##########	##########	##########	##########	##########	##########	##########	##########	##########	##########	##########	##########	##########	##########	##########	##########	##########	##########	##########	##########	##########	##########	##########	##########	##########	##########	##########	##########	##########	##########	##########	##########	##########	##########	##########	##########	##########	##########	##########	##########	##########	##########	nombre de noeuds : 50
nombre de strates : 5
nombre de centres : 10
titre : fenetre
instances : alea50_10_1
temps de calcul : 0.04488992691040039
valeur objective : 302.0
nombre de solutions : 3
nombre de noeuds : 0.0
faisability : True
centre : [14, 23, 7, 48, 28, 38, 0, 21, 3, 18]
moy_distances :	29.43
min_distances :	10.0
max_distances :	52.0
var_distances :	65.64921016243231
covar_distances :	65.67601669986084
ecartType_distances :	8.10242001888524
coef_variation	: 0.27530967832948017
distances_centre_x :
13.0	10.0	-1.0	0.0	-1.0	23.0	21.0	0.0	14.0	25.0	-1.0	12.0	15.0	11.0	-1.0	23.0	20.0	-1.0	0.0	25.0	11.0	-1.0	21.0	0.0	15.0	14.0	-1.0	14.0	0.0	14.0	-1.0	10.0	-1.0	25.0	-1.0	-1.0	-1.0	-1.0	0.0	19.0	-1.0	22.0	10.0	-1.0	13.0	-1.0	11.0	-1.0	-1.0	23.0	
-1.0	-1.0	-1.0	-1.0	-1.0	-1.0	-1.0	-1.0	14.0	30.0	-1.0	-1.0	15.0	-1.0	-1.0	-1.0	20.0	20.0	-1.0	-1.0	-1.0	-1.0	-1.0	-1.0	15.0	-1.0	-1.0	14.0	0.0	-1.0	-1.0	-1.0	-1.0	-1.0	-1.0	-1.0	-1.0	-1.0	0.0	-1.0	-1.0	-1.0	-1.0	-1.0	-1.0	10.0	-1.0	-1.0	-1.0	-1.0	
-1.0	10.0	-1.0	-1.0	20.0	-1.0	21.0	0.0	14.0	-1.0	-1.0	-1.0	15.0	11.0	-1.0	-1.0	22.0	20.0	0.0	-1.0	-1.0	0.0	21.0	-1.0	15.0	-1.0	13.0	14.0	0.0	26.0	11.0	-1.0	13.0	25.0	-1.0	-1.0	-1.0	26.0	-1.0	19.0	15.0	22.0	10.0	-1.0	13.0	-1.0	-1.0	-1.0	0.0	-1.0	
-1.0	-1.0	-1.0	-1.0	-1.0	-1.0	29.0	-1.0	14.0	25.0	28.0	12.0	15.0	11.0	-1.0	-1.0	-1.0	20.0	0.0	-1.0	-1.0	0.0	22.0	0.0	15.0	-1.0	13.0	14.0	0.0	-1.0	-1.0	10.0	-1.0	25.0	12.0	21.0	-1.0	-1.0	0.0	19.0	-1.0	23.0	-1.0	-1.0	17.0	-1.0	-1.0	-1.0	-1.0	-1.0	
-1.0	-1.0	-1.0	-1.0	-1.0	-1.0	-1.0	-1.0	-1.0	-1.0	-1.0	-1.0	-1.0	-1.0	-1.0	-1.0	-1.0	-1.0	-1.0	-1.0	-1.0	-1.0	-1.0	-1.0	-1.0	-1.0	-1.0	-1.0	-1.0	-1.0	-1.0	-1.0	-1.0	-1.0	-1.0	-1.0	-1.0	-1.0	-1.0	-1.0	-1.0	-1.0	-1.0	-1.0	-1.0	-1.0	-1.0	-1.0	-1.0	-1.0	

distances_centre_w :
19.0	22.0	-1.0	25.0	-1.0	25.0	22.0	23.0	22.0	30.0	-1.0	13.0	24.0	22.0	-1.0	25.0	22.0	-1.0	25.0	26.0	12.0	-1.0	25.0	19.0	23.0	25.0	-1.0	24.0	24.0	26.0	-1.0	23.0	-1.0	29.0	-1.0	-1.0	-1.0	-1.0	23.0	25.0	-1.0	23.0	19.0	-1.0	18.0	-1.0	15.0	-1.0	-1.0	27.0	
-1.0	-1.0	-1.0	24.0	-1.0	-1.0	-1.0	-1.0	-1.0	-1.0	-1.0	-1.0	-1.0	-1.0	-1.0	-1.0	-1.0	-1.0	-1.0	-1.0	-1.0	-1.0	-1.0	-1.0	-1.0	-1.0	-1.0	-1.0	-1.0	-1.0	-1.0	-1.0	-1.0	-1.0	-1.0	-1.0	-1.0	-1.0	-1.0	-1.0	-1.0	-1.0	-1.0	-1.0	-1.0	-1.0	-1.0	-1.0	-1.0	-1.0	
19.0	-1.0	24.0	-1.0	-1.0	-1.0	22.0	-1.0	22.0	-1.0	-1.0	-1.0	24.0	-1.0	-1.0	-1.0	26.0	27.0	-1.0	-1.0	-1.0	-1.0	25.0	-1.0	23.0	-1.0	25.0	24.0	-1.0	28.0	20.0	-1.0	15.0	25.0	-1.0	-1.0	-1.0	29.0	-1.0	-1.0	25.0	-1.0	-1.0	25.0	-1.0	-1.0	-1.0	-1.0	12.0	-1.0	
-1.0	22.0	-1.0	-1.0	-1.0	-1.0	34.0	26.0	-1.0	30.0	33.0	-1.0	-1.0	-1.0	-1.0	-1.0	20.0	31.0	-1.0	-1.0	-1.0	-1.0	-1.0	-1.0	28.0	-1.0	29.0	23.0	-1.0	-1.0	-1.0	-1.0	-1.0	25.0	-1.0	29.0	-1.0	-1.0	-1.0	-1.0	-1.0	-1.0	-1.0	-1.0	-1.0	-1.0	-1.0	-1.0	-1.0	-1.0	
-1.0	-1.0	-1.0	-1.0	-1.0	-1.0	-1.0	-1.0	-1.0	-1.0	-1.0	-1.0	-1.0	-1.0	-1.0	-1.0	-1.0	-1.0	-1.0	-1.0	-1.0	-1.0	-1.0	-1.0	-1.0	-1.0	-1.0	-1.0	-1.0	-1.0	-1.0	-1.0	-1.0	-1.0	-1.0	-1.0	-1.0	-1.0	-1.0	-1.0	-1.0	-1.0	-1.0	-1.0	-1.0	-1.0	-1.0	-1.0	-1.0	-1.0	

maxX :
25.0	30.0	26.0	29.0	nan	

maxW :
30.0	24.0	29.0	34.0	nan	

minX :
0.0	0.0	0.0	0.0	nan	

minW :
12.0	24.0	12.0	20.0	nan	

moyX :
13.5625	13.8	13.925925925925926	14.375	nan	

moyW :
22.65625	24.0	23.157894736842106	27.5	nan	

medX :
14.0	14.5	14.0	14.5	nan	

medW :
23.0	24.0	24.0	28.5	nan	

ecartTypeX :
8.065890759860315	8.588364221433556	8.091723828272412	8.989866980847566	nan	

ecartTypeW :
3.989120947965855	0.0	4.107286950552983	4.193248541803041	nan	

varX :
65.05859375	73.76000000000002	65.47599451303155	80.81770833333333	nan	

varW :
15.9130859375	0.0	16.869806094182824	17.583333333333332	nan	

covarX :
67.15725806451613	81.95555555555556	67.994301994302	84.33152173913044	nan	

covarW :
16.42641129032258	nan	17.807017543859647	19.181818181818183	nan	

coef_variationX :
0.594720056026567	0.6223452334372142	0.5810546366046679	0.6253820508415698	nan	

coef_variationW :
0.1760715452895274	0.0	0.17736011831933335	0.1524817651564742	nan	

moy_distances_centre :	27.755555555555556
min_distances_centre :	11.0
max_distances_centre :	41.0
med_distances_centre :	28.0
ecartType_distances_centre :	7.174509059643982
var_distances_centre :	51.47358024691357
covar_distances_centre :	52.05193508114856
coef_variation_distances_centre :	0.25848911744113623
capacite_X_temoin : 
0.0	38.0	45.0	49.0	47.0	39.0	49.0	47.0	48.0	45.0	
49.0	44.0	44.0	45.0	0.0	0.0	0.0	45.0	42.0	38.0	
43.0	0.0	49.0	46.0	38.0	49.0	49.0	47.0	46.0	38.0	
39.0	47.0	0.0	0.0	45.0	48.0	42.0	39.0	41.0	39.0	
45.0	40.0	42.0	41.0	38.0	38.0	40.0	0.0	0.0	40.0	

capacite_W_temoin : 
0.0	47.4	49.5	60.7	58.1	48.7	59.7	56.1	58.4	58.5	
59.7	54.2	49.2	55.5	0.0	0.0	0.0	54.5	49.6	48.4	
52.9	0.0	56.7	55.8	46.4	62.7	60.7	57.1	56.8	47.4	
46.7	61.1	0.0	0.0	54.5	56.4	50.6	47.7	47.3	49.7	
55.5	49.0	47.6	49.3	43.4	44.4	49.0	0.0	0.0	52.0	

demande_cumulee_X : 
0.0	2.0	9.0	3.0	3.0	2.0	4.0	5.0	4.0	0.0	
4.0	3.0	8.0	3.0	0.0	0.0	0.0	4.0	5.0	1.0	
3.0	0.0	7.0	4.0	3.0	1.0	3.0	4.0	3.0	2.0	
4.0	0.0	0.0	0.0	4.0	6.0	4.0	3.0	6.0	1.0	
3.0	3.0	7.0	4.0	6.0	5.0	3.0	0.0	0.0	0.0	

demande_cumulee_W : 
0.0	5.0	8.0	7.0	4.0	3.0	2.0	1.0	0.0	2.0	
13.0	6.0	5.0	3.0	0.0	0.0	0.0	1.0	0.0	0.0	
11.0	0.0	4.0	7.0	5.0	2.0	1.0	0.0	0.0	0.0	
14.0	2.0	0.0	0.0	4.0	3.0	1.0	1.0	0.0	3.0	
20.0	3.0	4.0	2.0	1.0	0.0	1.0	0.0	0.0	0.0	

capacite_residuelle_X : 
0.0	36.0	36.0	46.0	44.0	37.0	45.0	42.0	44.0	45.0	
45.0	41.0	36.0	42.0	0.0	0.0	0.0	41.0	37.0	37.0	
40.0	0.0	42.0	42.0	35.0	48.0	46.0	43.0	43.0	36.0	
35.0	47.0	0.0	0.0	41.0	42.0	38.0	36.0	35.0	38.0	
42.0	37.0	35.0	37.0	32.0	33.0	37.0	0.0	0.0	40.0	

capacite_residuelle_W : 
0.0	42.4	41.5	53.7	54.1	45.7	57.7	55.1	58.4	56.5	
46.7	48.2	44.2	52.5	0.0	0.0	0.0	53.5	49.6	48.4	
41.9	0.0	52.7	48.8	41.4	60.7	59.7	57.1	56.8	47.4	
32.7	59.1	0.0	0.0	50.5	53.4	49.6	46.7	47.3	46.7	
35.5	46.0	43.6	47.3	42.4	44.4	48.0	0.0	0.0	52.0	

min_capacite_X : 
0.0	0.0	0.0	0.0	0.0	

min_capacite_W : 
0.0	0.0	0.0	0.0	0.0	

max_capacite_X : 
49.0	49.0	49.0	48.0	45.0	

max_capacite_W : 
60.7	59.7	62.7	61.1	55.5	

moy_capacite_X : 
40.7	30.7	40.5	34.0	32.4	

moy_capacite_W : 
49.71	37.11	49.65	41.4	39.02	

med_capacite_X : 
46.0	43.0	46.0	40.0	40.0	

med_capacite_W : 
57.1	49.400000000000006	56.25	48.7	48.3	

ecartType_capacite_X : 
14.050266901379489	20.263514009174223	14.065916251705753	17.28004629623428	16.310732662881826	

ecartType_capacite_W : 
17.210662392830788	24.50320183159744	17.256491532174206	21.139394504100633	19.77831135360145	

var_capacite_X : 
197.41	410.61	197.85	298.6	266.0400000000001	

var_capacite_W : 
296.2069	600.4069000000002	297.78650000000005	446.8740000000001	391.1816	

covar_capacite_X : 
219.34444444444443	456.23333333333335	219.83333333333331	331.77777777777777	295.6	

covar_capacite_W : 
329.1187777777778	667.1187777777778	330.87388888888887	496.52666666666664	434.6462222222222	

##########	##########	##########	##########	##########	##########	##########	##########	##########	##########	##########	##########	##########	##########	##########	##########	##########	##########	##########	##########	##########	##########	##########	##########	##########	##########	##########	##########	##########	##########	##########	##########	##########	##########	##########	##########	##########	##########	##########	##########	##########	##########	##########	##########	##########	##########	##########	##########	##########	##########	nombre de noeuds : 50
nombre de strates : 5
nombre de centres : 10
titre : fenetre
instances : alea50_10_1
temps de calcul : 0.04327392578125
valeur objective : 303.0
nombre de solutions : 3
nombre de noeuds : 0.0
faisability : True
centre : [23, 7, 48, 28, 38, 0, 21, 3, 18, 6]
moy_distances :	29.43
min_distances :	10.0
max_distances :	52.0
var_distances :	65.64921016243231
covar_distances :	65.67601669986084
ecartType_distances :	8.10242001888524
coef_variation	: 0.27530967832948017
distances_centre_x :
13.0	10.0	-1.0	-1.0	-1.0	23.0	21.0	0.0	14.0	25.0	-1.0	12.0	15.0	11.0	-1.0	24.0	20.0	-1.0	0.0	25.0	11.0	-1.0	21.0	0.0	15.0	14.0	-1.0	14.0	0.0	-1.0	-1.0	10.0	-1.0	25.0	-1.0	-1.0	-1.0	-1.0	0.0	19.0	-1.0	22.0	10.0	-1.0	17.0	-1.0	11.0	-1.0	-1.0	23.0	
-1.0	-1.0	-1.0	-1.0	-1.0	-1.0	-1.0	-1.0	14.0	-1.0	-1.0	-1.0	15.0	-1.0	12.0	-1.0	-1.0	20.0	-1.0	-1.0	-1.0	-1.0	-1.0	-1.0	15.0	-1.0	-1.0	14.0	0.0	-1.0	-1.0	-1.0	-1.0	-1.0	-1.0	-1.0	-1.0	-1.0	0.0	-1.0	22.0	-1.0	-1.0	-1.0	17.0	10.0	-1.0	-1.0	-1.0	-1.0	
-1.0	10.0	-1.0	-1.0	20.0	-1.0	0.0	0.0	14.0	-1.0	-1.0	-1.0	15.0	11.0	-1.0	-1.0	23.0	20.0	0.0	-1.0	-1.0	0.0	21.0	-1.0	15.0	-1.0	13.0	14.0	0.0	26.0	11.0	-1.0	15.0	25.0	-1.0	-1.0	-1.0	26.0	-1.0	19.0	21.0	22.0	10.0	-1.0	17.0	-1.0	-1.0	-1.0	0.0	-1.0	
-1.0	-1.0	-1.0	-1.0	-1.0	-1.0	-1.0	-1.0	14.0	25.0	28.0	12.0	15.0	11.0	-1.0	-1.0	20.0	20.0	0.0	-1.0	-1.0	0.0	22.0	0.0	15.0	-1.0	13.0	14.0	0.0	-1.0	-1.0	10.0	-1.0	25.0	12.0	21.0	-1.0	-1.0	0.0	19.0	-1.0	23.0	-1.0	-1.0	17.0	-1.0	-1.0	-1.0	-1.0	-1.0	
-1.0	-1.0	-1.0	-1.0	-1.0	-1.0	-1.0	-1.0	-1.0	-1.0	-1.0	-1.0	-1.0	-1.0	-1.0	-1.0	-1.0	-1.0	-1.0	-1.0	-1.0	-1.0	-1.0	-1.0	-1.0	-1.0	-1.0	-1.0	-1.0	-1.0	-1.0	-1.0	-1.0	-1.0	-1.0	-1.0	-1.0	-1.0	-1.0	-1.0	-1.0	-1.0	-1.0	-1.0	17.0	-1.0	-1.0	-1.0	-1.0	-1.0	

distances_centre_w :
19.0	22.0	-1.0	25.0	-1.0	25.0	29.0	25.0	17.0	30.0	-1.0	-1.0	24.0	22.0	-1.0	25.0	22.0	-1.0	25.0	26.0	25.0	-1.0	25.0	19.0	23.0	25.0	-1.0	23.0	-1.0	26.0	-1.0	-1.0	-1.0	25.0	-1.0	-1.0	-1.0	-1.0	23.0	-1.0	-1.0	23.0	19.0	-1.0	18.0	-1.0	15.0	-1.0	-1.0	-1.0	
-1.0	-1.0	-1.0	24.0	-1.0	-1.0	-1.0	-1.0	-1.0	-1.0	33.0	-1.0	-1.0	-1.0	-1.0	-1.0	20.0	-1.0	-1.0	-1.0	-1.0	-1.0	-1.0	-1.0	-1.0	-1.0	-1.0	-1.0	-1.0	-1.0	-1.0	-1.0	-1.0	-1.0	-1.0	-1.0	-1.0	-1.0	-1.0	-1.0	-1.0	-1.0	-1.0	-1.0	-1.0	-1.0	-1.0	-1.0	-1.0	-1.0	
19.0	-1.0	24.0	-1.0	-1.0	-1.0	21.0	-1.0	17.0	-1.0	-1.0	-1.0	24.0	-1.0	-1.0	-1.0	31.0	31.0	-1.0	-1.0	-1.0	-1.0	25.0	-1.0	23.0	-1.0	25.0	23.0	-1.0	28.0	19.0	-1.0	19.0	30.0	-1.0	-1.0	-1.0	29.0	-1.0	19.0	25.0	-1.0	-1.0	14.0	-1.0	-1.0	-1.0	-1.0	25.0	-1.0	
-1.0	22.0	-1.0	-1.0	-1.0	-1.0	29.0	-1.0	-1.0	-1.0	33.0	-1.0	-1.0	-1.0	-1.0	-1.0	-1.0	31.0	-1.0	-1.0	-1.0	-1.0	-1.0	-1.0	28.0	-1.0	18.0	23.0	-1.0	-1.0	-1.0	-1.0	-1.0	25.0	-1.0	28.0	-1.0	-1.0	-1.0	-1.0	-1.0	-1.0	-1.0	-1.0	-1.0	-1.0	-1.0	-1.0	-1.0	-1.0	
-1.0	-1.0	-1.0	-1.0	-1.0	-1.0	-1.0	-1.0	-1.0	-1.0	-1.0	-1.0	-1.0	-1.0	-1.0	-1.0	-1.0	-1.0	-1.0	-1.0	-1.0	-1.0	-1.0	-1.0	-1.0	-1.0	-1.0	-1.0	-1.0	-1.0	-1.0	-1.0	-1.0	-1.0	-1.0	-1.0	-1.0	-1.0	-1.0	-1.0	-1.0	-1.0	-1.0	-1.0	-1.0	-1.0	-1.0	-1.0	-1.0	-1.0	

maxX :
25.0	22.0	26.0	28.0	nan	

maxW :
30.0	33.0	31.0	33.0	nan	

minX :
0.0	0.0	0.0	0.0	nan	

minW :
15.0	20.0	14.0	18.0	nan	

moyX :
14.166666666666666	12.636363636363637	13.62962962962963	14.0	nan	

moyW :
23.14814814814815	25.666666666666668	23.55	26.333333333333332	nan	

medX :
14.0	14.0	15.0	14.5	nan	

medW :
24.0	24.0	24.0	28.0	nan	

ecartTypeX :
7.996179643360252	6.759138289251311	8.572774079513664	8.54887906882144	nan	

ecartTypeW :
3.4178583689064674	5.436502143433363	4.663421490708298	4.47213595499958	nan	

varX :
63.93888888888888	45.68595041322314	73.49245541838134	73.08333333333333	nan	

varW :
11.681755829903977	29.555555555555554	21.7475	20.0	nan	

covarX :
66.14367816091954	50.25454545454546	76.31908831908831	76.26086956521739	nan	

covarW :
12.131054131054132	44.33333333333333	22.892105263157898	22.5	nan	

coef_variationX :
0.5644362101195473	0.5348958358400318	0.6289807069208395	0.6106342192015315	nan	

coef_variationW :
0.1476514815367594	0.21181177182207905	0.1980221439791209	0.16982794765821188	nan	

moy_distances_centre :	29.288888888888888
min_distances_centre :	11.0
max_distances_centre :	43.0
med_distances_centre :	29.0
ecartType_distances_centre :	7.380521578142842
var_distances_centre :	54.4720987654321
covar_distances_centre :	55.0841448189763
coef_variation_distances_centre :	0.25199049394266154
capacite_X_temoin : 
0.0	38.0	0.0	45.0	47.0	39.0	49.0	47.0	48.0	45.0	
49.0	44.0	44.0	44.0	0.0	0.0	0.0	45.0	42.0	38.0	
43.0	0.0	40.0	49.0	38.0	49.0	49.0	47.0	46.0	38.0	
39.0	47.0	41.0	0.0	45.0	48.0	42.0	39.0	41.0	39.0	
45.0	40.0	40.0	42.0	38.0	38.0	40.0	0.0	0.0	40.0	

capacite_W_temoin : 
0.0	47.4	0.0	49.5	58.1	48.7	59.7	55.1	57.4	57.5	
59.7	54.2	53.2	51.2	0.0	0.0	0.0	55.5	48.6	47.4	
52.9	0.0	50.0	58.7	45.4	60.7	61.7	57.1	55.8	46.4	
47.7	61.1	52.3	0.0	54.5	57.4	50.6	46.7	47.3	49.7	
55.5	49.0	49.0	48.6	43.4	43.4	49.0	0.0	0.0	51.0	

demande_cumulee_X : 
0.0	2.0	0.0	9.0	3.0	2.0	4.0	6.0	5.0	1.0	
4.0	3.0	4.0	6.0	0.0	0.0	0.0	3.0	6.0	2.0	
3.0	0.0	2.0	5.0	4.0	3.0	2.0	4.0	4.0	3.0	
3.0	0.0	1.0	0.0	4.0	5.0	4.0	4.0	6.0	1.0	
3.0	3.0	3.0	6.0	6.0	6.0	3.0	0.0	0.0	1.0	

demande_cumulee_W : 
0.0	5.0	0.0	8.0	7.0	6.0	1.0	2.0	1.0	2.0	
15.0	5.0	2.0	3.0	0.0	0.0	0.0	2.0	0.0	1.0	
10.0	0.0	1.0	5.0	7.0	2.0	5.0	0.0	0.0	0.0	
14.0	2.0	3.0	0.0	2.0	4.0	1.0	1.0	0.0	1.0	
21.0	3.0	3.0	3.0	1.0	0.0	0.0	0.0	0.0	0.0	

capacite_residuelle_X : 
0.0	36.0	0.0	36.0	44.0	37.0	45.0	41.0	43.0	44.0	
45.0	41.0	40.0	38.0	0.0	0.0	0.0	42.0	36.0	36.0	
40.0	0.0	38.0	44.0	34.0	46.0	47.0	43.0	42.0	35.0	
36.0	47.0	40.0	0.0	41.0	43.0	38.0	35.0	35.0	38.0	
42.0	37.0	37.0	36.0	32.0	32.0	37.0	0.0	0.0	39.0	

capacite_residuelle_W : 
0.0	42.4	0.0	41.5	51.1	42.7	58.7	53.1	56.4	55.5	
44.7	49.2	51.2	48.2	0.0	0.0	0.0	53.5	48.6	46.4	
42.9	0.0	49.0	53.7	38.4	58.7	56.7	57.1	55.8	46.4	
33.7	59.1	49.3	0.0	52.5	53.4	49.6	45.7	47.3	48.7	
34.5	46.0	46.0	45.6	42.4	43.4	49.0	0.0	0.0	51.0	

min_capacite_X : 
0.0	0.0	0.0	0.0	0.0	

min_capacite_W : 
0.0	0.0	0.0	0.0	0.0	

max_capacite_X : 
49.0	49.0	49.0	48.0	45.0	

max_capacite_W : 
59.7	59.7	61.7	61.1	55.5	

moy_capacite_X : 
35.8	30.6	39.9	38.1	32.3	

moy_capacite_W : 
43.339999999999996	36.980000000000004	48.87	46.730000000000004	38.89	

med_capacite_X : 
45.0	43.0	44.5	41.0	40.0	

med_capacite_W : 
52.3	49.900000000000006	54.349999999999994	50.150000000000006	48.8	

ecartType_capacite_X : 
18.225257199831226	20.195048898182943	13.94596715900335	13.080137613954985	16.26068879229905	

ecartType_capacite_W : 
22.049634917612583	24.42780383088091	17.148997055221624	16.1879615764308	19.720570478563747	

var_capacite_X : 
332.15999999999997	407.84000000000003	194.48999999999998	171.09	264.40999999999997	

var_capacite_W : 
486.18640000000005	596.7176000000002	294.0881	262.05010000000004	388.9009	

covar_capacite_X : 
369.06666666666666	453.15555555555557	216.09999999999994	190.1	293.78888888888883	

covar_capacite_W : 
540.2071111111111	663.0195555555556	326.76455555555555	291.16677777777784	432.11211111111106	

##########	##########	##########	##########	##########	##########	##########	##########	##########	##########	##########	##########	##########	##########	##########	##########	##########	##########	##########	##########	##########	##########	##########	##########	##########	##########	##########	##########	##########	##########	##########	##########	##########	##########	##########	##########	##########	##########	##########	##########	##########	##########	##########	##########	##########	##########	##########	##########	##########	##########	nombre de noeuds : 50
nombre de strates : 5
nombre de centres : 10
titre : fenetre
instances : alea50_10_1
temps de calcul : 0.042344093322753906
valeur objective : 303.0
nombre de solutions : 2
nombre de noeuds : 0.0
faisability : True
centre : [7, 48, 28, 38, 0, 21, 3, 18, 6, 32]
moy_distances :	29.43
min_distances :	10.0
max_distances :	52.0
var_distances :	65.64921016243231
covar_distances :	65.67601669986084
ecartType_distances :	8.10242001888524
coef_variation	: 0.27530967832948017
distances_centre_x :
13.0	10.0	-1.0	-1.0	-1.0	14.0	19.0	0.0	14.0	25.0	-1.0	12.0	15.0	22.0	-1.0	10.0	20.0	-1.0	0.0	26.0	11.0	-1.0	21.0	11.0	15.0	14.0	-1.0	11.0	0.0	-1.0	-1.0	10.0	-1.0	25.0	-1.0	-1.0	-1.0	-1.0	0.0	-1.0	-1.0	22.0	10.0	-1.0	17.0	-1.0	11.0	-1.0	-1.0	23.0	
-1.0	-1.0	-1.0	-1.0	-1.0	-1.0	-1.0	-1.0	14.0	-1.0	-1.0	-1.0	15.0	-1.0	12.0	-1.0	-1.0	20.0	-1.0	-1.0	-1.0	15.0	-1.0	-1.0	15.0	-1.0	-1.0	11.0	0.0	-1.0	-1.0	-1.0	-1.0	-1.0	-1.0	-1.0	-1.0	-1.0	0.0	-1.0	18.0	-1.0	-1.0	-1.0	17.0	10.0	-1.0	-1.0	-1.0	-1.0	
-1.0	10.0	-1.0	-1.0	20.0	-1.0	0.0	0.0	14.0	-1.0	-1.0	-1.0	15.0	22.0	-1.0	-1.0	-1.0	20.0	0.0	-1.0	-1.0	0.0	21.0	-1.0	15.0	-1.0	18.0	11.0	0.0	26.0	11.0	-1.0	0.0	25.0	-1.0	-1.0	-1.0	26.0	-1.0	19.0	18.0	22.0	10.0	-1.0	17.0	-1.0	-1.0	-1.0	0.0	-1.0	
-1.0	-1.0	-1.0	-1.0	-1.0	-1.0	-1.0	-1.0	14.0	25.0	19.0	12.0	15.0	22.0	-1.0	-1.0	-1.0	20.0	0.0	-1.0	-1.0	0.0	22.0	11.0	15.0	-1.0	18.0	11.0	0.0	-1.0	-1.0	10.0	-1.0	25.0	12.0	14.0	-1.0	-1.0	0.0	-1.0	-1.0	23.0	-1.0	-1.0	17.0	-1.0	-1.0	-1.0	-1.0	-1.0	
-1.0	-1.0	-1.0	-1.0	-1.0	-1.0	-1.0	-1.0	-1.0	-1.0	-1.0	-1.0	-1.0	-1.0	-1.0	-1.0	-1.0	-1.0	-1.0	-1.0	-1.0	-1.0	-1.0	-1.0	-1.0	-1.0	-1.0	-1.0	-1.0	-1.0	-1.0	-1.0	-1.0	-1.0	-1.0	-1.0	-1.0	-1.0	-1.0	-1.0	-1.0	-1.0	-1.0	-1.0	17.0	-1.0	-1.0	-1.0	-1.0	-1.0	

distances_centre_w :
19.0	22.0	-1.0	25.0	-1.0	23.0	21.0	26.0	17.0	30.0	-1.0	-1.0	24.0	30.0	-1.0	25.0	22.0	-1.0	26.0	27.0	25.0	-1.0	25.0	19.0	23.0	25.0	-1.0	23.0	-1.0	26.0	-1.0	-1.0	-1.0	29.0	-1.0	-1.0	-1.0	-1.0	23.0	30.0	-1.0	23.0	19.0	-1.0	26.0	-1.0	15.0	-1.0	-1.0	-1.0	
-1.0	-1.0	-1.0	24.0	-1.0	-1.0	-1.0	-1.0	-1.0	-1.0	19.0	-1.0	-1.0	-1.0	-1.0	-1.0	31.0	-1.0	-1.0	-1.0	-1.0	-1.0	-1.0	-1.0	-1.0	-1.0	-1.0	-1.0	-1.0	-1.0	-1.0	-1.0	-1.0	-1.0	-1.0	-1.0	-1.0	-1.0	-1.0	-1.0	-1.0	-1.0	-1.0	-1.0	-1.0	-1.0	-1.0	-1.0	-1.0	-1.0	
19.0	-1.0	25.0	-1.0	-1.0	-1.0	21.0	-1.0	17.0	-1.0	-1.0	-1.0	24.0	-1.0	-1.0	-1.0	31.0	-1.0	-1.0	-1.0	-1.0	-1.0	25.0	-1.0	23.0	-1.0	25.0	23.0	-1.0	28.0	19.0	-1.0	19.0	33.0	-1.0	-1.0	-1.0	29.0	-1.0	-1.0	25.0	-1.0	-1.0	14.0	-1.0	-1.0	-1.0	-1.0	25.0	-1.0	
-1.0	22.0	-1.0	-1.0	-1.0	-1.0	19.0	-1.0	17.0	-1.0	28.0	-1.0	24.0	-1.0	-1.0	-1.0	31.0	-1.0	-1.0	-1.0	-1.0	-1.0	25.0	-1.0	27.0	-1.0	24.0	23.0	-1.0	-1.0	-1.0	-1.0	-1.0	-1.0	-1.0	21.0	-1.0	-1.0	21.0	-1.0	-1.0	-1.0	-1.0	14.0	-1.0	-1.0	-1.0	-1.0	-1.0	-1.0	
-1.0	-1.0	-1.0	-1.0	-1.0	-1.0	-1.0	-1.0	-1.0	-1.0	-1.0	-1.0	-1.0	-1.0	-1.0	-1.0	-1.0	-1.0	-1.0	-1.0	-1.0	-1.0	-1.0	-1.0	-1.0	-1.0	-1.0	-1.0	-1.0	-1.0	-1.0	-1.0	-1.0	-1.0	-1.0	-1.0	-1.0	-1.0	-1.0	-1.0	-1.0	-1.0	-1.0	-1.0	-1.0	-1.0	-1.0	-1.0	-1.0	-1.0	

maxX :
26.0	20.0	26.0	25.0	nan	

maxW :
30.0	31.0	33.0	31.0	nan	

minX :
0.0	0.0	0.0	0.0	nan	

minW :
15.0	19.0	14.0	14.0	nan	

moyX :
13.827586206896552	12.25	13.076923076923077	13.863636363636363	nan	

moyW :
23.857142857142858	24.666666666666668	23.61111111111111	22.76923076923077	nan	

medX :
14.0	14.5	15.0	14.5	nan	

medW :
24.5	24.0	24.5	23.0	nan	

ecartTypeX :
7.437412256299537	6.111805516102968	9.042306874325128	7.875713269547859	nan	

ecartTypeW :
3.7293649949161747	4.9216076867444665	4.762572704477287	4.4054834040850315	nan	

varX :
55.31510107015457	37.354166666666664	81.76331360946746	62.026859504132226	nan	

varW :
13.90816326530612	24.222222222222218	22.682098765432098	19.40828402366864	nan	

covarX :
57.29064039408866	40.75	85.03384615384616	64.98051948051948	nan	

covarW :
14.42328042328042	36.33333333333333	24.016339869281044	21.025641025641022	nan	

coef_variationX :
0.5378677192835077	0.49892289927371164	0.6914705256836863	0.568084235836239	nan	

coef_variationW :
0.15632068840966	0.19952463594909997	0.20170896160139098	0.1934840684226534	nan	

moy_distances_centre :	28.866666666666667
min_distances_centre :	13.0
max_distances_centre :	43.0
med_distances_centre :	29.0
ecartType_distances_centre :	7.2865172293307126
var_distances_centre :	53.09333333333333
covar_distances_centre :	53.68988764044944
coef_variation_distances_centre :	0.25241976545025563
capacite_X_temoin : 
0.0	38.0	0.0	45.0	47.0	39.0	47.0	43.0	48.0	45.0	
49.0	44.0	44.0	44.0	0.0	0.0	45.0	39.0	42.0	38.0	
43.0	0.0	40.0	49.0	38.0	49.0	47.0	40.0	46.0	38.0	
39.0	47.0	41.0	0.0	45.0	48.0	39.0	42.0	41.0	39.0	
45.0	40.0	40.0	42.0	38.0	38.0	0.0	0.0	0.0	40.0	

capacite_W_temoin : 
0.0	46.4	0.0	50.5	58.1	47.7	54.1	51.9	59.4	57.5	
60.7	54.2	53.2	51.2	0.0	0.0	55.5	47.7	50.6	47.4	
51.9	0.0	50.0	58.7	46.4	60.7	56.1	49.0	57.8	46.4	
46.7	61.1	51.3	0.0	55.5	55.4	45.7	51.6	50.3	49.7	
52.5	49.0	49.0	48.6	43.4	43.4	0.0	0.0	0.0	51.0	

demande_cumulee_X : 
0.0	3.0	0.0	8.0	3.0	3.0	7.0	4.0	3.0	1.0	
3.0	3.0	4.0	6.0	0.0	0.0	3.0	3.0	4.0	2.0	
4.0	0.0	2.0	5.0	3.0	3.0	5.0	3.0	2.0	3.0	
4.0	0.0	2.0	0.0	3.0	7.0	5.0	3.0	3.0	1.0	
6.0	3.0	3.0	6.0	6.0	6.0	0.0	0.0	0.0	1.0	

demande_cumulee_W : 
0.0	4.0	0.0	10.0	8.0	5.0	1.0	1.0	1.0	2.0	
16.0	3.0	2.0	4.0	0.0	0.0	1.0	1.0	0.0	1.0	
12.0	0.0	2.0	5.0	7.0	2.0	1.0	0.0	0.0	1.0	
10.0	1.0	4.0	0.0	6.0	1.0	2.0	2.0	1.0	1.0	
18.0	4.0	3.0	5.0	1.0	0.0	0.0	0.0	0.0	0.0	

capacite_residuelle_X : 
0.0	35.0	0.0	37.0	44.0	36.0	40.0	39.0	45.0	44.0	
46.0	41.0	40.0	38.0	0.0	0.0	42.0	36.0	38.0	36.0	
39.0	0.0	38.0	44.0	35.0	46.0	42.0	37.0	44.0	35.0	
35.0	47.0	39.0	0.0	42.0	41.0	34.0	39.0	38.0	38.0	
39.0	37.0	37.0	36.0	32.0	32.0	0.0	0.0	0.0	39.0	

capacite_residuelle_W : 
0.0	42.4	0.0	40.5	50.1	42.7	53.1	50.9	58.4	55.5	
44.7	51.2	51.2	47.2	0.0	0.0	54.5	46.7	50.6	46.4	
39.9	0.0	48.0	53.7	39.4	58.7	55.1	49.0	57.8	45.4	
36.7	60.1	47.3	0.0	49.5	54.4	43.7	49.6	49.3	48.7	
34.5	45.0	46.0	43.6	42.4	43.4	0.0	0.0	0.0	51.0	

min_capacite_X : 
0.0	0.0	0.0	0.0	0.0	

min_capacite_W : 
0.0	0.0	0.0	0.0	0.0	

max_capacite_X : 
48.0	49.0	49.0	48.0	45.0	

max_capacite_W : 
59.4	60.7	60.7	61.1	52.5	

moy_capacite_X : 
35.2	34.5	39.0	38.1	28.3	

moy_capacite_W : 
42.56	42.05	47.699999999999996	46.730000000000004	33.69	

med_capacite_X : 
44.0	43.0	41.5	41.0	39.0	

med_capacite_W : 
51.2	50.900000000000006	50.95	50.8	46.0	

ecartType_capacite_X : 
17.876241215647095	17.49428478103635	13.61616686149226	13.080137613954985	18.62283544468994	

ecartType_capacite_W : 
21.669342398882343	21.34114570495221	16.63087490182041	16.153949981351314	22.221991359911918	

var_capacite_X : 
319.55999999999995	306.05	185.4	171.09	346.80999999999995	

var_capacite_W : 
469.5604	455.4445000000002	276.586	260.9501000000001	493.8169	

covar_capacite_X : 
355.0666666666666	340.05555555555554	206.0	190.1	385.3444444444444	

covar_capacite_W : 
521.7337777777777	506.0494444444445	307.31777777777774	289.94455555555555	548.6854444444444	

##########	##########	##########	##########	##########	##########	##########	##########	##########	##########	##########	##########	##########	##########	##########	##########	##########	##########	##########	##########	##########	##########	##########	##########	##########	##########	##########	##########	##########	##########	##########	##########	##########	##########	##########	##########	##########	##########	##########	##########	##########	##########	##########	##########	##########	##########	##########	##########	##########	##########	