nombre de noeuds : 100
nombre de strates : 5
nombre de centres : 5
titre : fenetre
instances : G2_2
temps de calcul : 0.07749414443969727
valeur objective : 1312.0
nombre de solutions : 3
nombre de noeuds : 1.0
faisability : True
centre : [76, 16, 96, 21, 30]
moy_distances :	105.41
min_distances :	40.0
max_distances :	186.0
var_distances :	743.5913498214468
covar_distances :	743.6664676464619
ecartType_distances :	27.268871443854195
coef_variation	: 0.25868274236170163
distances_centre_x :
80.0	80.0	-1.0	81.0	41.0	82.0	-1.0	58.0	40.0	-1.0	58.0	94.0	81.0	84.0	41.0	99.0	0.0	40.0	51.0	40.0	-1.0	-1.0	41.0	-1.0	41.0	-1.0	92.0	82.0	-1.0	49.0	0.0	48.0	42.0	96.0	-1.0	-1.0	-1.0	42.0	-1.0	-1.0	-1.0	94.0	84.0	-1.0	85.0	-1.0	86.0	-1.0	-1.0	-1.0	58.0	87.0	-1.0	-1.0	-1.0	-1.0	-1.0	104.0	88.0	-1.0	-1.0	-1.0	47.0	90.0	-1.0	-1.0	-1.0	90.0	50.0	96.0	-1.0	-1.0	-1.0	91.0	51.0	101.0	-1.0	-1.0	94.0	93.0	100.0	95.0	-1.0	-1.0	98.0	93.0	95.0	96.0	55.0	55.0	-1.0	-1.0	-1.0	128.0	98.0	91.0	0.0	59.0	-1.0	125.0	
80.0	80.0	-1.0	-1.0	41.0	81.0	-1.0	58.0	40.0	82.0	-1.0	94.0	81.0	84.0	-1.0	80.0	-1.0	40.0	-1.0	-1.0	-1.0	0.0	-1.0	51.0	-1.0	96.0	92.0	82.0	-1.0	49.0	-1.0	48.0	-1.0	84.0	42.0	-1.0	-1.0	42.0	-1.0	-1.0	99.0	85.0	-1.0	124.0	85.0	-1.0	-1.0	44.0	44.0	-1.0	58.0	87.0	-1.0	86.0	45.0	-1.0	86.0	98.0	-1.0	47.0	-1.0	87.0	47.0	90.0	48.0	42.0	48.0	90.0	-1.0	-1.0	-1.0	83.0	-1.0	-1.0	51.0	-1.0	-1.0	58.0	-1.0	93.0	-1.0	-1.0	-1.0	54.0	-1.0	93.0	95.0	-1.0	96.0	96.0	-1.0	-1.0	-1.0	128.0	98.0	91.0	-1.0	-1.0	-1.0	-1.0	
80.0	80.0	89.0	81.0	41.0	-1.0	102.0	58.0	40.0	-1.0	-1.0	94.0	-1.0	84.0	-1.0	80.0	-1.0	-1.0	51.0	40.0	84.0	0.0	-1.0	51.0	-1.0	-1.0	-1.0	82.0	41.0	49.0	-1.0	48.0	42.0	-1.0	42.0	-1.0	-1.0	42.0	-1.0	-1.0	-1.0	85.0	84.0	-1.0	85.0	-1.0	86.0	44.0	-1.0	86.0	58.0	87.0	-1.0	86.0	45.0	103.0	86.0	98.0	-1.0	-1.0	89.0	87.0	47.0	90.0	-1.0	42.0	48.0	90.0	-1.0	-1.0	55.0	-1.0	58.0	-1.0	51.0	-1.0	0.0	58.0	94.0	-1.0	-1.0	95.0	53.0	54.0	103.0	93.0	95.0	96.0	-1.0	55.0	96.0	-1.0	56.0	128.0	-1.0	91.0	0.0	59.0	-1.0	-1.0	
80.0	80.0	89.0	-1.0	41.0	81.0	-1.0	58.0	40.0	-1.0	58.0	104.0	-1.0	84.0	41.0	80.0	-1.0	40.0	-1.0	-1.0	-1.0	-1.0	41.0	-1.0	41.0	-1.0	-1.0	82.0	-1.0	49.0	0.0	-1.0	42.0	-1.0	42.0	83.0	-1.0	42.0	-1.0	-1.0	-1.0	94.0	-1.0	113.0	85.0	108.0	86.0	-1.0	44.0	86.0	58.0	87.0	45.0	-1.0	-1.0	-1.0	86.0	-1.0	88.0	-1.0	-1.0	-1.0	-1.0	90.0	48.0	-1.0	48.0	90.0	-1.0	96.0	55.0	83.0	58.0	-1.0	51.0	101.0	-1.0	-1.0	94.0	-1.0	-1.0	-1.0	53.0	54.0	98.0	93.0	95.0	96.0	55.0	-1.0	-1.0	111.0	56.0	128.0	-1.0	-1.0	0.0	-1.0	59.0	-1.0	
80.0	80.0	-1.0	81.0	-1.0	-1.0	-1.0	58.0	40.0	-1.0	58.0	94.0	-1.0	84.0	41.0	-1.0	-1.0	40.0	51.0	40.0	-1.0	-1.0	41.0	51.0	-1.0	96.0	-1.0	82.0	41.0	49.0	-1.0	-1.0	42.0	-1.0	42.0	-1.0	83.0	42.0	83.0	58.0	99.0	85.0	84.0	113.0	-1.0	108.0	86.0	44.0	44.0	86.0	58.0	87.0	45.0	-1.0	45.0	-1.0	86.0	96.0	88.0	-1.0	-1.0	87.0	47.0	-1.0	48.0	42.0	48.0	90.0	50.0	96.0	-1.0	-1.0	58.0	-1.0	51.0	-1.0	0.0	91.0	103.0	93.0	-1.0	97.0	53.0	-1.0	103.0	93.0	96.0	96.0	55.0	55.0	-1.0	-1.0	106.0	-1.0	-1.0	91.0	-1.0	59.0	-1.0	-1.0	

distances_centre_w :
120.0	98.0	-1.0	81.0	101.0	133.0	-1.0	84.0	92.0	-1.0	124.0	134.0	85.0	95.0	58.0	120.0	51.0	81.0	120.0	88.0	-1.0	-1.0	52.0	-1.0	41.0	-1.0	122.0	92.0	-1.0	94.0	82.0	115.0	108.0	118.0	-1.0	-1.0	-1.0	83.0	-1.0	-1.0	-1.0	126.0	117.0	-1.0	90.0	-1.0	86.0	-1.0	-1.0	-1.0	104.0	87.0	-1.0	-1.0	-1.0	-1.0	-1.0	130.0	94.0	-1.0	-1.0	-1.0	88.0	105.0	-1.0	-1.0	-1.0	100.0	110.0	110.0	-1.0	-1.0	-1.0	92.0	92.0	106.0	-1.0	-1.0	133.0	132.0	132.0	110.0	-1.0	-1.0	134.0	134.0	100.0	128.0	99.0	100.0	-1.0	-1.0	-1.0	138.0	98.0	138.0	99.0	84.0	-1.0	136.0	
120.0	98.0	-1.0	-1.0	101.0	133.0	-1.0	84.0	45.0	102.0	-1.0	109.0	85.0	112.0	-1.0	89.0	-1.0	80.0	-1.0	-1.0	-1.0	51.0	-1.0	81.0	-1.0	129.0	113.0	92.0	-1.0	81.0	-1.0	122.0	-1.0	135.0	88.0	-1.0	-1.0	84.0	-1.0	-1.0	110.0	126.0	-1.0	124.0	103.0	-1.0	-1.0	95.0	84.0	-1.0	89.0	90.0	-1.0	89.0	85.0	-1.0	110.0	118.0	-1.0	98.0	-1.0	107.0	88.0	110.0	90.0	99.0	99.0	101.0	-1.0	-1.0	-1.0	97.0	-1.0	-1.0	91.0	-1.0	-1.0	132.0	-1.0	110.0	-1.0	-1.0	-1.0	89.0	-1.0	99.0	100.0	-1.0	105.0	113.0	-1.0	-1.0	-1.0	132.0	99.0	138.0	-1.0	-1.0	-1.0	-1.0	
120.0	98.0	90.0	82.0	123.0	-1.0	132.0	84.0	40.0	-1.0	-1.0	134.0	-1.0	84.0	-1.0	89.0	-1.0	-1.0	94.0	80.0	134.0	82.0	-1.0	99.0	-1.0	-1.0	-1.0	99.0	90.0	81.0	-1.0	115.0	93.0	-1.0	102.0	-1.0	-1.0	83.0	-1.0	-1.0	-1.0	94.0	90.0	-1.0	90.0	-1.0	134.0	102.0	-1.0	86.0	134.0	87.0	-1.0	89.0	85.0	136.0	96.0	130.0	-1.0	-1.0	106.0	135.0	88.0	96.0	-1.0	48.0	131.0	100.0	-1.0	-1.0	96.0	-1.0	92.0	-1.0	91.0	-1.0	121.0	92.0	103.0	-1.0	-1.0	110.0	100.0	89.0	112.0	99.0	96.0	135.0	-1.0	96.0	97.0	-1.0	106.0	138.0	-1.0	138.0	90.0	84.0	-1.0	-1.0	
120.0	84.0	89.0	-1.0	101.0	133.0	-1.0	84.0	45.0	-1.0	124.0	109.0	-1.0	112.0	84.0	120.0	-1.0	80.0	-1.0	-1.0	-1.0	-1.0	103.0	-1.0	131.0	-1.0	-1.0	92.0	-1.0	99.0	82.0	-1.0	93.0	-1.0	88.0	84.0	-1.0	83.0	-1.0	-1.0	-1.0	126.0	-1.0	114.0	113.0	124.0	134.0	-1.0	89.0	129.0	104.0	90.0	129.0	-1.0	-1.0	-1.0	94.0	-1.0	101.0	-1.0	-1.0	-1.0	-1.0	110.0	90.0	-1.0	99.0	107.0	-1.0	99.0	89.0	89.0	106.0	-1.0	91.0	106.0	-1.0	-1.0	133.0	-1.0	-1.0	-1.0	111.0	89.0	134.0	114.0	96.0	128.0	96.0	-1.0	-1.0	135.0	106.0	132.0	-1.0	-1.0	99.0	-1.0	110.0	-1.0	
125.0	84.0	-1.0	82.0	-1.0	-1.0	-1.0	84.0	45.0	-1.0	130.0	104.0	-1.0	134.0	58.0	-1.0	-1.0	98.0	120.0	80.0	-1.0	-1.0	121.0	81.0	-1.0	130.0	-1.0	92.0	92.0	94.0	-1.0	-1.0	108.0	-1.0	123.0	-1.0	84.0	83.0	84.0	84.0	110.0	94.0	85.0	114.0	-1.0	124.0	102.0	95.0	89.0	106.0	134.0	138.0	129.0	-1.0	85.0	-1.0	94.0	130.0	88.0	-1.0	-1.0	135.0	123.0	-1.0	92.0	99.0	99.0	107.0	110.0	111.0	-1.0	-1.0	106.0	-1.0	91.0	-1.0	99.0	91.0	135.0	110.0	-1.0	110.0	88.0	-1.0	112.0	134.0	138.0	103.0	96.0	132.0	-1.0	-1.0	107.0	-1.0	-1.0	138.0	-1.0	84.0	-1.0	-1.0	

maxX :
128.0	128.0	128.0	128.0	113.0	

maxW :
138.0	138.0	138.0	135.0	138.0	

minX :
0.0	0.0	0.0	0.0	0.0	

minW :
41.0	45.0	40.0	45.0	45.0	

moyX :
72.20338983050847	72.27777777777777	68.52380952380952	70.0	69.52307692307693	

moyW :
103.45762711864407	101.0	101.11111111111111	104.49122807017544	104.41538461538461	

medX :
82.0	81.5	80.0	80.0	80.0	

medW :
100.0	99.0	96.0	103.0	103.0	

ecartTypeX :
28.48893907336667	24.93800956346866	26.485010521291567	26.832161900985575	24.359555188756687	

ecartTypeW :
22.628407250807932	18.774490179003035	20.619847974984296	18.359110561165725	20.32042724239846	

varX :
811.619649525998	621.9043209876544	701.455782312925	719.9649122807018	593.3879289940828	

varW :
512.044814708417	352.48148148148147	425.1781305114639	337.0569405971068	412.91976331360945	

covarX :
825.6130917592051	633.6383647798743	712.7695852534561	732.8214285714286	602.6596153846153	

covarW :
520.8731735827001	359.1320754716981	432.0358422939068	343.07581453634083	419.37163461538455	

coef_variationX :
0.394565118621745	0.345030109256292	0.38650814520300414	0.3833165985855082	0.3503808557798594	

coef_variationW :
0.21872149865623655	0.18588604137626766	0.20393256238995458	0.175700017123312	0.19461142931426254	

moy_distances_centre :	97.5
min_distances_centre :	51.0
max_distances_centre :	135.0
med_distances_centre :	94.0
ecartType_distances_centre :	23.269078194032527
var_distances_centre :	541.45
covar_distances_centre :	569.9473684210526
coef_variation_distances_centre :	0.23865721224648745
capacite_X_temoin : 
773.0	781.0	676.0	749.0	676.0	
781.0	660.0	797.0	615.0	656.0	
704.0	623.0	607.0	777.0	793.0	
720.0	737.0	676.0	801.0	745.0	
749.0	785.0	704.0	793.0	769.0	

capacite_W_temoin : 
562.9	661.3	563.8	738.7	659.8	
566.3	497.0	781.1	561.5	727.8	
222.2	513.9	554.1	710.1	844.9	
440.0	627.1	622.8	835.3	759.5	
523.7	668.5	569.2	641.9	779.7	

demande_cumulee_X : 
442.0	354.0	315.0	235.0	219.0	
449.0	361.0	255.0	238.0	125.0	
693.0	296.0	235.0	300.0	186.0	
496.0	331.0	256.0	206.0	209.0	
450.0	352.0	346.0	389.0	220.0	

demande_cumulee_W : 
399.0	319.0	203.0	371.0	273.0	
401.0	365.0	159.0	225.0	278.0	
203.0	490.0	435.0	306.0	276.0	
412.0	324.0	202.0	235.0	325.0	
432.0	505.0	330.0	207.0	283.0	

capacite_residuelle_X : 
331.0	427.0	361.0	514.0	457.0	
332.0	299.0	542.0	377.0	531.0	
11.0	327.0	372.0	477.0	607.0	
224.0	406.0	420.0	595.0	536.0	
299.0	433.0	358.0	404.0	549.0	

capacite_residuelle_W : 
163.89999999999998	342.29999999999995	360.79999999999995	367.70000000000005	386.79999999999995	
165.29999999999995	132.0	622.1	336.5	449.79999999999995	
19.19999999999999	23.899999999999977	119.10000000000002	404.1	568.9	
28.0	303.1	420.79999999999995	600.3	434.5	
91.70000000000005	163.5	239.20000000000005	434.9	496.70000000000005	

min_capacite_X : 
676.0	615.0	607.0	676.0	704.0	

min_capacite_W : 
562.9	497.0	222.2	440.0	523.7	

max_capacite_X : 
781.0	797.0	793.0	801.0	793.0	

max_capacite_W : 
738.7	781.1	844.9	835.3	779.7	

moy_capacite_X : 
731.0	701.8	700.8	735.8	760.0	

moy_capacite_W : 
637.3	626.74	569.04	656.9399999999999	636.6	

med_capacite_X : 
749.0	660.0	704.0	737.0	769.0	

med_capacite_W : 
659.8	566.3	554.1	627.1	641.9	

ecartType_capacite_X : 
46.12591462507817	73.09555390035703	76.37905472051877	40.404950191777246	31.78678970893412	

ecartType_capacite_W : 
66.78595660765819	108.42679742572867	209.55107826017024	135.2403578818098	88.1050282333534	

var_capacite_X : 
2127.6	5342.96	5833.76	1632.5600000000002	1010.4	

var_capacite_W : 
4460.364000000003	11756.3704	43911.6544	18289.954399999995	7762.495999999999	

covar_capacite_X : 
2659.5	6678.7	7292.200000000001	2040.7000000000003	1263.0	

covar_capacite_W : 
5575.455000000004	14695.463	54889.568	22862.442999999996	9703.119999999999	

##########	##########	##########	##########	##########	##########	##########	##########	##########	##########	##########	##########	##########	##########	##########	##########	##########	##########	##########	##########	##########	##########	##########	##########	##########	##########	##########	##########	##########	##########	##########	##########	##########	##########	##########	##########	##########	##########	##########	##########	##########	##########	##########	##########	##########	##########	##########	##########	##########	##########	##########	##########	##########	##########	##########	##########	##########	##########	##########	##########	##########	##########	##########	##########	##########	##########	##########	##########	##########	##########	##########	##########	##########	##########	##########	##########	##########	##########	##########	##########	##########	##########	##########	##########	##########	##########	##########	##########	##########	##########	##########	##########	##########	##########	##########	##########	##########	##########	##########	##########	nombre de noeuds : 100
nombre de strates : 5
nombre de centres : 5
titre : fenetre
instances : G2_2
temps de calcul : 0.07523989677429199
valeur objective : 1284.0
nombre de solutions : 3
nombre de noeuds : 1.0
faisability : True
centre : [16, 96, 21, 30, 90]
moy_distances :	105.41
min_distances :	40.0
max_distances :	186.0
var_distances :	743.5913498214468
covar_distances :	743.6664676464619
ecartType_distances :	27.268871443854195
coef_variation	: 0.25868274236170163
distances_centre_x :
80.0	80.0	-1.0	81.0	41.0	82.0	-1.0	58.0	40.0	-1.0	58.0	94.0	81.0	56.0	58.0	89.0	0.0	40.0	94.0	40.0	-1.0	-1.0	56.0	-1.0	41.0	-1.0	113.0	82.0	-1.0	81.0	0.0	48.0	42.0	84.0	-1.0	-1.0	-1.0	42.0	-1.0	-1.0	-1.0	85.0	84.0	-1.0	85.0	-1.0	105.0	-1.0	-1.0	-1.0	58.0	87.0	-1.0	-1.0	-1.0	-1.0	-1.0	96.0	88.0	-1.0	-1.0	-1.0	47.0	90.0	-1.0	-1.0	-1.0	56.0	50.0	96.0	-1.0	-1.0	-1.0	91.0	91.0	101.0	-1.0	-1.0	94.0	110.0	100.0	95.0	-1.0	-1.0	98.0	93.0	95.0	100.0	99.0	55.0	-1.0	-1.0	-1.0	113.0	58.0	91.0	0.0	84.0	-1.0	125.0	
80.0	80.0	-1.0	-1.0	41.0	81.0	-1.0	58.0	40.0	82.0	-1.0	94.0	81.0	56.0	-1.0	80.0	-1.0	40.0	-1.0	-1.0	-1.0	0.0	-1.0	81.0	-1.0	96.0	113.0	82.0	-1.0	81.0	-1.0	48.0	-1.0	84.0	42.0	-1.0	-1.0	42.0	-1.0	-1.0	99.0	85.0	-1.0	89.0	85.0	-1.0	-1.0	44.0	44.0	-1.0	58.0	87.0	-1.0	89.0	45.0	-1.0	86.0	96.0	-1.0	47.0	-1.0	87.0	47.0	90.0	48.0	42.0	48.0	56.0	-1.0	-1.0	-1.0	83.0	-1.0	-1.0	91.0	-1.0	-1.0	58.0	-1.0	110.0	-1.0	-1.0	-1.0	89.0	-1.0	93.0	95.0	-1.0	96.0	55.0	-1.0	-1.0	-1.0	113.0	58.0	91.0	-1.0	-1.0	-1.0	-1.0	
80.0	80.0	89.0	81.0	41.0	-1.0	102.0	58.0	40.0	-1.0	-1.0	94.0	-1.0	56.0	-1.0	80.0	-1.0	-1.0	94.0	40.0	84.0	0.0	-1.0	81.0	-1.0	-1.0	-1.0	82.0	41.0	81.0	-1.0	48.0	42.0	-1.0	42.0	-1.0	-1.0	42.0	-1.0	-1.0	-1.0	85.0	84.0	-1.0	85.0	-1.0	86.0	44.0	-1.0	86.0	58.0	87.0	-1.0	89.0	45.0	103.0	86.0	96.0	-1.0	-1.0	45.0	87.0	47.0	90.0	-1.0	42.0	48.0	56.0	-1.0	-1.0	92.0	-1.0	56.0	-1.0	91.0	-1.0	99.0	58.0	94.0	-1.0	-1.0	109.0	88.0	89.0	112.0	93.0	95.0	100.0	-1.0	55.0	0.0	-1.0	56.0	113.0	-1.0	91.0	90.0	84.0	-1.0	-1.0	
80.0	80.0	89.0	-1.0	41.0	81.0	-1.0	58.0	40.0	-1.0	58.0	94.0	-1.0	56.0	58.0	99.0	-1.0	40.0	-1.0	-1.0	-1.0	-1.0	41.0	-1.0	41.0	-1.0	-1.0	82.0	-1.0	81.0	84.0	-1.0	42.0	-1.0	42.0	83.0	-1.0	42.0	-1.0	-1.0	-1.0	98.0	-1.0	89.0	85.0	124.0	86.0	-1.0	44.0	86.0	58.0	87.0	45.0	-1.0	-1.0	-1.0	86.0	-1.0	88.0	-1.0	-1.0	-1.0	-1.0	90.0	48.0	-1.0	48.0	56.0	-1.0	96.0	55.0	83.0	56.0	-1.0	91.0	101.0	-1.0	-1.0	94.0	-1.0	-1.0	-1.0	88.0	89.0	98.0	93.0	95.0	100.0	105.0	-1.0	-1.0	59.0	56.0	113.0	-1.0	-1.0	0.0	-1.0	59.0	-1.0	
80.0	80.0	-1.0	81.0	-1.0	-1.0	-1.0	58.0	56.0	-1.0	58.0	94.0	-1.0	56.0	58.0	-1.0	-1.0	40.0	94.0	40.0	-1.0	-1.0	41.0	81.0	-1.0	96.0	-1.0	82.0	41.0	81.0	-1.0	-1.0	42.0	-1.0	42.0	-1.0	83.0	42.0	83.0	58.0	99.0	85.0	84.0	89.0	-1.0	124.0	86.0	44.0	44.0	86.0	58.0	87.0	45.0	-1.0	45.0	-1.0	86.0	96.0	88.0	-1.0	-1.0	87.0	47.0	-1.0	48.0	42.0	48.0	56.0	50.0	96.0	-1.0	-1.0	56.0	-1.0	91.0	-1.0	99.0	58.0	94.0	110.0	-1.0	97.0	100.0	-1.0	98.0	99.0	96.0	103.0	105.0	100.0	-1.0	-1.0	56.0	-1.0	-1.0	91.0	-1.0	84.0	-1.0	-1.0	

distances_centre_w :
120.0	115.0	-1.0	96.0	101.0	96.0	-1.0	84.0	58.0	-1.0	100.0	109.0	99.0	112.0	121.0	120.0	51.0	85.0	120.0	101.0	-1.0	-1.0	103.0	-1.0	41.0	-1.0	115.0	92.0	-1.0	94.0	97.0	138.0	93.0	96.0	-1.0	-1.0	-1.0	84.0	-1.0	-1.0	-1.0	98.0	90.0	-1.0	85.0	-1.0	137.0	-1.0	-1.0	-1.0	92.0	87.0	-1.0	-1.0	-1.0	-1.0	-1.0	130.0	104.0	-1.0	-1.0	-1.0	103.0	90.0	-1.0	-1.0	-1.0	90.0	115.0	107.0	-1.0	-1.0	-1.0	92.0	92.0	133.0	-1.0	-1.0	134.0	136.0	110.0	136.0	-1.0	-1.0	134.0	134.0	100.0	103.0	111.0	100.0	-1.0	-1.0	-1.0	128.0	99.0	138.0	90.0	104.0	-1.0	131.0	
120.0	98.0	-1.0	-1.0	125.0	96.0	-1.0	122.0	56.0	98.0	-1.0	104.0	129.0	84.0	-1.0	89.0	-1.0	96.0	-1.0	-1.0	-1.0	98.0	-1.0	97.0	-1.0	129.0	115.0	92.0	-1.0	94.0	-1.0	138.0	-1.0	96.0	115.0	-1.0	-1.0	88.0	-1.0	-1.0	110.0	98.0	-1.0	113.0	90.0	-1.0	-1.0	56.0	100.0	-1.0	92.0	90.0	-1.0	101.0	45.0	-1.0	94.0	98.0	-1.0	98.0	-1.0	92.0	103.0	96.0	89.0	106.0	99.0	90.0	-1.0	-1.0	-1.0	97.0	-1.0	-1.0	92.0	-1.0	-1.0	92.0	-1.0	136.0	-1.0	-1.0	-1.0	98.0	-1.0	134.0	100.0	-1.0	105.0	100.0	-1.0	-1.0	-1.0	128.0	98.0	138.0	-1.0	-1.0	-1.0	-1.0	
120.0	98.0	104.0	82.0	101.0	-1.0	124.0	84.0	45.0	-1.0	-1.0	109.0	-1.0	112.0	-1.0	120.0	-1.0	-1.0	105.0	88.0	84.0	51.0	-1.0	84.0	-1.0	-1.0	-1.0	94.0	131.0	137.0	-1.0	115.0	42.0	-1.0	88.0	-1.0	-1.0	100.0	-1.0	-1.0	-1.0	98.0	90.0	-1.0	90.0	-1.0	105.0	56.0	-1.0	106.0	92.0	138.0	-1.0	101.0	45.0	128.0	96.0	98.0	-1.0	-1.0	111.0	105.0	103.0	109.0	-1.0	48.0	99.0	90.0	-1.0	-1.0	94.0	-1.0	58.0	-1.0	92.0	-1.0	125.0	91.0	103.0	-1.0	-1.0	136.0	98.0	135.0	134.0	114.0	96.0	103.0	-1.0	100.0	114.0	-1.0	102.0	128.0	-1.0	138.0	98.0	98.0	-1.0	-1.0	
120.0	84.0	89.0	-1.0	101.0	82.0	-1.0	84.0	45.0	-1.0	88.0	104.0	-1.0	84.0	80.0	120.0	-1.0	80.0	-1.0	-1.0	-1.0	-1.0	52.0	-1.0	92.0	-1.0	-1.0	92.0	-1.0	90.0	90.0	-1.0	108.0	-1.0	123.0	84.0	-1.0	84.0	-1.0	-1.0	-1.0	127.0	-1.0	113.0	90.0	131.0	86.0	-1.0	84.0	86.0	89.0	90.0	129.0	-1.0	-1.0	-1.0	94.0	-1.0	104.0	-1.0	-1.0	-1.0	-1.0	109.0	89.0	-1.0	56.0	90.0	-1.0	107.0	94.0	89.0	58.0	-1.0	92.0	133.0	-1.0	-1.0	103.0	-1.0	-1.0	-1.0	100.0	98.0	102.0	114.0	96.0	128.0	111.0	-1.0	-1.0	111.0	102.0	128.0	-1.0	-1.0	90.0	-1.0	114.0	-1.0	
138.0	84.0	-1.0	82.0	-1.0	-1.0	-1.0	84.0	58.0	-1.0	88.0	132.0	-1.0	134.0	80.0	-1.0	-1.0	98.0	94.0	88.0	-1.0	-1.0	52.0	84.0	-1.0	115.0	-1.0	92.0	90.0	94.0	-1.0	-1.0	108.0	-1.0	138.0	-1.0	138.0	84.0	83.0	105.0	110.0	127.0	85.0	113.0	-1.0	131.0	86.0	56.0	89.0	106.0	92.0	90.0	115.0	-1.0	103.0	-1.0	94.0	98.0	105.0	-1.0	-1.0	92.0	88.0	-1.0	89.0	48.0	56.0	107.0	115.0	111.0	-1.0	-1.0	94.0	-1.0	92.0	-1.0	125.0	91.0	103.0	136.0	-1.0	109.0	130.0	-1.0	134.0	114.0	100.0	128.0	111.0	132.0	-1.0	-1.0	107.0	-1.0	-1.0	138.0	-1.0	133.0	-1.0	-1.0	

maxX :
125.0	113.0	113.0	124.0	124.0	

maxW :
138.0	138.0	138.0	133.0	138.0	

minX :
0.0	0.0	0.0	0.0	40.0	

minW :
41.0	45.0	42.0	45.0	48.0	

moyX :
74.2542372881356	71.96296296296296	72.88888888888889	73.0	74.21538461538462	

moyW :
104.64406779661017	101.05555555555556	99.73015873015873	96.71929824561404	101.93846153846154	

medX :
84.0	81.0	84.0	82.0	82.0	

medW :
101.0	98.0	100.0	92.0	100.0	

ecartTypeX :
27.894227104800787	23.70651025051742	25.218480947612896	24.197288524333146	22.694962035111406	

ecartTypeW :
20.679772080067497	18.462591474400806	23.1970211204735	18.984531455773674	22.35027235977703	

varX :
778.0879057742029	561.9986282578875	635.9717813051146	585.5087719298245	515.061301775148	

varW :
427.6529732835392	340.8672839506173	538.1017888636936	360.4124345952601	499.534674556213	

covarX :
791.5032144944479	572.6023759608665	646.2293906810036	595.9642857142857	523.1091346153845	

covarW :
435.0263004091175	347.29874213836473	546.7808499743985	366.84837092731834	507.3399038461538	

coef_variationX :
0.37565838830934634	0.32942654491197654	0.34598525690322574	0.33146970581278284	0.305798617803118	

coef_variationW :
0.1976201089608005	0.1826974417477815	0.23259785621356524	0.1962848345690367	0.2192525963455338	

moy_distances_centre :	89.8
min_distances_centre :	51.0
max_distances_centre :	114.0
med_distances_centre :	93.0
ecartType_distances_centre :	15.43243337908834
var_distances_centre :	238.16
covar_distances_centre :	250.69473684210524
coef_variation_distances_centre :	0.17185337838628442
capacite_X_temoin : 
773.0	781.0	676.0	668.0	676.0	
781.0	660.0	797.0	716.0	656.0	
704.0	623.0	607.0	672.0	793.0	
720.0	737.0	676.0	712.0	745.0	
749.0	785.0	704.0	684.0	769.0	

capacite_W_temoin : 
561.9	652.3	506.79999999999995	700.4	659.8	
569.3	440.0	751.1	803.8	700.8	
226.2	457.9	550.1	662.6	811.9	
491.0	554.1	662.8	735.6	725.5	
472.7	515.5	585.2	762.2	705.7	

demande_cumulee_X : 
443.0	363.0	372.0	168.0	219.0	
446.0	418.0	285.0	127.0	152.0	
689.0	352.0	239.0	211.0	219.0	
445.0	404.0	216.0	190.0	243.0	
501.0	505.0	330.0	127.0	294.0	

demande_cumulee_W : 
396.0	276.0	207.0	304.0	382.0	
281.0	363.0	183.0	364.0	237.0	
203.0	374.0	423.0	318.0	392.0	
443.0	243.0	412.0	132.0	268.0	
438.0	275.0	375.0	330.0	339.0	

capacite_residuelle_X : 
330.0	418.0	304.0	500.0	457.0	
335.0	242.0	512.0	589.0	504.0	
15.0	271.0	368.0	461.0	574.0	
275.0	333.0	460.0	522.0	502.0	
248.0	280.0	374.0	557.0	475.0	

capacite_residuelle_W : 
165.89999999999998	376.29999999999995	299.79999999999995	396.4	277.79999999999995	
288.29999999999995	77.0	568.1	439.79999999999995	463.79999999999995	
23.19999999999999	83.89999999999998	127.10000000000002	344.6	419.9	
48.0	311.1	250.79999999999995	603.6	457.5	
34.69999999999999	240.5	210.20000000000005	432.20000000000005	366.70000000000005	

min_capacite_X : 
668.0	656.0	607.0	676.0	684.0	

min_capacite_W : 
506.79999999999995	440.0	226.2	491.0	472.7	

max_capacite_X : 
781.0	797.0	793.0	745.0	785.0	

max_capacite_W : 
700.4	803.8	811.9	735.6	762.2	

moy_capacite_X : 
714.8	722.0	679.8	718.0	738.2	

moy_capacite_W : 
616.24	653.0	541.74	633.8	608.26	

med_capacite_X : 
676.0	716.0	672.0	720.0	749.0	

med_capacite_W : 
652.3	700.8	550.1	662.8	585.2	

ecartType_capacite_X : 
50.9328970312901	58.893123537472526	66.31259307250774	24.058262613912916	38.37394949702207	

ecartType_capacite_W : 
71.0079601171587	131.9270859224898	197.1081388476894	96.28817165155853	110.18599911059484	

var_capacite_X : 
2594.1600000000003	3468.4	4397.360000000001	578.8	1472.56	

var_capacite_W : 
5042.1304	17404.756	38851.6184	9271.412	12140.954400000006	

covar_capacite_X : 
3242.7000000000003	4335.5	5496.700000000001	723.5	1840.6999999999998	

covar_capacite_W : 
6302.663	21755.945	48564.523	11589.265	15176.193000000007	

##########	##########	##########	##########	##########	##########	##########	##########	##########	##########	##########	##########	##########	##########	##########	##########	##########	##########	##########	##########	##########	##########	##########	##########	##########	##########	##########	##########	##########	##########	##########	##########	##########	##########	##########	##########	##########	##########	##########	##########	##########	##########	##########	##########	##########	##########	##########	##########	##########	##########	##########	##########	##########	##########	##########	##########	##########	##########	##########	##########	##########	##########	##########	##########	##########	##########	##########	##########	##########	##########	##########	##########	##########	##########	##########	##########	##########	##########	##########	##########	##########	##########	##########	##########	##########	##########	##########	##########	##########	##########	##########	##########	##########	##########	##########	##########	##########	##########	##########	##########	nombre de noeuds : 100
nombre de strates : 5
nombre de centres : 5
titre : fenetre
instances : G2_2
temps de calcul : 0.06995511054992676
valeur objective : 1291.0
nombre de solutions : 1
nombre de noeuds : 0.0
faisability : True
centre : [96, 21, 30, 90, 88]
moy_distances :	105.41
min_distances :	40.0
max_distances :	186.0
var_distances :	743.5913498214468
covar_distances :	743.6664676464619
ecartType_distances :	27.268871443854195
coef_variation	: 0.25868274236170163
distances_centre_x :
80.0	80.0	-1.0	81.0	41.0	81.0	-1.0	58.0	40.0	-1.0	58.0	94.0	81.0	84.0	58.0	89.0	51.0	40.0	94.0	80.0	-1.0	-1.0	41.0	-1.0	41.0	-1.0	112.0	82.0	-1.0	55.0	0.0	48.0	42.0	84.0	-1.0	-1.0	-1.0	84.0	-1.0	-1.0	-1.0	94.0	84.0	-1.0	85.0	-1.0	105.0	-1.0	-1.0	-1.0	58.0	90.0	-1.0	-1.0	-1.0	-1.0	-1.0	96.0	88.0	-1.0	-1.0	-1.0	47.0	55.0	-1.0	-1.0	-1.0	55.0	55.0	55.0	-1.0	-1.0	-1.0	91.0	91.0	101.0	-1.0	-1.0	103.0	107.0	100.0	55.0	-1.0	-1.0	98.0	99.0	96.0	100.0	0.0	41.0	-1.0	-1.0	-1.0	112.0	58.0	91.0	0.0	98.0	-1.0	125.0	
80.0	80.0	-1.0	-1.0	41.0	81.0	-1.0	58.0	40.0	98.0	-1.0	94.0	81.0	55.0	-1.0	89.0	-1.0	40.0	-1.0	-1.0	-1.0	0.0	-1.0	81.0	-1.0	96.0	112.0	82.0	-1.0	55.0	-1.0	48.0	-1.0	84.0	88.0	-1.0	-1.0	84.0	-1.0	-1.0	96.0	94.0	-1.0	89.0	85.0	-1.0	-1.0	44.0	44.0	-1.0	58.0	101.0	-1.0	89.0	45.0	-1.0	94.0	96.0	-1.0	47.0	-1.0	92.0	47.0	55.0	48.0	42.0	56.0	55.0	-1.0	-1.0	-1.0	83.0	-1.0	-1.0	91.0	-1.0	-1.0	58.0	-1.0	107.0	-1.0	-1.0	-1.0	89.0	-1.0	99.0	96.0	-1.0	0.0	41.0	-1.0	-1.0	-1.0	112.0	58.0	91.0	-1.0	-1.0	-1.0	-1.0	
80.0	80.0	89.0	81.0	41.0	-1.0	102.0	58.0	40.0	-1.0	-1.0	104.0	-1.0	55.0	-1.0	89.0	-1.0	-1.0	94.0	80.0	84.0	0.0	-1.0	81.0	-1.0	-1.0	-1.0	82.0	90.0	55.0	-1.0	48.0	42.0	-1.0	88.0	-1.0	-1.0	92.0	-1.0	-1.0	-1.0	94.0	90.0	-1.0	90.0	-1.0	86.0	44.0	-1.0	86.0	58.0	87.0	-1.0	89.0	45.0	103.0	94.0	96.0	-1.0	-1.0	45.0	92.0	47.0	55.0	-1.0	42.0	56.0	55.0	-1.0	-1.0	89.0	-1.0	56.0	-1.0	108.0	-1.0	55.0	58.0	103.0	-1.0	-1.0	55.0	98.0	89.0	98.0	99.0	96.0	99.0	-1.0	41.0	0.0	-1.0	56.0	112.0	-1.0	91.0	0.0	98.0	-1.0	-1.0	
80.0	80.0	89.0	-1.0	41.0	81.0	-1.0	58.0	40.0	-1.0	58.0	94.0	-1.0	55.0	58.0	99.0	-1.0	40.0	-1.0	-1.0	-1.0	-1.0	41.0	-1.0	41.0	-1.0	-1.0	82.0	-1.0	55.0	0.0	-1.0	42.0	-1.0	88.0	83.0	-1.0	84.0	-1.0	-1.0	-1.0	94.0	-1.0	89.0	85.0	124.0	105.0	-1.0	44.0	86.0	58.0	90.0	45.0	-1.0	-1.0	-1.0	94.0	-1.0	88.0	-1.0	-1.0	-1.0	-1.0	55.0	48.0	-1.0	56.0	55.0	-1.0	55.0	89.0	83.0	56.0	-1.0	91.0	101.0	-1.0	-1.0	103.0	-1.0	-1.0	-1.0	98.0	89.0	98.0	99.0	96.0	100.0	0.0	-1.0	-1.0	59.0	56.0	112.0	-1.0	-1.0	0.0	-1.0	59.0	-1.0	
80.0	80.0	-1.0	81.0	-1.0	-1.0	-1.0	58.0	40.0	-1.0	58.0	94.0	-1.0	55.0	58.0	-1.0	-1.0	40.0	94.0	80.0	-1.0	-1.0	41.0	81.0	-1.0	96.0	-1.0	82.0	90.0	55.0	-1.0	-1.0	42.0	-1.0	88.0	-1.0	83.0	84.0	83.0	58.0	96.0	94.0	84.0	89.0	-1.0	124.0	86.0	44.0	44.0	86.0	58.0	87.0	45.0	-1.0	45.0	-1.0	94.0	96.0	88.0	-1.0	-1.0	92.0	47.0	-1.0	48.0	42.0	56.0	55.0	50.0	55.0	-1.0	-1.0	56.0	-1.0	91.0	-1.0	55.0	58.0	103.0	107.0	-1.0	55.0	98.0	-1.0	98.0	99.0	96.0	99.0	0.0	41.0	-1.0	-1.0	56.0	-1.0	-1.0	91.0	-1.0	98.0	-1.0	-1.0	

distances_centre_w :
125.0	115.0	-1.0	96.0	123.0	96.0	-1.0	96.0	56.0	-1.0	99.0	104.0	99.0	112.0	80.0	104.0	90.0	98.0	105.0	99.0	-1.0	-1.0	104.0	-1.0	41.0	-1.0	133.0	94.0	-1.0	137.0	82.0	115.0	93.0	118.0	-1.0	-1.0	-1.0	138.0	-1.0	-1.0	-1.0	98.0	104.0	-1.0	90.0	-1.0	137.0	-1.0	-1.0	-1.0	89.0	100.0	-1.0	-1.0	-1.0	-1.0	-1.0	103.0	104.0	-1.0	-1.0	-1.0	102.0	105.0	-1.0	-1.0	-1.0	90.0	115.0	107.0	-1.0	-1.0	-1.0	92.0	108.0	106.0	-1.0	-1.0	133.0	138.0	134.0	97.0	-1.0	-1.0	102.0	114.0	100.0	113.0	96.0	100.0	-1.0	-1.0	-1.0	128.0	98.0	138.0	98.0	104.0	-1.0	131.0	
138.0	115.0	-1.0	-1.0	101.0	96.0	-1.0	96.0	45.0	125.0	-1.0	132.0	99.0	56.0	-1.0	99.0	-1.0	85.0	-1.0	-1.0	-1.0	99.0	-1.0	84.0	-1.0	115.0	113.0	94.0	-1.0	81.0	-1.0	115.0	-1.0	118.0	108.0	-1.0	-1.0	100.0	-1.0	-1.0	110.0	98.0	-1.0	113.0	97.0	-1.0	-1.0	55.0	102.0	-1.0	89.0	138.0	-1.0	100.0	85.0	-1.0	110.0	103.0	-1.0	127.0	-1.0	105.0	103.0	90.0	92.0	48.0	109.0	90.0	-1.0	-1.0	-1.0	97.0	-1.0	-1.0	108.0	-1.0	-1.0	91.0	-1.0	132.0	-1.0	-1.0	-1.0	135.0	-1.0	114.0	100.0	-1.0	96.0	55.0	-1.0	-1.0	-1.0	128.0	112.0	138.0	-1.0	-1.0	-1.0	-1.0	
136.0	98.0	89.0	96.0	138.0	-1.0	132.0	96.0	58.0	-1.0	-1.0	109.0	-1.0	56.0	-1.0	104.0	-1.0	-1.0	120.0	99.0	108.0	98.0	-1.0	99.0	-1.0	-1.0	-1.0	99.0	131.0	90.0	-1.0	115.0	98.0	-1.0	108.0	-1.0	-1.0	100.0	-1.0	-1.0	-1.0	98.0	104.0	-1.0	97.0	-1.0	87.0	55.0	-1.0	106.0	92.0	90.0	-1.0	103.0	85.0	128.0	96.0	103.0	-1.0	-1.0	97.0	135.0	103.0	109.0	-1.0	48.0	131.0	56.0	-1.0	-1.0	92.0	-1.0	58.0	-1.0	111.0	-1.0	99.0	91.0	133.0	-1.0	-1.0	97.0	130.0	135.0	109.0	134.0	100.0	135.0	-1.0	100.0	114.0	-1.0	115.0	113.0	-1.0	138.0	114.0	113.0	-1.0	-1.0	
138.0	125.0	140.0	-1.0	101.0	133.0	-1.0	122.0	58.0	-1.0	88.0	104.0	-1.0	56.0	96.0	139.0	-1.0	85.0	-1.0	-1.0	-1.0	-1.0	52.0	-1.0	41.0	-1.0	-1.0	94.0	-1.0	81.0	82.0	-1.0	93.0	-1.0	108.0	98.0	-1.0	88.0	-1.0	-1.0	-1.0	98.0	-1.0	113.0	90.0	140.0	134.0	-1.0	99.0	140.0	92.0	100.0	100.0	-1.0	-1.0	-1.0	96.0	-1.0	104.0	-1.0	-1.0	-1.0	-1.0	96.0	92.0	-1.0	99.0	90.0	-1.0	96.0	92.0	95.0	94.0	-1.0	111.0	133.0	-1.0	-1.0	133.0	-1.0	-1.0	-1.0	108.0	98.0	102.0	114.0	100.0	135.0	96.0	-1.0	-1.0	111.0	102.0	128.0	-1.0	-1.0	114.0	-1.0	59.0	-1.0	
138.0	125.0	-1.0	82.0	-1.0	-1.0	-1.0	134.0	45.0	-1.0	88.0	104.0	-1.0	56.0	80.0	-1.0	-1.0	98.0	120.0	88.0	-1.0	-1.0	109.0	84.0	-1.0	135.0	-1.0	94.0	92.0	137.0	-1.0	-1.0	108.0	-1.0	138.0	-1.0	84.0	88.0	115.0	105.0	99.0	98.0	90.0	113.0	-1.0	140.0	137.0	55.0	102.0	106.0	89.0	90.0	100.0	-1.0	85.0	-1.0	96.0	139.0	105.0	-1.0	-1.0	105.0	102.0	-1.0	90.0	48.0	138.0	107.0	55.0	96.0	-1.0	-1.0	58.0	-1.0	97.0	-1.0	99.0	91.0	133.0	110.0	-1.0	97.0	100.0	-1.0	112.0	114.0	100.0	100.0	111.0	113.0	-1.0	-1.0	115.0	-1.0	-1.0	138.0	-1.0	104.0	-1.0	-1.0	

maxX :
125.0	112.0	112.0	124.0	124.0	

maxW :
138.0	138.0	138.0	140.0	140.0	

minX :
0.0	0.0	0.0	0.0	0.0	

minW :
41.0	45.0	48.0	41.0	45.0	

moyX :
73.08474576271186	71.64814814814815	73.17460317460318	71.03508771929825	72.41538461538461	

moyW :
105.52542372881356	101.55555555555556	103.66666666666667	102.21052631578948	101.9076923076923	

medX :
81.0	81.0	84.0	81.0	81.0	

medW :
104.0	100.5	103.0	99.0	100.0	

ecartTypeX :
27.995331411997373	25.868726584220628	26.614556037937174	27.46095468132616	23.46709139834387	

ecartTypeW :
18.468806438455402	21.56099587704326	21.52960309721964	22.55421292742496	22.743197175231966	

varX :
783.7385808675668	669.1910150891631	708.334593096498	754.1040320098492	550.7043786982249	

varW :
341.0968112611318	464.87654320987644	463.52380952380946	508.6925207756232	517.2530177514792	

covarX :
797.2513150204559	681.8172606568831	719.7593445980543	767.5701754385965	559.3091346153847	

covarW :
346.9777907656341	473.64779874213826	471.0	517.7763157894738	525.335096153846	

coef_variationX :
0.3830530040138787	0.3610522707541778	0.36371302177658177	0.3865829629132109	0.3240622351587745	

coef_variationW :
0.17501760036441835	0.212307399226903	0.20768105881562351	0.22066428713752534	0.22317448918932337	

moy_distances_centre :	98.8
min_distances_centre :	82.0
max_distances_centre :	114.0
med_distances_centre :	97.5
ecartType_distances_centre :	8.930845424706444
var_distances_centre :	79.76000000000002
covar_distances_centre :	83.95789473684212
coef_variation_distances_centre :	0.09039317231484255
capacite_X_temoin : 
781.0	676.0	733.0	668.0	676.0	
660.0	797.0	765.0	716.0	656.0	
623.0	607.0	639.0	672.0	793.0	
737.0	676.0	676.0	712.0	745.0	
785.0	704.0	631.0	684.0	769.0	

capacite_W_temoin : 
629.3	263.79999999999995	680.9	798.4	656.8	
380.0	612.1	751.5	802.8	697.8	
281.9	321.1	584.7	683.6	752.9	
475.1	484.79999999999995	677.8	758.6	715.5	
486.5	346.2	538.3	760.2	756.7	

demande_cumulee_X : 
386.0	615.0	272.0	70.0	222.0	
478.0	424.0	243.0	128.0	155.0	
528.0	468.0	246.0	190.0	278.0	
483.0	394.0	201.0	167.0	253.0	
534.0	569.0	282.0	129.0	243.0	

demande_cumulee_W : 
332.0	234.0	345.0	272.0	382.0	
357.0	313.0	260.0	181.0	317.0	
269.0	299.0	357.0	314.0	471.0	
408.0	339.0	195.0	257.0	299.0	
466.0	232.0	169.0	322.0	568.0	

capacite_residuelle_X : 
395.0	61.0	461.0	598.0	454.0	
182.0	373.0	522.0	588.0	501.0	
95.0	139.0	393.0	482.0	515.0	
254.0	282.0	475.0	545.0	492.0	
251.0	135.0	349.0	555.0	526.0	

capacite_residuelle_W : 
297.29999999999995	29.799999999999955	335.9	526.4	274.79999999999995	
23.0	299.1	491.5	621.8	380.79999999999995	
12.899999999999977	22.100000000000023	227.70000000000005	369.6	281.9	
67.10000000000002	145.79999999999995	482.79999999999995	501.6	416.5	
20.5	114.19999999999999	369.29999999999995	438.20000000000005	188.70000000000005	

min_capacite_X : 
668.0	656.0	607.0	676.0	631.0	

min_capacite_W : 
263.79999999999995	380.0	281.9	475.1	346.2	

max_capacite_X : 
781.0	797.0	793.0	745.0	785.0	

max_capacite_W : 
798.4	802.8	752.9	758.6	760.2	

moy_capacite_X : 
706.8	718.8	666.8	709.2	714.6	

moy_capacite_W : 
605.8399999999999	648.8399999999999	524.84	622.3599999999999	577.5799999999999	

med_capacite_X : 
676.0	716.0	639.0	712.0	704.0	

med_capacite_W : 
656.8	697.8	584.7	677.8	538.3	

ecartType_capacite_X : 
43.80593567086543	55.96213005238453	66.66453329919891	29.212326165507598	56.485750415480894	

ecartType_capacite_W : 
180.47271926803785	148.5022639558064	190.4358957759802	119.09513172250158	160.50497063954128	

var_capacite_X : 
1918.9600000000003	3131.76	4444.16	853.3599999999999	3190.64	

var_capacite_W : 
32570.402400000003	22052.922399999996	36265.8304	14183.650400000002	25761.845600000008	

covar_capacite_X : 
2398.7000000000003	3914.7000000000003	5555.2	1066.6999999999998	3988.2999999999997	

covar_capacite_W : 
40713.003000000004	27566.152999999995	45332.288	17729.563000000002	32202.307000000008	

##########	##########	##########	##########	##########	##########	##########	##########	##########	##########	##########	##########	##########	##########	##########	##########	##########	##########	##########	##########	##########	##########	##########	##########	##########	##########	##########	##########	##########	##########	##########	##########	##########	##########	##########	##########	##########	##########	##########	##########	##########	##########	##########	##########	##########	##########	##########	##########	##########	##########	##########	##########	##########	##########	##########	##########	##########	##########	##########	##########	##########	##########	##########	##########	##########	##########	##########	##########	##########	##########	##########	##########	##########	##########	##########	##########	##########	##########	##########	##########	##########	##########	##########	##########	##########	##########	##########	##########	##########	##########	##########	##########	##########	##########	##########	##########	##########	##########	##########	##########	nombre de noeuds : 100
nombre de strates : 5
nombre de centres : 5
titre : fenetre
instances : G2_2
temps de calcul : 0.07240915298461914
valeur objective : 1273.0
nombre de solutions : 3
nombre de noeuds : 1.0
faisability : True
centre : [21, 30, 90, 88, 98]
moy_distances :	105.41
min_distances :	40.0
max_distances :	186.0
var_distances :	743.5913498214468
covar_distances :	743.6664676464619
ecartType_distances :	27.268871443854195
coef_variation	: 0.25868274236170163
distances_centre_x :
80.0	80.0	-1.0	81.0	41.0	81.0	-1.0	96.0	40.0	-1.0	88.0	94.0	81.0	55.0	80.0	89.0	51.0	40.0	59.0	80.0	-1.0	-1.0	41.0	-1.0	41.0	-1.0	100.0	82.0	-1.0	55.0	0.0	48.0	42.0	59.0	-1.0	-1.0	-1.0	84.0	-1.0	-1.0	-1.0	94.0	84.0	-1.0	85.0	-1.0	86.0	-1.0	-1.0	-1.0	59.0	100.0	-1.0	-1.0	-1.0	-1.0	-1.0	96.0	88.0	-1.0	-1.0	-1.0	47.0	55.0	-1.0	-1.0	-1.0	55.0	55.0	55.0	-1.0	-1.0	-1.0	91.0	91.0	106.0	-1.0	-1.0	111.0	96.0	100.0	55.0	-1.0	-1.0	98.0	99.0	41.0	99.0	0.0	41.0	-1.0	-1.0	-1.0	98.0	58.0	91.0	59.0	98.0	-1.0	118.0	
80.0	80.0	-1.0	-1.0	41.0	81.0	-1.0	96.0	40.0	102.0	-1.0	94.0	81.0	55.0	-1.0	89.0	-1.0	40.0	-1.0	-1.0	-1.0	0.0	-1.0	81.0	-1.0	96.0	100.0	82.0	-1.0	55.0	-1.0	48.0	-1.0	59.0	88.0	-1.0	-1.0	84.0	-1.0	-1.0	96.0	98.0	-1.0	89.0	85.0	-1.0	-1.0	44.0	44.0	-1.0	59.0	100.0	-1.0	89.0	45.0	-1.0	94.0	96.0	-1.0	47.0	-1.0	92.0	47.0	55.0	48.0	48.0	56.0	55.0	-1.0	-1.0	-1.0	89.0	-1.0	-1.0	91.0	-1.0	-1.0	91.0	-1.0	96.0	-1.0	-1.0	-1.0	89.0	-1.0	99.0	41.0	-1.0	0.0	41.0	-1.0	-1.0	-1.0	98.0	58.0	91.0	-1.0	-1.0	-1.0	-1.0	
80.0	96.0	89.0	81.0	41.0	-1.0	103.0	96.0	45.0	-1.0	-1.0	94.0	-1.0	55.0	-1.0	89.0	-1.0	-1.0	59.0	80.0	104.0	0.0	-1.0	81.0	-1.0	-1.0	-1.0	82.0	90.0	55.0	-1.0	48.0	95.0	-1.0	88.0	-1.0	-1.0	84.0	-1.0	-1.0	-1.0	94.0	84.0	-1.0	85.0	-1.0	86.0	44.0	-1.0	86.0	59.0	87.0	-1.0	101.0	45.0	103.0	94.0	96.0	-1.0	-1.0	45.0	92.0	47.0	55.0	-1.0	48.0	56.0	55.0	-1.0	-1.0	89.0	-1.0	56.0	-1.0	91.0	-1.0	55.0	91.0	111.0	-1.0	-1.0	55.0	98.0	89.0	110.0	99.0	41.0	99.0	-1.0	41.0	0.0	-1.0	56.0	98.0	-1.0	91.0	59.0	100.0	-1.0	-1.0	
80.0	80.0	89.0	-1.0	41.0	81.0	-1.0	96.0	40.0	-1.0	88.0	94.0	-1.0	55.0	80.0	120.0	-1.0	40.0	-1.0	-1.0	-1.0	-1.0	41.0	-1.0	41.0	-1.0	-1.0	82.0	-1.0	55.0	0.0	-1.0	42.0	-1.0	88.0	83.0	-1.0	84.0	-1.0	-1.0	-1.0	94.0	-1.0	89.0	85.0	124.0	105.0	-1.0	44.0	86.0	59.0	95.0	45.0	-1.0	-1.0	-1.0	94.0	-1.0	88.0	-1.0	-1.0	-1.0	-1.0	55.0	48.0	-1.0	56.0	55.0	-1.0	55.0	89.0	89.0	56.0	-1.0	91.0	106.0	-1.0	-1.0	111.0	-1.0	-1.0	-1.0	98.0	89.0	98.0	99.0	41.0	99.0	0.0	-1.0	-1.0	97.0	56.0	98.0	-1.0	-1.0	59.0	-1.0	0.0	-1.0	
80.0	80.0	-1.0	81.0	-1.0	-1.0	-1.0	96.0	40.0	-1.0	88.0	94.0	-1.0	55.0	80.0	-1.0	-1.0	40.0	59.0	88.0	-1.0	-1.0	41.0	81.0	-1.0	102.0	-1.0	82.0	90.0	55.0	-1.0	-1.0	42.0	-1.0	88.0	-1.0	83.0	84.0	83.0	59.0	96.0	94.0	84.0	89.0	-1.0	124.0	86.0	44.0	44.0	86.0	59.0	87.0	45.0	-1.0	45.0	-1.0	94.0	96.0	88.0	-1.0	-1.0	92.0	47.0	-1.0	48.0	48.0	56.0	55.0	55.0	55.0	-1.0	-1.0	56.0	-1.0	91.0	-1.0	55.0	91.0	111.0	96.0	-1.0	55.0	98.0	-1.0	98.0	99.0	41.0	99.0	0.0	59.0	-1.0	-1.0	56.0	-1.0	-1.0	91.0	-1.0	104.0	-1.0	-1.0	

distances_centre_w :
125.0	96.0	-1.0	97.0	102.0	96.0	-1.0	134.0	56.0	-1.0	100.0	104.0	95.0	56.0	96.0	104.0	96.0	102.0	120.0	88.0	-1.0	-1.0	56.0	-1.0	41.0	-1.0	112.0	94.0	-1.0	90.0	82.0	101.0	93.0	96.0	-1.0	-1.0	-1.0	138.0	-1.0	-1.0	-1.0	127.0	95.0	-1.0	115.0	-1.0	87.0	-1.0	-1.0	-1.0	100.0	138.0	-1.0	-1.0	-1.0	-1.0	-1.0	98.0	105.0	-1.0	-1.0	-1.0	102.0	90.0	-1.0	-1.0	-1.0	108.0	109.0	111.0	-1.0	-1.0	-1.0	102.0	97.0	133.0	-1.0	-1.0	133.0	107.0	107.0	112.0	-1.0	-1.0	102.0	134.0	96.0	135.0	59.0	100.0	-1.0	-1.0	-1.0	128.0	98.0	138.0	90.0	113.0	-1.0	125.0	
136.0	96.0	-1.0	-1.0	102.0	96.0	-1.0	117.0	45.0	108.0	-1.0	116.0	95.0	134.0	-1.0	104.0	-1.0	96.0	-1.0	-1.0	-1.0	82.0	-1.0	99.0	-1.0	102.0	115.0	94.0	-1.0	114.0	-1.0	101.0	-1.0	96.0	108.0	-1.0	-1.0	92.0	-1.0	-1.0	99.0	127.0	-1.0	115.0	97.0	-1.0	-1.0	55.0	99.0	-1.0	92.0	138.0	-1.0	100.0	85.0	-1.0	96.0	98.0	-1.0	127.0	-1.0	106.0	103.0	90.0	104.0	99.0	99.0	108.0	-1.0	-1.0	-1.0	108.0	-1.0	-1.0	115.0	-1.0	-1.0	117.0	-1.0	107.0	-1.0	-1.0	-1.0	100.0	-1.0	134.0	96.0	-1.0	99.0	59.0	-1.0	-1.0	-1.0	112.0	98.0	138.0	-1.0	-1.0	-1.0	-1.0	
125.0	99.0	96.0	82.0	102.0	-1.0	136.0	134.0	117.0	-1.0	-1.0	104.0	-1.0	56.0	-1.0	104.0	-1.0	-1.0	94.0	114.0	137.0	96.0	-1.0	97.0	-1.0	-1.0	-1.0	137.0	137.0	81.0	-1.0	115.0	98.0	-1.0	108.0	-1.0	-1.0	92.0	-1.0	-1.0	-1.0	98.0	95.0	-1.0	97.0	-1.0	137.0	55.0	-1.0	107.0	92.0	95.0	-1.0	129.0	85.0	128.0	96.0	98.0	-1.0	-1.0	97.0	106.0	103.0	109.0	-1.0	106.0	109.0	90.0	-1.0	-1.0	94.0	-1.0	92.0	-1.0	97.0	-1.0	121.0	117.0	133.0	-1.0	-1.0	109.0	108.0	98.0	113.0	134.0	138.0	128.0	-1.0	59.0	96.0	-1.0	99.0	112.0	-1.0	138.0	98.0	113.0	-1.0	-1.0	
136.0	125.0	89.0	-1.0	123.0	96.0	-1.0	117.0	45.0	-1.0	99.0	104.0	-1.0	114.0	96.0	139.0	-1.0	85.0	-1.0	-1.0	-1.0	-1.0	56.0	-1.0	115.0	-1.0	-1.0	94.0	-1.0	114.0	114.0	-1.0	95.0	-1.0	138.0	96.0	-1.0	92.0	-1.0	-1.0	-1.0	127.0	-1.0	113.0	113.0	140.0	105.0	-1.0	89.0	107.0	89.0	138.0	100.0	-1.0	-1.0	-1.0	96.0	-1.0	104.0	-1.0	-1.0	-1.0	-1.0	90.0	92.0	-1.0	99.0	56.0	-1.0	96.0	94.0	95.0	92.0	-1.0	97.0	133.0	-1.0	-1.0	134.0	-1.0	-1.0	-1.0	100.0	135.0	102.0	134.0	138.0	135.0	59.0	-1.0	-1.0	139.0	112.0	112.0	-1.0	-1.0	114.0	-1.0	59.0	-1.0	
136.0	115.0	-1.0	82.0	-1.0	-1.0	-1.0	134.0	117.0	-1.0	99.0	104.0	-1.0	56.0	117.0	-1.0	-1.0	85.0	94.0	99.0	-1.0	-1.0	52.0	84.0	-1.0	140.0	-1.0	94.0	95.0	114.0	-1.0	-1.0	93.0	-1.0	139.0	-1.0	138.0	88.0	83.0	105.0	110.0	98.0	95.0	113.0	-1.0	140.0	105.0	55.0	89.0	107.0	92.0	95.0	100.0	-1.0	104.0	-1.0	96.0	98.0	105.0	-1.0	-1.0	135.0	102.0	-1.0	105.0	106.0	99.0	101.0	115.0	96.0	-1.0	-1.0	94.0	-1.0	97.0	-1.0	110.0	117.0	134.0	132.0	-1.0	136.0	130.0	-1.0	110.0	134.0	96.0	100.0	96.0	100.0	-1.0	-1.0	112.0	-1.0	-1.0	138.0	-1.0	113.0	-1.0	-1.0	

maxX :
118.0	102.0	111.0	124.0	124.0	

maxW :
138.0	138.0	138.0	140.0	140.0	

minX :
0.0	0.0	0.0	0.0	0.0	

minW :
41.0	45.0	55.0	45.0	52.0	

moyX :
72.49152542372882	71.16666666666667	75.01587301587301	72.85964912280701	73.66153846153846	

moyW :
102.77966101694915	103.11111111111111	106.19047619047619	105.6140350877193	105.73846153846154	

medX :
81.0	81.0	85.0	83.0	82.0	

medW :
102.0	100.5	104.0	104.0	104.0	

ecartTypeX :
25.74541122934333	25.403229599286664	24.93578550679761	28.395971172408483	23.396434260260143	

ecartTypeW :
21.00933432307292	17.92956039066405	19.201403009963112	22.785617490421924	19.689338718494273	

varX :
662.8261993679977	645.324074074074	621.7933988410177	806.3311788242537	547.3931360946747	

varW :
441.39212869864986	321.46913580246917	368.6938775510204	519.1843644198215	387.6700591715977	

covarX :
674.2542372881354	657.5	631.8223246287762	820.7299498746867	555.946153846154	

covarW :
449.00233781414374	327.5345911949686	374.6405529953916	528.4555137844611	393.7274038461539	

coef_variationX :
0.3551506342135273	0.3569540458916159	0.33240678944736557	0.3897352171508027	0.31762076585566196	

coef_variationW :
0.20441139925153404	0.17388582275428496	0.18082038708933873	0.21574421876313116	0.1862079174599342	

moy_distances_centre :	104.7
min_distances_centre :	59.0
max_distances_centre :	151.0
med_distances_centre :	98.0
ecartType_distances_centre :	25.51097802907603
var_distances_centre :	650.8099999999998
covar_distances_centre :	685.0631578947366
coef_variation_distances_centre :	0.2436578608316717
capacite_X_temoin : 
781.0	676.0	733.0	668.0	615.0	
660.0	797.0	765.0	716.0	639.0	
623.0	607.0	639.0	672.0	729.0	
737.0	676.0	676.0	712.0	611.0	
785.0	704.0	631.0	684.0	708.0	

capacite_W_temoin : 
577.3	370.79999999999995	609.9	844.4	547.5	
349.0	614.1	768.5	804.8	685.7	
347.9	297.1	537.7	646.6	711.7	
406.1	484.79999999999995	621.8	826.6	598.3	
466.5	367.2	500.29999999999995	730.2	744.4	

demande_cumulee_X : 
438.0	508.0	343.0	24.0	252.0	
509.0	422.0	226.0	126.0	145.0	
462.0	492.0	293.0	227.0	236.0	
552.0	394.0	257.0	99.0	196.0	
554.0	548.0	320.0	159.0	176.0	

demande_cumulee_W : 
404.0	349.0	328.0	193.0	291.0	
325.0	211.0	438.0	147.0	307.0	
345.0	273.0	383.0	396.0	313.0	
357.0	403.0	268.0	260.0	210.0	
458.0	348.0	285.0	366.0	300.0	

capacite_residuelle_X : 
343.0	168.0	390.0	644.0	363.0	
151.0	375.0	539.0	590.0	494.0	
161.0	115.0	346.0	445.0	493.0	
185.0	282.0	419.0	613.0	415.0	
231.0	156.0	311.0	525.0	532.0	

capacite_residuelle_W : 
173.29999999999995	21.799999999999955	281.9	651.4	256.5	
24.0	403.1	330.5	657.8	378.70000000000005	
2.8999999999999773	24.100000000000023	154.70000000000005	250.60000000000002	398.70000000000005	
49.10000000000002	81.79999999999995	353.79999999999995	566.6	388.29999999999995	
8.5	19.19999999999999	215.29999999999995	364.20000000000005	444.4	

min_capacite_X : 
615.0	639.0	607.0	611.0	631.0	

min_capacite_W : 
370.79999999999995	349.0	297.1	406.1	367.2	

max_capacite_X : 
781.0	797.0	729.0	737.0	785.0	

max_capacite_W : 
844.4	804.8	711.7	826.6	744.4	

moy_capacite_X : 
694.6	715.4	654.0	682.4	702.4	

moy_capacite_W : 
589.98	644.4199999999998	508.2	587.5199999999999	561.72	

med_capacite_X : 
676.0	716.0	639.0	676.0	704.0	

med_capacite_W : 
577.3	685.7	537.7	598.3	500.29999999999995	

ecartType_capacite_X : 
57.14752838049954	60.04198531028101	43.22961947554015	42.51399769487692	49.58467505187465	

ecartType_capacite_W : 
151.74422427229317	161.87273272543464	162.29378299861028	142.7691759449497	149.95651903135123	

var_capacite_X : 
3265.84	3605.04	1868.8	1807.4399999999998	2458.6400000000003	

var_capacite_W : 
23026.309600000004	26202.7816	26339.272000000004	20383.037600000003	22486.9576	

covar_capacite_X : 
4082.3	4506.3	2336.0	2259.2999999999997	3073.3	

covar_capacite_W : 
28782.887000000006	32753.477	32924.090000000004	25478.797000000006	28108.697000000004	

##########	##########	##########	##########	##########	##########	##########	##########	##########	##########	##########	##########	##########	##########	##########	##########	##########	##########	##########	##########	##########	##########	##########	##########	##########	##########	##########	##########	##########	##########	##########	##########	##########	##########	##########	##########	##########	##########	##########	##########	##########	##########	##########	##########	##########	##########	##########	##########	##########	##########	##########	##########	##########	##########	##########	##########	##########	##########	##########	##########	##########	##########	##########	##########	##########	##########	##########	##########	##########	##########	##########	##########	##########	##########	##########	##########	##########	##########	##########	##########	##########	##########	##########	##########	##########	##########	##########	##########	##########	##########	##########	##########	##########	##########	##########	##########	##########	##########	##########	##########	nombre de noeuds : 100
nombre de strates : 5
nombre de centres : 5
titre : fenetre
instances : G2_2
temps de calcul : 0.07322192192077637
valeur objective : 1329.0
nombre de solutions : 3
nombre de noeuds : 1.0
faisability : True
centre : [30, 90, 88, 98, 7]
moy_distances :	105.41
min_distances :	40.0
max_distances :	186.0
var_distances :	743.5913498214468
covar_distances :	743.6664676464619
ecartType_distances :	27.268871443854195
coef_variation	: 0.25868274236170163
distances_centre_x :
122.0	82.0	-1.0	81.0	41.0	81.0	-1.0	0.0	45.0	-1.0	95.0	92.0	81.0	55.0	84.0	89.0	84.0	96.0	105.0	88.0	-1.0	-1.0	41.0	-1.0	41.0	-1.0	82.0	41.0	-1.0	41.0	0.0	48.0	42.0	59.0	-1.0	-1.0	-1.0	42.0	-1.0	-1.0	-1.0	83.0	84.0	-1.0	85.0	-1.0	86.0	-1.0	-1.0	-1.0	59.0	87.0	-1.0	-1.0	-1.0	-1.0	-1.0	46.0	104.0	-1.0	-1.0	-1.0	88.0	47.0	-1.0	-1.0	-1.0	55.0	55.0	49.0	-1.0	-1.0	-1.0	91.0	97.0	92.0	-1.0	-1.0	94.0	96.0	52.0	52.0	-1.0	-1.0	95.0	99.0	41.0	99.0	0.0	55.0	-1.0	-1.0	-1.0	98.0	58.0	91.0	58.0	104.0	-1.0	105.0	
122.0	82.0	-1.0	-1.0	41.0	81.0	-1.0	0.0	45.0	40.0	-1.0	92.0	81.0	55.0	-1.0	89.0	-1.0	82.0	-1.0	-1.0	-1.0	82.0	-1.0	81.0	-1.0	94.0	82.0	41.0	-1.0	41.0	-1.0	48.0	-1.0	59.0	57.0	-1.0	-1.0	42.0	-1.0	-1.0	96.0	83.0	-1.0	89.0	85.0	-1.0	-1.0	55.0	86.0	-1.0	59.0	87.0	-1.0	100.0	45.0	-1.0	96.0	46.0	-1.0	97.0	-1.0	87.0	88.0	47.0	48.0	48.0	56.0	56.0	-1.0	-1.0	-1.0	89.0	-1.0	-1.0	89.0	-1.0	-1.0	92.0	-1.0	96.0	-1.0	-1.0	-1.0	94.0	-1.0	99.0	41.0	-1.0	0.0	41.0	-1.0	-1.0	-1.0	98.0	58.0	91.0	-1.0	-1.0	-1.0	-1.0	
122.0	82.0	96.0	81.0	41.0	-1.0	92.0	0.0	45.0	-1.0	-1.0	92.0	-1.0	55.0	-1.0	89.0	-1.0	-1.0	59.0	88.0	84.0	82.0	-1.0	81.0	-1.0	-1.0	-1.0	41.0	81.0	41.0	-1.0	48.0	42.0	-1.0	57.0	-1.0	-1.0	42.0	-1.0	-1.0	-1.0	83.0	84.0	-1.0	85.0	-1.0	86.0	55.0	-1.0	84.0	59.0	95.0	-1.0	100.0	45.0	87.0	96.0	46.0	-1.0	-1.0	45.0	87.0	102.0	47.0	-1.0	48.0	56.0	55.0	-1.0	-1.0	89.0	-1.0	56.0	-1.0	89.0	-1.0	55.0	92.0	94.0	-1.0	-1.0	55.0	88.0	94.0	95.0	99.0	41.0	99.0	-1.0	41.0	0.0	-1.0	98.0	98.0	-1.0	91.0	58.0	99.0	-1.0	-1.0	
136.0	96.0	89.0	-1.0	41.0	81.0	-1.0	96.0	45.0	-1.0	99.0	104.0	-1.0	55.0	117.0	89.0	-1.0	96.0	-1.0	-1.0	-1.0	-1.0	41.0	-1.0	41.0	-1.0	-1.0	82.0	-1.0	55.0	0.0	-1.0	42.0	-1.0	108.0	83.0	-1.0	92.0	-1.0	-1.0	-1.0	98.0	-1.0	115.0	85.0	140.0	86.0	-1.0	89.0	86.0	59.0	87.0	45.0	-1.0	-1.0	-1.0	96.0	-1.0	105.0	-1.0	-1.0	-1.0	-1.0	55.0	48.0	-1.0	56.0	55.0	-1.0	55.0	94.0	89.0	56.0	-1.0	97.0	106.0	-1.0	-1.0	111.0	-1.0	-1.0	-1.0	98.0	98.0	102.0	99.0	41.0	99.0	0.0	-1.0	-1.0	59.0	99.0	98.0	-1.0	-1.0	59.0	-1.0	0.0	-1.0	
122.0	82.0	-1.0	81.0	-1.0	-1.0	-1.0	0.0	45.0	-1.0	95.0	92.0	-1.0	55.0	84.0	-1.0	-1.0	82.0	59.0	88.0	-1.0	-1.0	41.0	97.0	-1.0	94.0	-1.0	41.0	81.0	41.0	-1.0	-1.0	42.0	-1.0	57.0	-1.0	83.0	42.0	83.0	59.0	96.0	83.0	84.0	89.0	-1.0	133.0	105.0	55.0	89.0	84.0	59.0	87.0	45.0	-1.0	45.0	-1.0	96.0	46.0	105.0	-1.0	-1.0	87.0	103.0	-1.0	104.0	48.0	56.0	55.0	55.0	49.0	-1.0	-1.0	56.0	-1.0	89.0	-1.0	55.0	92.0	94.0	96.0	-1.0	55.0	88.0	-1.0	95.0	99.0	41.0	99.0	0.0	59.0	-1.0	-1.0	102.0	-1.0	-1.0	91.0	-1.0	104.0	-1.0	-1.0	

distances_centre_w :
125.0	96.0	-1.0	97.0	82.0	98.0	-1.0	96.0	56.0	-1.0	99.0	104.0	85.0	84.0	117.0	104.0	84.0	96.0	122.0	99.0	-1.0	-1.0	104.0	-1.0	115.0	-1.0	100.0	82.0	-1.0	90.0	96.0	101.0	84.0	84.0	-1.0	-1.0	-1.0	84.0	-1.0	-1.0	-1.0	98.0	99.0	-1.0	125.0	-1.0	87.0	-1.0	-1.0	-1.0	92.0	95.0	-1.0	-1.0	-1.0	-1.0	-1.0	96.0	105.0	-1.0	-1.0	-1.0	103.0	90.0	-1.0	-1.0	-1.0	56.0	115.0	55.0	-1.0	-1.0	-1.0	103.0	106.0	106.0	-1.0	-1.0	111.0	107.0	108.0	109.0	-1.0	-1.0	102.0	108.0	96.0	100.0	59.0	59.0	-1.0	-1.0	-1.0	113.0	98.0	132.0	59.0	113.0	-1.0	118.0	
125.0	115.0	-1.0	-1.0	82.0	123.0	-1.0	96.0	116.0	125.0	-1.0	104.0	85.0	56.0	-1.0	104.0	-1.0	85.0	-1.0	-1.0	-1.0	99.0	-1.0	99.0	-1.0	96.0	100.0	82.0	-1.0	90.0	-1.0	101.0	-1.0	115.0	123.0	-1.0	-1.0	84.0	-1.0	-1.0	110.0	98.0	-1.0	115.0	97.0	-1.0	-1.0	111.0	89.0	-1.0	92.0	101.0	-1.0	101.0	88.0	-1.0	133.0	96.0	-1.0	127.0	-1.0	92.0	123.0	90.0	94.0	106.0	109.0	108.0	-1.0	-1.0	-1.0	95.0	-1.0	-1.0	115.0	-1.0	-1.0	107.0	-1.0	101.0	-1.0	-1.0	-1.0	98.0	-1.0	108.0	100.0	-1.0	59.0	105.0	-1.0	-1.0	-1.0	112.0	98.0	132.0	-1.0	-1.0	-1.0	-1.0	
125.0	96.0	104.0	96.0	82.0	-1.0	103.0	96.0	56.0	-1.0	-1.0	104.0	-1.0	84.0	-1.0	104.0	-1.0	-1.0	105.0	114.0	105.0	99.0	-1.0	84.0	-1.0	-1.0	-1.0	82.0	95.0	55.0	-1.0	101.0	98.0	-1.0	108.0	-1.0	-1.0	92.0	-1.0	-1.0	-1.0	98.0	98.0	-1.0	97.0	-1.0	105.0	56.0	-1.0	107.0	92.0	100.0	-1.0	129.0	88.0	128.0	133.0	103.0	-1.0	-1.0	97.0	92.0	103.0	55.0	-1.0	106.0	131.0	56.0	-1.0	-1.0	105.0	-1.0	100.0	-1.0	97.0	-1.0	110.0	107.0	111.0	-1.0	-1.0	109.0	130.0	98.0	110.0	108.0	104.0	100.0	-1.0	101.0	97.0	-1.0	102.0	98.0	-1.0	132.0	59.0	100.0	-1.0	-1.0	
136.0	125.0	96.0	-1.0	102.0	96.0	-1.0	123.0	56.0	-1.0	100.0	116.0	-1.0	114.0	121.0	104.0	-1.0	102.0	-1.0	-1.0	-1.0	-1.0	104.0	-1.0	115.0	-1.0	-1.0	137.0	-1.0	114.0	97.0	-1.0	97.0	-1.0	139.0	98.0	-1.0	137.0	-1.0	-1.0	-1.0	145.0	-1.0	124.0	141.0	152.0	87.0	-1.0	99.0	107.0	92.0	101.0	100.0	-1.0	-1.0	-1.0	145.0	-1.0	105.0	-1.0	-1.0	-1.0	-1.0	90.0	104.0	-1.0	109.0	108.0	-1.0	96.0	104.0	95.0	105.0	-1.0	106.0	133.0	-1.0	-1.0	148.0	-1.0	-1.0	-1.0	108.0	149.0	109.0	151.0	100.0	100.0	59.0	-1.0	-1.0	111.0	102.0	112.0	-1.0	-1.0	90.0	-1.0	59.0	-1.0	
136.0	125.0	-1.0	136.0	-1.0	-1.0	-1.0	96.0	116.0	-1.0	100.0	104.0	-1.0	56.0	117.0	-1.0	-1.0	102.0	122.0	114.0	-1.0	-1.0	56.0	137.0	-1.0	115.0	-1.0	82.0	95.0	55.0	-1.0	-1.0	95.0	-1.0	108.0	-1.0	124.0	84.0	115.0	84.0	110.0	98.0	104.0	139.0	-1.0	140.0	128.0	111.0	99.0	86.0	92.0	101.0	86.0	-1.0	88.0	-1.0	133.0	96.0	106.0	-1.0	-1.0	92.0	123.0	-1.0	107.0	100.0	109.0	90.0	115.0	111.0	-1.0	-1.0	92.0	-1.0	97.0	-1.0	135.0	117.0	111.0	138.0	-1.0	112.0	108.0	-1.0	109.0	108.0	104.0	100.0	96.0	101.0	-1.0	-1.0	112.0	-1.0	-1.0	132.0	-1.0	133.0	-1.0	-1.0	

maxX :
122.0	122.0	122.0	140.0	133.0	

maxW :
132.0	133.0	133.0	152.0	140.0	

minX :
0.0	0.0	0.0	0.0	0.0	

minW :
55.0	56.0	55.0	56.0	55.0	

moyX :
70.55932203389831	69.98148148148148	71.6984126984127	78.12280701754386	74.13846153846154	

moyW :
96.72881355932203	102.12962962962963	99.04761904761905	110.08771929824562	106.81538461538462	

medX :
82.0	81.5	82.0	89.0	83.0	

medW :
99.0	101.0	100.0	105.0	108.0	

ecartTypeX :
27.58793103013368	25.594769966871443	25.189841061796496	30.754871344534966	26.347311597245874	

ecartTypeW :
17.342834703170965	15.519457675108768	17.989793024413164	21.448658160912135	19.035911251100202	

varX :
761.0939385234128	655.0922496570645	634.5280927185688	945.862111418898	694.1808284023668	

varW :
300.7739155415111	240.85356652949247	323.6326530612245	460.0449369036627	362.3659171597633	

covarX :
774.2162478082994	667.4524807826695	644.7624167946748	962.7525062656638	705.0274038461538	

covarW :
305.9596727060199	245.39797344514326	328.85253456221204	468.2600250626566	368.0278846153846	

coef_variationX :
0.3909891738596894	0.3657363265972633	0.35133052621057764	0.3936734036915547	0.3553797995063253	

coef_variationW :
0.17929336735361606	0.1519584251053261	0.1816277180349406	0.19483243269673173	0.17821319765541022	

moy_distances_centre :	109.8
min_distances_centre :	59.0
max_distances_centre :	151.0
med_distances_centre :	112.5
ecartType_distances_centre :	23.777300099044048
var_distances_centre :	565.36
covar_distances_centre :	595.1157894736842
coef_variation_distances_centre :	0.21655100272353414
capacite_X_temoin : 
672.0	676.0	733.0	668.0	615.0	
708.0	797.0	765.0	716.0	639.0	
737.0	607.0	639.0	672.0	729.0	
0.0	676.0	676.0	712.0	611.0	
769.0	704.0	631.0	684.0	708.0	

capacite_W_temoin : 
249.6	347.79999999999995	777.9	756.4	676.5	
299.4	595.1	825.5	831.8	732.7	
236.1	292.1	557.7	762.6	840.7	
0.0	225.79999999999998	506.79999999999995	700.6	546.3	
351.7	477.2	555.3	704.2	699.4	

demande_cumulee_X : 
624.0	531.0	175.0	112.0	123.0	
621.0	441.0	169.0	99.0	98.0	
722.0	497.0	273.0	111.0	107.0	
0.0	653.0	372.0	225.0	248.0	
648.0	438.0	265.0	185.0	221.0	

demande_cumulee_W : 
230.0	323.0	367.0	368.0	277.0	
291.0	449.0	231.0	311.0	146.0	
222.0	249.0	379.0	597.0	263.0	
0.0	207.0	491.0	442.0	358.0	
325.0	467.0	394.0	330.0	241.0	

capacite_residuelle_X : 
48.0	145.0	558.0	556.0	492.0	
87.0	356.0	596.0	617.0	541.0	
15.0	110.0	366.0	561.0	622.0	
0.0	23.0	304.0	487.0	363.0	
121.0	266.0	366.0	499.0	487.0	

capacite_residuelle_W : 
19.599999999999994	24.799999999999955	410.9	388.4	399.5	
8.399999999999977	146.10000000000002	594.5	520.8	586.7	
14.099999999999994	43.10000000000002	178.70000000000005	165.60000000000002	577.7	
0.0	18.799999999999983	15.799999999999955	258.6	188.29999999999995	
26.69999999999999	10.199999999999989	161.29999999999995	374.20000000000005	458.4	

min_capacite_X : 
615.0	639.0	607.0	0.0	631.0	

min_capacite_W : 
249.6	299.4	236.1	0.0	351.7	

max_capacite_X : 
733.0	797.0	737.0	712.0	769.0	

max_capacite_W : 
777.9	831.8	840.7	700.6	704.2	

moy_capacite_X : 
672.8	725.0	676.8	535.0	699.2	

moy_capacite_W : 
561.64	656.9	537.8399999999999	395.9	557.56	

med_capacite_X : 
672.0	716.0	672.0	676.0	704.0	

med_capacite_W : 
676.5	732.7	557.7	506.79999999999995	555.3	

ecartType_capacite_X : 
37.41336659537604	53.94441583704471	50.344413791402914	269.4780139454794	44.395495266975004	

ecartType_capacite_W : 
219.54005192674978	198.18531731689913	242.51632192493767	250.37247452545574	134.5087744349788	

var_capacite_X : 
1399.7599999999998	2910.0	2534.56	72618.4	1970.9599999999998	

var_capacite_W : 
48197.83439999999	39277.42	58814.1664	62686.37599999999	18092.6104	

covar_capacite_X : 
1749.6999999999998	3637.5	3168.2	90773.0	2463.7	

covar_capacite_W : 
60247.29299999999	49096.775	73517.708	78357.96999999999	22615.763000000003	

##########	##########	##########	##########	##########	##########	##########	##########	##########	##########	##########	##########	##########	##########	##########	##########	##########	##########	##########	##########	##########	##########	##########	##########	##########	##########	##########	##########	##########	##########	##########	##########	##########	##########	##########	##########	##########	##########	##########	##########	##########	##########	##########	##########	##########	##########	##########	##########	##########	##########	##########	##########	##########	##########	##########	##########	##########	##########	##########	##########	##########	##########	##########	##########	##########	##########	##########	##########	##########	##########	##########	##########	##########	##########	##########	##########	##########	##########	##########	##########	##########	##########	##########	##########	##########	##########	##########	##########	##########	##########	##########	##########	##########	##########	##########	##########	##########	##########	##########	##########	nombre de noeuds : 100
nombre de strates : 5
nombre de centres : 5
titre : fenetre
instances : G2_2
temps de calcul : 0.06757593154907227
valeur objective : 1394.0
nombre de solutions : 3
nombre de noeuds : 1.0
faisability : True
centre : [90, 88, 98, 7, 86]
moy_distances :	105.41
min_distances :	40.0
max_distances :	186.0
var_distances :	743.5913498214468
covar_distances :	743.6664676464619
ecartType_distances :	27.268871443854195
coef_variation	: 0.25868274236170163
distances_centre_x :
122.0	94.0	-1.0	56.0	82.0	96.0	-1.0	0.0	56.0	-1.0	99.0	92.0	54.0	55.0	84.0	104.0	84.0	82.0	59.0	99.0	-1.0	-1.0	56.0	-1.0	97.0	-1.0	107.0	41.0	-1.0	41.0	114.0	97.0	54.0	59.0	-1.0	-1.0	-1.0	42.0	-1.0	-1.0	-1.0	83.0	98.0	-1.0	97.0	-1.0	98.0	-1.0	-1.0	-1.0	59.0	54.0	-1.0	-1.0	-1.0	-1.0	-1.0	46.0	104.0	-1.0	-1.0	-1.0	88.0	102.0	-1.0	-1.0	-1.0	55.0	55.0	55.0	-1.0	-1.0	-1.0	104.0	89.0	92.0	-1.0	-1.0	94.0	55.0	52.0	52.0	-1.0	-1.0	95.0	108.0	0.0	99.0	0.0	41.0	-1.0	-1.0	-1.0	57.0	58.0	109.0	58.0	59.0	-1.0	105.0	
122.0	82.0	-1.0	-1.0	94.0	96.0	-1.0	0.0	56.0	40.0	-1.0	96.0	54.0	55.0	-1.0	104.0	-1.0	96.0	-1.0	-1.0	-1.0	96.0	-1.0	81.0	-1.0	94.0	82.0	41.0	-1.0	41.0	-1.0	97.0	-1.0	59.0	57.0	-1.0	-1.0	42.0	-1.0	-1.0	96.0	83.0	-1.0	89.0	97.0	-1.0	-1.0	55.0	99.0	-1.0	59.0	54.0	-1.0	100.0	88.0	-1.0	133.0	46.0	-1.0	97.0	-1.0	87.0	88.0	47.0	94.0	100.0	56.0	55.0	-1.0	-1.0	-1.0	95.0	-1.0	-1.0	89.0	-1.0	-1.0	107.0	-1.0	55.0	-1.0	-1.0	-1.0	94.0	-1.0	108.0	0.0	-1.0	0.0	59.0	-1.0	-1.0	-1.0	57.0	58.0	109.0	-1.0	-1.0	-1.0	-1.0	
-1.0	96.0	-1.0	96.0	-1.0	-1.0	-1.0	-1.0	56.0	-1.0	-1.0	-1.0	-1.0	55.0	-1.0	104.0	-1.0	-1.0	59.0	99.0	104.0	96.0	-1.0	97.0	-1.0	-1.0	-1.0	-1.0	-1.0	55.0	-1.0	101.0	-1.0	-1.0	108.0	-1.0	-1.0	-1.0	-1.0	-1.0	-1.0	-1.0	-1.0	-1.0	97.0	-1.0	87.0	56.0	-1.0	-1.0	59.0	95.0	-1.0	100.0	-1.0	-1.0	-1.0	-1.0	-1.0	-1.0	45.0	92.0	-1.0	-1.0	-1.0	101.0	56.0	55.0	-1.0	-1.0	104.0	-1.0	56.0	-1.0	-1.0	-1.0	55.0	107.0	-1.0	-1.0	-1.0	-1.0	-1.0	-1.0	109.0	-1.0	41.0	99.0	-1.0	41.0	0.0	-1.0	99.0	112.0	-1.0	-1.0	-1.0	100.0	-1.0	-1.0	
136.0	94.0	96.0	-1.0	94.0	96.0	-1.0	96.0	56.0	-1.0	54.0	104.0	-1.0	55.0	96.0	104.0	-1.0	96.0	-1.0	-1.0	-1.0	-1.0	56.0	-1.0	115.0	-1.0	-1.0	114.0	-1.0	55.0	96.0	-1.0	54.0	-1.0	98.0	96.0	-1.0	96.0	-1.0	-1.0	-1.0	98.0	-1.0	89.0	97.0	146.0	87.0	-1.0	99.0	98.0	59.0	54.0	100.0	-1.0	-1.0	-1.0	142.0	-1.0	100.0	-1.0	-1.0	-1.0	-1.0	55.0	104.0	-1.0	56.0	55.0	-1.0	55.0	105.0	95.0	56.0	-1.0	97.0	106.0	-1.0	-1.0	111.0	-1.0	-1.0	-1.0	98.0	98.0	109.0	110.0	0.0	100.0	59.0	-1.0	-1.0	59.0	99.0	57.0	-1.0	-1.0	59.0	-1.0	0.0	-1.0	
122.0	82.0	-1.0	56.0	-1.0	-1.0	-1.0	0.0	56.0	-1.0	54.0	116.0	-1.0	55.0	96.0	-1.0	-1.0	82.0	59.0	99.0	-1.0	-1.0	56.0	81.0	-1.0	94.0	-1.0	41.0	54.0	41.0	-1.0	-1.0	54.0	-1.0	57.0	-1.0	98.0	42.0	83.0	59.0	96.0	83.0	99.0	89.0	-1.0	133.0	87.0	55.0	86.0	84.0	59.0	54.0	86.0	-1.0	88.0	-1.0	133.0	46.0	100.0	-1.0	-1.0	87.0	101.0	-1.0	94.0	100.0	56.0	55.0	55.0	49.0	-1.0	-1.0	56.0	-1.0	89.0	-1.0	55.0	107.0	94.0	55.0	-1.0	52.0	98.0	-1.0	110.0	108.0	0.0	99.0	0.0	59.0	-1.0	-1.0	99.0	-1.0	-1.0	109.0	-1.0	59.0	-1.0	-1.0	

distances_centre_w :
136.0	99.0	-1.0	96.0	102.0	136.0	-1.0	96.0	116.0	-1.0	100.0	96.0	85.0	56.0	96.0	104.0	96.0	96.0	100.0	114.0	-1.0	-1.0	104.0	-1.0	125.0	-1.0	115.0	114.0	-1.0	55.0	123.0	101.0	95.0	96.0	-1.0	-1.0	-1.0	92.0	-1.0	-1.0	-1.0	98.0	99.0	-1.0	125.0	-1.0	128.0	-1.0	-1.0	-1.0	92.0	100.0	-1.0	-1.0	-1.0	-1.0	-1.0	103.0	105.0	-1.0	-1.0	-1.0	101.0	107.0	-1.0	-1.0	-1.0	56.0	103.0	55.0	-1.0	-1.0	-1.0	109.0	97.0	106.0	-1.0	-1.0	111.0	96.0	107.0	55.0	-1.0	-1.0	109.0	110.0	41.0	100.0	59.0	100.0	-1.0	-1.0	-1.0	112.0	109.0	132.0	114.0	100.0	-1.0	118.0	
136.0	115.0	-1.0	-1.0	138.0	123.0	-1.0	117.0	117.0	95.0	-1.0	116.0	85.0	96.0	-1.0	142.0	-1.0	102.0	-1.0	-1.0	-1.0	122.0	-1.0	97.0	-1.0	115.0	100.0	114.0	-1.0	106.0	-1.0	137.0	-1.0	108.0	98.0	-1.0	-1.0	92.0	-1.0	-1.0	114.0	98.0	-1.0	115.0	115.0	-1.0	-1.0	105.0	140.0	-1.0	92.0	101.0	-1.0	101.0	141.0	-1.0	142.0	118.0	-1.0	142.0	-1.0	92.0	102.0	55.0	102.0	102.0	109.0	108.0	-1.0	-1.0	-1.0	142.0	-1.0	-1.0	115.0	-1.0	-1.0	116.0	-1.0	96.0	-1.0	-1.0	-1.0	98.0	-1.0	110.0	41.0	-1.0	96.0	101.0	-1.0	-1.0	-1.0	98.0	109.0	132.0	-1.0	-1.0	-1.0	-1.0	
136.0	99.0	104.0	136.0	138.0	-1.0	103.0	96.0	117.0	-1.0	-1.0	116.0	-1.0	114.0	-1.0	139.0	-1.0	-1.0	-1.0	142.0	105.0	-1.0	-1.0	137.0	-1.0	-1.0	-1.0	137.0	137.0	114.0	-1.0	-1.0	98.0	-1.0	138.0	-1.0	-1.0	138.0	-1.0	-1.0	-1.0	145.0	99.0	-1.0	115.0	-1.0	-1.0	-1.0	-1.0	140.0	92.0	101.0	-1.0	101.0	141.0	141.0	145.0	139.0	-1.0	-1.0	-1.0	106.0	102.0	55.0	-1.0	106.0	109.0	108.0	-1.0	-1.0	105.0	-1.0	105.0	-1.0	97.0	-1.0	110.0	117.0	111.0	-1.0	-1.0	112.0	98.0	100.0	113.0	151.0	100.0	-1.0	-1.0	59.0	-1.0	-1.0	112.0	113.0	-1.0	150.0	59.0	113.0	-1.0	-1.0	
146.0	96.0	104.0	-1.0	137.0	98.0	-1.0	134.0	117.0	-1.0	95.0	116.0	-1.0	96.0	110.0	142.0	-1.0	102.0	-1.0	-1.0	-1.0	-1.0	96.0	-1.0	138.0	-1.0	-1.0	137.0	-1.0	137.0	97.0	-1.0	98.0	-1.0	139.0	98.0	-1.0	137.0	-1.0	-1.0	-1.0	145.0	-1.0	99.0	97.0	152.0	98.0	-1.0	100.0	141.0	100.0	95.0	116.0	-1.0	-1.0	-1.0	145.0	-1.0	104.0	-1.0	-1.0	-1.0	-1.0	102.0	105.0	-1.0	143.0	56.0	-1.0	148.0	144.0	108.0	104.0	-1.0	115.0	151.0	-1.0	-1.0	144.0	-1.0	-1.0	-1.0	142.0	143.0	110.0	151.0	100.0	140.0	100.0	-1.0	-1.0	97.0	102.0	98.0	-1.0	-1.0	114.0	-1.0	41.0	-1.0	
142.0	94.0	-1.0	96.0	-1.0	-1.0	-1.0	96.0	135.0	-1.0	116.0	132.0	-1.0	114.0	110.0	-1.0	-1.0	96.0	100.0	114.0	-1.0	-1.0	104.0	97.0	-1.0	115.0	-1.0	114.0	81.0	55.0	-1.0	-1.0	84.0	-1.0	138.0	-1.0	138.0	137.0	101.0	100.0	114.0	98.0	99.0	139.0	-1.0	146.0	105.0	105.0	140.0	98.0	92.0	101.0	100.0	-1.0	141.0	-1.0	145.0	103.0	104.0	-1.0	-1.0	92.0	102.0	-1.0	102.0	102.0	109.0	114.0	108.0	55.0	-1.0	-1.0	100.0	-1.0	97.0	-1.0	118.0	117.0	111.0	96.0	-1.0	55.0	108.0	-1.0	113.0	110.0	104.0	100.0	59.0	100.0	-1.0	-1.0	136.0	-1.0	-1.0	132.0	-1.0	104.0	-1.0	-1.0	

maxX :
122.0	133.0	112.0	146.0	133.0	

maxW :
136.0	142.0	151.0	152.0	146.0	

minX :
0.0	0.0	0.0	0.0	0.0	

minW :
41.0	41.0	55.0	41.0	55.0	

moyX :
73.67796610169492	74.79629629629629	80.33333333333333	85.42105263157895	74.78461538461538	

moyW :
100.01694915254237	109.61111111111111	114.8	116.14035087719299	107.43076923076923	

medX :
82.0	85.0	96.0	96.0	82.0	

medW :
101.0	108.5	112.0	110.0	104.0	

ecartTypeX :
28.45718799188758	29.222885266852344	26.865922239479847	28.787757734550894	28.740479257120853	

ecartTypeW :
20.179274083988666	19.68117794828599	21.81692420617952	23.928576908360878	20.56207803833158	

varX :
809.8115484056307	853.9770233196158	721.7777777777778	828.7349953831948	826.0151479289941	

varW :
407.2031025567366	387.34876543209873	475.97818181818195	572.5767928593414	422.79905325443787	

covarX :
823.7738164815896	870.0897973445142	742.4	843.5338345864662	838.9216346153846	

covarW :
414.22384570426647	394.6572327044025	484.7925925925926	582.8013784461152	429.4052884615385	

coef_variationX :
0.38623742616088497	0.3906996297128068	0.33443056729642967	0.3370101028690493	0.384310049724924	

coef_variationW :
0.20175854447641609	0.17955458847904093	0.19004289378205158	0.20603155344056948	0.19139840648597348	

moy_distances_centre :	106.5
min_distances_centre :	41.0
max_distances_centre :	152.0
med_distances_centre :	107.5
ecartType_distances_centre :	34.121107836645635
var_distances_centre :	1164.25
covar_distances_centre :	1225.5263157894735
coef_variation_distances_centre :	0.32038598907648486
capacite_X_temoin : 
672.0	652.0	733.0	668.0	615.0	
708.0	684.0	765.0	716.0	639.0	
737.0	0.0	639.0	672.0	729.0	
0.0	648.0	676.0	712.0	611.0	
769.0	769.0	631.0	684.0	708.0	

capacite_W_temoin : 
215.6	387.6	730.9	739.4	703.5	
238.4	662.2	745.5	731.8	759.7	
223.1	0.0	437.7	531.6	707.7	
0.0	375.4	340.79999999999995	585.6	641.3	
250.7	646.7	585.3	616.2	773.4	

demande_cumulee_X : 
658.0	460.0	222.0	129.0	96.0	
682.0	227.0	249.0	199.0	71.0	
735.0	0.0	393.0	342.0	240.0	
0.0	467.0	538.0	340.0	153.0	
749.0	353.0	235.0	273.0	147.0	

demande_cumulee_W : 
206.0	280.0	417.0	308.0	354.0	
207.0	301.0	128.0	404.0	388.0	
204.0	0.0	423.0	522.0	561.0	
0.0	369.0	290.0	501.0	338.0	
221.0	499.0	361.0	406.0	270.0	

capacite_residuelle_X : 
14.0	192.0	511.0	539.0	519.0	
26.0	457.0	516.0	517.0	568.0	
2.0	0.0	246.0	330.0	489.0	
0.0	181.0	138.0	372.0	458.0	
20.0	416.0	396.0	411.0	561.0	

capacite_residuelle_W : 
9.599999999999994	107.60000000000002	313.9	431.4	349.5	
31.400000000000006	361.20000000000005	617.5	327.79999999999995	371.70000000000005	
19.099999999999994	0.0	14.699999999999989	9.600000000000023	146.70000000000005	
0.0	6.399999999999977	50.799999999999955	84.60000000000002	303.29999999999995	
29.69999999999999	147.70000000000005	224.29999999999995	210.20000000000005	503.4	

min_capacite_X : 
615.0	639.0	0.0	0.0	631.0	

min_capacite_W : 
215.6	238.4	0.0	0.0	250.7	

max_capacite_X : 
733.0	765.0	737.0	712.0	769.0	

max_capacite_W : 
739.4	759.7	707.7	641.3	773.4	

moy_capacite_X : 
668.0	702.4	555.4	529.4	712.2	

moy_capacite_W : 
555.4	627.5199999999999	380.02000000000004	388.62	574.46	

med_capacite_X : 
668.0	708.0	672.0	648.0	708.0	

med_capacite_W : 
703.5	731.8	437.7	375.4	616.2	

ecartType_capacite_X : 
38.225645841502796	41.21456053386958	280.06042205209934	266.7670144526868	52.64750706348782	

ecartType_capacite_W : 
214.5743414297245	197.42453140377464	246.0555823386253	226.33396916945543	174.05517056381865	

var_capacite_X : 
1461.2	1698.64	78433.84	71164.64	2771.76	

var_capacite_W : 
46042.147999999994	38976.4456	60543.349600000016	51227.065599999994	30295.2024	

covar_capacite_X : 
1826.5	2123.3	98042.3	88955.8	3464.7000000000003	

covar_capacite_W : 
57552.68499999999	48720.557	75679.18700000002	64033.831999999995	37869.003	

##########	##########	##########	##########	##########	##########	##########	##########	##########	##########	##########	##########	##########	##########	##########	##########	##########	##########	##########	##########	##########	##########	##########	##########	##########	##########	##########	##########	##########	##########	##########	##########	##########	##########	##########	##########	##########	##########	##########	##########	##########	##########	##########	##########	##########	##########	##########	##########	##########	##########	##########	##########	##########	##########	##########	##########	##########	##########	##########	##########	##########	##########	##########	##########	##########	##########	##########	##########	##########	##########	##########	##########	##########	##########	##########	##########	##########	##########	##########	##########	##########	##########	##########	##########	##########	##########	##########	##########	##########	##########	##########	##########	##########	##########	##########	##########	##########	##########	##########	##########	nombre de noeuds : 100
nombre de strates : 5
nombre de centres : 5
titre : fenetre
instances : G2_2
temps de calcul : 0.06638002395629883
valeur objective : 1303.0
nombre de solutions : 3
nombre de noeuds : 1.0
faisability : True
centre : [88, 98, 7, 86, 8]
moy_distances :	105.41
min_distances :	40.0
max_distances :	186.0
var_distances :	743.5913498214468
covar_distances :	743.6664676464619
ecartType_distances :	27.268871443854195
coef_variation	: 0.25868274236170163
distances_centre_x :
80.0	80.0	-1.0	56.0	82.0	98.0	-1.0	0.0	0.0	-1.0	54.0	92.0	54.0	55.0	80.0	83.0	40.0	40.0	59.0	43.0	-1.0	-1.0	86.0	-1.0	81.0	-1.0	82.0	41.0	-1.0	41.0	45.0	93.0	54.0	59.0	-1.0	-1.0	-1.0	42.0	-1.0	-1.0	-1.0	83.0	98.0	-1.0	93.0	-1.0	87.0	-1.0	-1.0	-1.0	59.0	54.0	-1.0	-1.0	-1.0	-1.0	-1.0	46.0	100.0	-1.0	-1.0	-1.0	87.0	47.0	-1.0	-1.0	-1.0	55.0	55.0	49.0	-1.0	-1.0	-1.0	91.0	89.0	92.0	-1.0	-1.0	94.0	55.0	52.0	52.0	-1.0	-1.0	95.0	108.0	0.0	99.0	0.0	41.0	-1.0	-1.0	-1.0	57.0	98.0	109.0	58.0	59.0	-1.0	105.0	
80.0	80.0	-1.0	-1.0	82.0	98.0	-1.0	0.0	0.0	40.0	-1.0	92.0	54.0	55.0	-1.0	83.0	-1.0	40.0	-1.0	-1.0	-1.0	40.0	-1.0	41.0	-1.0	94.0	82.0	41.0	-1.0	41.0	-1.0	93.0	-1.0	59.0	57.0	-1.0	-1.0	42.0	-1.0	-1.0	96.0	83.0	-1.0	99.0	97.0	-1.0	-1.0	55.0	44.0	-1.0	59.0	54.0	-1.0	100.0	85.0	-1.0	89.0	46.0	-1.0	87.0	-1.0	87.0	87.0	47.0	92.0	88.0	88.0	55.0	-1.0	-1.0	-1.0	105.0	-1.0	-1.0	89.0	-1.0	-1.0	51.0	-1.0	55.0	-1.0	-1.0	-1.0	94.0	-1.0	108.0	0.0	-1.0	0.0	41.0	-1.0	-1.0	-1.0	57.0	98.0	109.0	-1.0	-1.0	-1.0	-1.0	
-1.0	-1.0	-1.0	97.0	-1.0	-1.0	-1.0	-1.0	117.0	-1.0	-1.0	104.0	-1.0	55.0	-1.0	-1.0	-1.0	-1.0	59.0	-1.0	104.0	-1.0	-1.0	-1.0	-1.0	-1.0	-1.0	-1.0	-1.0	-1.0	-1.0	-1.0	-1.0	-1.0	-1.0	-1.0	-1.0	-1.0	-1.0	-1.0	-1.0	-1.0	-1.0	-1.0	97.0	-1.0	87.0	55.0	-1.0	107.0	59.0	95.0	-1.0	100.0	-1.0	-1.0	-1.0	-1.0	-1.0	-1.0	-1.0	-1.0	-1.0	-1.0	-1.0	-1.0	-1.0	55.0	-1.0	-1.0	-1.0	-1.0	-1.0	-1.0	115.0	-1.0	-1.0	-1.0	-1.0	-1.0	-1.0	-1.0	-1.0	-1.0	-1.0	-1.0	41.0	99.0	-1.0	41.0	-1.0	-1.0	-1.0	-1.0	-1.0	-1.0	-1.0	-1.0	-1.0	-1.0	
80.0	96.0	96.0	-1.0	94.0	98.0	-1.0	96.0	0.0	-1.0	54.0	98.0	-1.0	55.0	96.0	83.0	-1.0	40.0	-1.0	-1.0	-1.0	-1.0	86.0	-1.0	97.0	-1.0	-1.0	114.0	-1.0	55.0	96.0	-1.0	54.0	-1.0	82.0	96.0	-1.0	82.0	-1.0	-1.0	-1.0	123.0	-1.0	99.0	93.0	124.0	87.0	-1.0	44.0	98.0	59.0	54.0	90.0	-1.0	-1.0	-1.0	89.0	-1.0	100.0	-1.0	-1.0	-1.0	-1.0	55.0	92.0	-1.0	88.0	55.0	-1.0	55.0	49.0	108.0	104.0	-1.0	97.0	106.0	-1.0	-1.0	96.0	-1.0	-1.0	-1.0	108.0	100.0	109.0	110.0	41.0	99.0	0.0	-1.0	-1.0	97.0	96.0	57.0	-1.0	-1.0	58.0	-1.0	41.0	-1.0	
-1.0	96.0	-1.0	56.0	-1.0	-1.0	-1.0	-1.0	117.0	-1.0	54.0	96.0	-1.0	55.0	96.0	-1.0	-1.0	96.0	100.0	114.0	-1.0	-1.0	96.0	-1.0	-1.0	-1.0	-1.0	-1.0	54.0	55.0	-1.0	-1.0	54.0	-1.0	-1.0	-1.0	98.0	-1.0	-1.0	59.0	96.0	-1.0	-1.0	99.0	-1.0	-1.0	98.0	55.0	99.0	-1.0	100.0	54.0	100.0	-1.0	-1.0	-1.0	-1.0	-1.0	100.0	-1.0	-1.0	-1.0	-1.0	-1.0	102.0	-1.0	109.0	55.0	55.0	55.0	-1.0	-1.0	105.0	-1.0	-1.0	-1.0	55.0	-1.0	-1.0	55.0	-1.0	-1.0	-1.0	-1.0	-1.0	-1.0	0.0	99.0	0.0	59.0	-1.0	-1.0	-1.0	-1.0	-1.0	109.0	-1.0	59.0	-1.0	-1.0	

distances_centre_w :
122.0	99.0	-1.0	97.0	102.0	122.0	-1.0	96.0	116.0	-1.0	99.0	104.0	85.0	112.0	84.0	104.0	95.0	96.0	100.0	114.0	-1.0	-1.0	96.0	-1.0	125.0	-1.0	100.0	114.0	-1.0	81.0	114.0	101.0	82.0	124.0	-1.0	-1.0	-1.0	82.0	-1.0	-1.0	-1.0	123.0	104.0	-1.0	125.0	-1.0	105.0	-1.0	-1.0	-1.0	116.0	95.0	-1.0	-1.0	-1.0	-1.0	-1.0	103.0	105.0	-1.0	-1.0	-1.0	88.0	107.0	-1.0	-1.0	-1.0	114.0	109.0	96.0	-1.0	-1.0	-1.0	109.0	105.0	106.0	-1.0	-1.0	96.0	132.0	107.0	55.0	-1.0	-1.0	109.0	133.0	41.0	135.0	59.0	100.0	-1.0	-1.0	-1.0	112.0	109.0	132.0	58.0	113.0	-1.0	116.0	
122.0	82.0	-1.0	-1.0	102.0	122.0	-1.0	96.0	117.0	95.0	-1.0	98.0	85.0	114.0	-1.0	104.0	-1.0	82.0	-1.0	-1.0	-1.0	122.0	-1.0	81.0	-1.0	102.0	126.0	114.0	-1.0	55.0	-1.0	97.0	-1.0	96.0	82.0	-1.0	-1.0	82.0	-1.0	-1.0	114.0	123.0	-1.0	115.0	125.0	-1.0	-1.0	105.0	99.0	-1.0	98.0	95.0	-1.0	102.0	88.0	-1.0	133.0	103.0	-1.0	97.0	-1.0	106.0	101.0	96.0	104.0	102.0	109.0	108.0	-1.0	-1.0	-1.0	108.0	-1.0	-1.0	115.0	-1.0	-1.0	116.0	-1.0	96.0	-1.0	-1.0	-1.0	129.0	-1.0	110.0	41.0	-1.0	59.0	59.0	-1.0	-1.0	-1.0	112.0	111.0	132.0	-1.0	-1.0	-1.0	-1.0	
-1.0	96.0	96.0	-1.0	102.0	-1.0	103.0	96.0	136.0	-1.0	-1.0	116.0	-1.0	-1.0	-1.0	104.0	-1.0	-1.0	-1.0	114.0	-1.0	99.0	-1.0	-1.0	-1.0	-1.0	-1.0	-1.0	95.0	114.0	-1.0	101.0	95.0	-1.0	108.0	-1.0	-1.0	-1.0	-1.0	-1.0	-1.0	-1.0	104.0	-1.0	-1.0	-1.0	105.0	104.0	-1.0	-1.0	-1.0	100.0	-1.0	-1.0	104.0	-1.0	-1.0	103.0	-1.0	-1.0	106.0	-1.0	102.0	55.0	-1.0	-1.0	109.0	108.0	-1.0	-1.0	104.0	-1.0	105.0	-1.0	-1.0	-1.0	110.0	117.0	111.0	-1.0	-1.0	55.0	108.0	100.0	113.0	-1.0	-1.0	-1.0	-1.0	59.0	111.0	-1.0	99.0	98.0	-1.0	-1.0	105.0	100.0	-1.0	-1.0	
136.0	99.0	122.0	-1.0	102.0	122.0	-1.0	117.0	117.0	-1.0	95.0	104.0	-1.0	96.0	117.0	104.0	-1.0	96.0	-1.0	-1.0	-1.0	-1.0	96.0	-1.0	137.0	-1.0	-1.0	127.0	-1.0	106.0	114.0	-1.0	82.0	-1.0	139.0	138.0	-1.0	96.0	-1.0	-1.0	-1.0	145.0	-1.0	115.0	115.0	146.0	98.0	-1.0	146.0	126.0	100.0	95.0	100.0	-1.0	-1.0	-1.0	142.0	-1.0	104.0	-1.0	-1.0	-1.0	-1.0	96.0	107.0	-1.0	109.0	108.0	-1.0	55.0	104.0	129.0	105.0	-1.0	130.0	136.0	-1.0	-1.0	111.0	-1.0	-1.0	-1.0	128.0	143.0	113.0	133.0	100.0	140.0	59.0	-1.0	-1.0	115.0	99.0	98.0	-1.0	-1.0	59.0	-1.0	59.0	-1.0	
142.0	99.0	-1.0	97.0	-1.0	-1.0	-1.0	96.0	136.0	-1.0	95.0	116.0	-1.0	96.0	96.0	-1.0	-1.0	117.0	-1.0	142.0	-1.0	-1.0	104.0	99.0	-1.0	99.0	-1.0	114.0	-1.0	106.0	-1.0	-1.0	-1.0	-1.0	98.0	-1.0	-1.0	137.0	138.0	96.0	114.0	138.0	140.0	-1.0	-1.0	146.0	105.0	-1.0	140.0	141.0	100.0	95.0	116.0	-1.0	99.0	-1.0	142.0	103.0	105.0	-1.0	-1.0	106.0	101.0	-1.0	104.0	101.0	143.0	108.0	103.0	96.0	-1.0	-1.0	109.0	-1.0	97.0	-1.0	110.0	117.0	111.0	107.0	-1.0	55.0	108.0	-1.0	113.0	110.0	100.0	-1.0	59.0	100.0	-1.0	-1.0	99.0	-1.0	-1.0	-1.0	-1.0	-1.0	-1.0	-1.0	

maxX :
109.0	109.0	117.0	124.0	117.0	

maxW :
135.0	133.0	136.0	146.0	146.0	

minX :
0.0	0.0	41.0	0.0	0.0	

minW :
41.0	41.0	55.0	55.0	55.0	

moyX :
65.88135593220339	67.38888888888889	82.61111111111111	81.21052631578948	77.28205128205128	

moyW :
103.10169491525424	101.61111111111111	101.70731707317073	111.05263157894737	110.07142857142857	

medX :
59.0	80.0	96.0	93.0	96.0	

medW :
105.0	102.5	104.0	109.0	105.5	

ecartTypeX :
27.421434611040127	28.885095904845095	25.56503447395135	27.141433879887867	28.777616584857448	

ecartTypeW :
18.61628129704351	18.957473525476328	14.775133860875226	21.886005343984028	19.028978974614652	

varX :
751.9350761275495	834.3487654320988	653.570987654321	736.6574330563249	828.1512163050623	

varW :
346.56592933065207	359.3858024691358	218.30458060678166	478.9972299168975	362.10204081632656	

covarX :
764.8994739918177	850.0911949685535	692.0163398692811	749.812030075188	849.9446693657219	

covarW :
352.5412039742841	366.16666666666663	223.7621951219512	487.5507518796992	368.68571428571425	

coef_variationX :
0.41622450271452727	0.42863291532334025	0.309462421339021	0.3342107865961565	0.37237128294938304	

coef_variationW :
0.18056232065190975	0.18656890292978343	0.14527110031076362	0.1970777732396666	0.17287845921129472	

moy_distances_centre :	102.1
min_distances_centre :	41.0
max_distances_centre :	136.0
med_distances_centre :	110.0
ecartType_distances_centre :	29.16316169416478
var_distances_centre :	850.49
covar_distances_centre :	895.2526315789473
coef_variation_distances_centre :	0.28563331727879315
capacite_X_temoin : 
672.0	688.0	652.0	733.0	615.0	
708.0	712.0	684.0	765.0	639.0	
737.0	680.0	0.0	639.0	729.0	
0.0	668.0	648.0	676.0	611.0	
769.0	0.0	769.0	631.0	708.0	

capacite_W_temoin : 
295.6	466.4	549.6	764.9	726.5	
440.4	448.6	708.2	752.5	782.7	
261.1	361.0	0.0	571.7	716.7	
0.0	348.4	446.4	344.79999999999995	746.3	
260.7	0.0	486.7	390.29999999999995	845.4	

demande_cumulee_X : 
578.0	428.0	298.0	188.0	73.0	
480.0	477.0	181.0	242.0	48.0	
697.0	523.0	0.0	259.0	231.0	
0.0	520.0	396.0	534.0	48.0	
739.0	0.0	513.0	430.0	75.0	

demande_cumulee_W : 
264.0	326.0	221.0	368.0	386.0	
424.0	216.0	251.0	230.0	307.0	
257.0	346.0	0.0	556.0	551.0	
0.0	340.0	293.0	322.0	543.0	
237.0	0.0	473.0	386.0	661.0	

capacite_residuelle_X : 
94.0	260.0	354.0	545.0	542.0	
228.0	235.0	503.0	523.0	591.0	
40.0	157.0	0.0	380.0	498.0	
0.0	148.0	252.0	142.0	563.0	
30.0	0.0	256.0	201.0	633.0	

capacite_residuelle_W : 
31.600000000000023	140.39999999999998	328.6	396.9	340.5	
16.399999999999977	232.60000000000002	457.20000000000005	522.5	475.70000000000005	
4.100000000000023	15.0	0.0	15.700000000000045	165.70000000000005	
0.0	8.399999999999977	153.39999999999998	22.799999999999955	203.29999999999995	
23.69999999999999	0.0	13.699999999999989	4.2999999999999545	184.39999999999998	

min_capacite_X : 
615.0	639.0	0.0	0.0	0.0	

min_capacite_W : 
295.6	440.4	0.0	0.0	0.0	

max_capacite_X : 
733.0	765.0	737.0	676.0	769.0	

max_capacite_W : 
764.9	782.7	716.7	746.3	845.4	

moy_capacite_X : 
672.0	701.6	557.0	520.6	575.4	

moy_capacite_W : 
560.6	626.4799999999999	382.1	377.17999999999995	396.62	

med_capacite_X : 
672.0	708.0	680.0	648.0	708.0	

med_capacite_W : 
549.6	708.2	361.0	348.4	390.29999999999995	

ecartType_capacite_X : 
39.05380903317882	40.980971193957814	280.74401151226715	261.26737262811827	292.1373649501207	

ecartType_capacite_W : 
172.3258193074967	150.4865096943909	248.5928156644918	238.82315130656826	277.6110617392614	

var_capacite_X : 
1525.2	1679.44	78817.2	68260.64	85344.24	

var_capacite_W : 
29696.188000000002	22646.189600000005	61798.388	57036.4976	77067.90160000001	

covar_capacite_X : 
1906.5	2099.3	98521.5	85325.8	106680.3	

covar_capacite_W : 
37120.235	28307.73700000001	77247.985	71295.622	96334.87700000001	

##########	##########	##########	##########	##########	##########	##########	##########	##########	##########	##########	##########	##########	##########	##########	##########	##########	##########	##########	##########	##########	##########	##########	##########	##########	##########	##########	##########	##########	##########	##########	##########	##########	##########	##########	##########	##########	##########	##########	##########	##########	##########	##########	##########	##########	##########	##########	##########	##########	##########	##########	##########	##########	##########	##########	##########	##########	##########	##########	##########	##########	##########	##########	##########	##########	##########	##########	##########	##########	##########	##########	##########	##########	##########	##########	##########	##########	##########	##########	##########	##########	##########	##########	##########	##########	##########	##########	##########	##########	##########	##########	##########	##########	##########	##########	##########	##########	##########	##########	##########	