nombre de noeuds : 50
nombre de strates : 15
nombre de centres : 5
titre : fenetre
instances : p10_4
temps de calcul : 0.11054015159606934
valeur objective : 1718.0
nombre de solutions : 3
nombre de noeuds : 1.0
faisability : True
centre : [18, 33, 34, 24, 36]
moy_distances :	52.92
min_distances :	1.0
max_distances :	123.0
var_distances :	630.1974177426073
covar_distances :	630.4547462104483
ecartType_distances :	25.103733143550727
coef_variation	: 0.47438601004010245
distances_centre_x :
50.0	-1.0	-1.0	12.0	29.0	-1.0	-1.0	18.0	32.0	24.0	28.0	-1.0	40.0	27.0	-1.0	44.0	26.0	6.0	-1.0	-1.0	28.0	-1.0	-1.0	-1.0	0.0	41.0	-1.0	15.0	-1.0	17.0	28.0	-1.0	-1.0	-1.0	-1.0	31.0	0.0	29.0	-1.0	-1.0	15.0	12.0	33.0	42.0	-1.0	44.0	22.0	36.0	-1.0	9.0	
51.0	-1.0	48.0	12.0	29.0	-1.0	12.0	18.0	32.0	24.0	-1.0	-1.0	-1.0	27.0	-1.0	44.0	47.0	-1.0	-1.0	-1.0	28.0	30.0	51.0	-1.0	0.0	41.0	51.0	15.0	-1.0	17.0	28.0	15.0	-1.0	-1.0	-1.0	31.0	0.0	28.0	28.0	-1.0	15.0	-1.0	33.0	42.0	23.0	44.0	32.0	36.0	-1.0	-1.0	
50.0	22.0	48.0	-1.0	-1.0	-1.0	-1.0	18.0	32.0	-1.0	-1.0	-1.0	-1.0	27.0	-1.0	44.0	26.0	6.0	-1.0	-1.0	-1.0	30.0	51.0	26.0	-1.0	41.0	-1.0	15.0	28.0	17.0	28.0	15.0	-1.0	-1.0	0.0	31.0	0.0	28.0	-1.0	-1.0	-1.0	-1.0	-1.0	42.0	-1.0	-1.0	-1.0	36.0	43.0	9.0	
-1.0	-1.0	-1.0	12.0	-1.0	-1.0	12.0	18.0	32.0	24.0	-1.0	-1.0	-1.0	27.0	-1.0	44.0	-1.0	6.0	-1.0	-1.0	-1.0	-1.0	51.0	-1.0	0.0	46.0	-1.0	15.0	28.0	17.0	28.0	15.0	-1.0	0.0	0.0	31.0	0.0	-1.0	28.0	38.0	15.0	-1.0	41.0	42.0	23.0	-1.0	-1.0	36.0	-1.0	-1.0	
50.0	-1.0	-1.0	12.0	-1.0	-1.0	12.0	18.0	32.0	-1.0	-1.0	7.0	-1.0	27.0	-1.0	44.0	26.0	6.0	-1.0	14.0	28.0	30.0	51.0	23.0	-1.0	41.0	-1.0	21.0	28.0	17.0	28.0	-1.0	-1.0	-1.0	-1.0	31.0	0.0	29.0	-1.0	-1.0	15.0	12.0	33.0	42.0	-1.0	-1.0	22.0	36.0	-1.0	-1.0	
60.0	-1.0	-1.0	12.0	-1.0	-1.0	-1.0	19.0	32.0	24.0	-1.0	-1.0	-1.0	-1.0	-1.0	44.0	26.0	-1.0	-1.0	-1.0	-1.0	30.0	51.0	23.0	-1.0	41.0	51.0	-1.0	28.0	17.0	-1.0	15.0	64.0	-1.0	0.0	31.0	0.0	-1.0	-1.0	38.0	15.0	12.0	-1.0	-1.0	23.0	44.0	-1.0	36.0	43.0	-1.0	
50.0	-1.0	-1.0	12.0	-1.0	-1.0	-1.0	18.0	32.0	24.0	-1.0	-1.0	-1.0	27.0	-1.0	44.0	26.0	-1.0	-1.0	-1.0	-1.0	30.0	-1.0	23.0	-1.0	41.0	51.0	15.0	-1.0	17.0	28.0	-1.0	-1.0	-1.0	0.0	31.0	-1.0	28.0	28.0	-1.0	-1.0	12.0	-1.0	42.0	23.0	-1.0	-1.0	36.0	-1.0	-1.0	
50.0	-1.0	-1.0	-1.0	-1.0	-1.0	-1.0	18.0	32.0	-1.0	-1.0	7.0	-1.0	27.0	-1.0	44.0	26.0	-1.0	0.0	-1.0	-1.0	-1.0	51.0	23.0	0.0	41.0	51.0	15.0	28.0	17.0	28.0	-1.0	-1.0	0.0	-1.0	31.0	0.0	29.0	-1.0	-1.0	15.0	-1.0	33.0	42.0	-1.0	-1.0	22.0	36.0	-1.0	-1.0	
51.0	-1.0	-1.0	-1.0	-1.0	-1.0	-1.0	18.0	32.0	-1.0	-1.0	-1.0	-1.0	27.0	31.0	44.0	-1.0	6.0	-1.0	-1.0	28.0	-1.0	-1.0	-1.0	0.0	41.0	51.0	15.0	-1.0	17.0	28.0	15.0	-1.0	-1.0	-1.0	31.0	-1.0	28.0	28.0	-1.0	-1.0	-1.0	33.0	42.0	-1.0	44.0	-1.0	36.0	43.0	-1.0	
51.0	-1.0	-1.0	-1.0	29.0	38.0	-1.0	18.0	32.0	24.0	-1.0	-1.0	-1.0	-1.0	-1.0	44.0	26.0	-1.0	-1.0	14.0	-1.0	30.0	-1.0	-1.0	0.0	41.0	51.0	21.0	-1.0	17.0	28.0	15.0	-1.0	-1.0	-1.0	31.0	0.0	29.0	28.0	-1.0	-1.0	-1.0	-1.0	-1.0	-1.0	44.0	22.0	36.0	-1.0	-1.0	
51.0	22.0	-1.0	-1.0	-1.0	-1.0	12.0	18.0	32.0	-1.0	-1.0	-1.0	40.0	41.0	-1.0	44.0	26.0	6.0	-1.0	15.0	-1.0	30.0	-1.0	-1.0	0.0	-1.0	51.0	15.0	-1.0	17.0	39.0	-1.0	-1.0	-1.0	0.0	31.0	9.0	28.0	-1.0	38.0	15.0	12.0	-1.0	42.0	23.0	-1.0	22.0	36.0	43.0	-1.0	
50.0	22.0	48.0	-1.0	-1.0	-1.0	-1.0	18.0	32.0	24.0	28.0	-1.0	-1.0	27.0	-1.0	44.0	-1.0	6.0	-1.0	-1.0	28.0	30.0	-1.0	-1.0	0.0	41.0	51.0	15.0	28.0	17.0	28.0	15.0	-1.0	-1.0	0.0	31.0	0.0	29.0	28.0	-1.0	-1.0	-1.0	33.0	42.0	23.0	-1.0	-1.0	36.0	-1.0	9.0	
50.0	-1.0	48.0	12.0	-1.0	-1.0	-1.0	18.0	32.0	-1.0	28.0	-1.0	-1.0	27.0	-1.0	44.0	26.0	6.0	0.0	-1.0	28.0	30.0	-1.0	26.0	0.0	41.0	-1.0	-1.0	-1.0	17.0	28.0	-1.0	-1.0	0.0	-1.0	31.0	-1.0	28.0	-1.0	-1.0	-1.0	-1.0	33.0	42.0	-1.0	-1.0	-1.0	36.0	43.0	9.0	
50.0	-1.0	-1.0	12.0	29.0	38.0	-1.0	18.0	32.0	24.0	-1.0	-1.0	-1.0	27.0	31.0	44.0	26.0	6.0	-1.0	-1.0	28.0	-1.0	51.0	-1.0	-1.0	41.0	-1.0	15.0	28.0	17.0	28.0	44.0	64.0	0.0	-1.0	31.0	0.0	28.0	28.0	38.0	-1.0	-1.0	-1.0	-1.0	-1.0	44.0	22.0	36.0	-1.0	13.0	
51.0	22.0	-1.0	-1.0	29.0	-1.0	-1.0	18.0	32.0	24.0	-1.0	13.0	-1.0	27.0	-1.0	44.0	-1.0	6.0	-1.0	-1.0	28.0	30.0	-1.0	26.0	-1.0	-1.0	51.0	15.0	28.0	17.0	-1.0	15.0	-1.0	-1.0	-1.0	31.0	0.0	28.0	28.0	38.0	-1.0	12.0	-1.0	42.0	-1.0	44.0	22.0	36.0	-1.0	9.0	

distances_centre_w :
51.0	-1.0	-1.0	20.0	33.0	-1.0	-1.0	24.0	41.0	33.0	29.0	-1.0	44.0	45.0	-1.0	48.0	47.0	29.0	-1.0	-1.0	49.0	-1.0	-1.0	-1.0	37.0	46.0	-1.0	21.0	-1.0	18.0	47.0	-1.0	-1.0	-1.0	-1.0	60.0	9.0	46.0	-1.0	-1.0	20.0	17.0	41.0	51.0	-1.0	64.0	33.0	38.0	-1.0	13.0	
51.0	-1.0	50.0	20.0	33.0	-1.0	26.0	19.0	41.0	33.0	-1.0	-1.0	-1.0	45.0	-1.0	48.0	53.0	-1.0	-1.0	-1.0	53.0	31.0	52.0	-1.0	37.0	50.0	61.0	15.0	-1.0	40.0	39.0	24.0	-1.0	-1.0	-1.0	59.0	9.0	29.0	28.0	-1.0	20.0	-1.0	54.0	56.0	28.0	64.0	33.0	38.0	-1.0	-1.0	
51.0	24.0	59.0	-1.0	-1.0	-1.0	-1.0	24.0	41.0	-1.0	-1.0	-1.0	-1.0	45.0	-1.0	48.0	47.0	29.0	-1.0	-1.0	-1.0	31.0	52.0	55.0	-1.0	46.0	-1.0	51.0	45.0	18.0	47.0	24.0	-1.0	-1.0	43.0	60.0	9.0	29.0	-1.0	-1.0	-1.0	-1.0	-1.0	51.0	-1.0	-1.0	-1.0	38.0	62.0	50.0	
-1.0	-1.0	-1.0	20.0	-1.0	-1.0	26.0	45.0	49.0	33.0	-1.0	-1.0	-1.0	41.0	-1.0	48.0	-1.0	29.0	-1.0	-1.0	-1.0	-1.0	52.0	-1.0	6.0	50.0	-1.0	15.0	36.0	18.0	39.0	24.0	-1.0	29.0	6.0	54.0	9.0	-1.0	28.0	42.0	20.0	-1.0	54.0	51.0	28.0	-1.0	-1.0	38.0	-1.0	-1.0	
51.0	-1.0	-1.0	37.0	-1.0	-1.0	26.0	45.0	41.0	-1.0	-1.0	53.0	-1.0	37.0	-1.0	48.0	53.0	29.0	-1.0	38.0	29.0	31.0	52.0	26.0	-1.0	46.0	-1.0	51.0	45.0	40.0	39.0	-1.0	-1.0	-1.0	-1.0	54.0	9.0	46.0	-1.0	-1.0	20.0	17.0	41.0	51.0	-1.0	-1.0	32.0	38.0	-1.0	-1.0	
61.0	-1.0	-1.0	37.0	-1.0	-1.0	-1.0	24.0	41.0	33.0	-1.0	-1.0	-1.0	-1.0	-1.0	48.0	54.0	-1.0	-1.0	-1.0	-1.0	31.0	52.0	26.0	-1.0	50.0	61.0	-1.0	36.0	18.0	-1.0	44.0	66.0	-1.0	43.0	54.0	9.0	-1.0	-1.0	42.0	20.0	17.0	-1.0	-1.0	28.0	64.0	-1.0	38.0	62.0	-1.0	
51.0	-1.0	-1.0	20.0	-1.0	-1.0	-1.0	45.0	41.0	33.0	-1.0	-1.0	-1.0	45.0	-1.0	48.0	53.0	-1.0	-1.0	-1.0	-1.0	31.0	-1.0	55.0	-1.0	50.0	61.0	15.0	-1.0	18.0	39.0	-1.0	-1.0	-1.0	6.0	60.0	-1.0	29.0	28.0	-1.0	-1.0	17.0	-1.0	51.0	28.0	-1.0	-1.0	38.0	-1.0	-1.0	
51.0	-1.0	-1.0	-1.0	-1.0	-1.0	-1.0	45.0	41.0	-1.0	-1.0	30.0	-1.0	45.0	-1.0	48.0	47.0	-1.0	9.0	-1.0	-1.0	-1.0	52.0	26.0	6.0	46.0	61.0	21.0	45.0	18.0	47.0	-1.0	-1.0	29.0	-1.0	60.0	9.0	46.0	-1.0	-1.0	20.0	-1.0	41.0	51.0	-1.0	-1.0	32.0	38.0	-1.0	-1.0	
51.0	-1.0	-1.0	-1.0	-1.0	-1.0	-1.0	45.0	41.0	-1.0	-1.0	-1.0	-1.0	34.0	32.0	48.0	-1.0	29.0	-1.0	-1.0	49.0	-1.0	-1.0	-1.0	6.0	46.0	61.0	15.0	-1.0	18.0	47.0	24.0	-1.0	-1.0	-1.0	60.0	-1.0	29.0	28.0	-1.0	-1.0	-1.0	54.0	51.0	-1.0	64.0	-1.0	38.0	62.0	-1.0	
60.0	-1.0	-1.0	-1.0	33.0	43.0	-1.0	24.0	41.0	33.0	-1.0	-1.0	-1.0	-1.0	-1.0	48.0	47.0	-1.0	-1.0	15.0	-1.0	31.0	-1.0	-1.0	6.0	46.0	61.0	51.0	-1.0	18.0	62.0	24.0	-1.0	-1.0	-1.0	60.0	9.0	46.0	28.0	-1.0	-1.0	-1.0	-1.0	-1.0	-1.0	64.0	32.0	38.0	-1.0	-1.0	
51.0	27.0	-1.0	-1.0	-1.0	-1.0	26.0	24.0	49.0	-1.0	-1.0	-1.0	44.0	45.0	-1.0	48.0	47.0	34.0	-1.0	56.0	-1.0	31.0	-1.0	-1.0	6.0	-1.0	61.0	51.0	-1.0	18.0	47.0	-1.0	-1.0	-1.0	43.0	54.0	29.0	29.0	-1.0	42.0	20.0	17.0	-1.0	51.0	28.0	-1.0	32.0	38.0	62.0	-1.0	
51.0	24.0	59.0	-1.0	-1.0	-1.0	-1.0	45.0	41.0	33.0	29.0	-1.0	-1.0	45.0	-1.0	48.0	-1.0	29.0	-1.0	-1.0	59.0	31.0	-1.0	-1.0	6.0	46.0	61.0	15.0	45.0	18.0	39.0	24.0	-1.0	-1.0	6.0	60.0	9.0	46.0	58.0	-1.0	-1.0	-1.0	41.0	51.0	28.0	-1.0	-1.0	38.0	-1.0	50.0	
51.0	-1.0	50.0	20.0	-1.0	-1.0	-1.0	24.0	41.0	-1.0	29.0	-1.0	-1.0	41.0	-1.0	48.0	53.0	29.0	9.0	-1.0	49.0	31.0	-1.0	55.0	37.0	46.0	-1.0	-1.0	-1.0	18.0	62.0	-1.0	-1.0	29.0	-1.0	60.0	-1.0	29.0	-1.0	-1.0	-1.0	-1.0	54.0	51.0	-1.0	-1.0	-1.0	38.0	62.0	13.0	
61.0	-1.0	-1.0	20.0	33.0	43.0	-1.0	45.0	41.0	33.0	-1.0	-1.0	-1.0	34.0	32.0	48.0	47.0	29.0	-1.0	-1.0	59.0	-1.0	52.0	-1.0	-1.0	46.0	-1.0	51.0	45.0	18.0	39.0	62.0	66.0	29.0	-1.0	60.0	9.0	29.0	28.0	42.0	-1.0	-1.0	-1.0	-1.0	-1.0	64.0	32.0	38.0	-1.0	33.0	
61.0	24.0	-1.0	-1.0	33.0	-1.0	-1.0	24.0	41.0	33.0	-1.0	30.0	-1.0	45.0	-1.0	48.0	-1.0	29.0	-1.0	-1.0	49.0	31.0	-1.0	55.0	-1.0	-1.0	61.0	15.0	36.0	18.0	-1.0	24.0	-1.0	-1.0	-1.0	60.0	9.0	29.0	58.0	42.0	-1.0	17.0	-1.0	51.0	-1.0	64.0	32.0	38.0	-1.0	13.0	

maxX :
50.0	51.0	51.0	51.0	51.0	64.0	51.0	51.0	51.0	51.0	51.0	51.0	50.0	64.0	51.0	

maxW :
64.0	64.0	62.0	54.0	54.0	66.0	61.0	61.0	64.0	64.0	62.0	61.0	62.0	66.0	64.0	

minX :
0.0	0.0	0.0	0.0	0.0	0.0	0.0	0.0	0.0	0.0	0.0	0.0	0.0	0.0	0.0	

minW :
9.0	9.0	9.0	6.0	9.0	9.0	6.0	6.0	6.0	6.0	6.0	6.0	9.0	9.0	9.0	

moyX :
25.448275862068964	29.125	27.423076923076923	23.296296296296298	25.344827586206897	29.96153846153846	27.73913043478261	25.615384615384617	29.956521739130434	27.875	26.137931034482758	26.1	26.26923076923077	28.806451612903224	26.413793103448278	

moyW :
36.3448275862069	38.71875	41.5	32.96296296296296	38.793103448275865	40.73076923076923	37.47826086956522	37.07692307692308	40.52173913043478	38.333333333333336	38.275862068965516	37.833333333333336	39.57692307692308	40.903225806451616	36.89655172413793	

medX :
28.0	28.5	28.0	24.0	27.0	29.0	28.0	27.5	31.0	28.5	26.0	28.0	28.0	28.0	28.0	

medW :
38.0	38.5	45.5	33.0	40.0	41.5	39.0	43.0	45.0	39.5	42.0	41.0	41.0	41.0	33.0	

ecartTypeX :
13.095369560417152	13.885131436180213	14.358522199840538	14.86685305018894	12.766539946737833	16.486546424820194	12.304885531345203	15.605908454756001	13.225398032539236	13.217136918914525	14.402404344129334	13.998452295402755	14.482237641351963	14.485631044721101	12.661419110361535	

ecartTypeW :
14.032661069605131	14.3619166004228	13.6106575888162	14.693111213993326	11.571008093491393	15.766463171768917	15.156773676471294	15.34706956974843	15.603426505564595	16.682492486302984	14.034186220708586	16.037629362083273	15.046525479129155	13.980066082057299	15.674149215400334	

varX :
171.48870392390015	192.796875	206.16715976331358	221.02331961591221	162.9845422116528	271.8062130177515	151.41020793950852	243.54437869822485	174.91115311909266	174.69270833333334	207.4292508917955	195.95666666666665	209.73520710059168	209.83350676378777	160.3115338882283	

varW :
196.91557669441144	206.2646484375	185.25	215.88751714677642	133.88822829964332	248.58136094674558	229.72778827977314	235.53254437869825	243.46691871455573	278.30555555555554	196.95838287752673	257.2055555555555	226.39792899408286	195.4422476586889	245.67895362663492	

covarX :
177.61330049261082	199.01612903225805	214.41384615384618	229.52421652421654	168.80541871921181	282.6784615384616	158.29249011857706	253.2861538461538	182.86166007905138	182.28804347826087	214.83743842364532	202.71379310344827	218.1246153846154	216.82795698924727	166.03694581280786	

covarW :
203.94827586206898	212.91834677419354	192.66	224.1908831908832	138.66995073891624	258.5246153846154	240.16996047430837	244.95384615384614	254.53359683794466	290.4057971014492	203.9926108374384	266.07471264367814	235.45384615384617	201.95698924731187	254.45320197044327	

coef_variationX :
0.5145876927535196	0.4767427102551146	0.5235926748889957	0.6381638034262342	0.5037138210277512	0.5502570051929718	0.44359305207043837	0.6092396694048889	0.44148643649985836	0.4741573782570233	0.5510154696302779	0.5363391684062357	0.5513004080163265	0.5028606521683697	0.47934876527478393	

coef_variationW :
0.38609788521683946	0.3709292423030909	0.327967652742559	0.4457460705368762	0.29827487529888924	0.3870897473710971	0.40441507489424566	0.41392511287703226	0.3850631004592121	0.4351954561644256	0.3666589192797739	0.42390209767620984	0.38018431725690766	0.34178394995565947	0.42481338995010254	

moy_distances_centre :	40.3
min_distances_centre :	6.0
max_distances_centre :	66.0
med_distances_centre :	40.0
ecartType_distances_centre :	20.61091943606592
var_distances_centre :	424.80999999999995
covar_distances_centre :	447.1684210526315
coef_variation_distances_centre :	0.511437206850271
capacite_X_temoin : 
151.0	153.0	154.0	163.0	166.0	
172.0	138.0	174.0	141.0	135.0	
175.0	159.0	178.0	150.0	163.0	
168.0	175.0	159.0	174.0	136.0	
175.0	159.0	144.0	159.0	174.0	
148.0	150.0	177.0	172.0	144.0	
163.0	139.0	142.0	166.0	175.0	
162.0	153.0	136.0	136.0	163.0	
159.0	160.0	171.0	148.0	145.0	
151.0	163.0	136.0	160.0	145.0	
148.0	150.0	172.0	172.0	144.0	
154.0	172.0	175.0	150.0	141.0	
177.0	178.0	139.0	163.0	162.0	
178.0	165.0	169.0	171.0	174.0	
172.0	163.0	154.0	159.0	178.0	

capacite_W_temoin : 
107.3	117.9	97.19999999999999	192.9	160.8	
116.6	84.4	121.19999999999999	164.3	131.5	
154.5	110.69999999999999	136.4	185.0	189.9	
131.4	159.5	50.699999999999996	215.2	138.8	
146.5	87.69999999999999	98.19999999999999	187.7	180.2	
137.4	114.0	80.1	214.6	145.2	
151.9	87.69999999999999	97.6	205.8	198.5	
114.6	116.9	93.8	170.8	174.9	
156.7	147.0	112.3	157.4	156.5	
126.3	123.9	99.8	202.0	151.5	
110.4	84.0	61.6	199.6	159.2	
98.19999999999999	137.6	123.5	166.0	157.3	
163.1	141.4	67.69999999999999	199.9	183.6	
156.4	140.5	84.69999999999999	192.3	175.2	
116.6	121.9	99.19999999999999	192.7	205.4	

demande_cumulee_X : 
89.0	81.0	103.0	19.0	55.0	
107.0	95.0	105.0	19.0	44.0	
73.0	96.0	95.0	10.0	22.0	
87.0	68.0	156.0	11.0	38.0	
81.0	119.0	89.0	19.0	46.0	
55.0	81.0	150.0	9.0	42.0	
60.0	93.0	87.0	10.0	29.0	
96.0	82.0	83.0	6.0	37.0	
50.0	61.0	110.0	35.0	32.0	
70.0	88.0	77.0	6.0	37.0	
82.0	111.0	162.0	24.0	28.0	
102.0	86.0	104.0	29.0	26.0	
67.0	90.0	113.0	12.0	27.0	
75.0	74.0	135.0	30.0	51.0	
107.0	90.0	101.0	14.0	26.0	

demande_cumulee_W : 
72.0	21.0	61.0	61.0	132.0	
92.0	35.0	77.0	48.0	118.0	
72.0	2.0	38.0	82.0	102.0	
92.0	93.0	15.0	27.0	133.0	
75.0	49.0	67.0	51.0	112.0	
56.0	45.0	32.0	59.0	145.0	
88.0	28.0	2.0	64.0	97.0	
101.0	0.0	24.0	54.0	125.0	
80.0	16.0	27.0	33.0	132.0	
56.0	29.0	20.0	70.0	103.0	
67.0	73.0	27.0	99.0	141.0	
61.0	25.0	49.0	70.0	142.0	
52.0	23.0	41.0	58.0	135.0	
84.0	61.0	24.0	32.0	164.0	
60.0	23.0	53.0	80.0	122.0	

capacite_residuelle_X : 
62.0	72.0	51.0	144.0	111.0	
65.0	43.0	69.0	122.0	91.0	
102.0	63.0	83.0	140.0	141.0	
81.0	107.0	3.0	163.0	98.0	
94.0	40.0	55.0	140.0	128.0	
93.0	69.0	27.0	163.0	102.0	
103.0	46.0	55.0	156.0	146.0	
66.0	71.0	53.0	130.0	126.0	
109.0	99.0	61.0	113.0	113.0	
81.0	75.0	59.0	154.0	108.0	
66.0	39.0	10.0	148.0	116.0	
52.0	86.0	71.0	121.0	115.0	
110.0	88.0	26.0	151.0	135.0	
103.0	91.0	34.0	141.0	123.0	
65.0	73.0	53.0	145.0	152.0	

capacite_residuelle_W : 
35.3	96.9	36.19999999999999	131.9	28.80000000000001	
24.599999999999994	49.400000000000006	44.19999999999999	116.30000000000001	13.5	
82.5	108.69999999999999	98.4	103.0	87.9	
39.400000000000006	66.5	35.699999999999996	188.2	5.800000000000011	
71.5	38.69999999999999	31.19999999999999	136.7	68.19999999999999	
81.4	69.0	48.099999999999994	155.6	0.19999999999998863	
63.900000000000006	59.69999999999999	95.6	141.8	101.5	
13.599999999999994	116.9	69.8	116.80000000000001	49.900000000000006	
76.69999999999999	131.0	85.3	124.4	24.5	
70.3	94.9	79.8	132.0	48.5	
43.400000000000006	11.0	34.6	100.6	18.19999999999999	
37.19999999999999	112.6	74.5	96.0	15.300000000000011	
111.1	118.4	26.69999999999999	141.9	48.599999999999994	
72.4	79.5	60.69999999999999	160.3	11.199999999999989	
56.599999999999994	98.9	46.19999999999999	112.69999999999999	83.4	

min_capacite_X : 
151.0	135.0	150.0	136.0	144.0	144.0	139.0	136.0	145.0	136.0	144.0	141.0	139.0	165.0	154.0	

min_capacite_W : 
97.19999999999999	84.4	110.69999999999999	50.699999999999996	87.69999999999999	80.1	87.69999999999999	93.8	112.3	99.8	61.6	98.19999999999999	67.69999999999999	84.69999999999999	99.19999999999999	

max_capacite_X : 
166.0	174.0	178.0	175.0	175.0	177.0	175.0	163.0	171.0	163.0	172.0	175.0	178.0	178.0	178.0	

max_capacite_W : 
192.9	164.3	189.9	215.2	187.7	214.6	205.8	174.9	157.4	202.0	199.6	166.0	199.9	192.3	205.4	

moy_capacite_X : 
157.4	152.0	165.0	162.4	162.2	158.2	157.0	150.0	156.6	151.0	157.2	158.4	163.8	171.4	165.2	

moy_capacite_W : 
135.21999999999997	123.6	155.3	139.11999999999998	140.06	138.26	148.3	134.2	145.98	140.7	122.96	136.51999999999998	151.14000000000001	149.82	147.16	

med_capacite_X : 
154.0	141.0	163.0	168.0	159.0	150.0	163.0	153.0	159.0	151.0	150.0	154.0	163.0	171.0	163.0	

med_capacite_W : 
117.9	121.19999999999999	154.5	138.8	146.5	137.4	151.9	116.9	156.5	126.3	110.4	137.6	163.1	156.4	121.9	

ecartType_capacite_X : 
5.9531504264548865	17.26267650163207	10.334408546211051	14.374978260853126	11.443775600735973	13.541048703848604	14.071247279470288	11.949895397031725	9.308061022576078	9.85900603509299	12.237646832622683	13.062924634246345	14.105318146004363	4.409081537009721	8.704022058795577	

ecartType_capacite_W : 
36.07311464234826	25.730526617230364	29.75318470349015	53.06846144368612	41.02704473880613	44.37979720548529	49.15709511352355	32.59343492177528	17.270715098107548	34.74691353199591	50.25477489751595	24.24866181874786	46.11145627715525	36.93093012638594	43.21558052369539	

var_capacite_X : 
35.44	298.0	106.8	206.63999999999996	130.95999999999998	183.35999999999999	198.0	142.8	86.64000000000001	97.2	149.76	170.64000000000001	198.95999999999998	19.440000000000005	75.75999999999999	

var_capacite_W : 
1301.2696000000003	662.0600000000002	885.2520000000002	2816.2616	1683.2184000000002	1969.5663999999997	2416.420000000001	1062.3320000000003	298.2776	1207.3480000000002	2525.5423999999994	587.9976000000003	2126.2664000000004	1363.8936000000003	1867.5864000000001	

covar_capacite_X : 
44.3	372.5	133.5	258.29999999999995	163.7	229.2	247.5	178.5	108.30000000000001	121.5	187.2	213.3	248.69999999999996	24.300000000000004	94.69999999999999	

covar_capacite_W : 
1626.5870000000004	827.5750000000002	1106.5650000000003	3520.3269999999998	2104.023	2461.9579999999996	3020.525000000001	1327.9150000000004	372.847	1509.1850000000002	3156.927999999999	734.9970000000003	2657.8330000000005	1704.8670000000004	2334.483	

##########	##########	##########	##########	##########	##########	##########	##########	##########	##########	##########	##########	##########	##########	##########	##########	##########	##########	##########	##########	##########	##########	##########	##########	##########	##########	##########	##########	##########	##########	##########	##########	##########	##########	##########	##########	##########	##########	##########	##########	##########	##########	##########	##########	##########	##########	##########	##########	##########	##########	nombre de noeuds : 50
nombre de strates : 15
nombre de centres : 5
titre : fenetre
instances : p10_4
temps de calcul : 0.10521697998046875
valeur objective : 1573.0
nombre de solutions : 3
nombre de noeuds : 1.0
faisability : True
centre : [33, 34, 24, 36, 9]
moy_distances :	52.92
min_distances :	1.0
max_distances :	123.0
var_distances :	630.1974177426073
covar_distances :	630.4547462104483
ecartType_distances :	25.103733143550727
coef_variation	: 0.47438601004010245
distances_centre_x :
50.0	-1.0	-1.0	12.0	33.0	-1.0	-1.0	18.0	41.0	0.0	29.0	-1.0	40.0	34.0	-1.0	28.0	26.0	6.0	-1.0	-1.0	28.0	-1.0	-1.0	-1.0	0.0	18.0	-1.0	15.0	-1.0	17.0	27.0	-1.0	-1.0	-1.0	-1.0	31.0	0.0	28.0	-1.0	-1.0	20.0	12.0	17.0	51.0	-1.0	44.0	5.0	36.0	-1.0	13.0	
50.0	-1.0	29.0	12.0	33.0	-1.0	12.0	18.0	41.0	0.0	-1.0	-1.0	-1.0	34.0	-1.0	28.0	26.0	-1.0	-1.0	-1.0	28.0	30.0	51.0	-1.0	0.0	18.0	42.0	15.0	-1.0	17.0	27.0	24.0	-1.0	-1.0	-1.0	31.0	0.0	28.0	28.0	-1.0	20.0	-1.0	17.0	51.0	23.0	44.0	5.0	36.0	-1.0	-1.0	
50.0	24.0	29.0	-1.0	-1.0	-1.0	-1.0	18.0	41.0	-1.0	-1.0	-1.0	-1.0	34.0	-1.0	28.0	26.0	6.0	-1.0	-1.0	-1.0	30.0	51.0	26.0	-1.0	18.0	-1.0	15.0	36.0	17.0	27.0	24.0	-1.0	-1.0	0.0	31.0	0.0	29.0	-1.0	-1.0	-1.0	-1.0	-1.0	51.0	-1.0	-1.0	-1.0	36.0	43.0	9.0	
-1.0	-1.0	-1.0	12.0	-1.0	-1.0	12.0	18.0	41.0	0.0	-1.0	-1.0	-1.0	34.0	-1.0	28.0	-1.0	6.0	-1.0	-1.0	-1.0	-1.0	51.0	-1.0	0.0	18.0	-1.0	15.0	36.0	17.0	27.0	24.0	-1.0	0.0	0.0	31.0	0.0	-1.0	28.0	38.0	20.0	-1.0	17.0	51.0	23.0	-1.0	-1.0	36.0	-1.0	-1.0	
50.0	-1.0	-1.0	12.0	-1.0	-1.0	12.0	18.0	41.0	-1.0	-1.0	7.0	-1.0	34.0	-1.0	28.0	26.0	6.0	-1.0	14.0	28.0	30.0	51.0	26.0	-1.0	18.0	-1.0	15.0	36.0	17.0	27.0	-1.0	-1.0	-1.0	-1.0	31.0	0.0	28.0	-1.0	-1.0	20.0	12.0	17.0	51.0	-1.0	-1.0	5.0	36.0	-1.0	-1.0	
50.0	-1.0	-1.0	12.0	-1.0	-1.0	-1.0	18.0	41.0	0.0	-1.0	-1.0	-1.0	-1.0	-1.0	28.0	26.0	-1.0	-1.0	-1.0	-1.0	30.0	51.0	26.0	-1.0	18.0	42.0	-1.0	36.0	17.0	-1.0	24.0	43.0	-1.0	0.0	31.0	0.0	-1.0	-1.0	38.0	20.0	12.0	-1.0	-1.0	23.0	44.0	-1.0	36.0	43.0	-1.0	
50.0	-1.0	-1.0	12.0	-1.0	-1.0	-1.0	18.0	41.0	0.0	-1.0	-1.0	-1.0	34.0	-1.0	28.0	26.0	-1.0	-1.0	-1.0	-1.0	30.0	-1.0	26.0	-1.0	18.0	42.0	15.0	-1.0	17.0	27.0	-1.0	-1.0	-1.0	0.0	31.0	-1.0	28.0	28.0	-1.0	-1.0	12.0	-1.0	51.0	23.0	-1.0	-1.0	36.0	-1.0	-1.0	
50.0	-1.0	-1.0	-1.0	-1.0	-1.0	-1.0	18.0	41.0	-1.0	-1.0	13.0	-1.0	34.0	-1.0	28.0	26.0	-1.0	9.0	-1.0	-1.0	-1.0	51.0	26.0	0.0	18.0	42.0	15.0	36.0	17.0	27.0	-1.0	-1.0	0.0	-1.0	31.0	0.0	28.0	-1.0	-1.0	20.0	-1.0	17.0	51.0	-1.0	-1.0	5.0	36.0	-1.0	-1.0	
50.0	-1.0	-1.0	-1.0	-1.0	-1.0	-1.0	18.0	41.0	-1.0	-1.0	-1.0	-1.0	34.0	31.0	28.0	-1.0	6.0	-1.0	-1.0	28.0	-1.0	-1.0	-1.0	0.0	18.0	42.0	15.0	-1.0	17.0	27.0	24.0	-1.0	-1.0	-1.0	31.0	-1.0	29.0	28.0	-1.0	-1.0	-1.0	17.0	51.0	-1.0	44.0	-1.0	36.0	43.0	-1.0	
50.0	-1.0	-1.0	-1.0	33.0	43.0	-1.0	18.0	41.0	0.0	-1.0	-1.0	-1.0	-1.0	-1.0	28.0	26.0	-1.0	-1.0	14.0	-1.0	30.0	-1.0	-1.0	0.0	18.0	42.0	15.0	-1.0	17.0	27.0	24.0	-1.0	-1.0	-1.0	31.0	0.0	28.0	28.0	-1.0	-1.0	-1.0	-1.0	-1.0	-1.0	44.0	5.0	36.0	-1.0	-1.0	
50.0	24.0	-1.0	-1.0	-1.0	-1.0	12.0	18.0	41.0	-1.0	-1.0	-1.0	40.0	37.0	-1.0	28.0	26.0	6.0	-1.0	14.0	-1.0	30.0	-1.0	-1.0	6.0	-1.0	42.0	15.0	-1.0	17.0	27.0	-1.0	-1.0	-1.0	0.0	31.0	0.0	28.0	-1.0	38.0	20.0	12.0	-1.0	51.0	23.0	-1.0	5.0	36.0	43.0	-1.0	
50.0	24.0	29.0	-1.0	-1.0	-1.0	-1.0	18.0	41.0	0.0	29.0	-1.0	-1.0	34.0	-1.0	28.0	-1.0	6.0	-1.0	-1.0	28.0	30.0	-1.0	-1.0	0.0	18.0	42.0	15.0	36.0	17.0	27.0	24.0	-1.0	-1.0	0.0	31.0	0.0	28.0	28.0	-1.0	-1.0	-1.0	17.0	51.0	23.0	-1.0	-1.0	36.0	-1.0	9.0	
50.0	-1.0	29.0	12.0	-1.0	-1.0	-1.0	18.0	41.0	-1.0	29.0	-1.0	-1.0	34.0	-1.0	28.0	26.0	6.0	9.0	-1.0	28.0	30.0	-1.0	26.0	0.0	18.0	-1.0	-1.0	-1.0	17.0	27.0	-1.0	-1.0	0.0	-1.0	31.0	-1.0	28.0	-1.0	-1.0	-1.0	-1.0	17.0	51.0	-1.0	-1.0	-1.0	36.0	43.0	9.0	
50.0	-1.0	-1.0	12.0	33.0	43.0	-1.0	18.0	41.0	0.0	-1.0	-1.0	-1.0	34.0	31.0	28.0	26.0	6.0	-1.0	-1.0	28.0	-1.0	51.0	-1.0	-1.0	18.0	-1.0	24.0	36.0	17.0	27.0	24.0	43.0	0.0	-1.0	31.0	0.0	28.0	28.0	38.0	-1.0	-1.0	-1.0	-1.0	-1.0	44.0	5.0	36.0	-1.0	9.0	
50.0	24.0	-1.0	-1.0	33.0	-1.0	-1.0	18.0	41.0	0.0	-1.0	7.0	-1.0	34.0	-1.0	28.0	-1.0	6.0	-1.0	-1.0	28.0	30.0	-1.0	26.0	-1.0	-1.0	42.0	15.0	36.0	17.0	-1.0	24.0	-1.0	-1.0	-1.0	31.0	0.0	28.0	28.0	38.0	-1.0	12.0	-1.0	51.0	-1.0	44.0	5.0	36.0	-1.0	13.0	

distances_centre_w :
51.0	-1.0	-1.0	37.0	47.0	-1.0	-1.0	19.0	49.0	24.0	38.0	-1.0	44.0	37.0	-1.0	44.0	40.0	29.0	-1.0	-1.0	49.0	-1.0	-1.0	-1.0	6.0	41.0	-1.0	24.0	-1.0	18.0	28.0	-1.0	-1.0	-1.0	-1.0	47.0	24.0	46.0	-1.0	-1.0	39.0	17.0	33.0	52.0	-1.0	53.0	22.0	38.0	-1.0	33.0	
51.0	-1.0	48.0	14.0	47.0	-1.0	26.0	24.0	49.0	24.0	-1.0	-1.0	-1.0	37.0	-1.0	44.0	47.0	-1.0	-1.0	-1.0	29.0	31.0	52.0	-1.0	6.0	46.0	51.0	15.0	-1.0	18.0	28.0	44.0	-1.0	-1.0	-1.0	47.0	24.0	29.0	37.0	-1.0	39.0	-1.0	33.0	52.0	28.0	53.0	22.0	38.0	-1.0	-1.0	
51.0	27.0	48.0	-1.0	-1.0	-1.0	-1.0	19.0	52.0	-1.0	-1.0	-1.0	-1.0	45.0	-1.0	44.0	40.0	29.0	-1.0	-1.0	-1.0	31.0	52.0	41.0	-1.0	41.0	-1.0	15.0	38.0	18.0	28.0	44.0	-1.0	-1.0	6.0	47.0	24.0	46.0	-1.0	-1.0	-1.0	-1.0	-1.0	52.0	-1.0	-1.0	-1.0	38.0	50.0	33.0	
-1.0	-1.0	-1.0	14.0	-1.0	-1.0	49.0	19.0	49.0	24.0	-1.0	-1.0	-1.0	45.0	-1.0	44.0	-1.0	33.0	-1.0	-1.0	-1.0	-1.0	52.0	-1.0	6.0	41.0	-1.0	24.0	38.0	18.0	39.0	44.0	-1.0	29.0	6.0	47.0	24.0	-1.0	37.0	42.0	39.0	-1.0	33.0	52.0	28.0	-1.0	-1.0	38.0	-1.0	-1.0	
51.0	-1.0	-1.0	14.0	-1.0	-1.0	26.0	19.0	49.0	-1.0	-1.0	13.0	-1.0	37.0	-1.0	44.0	40.0	29.0	-1.0	15.0	29.0	31.0	52.0	41.0	-1.0	46.0	-1.0	15.0	41.0	18.0	28.0	-1.0	-1.0	-1.0	-1.0	47.0	24.0	29.0	-1.0	-1.0	39.0	17.0	33.0	52.0	-1.0	-1.0	22.0	38.0	-1.0	-1.0	
51.0	-1.0	-1.0	37.0	-1.0	-1.0	-1.0	19.0	52.0	38.0	-1.0	-1.0	-1.0	-1.0	-1.0	44.0	40.0	-1.0	-1.0	-1.0	-1.0	31.0	52.0	41.0	-1.0	41.0	51.0	-1.0	45.0	18.0	-1.0	44.0	64.0	-1.0	6.0	47.0	24.0	-1.0	-1.0	42.0	39.0	17.0	-1.0	-1.0	28.0	64.0	-1.0	38.0	50.0	-1.0	
51.0	-1.0	-1.0	14.0	-1.0	-1.0	-1.0	19.0	49.0	24.0	-1.0	-1.0	-1.0	37.0	-1.0	44.0	47.0	-1.0	-1.0	-1.0	-1.0	31.0	-1.0	41.0	-1.0	41.0	51.0	15.0	-1.0	18.0	28.0	-1.0	-1.0	-1.0	6.0	47.0	-1.0	29.0	37.0	-1.0	-1.0	17.0	-1.0	52.0	28.0	-1.0	-1.0	38.0	-1.0	-1.0	
51.0	-1.0	-1.0	-1.0	-1.0	-1.0	-1.0	24.0	49.0	-1.0	-1.0	30.0	-1.0	37.0	-1.0	44.0	40.0	-1.0	32.0	-1.0	-1.0	-1.0	52.0	41.0	6.0	41.0	51.0	24.0	41.0	18.0	28.0	-1.0	-1.0	29.0	-1.0	47.0	24.0	29.0	-1.0	-1.0	39.0	-1.0	33.0	52.0	-1.0	-1.0	22.0	38.0	-1.0	-1.0	
51.0	-1.0	-1.0	-1.0	-1.0	-1.0	-1.0	19.0	49.0	-1.0	-1.0	-1.0	-1.0	37.0	32.0	44.0	-1.0	29.0	-1.0	-1.0	49.0	-1.0	-1.0	-1.0	6.0	41.0	51.0	15.0	-1.0	18.0	39.0	44.0	-1.0	-1.0	-1.0	47.0	-1.0	46.0	37.0	-1.0	-1.0	-1.0	33.0	52.0	-1.0	53.0	-1.0	38.0	50.0	-1.0	
51.0	-1.0	-1.0	-1.0	47.0	45.0	-1.0	19.0	49.0	24.0	-1.0	-1.0	-1.0	-1.0	-1.0	44.0	40.0	-1.0	-1.0	15.0	-1.0	31.0	-1.0	-1.0	6.0	41.0	51.0	15.0	-1.0	18.0	28.0	44.0	-1.0	-1.0	-1.0	47.0	24.0	46.0	37.0	-1.0	-1.0	-1.0	-1.0	-1.0	-1.0	53.0	22.0	38.0	-1.0	-1.0	
51.0	42.0	-1.0	-1.0	-1.0	-1.0	35.0	24.0	49.0	-1.0	-1.0	-1.0	48.0	45.0	-1.0	44.0	47.0	29.0	-1.0	15.0	-1.0	31.0	-1.0	-1.0	37.0	-1.0	51.0	15.0	-1.0	18.0	39.0	-1.0	-1.0	-1.0	6.0	47.0	24.0	46.0	-1.0	42.0	39.0	17.0	-1.0	52.0	28.0	-1.0	22.0	38.0	50.0	-1.0	
51.0	27.0	48.0	-1.0	-1.0	-1.0	-1.0	24.0	49.0	24.0	38.0	-1.0	-1.0	37.0	-1.0	44.0	-1.0	29.0	-1.0	-1.0	29.0	31.0	-1.0	-1.0	6.0	41.0	51.0	15.0	38.0	18.0	28.0	44.0	-1.0	-1.0	6.0	47.0	24.0	29.0	37.0	-1.0	-1.0	-1.0	33.0	52.0	28.0	-1.0	-1.0	38.0	-1.0	33.0	
51.0	-1.0	48.0	14.0	-1.0	-1.0	-1.0	19.0	49.0	-1.0	38.0	-1.0	-1.0	41.0	-1.0	44.0	40.0	29.0	32.0	-1.0	29.0	31.0	-1.0	41.0	6.0	41.0	-1.0	-1.0	-1.0	18.0	28.0	-1.0	-1.0	29.0	-1.0	47.0	-1.0	46.0	-1.0	-1.0	-1.0	-1.0	33.0	52.0	-1.0	-1.0	-1.0	38.0	50.0	13.0	
60.0	-1.0	-1.0	37.0	62.0	45.0	-1.0	24.0	49.0	24.0	-1.0	-1.0	-1.0	37.0	32.0	44.0	40.0	29.0	-1.0	-1.0	29.0	-1.0	52.0	-1.0	-1.0	41.0	-1.0	57.0	59.0	18.0	39.0	44.0	64.0	29.0	-1.0	47.0	24.0	29.0	37.0	42.0	-1.0	-1.0	-1.0	-1.0	-1.0	53.0	22.0	38.0	-1.0	13.0	
51.0	27.0	-1.0	-1.0	47.0	-1.0	-1.0	19.0	49.0	24.0	-1.0	13.0	-1.0	37.0	-1.0	44.0	-1.0	29.0	-1.0	-1.0	29.0	31.0	-1.0	41.0	-1.0	-1.0	51.0	24.0	45.0	18.0	-1.0	44.0	-1.0	-1.0	-1.0	47.0	24.0	29.0	37.0	42.0	-1.0	17.0	-1.0	52.0	-1.0	53.0	22.0	38.0	-1.0	33.0	

maxX :
51.0	51.0	51.0	51.0	51.0	51.0	51.0	51.0	51.0	50.0	51.0	51.0	51.0	51.0	51.0	

maxW :
53.0	53.0	52.0	52.0	52.0	64.0	52.0	52.0	53.0	53.0	52.0	52.0	52.0	64.0	53.0	

minX :
0.0	0.0	0.0	0.0	0.0	0.0	0.0	0.0	0.0	0.0	0.0	0.0	0.0	0.0	0.0	

minW :
6.0	6.0	6.0	6.0	13.0	6.0	6.0	6.0	6.0	6.0	6.0	6.0	6.0	13.0	13.0	

moyX :
23.413793103448278	25.5625	26.884615384615383	21.59259259259259	24.0	27.26923076923077	25.782608695652176	24.576923076923077	28.608695652173914	24.916666666666668	24.82758620689655	23.966666666666665	24.73076923076923	26.096774193548388	25.689655172413794	

moyW :
35.48275862068966	35.40625	36.88461538461539	33.851851851851855	32.37931034482759	39.34615384615385	33.21739130434783	35.46153846153846	38.26086956521739	34.791666666666664	35.55172413793103	33.3	34.88461538461539	39.354838709677416	35.06896551724138	

medX :
26.0	27.5	27.5	20.0	26.0	27.0	27.0	26.0	28.0	27.5	26.0	27.5	27.5	28.0	28.0	

medW :
38.0	37.0	40.5	38.0	31.0	41.0	37.0	37.5	41.0	39.0	39.0	33.0	38.0	39.0	37.0	

ecartTypeX :
14.250268579149077	13.948426210508481	13.904418011433863	14.937547171496593	13.531572276563505	14.687927256784453	13.157760222175817	15.09756240366452	12.963960514122228	14.130099865967765	14.367273552975062	13.806962816717592	13.48092011327831	14.393893953428996	14.032237387102262	

ecartTypeW :
12.124698900364274	12.86433872911857	12.622711287068494	13.057433539739684	12.38022280759741	13.856246321792113	13.519572033807716	11.583246420288921	12.901693152465612	13.598342934179723	12.973676816184248	12.226065052447032	12.601364160209991	13.304252017613727	11.817377719749196	

varX :
203.07015457788347	194.55859375	193.33284023668642	223.1303155006859	183.10344827586206	215.73520710059168	173.1266540642722	227.9363905325444	168.06427221172024	199.65972222222226	206.41854934601665	190.63222222222217	181.73520710059168	207.18418314255982	196.9036860879905	

varW :
147.00832342449465	165.4912109375	159.33284023668637	170.49657064471882	153.26991676575506	191.99556213017746	182.7788279773157	134.1715976331361	166.45368620037806	184.91493055555557	168.31629013079666	149.47666666666666	158.79437869822485	177.00312174817896	139.65041617122472	

covarX :
210.32266009852214	200.83467741935485	201.06615384615384	231.71225071225072	189.64285714285714	224.36461538461532	180.99604743083003	237.05384615384617	175.703557312253	208.3405797101449	213.7906403940886	197.20574712643676	189.0046153846154	214.0903225806451	203.93596059113298	

covarW :
152.25862068965517	170.82963709677418	165.70615384615382	177.05413105413103	158.74384236453204	199.6753846153846	191.08695652173915	139.53846153846155	174.0197628458498	192.95471014492756	174.32758620689654	154.63103448275865	165.14615384615382	182.90322580645164	144.63793103448276	

coef_variationX :
0.6086270821727883	0.5456597050565665	0.5171886527858089	0.6917903492802883	0.5638155115234794	0.5386263874138163	0.5103347135076624	0.6142983137641276	0.4531475559647587	0.5670943090020507	0.5786818514392733	0.5760902427003168	0.5451071896504449	0.5515583591548812	0.5462213211086786	

coef_variationW :
0.34170677173038283	0.3633352509548052	0.3422215781686974	0.38572287261813065	0.38234979916967504	0.3521626631149511	0.40700282300730034	0.32664252378255093	0.33720334375762395	0.3908505753536687	0.3649239841603717	0.36714910067408507	0.3612298436223371	0.3380588627426439	0.33697537253955423	

moy_distances_centre :	45.9
min_distances_centre :	6.0
max_distances_centre :	81.0
med_distances_centre :	40.5
ecartType_distances_centre :	22.779157139806557
var_distances_centre :	518.8900000000001
covar_distances_centre :	546.2
coef_variation_distances_centre :	0.4962779333291189
capacite_X_temoin : 
175.0	153.0	154.0	163.0	166.0	
144.0	138.0	174.0	141.0	135.0	
153.0	159.0	178.0	150.0	163.0	
135.0	175.0	159.0	174.0	136.0	
151.0	159.0	144.0	159.0	174.0	
175.0	150.0	177.0	172.0	144.0	
157.0	139.0	142.0	166.0	175.0	
157.0	153.0	136.0	136.0	163.0	
138.0	160.0	171.0	148.0	145.0	
145.0	163.0	136.0	160.0	145.0	
175.0	150.0	172.0	172.0	144.0	
166.0	172.0	175.0	150.0	141.0	
162.0	178.0	139.0	163.0	162.0	
139.0	165.0	169.0	171.0	174.0	
171.0	163.0	154.0	159.0	178.0	

capacite_W_temoin : 
158.5	112.9	132.2	197.9	105.8	
106.19999999999999	76.4	160.2	172.3	66.5	
146.9	116.69999999999999	164.4	179.0	140.9	
126.5	159.5	94.69999999999999	215.2	56.8	
135.3	81.69999999999999	127.19999999999999	193.7	131.2	
158.5	96.0	142.1	214.6	115.19999999999999	
139.1	87.69999999999999	146.6	205.8	154.5	
128.1	113.9	138.8	173.8	109.9	
114.4	145.0	163.3	159.4	120.5	
110.5	93.9	147.8	208.0	135.5	
168.5	83.0	71.6	202.6	124.19999999999999	
142.8	130.6	164.5	173.0	87.3	
158.6	141.4	104.69999999999999	199.9	131.6	
103.69999999999999	122.5	133.7	194.3	144.2	
170.3	112.9	119.19999999999999	193.7	138.4	

demande_cumulee_X : 
69.0	86.0	68.0	14.0	110.0	
81.0	103.0	66.0	11.0	109.0	
52.0	90.0	67.0	16.0	71.0	
49.0	68.0	112.0	11.0	120.0	
61.0	125.0	60.0	13.0	95.0	
69.0	99.0	88.0	9.0	72.0	
65.0	93.0	38.0	10.0	73.0	
76.0	85.0	38.0	3.0	102.0	
65.0	63.0	59.0	33.0	68.0	
78.0	118.0	29.0	0.0	53.0	
59.0	112.0	152.0	21.0	63.0	
73.0	93.0	63.0	22.0	96.0	
52.0	90.0	76.0	12.0	79.0	
77.0	92.0	86.0	28.0	82.0	
52.0	99.0	81.0	13.0	93.0	

demande_cumulee_W : 
84.0	41.0	102.0	69.0	51.0	
85.0	66.0	89.0	103.0	27.0	
45.0	43.0	75.0	89.0	44.0	
114.0	69.0	61.0	69.0	47.0	
62.0	64.0	77.0	116.0	35.0	
72.0	60.0	80.0	102.0	23.0	
43.0	48.0	81.0	83.0	24.0	
53.0	34.0	85.0	85.0	47.0	
58.0	38.0	94.0	53.0	45.0	
64.0	0.0	82.0	102.0	30.0	
59.0	67.0	66.0	146.0	69.0	
50.0	58.0	96.0	91.0	52.0	
63.0	42.0	78.0	74.0	52.0	
62.0	50.0	81.0	86.0	86.0	
60.0	53.0	73.0	102.0	50.0	

capacite_residuelle_X : 
106.0	67.0	86.0	149.0	56.0	
63.0	35.0	108.0	130.0	26.0	
101.0	69.0	111.0	134.0	92.0	
86.0	107.0	47.0	163.0	16.0	
90.0	34.0	84.0	146.0	79.0	
106.0	51.0	89.0	163.0	72.0	
92.0	46.0	104.0	156.0	102.0	
81.0	68.0	98.0	133.0	61.0	
73.0	97.0	112.0	115.0	77.0	
67.0	45.0	107.0	160.0	92.0	
116.0	38.0	20.0	151.0	81.0	
93.0	79.0	112.0	128.0	45.0	
110.0	88.0	63.0	151.0	83.0	
62.0	73.0	83.0	143.0	92.0	
119.0	64.0	73.0	146.0	85.0	

capacite_residuelle_W : 
74.5	71.9	30.19999999999999	128.9	54.8	
21.19999999999999	10.400000000000006	71.19999999999999	69.30000000000001	39.5	
101.9	73.69999999999999	89.4	90.0	96.9	
12.5	90.5	33.69999999999999	146.2	9.799999999999997	
73.30000000000001	17.69999999999999	50.19999999999999	77.69999999999999	96.19999999999999	
86.5	36.0	62.099999999999994	112.6	92.19999999999999	
96.1	39.69999999999999	65.6	122.80000000000001	130.5	
75.1	79.9	53.80000000000001	88.80000000000001	62.900000000000006	
56.400000000000006	107.0	69.30000000000001	106.4	75.5	
46.5	93.9	65.80000000000001	106.0	105.5	
109.5	16.0	5.599999999999994	56.599999999999994	55.19999999999999	
92.80000000000001	72.6	68.5	82.0	35.3	
95.6	99.4	26.69999999999999	125.9	79.6	
41.69999999999999	72.5	52.69999999999999	108.30000000000001	58.19999999999999	
110.30000000000001	59.900000000000006	46.19999999999999	91.69999999999999	88.4	

min_capacite_X : 
153.0	135.0	150.0	135.0	144.0	144.0	139.0	136.0	138.0	136.0	144.0	141.0	139.0	139.0	154.0	

min_capacite_W : 
105.8	66.5	116.69999999999999	56.8	81.69999999999999	96.0	87.69999999999999	109.9	114.4	93.9	71.6	87.3	104.69999999999999	103.69999999999999	112.9	

max_capacite_X : 
175.0	174.0	178.0	175.0	174.0	177.0	175.0	163.0	171.0	163.0	175.0	175.0	178.0	174.0	178.0	

max_capacite_W : 
197.9	172.3	179.0	215.2	193.7	214.6	205.8	173.8	163.3	208.0	202.6	173.0	199.9	194.3	193.7	

moy_capacite_X : 
162.2	146.4	160.6	155.8	157.4	163.6	155.8	149.0	152.4	149.8	162.6	160.8	160.8	163.6	165.0	

moy_capacite_W : 
141.45999999999998	116.31999999999998	149.57999999999998	130.54	133.82	145.28000000000003	146.74	132.9	140.52	139.14000000000001	129.98000000000002	139.64	147.24	139.68	146.9	

med_capacite_X : 
163.0	141.0	159.0	159.0	159.0	172.0	157.0	153.0	148.0	145.0	172.0	166.0	162.0	169.0	163.0	

med_capacite_W : 
132.2	106.19999999999999	146.9	126.5	131.2	142.1	146.6	128.1	145.0	135.5	124.19999999999999	142.8	141.4	133.7	138.4	

ecartType_capacite_X : 
8.133879763065103	14.122322755127783	9.810198774744578	17.52027397046062	10.011992808627062	13.77824371971987	13.760813929415658	11.081516141756055	11.706408501329518	10.146920715172657	12.92439553712281	13.13620949893842	12.480384609458156	12.642784503423286	8.555699854482976	

ecartType_capacite_W : 
33.61217636512102	42.98201484342027	21.207489243189542	54.303613139458776	35.65105328037308	40.800656857457575	37.662745518615615	22.893929326352	19.892249747074864	39.234811073841044	49.8120627960738	30.206264250979466	31.59269535826281	30.427776783721818	30.767970358800074	

var_capacite_X : 
66.16000000000001	199.44	96.24000000000001	306.96	100.24000000000001	189.84	189.35999999999999	122.8	137.04000000000002	102.96	167.04000000000002	172.56	155.76000000000002	159.84	73.2	

var_capacite_W : 
1129.7784000000001	1847.4536	449.7576000000002	2948.8823999999995	1270.9976000000001	1664.6936	1418.4824000000008	524.1320000000002	395.70160000000004	1539.3704	2481.2416	912.4184000000001	998.0984000000004	925.8496000000005	946.668	

covar_capacite_X : 
82.70000000000002	249.3	120.30000000000001	383.7	125.30000000000001	237.3	236.7	153.5	171.3	128.7	208.8	215.7	194.70000000000002	199.8	91.5	

covar_capacite_W : 
1412.2230000000002	2309.317	562.1970000000002	3686.1029999999996	1588.747	2080.867	1773.103000000001	655.1650000000002	494.62700000000007	1924.213	3101.5519999999997	1140.5230000000001	1247.6230000000005	1157.3120000000006	1183.335	

##########	##########	##########	##########	##########	##########	##########	##########	##########	##########	##########	##########	##########	##########	##########	##########	##########	##########	##########	##########	##########	##########	##########	##########	##########	##########	##########	##########	##########	##########	##########	##########	##########	##########	##########	##########	##########	##########	##########	##########	##########	##########	##########	##########	##########	##########	##########	##########	##########	##########	nombre de noeuds : 50
nombre de strates : 15
nombre de centres : 5
titre : fenetre
instances : p10_4
temps de calcul : 0.10309600830078125
valeur objective : 1689.0
nombre de solutions : 3
nombre de noeuds : 1.0
faisability : True
centre : [34, 24, 36, 9, 14]
moy_distances :	52.92
min_distances :	1.0
max_distances :	123.0
var_distances :	630.1974177426073
covar_distances :	630.4547462104483
ecartType_distances :	25.103733143550727
coef_variation	: 0.47438601004010245
distances_centre_x :
22.0	-1.0	-1.0	12.0	33.0	-1.0	-1.0	18.0	34.0	0.0	29.0	-1.0	44.0	31.0	-1.0	28.0	40.0	29.0	-1.0	-1.0	5.0	-1.0	-1.0	-1.0	0.0	18.0	-1.0	15.0	-1.0	16.0	27.0	-1.0	-1.0	-1.0	-1.0	47.0	0.0	29.0	-1.0	-1.0	20.0	12.0	17.0	28.0	-1.0	53.0	5.0	20.0	-1.0	9.0	
22.0	-1.0	29.0	12.0	33.0	-1.0	26.0	18.0	34.0	0.0	-1.0	-1.0	-1.0	31.0	-1.0	28.0	47.0	-1.0	-1.0	-1.0	5.0	8.0	23.0	-1.0	0.0	18.0	42.0	24.0	-1.0	16.0	27.0	24.0	-1.0	-1.0	-1.0	47.0	0.0	29.0	28.0	-1.0	20.0	-1.0	17.0	28.0	28.0	53.0	5.0	20.0	-1.0	-1.0	
22.0	27.0	29.0	-1.0	-1.0	-1.0	-1.0	18.0	34.0	-1.0	-1.0	-1.0	-1.0	31.0	-1.0	28.0	47.0	29.0	-1.0	-1.0	-1.0	8.0	23.0	26.0	-1.0	18.0	-1.0	15.0	30.0	16.0	27.0	24.0	-1.0	-1.0	0.0	47.0	0.0	28.0	-1.0	-1.0	-1.0	-1.0	-1.0	28.0	-1.0	-1.0	-1.0	20.0	50.0	13.0	
-1.0	-1.0	-1.0	12.0	-1.0	-1.0	26.0	18.0	34.0	0.0	-1.0	-1.0	-1.0	31.0	-1.0	28.0	-1.0	29.0	-1.0	-1.0	-1.0	-1.0	23.0	-1.0	0.0	18.0	-1.0	15.0	30.0	16.0	27.0	24.0	-1.0	43.0	0.0	47.0	0.0	-1.0	28.0	42.0	20.0	-1.0	17.0	28.0	28.0	-1.0	-1.0	20.0	-1.0	-1.0	
50.0	-1.0	-1.0	12.0	-1.0	-1.0	35.0	18.0	41.0	-1.0	-1.0	7.0	-1.0	41.0	-1.0	-1.0	-1.0	29.0	-1.0	14.0	28.0	30.0	51.0	26.0	-1.0	-1.0	-1.0	15.0	36.0	17.0	-1.0	-1.0	-1.0	-1.0	-1.0	-1.0	0.0	28.0	-1.0	-1.0	20.0	12.0	-1.0	51.0	-1.0	-1.0	-1.0	36.0	-1.0	-1.0	
22.0	-1.0	-1.0	12.0	-1.0	-1.0	-1.0	18.0	34.0	0.0	-1.0	-1.0	-1.0	-1.0	-1.0	28.0	47.0	-1.0	-1.0	-1.0	-1.0	8.0	23.0	26.0	-1.0	18.0	42.0	-1.0	30.0	16.0	-1.0	24.0	43.0	-1.0	0.0	47.0	0.0	-1.0	-1.0	42.0	20.0	12.0	-1.0	-1.0	28.0	53.0	-1.0	20.0	50.0	-1.0	
22.0	-1.0	-1.0	12.0	-1.0	-1.0	-1.0	18.0	34.0	0.0	-1.0	-1.0	-1.0	31.0	-1.0	28.0	40.0	-1.0	-1.0	-1.0	-1.0	8.0	-1.0	26.0	-1.0	18.0	42.0	15.0	-1.0	16.0	27.0	-1.0	-1.0	-1.0	0.0	47.0	-1.0	28.0	28.0	-1.0	-1.0	12.0	-1.0	28.0	28.0	-1.0	-1.0	20.0	-1.0	-1.0	
22.0	-1.0	-1.0	-1.0	-1.0	-1.0	-1.0	18.0	34.0	-1.0	-1.0	7.0	-1.0	31.0	-1.0	28.0	47.0	-1.0	9.0	-1.0	-1.0	-1.0	23.0	26.0	0.0	18.0	42.0	24.0	30.0	16.0	27.0	-1.0	-1.0	29.0	-1.0	47.0	0.0	28.0	-1.0	-1.0	20.0	-1.0	17.0	28.0	-1.0	-1.0	5.0	20.0	-1.0	-1.0	
22.0	-1.0	-1.0	-1.0	-1.0	-1.0	-1.0	18.0	34.0	-1.0	-1.0	-1.0	-1.0	31.0	0.0	28.0	-1.0	29.0	-1.0	-1.0	5.0	-1.0	-1.0	-1.0	0.0	18.0	42.0	15.0	-1.0	16.0	27.0	24.0	-1.0	-1.0	-1.0	47.0	-1.0	28.0	28.0	-1.0	-1.0	-1.0	17.0	28.0	-1.0	53.0	-1.0	20.0	50.0	-1.0	
22.0	-1.0	-1.0	-1.0	33.0	23.0	-1.0	18.0	34.0	0.0	-1.0	-1.0	-1.0	-1.0	-1.0	28.0	47.0	-1.0	-1.0	14.0	-1.0	8.0	-1.0	-1.0	0.0	18.0	42.0	24.0	-1.0	16.0	27.0	24.0	-1.0	-1.0	-1.0	47.0	0.0	28.0	28.0	-1.0	-1.0	-1.0	-1.0	-1.0	-1.0	53.0	5.0	20.0	-1.0	-1.0	
50.0	27.0	-1.0	-1.0	-1.0	-1.0	26.0	41.0	34.0	-1.0	-1.0	-1.0	44.0	31.0	-1.0	28.0	40.0	29.0	-1.0	14.0	-1.0	8.0	-1.0	-1.0	0.0	-1.0	42.0	15.0	-1.0	16.0	27.0	-1.0	-1.0	-1.0	6.0	47.0	0.0	28.0	-1.0	42.0	20.0	12.0	-1.0	28.0	28.0	-1.0	5.0	20.0	50.0	-1.0	
22.0	27.0	29.0	-1.0	-1.0	-1.0	-1.0	18.0	34.0	0.0	29.0	-1.0	-1.0	31.0	-1.0	28.0	-1.0	29.0	-1.0	-1.0	5.0	8.0	-1.0	-1.0	0.0	18.0	42.0	15.0	30.0	16.0	27.0	24.0	-1.0	-1.0	0.0	47.0	0.0	28.0	28.0	-1.0	-1.0	-1.0	17.0	28.0	28.0	-1.0	-1.0	20.0	-1.0	13.0	
22.0	-1.0	29.0	12.0	-1.0	-1.0	-1.0	18.0	34.0	-1.0	29.0	-1.0	-1.0	31.0	-1.0	28.0	47.0	29.0	9.0	-1.0	5.0	8.0	-1.0	26.0	0.0	18.0	-1.0	-1.0	-1.0	16.0	27.0	-1.0	-1.0	29.0	-1.0	47.0	-1.0	28.0	-1.0	-1.0	-1.0	-1.0	17.0	28.0	-1.0	-1.0	-1.0	20.0	50.0	9.0	
22.0	-1.0	-1.0	12.0	33.0	23.0	-1.0	18.0	34.0	0.0	-1.0	-1.0	-1.0	31.0	0.0	28.0	40.0	29.0	-1.0	-1.0	5.0	-1.0	23.0	-1.0	-1.0	18.0	-1.0	24.0	30.0	16.0	27.0	24.0	43.0	29.0	-1.0	47.0	0.0	28.0	28.0	42.0	-1.0	-1.0	-1.0	-1.0	-1.0	53.0	5.0	20.0	-1.0	9.0	
22.0	27.0	-1.0	-1.0	33.0	-1.0	-1.0	18.0	34.0	0.0	-1.0	7.0	-1.0	31.0	-1.0	28.0	-1.0	29.0	-1.0	-1.0	5.0	8.0	-1.0	26.0	-1.0	-1.0	42.0	15.0	30.0	16.0	-1.0	24.0	-1.0	-1.0	-1.0	47.0	0.0	28.0	28.0	42.0	-1.0	12.0	-1.0	28.0	-1.0	53.0	5.0	20.0	-1.0	13.0	

distances_centre_w :
50.0	-1.0	-1.0	14.0	47.0	-1.0	-1.0	24.0	41.0	24.0	38.0	-1.0	48.0	58.0	-1.0	48.0	47.0	60.0	-1.0	-1.0	29.0	-1.0	-1.0	-1.0	6.0	41.0	-1.0	24.0	-1.0	56.0	39.0	-1.0	-1.0	-1.0	-1.0	54.0	24.0	60.0	-1.0	-1.0	39.0	17.0	33.0	51.0	-1.0	64.0	22.0	36.0	-1.0	26.0	
50.0	-1.0	50.0	14.0	47.0	-1.0	49.0	24.0	55.0	24.0	-1.0	-1.0	-1.0	34.0	-1.0	48.0	54.0	-1.0	-1.0	-1.0	28.0	30.0	51.0	-1.0	6.0	41.0	61.0	51.0	-1.0	17.0	39.0	48.0	-1.0	-1.0	-1.0	59.0	60.0	60.0	37.0	-1.0	39.0	-1.0	33.0	54.0	31.0	64.0	22.0	36.0	-1.0	-1.0	
50.0	37.0	50.0	-1.0	-1.0	-1.0	-1.0	24.0	41.0	-1.0	-1.0	-1.0	-1.0	34.0	-1.0	48.0	59.0	60.0	-1.0	-1.0	-1.0	30.0	51.0	41.0	-1.0	41.0	-1.0	24.0	36.0	17.0	39.0	53.0	-1.0	-1.0	6.0	54.0	24.0	29.0	-1.0	-1.0	-1.0	-1.0	-1.0	51.0	-1.0	-1.0	-1.0	36.0	62.0	26.0	
-1.0	-1.0	-1.0	14.0	-1.0	-1.0	49.0	41.0	41.0	24.0	-1.0	-1.0	-1.0	41.0	-1.0	48.0	-1.0	33.0	-1.0	-1.0	-1.0	-1.0	51.0	-1.0	6.0	41.0	-1.0	24.0	41.0	17.0	39.0	48.0	-1.0	54.0	6.0	54.0	24.0	-1.0	37.0	46.0	39.0	-1.0	33.0	52.0	31.0	-1.0	-1.0	36.0	-1.0	-1.0	
51.0	-1.0	-1.0	-1.0	-1.0	-1.0	-1.0	24.0	52.0	-1.0	-1.0	13.0	-1.0	45.0	-1.0	48.0	47.0	49.0	-1.0	15.0	29.0	31.0	52.0	-1.0	-1.0	41.0	-1.0	-1.0	45.0	18.0	39.0	-1.0	-1.0	-1.0	-1.0	54.0	-1.0	29.0	-1.0	-1.0	-1.0	17.0	33.0	52.0	-1.0	-1.0	22.0	38.0	-1.0	-1.0	
50.0	-1.0	-1.0	14.0	-1.0	-1.0	-1.0	24.0	41.0	24.0	-1.0	-1.0	-1.0	-1.0	-1.0	48.0	54.0	-1.0	-1.0	-1.0	-1.0	30.0	51.0	41.0	-1.0	41.0	61.0	-1.0	45.0	17.0	-1.0	48.0	66.0	-1.0	6.0	54.0	24.0	-1.0	-1.0	46.0	39.0	17.0	-1.0	-1.0	31.0	64.0	-1.0	36.0	62.0	-1.0	
50.0	-1.0	-1.0	14.0	-1.0	-1.0	-1.0	24.0	52.0	24.0	-1.0	-1.0	-1.0	41.0	-1.0	48.0	47.0	-1.0	-1.0	-1.0	-1.0	30.0	-1.0	41.0	-1.0	41.0	61.0	24.0	-1.0	17.0	39.0	-1.0	-1.0	-1.0	6.0	54.0	-1.0	29.0	37.0	-1.0	-1.0	17.0	-1.0	51.0	31.0	-1.0	-1.0	36.0	-1.0	-1.0	
50.0	-1.0	-1.0	-1.0	-1.0	-1.0	-1.0	24.0	41.0	-1.0	-1.0	36.0	-1.0	34.0	-1.0	48.0	54.0	-1.0	33.0	-1.0	-1.0	-1.0	51.0	41.0	6.0	41.0	61.0	51.0	59.0	17.0	39.0	-1.0	-1.0	54.0	-1.0	54.0	24.0	29.0	-1.0	-1.0	39.0	-1.0	33.0	51.0	-1.0	-1.0	22.0	36.0	-1.0	-1.0	
50.0	-1.0	-1.0	-1.0	-1.0	-1.0	-1.0	24.0	55.0	-1.0	-1.0	-1.0	-1.0	34.0	31.0	48.0	-1.0	60.0	-1.0	-1.0	28.0	-1.0	-1.0	-1.0	6.0	41.0	61.0	51.0	-1.0	56.0	39.0	48.0	-1.0	-1.0	-1.0	54.0	-1.0	29.0	37.0	-1.0	-1.0	-1.0	33.0	51.0	-1.0	64.0	-1.0	36.0	62.0	-1.0	
50.0	-1.0	-1.0	-1.0	47.0	43.0	-1.0	24.0	41.0	24.0	-1.0	-1.0	-1.0	-1.0	-1.0	48.0	54.0	-1.0	-1.0	15.0	-1.0	30.0	-1.0	-1.0	6.0	41.0	61.0	57.0	-1.0	17.0	39.0	48.0	-1.0	-1.0	-1.0	54.0	60.0	29.0	37.0	-1.0	-1.0	-1.0	-1.0	-1.0	-1.0	64.0	22.0	36.0	-1.0	-1.0	
51.0	37.0	-1.0	-1.0	-1.0	-1.0	32.0	45.0	52.0	-1.0	-1.0	-1.0	48.0	34.0	-1.0	48.0	47.0	60.0	-1.0	15.0	-1.0	30.0	-1.0	-1.0	6.0	-1.0	61.0	24.0	-1.0	18.0	39.0	-1.0	-1.0	-1.0	31.0	59.0	24.0	29.0	-1.0	46.0	39.0	17.0	-1.0	51.0	31.0	-1.0	22.0	36.0	62.0	-1.0	
50.0	37.0	50.0	-1.0	-1.0	-1.0	-1.0	24.0	41.0	24.0	38.0	-1.0	-1.0	58.0	-1.0	48.0	-1.0	60.0	-1.0	-1.0	28.0	30.0	-1.0	-1.0	6.0	41.0	61.0	24.0	41.0	18.0	39.0	48.0	-1.0	-1.0	6.0	54.0	24.0	29.0	37.0	-1.0	-1.0	-1.0	33.0	51.0	31.0	-1.0	-1.0	36.0	-1.0	26.0	
50.0	-1.0	50.0	14.0	-1.0	-1.0	-1.0	24.0	52.0	-1.0	38.0	-1.0	-1.0	34.0	-1.0	48.0	54.0	60.0	33.0	-1.0	29.0	30.0	-1.0	41.0	6.0	41.0	-1.0	-1.0	-1.0	17.0	39.0	-1.0	-1.0	54.0	-1.0	54.0	-1.0	29.0	-1.0	-1.0	-1.0	-1.0	33.0	51.0	-1.0	-1.0	-1.0	36.0	62.0	26.0	
50.0	-1.0	-1.0	14.0	47.0	43.0	-1.0	24.0	41.0	24.0	-1.0	-1.0	-1.0	34.0	31.0	48.0	59.0	60.0	-1.0	-1.0	28.0	-1.0	52.0	-1.0	-1.0	41.0	-1.0	51.0	36.0	56.0	39.0	48.0	66.0	54.0	-1.0	54.0	24.0	60.0	37.0	46.0	-1.0	-1.0	-1.0	-1.0	-1.0	64.0	22.0	36.0	-1.0	13.0	
50.0	37.0	-1.0	-1.0	47.0	-1.0	-1.0	24.0	52.0	24.0	-1.0	36.0	-1.0	58.0	-1.0	48.0	-1.0	60.0	-1.0	-1.0	28.0	30.0	-1.0	41.0	-1.0	-1.0	61.0	24.0	41.0	17.0	-1.0	48.0	-1.0	-1.0	-1.0	54.0	24.0	29.0	37.0	46.0	-1.0	17.0	-1.0	51.0	-1.0	64.0	22.0	36.0	-1.0	26.0	

maxX :
53.0	53.0	50.0	47.0	51.0	53.0	47.0	47.0	53.0	53.0	50.0	47.0	50.0	53.0	53.0	

maxW :
64.0	64.0	62.0	54.0	54.0	66.0	61.0	61.0	64.0	64.0	62.0	61.0	62.0	66.0	64.0	

minX :
0.0	0.0	0.0	0.0	0.0	0.0	0.0	0.0	0.0	0.0	0.0	0.0	0.0	0.0	0.0	

minW :
6.0	6.0	6.0	6.0	13.0	6.0	6.0	6.0	6.0	6.0	6.0	6.0	6.0	13.0	17.0	

moyX :
22.103448275862068	23.1875	24.53846153846154	22.37037037037037	27.136363636363637	25.5	22.956521739130434	22.923076923076923	25.217391304347824	23.291666666666668	26.137931034482758	21.366666666666667	23.692307692307693	23.903225806451612	23.137931034482758	

moyW :
38.62068965517241	41.125	39.34615384615385	35.925925925925924	36.69565217391305	39.76923076923077	35.391304347826086	39.53846153846154	43.391304347826086	39.458333333333336	37.724137931034484	36.43333333333333	38.65384615384615	42.0	39.03448275862069	

medX :
20.0	24.0	26.5	24.0	28.0	23.5	26.0	23.5	27.0	23.5	28.0	25.5	26.5	24.0	26.0	

medW :
39.0	44.0	40.0	39.0	39.0	41.0	37.0	40.0	48.0	41.0	37.0	37.0	38.5	43.0	37.0	

ecartTypeX :
13.812400294753155	13.265174094221305	12.08696299970398	12.436946594866704	14.20081769267164	15.370426148939398	11.90351888370598	12.203161875649837	13.802824291140501	14.507122292936742	14.521622731425866	12.015221827147242	12.4553640924124	13.513087655353587	13.454198518988308	

ecartTypeW :
15.134828053665853	14.884450779252823	13.944787577862774	13.539861386472293	13.297383798289685	16.215632752443863	14.165908649426417	13.479987357991016	14.224104252181844	15.508006444701037	14.738868509709022	14.120158954094281	14.231444890405157	14.285115194811425	13.780252634240629	

varX :
190.78240190249704	175.96484375	146.09467455621302	154.67764060356652	201.66322314049586	236.25	141.69376181474485	148.91715976331363	190.5179584120983	210.4565972222222	210.87752675386443	144.3655555555555	155.1360946745562	182.6035379812695	181.01545778834716	

varW :
229.0630202140309	221.546875	194.45710059171594	183.3278463648834	176.82041587901702	262.94674556213016	200.67296786389414	181.7100591715976	202.3251417769376	240.4982638888889	217.23424494649223	199.3788888888889	202.53402366863904	204.06451612903226	189.8953626634958	

covarX :
197.59605911330053	181.64112903225805	151.93846153846155	160.6267806267806	211.26623376623374	245.70000000000002	148.1343873517787	154.8738461538462	199.17786561264822	219.60688405797103	218.40886699507388	149.34367816091947	161.34153846153845	188.69032258064516	187.4802955665024	

covarW :
237.24384236453201	228.69354838709677	202.23538461538453	190.37891737891738	184.85770750988144	273.4646153846154	209.794466403162	188.97846153846152	211.52173913043478	250.9547101449275	224.99261083743832	206.25402298850577	210.63538461538457	210.86666666666667	196.67733990147784	

coef_variationX :
0.6248979852540429	0.5720829798046924	0.4925721598625446	0.555956221955962	0.52331321480532	0.6027618097623293	0.5185244968281014	0.532352699273315	0.5473533770624682	0.6228460376216133	0.5555765952656334	0.5623348749054872	0.525713419484939	0.5653248546774106	0.581478028391447	

coef_variationW :
0.39188394067527654	0.36193193384201394	0.3544129785185065	0.3768827396234556	0.3623694636974677	0.40774318333030996	0.40026523210910026	0.34093353240055096	0.3278100178358541	0.39302233861966723	0.3907012676248278	0.38756154494311845	0.36817668373187473	0.340121790352653	0.35302767349203024	

moy_distances_centre :	52.4
min_distances_centre :	6.0
max_distances_centre :	85.0
med_distances_centre :	62.0
ecartType_distances_centre :	25.69513572643663
var_distances_centre :	660.24
covar_distances_centre :	694.9894736842105
coef_variation_distances_centre :	0.49036518561901965
capacite_X_temoin : 
175.0	162.0	153.0	163.0	166.0	
144.0	168.0	138.0	141.0	135.0	
153.0	138.0	159.0	150.0	163.0	
135.0	142.0	175.0	174.0	136.0	
151.0	0.0	159.0	159.0	174.0	
175.0	163.0	150.0	172.0	144.0	
157.0	168.0	139.0	166.0	175.0	
157.0	168.0	153.0	136.0	163.0	
138.0	175.0	160.0	148.0	145.0	
145.0	165.0	163.0	160.0	145.0	
175.0	174.0	150.0	172.0	144.0	
166.0	178.0	172.0	150.0	141.0	
162.0	154.0	178.0	163.0	162.0	
139.0	141.0	165.0	171.0	174.0	
171.0	159.0	163.0	159.0	178.0	

capacite_W_temoin : 
128.5	115.6	135.9	204.9	132.8	
81.19999999999999	92.4	120.4	177.3	102.5	
115.9	45.4	190.7	183.0	160.9	
111.5	81.6	149.5	197.2	90.8	
111.3	0.0	71.69999999999999	193.7	105.19999999999999	
115.5	114.9	129.0	214.6	134.2	
119.1	116.4	129.7	205.8	196.5	
112.1	104.4	166.9	176.8	145.9	
72.4	115.5	180.0	192.4	147.5	
85.5	128.5	168.9	208.0	142.5	
131.5	121.19999999999999	53.0	223.6	123.19999999999999	
126.8	101.4	178.6	183.0	112.3	
125.6	85.19999999999999	201.4	211.9	131.6	
74.69999999999999	48.3	173.5	222.3	143.2	
146.3	81.69999999999999	149.9	204.7	158.4	

demande_cumulee_X : 
99.0	95.0	63.0	7.0	83.0	
106.0	126.0	59.0	6.0	73.0	
83.0	134.0	16.0	12.0	51.0	
64.0	103.0	78.0	29.0	86.0	
85.0	0.0	135.0	13.0	121.0	
112.0	97.0	66.0	9.0	53.0	
85.0	102.0	51.0	10.0	31.0	
92.0	114.0	32.0	0.0	66.0	
107.0	112.0	28.0	0.0	41.0	
103.0	86.0	43.0	0.0	46.0	
96.0	105.0	142.0	0.0	64.0	
89.0	130.0	45.0	12.0	71.0	
85.0	115.0	30.0	0.0	79.0	
106.0	135.0	41.0	0.0	83.0	
76.0	125.0	62.0	2.0	73.0	

demande_cumulee_W : 
77.0	26.0	53.0	61.0	130.0	
78.0	24.0	87.0	80.0	101.0	
10.0	37.0	102.0	22.0	125.0	
104.0	42.0	101.0	36.0	77.0	
57.0	0.0	63.0	166.0	68.0	
47.0	15.0	102.0	64.0	109.0	
31.0	18.0	106.0	33.0	91.0	
58.0	19.0	78.0	29.0	120.0	
22.0	17.0	44.0	67.0	138.0	
33.0	0.0	103.0	45.0	97.0	
30.0	60.0	50.0	145.0	122.0	
51.0	47.0	86.0	57.0	106.0	
36.0	39.0	107.0	28.0	99.0	
48.0	41.0	62.0	83.0	131.0	
52.0	37.0	99.0	70.0	80.0	

capacite_residuelle_X : 
76.0	67.0	90.0	156.0	83.0	
38.0	42.0	79.0	135.0	62.0	
70.0	4.0	143.0	138.0	112.0	
71.0	39.0	97.0	145.0	50.0	
66.0	0.0	24.0	146.0	53.0	
63.0	66.0	84.0	163.0	91.0	
72.0	66.0	88.0	156.0	144.0	
65.0	54.0	121.0	136.0	97.0	
31.0	63.0	132.0	148.0	104.0	
42.0	79.0	120.0	160.0	99.0	
79.0	69.0	8.0	172.0	80.0	
77.0	48.0	127.0	138.0	70.0	
77.0	39.0	148.0	163.0	83.0	
33.0	6.0	124.0	171.0	91.0	
95.0	34.0	101.0	157.0	105.0	

capacite_residuelle_W : 
51.5	89.6	82.9	143.9	2.8000000000000114	
3.1999999999999886	68.4	33.400000000000006	97.30000000000001	1.5	
105.9	8.399999999999999	88.69999999999999	161.0	35.900000000000006	
7.5	39.599999999999994	48.5	161.2	13.799999999999997	
54.3	0.0	8.699999999999989	27.69999999999999	37.19999999999999	
68.5	99.9	27.0	150.6	25.19999999999999	
88.1	98.4	23.69999999999999	172.8	105.5	
54.099999999999994	85.4	88.9	147.8	25.900000000000006	
50.400000000000006	98.5	136.0	125.4	9.5	
52.5	128.5	65.9	163.0	45.5	
101.5	61.19999999999999	3.0	78.6	1.1999999999999886	
75.8	54.400000000000006	92.6	126.0	6.299999999999997	
89.6	46.19999999999999	94.4	183.9	32.599999999999994	
26.69999999999999	7.299999999999997	111.5	139.3	12.199999999999989	
94.30000000000001	44.69999999999999	50.900000000000006	134.7	78.4	

min_capacite_X : 
153.0	135.0	138.0	135.0	0.0	144.0	139.0	136.0	138.0	145.0	144.0	141.0	154.0	139.0	159.0	

min_capacite_W : 
115.6	81.19999999999999	45.4	81.6	0.0	114.9	116.4	104.4	72.4	85.5	53.0	101.4	85.19999999999999	48.3	81.69999999999999	

max_capacite_X : 
175.0	168.0	163.0	175.0	174.0	175.0	175.0	168.0	175.0	165.0	175.0	178.0	178.0	174.0	178.0	

max_capacite_W : 
204.9	177.3	190.7	197.2	193.7	214.6	205.8	176.8	192.4	208.0	223.6	183.0	211.9	222.3	204.7	

moy_capacite_X : 
163.8	145.2	152.6	152.4	128.6	160.8	161.0	155.4	153.2	155.6	163.0	161.4	163.8	158.0	166.0	

moy_capacite_W : 
143.54000000000002	114.75999999999999	139.18	126.11999999999998	96.38	141.64000000000001	153.5	141.22	141.56	146.68	130.5	140.42	151.14000000000001	132.4	148.2	

med_capacite_X : 
163.0	141.0	153.0	142.0	159.0	163.0	166.0	157.0	148.0	160.0	172.0	166.0	162.0	165.0	163.0	

med_capacite_W : 
132.8	102.5	160.9	111.5	105.19999999999999	129.0	129.7	145.9	147.5	142.5	123.19999999999999	126.8	131.6	143.2	149.9	

ecartType_capacite_X : 
7.0823724838503095	11.7881296226331	8.593020423576334	18.20549367636044	64.72897341994542	12.08966500776593	12.409673645990857	10.965400129498239	13.013838787997951	8.8	13.236313686219438	13.821722034536798	7.807688518377255	14.99333185119305	7.429670248402684	

ecartType_capacite_W : 
31.450316373607436	33.82192188507331	53.63377294205583	42.525916803756274	62.72126911981293	37.24677704177906	39.269581102935135	28.813149775753434	43.72608374871914	40.853024367848214	54.43278423891249	33.969303790334	48.16644475150726	63.70237044255104	39.30658977830562	

var_capacite_X : 
50.16	138.95999999999998	73.84	331.44	4189.84	146.16	154.0	120.23999999999998	169.35999999999999	77.44000000000001	175.2	191.04000000000002	60.960000000000015	224.8	55.2	

var_capacite_W : 
989.1224	1143.9224000000006	2876.5816	1808.4536	3933.957599999999	1387.3223999999996	1542.1000000000004	830.1976000000001	1911.9704000000002	1668.9696	2962.928	1153.9135999999999	2320.006400000001	4057.9920000000006	1545.008	

covar_capacite_X : 
62.699999999999996	173.69999999999996	92.3	414.3	5237.3	182.7	192.5	150.29999999999998	211.7	96.80000000000001	219.0	238.8	76.20000000000002	281.0	69.0	

covar_capacite_W : 
1236.403	1429.9030000000007	3595.727	2260.567	4917.446999999998	1734.1529999999996	1927.6250000000005	1037.747	2389.963	2086.212	3703.66	1442.3919999999998	2900.008000000001	5072.490000000001	1931.26	

##########	##########	##########	##########	##########	##########	##########	##########	##########	##########	##########	##########	##########	##########	##########	##########	##########	##########	##########	##########	##########	##########	##########	##########	##########	##########	##########	##########	##########	##########	##########	##########	##########	##########	##########	##########	##########	##########	##########	##########	##########	##########	##########	##########	##########	##########	##########	##########	##########	##########	nombre de noeuds : 50
nombre de strates : 15
nombre de centres : 5
titre : fenetre
instances : p10_4
temps de calcul : 0.11288809776306152
valeur objective : 1427.0
nombre de solutions : 3
nombre de noeuds : 1.0
faisability : True
centre : [24, 36, 9, 14, 12]
moy_distances :	52.92
min_distances :	1.0
max_distances :	123.0
var_distances :	630.1974177426073
covar_distances :	630.4547462104483
ecartType_distances :	25.103733143550727
coef_variation	: 0.47438601004010245
distances_centre_x :
22.0	-1.0	-1.0	12.0	33.0	-1.0	-1.0	18.0	34.0	0.0	29.0	-1.0	0.0	31.0	-1.0	28.0	29.0	29.0	-1.0	-1.0	5.0	-1.0	-1.0	-1.0	0.0	18.0	-1.0	15.0	-1.0	16.0	27.0	-1.0	-1.0	-1.0	-1.0	23.0	0.0	24.0	-1.0	-1.0	20.0	12.0	17.0	28.0	-1.0	29.0	5.0	20.0	-1.0	9.0	
22.0	-1.0	29.0	12.0	33.0	-1.0	26.0	18.0	34.0	0.0	-1.0	-1.0	-1.0	31.0	-1.0	28.0	40.0	-1.0	-1.0	-1.0	5.0	8.0	23.0	-1.0	0.0	18.0	42.0	15.0	-1.0	16.0	27.0	24.0	-1.0	-1.0	-1.0	23.0	0.0	24.0	28.0	-1.0	20.0	-1.0	17.0	28.0	28.0	29.0	5.0	20.0	-1.0	-1.0	
22.0	27.0	29.0	-1.0	-1.0	-1.0	-1.0	18.0	34.0	-1.0	-1.0	-1.0	-1.0	31.0	-1.0	28.0	29.0	29.0	-1.0	-1.0	-1.0	8.0	23.0	26.0	-1.0	18.0	-1.0	15.0	30.0	16.0	27.0	24.0	-1.0	-1.0	6.0	23.0	0.0	24.0	-1.0	-1.0	-1.0	-1.0	-1.0	28.0	-1.0	-1.0	-1.0	20.0	32.0	9.0	
-1.0	-1.0	-1.0	12.0	-1.0	-1.0	26.0	18.0	34.0	0.0	-1.0	-1.0	-1.0	31.0	-1.0	28.0	-1.0	29.0	-1.0	-1.0	-1.0	-1.0	23.0	-1.0	0.0	18.0	-1.0	15.0	30.0	16.0	27.0	24.0	-1.0	29.0	6.0	23.0	0.0	-1.0	28.0	2.0	20.0	-1.0	17.0	28.0	28.0	-1.0	-1.0	20.0	-1.0	-1.0	
50.0	-1.0	-1.0	12.0	-1.0	-1.0	26.0	-1.0	41.0	-1.0	-1.0	7.0	-1.0	41.0	-1.0	-1.0	-1.0	29.0	-1.0	14.0	29.0	30.0	51.0	26.0	-1.0	-1.0	-1.0	15.0	36.0	17.0	-1.0	-1.0	-1.0	-1.0	-1.0	-1.0	0.0	-1.0	-1.0	-1.0	20.0	12.0	-1.0	51.0	-1.0	-1.0	-1.0	36.0	-1.0	-1.0	
22.0	-1.0	-1.0	12.0	-1.0	-1.0	-1.0	18.0	34.0	0.0	-1.0	-1.0	-1.0	-1.0	-1.0	28.0	29.0	-1.0	-1.0	-1.0	-1.0	8.0	23.0	26.0	-1.0	18.0	42.0	-1.0	30.0	16.0	-1.0	24.0	43.0	-1.0	6.0	23.0	0.0	-1.0	-1.0	2.0	20.0	12.0	-1.0	-1.0	28.0	29.0	-1.0	20.0	32.0	-1.0	
22.0	-1.0	-1.0	12.0	-1.0	-1.0	-1.0	18.0	34.0	0.0	-1.0	-1.0	-1.0	31.0	-1.0	28.0	29.0	-1.0	-1.0	-1.0	-1.0	8.0	-1.0	26.0	-1.0	18.0	42.0	24.0	-1.0	16.0	27.0	-1.0	-1.0	-1.0	6.0	23.0	-1.0	24.0	28.0	-1.0	-1.0	12.0	-1.0	28.0	28.0	-1.0	-1.0	20.0	-1.0	-1.0	
22.0	-1.0	-1.0	-1.0	-1.0	-1.0	-1.0	18.0	34.0	-1.0	-1.0	7.0	-1.0	31.0	-1.0	28.0	29.0	-1.0	9.0	-1.0	-1.0	-1.0	23.0	26.0	0.0	18.0	42.0	15.0	30.0	16.0	27.0	-1.0	-1.0	29.0	-1.0	23.0	0.0	24.0	-1.0	-1.0	20.0	-1.0	17.0	28.0	-1.0	-1.0	5.0	20.0	-1.0	-1.0	
22.0	-1.0	-1.0	-1.0	-1.0	-1.0	-1.0	18.0	34.0	-1.0	-1.0	-1.0	-1.0	31.0	0.0	28.0	-1.0	29.0	-1.0	-1.0	5.0	-1.0	-1.0	-1.0	0.0	18.0	42.0	15.0	-1.0	16.0	27.0	24.0	-1.0	-1.0	-1.0	23.0	-1.0	24.0	28.0	-1.0	-1.0	-1.0	17.0	28.0	-1.0	29.0	-1.0	20.0	32.0	-1.0	
22.0	-1.0	-1.0	-1.0	33.0	23.0	-1.0	18.0	34.0	0.0	-1.0	-1.0	-1.0	-1.0	-1.0	28.0	29.0	-1.0	-1.0	14.0	-1.0	8.0	-1.0	-1.0	0.0	18.0	42.0	15.0	-1.0	16.0	27.0	24.0	-1.0	-1.0	-1.0	23.0	0.0	24.0	28.0	-1.0	-1.0	-1.0	-1.0	-1.0	-1.0	29.0	5.0	20.0	-1.0	-1.0	
22.0	27.0	-1.0	-1.0	-1.0	-1.0	42.0	18.0	34.0	-1.0	-1.0	-1.0	0.0	31.0	-1.0	28.0	29.0	29.0	-1.0	14.0	-1.0	8.0	-1.0	-1.0	0.0	-1.0	42.0	15.0	-1.0	16.0	27.0	-1.0	-1.0	-1.0	31.0	23.0	0.0	24.0	-1.0	2.0	20.0	12.0	-1.0	28.0	28.0	-1.0	5.0	20.0	32.0	-1.0	
22.0	27.0	29.0	-1.0	-1.0	-1.0	-1.0	18.0	34.0	0.0	29.0	-1.0	-1.0	31.0	-1.0	28.0	-1.0	29.0	-1.0	-1.0	5.0	8.0	-1.0	-1.0	0.0	18.0	42.0	15.0	30.0	16.0	27.0	24.0	-1.0	-1.0	6.0	23.0	0.0	24.0	28.0	-1.0	-1.0	-1.0	17.0	28.0	28.0	-1.0	-1.0	20.0	-1.0	9.0	
22.0	-1.0	29.0	12.0	-1.0	-1.0	-1.0	18.0	34.0	-1.0	29.0	-1.0	-1.0	31.0	-1.0	28.0	29.0	29.0	9.0	-1.0	5.0	8.0	-1.0	26.0	0.0	18.0	-1.0	-1.0	-1.0	16.0	27.0	-1.0	-1.0	29.0	-1.0	23.0	-1.0	24.0	-1.0	-1.0	-1.0	-1.0	17.0	28.0	-1.0	-1.0	-1.0	20.0	32.0	9.0	
22.0	-1.0	-1.0	12.0	33.0	23.0	-1.0	18.0	34.0	0.0	-1.0	-1.0	-1.0	31.0	0.0	28.0	40.0	29.0	-1.0	-1.0	5.0	-1.0	23.0	-1.0	-1.0	18.0	-1.0	15.0	30.0	16.0	27.0	24.0	43.0	29.0	-1.0	23.0	0.0	24.0	28.0	2.0	-1.0	-1.0	-1.0	-1.0	-1.0	29.0	5.0	20.0	-1.0	9.0	
22.0	27.0	-1.0	-1.0	33.0	-1.0	-1.0	18.0	34.0	0.0	-1.0	7.0	-1.0	31.0	-1.0	28.0	-1.0	29.0	-1.0	-1.0	5.0	8.0	-1.0	26.0	-1.0	-1.0	42.0	15.0	30.0	16.0	-1.0	24.0	-1.0	-1.0	-1.0	23.0	0.0	24.0	28.0	2.0	-1.0	12.0	-1.0	28.0	-1.0	29.0	5.0	20.0	-1.0	9.0	

distances_centre_w :
50.0	-1.0	-1.0	14.0	47.0	-1.0	-1.0	37.0	41.0	24.0	38.0	-1.0	44.0	34.0	-1.0	48.0	40.0	33.0	-1.0	-1.0	29.0	-1.0	-1.0	-1.0	32.0	41.0	-1.0	24.0	-1.0	17.0	39.0	-1.0	-1.0	-1.0	-1.0	47.0	24.0	28.0	-1.0	-1.0	39.0	27.0	33.0	51.0	-1.0	53.0	22.0	36.0	-1.0	26.0	
50.0	-1.0	50.0	14.0	47.0	-1.0	42.0	37.0	41.0	24.0	-1.0	-1.0	-1.0	34.0	-1.0	48.0	47.0	-1.0	-1.0	-1.0	29.0	30.0	51.0	-1.0	32.0	41.0	52.0	24.0	-1.0	17.0	39.0	48.0	-1.0	-1.0	-1.0	47.0	24.0	28.0	37.0	-1.0	39.0	-1.0	33.0	52.0	31.0	53.0	22.0	36.0	-1.0	-1.0	
50.0	48.0	50.0	-1.0	-1.0	-1.0	-1.0	37.0	41.0	-1.0	-1.0	-1.0	-1.0	34.0	-1.0	48.0	40.0	33.0	-1.0	-1.0	-1.0	30.0	51.0	41.0	-1.0	41.0	-1.0	24.0	36.0	17.0	39.0	48.0	-1.0	-1.0	31.0	47.0	24.0	28.0	-1.0	-1.0	-1.0	-1.0	-1.0	51.0	-1.0	-1.0	-1.0	36.0	50.0	26.0	
-1.0	-1.0	-1.0	14.0	-1.0	-1.0	49.0	37.0	41.0	24.0	-1.0	-1.0	-1.0	41.0	-1.0	48.0	-1.0	33.0	-1.0	-1.0	-1.0	-1.0	51.0	-1.0	44.0	41.0	-1.0	24.0	41.0	17.0	43.0	48.0	-1.0	37.0	48.0	47.0	24.0	-1.0	37.0	42.0	39.0	-1.0	33.0	51.0	31.0	-1.0	-1.0	36.0	-1.0	-1.0	
60.0	-1.0	-1.0	-1.0	-1.0	-1.0	-1.0	-1.0	52.0	-1.0	-1.0	55.0	-1.0	-1.0	-1.0	-1.0	-1.0	-1.0	-1.0	56.0	59.0	56.0	60.0	-1.0	-1.0	41.0	-1.0	-1.0	41.0	-1.0	-1.0	-1.0	-1.0	-1.0	-1.0	-1.0	-1.0	28.0	-1.0	-1.0	-1.0	-1.0	33.0	52.0	-1.0	-1.0	22.0	45.0	-1.0	-1.0	
50.0	-1.0	-1.0	14.0	-1.0	-1.0	-1.0	37.0	41.0	24.0	-1.0	-1.0	-1.0	-1.0	-1.0	48.0	40.0	-1.0	-1.0	-1.0	-1.0	30.0	51.0	41.0	-1.0	66.0	52.0	-1.0	59.0	17.0	-1.0	48.0	66.0	-1.0	48.0	47.0	24.0	-1.0	-1.0	42.0	39.0	27.0	-1.0	-1.0	31.0	53.0	-1.0	36.0	50.0	-1.0	
50.0	-1.0	-1.0	14.0	-1.0	-1.0	-1.0	45.0	41.0	24.0	-1.0	-1.0	-1.0	34.0	-1.0	48.0	40.0	-1.0	-1.0	-1.0	-1.0	30.0	-1.0	41.0	-1.0	41.0	52.0	51.0	-1.0	17.0	39.0	-1.0	-1.0	-1.0	31.0	47.0	-1.0	28.0	37.0	-1.0	-1.0	27.0	-1.0	51.0	31.0	-1.0	-1.0	36.0	-1.0	-1.0	
50.0	-1.0	-1.0	-1.0	-1.0	-1.0	-1.0	37.0	41.0	-1.0	-1.0	36.0	-1.0	34.0	-1.0	48.0	40.0	-1.0	33.0	-1.0	-1.0	-1.0	51.0	41.0	32.0	41.0	52.0	24.0	36.0	17.0	39.0	-1.0	-1.0	37.0	-1.0	47.0	24.0	28.0	-1.0	-1.0	39.0	-1.0	33.0	51.0	-1.0	-1.0	22.0	36.0	-1.0	-1.0	
50.0	-1.0	-1.0	-1.0	-1.0	-1.0	-1.0	37.0	41.0	-1.0	-1.0	-1.0	-1.0	34.0	32.0	48.0	-1.0	33.0	-1.0	-1.0	29.0	-1.0	-1.0	-1.0	32.0	41.0	52.0	24.0	-1.0	17.0	39.0	48.0	-1.0	-1.0	-1.0	47.0	-1.0	28.0	37.0	-1.0	-1.0	-1.0	33.0	51.0	-1.0	53.0	-1.0	36.0	50.0	-1.0	
50.0	-1.0	-1.0	-1.0	47.0	43.0	-1.0	37.0	41.0	24.0	-1.0	-1.0	-1.0	-1.0	-1.0	48.0	40.0	-1.0	-1.0	18.0	-1.0	30.0	-1.0	-1.0	32.0	41.0	52.0	51.0	-1.0	17.0	39.0	48.0	-1.0	-1.0	-1.0	47.0	24.0	28.0	37.0	-1.0	-1.0	-1.0	-1.0	-1.0	-1.0	53.0	22.0	36.0	-1.0	-1.0	
50.0	48.0	-1.0	-1.0	-1.0	-1.0	49.0	37.0	41.0	-1.0	-1.0	-1.0	44.0	41.0	-1.0	48.0	40.0	33.0	-1.0	18.0	-1.0	30.0	-1.0	-1.0	32.0	-1.0	52.0	51.0	-1.0	17.0	39.0	-1.0	-1.0	-1.0	48.0	47.0	24.0	28.0	-1.0	42.0	39.0	27.0	-1.0	51.0	31.0	-1.0	22.0	36.0	50.0	-1.0	
50.0	48.0	50.0	-1.0	-1.0	-1.0	-1.0	37.0	41.0	24.0	38.0	-1.0	-1.0	34.0	-1.0	48.0	-1.0	33.0	-1.0	-1.0	29.0	30.0	-1.0	-1.0	32.0	41.0	52.0	24.0	36.0	17.0	43.0	48.0	-1.0	-1.0	31.0	47.0	24.0	28.0	37.0	-1.0	-1.0	-1.0	33.0	51.0	31.0	-1.0	-1.0	36.0	-1.0	26.0	
50.0	-1.0	50.0	14.0	-1.0	-1.0	-1.0	37.0	41.0	-1.0	38.0	-1.0	-1.0	41.0	-1.0	48.0	40.0	33.0	33.0	-1.0	29.0	30.0	-1.0	41.0	32.0	41.0	-1.0	-1.0	-1.0	17.0	39.0	-1.0	-1.0	37.0	-1.0	47.0	-1.0	28.0	-1.0	-1.0	-1.0	-1.0	33.0	51.0	-1.0	-1.0	-1.0	36.0	50.0	26.0	
50.0	-1.0	-1.0	14.0	47.0	43.0	-1.0	37.0	41.0	24.0	-1.0	-1.0	-1.0	58.0	32.0	48.0	47.0	33.0	-1.0	-1.0	29.0	-1.0	51.0	-1.0	-1.0	41.0	-1.0	24.0	36.0	17.0	39.0	48.0	66.0	54.0	-1.0	47.0	60.0	28.0	37.0	42.0	-1.0	-1.0	-1.0	-1.0	-1.0	53.0	22.0	36.0	-1.0	49.0	
50.0	48.0	-1.0	-1.0	47.0	-1.0	-1.0	37.0	41.0	24.0	-1.0	36.0	-1.0	41.0	-1.0	48.0	-1.0	33.0	-1.0	-1.0	29.0	30.0	-1.0	41.0	-1.0	-1.0	52.0	24.0	41.0	17.0	-1.0	48.0	-1.0	-1.0	-1.0	47.0	24.0	28.0	37.0	42.0	-1.0	27.0	-1.0	52.0	-1.0	53.0	22.0	36.0	-1.0	26.0	

maxX :
34.0	42.0	34.0	34.0	51.0	43.0	42.0	42.0	42.0	42.0	42.0	42.0	34.0	43.0	42.0	

maxW :
53.0	53.0	51.0	51.0	60.0	66.0	52.0	52.0	53.0	53.0	52.0	52.0	51.0	66.0	53.0	

minX :
0.0	0.0	0.0	0.0	0.0	0.0	0.0	0.0	0.0	0.0	0.0	0.0	0.0	0.0	0.0	

minW :
14.0	14.0	17.0	14.0	22.0	14.0	14.0	17.0	17.0	17.0	17.0	17.0	14.0	14.0	17.0	

moyX :
18.379310344827587	21.03125	22.153846153846153	19.703703703703702	27.15	20.96153846153846	21.91304347826087	20.807692307692307	22.17391304347826	20.0	20.93103448275862	20.5	21.23076923076923	20.64516129032258	19.82758620689655	

moyW :
35.10344827586207	37.46875	38.5	37.81481481481482	47.142857142857146	41.57692307692308	37.17391304347826	37.26923076923077	38.78260869565217	37.708333333333336	38.44827586206897	36.63333333333333	37.0	40.41935483870968	37.275862068965516	

medX :
20.0	23.0	24.0	23.0	27.5	22.5	24.0	22.5	24.0	22.5	23.0	23.5	23.5	23.0	23.0	

medW :
36.0	38.0	39.5	41.0	52.0	41.5	39.0	37.0	37.0	39.5	40.0	36.0	37.5	41.0	37.0	

ecartTypeX :
10.662256321679916	10.910099607130084	8.569589828135603	10.171910541307206	14.653583179550319	11.45049803831448	9.500174110433157	10.133794303332218	10.145258793763645	10.98483803552272	11.808620563787313	10.769555855899227	9.14964350843031	11.630184274735633	11.249732458174256	

ecartTypeW :
10.222844018839938	10.871362538223993	9.640659090140451	9.933247714161347	11.999149629733546	13.333512079669715	10.511493394553549	9.163295058621705	9.61410432075496	10.872285740460569	10.317665490084442	9.396748846749544	9.446203958774616	12.471319855516722	10.322043875806694	

varX :
113.68370986920334	119.0302734375	73.43786982248521	103.46776406035666	214.72750000000002	131.11390532544377	90.25330812854443	102.69378698224851	102.92627599243856	120.66666666666667	139.4435196195006	115.98333333333333	83.71597633136093	135.261186264308	126.5564803804994	

varW :
104.5065398335315	118.1865234375	92.9423076923077	98.66941015089164	143.9795918367347	177.78254437869822	110.49149338374289	83.96597633136095	92.43100189035917	118.20659722222221	106.45422116527944	88.2988888888889	89.23076923076923	155.5338189386056	106.54458977407846	

covarX :
117.743842364532	122.86995967741935	76.37538461538462	107.44729344729346	226.02894736842106	136.35846153846157	94.35573122529645	106.80153846153846	107.60474308300395	125.91304347826086	144.423645320197	119.98275862068965	87.06461538461538	139.76989247311832	131.07635467980293	

covarW :
108.23891625615762	121.99899193548387	96.66	102.46438746438746	155.05494505494505	184.89384615384617	115.51383399209485	87.3246153846154	96.63241106719369	123.34601449275364	110.25615763546799	91.34367816091954	92.8	160.71827956989242	110.34975369458125	

coef_variationX :
0.5801227642189822	0.5187565935039564	0.38682176307556543	0.5162435801039371	0.5397268206095882	0.5462622917361036	0.43353969154754485	0.48702153768324896	0.4575312789344389	0.5492419017761361	0.5641680335252588	0.5253441880926453	0.4309614695999784	0.5633370508075073	0.567377810934006	

coef_variationW :
0.29122050741292554	0.29014478834292556	0.2504067296140377	0.26268137931670554	0.25452741638828735	0.3206950176423798	0.282765319385651	0.245867566072409	0.24789730871901802	0.28832580969177196	0.2683518378586985	0.25650815778206215	0.25530280969661123	0.3085482166967425	0.27690959518815367	

moy_distances_centre :	59.6
min_distances_centre :	24.0
max_distances_centre :	85.0
med_distances_centre :	66.0
ecartType_distances_centre :	18.895502110290693
var_distances_centre :	357.03999999999996
covar_distances_centre :	375.83157894736837
coef_variation_distances_centre :	0.3170386260115888
capacite_X_temoin : 
175.0	162.0	162.0	153.0	166.0	
144.0	138.0	168.0	138.0	135.0	
153.0	160.0	138.0	159.0	163.0	
135.0	171.0	142.0	175.0	136.0	
151.0	159.0	0.0	159.0	174.0	
175.0	160.0	163.0	150.0	144.0	
157.0	141.0	168.0	139.0	175.0	
157.0	144.0	168.0	153.0	163.0	
138.0	174.0	175.0	160.0	145.0	
145.0	138.0	165.0	163.0	145.0	
175.0	136.0	174.0	150.0	144.0	
166.0	168.0	178.0	172.0	141.0	
162.0	147.0	154.0	178.0	162.0	
139.0	160.0	141.0	165.0	174.0	
171.0	136.0	159.0	163.0	178.0	

capacite_W_temoin : 
158.5	152.6	115.6	156.9	132.8	
100.19999999999999	150.4	92.4	120.4	106.5	
146.9	165.0	45.4	184.7	166.9	
126.5	183.3	81.6	162.5	72.8	
135.3	167.7	0.0	56.699999999999996	122.19999999999999	
158.5	135.0	114.9	144.0	140.2	
137.1	157.3	116.4	125.69999999999999	198.5	
128.1	161.2	104.4	172.9	149.9	
114.4	178.2	115.5	186.0	147.5	
110.5	144.4	128.5	174.9	146.5	
168.5	78.8	113.19999999999999	122.0	123.19999999999999	
142.8	195.4	101.4	173.6	112.3	
158.6	146.1	85.19999999999999	207.4	137.6	
98.69999999999999	158.0	48.3	201.5	141.2	
170.3	122.8	81.69999999999999	177.9	158.4	

demande_cumulee_X : 
69.0	58.0	95.0	42.0	83.0	
87.0	29.0	126.0	59.0	69.0	
52.0	43.0	134.0	22.0	45.0	
49.0	39.0	103.0	65.0	104.0	
61.0	39.0	0.0	150.0	104.0	
69.0	73.0	97.0	51.0	47.0	
67.0	26.0	102.0	55.0	29.0	
76.0	26.0	114.0	26.0	62.0	
65.0	48.0	112.0	22.0	41.0	
78.0	35.0	86.0	37.0	42.0	
59.0	98.0	113.0	73.0	64.0	
73.0	23.0	130.0	50.0	71.0	
52.0	45.0	115.0	24.0	73.0	
82.0	50.0	135.0	13.0	85.0	
52.0	54.0	125.0	34.0	73.0	

demande_cumulee_W : 
113.0	10.0	32.0	79.0	113.0	
92.0	22.0	49.0	110.0	97.0	
82.0	10.0	12.0	84.0	108.0	
119.0	43.0	15.0	113.0	70.0	
115.0	66.0	0.0	53.0	120.0	
109.0	47.0	32.0	96.0	53.0	
49.0	12.0	45.0	68.0	105.0	
66.0	21.0	17.0	78.0	122.0	
83.0	24.0	12.0	74.0	95.0	
69.0	23.0	27.0	83.0	76.0	
115.0	31.0	64.0	118.0	79.0	
87.0	35.0	40.0	80.0	105.0	
93.0	10.0	14.0	107.0	85.0	
92.0	13.0	18.0	136.0	106.0	
97.0	24.0	24.0	144.0	49.0	

capacite_residuelle_X : 
106.0	104.0	67.0	111.0	83.0	
57.0	109.0	42.0	79.0	66.0	
101.0	117.0	4.0	137.0	118.0	
86.0	132.0	39.0	110.0	32.0	
90.0	120.0	0.0	9.0	70.0	
106.0	87.0	66.0	99.0	97.0	
90.0	115.0	66.0	84.0	146.0	
81.0	118.0	54.0	127.0	101.0	
73.0	126.0	63.0	138.0	104.0	
67.0	103.0	79.0	126.0	103.0	
116.0	38.0	61.0	77.0	80.0	
93.0	145.0	48.0	122.0	70.0	
110.0	102.0	39.0	154.0	89.0	
57.0	110.0	6.0	152.0	89.0	
119.0	82.0	34.0	129.0	105.0	

capacite_residuelle_W : 
45.5	142.6	83.6	77.9	19.80000000000001	
8.199999999999989	128.4	43.400000000000006	10.400000000000006	9.5	
64.9	155.0	33.4	100.69999999999999	58.900000000000006	
7.5	140.3	66.6	49.5	2.799999999999997	
20.30000000000001	101.69999999999999	0.0	3.6999999999999957	2.1999999999999886	
49.5	88.0	82.9	48.0	87.19999999999999	
88.1	145.3	71.4	57.69999999999999	93.5	
62.099999999999994	140.2	87.4	94.9	27.900000000000006	
31.400000000000006	154.2	103.5	112.0	52.5	
41.5	121.4	101.5	91.9	70.5	
53.5	47.8	49.19999999999999	4.0	44.19999999999999	
55.80000000000001	160.4	61.400000000000006	93.6	7.299999999999997	
65.6	136.1	71.19999999999999	100.4	52.599999999999994	
6.699999999999989	145.0	30.299999999999997	65.5	35.19999999999999	
73.30000000000001	98.8	57.69999999999999	33.900000000000006	109.4	

min_capacite_X : 
153.0	135.0	138.0	135.0	0.0	144.0	139.0	144.0	138.0	138.0	136.0	141.0	147.0	139.0	136.0	

min_capacite_W : 
115.6	92.4	45.4	72.8	0.0	114.9	116.4	104.4	114.4	110.5	78.8	101.4	85.19999999999999	48.3	81.69999999999999	

max_capacite_X : 
175.0	168.0	163.0	175.0	174.0	175.0	175.0	168.0	175.0	165.0	175.0	178.0	178.0	174.0	178.0	

max_capacite_W : 
158.5	150.4	184.7	183.3	167.7	158.5	198.5	172.9	186.0	174.9	168.5	195.4	207.4	201.5	177.9	

moy_capacite_X : 
163.6	144.6	154.6	151.8	128.6	158.4	156.0	157.0	158.4	151.2	155.8	165.0	160.6	155.8	161.4	

moy_capacite_W : 
143.28000000000003	113.97999999999999	141.78	125.33999999999999	96.38	138.51999999999998	147.0	143.29999999999998	148.32	140.95999999999998	121.14000000000001	145.1	146.98	129.54000000000002	142.22	

med_capacite_X : 
162.0	138.0	159.0	142.0	159.0	160.0	157.0	157.0	160.0	145.0	150.0	168.0	162.0	160.0	163.0	

med_capacite_W : 
152.6	106.5	165.0	126.5	122.19999999999999	140.2	137.1	149.9	147.5	144.4	122.0	142.8	146.1	141.2	158.4	

ecartType_capacite_X : 
7.116178749862878	12.059850745345068	8.912911982062878	17.52027397046062	64.72897341994542	10.744300814850634	14.2828568570857	8.270429251254134	14.947909552843836	10.777754868245983	15.904716281656833	12.680693987317888	10.34601372510205	13.673331708109767	14.291256067959877	

ecartType_capacite_W : 
16.613416265175566	20.391998430757102	49.654059249974715	43.394036456637686	60.218913972272865	14.158728756495053	29.142408960139175	24.43104582288691	30.136316961433756	21.34250219632178	28.648462436926696	35.58977381215003	39.22021927526668	52.29763283361877	35.67393446201303	

var_capacite_X : 
50.63999999999999	145.44	79.44000000000001	306.96	4189.84	115.44000000000001	204.0	68.4	223.44	116.16	252.95999999999998	160.8	107.04	186.95999999999998	204.23999999999998	

var_capacite_W : 
276.0056	415.8336000000001	2465.5255999999995	1883.0424000000003	3626.3176	200.46959999999996	849.2800000000001	596.876	908.1975999999999	455.5024	820.7343999999999	1266.632	1538.2256000000002	2735.0424000000003	1272.6296000000007	

covar_capacite_X : 
63.29999999999999	181.8	99.30000000000001	383.7	5237.3	144.3	255.0	85.5	279.3	145.2	316.2	201.0	133.8	233.7	255.29999999999998	

covar_capacite_W : 
345.007	519.7920000000001	3081.9069999999992	2353.8030000000003	4532.897	250.58699999999993	1061.6000000000001	746.0949999999999	1135.2469999999998	569.378	1025.918	1583.29	1922.7820000000004	3418.8030000000003	1590.7870000000007	

##########	##########	##########	##########	##########	##########	##########	##########	##########	##########	##########	##########	##########	##########	##########	##########	##########	##########	##########	##########	##########	##########	##########	##########	##########	##########	##########	##########	##########	##########	##########	##########	##########	##########	##########	##########	##########	##########	##########	##########	##########	##########	##########	##########	##########	##########	##########	##########	##########	##########	