nombre de noeuds : 50
nombre de strates : 10
nombre de centres : 5
titre : fenetre
instances : p10_3
temps de calcul : 0.07729411125183105
valeur objective : 1073.0
nombre de solutions : 3
nombre de noeuds : 1.0
faisability : True
centre : [18, 48, 7, 13, 6]
moy_distances :	52.92
min_distances :	1.0
max_distances :	123.0
var_distances :	630.1974177426073
covar_distances :	630.4547462104483
ecartType_distances :	25.103733143550727
coef_variation	: 0.47438601004010245
distances_centre_x :
-1.0	22.0	30.0	20.0	-1.0	38.0	-1.0	-1.0	32.0	-1.0	-1.0	-1.0	32.0	27.0	-1.0	28.0	-1.0	-1.0	-1.0	-1.0	-1.0	-1.0	-1.0	23.0	-1.0	41.0	-1.0	-1.0	28.0	-1.0	24.0	-1.0	-1.0	-1.0	-1.0	-1.0	-1.0	-1.0	-1.0	-1.0	15.0	-1.0	-1.0	42.0	-1.0	3.0	-1.0	-1.0	0.0	-1.0	
-1.0	12.0	30.0	20.0	29.0	12.0	0.0	0.0	13.0	33.0	28.0	11.0	-1.0	0.0	-1.0	-1.0	-1.0	18.0	0.0	-1.0	-1.0	-1.0	-1.0	-1.0	18.0	41.0	-1.0	25.0	1.0	-1.0	24.0	-1.0	-1.0	12.0	-1.0	14.0	-1.0	41.0	-1.0	-1.0	15.0	14.0	-1.0	19.0	14.0	-1.0	32.0	11.0	0.0	16.0	
-1.0	12.0	-1.0	20.0	29.0	-1.0	9.0	-1.0	-1.0	-1.0	28.0	11.0	-1.0	0.0	-1.0	-1.0	-1.0	-1.0	0.0	23.0	37.0	23.0	26.0	-1.0	18.0	41.0	20.0	37.0	28.0	-1.0	24.0	-1.0	37.0	-1.0	-1.0	-1.0	-1.0	-1.0	28.0	32.0	15.0	14.0	-1.0	-1.0	31.0	-1.0	-1.0	11.0	0.0	16.0	
-1.0	12.0	30.0	20.0	29.0	-1.0	0.0	-1.0	-1.0	33.0	28.0	-1.0	-1.0	0.0	31.0	28.0	-1.0	-1.0	-1.0	23.0	27.0	-1.0	26.0	23.0	-1.0	41.0	20.0	21.0	1.0	25.0	24.0	15.0	-1.0	12.0	-1.0	14.0	-1.0	-1.0	28.0	-1.0	15.0	-1.0	-1.0	-1.0	-1.0	-1.0	32.0	-1.0	0.0	16.0	
-1.0	12.0	30.0	20.0	29.0	12.0	0.0	-1.0	-1.0	33.0	28.0	-1.0	32.0	0.0	-1.0	-1.0	-1.0	-1.0	-1.0	-1.0	27.0	-1.0	26.0	-1.0	18.0	41.0	20.0	-1.0	1.0	-1.0	24.0	-1.0	37.0	12.0	24.0	14.0	-1.0	31.0	-1.0	-1.0	15.0	14.0	-1.0	19.0	14.0	-1.0	32.0	-1.0	0.0	20.0	
26.0	12.0	30.0	20.0	29.0	12.0	0.0	0.0	13.0	33.0	-1.0	11.0	32.0	-1.0	-1.0	-1.0	-1.0	-1.0	-1.0	-1.0	27.0	-1.0	26.0	23.0	18.0	41.0	-1.0	-1.0	-1.0	25.0	-1.0	15.0	-1.0	12.0	-1.0	14.0	-1.0	-1.0	-1.0	-1.0	15.0	14.0	-1.0	19.0	-1.0	-1.0	-1.0	-1.0	0.0	16.0	
-1.0	12.0	30.0	-1.0	29.0	12.0	0.0	-1.0	-1.0	-1.0	-1.0	11.0	-1.0	-1.0	-1.0	-1.0	17.0	-1.0	-1.0	-1.0	27.0	-1.0	26.0	-1.0	-1.0	41.0	-1.0	25.0	1.0	-1.0	-1.0	15.0	-1.0	-1.0	-1.0	14.0	9.0	-1.0	-1.0	-1.0	15.0	14.0	41.0	-1.0	14.0	-1.0	32.0	-1.0	0.0	16.0	
-1.0	12.0	30.0	20.0	29.0	-1.0	0.0	-1.0	13.0	33.0	28.0	19.0	32.0	0.0	-1.0	-1.0	-1.0	-1.0	-1.0	-1.0	27.0	-1.0	26.0	-1.0	-1.0	41.0	-1.0	25.0	1.0	-1.0	-1.0	15.0	37.0	-1.0	-1.0	-1.0	-1.0	31.0	-1.0	-1.0	15.0	14.0	-1.0	-1.0	-1.0	3.0	32.0	11.0	0.0	20.0	
-1.0	12.0	30.0	20.0	29.0	38.0	0.0	-1.0	13.0	-1.0	28.0	11.0	-1.0	0.0	-1.0	28.0	-1.0	-1.0	-1.0	23.0	27.0	-1.0	26.0	-1.0	18.0	41.0	20.0	21.0	1.0	25.0	-1.0	15.0	-1.0	-1.0	-1.0	-1.0	-1.0	-1.0	-1.0	-1.0	15.0	14.0	-1.0	19.0	14.0	3.0	-1.0	11.0	-1.0	-1.0	
-1.0	12.0	30.0	20.0	-1.0	-1.0	0.0	0.0	13.0	-1.0	28.0	11.0	-1.0	-1.0	-1.0	-1.0	-1.0	-1.0	0.0	23.0	-1.0	-1.0	26.0	23.0	-1.0	41.0	-1.0	21.0	-1.0	25.0	-1.0	-1.0	-1.0	-1.0	-1.0	-1.0	-1.0	-1.0	-1.0	-1.0	15.0	14.0	-1.0	19.0	14.0	3.0	32.0	-1.0	0.0	16.0	

distances_centre_w :
51.0	-1.0	59.0	-1.0	-1.0	-1.0	-1.0	-1.0	-1.0	50.0	-1.0	53.0	-1.0	-1.0	-1.0	-1.0	-1.0	-1.0	-1.0	-1.0	-1.0	-1.0	52.0	-1.0	-1.0	50.0	-1.0	-1.0	-1.0	-1.0	-1.0	-1.0	-1.0	-1.0	-1.0	-1.0	-1.0	-1.0	-1.0	-1.0	-1.0	46.0	-1.0	-1.0	31.0	-1.0	-1.0	-1.0	-1.0	50.0	
-1.0	18.0	59.0	46.0	48.0	38.0	9.0	9.0	32.0	50.0	52.0	19.0	-1.0	27.0	-1.0	-1.0	-1.0	24.0	27.0	-1.0	-1.0	-1.0	-1.0	-1.0	41.0	50.0	-1.0	33.0	28.0	-1.0	44.0	-1.0	-1.0	32.0	-1.0	39.0	-1.0	56.0	-1.0	-1.0	35.0	46.0	-1.0	42.0	16.0	-1.0	52.0	32.0	53.0	50.0	
-1.0	22.0	-1.0	55.0	48.0	-1.0	53.0	-1.0	-1.0	-1.0	52.0	39.0	-1.0	27.0	-1.0	-1.0	-1.0	-1.0	27.0	51.0	53.0	36.0	52.0	-1.0	41.0	50.0	66.0	49.0	37.0	-1.0	44.0	-1.0	75.0	-1.0	-1.0	-1.0	-1.0	-1.0	52.0	35.0	35.0	68.0	-1.0	-1.0	67.0	-1.0	-1.0	38.0	53.0	69.0	
-1.0	18.0	59.0	55.0	48.0	-1.0	9.0	-1.0	-1.0	49.0	52.0	-1.0	-1.0	27.0	41.0	56.0	-1.0	-1.0	-1.0	30.0	37.0	-1.0	52.0	44.0	-1.0	50.0	63.0	33.0	28.0	28.0	40.0	23.0	-1.0	32.0	-1.0	39.0	-1.0	-1.0	52.0	-1.0	35.0	-1.0	-1.0	-1.0	-1.0	-1.0	44.0	-1.0	53.0	20.0	
-1.0	18.0	59.0	46.0	48.0	38.0	9.0	-1.0	-1.0	50.0	52.0	-1.0	37.0	27.0	-1.0	-1.0	-1.0	-1.0	-1.0	-1.0	37.0	-1.0	52.0	-1.0	68.0	50.0	63.0	-1.0	37.0	-1.0	44.0	-1.0	75.0	19.0	32.0	39.0	-1.0	41.0	-1.0	-1.0	35.0	17.0	-1.0	42.0	16.0	-1.0	55.0	-1.0	53.0	32.0	
51.0	18.0	59.0	47.0	48.0	38.0	9.0	9.0	49.0	49.0	-1.0	19.0	37.0	-1.0	-1.0	-1.0	-1.0	-1.0	-1.0	-1.0	37.0	-1.0	52.0	44.0	26.0	50.0	-1.0	-1.0	-1.0	28.0	-1.0	23.0	-1.0	19.0	-1.0	39.0	-1.0	-1.0	-1.0	-1.0	35.0	17.0	-1.0	42.0	-1.0	-1.0	-1.0	-1.0	53.0	20.0	
-1.0	18.0	59.0	-1.0	48.0	38.0	9.0	-1.0	-1.0	-1.0	-1.0	19.0	-1.0	-1.0	-1.0	-1.0	36.0	-1.0	-1.0	-1.0	37.0	-1.0	52.0	-1.0	-1.0	50.0	-1.0	49.0	28.0	-1.0	-1.0	23.0	-1.0	-1.0	-1.0	39.0	34.0	-1.0	-1.0	-1.0	35.0	17.0	65.0	-1.0	16.0	-1.0	44.0	-1.0	53.0	20.0	
-1.0	18.0	59.0	46.0	65.0	-1.0	9.0	-1.0	32.0	49.0	52.0	39.0	37.0	27.0	-1.0	-1.0	-1.0	-1.0	-1.0	-1.0	37.0	-1.0	52.0	-1.0	-1.0	58.0	-1.0	49.0	28.0	-1.0	-1.0	23.0	75.0	-1.0	-1.0	-1.0	-1.0	41.0	-1.0	-1.0	35.0	17.0	-1.0	-1.0	-1.0	71.0	44.0	32.0	53.0	50.0	
-1.0	18.0	60.0	46.0	48.0	38.0	9.0	-1.0	43.0	-1.0	52.0	39.0	-1.0	27.0	-1.0	56.0	-1.0	-1.0	-1.0	30.0	37.0	-1.0	52.0	-1.0	41.0	58.0	63.0	25.0	28.0	51.0	-1.0	23.0	-1.0	-1.0	-1.0	-1.0	-1.0	-1.0	-1.0	-1.0	35.0	17.0	-1.0	42.0	16.0	52.0	-1.0	32.0	-1.0	-1.0	
-1.0	18.0	59.0	47.0	-1.0	-1.0	9.0	9.0	32.0	-1.0	52.0	39.0	-1.0	-1.0	-1.0	-1.0	-1.0	-1.0	27.0	26.0	-1.0	-1.0	52.0	44.0	-1.0	50.0	-1.0	25.0	-1.0	28.0	-1.0	-1.0	-1.0	-1.0	-1.0	-1.0	-1.0	-1.0	-1.0	-1.0	35.0	17.0	-1.0	42.0	31.0	52.0	44.0	-1.0	53.0	20.0	

maxX :
42.0	41.0	41.0	41.0	41.0	41.0	41.0	41.0	41.0	41.0	

maxW :
59.0	59.0	75.0	63.0	75.0	59.0	65.0	75.0	63.0	59.0	

minX :
0.0	0.0	0.0	0.0	0.0	0.0	0.0	0.0	0.0	0.0	

minW :
31.0	9.0	22.0	9.0	9.0	9.0	9.0	9.0	9.0	9.0	

moyX :
25.3125	16.766666666666666	21.11111111111111	20.5	20.17241379310345	18.576923076923077	18.227272727272727	19.76923076923077	18.59259259259259	16.782608695652176	

moyW :
49.111111111111114	36.9	47.925925925925924	39.892857142857146	41.06896551724138	35.30769230769231	35.86363636363637	42.23076923076923	38.44444444444444	35.26086956521739	

medX :
27.5	14.5	23.0	23.0	20.0	17.0	15.0	20.0	19.0	16.0	

medW :
50.0	38.5	50.0	40.5	41.0	37.5	36.5	42.5	39.0	35.0	

ecartTypeX :
11.47126164595682	11.675282532864985	11.402836987259999	10.651961589974201	11.079863579134157	10.194919839436913	11.52440816142306	12.077657988418412	10.52777370598312	11.009705290606616	

ecartTypeW :
7.187094057242769	13.753423816150896	13.39962941976776	13.481043001495221	15.771932806320436	14.55961017749823	15.22347306731959	16.27482173436032	14.517762640943179	14.551908260653137	

varX :
131.58984375	136.31222222222223	130.02469135802468	113.46428571428571	122.76337693222357	103.93639053254438	132.8119834710744	145.8698224852071	110.83401920438958	121.21361058601133	

varW :
51.65432098765432	189.1566666666667	179.55006858710564	181.73852040816328	248.7538644470868	211.98224852071004	231.75413223140495	264.86982248520707	210.76543209876544	211.758034026465	

covarX :
140.3625	141.0126436781609	135.02564102564105	117.66666666666666	127.14778325123154	108.09384615384613	139.13636363636363	151.70461538461538	115.09686609686611	126.72332015810275	

covarW :
58.11111111111111	195.6793103448276	186.45584045584047	188.46957671957668	257.63793103448273	220.46153846153848	242.7900432900433	275.46461538461534	218.87179487179486	221.38339920948616	

coef_variationX :
0.4531856452723682	0.6963389184611324	0.5401343836070526	0.5196078824377659	0.5492581945211804	0.5487948567812831	0.6322617943922876	0.6109321161456784	0.5662348407600484	0.6560187090257827	

coef_variationW :
0.14634354415200207	0.3727215126328156	0.27959041293178477	0.3379312480231568	0.3840353076266101	0.41236368694439435	0.4244821387592281	0.3853782924347616	0.37762966407077636	0.4126928359987943	

moy_distances_centre :	43.9
min_distances_centre :	9.0
max_distances_centre :	81.0
med_distances_centre :	40.5
ecartType_distances_centre :	20.156636624198992
var_distances_centre :	406.2900000000001
covar_distances_centre :	427.67368421052635
coef_variation_distances_centre :	0.45914889804553516
capacite_X_temoin : 
156.0	171.0	0.0	159.0	144.0	
138.0	153.0	162.0	178.0	159.0	
0.0	144.0	136.0	178.0	166.0	
166.0	151.0	141.0	159.0	171.0	
144.0	144.0	162.0	169.0	165.0	
172.0	144.0	135.0	145.0	157.0	
172.0	171.0	157.0	157.0	163.0	
141.0	136.0	172.0	145.0	148.0	
147.0	139.0	171.0	148.0	169.0	
154.0	177.0	177.0	171.0	163.0	

capacite_W_temoin : 
120.8	166.3	0.0	88.69999999999999	90.19999999999999	
98.4	153.9	106.6	146.4	144.7	
0.0	105.19999999999999	95.8	115.4	127.8	
183.8	168.3	103.3	108.69999999999999	128.3	
137.2	140.2	107.6	146.7	107.5	
188.6	127.19999999999999	80.5	137.5	131.1	
189.6	200.3	133.1	147.1	154.9	
159.3	153.8	127.6	110.5	112.4	
157.1	120.69999999999999	110.3	110.4	157.7	
168.2	166.1	172.1	147.3	168.9	

demande_cumulee_X : 
82.0	56.0	0.0	118.0	97.0	
81.0	45.0	104.0	85.0	62.0	
0.0	82.0	81.0	116.0	88.0	
32.0	28.0	80.0	98.0	94.0	
50.0	47.0	103.0	73.0	107.0	
35.0	60.0	95.0	51.0	73.0	
34.0	22.0	71.0	57.0	57.0	
24.0	23.0	96.0	78.0	80.0	
34.0	60.0	112.0	82.0	62.0	
32.0	64.0	58.0	75.0	43.0	

demande_cumulee_W : 
118.0	155.0	0.0	77.0	3.0	
90.0	81.0	88.0	109.0	9.0	
0.0	105.0	91.0	112.0	59.0	
137.0	45.0	94.0	56.0	0.0	
122.0	89.0	75.0	79.0	15.0	
149.0	68.0	48.0	49.0	0.0	
135.0	17.0	57.0	30.0	2.0	
155.0	37.0	43.0	64.0	2.0	
157.0	40.0	95.0	58.0	0.0	
119.0	26.0	62.0	65.0	0.0	

capacite_residuelle_X : 
74.0	115.0	0.0	41.0	47.0	
57.0	108.0	58.0	93.0	97.0	
0.0	62.0	55.0	62.0	78.0	
134.0	123.0	61.0	61.0	77.0	
94.0	97.0	59.0	96.0	58.0	
137.0	84.0	40.0	94.0	84.0	
138.0	149.0	86.0	100.0	106.0	
117.0	113.0	76.0	67.0	68.0	
113.0	79.0	59.0	66.0	107.0	
122.0	113.0	119.0	96.0	120.0	

capacite_residuelle_W : 
2.799999999999997	11.300000000000011	0.0	11.699999999999989	87.19999999999999	
8.400000000000006	72.9	18.599999999999994	37.400000000000006	135.7	
0.0	0.19999999999998863	4.799999999999997	3.4000000000000057	68.8	
46.80000000000001	123.30000000000001	9.299999999999997	52.69999999999999	128.3	
15.199999999999989	51.19999999999999	32.599999999999994	67.69999999999999	92.5	
39.599999999999994	59.19999999999999	32.5	88.5	131.1	
54.599999999999994	183.3	76.1	117.1	152.9	
4.300000000000011	116.80000000000001	84.6	46.5	110.4	
0.09999999999999432	80.69999999999999	15.299999999999997	52.400000000000006	157.7	
49.19999999999999	140.1	110.1	82.30000000000001	168.9	

min_capacite_X : 
0.0	138.0	0.0	141.0	144.0	135.0	157.0	136.0	139.0	154.0	

min_capacite_W : 
0.0	98.4	0.0	103.3	107.5	80.5	133.1	110.5	110.3	147.3	

max_capacite_X : 
171.0	178.0	178.0	171.0	169.0	172.0	172.0	172.0	171.0	177.0	

max_capacite_W : 
166.3	153.9	127.8	183.8	146.7	188.6	200.3	159.3	157.7	172.1	

moy_capacite_X : 
126.0	158.0	124.8	157.6	156.8	150.6	164.0	148.4	154.8	168.4	

moy_capacite_W : 
93.2	130.0	88.84	138.48000000000002	127.84	132.98	165.0	132.72	131.24	164.52	

med_capacite_X : 
156.0	159.0	144.0	159.0	162.0	145.0	163.0	145.0	148.0	171.0	

med_capacite_W : 
90.19999999999999	144.7	105.19999999999999	128.3	137.2	131.1	154.9	127.6	120.69999999999999	168.2	

ecartType_capacite_X : 
63.58301660034699	12.976902558006667	64.18224053427863	10.68831137270991	10.684568311354464	12.784365451597509	6.511528238439882	12.467557900406959	12.812493902437573	8.845337754998393	

ecartType_capacite_W : 
54.44420997681939	22.813943105039954	45.67702267004714	32.159751242819034	16.849047450820475	34.365994820461694	25.656500151033853	20.414249924991125	21.692173703896064	8.822788674789843	

var_capacite_X : 
4042.8	168.4	4119.36	114.24000000000001	114.16	163.44	42.4	155.44	164.16	78.24000000000001	

var_capacite_W : 
2964.172	520.476	2086.3903999999998	1034.2496000000006	283.8903999999999	1181.0215999999998	658.2560000000001	416.7416000000002	470.5503999999998	77.8415999999999	

covar_capacite_X : 
5053.5	210.5	5149.2	142.8	142.7	204.29999999999998	53.0	194.29999999999998	205.2	97.80000000000001	

covar_capacite_W : 
3705.215	650.595	2607.988	1292.8120000000006	354.86299999999983	1476.2769999999998	822.8200000000002	520.9270000000002	588.1879999999998	97.30199999999988	

##########	##########	##########	##########	##########	##########	##########	##########	##########	##########	##########	##########	##########	##########	##########	##########	##########	##########	##########	##########	##########	##########	##########	##########	##########	##########	##########	##########	##########	##########	##########	##########	##########	##########	##########	##########	##########	##########	##########	##########	##########	##########	##########	##########	##########	##########	##########	##########	##########	##########	nombre de noeuds : 50
nombre de strates : 10
nombre de centres : 5
titre : fenetre
instances : p10_3
temps de calcul : 0.06843209266662598
valeur objective : 1225.0
nombre de solutions : 3
nombre de noeuds : 1.0
faisability : True
centre : [48, 7, 13, 6, 29]
moy_distances :	52.92
min_distances :	1.0
max_distances :	123.0
var_distances :	630.1974177426073
covar_distances :	630.4547462104483
ecartType_distances :	25.103733143550727
coef_variation	: 0.47438601004010245
distances_centre_x :
33.0	-1.0	30.0	-1.0	-1.0	27.0	-1.0	-1.0	37.0	50.0	-1.0	-1.0	32.0	28.0	16.0	28.0	-1.0	-1.0	-1.0	-1.0	-1.0	-1.0	34.0	-1.0	-1.0	41.0	-1.0	-1.0	28.0	-1.0	24.0	-1.0	-1.0	-1.0	-1.0	-1.0	-1.0	-1.0	-1.0	-1.0	-1.0	11.0	-1.0	36.0	-1.0	3.0	-1.0	-1.0	0.0	10.0	
-1.0	18.0	30.0	46.0	48.0	12.0	0.0	0.0	13.0	50.0	52.0	19.0	-1.0	0.0	-1.0	-1.0	-1.0	38.0	27.0	-1.0	-1.0	-1.0	-1.0	-1.0	18.0	41.0	-1.0	37.0	1.0	-1.0	24.0	-1.0	-1.0	12.0	-1.0	14.0	-1.0	31.0	-1.0	-1.0	35.0	11.0	-1.0	19.0	19.0	-1.0	44.0	11.0	0.0	10.0	
-1.0	26.0	-1.0	47.0	48.0	-1.0	9.0	-1.0	-1.0	-1.0	52.0	20.0	-1.0	0.0	-1.0	-1.0	-1.0	-1.0	27.0	3.0	12.0	13.0	34.0	-1.0	17.0	41.0	20.0	33.0	1.0	-1.0	24.0	-1.0	37.0	-1.0	-1.0	-1.0	-1.0	-1.0	52.0	32.0	35.0	11.0	-1.0	-1.0	19.0	-1.0	-1.0	11.0	0.0	10.0	
-1.0	12.0	30.0	46.0	48.0	-1.0	0.0	-1.0	-1.0	50.0	52.0	-1.0	-1.0	0.0	16.0	28.0	-1.0	-1.0	-1.0	3.0	12.0	-1.0	26.0	44.0	-1.0	41.0	20.0	25.0	1.0	0.0	24.0	23.0	-1.0	12.0	-1.0	14.0	-1.0	-1.0	52.0	-1.0	35.0	-1.0	-1.0	-1.0	-1.0	-1.0	46.0	-1.0	0.0	20.0	
-1.0	12.0	30.0	46.0	48.0	12.0	0.0	-1.0	-1.0	49.0	52.0	-1.0	32.0	0.0	-1.0	-1.0	-1.0	-1.0	-1.0	-1.0	12.0	-1.0	26.0	-1.0	17.0	41.0	20.0	-1.0	1.0	-1.0	24.0	-1.0	37.0	12.0	18.0	14.0	-1.0	31.0	-1.0	-1.0	35.0	11.0	-1.0	19.0	14.0	-1.0	44.0	-1.0	0.0	10.0	
-1.0	-1.0	30.0	-1.0	-1.0	-1.0	-1.0	-1.0	-1.0	-1.0	-1.0	-1.0	32.0	-1.0	-1.0	-1.0	-1.0	-1.0	-1.0	-1.0	-1.0	-1.0	-1.0	-1.0	-1.0	41.0	-1.0	-1.0	-1.0	-1.0	-1.0	-1.0	-1.0	-1.0	-1.0	14.0	-1.0	-1.0	-1.0	-1.0	-1.0	-1.0	-1.0	-1.0	-1.0	-1.0	-1.0	-1.0	0.0	-1.0	
-1.0	12.0	30.0	-1.0	48.0	12.0	0.0	-1.0	-1.0	-1.0	-1.0	11.0	-1.0	-1.0	-1.0	-1.0	17.0	-1.0	-1.0	-1.0	12.0	-1.0	26.0	-1.0	-1.0	41.0	-1.0	49.0	1.0	-1.0	-1.0	23.0	-1.0	-1.0	-1.0	14.0	34.0	-1.0	-1.0	-1.0	35.0	11.0	65.0	-1.0	14.0	-1.0	44.0	-1.0	0.0	10.0	
-1.0	12.0	30.0	46.0	48.0	-1.0	0.0	-1.0	13.0	49.0	52.0	19.0	32.0	0.0	-1.0	-1.0	-1.0	-1.0	-1.0	-1.0	12.0	-1.0	26.0	-1.0	-1.0	41.0	-1.0	49.0	1.0	-1.0	-1.0	23.0	37.0	-1.0	-1.0	-1.0	-1.0	41.0	-1.0	-1.0	35.0	11.0	-1.0	-1.0	-1.0	3.0	44.0	11.0	0.0	10.0	
-1.0	12.0	30.0	46.0	48.0	12.0	0.0	-1.0	13.0	-1.0	52.0	11.0	-1.0	0.0	-1.0	28.0	-1.0	-1.0	-1.0	3.0	12.0	-1.0	26.0	-1.0	17.0	41.0	20.0	25.0	1.0	0.0	-1.0	23.0	-1.0	-1.0	-1.0	-1.0	-1.0	-1.0	-1.0	-1.0	35.0	11.0	-1.0	19.0	14.0	3.0	-1.0	11.0	-1.0	-1.0	
-1.0	12.0	30.0	46.0	-1.0	-1.0	0.0	0.0	13.0	-1.0	52.0	19.0	-1.0	-1.0	-1.0	-1.0	-1.0	-1.0	27.0	3.0	-1.0	-1.0	26.0	44.0	-1.0	41.0	-1.0	33.0	-1.0	0.0	-1.0	-1.0	-1.0	-1.0	-1.0	-1.0	-1.0	-1.0	-1.0	-1.0	35.0	11.0	-1.0	19.0	14.0	3.0	44.0	-1.0	0.0	10.0	

distances_centre_w :
-1.0	29.0	-1.0	61.0	-1.0	-1.0	-1.0	-1.0	-1.0	-1.0	-1.0	20.0	-1.0	-1.0	-1.0	-1.0	-1.0	-1.0	-1.0	-1.0	-1.0	-1.0	-1.0	-1.0	-1.0	-1.0	-1.0	49.0	-1.0	-1.0	-1.0	-1.0	-1.0	43.0	-1.0	-1.0	-1.0	-1.0	-1.0	-1.0	62.0	-1.0	-1.0	-1.0	-1.0	-1.0	-1.0	-1.0	-1.0	-1.0	
-1.0	26.0	65.0	61.0	65.0	27.0	9.0	25.0	37.0	57.0	63.0	20.0	-1.0	28.0	-1.0	-1.0	-1.0	46.0	35.0	-1.0	-1.0	-1.0	-1.0	-1.0	41.0	58.0	-1.0	49.0	28.0	-1.0	40.0	-1.0	-1.0	19.0	-1.0	39.0	-1.0	45.0	-1.0	-1.0	50.0	14.0	-1.0	36.0	21.0	-1.0	46.0	20.0	53.0	16.0	
-1.0	68.0	-1.0	61.0	76.0	-1.0	53.0	-1.0	-1.0	-1.0	73.0	61.0	-1.0	28.0	-1.0	-1.0	-1.0	-1.0	70.0	23.0	27.0	23.0	55.0	-1.0	68.0	65.0	66.0	49.0	28.0	-1.0	62.0	-1.0	80.0	-1.0	-1.0	-1.0	-1.0	-1.0	72.0	57.0	59.0	68.0	-1.0	-1.0	67.0	-1.0	-1.0	20.0	53.0	69.0	
-1.0	18.0	60.0	47.0	65.0	-1.0	9.0	-1.0	-1.0	57.0	63.0	-1.0	-1.0	28.0	31.0	56.0	-1.0	-1.0	-1.0	23.0	27.0	-1.0	34.0	59.0	-1.0	58.0	63.0	50.0	28.0	25.0	44.0	52.0	-1.0	19.0	-1.0	39.0	-1.0	-1.0	63.0	-1.0	50.0	-1.0	-1.0	-1.0	-1.0	-1.0	55.0	-1.0	53.0	32.0	
-1.0	29.0	60.0	47.0	65.0	27.0	9.0	-1.0	-1.0	50.0	63.0	-1.0	37.0	28.0	-1.0	-1.0	-1.0	-1.0	-1.0	-1.0	37.0	-1.0	52.0	-1.0	68.0	58.0	63.0	-1.0	37.0	-1.0	44.0	-1.0	76.0	37.0	24.0	65.0	-1.0	66.0	-1.0	-1.0	62.0	14.0	-1.0	36.0	16.0	-1.0	55.0	-1.0	53.0	16.0	
-1.0	-1.0	-1.0	-1.0	-1.0	-1.0	-1.0	-1.0	-1.0	-1.0	-1.0	-1.0	-1.0	-1.0	-1.0	-1.0	-1.0	-1.0	-1.0	-1.0	-1.0	-1.0	-1.0	-1.0	-1.0	-1.0	-1.0	-1.0	-1.0	-1.0	-1.0	-1.0	-1.0	-1.0	-1.0	-1.0	-1.0	-1.0	-1.0	-1.0	-1.0	-1.0	-1.0	-1.0	-1.0	-1.0	-1.0	-1.0	-1.0	-1.0	
-1.0	18.0	60.0	-1.0	65.0	27.0	9.0	-1.0	-1.0	-1.0	-1.0	20.0	-1.0	-1.0	-1.0	-1.0	36.0	-1.0	-1.0	-1.0	27.0	-1.0	34.0	-1.0	-1.0	58.0	-1.0	50.0	28.0	-1.0	-1.0	44.0	-1.0	-1.0	-1.0	39.0	35.0	-1.0	-1.0	-1.0	50.0	14.0	65.0	-1.0	16.0	-1.0	46.0	-1.0	53.0	16.0	
-1.0	18.0	60.0	47.0	65.0	-1.0	9.0	-1.0	43.0	57.0	63.0	20.0	37.0	28.0	-1.0	-1.0	-1.0	-1.0	-1.0	-1.0	27.0	-1.0	34.0	-1.0	-1.0	58.0	-1.0	50.0	28.0	-1.0	-1.0	44.0	76.0	-1.0	-1.0	-1.0	-1.0	56.0	-1.0	-1.0	50.0	14.0	-1.0	-1.0	-1.0	52.0	46.0	20.0	53.0	20.0	
-1.0	18.0	60.0	47.0	65.0	27.0	9.0	-1.0	37.0	-1.0	63.0	19.0	-1.0	28.0	-1.0	56.0	-1.0	-1.0	-1.0	23.0	27.0	-1.0	52.0	-1.0	18.0	58.0	63.0	33.0	28.0	25.0	-1.0	44.0	-1.0	-1.0	-1.0	-1.0	-1.0	-1.0	-1.0	-1.0	50.0	14.0	-1.0	36.0	16.0	52.0	-1.0	20.0	-1.0	-1.0	
-1.0	18.0	60.0	47.0	-1.0	-1.0	9.0	25.0	37.0	-1.0	63.0	20.0	-1.0	-1.0	-1.0	-1.0	-1.0	-1.0	35.0	23.0	-1.0	-1.0	34.0	59.0	-1.0	58.0	-1.0	50.0	-1.0	25.0	-1.0	-1.0	-1.0	-1.0	-1.0	-1.0	-1.0	-1.0	-1.0	-1.0	50.0	14.0	-1.0	36.0	16.0	52.0	46.0	-1.0	53.0	16.0	

maxX :
50.0	52.0	52.0	52.0	52.0	nan	65.0	52.0	52.0	52.0	

maxW :
62.0	65.0	80.0	65.0	76.0	nan	65.0	76.0	65.0	63.0	

minX :
0.0	0.0	0.0	0.0	0.0	nan	0.0	0.0	0.0	0.0	

minW :
20.0	9.0	20.0	9.0	9.0	nan	9.0	9.0	9.0	9.0	

moyX :
26.0	22.666666666666668	23.48148148148148	24.285714285714285	23.0	nan	23.136363636363637	24.807692307692307	19.0	20.956521739130434	

moyW :
44.0	37.96666666666667	55.592592592592595	43.142857142857146	44.62068965517241	nan	36.81818181818182	41.34615384615385	36.592592592592595	36.78260869565217	

medX :
28.0	19.0	20.0	23.5	19.0	nan	15.5	24.5	14.0	19.0	

medW :
46.0	38.0	61.0	48.5	47.0	nan	35.5	45.0	33.0	36.0	

ecartTypeX :
12.88840995278747	16.081735671942322	15.816939747953704	17.480309622252005	15.642559099214354	nan	17.467620576227354	17.6679179713906	14.939383694958275	16.630193234960803	

ecartTypeW :
15.491933384829668	16.228541387184357	17.91184019592598	16.26502445150831	18.464156877029293	nan	17.063081794640105	17.669927316232705	17.2546488835119	16.77460949260786	

varX :
166.11111111111111	258.6222222222222	250.17558299039777	305.56122448979596	244.68965517241378	nan	305.11776859504124	312.155325443787	223.1851851851852	276.5633270321361	

varW :
240.0	263.36555555555555	320.83401920438956	264.55102040816325	340.92508917954814	nan	291.14876033057857	312.22633136094674	297.7229080932785	281.38752362948964	

covarX :
175.88235294117646	267.5402298850575	259.79772079772084	316.87830687830683	253.42857142857142	nan	319.64718614718606	324.64153846153846	231.76923076923077	289.1343873517787	

covarW :
288.0	272.44712643678156	333.1737891737892	274.3492063492063	353.1009852216749	nan	305.012987012987	324.7153846153846	309.1737891737892	294.17786561264825	

coef_variationX :
0.4957080751072104	0.7094883384680436	0.6735920712850947	0.7197774550339061	0.6801112651832328	nan	0.7549855651807501	0.7121951430327994	0.786283352366225	0.7935569385977147	

coef_variationW :
0.35208939510976517	0.42744182758167754	0.3221983246435719	0.3770038780150933	0.41380258843419593	nan	0.4634417277556572	0.4273656839274887	0.47153392697856406	0.456047302990521	

moy_distances_centre :	42.2
min_distances_centre :	9.0
max_distances_centre :	81.0
med_distances_centre :	33.0
ecartType_distances_centre :	22.542404485768593
var_distances_centre :	508.16
covar_distances_centre :	534.9052631578949
coef_variation_distances_centre :	0.5341802010845638
capacite_X_temoin : 
156.0	171.0	0.0	175.0	144.0	
138.0	153.0	162.0	163.0	159.0	
0.0	144.0	136.0	147.0	166.0	
166.0	151.0	141.0	168.0	171.0	
144.0	144.0	162.0	147.0	165.0	
172.0	144.0	135.0	0.0	157.0	
172.0	171.0	157.0	135.0	163.0	
141.0	136.0	172.0	156.0	148.0	
147.0	139.0	171.0	144.0	169.0	
154.0	177.0	177.0	147.0	163.0	

capacite_W_temoin : 
113.8	187.3	0.0	98.5	87.19999999999999	
101.4	152.9	61.6	192.9	121.69999999999999	
0.0	138.2	45.8	92.1	127.8	
168.8	196.3	64.3	163.4	111.3	
109.19999999999999	181.2	75.6	137.1	107.5	
173.6	129.2	42.5	0.0	131.1	
178.6	219.3	104.1	143.5	150.9	
129.3	176.8	89.6	171.8	110.4	
145.1	177.7	52.3	118.19999999999999	157.7	
140.2	218.1	124.1	140.1	168.9	

demande_cumulee_X : 
89.0	35.0	0.0	129.0	100.0	
78.0	46.0	149.0	19.0	85.0	
0.0	49.0	131.0	99.0	88.0	
47.0	0.0	119.0	55.0	111.0	
78.0	6.0	135.0	54.0	107.0	
50.0	58.0	133.0	0.0	73.0	
45.0	3.0	100.0	32.0	61.0	
54.0	0.0	134.0	31.0	82.0	
46.0	3.0	170.0	69.0	62.0	
60.0	12.0	106.0	51.0	43.0	

demande_cumulee_W : 
109.0	173.0	0.0	39.0	32.0	
100.0	91.0	14.0	145.0	27.0	
0.0	136.0	43.0	77.0	111.0	
158.0	78.0	56.0	40.0	0.0	
100.0	101.0	64.0	100.0	15.0	
170.0	126.0	18.0	0.0	0.0	
114.0	36.0	28.0	50.0	13.0	
129.0	66.0	22.0	63.0	21.0	
132.0	87.0	37.0	94.0	0.0	
94.0	77.0	26.0	61.0	14.0	

capacite_residuelle_X : 
67.0	136.0	0.0	46.0	44.0	
60.0	107.0	13.0	144.0	74.0	
0.0	95.0	5.0	48.0	78.0	
119.0	151.0	22.0	113.0	60.0	
66.0	138.0	27.0	93.0	58.0	
122.0	86.0	2.0	0.0	84.0	
127.0	168.0	57.0	103.0	102.0	
87.0	136.0	38.0	125.0	66.0	
101.0	136.0	1.0	75.0	107.0	
94.0	165.0	71.0	96.0	120.0	

capacite_residuelle_W : 
4.799999999999997	14.300000000000011	0.0	59.5	55.19999999999999	
1.4000000000000057	61.900000000000006	47.6	47.900000000000006	94.69999999999999	
0.0	2.1999999999999886	2.799999999999997	15.099999999999994	16.799999999999997	
10.800000000000011	118.30000000000001	8.299999999999997	123.4	111.3	
9.199999999999989	80.19999999999999	11.599999999999994	37.099999999999994	92.5	
3.5999999999999943	3.1999999999999886	24.5	0.0	131.1	
64.6	183.3	76.1	93.5	137.9	
0.30000000000001137	110.80000000000001	67.6	108.80000000000001	89.4	
13.099999999999994	90.69999999999999	15.299999999999997	24.19999999999999	157.7	
46.19999999999999	141.1	98.1	79.1	154.9	

min_capacite_X : 
0.0	138.0	0.0	141.0	144.0	0.0	135.0	136.0	139.0	147.0	

min_capacite_W : 
0.0	61.6	0.0	64.3	75.6	0.0	104.1	89.6	52.3	124.1	

max_capacite_X : 
175.0	163.0	166.0	171.0	165.0	172.0	172.0	172.0	171.0	177.0	

max_capacite_W : 
187.3	192.9	138.2	196.3	181.2	173.6	219.3	176.8	177.7	218.1	

moy_capacite_X : 
129.2	155.0	118.6	159.4	152.4	121.6	159.6	150.6	154.0	163.6	

moy_capacite_W : 
97.36	126.1	80.78	140.82	122.12	95.28	159.28	135.57999999999998	130.2	158.28	

med_capacite_X : 
156.0	159.0	144.0	166.0	147.0	144.0	163.0	148.0	147.0	163.0	

med_capacite_W : 
98.5	121.69999999999999	92.1	163.4	109.19999999999999	129.2	150.9	129.3	145.1	140.2	

ecartType_capacite_X : 
65.53594433591385	9.186947262284681	60.11189566134144	11.499565209172042	9.178235124467014	62.06641603959423	13.46996659238619	12.642784503423286	13.326664999166145	12.059850745345068	

ecartType_capacite_W : 
59.90487793160087	44.65463021904896	51.73990336287844	47.111586685230634	35.3825606761297	63.924436642022904	38.31377820053773	34.054685433872386	43.46704498812864	33.21712811186422	

var_capacite_X : 
4294.959999999999	84.4	3613.44	132.24	84.24000000000001	3852.2400000000002	181.44	159.84	177.6	145.44	

var_capacite_W : 
3588.594400000001	1994.0360000000005	2677.0175999999997	2219.5016000000005	1251.9255999999998	4086.3336000000004	1467.9456000000002	1159.7216000000003	1889.3839999999996	1103.3776000000003	

covar_capacite_X : 
5368.699999999999	105.5	4516.8	165.3	105.30000000000001	4815.3	226.8	199.8	222.0	181.8	

covar_capacite_W : 
4485.743000000001	2492.5450000000005	3346.2719999999995	2774.3770000000004	1564.9069999999997	5107.917	1834.9320000000002	1449.6520000000005	2361.7299999999996	1379.2220000000002	

##########	##########	##########	##########	##########	##########	##########	##########	##########	##########	##########	##########	##########	##########	##########	##########	##########	##########	##########	##########	##########	##########	##########	##########	##########	##########	##########	##########	##########	##########	##########	##########	##########	##########	##########	##########	##########	##########	##########	##########	##########	##########	##########	##########	##########	##########	##########	##########	##########	##########	