nombre de noeuds : 100
nombre de strates : 3
nombre de centres : 10
titre : fenetre
instances : p14_1
temps de calcul : 0.11674785614013672
valeur objective : 391.0
nombre de solutions : 3
nombre de noeuds : 1.0
faisability : True
centre : [50, 32, 33, 96, 19, 95, 13, 93, 86, 5]
moy_distances :	50.92
min_distances :	1.0
max_distances :	126.0
var_distances :	603.2508501581472
covar_distances :	603.3117907430703
ecartType_distances :	24.56116548859494
coef_variation	: 0.4823787253054895
distances_centre_x :
-1.0	49.0	49.0	-1.0	30.0	16.0	16.0	-1.0	12.0	5.0	-1.0	-1.0	13.0	0.0	-1.0	-1.0	-1.0	17.0	-1.0	0.0	5.0	14.0	15.0	-1.0	24.0	60.0	46.0	43.0	-1.0	40.0	-1.0	-1.0	0.0	-1.0	-1.0	24.0	28.0	41.0	25.0	38.0	55.0	40.0	-1.0	-1.0	51.0	17.0	50.0	-1.0	27.0	39.0	48.0	35.0	-1.0	62.0	62.0	12.0	11.0	-1.0	-1.0	-1.0	29.0	10.0	-1.0	17.0	6.0	-1.0	7.0	24.0	34.0	-1.0	-1.0	35.0	53.0	-1.0	30.0	10.0	48.0	11.0	8.0	24.0	-1.0	-1.0	46.0	-1.0	25.0	16.0	-1.0	45.0	50.0	18.0	10.0	42.0	55.0	-1.0	4.0	0.0	-1.0	35.0	7.0	-1.0	
22.0	-1.0	-1.0	-1.0	-1.0	0.0	16.0	17.0	12.0	5.0	20.0	-1.0	-1.0	0.0	-1.0	-1.0	18.0	17.0	8.0	0.0	18.0	-1.0	15.0	4.0	24.0	-1.0	48.0	33.0	6.0	40.0	21.0	35.0	0.0	-1.0	-1.0	-1.0	28.0	-1.0	15.0	60.0	58.0	-1.0	42.0	6.0	-1.0	-1.0	41.0	15.0	-1.0	41.0	0.0	35.0	14.0	-1.0	46.0	-1.0	6.0	9.0	62.0	-1.0	-1.0	10.0	3.0	17.0	-1.0	-1.0	7.0	-1.0	32.0	51.0	-1.0	35.0	53.0	22.0	30.0	-1.0	48.0	11.0	4.0	33.0	31.0	48.0	-1.0	-1.0	25.0	-1.0	-1.0	25.0	50.0	18.0	-1.0	-1.0	51.0	16.0	4.0	-1.0	0.0	-1.0	-1.0	17.0	
22.0	49.0	-1.0	2.0	-1.0	0.0	16.0	35.0	12.0	5.0	20.0	55.0	-1.0	17.0	15.0	1.0	-1.0	17.0	8.0	0.0	5.0	-1.0	15.0	4.0	24.0	60.0	48.0	-1.0	-1.0	40.0	21.0	35.0	0.0	0.0	12.0	24.0	-1.0	-1.0	15.0	-1.0	52.0	40.0	-1.0	-1.0	-1.0	-1.0	37.0	15.0	27.0	39.0	-1.0	35.0	-1.0	62.0	46.0	10.0	6.0	18.0	62.0	10.0	-1.0	10.0	3.0	17.0	6.0	11.0	7.0	24.0	32.0	51.0	24.0	35.0	53.0	20.0	30.0	10.0	48.0	11.0	4.0	-1.0	31.0	48.0	-1.0	30.0	25.0	-1.0	0.0	-1.0	-1.0	18.0	10.0	25.0	-1.0	0.0	4.0	-1.0	-1.0	-1.0	-1.0	17.0	

distances_centre_w :
-1.0	57.0	56.0	-1.0	51.0	54.0	18.0	-1.0	32.0	57.0	-1.0	-1.0	29.0	5.0	-1.0	-1.0	-1.0	62.0	-1.0	69.0	11.0	19.0	32.0	-1.0	42.0	64.0	60.0	44.0	-1.0	45.0	-1.0	-1.0	5.0	-1.0	-1.0	27.0	30.0	60.0	40.0	45.0	58.0	41.0	-1.0	-1.0	65.0	24.0	55.0	-1.0	33.0	44.0	52.0	38.0	-1.0	69.0	66.0	43.0	31.0	-1.0	-1.0	-1.0	32.0	12.0	-1.0	33.0	15.0	-1.0	10.0	38.0	48.0	-1.0	-1.0	51.0	55.0	-1.0	32.0	11.0	49.0	13.0	9.0	64.0	-1.0	-1.0	47.0	-1.0	26.0	18.0	-1.0	46.0	65.0	26.0	45.0	46.0	66.0	-1.0	7.0	8.0	-1.0	61.0	58.0	-1.0	
30.0	-1.0	-1.0	-1.0	-1.0	54.0	18.0	17.0	32.0	10.0	25.0	-1.0	-1.0	5.0	-1.0	-1.0	26.0	19.0	14.0	21.0	30.0	-1.0	22.0	10.0	42.0	-1.0	57.0	43.0	9.0	65.0	29.0	58.0	5.0	-1.0	-1.0	-1.0	29.0	-1.0	25.0	61.0	65.0	-1.0	43.0	9.0	-1.0	-1.0	55.0	30.0	-1.0	58.0	16.0	38.0	23.0	-1.0	66.0	-1.0	11.0	16.0	67.0	-1.0	-1.0	43.0	13.0	33.0	-1.0	-1.0	10.0	-1.0	33.0	60.0	-1.0	51.0	55.0	37.0	45.0	-1.0	49.0	13.0	8.0	39.0	40.0	60.0	-1.0	-1.0	41.0	-1.0	-1.0	39.0	65.0	26.0	-1.0	-1.0	66.0	43.0	11.0	-1.0	13.0	-1.0	-1.0	19.0	
30.0	57.0	-1.0	28.0	-1.0	16.0	18.0	49.0	32.0	10.0	25.0	56.0	-1.0	31.0	18.0	16.0	-1.0	62.0	14.0	21.0	11.0	-1.0	22.0	10.0	33.0	61.0	57.0	-1.0	-1.0	50.0	29.0	68.0	34.0	6.0	15.0	30.0	-1.0	-1.0	25.0	-1.0	55.0	41.0	-1.0	-1.0	-1.0	-1.0	40.0	30.0	36.0	41.0	-1.0	38.0	-1.0	69.0	53.0	12.0	11.0	24.0	67.0	13.0	-1.0	12.0	49.0	33.0	15.0	30.0	10.0	42.0	48.0	64.0	40.0	51.0	55.0	37.0	32.0	11.0	49.0	13.0	13.0	-1.0	40.0	60.0	-1.0	44.0	26.0	-1.0	6.0	-1.0	-1.0	51.0	45.0	47.0	-1.0	15.0	18.0	-1.0	-1.0	-1.0	-1.0	40.0	

maxX :
62.0	62.0	62.0	

maxW :
69.0	67.0	69.0	

minX :
0.0	0.0	0.0	

minW :
5.0	5.0	6.0	

moyX :
27.545454545454547	23.40625	22.465753424657535	

moyW :
39.75757575757576	33.828125	33.6986301369863	

medX :
25.0	18.0	18.0	

medW :
43.5	31.0	32.0	

ecartTypeX :
17.82846023890897	17.422792856987652	17.392394962009778	

ecartTypeW :
18.745553497862648	18.88828562851523	17.604237450275065	

varX :
317.85399449035805	303.5537109375	302.49540251454306	

varW :
351.3957759412305	356.767333984375	309.9091762056671	

covarX :
322.74405594405596	308.3720238095238	306.6967275494672	

covarW :
356.80186480186484	362.43030753968253	314.2134703196346	

coef_variationX :
0.6472378304554411	0.7443649818739718	0.7741736781870205	

coef_variationW :
0.4714963913334355	0.5583604065704272	0.5224021682398697	

moy_distances_centre :	32.111111111111114
min_distances_centre :	5.0
max_distances_centre :	75.0
med_distances_centre :	27.0
ecartType_distances_centre :	17.62097515553832
var_distances_centre :	310.49876543209876
covar_distances_centre :	313.9875156054932
coef_variation_distances_centre :	0.5487500913489443
capacite_X_temoin : 
157.0	172.0	153.0	157.0	169.0	171.0	174.0	162.0	145.0	178.0	
171.0	160.0	175.0	166.0	175.0	178.0	157.0	162.0	178.0	175.0	
157.0	154.0	162.0	174.0	153.0	175.0	154.0	162.0	162.0	142.0	

capacite_W_temoin : 
64.1	110.6	155.9	138.1	174.7	124.3	190.2	65.6	116.5	186.4	
84.3	107.0	175.5	145.8	210.5	188.4	204.1	60.6	159.4	160.5	
53.1	84.19999999999999	127.6	176.2	172.9	193.5	181.2	52.6	119.6	119.6	

demande_cumulee_X : 
140.0	113.0	43.0	66.0	45.0	98.0	36.0	145.0	72.0	45.0	
138.0	101.0	52.0	70.0	17.0	43.0	0.0	150.0	72.0	67.0	
151.0	116.0	83.0	50.0	26.0	34.0	19.0	158.0	91.0	65.0	

demande_cumulee_W : 
32.0	106.0	151.0	112.0	94.0	116.0	91.0	47.0	33.0	21.0	
28.0	67.0	25.0	125.0	95.0	186.0	88.0	41.0	24.0	31.0	
33.0	83.0	96.0	101.0	125.0	123.0	129.0	48.0	40.0	15.0	

capacite_residuelle_X : 
17.0	59.0	110.0	91.0	124.0	73.0	138.0	17.0	73.0	133.0	
33.0	59.0	123.0	96.0	158.0	135.0	157.0	12.0	106.0	108.0	
6.0	38.0	79.0	124.0	127.0	141.0	135.0	4.0	71.0	77.0	

capacite_residuelle_W : 
32.099999999999994	4.599999999999994	4.900000000000006	26.099999999999994	80.69999999999999	8.299999999999997	99.19999999999999	18.599999999999994	83.5	165.4	
56.3	40.0	150.5	20.80000000000001	115.5	2.4000000000000057	116.1	19.6	135.4	129.5	
20.1	1.1999999999999886	31.599999999999994	75.19999999999999	47.900000000000006	70.5	52.19999999999999	4.600000000000001	79.6	104.6	

min_capacite_X : 
145.0	157.0	142.0	

min_capacite_W : 
64.1	60.6	52.6	

max_capacite_X : 
178.0	178.0	175.0	

max_capacite_W : 
190.2	210.5	193.5	

moy_capacite_X : 
163.8	169.7	159.5	

moy_capacite_W : 
132.64000000000001	149.60999999999999	128.04999999999995	

med_capacite_X : 
165.5	173.0	159.5	

med_capacite_W : 
131.2	159.95	123.6	

ecartType_capacite_X : 
10.087616170334792	7.430343195303969	9.404786015641186	

ecartType_capacite_W : 
43.07096934130924	48.04627873207248	49.814260006548324	

var_capacite_X : 
101.75999999999999	55.21	88.45	

var_capacite_W : 
1855.1084000000003	2308.4449000000004	2481.4605	

covar_capacite_X : 
113.06666666666666	61.34444444444444	98.27777777777777	

covar_capacite_W : 
2061.2315555555556	2564.938777777778	2757.1783333333337	

##########	##########	##########	##########	##########	##########	##########	##########	##########	##########	##########	##########	##########	##########	##########	##########	##########	##########	##########	##########	##########	##########	##########	##########	##########	##########	##########	##########	##########	##########	##########	##########	##########	##########	##########	##########	##########	##########	##########	##########	##########	##########	##########	##########	##########	##########	##########	##########	##########	##########	##########	##########	##########	##########	##########	##########	##########	##########	##########	##########	##########	##########	##########	##########	##########	##########	##########	##########	##########	##########	##########	##########	##########	##########	##########	##########	##########	##########	##########	##########	##########	##########	##########	##########	##########	##########	##########	##########	##########	##########	##########	##########	##########	##########	##########	##########	##########	##########	##########	##########	nombre de noeuds : 100
nombre de strates : 3
nombre de centres : 10
titre : fenetre
instances : p14_1
temps de calcul : 0.11934900283813477
valeur objective : 350.0
nombre de solutions : 3
nombre de noeuds : 1.0
faisability : True
centre : [32, 33, 96, 19, 95, 13, 93, 86, 5, 44]
moy_distances :	50.92
min_distances :	1.0
max_distances :	126.0
var_distances :	603.2508501581472
covar_distances :	603.3117907430703
ecartType_distances :	24.56116548859494
coef_variation	: 0.4823787253054895
distances_centre_x :
-1.0	23.0	23.0	-1.0	30.0	0.0	42.0	-1.0	12.0	5.0	-1.0	-1.0	13.0	0.0	-1.0	-1.0	-1.0	17.0	-1.0	0.0	18.0	14.0	25.0	-1.0	24.0	41.0	34.0	7.0	-1.0	45.0	-1.0	-1.0	0.0	-1.0	-1.0	23.0	28.0	16.0	11.0	45.0	30.0	20.0	-1.0	-1.0	37.0	17.0	37.0	-1.0	26.0	21.0	16.0	38.0	-1.0	36.0	46.0	10.0	6.0	-1.0	-1.0	-1.0	14.0	12.0	-1.0	17.0	6.0	-1.0	7.0	38.0	33.0	-1.0	-1.0	35.0	52.0	-1.0	50.0	10.0	48.0	11.0	13.0	24.0	-1.0	-1.0	41.0	-1.0	52.0	18.0	-1.0	45.0	50.0	18.0	10.0	25.0	52.0	-1.0	4.0	0.0	-1.0	4.0	7.0	-1.0	
22.0	-1.0	-1.0	-1.0	-1.0	0.0	16.0	14.0	12.0	5.0	20.0	-1.0	-1.0	0.0	-1.0	-1.0	18.0	17.0	8.0	35.0	18.0	-1.0	15.0	10.0	24.0	-1.0	34.0	43.0	6.0	40.0	21.0	13.0	0.0	-1.0	-1.0	-1.0	28.0	-1.0	25.0	45.0	30.0	-1.0	46.0	6.0	-1.0	-1.0	41.0	15.0	-1.0	21.0	21.0	35.0	14.0	-1.0	46.0	-1.0	6.0	9.0	38.0	-1.0	-1.0	17.0	3.0	17.0	-1.0	-1.0	7.0	-1.0	19.0	25.0	-1.0	35.0	52.0	22.0	30.0	-1.0	48.0	11.0	4.0	24.0	5.0	25.0	-1.0	-1.0	19.0	-1.0	-1.0	25.0	50.0	28.0	-1.0	-1.0	32.0	15.0	4.0	-1.0	0.0	-1.0	-1.0	17.0	
22.0	23.0	-1.0	2.0	-1.0	0.0	16.0	14.0	12.0	5.0	20.0	54.0	-1.0	0.0	15.0	1.0	-1.0	17.0	8.0	0.0	5.0	-1.0	15.0	4.0	24.0	41.0	30.0	-1.0	-1.0	40.0	21.0	13.0	0.0	0.0	12.0	23.0	-1.0	-1.0	15.0	-1.0	30.0	41.0	-1.0	-1.0	-1.0	-1.0	28.0	15.0	26.0	21.0	-1.0	38.0	-1.0	36.0	46.0	10.0	6.0	15.0	38.0	10.0	-1.0	12.0	3.0	17.0	6.0	11.0	7.0	24.0	19.0	25.0	24.0	35.0	52.0	22.0	17.0	10.0	52.0	11.0	4.0	-1.0	41.0	48.0	-1.0	30.0	26.0	-1.0	0.0	-1.0	-1.0	18.0	10.0	25.0	-1.0	0.0	4.0	-1.0	-1.0	-1.0	-1.0	17.0	

distances_centre_w :
-1.0	49.0	49.0	-1.0	45.0	16.0	64.0	-1.0	44.0	57.0	-1.0	-1.0	29.0	5.0	-1.0	-1.0	-1.0	19.0	-1.0	35.0	22.0	19.0	32.0	-1.0	39.0	64.0	60.0	44.0	-1.0	57.0	-1.0	-1.0	25.0	-1.0	-1.0	45.0	30.0	50.0	15.0	61.0	55.0	41.0	-1.0	-1.0	51.0	24.0	41.0	-1.0	27.0	39.0	21.0	53.0	-1.0	62.0	53.0	38.0	11.0	-1.0	-1.0	-1.0	29.0	17.0	-1.0	33.0	15.0	-1.0	10.0	42.0	50.0	-1.0	-1.0	51.0	55.0	-1.0	58.0	24.0	61.0	13.0	65.0	33.0	-1.0	-1.0	47.0	-1.0	65.0	22.0	-1.0	51.0	65.0	53.0	19.0	47.0	55.0	-1.0	7.0	8.0	-1.0	23.0	10.0	-1.0	
30.0	-1.0	-1.0	-1.0	-1.0	21.0	18.0	31.0	44.0	57.0	25.0	-1.0	-1.0	5.0	-1.0	-1.0	30.0	19.0	14.0	44.0	22.0	-1.0	22.0	13.0	33.0	-1.0	48.0	44.0	9.0	60.0	29.0	35.0	5.0	-1.0	-1.0	-1.0	55.0	-1.0	41.0	61.0	52.0	-1.0	61.0	9.0	-1.0	-1.0	61.0	30.0	-1.0	41.0	44.0	35.0	39.0	-1.0	53.0	-1.0	11.0	17.0	62.0	-1.0	-1.0	43.0	13.0	33.0	-1.0	-1.0	10.0	-1.0	32.0	64.0	-1.0	51.0	53.0	37.0	32.0	-1.0	61.0	13.0	8.0	33.0	31.0	48.0	-1.0	-1.0	26.0	-1.0	-1.0	39.0	65.0	51.0	-1.0	-1.0	51.0	18.0	7.0	-1.0	13.0	-1.0	-1.0	25.0	
30.0	49.0	-1.0	18.0	-1.0	16.0	18.0	17.0	47.0	10.0	25.0	55.0	-1.0	5.0	18.0	16.0	-1.0	19.0	14.0	35.0	18.0	-1.0	22.0	10.0	39.0	60.0	34.0	-1.0	-1.0	45.0	29.0	35.0	5.0	6.0	24.0	24.0	-1.0	-1.0	40.0	-1.0	52.0	54.0	-1.0	-1.0	-1.0	-1.0	37.0	30.0	27.0	39.0	-1.0	53.0	-1.0	62.0	53.0	43.0	11.0	17.0	62.0	13.0	-1.0	17.0	13.0	33.0	15.0	16.0	10.0	48.0	32.0	51.0	40.0	51.0	58.0	22.0	30.0	24.0	61.0	15.0	8.0	-1.0	48.0	53.0	-1.0	44.0	52.0	-1.0	6.0	-1.0	-1.0	26.0	19.0	47.0	-1.0	15.0	29.0	-1.0	-1.0	-1.0	-1.0	27.0	

maxX :
52.0	52.0	54.0	

maxW :
65.0	65.0	62.0	

minX :
0.0	0.0	0.0	

minW :
5.0	5.0	5.0	

moyX :
23.21212121212121	21.109375	18.931506849315067	

moyW :
38.166666666666664	34.171875	30.767123287671232	

medX :
20.5	19.0	17.0	

medW :
41.0	33.0	29.0	

ecartTypeX :
15.492437208263079	13.785315089230822	14.196593038253534	

ecartTypeW :
17.70600252040322	17.48531052010158	16.602129379802587	

varX :
240.0156106519743	190.034912109375	201.54325389378872	

varW :
313.5025252525252	305.736083984375	275.63069994370426	

covarX :
243.70815850815853	193.05133928571428	204.34246575342465	

covarW :
318.325641025641	310.58903769841265	279.458904109589	

coef_variationX :
0.6674287570139447	0.6530423136275149	0.7498923963766339	

coef_variationW :
0.46391272979222414	0.5116871848589397	0.5396061641698972	

moy_distances_centre :	35.044444444444444
min_distances_centre :	5.0
max_distances_centre :	75.0
med_distances_centre :	28.0
ecartType_distances_centre :	19.368881750036927
var_distances_centre :	375.1535802469135
covar_distances_centre :	379.36878901373285
coef_variation_distances_centre :	0.5526947867797475
capacite_X_temoin : 
157.0	172.0	153.0	157.0	169.0	177.0	174.0	162.0	145.0	178.0	
171.0	160.0	175.0	166.0	175.0	136.0	157.0	162.0	178.0	175.0	
157.0	154.0	162.0	174.0	153.0	166.0	154.0	162.0	162.0	142.0	

capacite_W_temoin : 
56.1	134.6	148.9	112.1	174.7	61.1	206.2	156.6	121.5	162.4	
63.3	136.0	174.5	105.8	209.5	41.8	201.1	142.6	163.4	203.5	
55.1	114.19999999999999	107.6	151.2	172.9	50.8	176.2	176.6	119.6	144.6	

demande_cumulee_X : 
148.0	89.0	50.0	92.0	45.0	169.0	20.0	54.0	67.0	69.0	
159.0	72.0	53.0	110.0	18.0	135.0	3.0	68.0	68.0	24.0	
149.0	86.0	103.0	75.0	26.0	165.0	24.0	34.0	91.0	40.0	

demande_cumulee_W : 
50.0	117.0	86.0	101.0	147.0	22.0	70.0	119.0	21.0	70.0	
27.0	135.0	75.0	74.0	81.0	23.0	92.0	133.0	17.0	53.0	
21.0	102.0	26.0	126.0	134.0	29.0	124.0	152.0	27.0	52.0	

capacite_residuelle_X : 
9.0	83.0	103.0	65.0	124.0	8.0	154.0	108.0	78.0	109.0	
12.0	88.0	122.0	56.0	157.0	1.0	154.0	94.0	110.0	151.0	
8.0	68.0	59.0	99.0	127.0	1.0	130.0	128.0	71.0	102.0	

capacite_residuelle_W : 
6.100000000000001	17.599999999999994	62.900000000000006	11.099999999999994	27.69999999999999	39.1	136.2	37.599999999999994	100.5	92.4	
36.3	1.0	99.5	31.799999999999997	128.5	18.799999999999997	109.1	9.599999999999994	146.4	150.5	
34.1	12.199999999999989	81.6	25.19999999999999	38.900000000000006	21.799999999999997	52.19999999999999	24.599999999999994	92.6	92.6	

min_capacite_X : 
145.0	136.0	142.0	

min_capacite_W : 
56.1	41.8	50.8	

max_capacite_X : 
178.0	178.0	174.0	

max_capacite_W : 
206.2	209.5	176.6	

moy_capacite_X : 
164.4	165.5	158.6	

moy_capacite_W : 
133.42000000000002	144.15	126.87999999999997	

med_capacite_X : 
165.5	168.5	159.5	

med_capacite_W : 
141.75	153.0	132.1	

ecartType_capacite_X : 
10.660206376989144	12.010412149464313	8.2365041127896	

ecartType_capacite_W : 
45.19329153757225	55.569618497880654	44.10654826666897	

var_capacite_X : 
113.64000000000001	144.25	67.84	

var_capacite_W : 
2042.4335999999998	3087.9825	1945.3876	

covar_capacite_X : 
126.26666666666667	160.27777777777777	75.37777777777778	

covar_capacite_W : 
2269.3706666666667	3431.0916666666667	2161.5417777777775	

##########	##########	##########	##########	##########	##########	##########	##########	##########	##########	##########	##########	##########	##########	##########	##########	##########	##########	##########	##########	##########	##########	##########	##########	##########	##########	##########	##########	##########	##########	##########	##########	##########	##########	##########	##########	##########	##########	##########	##########	##########	##########	##########	##########	##########	##########	##########	##########	##########	##########	##########	##########	##########	##########	##########	##########	##########	##########	##########	##########	##########	##########	##########	##########	##########	##########	##########	##########	##########	##########	##########	##########	##########	##########	##########	##########	##########	##########	##########	##########	##########	##########	##########	##########	##########	##########	##########	##########	##########	##########	##########	##########	##########	##########	##########	##########	##########	##########	##########	##########	nombre de noeuds : 100
nombre de strates : 3
nombre de centres : 10
titre : fenetre
instances : p14_1
temps de calcul : 0.11558794975280762
valeur objective : 343.0
nombre de solutions : 3
nombre de noeuds : 1.0
faisability : True
centre : [33, 96, 19, 95, 13, 93, 86, 5, 44, 41]
moy_distances :	50.92
min_distances :	1.0
max_distances :	126.0
var_distances :	603.2508501581472
covar_distances :	603.3117907430703
ecartType_distances :	24.56116548859494
coef_variation	: 0.4823787253054895
distances_centre_x :
-1.0	19.0	23.0	-1.0	30.0	0.0	16.0	-1.0	12.0	5.0	-1.0	-1.0	13.0	0.0	-1.0	-1.0	-1.0	17.0	-1.0	0.0	30.0	14.0	15.0	-1.0	24.0	41.0	20.0	7.0	-1.0	40.0	-1.0	-1.0	5.0	-1.0	-1.0	17.0	28.0	16.0	11.0	38.0	30.0	0.0	-1.0	-1.0	44.0	17.0	28.0	-1.0	14.0	21.0	16.0	21.0	-1.0	36.0	46.0	10.0	6.0	-1.0	-1.0	-1.0	11.0	12.0	-1.0	35.0	6.0	-1.0	7.0	24.0	8.0	-1.0	-1.0	35.0	52.0	-1.0	32.0	10.0	32.0	11.0	4.0	24.0	-1.0	-1.0	31.0	-1.0	43.0	18.0	-1.0	39.0	50.0	18.0	10.0	46.0	32.0	-1.0	7.0	0.0	-1.0	4.0	7.0	-1.0	
22.0	-1.0	-1.0	-1.0	-1.0	0.0	16.0	41.0	12.0	5.0	20.0	-1.0	-1.0	0.0	-1.0	-1.0	18.0	17.0	8.0	52.0	5.0	-1.0	15.0	4.0	24.0	-1.0	48.0	19.0	6.0	40.0	21.0	13.0	15.0	-1.0	-1.0	-1.0	13.0	-1.0	11.0	17.0	30.0	-1.0	25.0	9.0	-1.0	-1.0	37.0	15.0	-1.0	21.0	21.0	35.0	14.0	-1.0	46.0	-1.0	6.0	9.0	38.0	-1.0	-1.0	12.0	3.0	17.0	-1.0	-1.0	7.0	-1.0	8.0	25.0	-1.0	35.0	52.0	22.0	36.0	-1.0	48.0	11.0	4.0	24.0	5.0	34.0	-1.0	-1.0	17.0	-1.0	-1.0	25.0	50.0	18.0	-1.0	-1.0	32.0	0.0	7.0	-1.0	0.0	-1.0	-1.0	17.0	
22.0	19.0	-1.0	2.0	-1.0	0.0	16.0	14.0	12.0	5.0	20.0	54.0	-1.0	18.0	15.0	1.0	-1.0	17.0	8.0	0.0	5.0	-1.0	15.0	4.0	24.0	41.0	20.0	-1.0	-1.0	40.0	21.0	29.0	5.0	0.0	12.0	17.0	-1.0	-1.0	11.0	-1.0	30.0	0.0	-1.0	-1.0	-1.0	-1.0	28.0	15.0	14.0	21.0	-1.0	21.0	-1.0	36.0	46.0	10.0	6.0	9.0	38.0	10.0	-1.0	12.0	3.0	17.0	6.0	11.0	7.0	24.0	8.0	25.0	24.0	35.0	52.0	22.0	30.0	10.0	32.0	11.0	4.0	-1.0	5.0	25.0	-1.0	30.0	17.0	-1.0	0.0	-1.0	-1.0	18.0	10.0	25.0	-1.0	0.0	11.0	-1.0	-1.0	-1.0	-1.0	17.0	

distances_centre_w :
-1.0	59.0	29.0	-1.0	55.0	26.0	55.0	-1.0	38.0	20.0	-1.0	-1.0	29.0	17.0	-1.0	-1.0	-1.0	19.0	-1.0	35.0	45.0	19.0	22.0	-1.0	27.0	53.0	30.0	19.0	-1.0	60.0	-1.0	-1.0	15.0	-1.0	-1.0	24.0	55.0	25.0	15.0	61.0	40.0	20.0	-1.0	-1.0	63.0	24.0	37.0	-1.0	26.0	37.0	21.0	63.0	-1.0	36.0	53.0	27.0	11.0	-1.0	-1.0	-1.0	14.0	21.0	-1.0	42.0	15.0	-1.0	10.0	41.0	33.0	-1.0	-1.0	51.0	53.0	-1.0	59.0	24.0	49.0	13.0	8.0	33.0	-1.0	-1.0	41.0	-1.0	65.0	43.0	-1.0	45.0	65.0	26.0	19.0	49.0	51.0	-1.0	11.0	8.0	-1.0	20.0	10.0	-1.0	
30.0	-1.0	-1.0	-1.0	-1.0	16.0	18.0	45.0	38.0	20.0	26.0	-1.0	-1.0	17.0	-1.0	-1.0	30.0	19.0	14.0	64.0	22.0	-1.0	22.0	10.0	42.0	-1.0	56.0	33.0	11.0	56.0	29.0	29.0	34.0	-1.0	-1.0	-1.0	28.0	-1.0	15.0	32.0	40.0	-1.0	43.0	10.0	-1.0	-1.0	40.0	30.0	-1.0	37.0	52.0	35.0	39.0	-1.0	53.0	-1.0	11.0	15.0	43.0	-1.0	-1.0	21.0	16.0	33.0	-1.0	-1.0	10.0	-1.0	19.0	59.0	-1.0	51.0	53.0	23.0	51.0	-1.0	48.0	13.0	8.0	33.0	19.0	53.0	-1.0	-1.0	19.0	-1.0	-1.0	39.0	65.0	26.0	-1.0	-1.0	46.0	18.0	11.0	-1.0	13.0	-1.0	-1.0	25.0	
30.0	23.0	-1.0	23.0	-1.0	16.0	18.0	17.0	38.0	20.0	26.0	55.0	-1.0	35.0	18.0	16.0	-1.0	19.0	14.0	35.0	22.0	-1.0	22.0	10.0	27.0	53.0	48.0	-1.0	-1.0	45.0	29.0	35.0	14.0	6.0	24.0	23.0	-1.0	-1.0	15.0	-1.0	40.0	40.0	-1.0	-1.0	-1.0	-1.0	37.0	30.0	27.0	37.0	-1.0	35.0	-1.0	36.0	53.0	27.0	11.0	15.0	43.0	14.0	-1.0	21.0	16.0	33.0	15.0	16.0	10.0	28.0	19.0	25.0	40.0	51.0	53.0	22.0	50.0	24.0	48.0	13.0	8.0	-1.0	19.0	53.0	-1.0	44.0	26.0	-1.0	6.0	-1.0	-1.0	26.0	19.0	42.0	-1.0	18.0	18.0	-1.0	-1.0	-1.0	-1.0	25.0	

maxX :
52.0	52.0	54.0	

maxW :
65.0	65.0	55.0	

minX :
0.0	0.0	0.0	

minW :
8.0	8.0	6.0	

moyX :
20.272727272727273	19.953125	17.013698630136986	

moyW :
33.77272727272727	30.875	27.52054794520548	

medX :
17.0	17.0	15.0	

medW :
29.5	29.5	25.0	

ecartTypeX :
13.884311458736281	14.15034196528038	12.53104982065774	

ecartTypeW :
16.847619609350673	15.368901229430815	13.025906314579206	

varX :
192.7741046831956	200.232177734375	157.02720960780638	

varW :
283.8422865013774	236.203125	169.67423531619443	

covarX :
195.73986013986013	203.41046626984127	159.20814307458141	

covarW :
288.2090909090909	239.95238095238093	172.03082191780823	

coef_variationX :
0.6848763499825071	0.7091792371009744	0.7365270828566949	

coef_variationW :
0.49885280135358656	0.4977781774714434	0.47331566001208664	

moy_distances_centre :	42.17777777777778
min_distances_centre :	6.0
max_distances_centre :	88.0
med_distances_centre :	40.0
ecartType_distances_centre :	22.724718689263746
var_distances_centre :	516.412839506173
covar_distances_centre :	522.2152309612983
coef_variation_distances_centre :	0.538784162811838
capacite_X_temoin : 
157.0	172.0	153.0	169.0	150.0	177.0	174.0	162.0	145.0	178.0	
171.0	160.0	175.0	175.0	177.0	136.0	157.0	162.0	178.0	175.0	
157.0	154.0	162.0	153.0	153.0	166.0	154.0	162.0	162.0	142.0	

capacite_W_temoin : 
52.1	119.6	127.9	181.7	121.0	58.1	211.2	129.6	119.5	204.4	
63.3	156.0	174.5	210.5	132.1	44.8	202.1	134.6	159.4	178.5	
50.1	135.2	135.6	172.9	98.9	63.8	181.2	139.6	119.6	144.6	

demande_cumulee_X : 
152.0	104.0	71.0	38.0	74.0	172.0	15.0	81.0	69.0	27.0	
159.0	52.0	53.0	17.0	98.0	132.0	2.0	76.0	72.0	49.0	
154.0	65.0	75.0	26.0	100.0	152.0	19.0	71.0	91.0	40.0	

demande_cumulee_W : 
22.0	100.0	46.0	175.0	95.0	48.0	39.0	107.0	60.0	111.0	
23.0	146.0	0.0	71.0	127.0	44.0	127.0	91.0	42.0	39.0	
20.0	134.0	24.0	128.0	81.0	58.0	116.0	121.0	24.0	87.0	

capacite_residuelle_X : 
5.0	68.0	82.0	131.0	76.0	5.0	159.0	81.0	76.0	151.0	
12.0	108.0	122.0	158.0	79.0	4.0	155.0	86.0	106.0	126.0	
3.0	89.0	87.0	127.0	53.0	14.0	135.0	91.0	71.0	102.0	

capacite_residuelle_W : 
30.1	19.599999999999994	81.9	6.699999999999989	26.0	10.100000000000001	172.2	22.599999999999994	59.5	93.4	
40.3	10.0	174.5	139.5	5.099999999999994	0.7999999999999972	75.1	43.599999999999994	117.4	139.5	
30.1	1.1999999999999886	111.6	44.900000000000006	17.900000000000006	5.799999999999997	65.19999999999999	18.599999999999994	95.6	57.599999999999994	

min_capacite_X : 
145.0	136.0	142.0	

min_capacite_W : 
52.1	44.8	50.1	

max_capacite_X : 
178.0	178.0	166.0	

max_capacite_W : 
211.2	210.5	181.2	

moy_capacite_X : 
163.7	166.6	156.5	

moy_capacite_W : 
132.51000000000002	145.57999999999998	124.14999999999998	

med_capacite_X : 
165.5	173.0	155.5	

med_capacite_W : 
124.45	157.7	135.39999999999998	

ecartType_capacite_X : 
11.331813623599711	12.499599993599796	6.545991139621257	

ecartType_capacite_W : 
51.26469447875409	51.82437264453859	40.40441188781245	

var_capacite_X : 
128.41	156.24	42.85	

var_capacite_W : 
2628.0688999999998	2685.7655999999997	1632.5165	

covar_capacite_X : 
142.67777777777775	173.59999999999997	47.61111111111111	

covar_capacite_W : 
2920.0765555555554	2984.1839999999993	1813.9072222222221	

##########	##########	##########	##########	##########	##########	##########	##########	##########	##########	##########	##########	##########	##########	##########	##########	##########	##########	##########	##########	##########	##########	##########	##########	##########	##########	##########	##########	##########	##########	##########	##########	##########	##########	##########	##########	##########	##########	##########	##########	##########	##########	##########	##########	##########	##########	##########	##########	##########	##########	##########	##########	##########	##########	##########	##########	##########	##########	##########	##########	##########	##########	##########	##########	##########	##########	##########	##########	##########	##########	##########	##########	##########	##########	##########	##########	##########	##########	##########	##########	##########	##########	##########	##########	##########	##########	##########	##########	##########	##########	##########	##########	##########	##########	##########	##########	##########	##########	##########	##########	nombre de noeuds : 100
nombre de strates : 3
nombre de centres : 10
titre : fenetre
instances : p14_1
temps de calcul : 0.11852908134460449
valeur objective : 326.0
nombre de solutions : 3
nombre de noeuds : 1.0
faisability : True
centre : [96, 19, 95, 13, 93, 86, 5, 44, 41, 51]
moy_distances :	50.92
min_distances :	1.0
max_distances :	126.0
var_distances :	603.2508501581472
covar_distances :	603.3117907430703
ecartType_distances :	24.56116548859494
coef_variation	: 0.4823787253054895
distances_centre_x :
-1.0	19.0	23.0	-1.0	30.0	0.0	16.0	-1.0	12.0	5.0	-1.0	-1.0	13.0	0.0	-1.0	-1.0	-1.0	17.0	-1.0	0.0	22.0	14.0	15.0	-1.0	24.0	25.0	20.0	7.0	-1.0	37.0	-1.0	-1.0	5.0	-1.0	-1.0	17.0	13.0	19.0	11.0	38.0	19.0	0.0	-1.0	-1.0	0.0	17.0	7.0	-1.0	47.0	5.0	16.0	0.0	-1.0	36.0	44.0	10.0	6.0	-1.0	-1.0	-1.0	11.0	12.0	-1.0	17.0	6.0	-1.0	10.0	28.0	8.0	-1.0	-1.0	35.0	31.0	-1.0	5.0	10.0	14.0	13.0	8.0	24.0	-1.0	-1.0	31.0	-1.0	26.0	18.0	-1.0	25.0	50.0	18.0	10.0	25.0	17.0	-1.0	7.0	0.0	-1.0	4.0	10.0	-1.0	
22.0	-1.0	-1.0	-1.0	-1.0	0.0	16.0	14.0	12.0	5.0	20.0	-1.0	-1.0	0.0	-1.0	-1.0	18.0	17.0	8.0	41.0	5.0	-1.0	15.0	4.0	24.0	-1.0	31.0	7.0	6.0	37.0	21.0	11.0	5.0	-1.0	-1.0	-1.0	13.0	-1.0	11.0	43.0	19.0	-1.0	25.0	9.0	-1.0	-1.0	37.0	15.0	-1.0	5.0	16.0	35.0	14.0	-1.0	44.0	-1.0	6.0	9.0	31.0	-1.0	-1.0	12.0	3.0	17.0	-1.0	-1.0	10.0	-1.0	8.0	25.0	-1.0	35.0	31.0	22.0	5.0	-1.0	14.0	13.0	8.0	24.0	5.0	18.0	-1.0	-1.0	17.0	-1.0	-1.0	25.0	50.0	18.0	-1.0	-1.0	17.0	0.0	7.0	-1.0	0.0	-1.0	-1.0	17.0	
22.0	19.0	-1.0	2.0	-1.0	0.0	16.0	14.0	12.0	5.0	20.0	33.0	-1.0	0.0	15.0	1.0	-1.0	17.0	8.0	0.0	5.0	-1.0	15.0	4.0	24.0	25.0	5.0	-1.0	-1.0	37.0	21.0	11.0	5.0	6.0	12.0	17.0	-1.0	-1.0	11.0	-1.0	19.0	0.0	-1.0	-1.0	-1.0	-1.0	7.0	15.0	14.0	5.0	-1.0	35.0	-1.0	36.0	44.0	10.0	6.0	9.0	31.0	10.0	-1.0	12.0	3.0	17.0	6.0	11.0	10.0	24.0	8.0	25.0	24.0	35.0	31.0	22.0	5.0	10.0	14.0	13.0	8.0	-1.0	5.0	18.0	-1.0	30.0	17.0	-1.0	0.0	-1.0	-1.0	18.0	10.0	25.0	-1.0	0.0	7.0	-1.0	-1.0	-1.0	-1.0	17.0	

distances_centre_w :
-1.0	23.0	29.0	-1.0	45.0	25.0	27.0	-1.0	38.0	20.0	-1.0	-1.0	29.0	17.0	-1.0	-1.0	-1.0	23.0	-1.0	35.0	27.0	23.0	25.0	-1.0	42.0	53.0	30.0	19.0	-1.0	40.0	-1.0	-1.0	15.0	-1.0	-1.0	24.0	17.0	49.0	22.0	60.0	40.0	20.0	-1.0	-1.0	37.0	28.0	28.0	-1.0	53.0	21.0	21.0	21.0	-1.0	36.0	46.0	27.0	11.0	-1.0	-1.0	-1.0	14.0	21.0	-1.0	33.0	15.0	-1.0	28.0	38.0	19.0	-1.0	-1.0	51.0	55.0	-1.0	17.0	24.0	32.0	15.0	9.0	33.0	-1.0	-1.0	56.0	-1.0	52.0	22.0	-1.0	39.0	64.0	28.0	25.0	59.0	32.0	-1.0	11.0	9.0	-1.0	20.0	13.0	-1.0	
31.0	-1.0	-1.0	-1.0	-1.0	16.0	18.0	17.0	38.0	20.0	26.0	-1.0	-1.0	17.0	-1.0	-1.0	22.0	23.0	14.0	44.0	22.0	-1.0	25.0	13.0	27.0	-1.0	48.0	19.0	11.0	40.0	31.0	13.0	14.0	-1.0	-1.0	-1.0	45.0	-1.0	15.0	61.0	30.0	-1.0	41.0	10.0	-1.0	-1.0	50.0	30.0	-1.0	21.0	21.0	52.0	39.0	-1.0	46.0	-1.0	11.0	17.0	38.0	-1.0	-1.0	21.0	24.0	33.0	-1.0	-1.0	28.0	-1.0	19.0	25.0	-1.0	51.0	53.0	23.0	17.0	-1.0	32.0	15.0	9.0	33.0	19.0	25.0	-1.0	-1.0	40.0	-1.0	-1.0	39.0	64.0	28.0	-1.0	-1.0	32.0	18.0	11.0	-1.0	17.0	-1.0	-1.0	25.0	
31.0	23.0	-1.0	18.0	-1.0	16.0	36.0	17.0	38.0	20.0	26.0	54.0	-1.0	35.0	18.0	16.0	-1.0	23.0	14.0	35.0	22.0	-1.0	25.0	13.0	27.0	41.0	47.0	-1.0	-1.0	40.0	31.0	13.0	14.0	8.0	24.0	23.0	-1.0	-1.0	15.0	-1.0	30.0	20.0	-1.0	-1.0	-1.0	-1.0	28.0	30.0	26.0	21.0	-1.0	39.0	-1.0	36.0	46.0	27.0	11.0	15.0	38.0	14.0	-1.0	21.0	16.0	33.0	15.0	16.0	28.0	28.0	19.0	25.0	40.0	51.0	52.0	22.0	30.0	24.0	32.0	15.0	25.0	-1.0	19.0	53.0	-1.0	44.0	19.0	-1.0	9.0	-1.0	-1.0	28.0	25.0	49.0	-1.0	48.0	11.0	-1.0	-1.0	-1.0	-1.0	26.0	

maxX :
50.0	50.0	44.0	

maxW :
64.0	64.0	54.0	

minX :
0.0	0.0	0.0	

minW :
9.0	9.0	8.0	

moyX :
16.393939393939394	16.75	14.356164383561644	

moyW :
30.0	27.765625	26.945205479452056	

medX :
14.5	15.0	12.0	

medW :
27.0	25.0	25.0	

ecartTypeX :
11.849918536836455	11.800423721205947	10.34390809138959	

ecartTypeW :
13.693617181561324	13.220181290715153	11.604073931473087	

varX :
140.42056932966022	139.25	106.99643460311502	

varW :
187.5151515151515	174.773193359375	134.65453180709326	

covarX :
142.58088578088575	141.46031746031744	108.48249619482492	

covarW :
190.4	177.54737103174602	136.5247336377473	

coef_variationX :
0.722823127015902	0.7045029087287132	0.7205203155261832	

coef_variationW :
0.4564539060520441	0.4761348354562576	0.4306544977109991	

moy_distances_centre :	44.577777777777776
min_distances_centre :	9.0
max_distances_centre :	88.0
med_distances_centre :	42.0
ecartType_distances_centre :	20.52585241308995
var_distances_centre :	421.31061728395053
covar_distances_centre :	426.04444444444437
coef_variation_distances_centre :	0.4604503283095951
capacite_X_temoin : 
157.0	172.0	153.0	150.0	177.0	154.0	174.0	162.0	145.0	178.0	
171.0	160.0	175.0	177.0	136.0	150.0	157.0	162.0	178.0	175.0	
157.0	154.0	162.0	153.0	166.0	175.0	154.0	162.0	162.0	142.0	

capacite_W_temoin : 
53.1	148.6	128.9	104.0	151.1	53.199999999999996	226.2	149.6	103.5	187.4	
84.3	94.0	179.5	177.1	131.8	60.0	204.1	146.6	142.4	203.5	
71.1	116.19999999999999	132.6	116.9	196.8	62.5	172.2	154.6	102.6	144.6	

demande_cumulee_X : 
151.0	75.0	70.0	91.0	79.0	147.0	0.0	61.0	85.0	44.0	
138.0	114.0	48.0	53.0	45.0	135.0	0.0	64.0	89.0	24.0	
133.0	84.0	78.0	82.0	19.0	165.0	28.0	56.0	108.0	40.0	

demande_cumulee_W : 
41.0	108.0	15.0	86.0	151.0	44.0	157.0	80.0	14.0	107.0	
82.0	86.0	5.0	68.0	117.0	44.0	138.0	57.0	0.0	113.0	
68.0	87.0	0.0	54.0	196.0	14.0	172.0	90.0	35.0	77.0	

capacite_residuelle_X : 
6.0	97.0	83.0	59.0	98.0	7.0	174.0	101.0	60.0	134.0	
33.0	46.0	127.0	124.0	91.0	15.0	157.0	98.0	89.0	151.0	
24.0	70.0	84.0	71.0	147.0	10.0	126.0	106.0	54.0	102.0	

capacite_residuelle_W : 
12.100000000000001	40.599999999999994	113.9	18.0	0.09999999999999432	9.199999999999996	69.19999999999999	69.6	89.5	80.4	
2.299999999999997	8.0	174.5	109.1	14.800000000000011	16.0	66.1	89.6	142.4	90.5	
3.0999999999999943	29.19999999999999	132.6	62.900000000000006	0.8000000000000114	48.5	0.19999999999998863	64.6	67.6	67.6	

min_capacite_X : 
145.0	136.0	142.0	

min_capacite_W : 
53.1	60.0	62.5	

max_capacite_X : 
178.0	178.0	175.0	

max_capacite_W : 
226.2	204.1	196.8	

moy_capacite_X : 
162.2	164.1	158.7	

moy_capacite_W : 
130.56	142.33	127.00999999999996	

med_capacite_X : 
159.5	166.5	159.5	

med_capacite_W : 
138.75	144.5	124.75	

ecartType_capacite_X : 
11.52215257666726	13.057181931795236	8.426743143112885	

ecartType_capacite_W : 
51.877455604530184	47.705849746126525	40.146019727987984	

var_capacite_X : 
132.76	170.48999999999998	71.01000000000002	

var_capacite_W : 
2691.2704000000003	2275.8481	1611.7029000000002	

covar_capacite_X : 
147.5111111111111	189.43333333333337	78.9	

covar_capacite_W : 
2990.3004444444446	2528.720111111111	1790.781	

##########	##########	##########	##########	##########	##########	##########	##########	##########	##########	##########	##########	##########	##########	##########	##########	##########	##########	##########	##########	##########	##########	##########	##########	##########	##########	##########	##########	##########	##########	##########	##########	##########	##########	##########	##########	##########	##########	##########	##########	##########	##########	##########	##########	##########	##########	##########	##########	##########	##########	##########	##########	##########	##########	##########	##########	##########	##########	##########	##########	##########	##########	##########	##########	##########	##########	##########	##########	##########	##########	##########	##########	##########	##########	##########	##########	##########	##########	##########	##########	##########	##########	##########	##########	##########	##########	##########	##########	##########	##########	##########	##########	##########	##########	##########	##########	##########	##########	##########	##########	nombre de noeuds : 100
nombre de strates : 3
nombre de centres : 10
titre : fenetre
instances : p14_1
temps de calcul : 0.13048982620239258
valeur objective : 247.0
nombre de solutions : 3
nombre de noeuds : 1.0
faisability : True
centre : [19, 95, 13, 93, 86, 5, 44, 41, 51, 54]
moy_distances :	50.92
min_distances :	1.0
max_distances :	126.0
var_distances :	603.2508501581472
covar_distances :	603.3117907430703
ecartType_distances :	24.56116548859494
coef_variation	: 0.4823787253054895
distances_centre_x :
-1.0	19.0	29.0	-1.0	20.0	0.0	16.0	-1.0	12.0	5.0	-1.0	-1.0	13.0	0.0	-1.0	-1.0	-1.0	17.0	-1.0	0.0	5.0	14.0	15.0	-1.0	24.0	25.0	5.0	7.0	-1.0	8.0	-1.0	-1.0	5.0	-1.0	-1.0	17.0	13.0	16.0	30.0	10.0	19.0	0.0	-1.0	-1.0	0.0	28.0	7.0	-1.0	26.0	5.0	16.0	0.0	-1.0	36.0	0.0	10.0	6.0	-1.0	-1.0	-1.0	11.0	12.0	-1.0	17.0	6.0	-1.0	10.0	24.0	8.0	-1.0	-1.0	21.0	19.0	-1.0	5.0	10.0	14.0	13.0	8.0	22.0	-1.0	-1.0	15.0	-1.0	17.0	18.0	-1.0	25.0	21.0	18.0	25.0	25.0	17.0	-1.0	7.0	0.0	-1.0	23.0	13.0	-1.0	
22.0	-1.0	-1.0	-1.0	-1.0	0.0	16.0	14.0	12.0	5.0	20.0	-1.0	-1.0	0.0	-1.0	-1.0	18.0	17.0	8.0	0.0	5.0	-1.0	15.0	4.0	24.0	-1.0	20.0	7.0	6.0	8.0	21.0	11.0	5.0	-1.0	-1.0	-1.0	13.0	-1.0	11.0	10.0	19.0	-1.0	7.0	9.0	-1.0	-1.0	7.0	15.0	-1.0	5.0	16.0	0.0	14.0	-1.0	0.0	-1.0	6.0	9.0	31.0	-1.0	-1.0	12.0	16.0	17.0	-1.0	-1.0	10.0	-1.0	8.0	25.0	-1.0	21.0	19.0	22.0	5.0	-1.0	14.0	13.0	8.0	22.0	5.0	18.0	-1.0	-1.0	17.0	-1.0	-1.0	25.0	21.0	18.0	-1.0	-1.0	17.0	0.0	7.0	-1.0	17.0	-1.0	-1.0	17.0	
22.0	19.0	-1.0	2.0	-1.0	0.0	16.0	14.0	12.0	5.0	20.0	18.0	-1.0	0.0	15.0	1.0	-1.0	17.0	8.0	0.0	5.0	-1.0	15.0	4.0	24.0	25.0	5.0	-1.0	-1.0	8.0	21.0	11.0	5.0	6.0	12.0	17.0	-1.0	-1.0	11.0	-1.0	19.0	0.0	-1.0	-1.0	-1.0	-1.0	7.0	15.0	14.0	5.0	-1.0	0.0	-1.0	36.0	0.0	10.0	6.0	9.0	31.0	10.0	-1.0	12.0	16.0	17.0	6.0	11.0	10.0	24.0	8.0	25.0	24.0	21.0	19.0	22.0	5.0	10.0	14.0	13.0	8.0	-1.0	5.0	18.0	-1.0	30.0	17.0	-1.0	0.0	-1.0	-1.0	18.0	25.0	25.0	-1.0	0.0	7.0	-1.0	-1.0	-1.0	-1.0	17.0	

distances_centre_w :
-1.0	23.0	49.0	-1.0	30.0	16.0	18.0	-1.0	38.0	22.0	-1.0	-1.0	29.0	18.0	-1.0	-1.0	-1.0	24.0	-1.0	35.0	22.0	23.0	25.0	-1.0	49.0	46.0	20.0	19.0	-1.0	37.0	-1.0	-1.0	15.0	-1.0	-1.0	30.0	30.0	19.0	41.0	32.0	30.0	20.0	-1.0	-1.0	44.0	30.0	28.0	-1.0	36.0	21.0	21.0	44.0	-1.0	36.0	44.0	27.0	11.0	-1.0	-1.0	-1.0	14.0	22.0	-1.0	30.0	15.0	-1.0	13.0	28.0	19.0	-1.0	-1.0	35.0	31.0	-1.0	17.0	24.0	48.0	17.0	9.0	24.0	-1.0	-1.0	31.0	-1.0	19.0	40.0	-1.0	34.0	50.0	28.0	25.0	40.0	32.0	-1.0	11.0	9.0	-1.0	40.0	13.0	-1.0	
31.0	-1.0	-1.0	-1.0	-1.0	25.0	18.0	17.0	38.0	22.0	26.0	-1.0	-1.0	18.0	-1.0	-1.0	22.0	24.0	14.0	35.0	22.0	-1.0	25.0	13.0	25.0	-1.0	30.0	19.0	11.0	37.0	31.0	41.0	15.0	-1.0	-1.0	-1.0	45.0	-1.0	15.0	38.0	30.0	-1.0	43.0	10.0	-1.0	-1.0	28.0	30.0	-1.0	21.0	43.0	35.0	39.0	-1.0	44.0	-1.0	11.0	15.0	38.0	-1.0	-1.0	22.0	20.0	30.0	-1.0	-1.0	13.0	-1.0	19.0	25.0	-1.0	35.0	31.0	22.0	17.0	-1.0	48.0	17.0	9.0	24.0	19.0	25.0	-1.0	-1.0	19.0	-1.0	-1.0	34.0	50.0	28.0	-1.0	-1.0	32.0	18.0	11.0	-1.0	17.0	-1.0	-1.0	25.0	
31.0	23.0	-1.0	24.0	-1.0	16.0	25.0	17.0	38.0	22.0	26.0	33.0	-1.0	18.0	39.0	16.0	-1.0	24.0	14.0	35.0	22.0	-1.0	25.0	13.0	25.0	41.0	20.0	-1.0	-1.0	37.0	31.0	13.0	15.0	8.0	24.0	23.0	-1.0	-1.0	15.0	-1.0	30.0	20.0	-1.0	-1.0	-1.0	-1.0	28.0	34.0	26.0	21.0	-1.0	21.0	-1.0	36.0	44.0	27.0	11.0	15.0	38.0	14.0	-1.0	22.0	20.0	30.0	15.0	16.0	13.0	25.0	19.0	29.0	25.0	35.0	31.0	23.0	17.0	24.0	32.0	17.0	29.0	-1.0	19.0	34.0	-1.0	31.0	19.0	-1.0	9.0	-1.0	-1.0	43.0	25.0	26.0	-1.0	26.0	11.0	-1.0	-1.0	-1.0	-1.0	27.0	

maxX :
36.0	31.0	36.0	

maxW :
50.0	50.0	44.0	

minX :
0.0	0.0	0.0	

minW :
9.0	9.0	8.0	

moyX :
13.666666666666666	12.5625	12.698630136986301	

moyW :
27.575757575757574	25.84375	24.246575342465754	

medX :
13.5	13.0	12.0	

medW :
27.5	25.0	24.0	

ecartTypeX :
8.659087595110583	7.305552254963344	8.47346370527255	

ecartTypeW :
10.738010376709523	10.224386824524002	8.418474175870765	

varX :
74.97979797979798	53.37109375	71.79958716457122	

varW :
115.3048668503214	104.5380859375	70.87070744980296	

covarX :
76.13333333333334	54.21825396825397	72.79680365296804	

covarW :
117.07878787878789	106.19742063492063	71.85502283105023	

coef_variationX :
0.6335917752519938	0.5815364979075299	0.6672738408682807	

coef_variationW :
0.38940037629825747	0.395623190308063	0.347202607253427	

moy_distances_centre :	50.355555555555554
min_distances_centre :	9.0
max_distances_centre :	100.0
med_distances_centre :	48.0
ecartType_distances_centre :	21.373041748432698
var_distances_centre :	456.806913580247
covar_distances_centre :	461.9395755305868
coef_variation_distances_centre :	0.4244425766458391
capacite_X_temoin : 
157.0	172.0	153.0	150.0	177.0	154.0	147.0	174.0	162.0	145.0	
171.0	160.0	175.0	177.0	136.0	150.0	159.0	157.0	162.0	178.0	
157.0	154.0	162.0	153.0	166.0	175.0	171.0	154.0	162.0	162.0	

capacite_W_temoin : 
112.1	150.6	148.9	74.0	183.1	58.199999999999996	79.1	209.2	154.6	95.5	
140.3	113.0	178.5	181.1	108.8	48.0	118.69999999999999	204.1	167.6	142.4	
83.1	76.19999999999999	132.6	116.9	196.8	91.5	164.3	172.2	171.6	102.6	

demande_cumulee_X : 
92.0	73.0	50.0	121.0	47.0	142.0	112.0	17.0	56.0	93.0	
82.0	95.0	49.0	49.0	68.0	147.0	88.0	0.0	43.0	89.0	
121.0	124.0	78.0	82.0	19.0	136.0	58.0	28.0	39.0	108.0	

demande_cumulee_W : 
95.0	50.0	61.0	54.0	170.0	55.0	66.0	146.0	83.0	23.0	
86.0	94.0	3.0	82.0	108.0	32.0	40.0	149.0	110.0	6.0	
42.0	39.0	0.0	44.0	196.0	73.0	89.0	168.0	106.0	36.0	

capacite_residuelle_X : 
65.0	99.0	103.0	29.0	130.0	12.0	35.0	157.0	106.0	52.0	
89.0	65.0	126.0	128.0	68.0	3.0	71.0	157.0	119.0	89.0	
36.0	30.0	84.0	71.0	147.0	39.0	113.0	126.0	123.0	54.0	

capacite_residuelle_W : 
17.099999999999994	100.6	87.9	20.0	13.099999999999994	3.1999999999999957	13.099999999999994	63.19999999999999	71.6	72.5	
54.30000000000001	19.0	175.5	99.1	0.7999999999999972	16.0	78.69999999999999	55.099999999999994	57.599999999999994	136.4	
41.099999999999994	37.19999999999999	132.6	72.9	0.8000000000000114	18.5	75.30000000000001	4.199999999999989	65.6	66.6	

min_capacite_X : 
145.0	136.0	153.0	

min_capacite_W : 
58.199999999999996	48.0	76.19999999999999	

max_capacite_X : 
177.0	178.0	175.0	

max_capacite_W : 
209.2	204.1	196.8	

moy_capacite_X : 
159.1	162.5	161.6	

moy_capacite_W : 
126.53	140.25	130.77999999999997	

med_capacite_X : 
155.5	161.0	162.0	

med_capacite_W : 
130.5	141.35000000000002	124.75	

ecartType_capacite_X : 
11.0131739294356	12.595634164265013	7.059745037889116	

ecartType_capacite_W : 
47.698302904820416	43.20576929068617	40.80376943371777	

var_capacite_X : 
121.29	158.65	49.84	

var_capacite_W : 
2275.1280999999994	1866.7385	1664.9476000000002	

covar_capacite_X : 
134.76666666666668	176.27777777777777	55.37777777777779	

covar_capacite_W : 
2527.920111111111	2074.1538888888886	1849.941777777778	

##########	##########	##########	##########	##########	##########	##########	##########	##########	##########	##########	##########	##########	##########	##########	##########	##########	##########	##########	##########	##########	##########	##########	##########	##########	##########	##########	##########	##########	##########	##########	##########	##########	##########	##########	##########	##########	##########	##########	##########	##########	##########	##########	##########	##########	##########	##########	##########	##########	##########	##########	##########	##########	##########	##########	##########	##########	##########	##########	##########	##########	##########	##########	##########	##########	##########	##########	##########	##########	##########	##########	##########	##########	##########	##########	##########	##########	##########	##########	##########	##########	##########	##########	##########	##########	##########	##########	##########	##########	##########	##########	##########	##########	##########	##########	##########	##########	##########	##########	##########	nombre de noeuds : 100
nombre de strates : 3
nombre de centres : 10
titre : fenetre
instances : p14_1
temps de calcul : 0.12019896507263184
valeur objective : 262.0
nombre de solutions : 3
nombre de noeuds : 1.0
faisability : True
centre : [95, 13, 93, 86, 5, 44, 41, 51, 54, 26]
moy_distances :	50.92
min_distances :	1.0
max_distances :	126.0
var_distances :	603.2508501581472
covar_distances :	603.3117907430703
ecartType_distances :	24.56116548859494
coef_variation	: 0.4823787253054895
distances_centre_x :
-1.0	19.0	23.0	-1.0	20.0	0.0	16.0	-1.0	38.0	5.0	-1.0	-1.0	13.0	0.0	-1.0	-1.0	-1.0	17.0	-1.0	35.0	5.0	14.0	15.0	-1.0	24.0	25.0	0.0	7.0	-1.0	8.0	-1.0	-1.0	5.0	-1.0	-1.0	23.0	13.0	16.0	11.0	10.0	19.0	0.0	-1.0	-1.0	0.0	28.0	7.0	-1.0	14.0	5.0	16.0	0.0	-1.0	36.0	0.0	27.0	6.0	-1.0	-1.0	-1.0	11.0	12.0	-1.0	17.0	6.0	-1.0	10.0	24.0	8.0	-1.0	-1.0	21.0	19.0	-1.0	4.0	24.0	14.0	13.0	8.0	22.0	-1.0	-1.0	15.0	-1.0	17.0	18.0	-1.0	25.0	21.0	18.0	25.0	25.0	17.0	-1.0	7.0	0.0	-1.0	4.0	13.0	-1.0	
22.0	-1.0	-1.0	-1.0	-1.0	0.0	16.0	14.0	38.0	5.0	20.0	-1.0	-1.0	0.0	-1.0	-1.0	22.0	17.0	8.0	35.0	5.0	-1.0	15.0	4.0	24.0	-1.0	0.0	7.0	6.0	8.0	21.0	11.0	5.0	-1.0	-1.0	-1.0	13.0	-1.0	11.0	10.0	19.0	-1.0	7.0	9.0	-1.0	-1.0	7.0	15.0	-1.0	5.0	16.0	0.0	39.0	-1.0	0.0	-1.0	6.0	9.0	31.0	-1.0	-1.0	12.0	16.0	17.0	-1.0	-1.0	10.0	-1.0	8.0	25.0	-1.0	21.0	19.0	22.0	4.0	-1.0	14.0	13.0	8.0	22.0	5.0	18.0	-1.0	-1.0	17.0	-1.0	-1.0	25.0	21.0	18.0	-1.0	-1.0	17.0	0.0	7.0	-1.0	17.0	-1.0	-1.0	25.0	
22.0	19.0	-1.0	2.0	-1.0	0.0	16.0	14.0	38.0	5.0	20.0	18.0	-1.0	0.0	15.0	1.0	-1.0	17.0	8.0	35.0	5.0	-1.0	15.0	4.0	24.0	25.0	0.0	-1.0	-1.0	8.0	21.0	11.0	5.0	8.0	24.0	17.0	-1.0	-1.0	11.0	-1.0	19.0	0.0	-1.0	-1.0	-1.0	-1.0	7.0	15.0	14.0	5.0	-1.0	0.0	-1.0	36.0	0.0	27.0	6.0	9.0	31.0	10.0	-1.0	12.0	16.0	17.0	6.0	11.0	10.0	24.0	8.0	25.0	24.0	21.0	19.0	22.0	4.0	24.0	14.0	13.0	8.0	-1.0	5.0	18.0	-1.0	30.0	17.0	-1.0	0.0	-1.0	-1.0	18.0	25.0	25.0	-1.0	0.0	7.0	-1.0	-1.0	-1.0	-1.0	25.0	

distances_centre_w :
-1.0	23.0	23.0	-1.0	30.0	16.0	18.0	-1.0	44.0	22.0	-1.0	-1.0	29.0	25.0	-1.0	-1.0	-1.0	24.0	-1.0	44.0	22.0	23.0	25.0	-1.0	49.0	30.0	5.0	19.0	-1.0	36.0	-1.0	-1.0	15.0	-1.0	-1.0	30.0	17.0	19.0	15.0	13.0	24.0	20.0	-1.0	-1.0	20.0	30.0	9.0	-1.0	26.0	39.0	31.0	5.0	-1.0	40.0	43.0	42.0	11.0	-1.0	-1.0	-1.0	14.0	22.0	-1.0	30.0	15.0	-1.0	13.0	25.0	19.0	-1.0	-1.0	35.0	31.0	-1.0	5.0	37.0	18.0	17.0	9.0	24.0	-1.0	-1.0	31.0	-1.0	19.0	22.0	-1.0	34.0	50.0	28.0	25.0	26.0	21.0	-1.0	11.0	9.0	-1.0	20.0	13.0	-1.0	
31.0	-1.0	-1.0	-1.0	-1.0	16.0	18.0	17.0	44.0	22.0	22.0	-1.0	-1.0	18.0	-1.0	-1.0	30.0	24.0	14.0	41.0	22.0	-1.0	25.0	13.0	33.0	-1.0	5.0	19.0	11.0	36.0	31.0	13.0	15.0	-1.0	-1.0	-1.0	17.0	-1.0	15.0	13.0	24.0	-1.0	43.0	10.0	-1.0	-1.0	9.0	30.0	-1.0	41.0	36.0	5.0	53.0	-1.0	43.0	-1.0	11.0	15.0	36.0	-1.0	-1.0	22.0	20.0	30.0	-1.0	-1.0	13.0	-1.0	19.0	25.0	-1.0	35.0	31.0	22.0	5.0	-1.0	18.0	17.0	9.0	24.0	19.0	23.0	-1.0	-1.0	19.0	-1.0	-1.0	34.0	50.0	28.0	-1.0	-1.0	52.0	18.0	11.0	-1.0	17.0	-1.0	-1.0	26.0	
31.0	23.0	-1.0	24.0	-1.0	16.0	33.0	17.0	44.0	22.0	22.0	33.0	-1.0	27.0	18.0	16.0	-1.0	24.0	14.0	41.0	22.0	-1.0	25.0	13.0	25.0	30.0	5.0	-1.0	-1.0	36.0	31.0	13.0	15.0	39.0	31.0	23.0	-1.0	-1.0	15.0	-1.0	24.0	20.0	-1.0	-1.0	-1.0	-1.0	9.0	30.0	26.0	10.0	-1.0	5.0	-1.0	40.0	43.0	42.0	11.0	24.0	36.0	14.0	-1.0	22.0	20.0	30.0	15.0	16.0	13.0	25.0	19.0	29.0	25.0	35.0	31.0	23.0	5.0	37.0	18.0	17.0	9.0	-1.0	19.0	23.0	-1.0	31.0	19.0	-1.0	9.0	-1.0	-1.0	43.0	26.0	26.0	-1.0	18.0	11.0	-1.0	-1.0	-1.0	-1.0	26.0	

maxX :
38.0	39.0	38.0	

maxW :
50.0	53.0	44.0	

minX :
0.0	0.0	0.0	

minW :
5.0	5.0	5.0	

moyX :
14.212121212121213	13.765625	14.178082191780822	

moyW :
23.924242424242426	23.5625	23.315068493150687	

medX :
14.0	13.5	14.0	

medW :
23.0	22.0	23.0	

ecartTypeX :
9.290782580332218	9.12198955049692	9.602143690098545	

ecartTypeW :
10.5834499245221	11.59455017454321	9.758560291759816	

varX :
86.3186409550046	83.210693359375	92.2011634452993	

varW :
112.00941230486684	134.43359375	95.22949896791143	

covarX :
87.64662004662006	84.53149801587301	93.48173515981735	

covarW :
113.73263403263404	136.5674603174603	96.55213089802129	

coef_variationX :
0.6537224416864886	0.6626643941337149	0.6772526467412501	

coef_variationW :
0.4423734610629883	0.4920763999806137	0.4185516458862905	

moy_distances_centre :	45.62222222222222
min_distances_centre :	5.0
max_distances_centre :	88.0
med_distances_centre :	43.0
ecartType_distances_centre :	20.743179750772047
var_distances_centre :	430.2795061728395
covar_distances_centre :	435.1141073657928
coef_variation_distances_centre :	0.4546727173817546
capacite_X_temoin : 
157.0	172.0	172.0	150.0	177.0	154.0	147.0	174.0	162.0	145.0	
171.0	160.0	135.0	177.0	136.0	150.0	159.0	157.0	162.0	178.0	
157.0	154.0	168.0	153.0	166.0	175.0	171.0	154.0	162.0	162.0	

capacite_W_temoin : 
112.1	150.6	193.6	69.0	160.1	88.19999999999999	79.1	209.2	132.6	95.5	
140.3	119.0	143.5	157.1	132.8	59.0	118.69999999999999	198.1	139.6	142.4	
83.1	76.19999999999999	190.4	102.9	193.8	119.5	164.3	181.2	110.6	93.6	

demande_cumulee_X : 
92.0	73.0	30.0	126.0	70.0	112.0	112.0	17.0	78.0	93.0	
82.0	89.0	32.0	73.0	44.0	136.0	88.0	6.0	71.0	89.0	
121.0	124.0	28.0	96.0	22.0	108.0	58.0	19.0	100.0	117.0	

demande_cumulee_W : 
101.0	22.0	171.0	32.0	148.0	57.0	57.0	141.0	51.0	23.0	
74.0	68.0	135.0	53.0	93.0	50.0	33.0	149.0	55.0	0.0	
38.0	45.0	146.0	46.0	106.0	59.0	67.0	173.0	67.0	46.0	

capacite_residuelle_X : 
65.0	99.0	142.0	24.0	107.0	42.0	35.0	157.0	84.0	52.0	
89.0	71.0	103.0	104.0	92.0	14.0	71.0	151.0	91.0	89.0	
36.0	30.0	140.0	57.0	144.0	67.0	113.0	135.0	62.0	45.0	

capacite_residuelle_W : 
11.099999999999994	128.6	22.599999999999994	37.0	12.099999999999994	31.19999999999999	22.099999999999994	68.19999999999999	81.6	72.5	
66.30000000000001	51.0	8.5	104.1	39.80000000000001	9.0	85.69999999999999	49.099999999999994	84.6	142.4	
45.099999999999994	31.19999999999999	44.400000000000006	56.900000000000006	87.80000000000001	60.5	97.30000000000001	8.199999999999989	43.599999999999994	47.599999999999994	

min_capacite_X : 
145.0	135.0	153.0	

min_capacite_W : 
69.0	59.0	76.19999999999999	

max_capacite_X : 
177.0	178.0	175.0	

max_capacite_W : 
209.2	198.1	193.8	

moy_capacite_X : 
161.0	158.5	162.2	

moy_capacite_W : 
128.99999999999997	135.05	131.56	

med_capacite_X : 
159.5	159.5	162.0	

med_capacite_W : 
122.35	139.95	115.05	

ecartType_capacite_X : 
11.428035701729321	14.23551895787435	7.318469785412794	

ecartType_capacite_W : 
46.05913590157766	33.088948306043214	43.74039780340367	

var_capacite_X : 
130.6	202.65	53.55999999999999	

var_capacite_W : 
2121.4440000000004	1094.8785	1913.2224	

covar_capacite_X : 
145.11111111111111	225.16666666666666	59.5111111111111	

covar_capacite_W : 
2357.1600000000003	1216.5316666666665	2125.802666666667	

##########	##########	##########	##########	##########	##########	##########	##########	##########	##########	##########	##########	##########	##########	##########	##########	##########	##########	##########	##########	##########	##########	##########	##########	##########	##########	##########	##########	##########	##########	##########	##########	##########	##########	##########	##########	##########	##########	##########	##########	##########	##########	##########	##########	##########	##########	##########	##########	##########	##########	##########	##########	##########	##########	##########	##########	##########	##########	##########	##########	##########	##########	##########	##########	##########	##########	##########	##########	##########	##########	##########	##########	##########	##########	##########	##########	##########	##########	##########	##########	##########	##########	##########	##########	##########	##########	##########	##########	##########	##########	##########	##########	##########	##########	##########	##########	##########	##########	##########	##########	nombre de noeuds : 100
nombre de strates : 3
nombre de centres : 10
titre : fenetre
instances : p14_1
temps de calcul : 0.1217660903930664
valeur objective : 258.0
nombre de solutions : 4
nombre de noeuds : 1.0
faisability : True
centre : [13, 93, 86, 5, 44, 41, 51, 54, 26, 91]
moy_distances :	50.92
min_distances :	1.0
max_distances :	126.0
var_distances :	603.2508501581472
covar_distances :	603.3117907430703
ecartType_distances :	24.56116548859494
coef_variation	: 0.4823787253054895
distances_centre_x :
-1.0	19.0	23.0	-1.0	6.0	0.0	16.0	-1.0	38.0	5.0	-1.0	-1.0	11.0	0.0	-1.0	-1.0	-1.0	24.0	-1.0	35.0	5.0	23.0	25.0	-1.0	20.0	25.0	0.0	7.0	-1.0	8.0	-1.0	-1.0	5.0	-1.0	-1.0	17.0	13.0	16.0	11.0	10.0	19.0	0.0	-1.0	-1.0	0.0	30.0	7.0	-1.0	14.0	5.0	16.0	0.0	-1.0	36.0	0.0	27.0	6.0	-1.0	-1.0	-1.0	11.0	12.0	-1.0	8.0	15.0	-1.0	13.0	19.0	8.0	-1.0	-1.0	10.0	19.0	-1.0	4.0	24.0	14.0	17.0	9.0	13.0	-1.0	-1.0	12.0	-1.0	17.0	18.0	-1.0	9.0	21.0	28.0	25.0	0.0	17.0	-1.0	7.0	9.0	-1.0	4.0	13.0	-1.0	
31.0	-1.0	-1.0	-1.0	-1.0	0.0	16.0	14.0	38.0	5.0	20.0	-1.0	-1.0	0.0	-1.0	-1.0	22.0	24.0	14.0	35.0	5.0	-1.0	25.0	13.0	20.0	-1.0	0.0	7.0	6.0	8.0	31.0	11.0	5.0	-1.0	-1.0	-1.0	13.0	-1.0	11.0	10.0	19.0	-1.0	7.0	9.0	-1.0	-1.0	7.0	10.0	-1.0	5.0	16.0	0.0	39.0	-1.0	0.0	-1.0	6.0	9.0	31.0	-1.0	-1.0	12.0	16.0	8.0	-1.0	-1.0	13.0	-1.0	8.0	25.0	-1.0	10.0	19.0	22.0	4.0	-1.0	14.0	17.0	9.0	13.0	5.0	18.0	-1.0	-1.0	17.0	-1.0	-1.0	9.0	21.0	28.0	-1.0	-1.0	17.0	0.0	7.0	-1.0	17.0	-1.0	-1.0	25.0	
31.0	19.0	-1.0	2.0	-1.0	0.0	16.0	14.0	38.0	5.0	20.0	18.0	-1.0	0.0	15.0	1.0	-1.0	24.0	14.0	35.0	5.0	-1.0	25.0	13.0	20.0	25.0	0.0	-1.0	-1.0	8.0	31.0	11.0	5.0	6.0	24.0	17.0	-1.0	-1.0	11.0	-1.0	19.0	0.0	-1.0	-1.0	-1.0	-1.0	7.0	10.0	14.0	10.0	-1.0	0.0	-1.0	36.0	0.0	27.0	6.0	9.0	31.0	10.0	-1.0	12.0	16.0	8.0	15.0	11.0	13.0	19.0	8.0	25.0	2.0	10.0	19.0	22.0	4.0	24.0	14.0	17.0	9.0	-1.0	5.0	18.0	-1.0	10.0	17.0	-1.0	0.0	-1.0	-1.0	28.0	25.0	0.0	-1.0	0.0	7.0	-1.0	-1.0	-1.0	-1.0	25.0	

distances_centre_w :
-1.0	23.0	23.0	-1.0	20.0	16.0	18.0	-1.0	44.0	22.0	-1.0	-1.0	13.0	30.0	-1.0	-1.0	-1.0	40.0	-1.0	41.0	22.0	39.0	40.0	-1.0	25.0	30.0	5.0	19.0	-1.0	23.0	-1.0	-1.0	15.0	-1.0	-1.0	30.0	17.0	19.0	15.0	13.0	24.0	20.0	-1.0	-1.0	20.0	43.0	9.0	-1.0	26.0	10.0	31.0	5.0	-1.0	40.0	26.0	42.0	11.0	-1.0	-1.0	-1.0	14.0	22.0	-1.0	17.0	30.0	-1.0	28.0	24.0	19.0	-1.0	-1.0	21.0	31.0	-1.0	5.0	37.0	18.0	33.0	29.0	22.0	-1.0	-1.0	15.0	-1.0	19.0	22.0	-1.0	25.0	25.0	43.0	25.0	25.0	21.0	-1.0	11.0	25.0	-1.0	20.0	27.0	-1.0	
46.0	-1.0	-1.0	-1.0	-1.0	16.0	18.0	35.0	44.0	22.0	22.0	-1.0	-1.0	18.0	-1.0	-1.0	30.0	40.0	26.0	41.0	22.0	-1.0	40.0	29.0	24.0	-1.0	5.0	19.0	11.0	23.0	45.0	13.0	15.0	-1.0	-1.0	-1.0	17.0	-1.0	15.0	13.0	24.0	-1.0	44.0	10.0	-1.0	-1.0	9.0	15.0	-1.0	41.0	46.0	5.0	53.0	-1.0	26.0	-1.0	11.0	16.0	36.0	-1.0	-1.0	22.0	20.0	17.0	-1.0	-1.0	28.0	-1.0	19.0	32.0	-1.0	21.0	31.0	23.0	5.0	-1.0	18.0	32.0	25.0	22.0	19.0	23.0	-1.0	-1.0	19.0	-1.0	-1.0	25.0	25.0	43.0	-1.0	-1.0	21.0	18.0	11.0	-1.0	17.0	-1.0	-1.0	26.0	
46.0	23.0	-1.0	24.0	-1.0	46.0	25.0	17.0	44.0	37.0	22.0	33.0	-1.0	27.0	18.0	46.0	-1.0	40.0	26.0	41.0	22.0	-1.0	40.0	29.0	24.0	30.0	5.0	-1.0	-1.0	23.0	45.0	13.0	38.0	21.0	31.0	23.0	-1.0	-1.0	15.0	-1.0	24.0	20.0	-1.0	-1.0	-1.0	-1.0	9.0	36.0	26.0	21.0	-1.0	5.0	-1.0	40.0	26.0	42.0	46.0	32.0	36.0	25.0	-1.0	22.0	20.0	17.0	42.0	16.0	40.0	24.0	19.0	29.0	25.0	21.0	41.0	22.0	5.0	37.0	18.0	41.0	40.0	-1.0	19.0	25.0	-1.0	30.0	19.0	-1.0	16.0	-1.0	-1.0	43.0	27.0	26.0	-1.0	26.0	36.0	-1.0	-1.0	-1.0	-1.0	26.0	

maxX :
38.0	39.0	38.0	

maxW :
44.0	53.0	46.0	

minX :
0.0	0.0	0.0	

minW :
5.0	5.0	5.0	

moyX :
13.606060606060606	14.0	13.904109589041095	

moyW :
23.666666666666668	24.171875	27.863013698630137	

medX :
13.0	13.0	13.0	

medW :
22.5	22.0	26.0	

ecartTypeX :
9.299525546513989	9.534476912762441	9.851172496187145	

ecartTypeW :
9.647316055292636	11.25354761772371	10.554898970974737	

varX :
86.48117539026629	90.90625	97.04559954963408	

varW :
93.07070707070707	126.642333984375	111.40589228748357	

covarX :
87.811655011655	92.34920634920634	98.39345509893457	

covarW :
94.50256410256411	128.65252976190476	112.95319634703196	

coef_variationX :
0.6834840602114959	0.6810340651973172	0.7085079726321789	

coef_variationW :
0.40763307275884375	0.46556370234926786	0.37881397486782487	

moy_distances_centre :	44.93333333333333
min_distances_centre :	5.0
max_distances_centre :	89.0
med_distances_centre :	43.0
ecartType_distances_centre :	19.345283662949996
var_distances_centre :	374.24
covar_distances_centre :	378.4449438202247
coef_variation_distances_centre :	0.4305330192051186
capacite_X_temoin : 
157.0	172.0	172.0	150.0	177.0	154.0	147.0	174.0	178.0	162.0	
171.0	160.0	135.0	177.0	136.0	150.0	159.0	157.0	160.0	162.0	
157.0	154.0	168.0	153.0	166.0	175.0	171.0	154.0	135.0	162.0	

capacite_W_temoin : 
188.1	150.6	193.6	67.0	168.1	82.19999999999999	136.1	116.19999999999999	98.4	132.6	
201.3	119.0	143.5	157.1	129.8	59.0	152.7	109.1	113.0	142.6	
172.1	76.19999999999999	189.4	102.9	193.8	120.5	176.3	64.19999999999999	74.5	110.6	

demande_cumulee_X : 
16.0	73.0	30.0	128.0	62.0	118.0	55.0	110.0	133.0	78.0	
21.0	89.0	32.0	73.0	47.0	136.0	54.0	95.0	95.0	68.0	
32.0	124.0	29.0	96.0	22.0	107.0	46.0	136.0	101.0	100.0	

demande_cumulee_W : 
188.0	32.0	156.0	36.0	150.0	51.0	63.0	35.0	42.0	50.0	
170.0	55.0	140.0	50.0	85.0	43.0	35.0	34.0	43.0	55.0	
170.0	75.0	119.0	50.0	114.0	87.0	30.0	25.0	53.0	70.0	

capacite_residuelle_X : 
141.0	99.0	142.0	22.0	115.0	36.0	92.0	64.0	45.0	84.0	
150.0	71.0	103.0	104.0	89.0	14.0	105.0	62.0	65.0	94.0	
125.0	30.0	139.0	57.0	144.0	68.0	125.0	18.0	34.0	62.0	

capacite_residuelle_W : 
0.09999999999999432	118.6	37.599999999999994	31.0	18.099999999999994	31.19999999999999	73.1	81.19999999999999	56.400000000000006	82.6	
31.30000000000001	64.0	3.5	107.1	44.80000000000001	16.0	117.69999999999999	75.1	70.0	87.6	
2.0999999999999943	1.1999999999999886	70.4	52.900000000000006	79.80000000000001	33.5	146.3	39.19999999999999	21.5	40.599999999999994	

min_capacite_X : 
147.0	135.0	135.0	

min_capacite_W : 
67.0	59.0	64.19999999999999	

max_capacite_X : 
178.0	177.0	175.0	

max_capacite_W : 
193.6	201.3	193.8	

moy_capacite_X : 
164.3	156.7	159.5	

moy_capacite_W : 
133.29	132.70999999999998	128.05	

med_capacite_X : 
167.0	159.5	159.5	

med_capacite_W : 
134.35	136.2	115.55	

ecartType_capacite_X : 
11.090987332063813	12.712592182556634	10.965856099730654	

ecartType_capacite_W : 
40.83516744180193	35.33950905148514	47.9397799327448	

var_capacite_X : 
123.00999999999999	161.61	120.25	

var_capacite_W : 
1667.5109	1248.8809	2298.2225000000008	

covar_capacite_X : 
136.67777777777775	179.56666666666666	133.61111111111111	

covar_capacite_W : 
1852.7898888888885	1387.6454444444446	2553.580555555556	

##########	##########	##########	##########	##########	##########	##########	##########	##########	##########	##########	##########	##########	##########	##########	##########	##########	##########	##########	##########	##########	##########	##########	##########	##########	##########	##########	##########	##########	##########	##########	##########	##########	##########	##########	##########	##########	##########	##########	##########	##########	##########	##########	##########	##########	##########	##########	##########	##########	##########	##########	##########	##########	##########	##########	##########	##########	##########	##########	##########	##########	##########	##########	##########	##########	##########	##########	##########	##########	##########	##########	##########	##########	##########	##########	##########	##########	##########	##########	##########	##########	##########	##########	##########	##########	##########	##########	##########	##########	##########	##########	##########	##########	##########	##########	##########	##########	##########	##########	##########	nombre de noeuds : 100
nombre de strates : 3
nombre de centres : 10
titre : fenetre
instances : p14_1
temps de calcul : 0.1192779541015625
valeur objective : 259.0
nombre de solutions : 3
nombre de noeuds : 1.0
faisability : True
centre : [93, 86, 5, 44, 41, 51, 54, 26, 91, 9]
moy_distances :	50.92
min_distances :	1.0
max_distances :	126.0
var_distances :	603.2508501581472
covar_distances :	603.3117907430703
ecartType_distances :	24.56116548859494
coef_variation	: 0.4823787253054895
distances_centre_x :
-1.0	19.0	23.0	-1.0	6.0	0.0	16.0	-1.0	38.0	0.0	-1.0	-1.0	11.0	5.0	-1.0	-1.0	-1.0	24.0	-1.0	35.0	5.0	23.0	25.0	-1.0	20.0	25.0	0.0	7.0	-1.0	8.0	-1.0	-1.0	10.0	-1.0	-1.0	17.0	13.0	16.0	11.0	10.0	19.0	0.0	-1.0	-1.0	0.0	30.0	7.0	-1.0	14.0	5.0	16.0	0.0	-1.0	36.0	0.0	27.0	6.0	-1.0	-1.0	-1.0	11.0	12.0	-1.0	8.0	15.0	-1.0	13.0	19.0	8.0	-1.0	-1.0	10.0	19.0	-1.0	4.0	24.0	14.0	17.0	9.0	13.0	-1.0	-1.0	12.0	-1.0	17.0	18.0	-1.0	9.0	21.0	28.0	25.0	0.0	17.0	-1.0	11.0	9.0	-1.0	4.0	13.0	-1.0	
31.0	-1.0	-1.0	-1.0	-1.0	0.0	16.0	14.0	38.0	0.0	16.0	-1.0	-1.0	5.0	-1.0	-1.0	22.0	24.0	14.0	35.0	5.0	-1.0	25.0	13.0	20.0	-1.0	0.0	7.0	6.0	8.0	31.0	11.0	10.0	-1.0	-1.0	-1.0	13.0	-1.0	11.0	10.0	19.0	-1.0	7.0	9.0	-1.0	-1.0	7.0	10.0	-1.0	5.0	16.0	0.0	39.0	-1.0	0.0	-1.0	6.0	9.0	31.0	-1.0	-1.0	12.0	20.0	8.0	-1.0	-1.0	13.0	-1.0	8.0	25.0	-1.0	10.0	19.0	22.0	4.0	-1.0	14.0	17.0	9.0	13.0	5.0	18.0	-1.0	-1.0	17.0	-1.0	-1.0	9.0	21.0	28.0	-1.0	-1.0	17.0	0.0	11.0	-1.0	17.0	-1.0	-1.0	25.0	
31.0	19.0	-1.0	2.0	-1.0	0.0	16.0	14.0	38.0	0.0	16.0	18.0	-1.0	5.0	10.0	1.0	-1.0	24.0	14.0	35.0	5.0	-1.0	25.0	13.0	20.0	25.0	0.0	-1.0	-1.0	8.0	31.0	11.0	10.0	6.0	24.0	17.0	-1.0	-1.0	11.0	-1.0	19.0	0.0	-1.0	-1.0	-1.0	-1.0	7.0	10.0	14.0	5.0	-1.0	0.0	-1.0	36.0	0.0	27.0	6.0	9.0	31.0	12.0	-1.0	12.0	20.0	8.0	15.0	11.0	13.0	19.0	8.0	25.0	2.0	10.0	19.0	22.0	4.0	24.0	14.0	17.0	9.0	-1.0	5.0	18.0	-1.0	10.0	17.0	-1.0	16.0	-1.0	-1.0	28.0	25.0	0.0	-1.0	0.0	11.0	-1.0	-1.0	-1.0	-1.0	25.0	

distances_centre_w :
-1.0	23.0	29.0	-1.0	20.0	22.0	18.0	-1.0	44.0	22.0	-1.0	-1.0	13.0	18.0	-1.0	-1.0	-1.0	40.0	-1.0	41.0	26.0	39.0	40.0	-1.0	24.0	30.0	5.0	19.0	-1.0	23.0	-1.0	-1.0	15.0	-1.0	-1.0	43.0	17.0	19.0	15.0	13.0	24.0	20.0	-1.0	-1.0	20.0	33.0	9.0	-1.0	26.0	21.0	36.0	5.0	-1.0	40.0	26.0	42.0	11.0	-1.0	-1.0	-1.0	14.0	27.0	-1.0	17.0	30.0	-1.0	28.0	23.0	19.0	-1.0	-1.0	21.0	31.0	-1.0	5.0	37.0	18.0	32.0	25.0	22.0	-1.0	-1.0	15.0	-1.0	19.0	22.0	-1.0	25.0	25.0	43.0	27.0	25.0	21.0	-1.0	12.0	25.0	-1.0	20.0	27.0	-1.0	
46.0	-1.0	-1.0	-1.0	-1.0	47.0	18.0	25.0	44.0	22.0	22.0	-1.0	-1.0	18.0	-1.0	-1.0	30.0	40.0	26.0	41.0	26.0	-1.0	40.0	29.0	22.0	-1.0	5.0	19.0	15.0	23.0	45.0	13.0	15.0	-1.0	-1.0	-1.0	17.0	-1.0	15.0	13.0	24.0	-1.0	44.0	14.0	-1.0	-1.0	9.0	15.0	-1.0	10.0	43.0	5.0	54.0	-1.0	26.0	-1.0	11.0	13.0	36.0	-1.0	-1.0	27.0	20.0	17.0	-1.0	-1.0	28.0	-1.0	19.0	29.0	-1.0	21.0	31.0	23.0	5.0	-1.0	18.0	32.0	25.0	22.0	19.0	23.0	-1.0	-1.0	19.0	-1.0	-1.0	25.0	25.0	43.0	-1.0	-1.0	21.0	22.0	12.0	-1.0	20.0	-1.0	-1.0	26.0	
46.0	23.0	-1.0	18.0	-1.0	16.0	37.0	17.0	44.0	37.0	22.0	33.0	-1.0	18.0	18.0	44.0	-1.0	40.0	41.0	41.0	26.0	-1.0	40.0	29.0	22.0	30.0	5.0	-1.0	-1.0	23.0	45.0	13.0	15.0	21.0	31.0	23.0	-1.0	-1.0	15.0	-1.0	24.0	20.0	-1.0	-1.0	-1.0	-1.0	9.0	32.0	26.0	10.0	-1.0	5.0	-1.0	40.0	26.0	42.0	11.0	13.0	36.0	14.0	-1.0	27.0	20.0	17.0	30.0	21.0	28.0	23.0	19.0	29.0	24.0	21.0	31.0	22.0	5.0	37.0	18.0	41.0	30.0	-1.0	19.0	25.0	-1.0	30.0	19.0	-1.0	40.0	-1.0	-1.0	43.0	27.0	40.0	-1.0	26.0	12.0	-1.0	-1.0	-1.0	-1.0	26.0	

maxX :
38.0	39.0	38.0	

maxW :
44.0	54.0	46.0	

minX :
0.0	0.0	0.0	

minW :
5.0	5.0	5.0	

moyX :
13.742424242424242	14.140625	14.136986301369863	

moyW :
24.03030303030303	24.25	25.904109589041095	

medX :
13.0	13.0	13.0	

medW :
23.0	22.0	25.0	

ecartTypeX :
9.218411429013344	9.447002149326261	9.690151854971885	

ecartTypeW :
9.545695042665388	11.211043662389331	10.606491141944852	

varX :
84.97910927456383	89.245849609375	93.89904297241509	

varW :
91.12029384756657	125.6875	112.49765434415461	

covarX :
86.28648018648019	90.66245039682539	95.20319634703196	

covarW :
92.52214452214453	127.68253968253967	114.0601217656012	

coef_variationX :
0.670799508616186	0.6680752901181002	0.6854467881908407	

coef_variationW :
0.39723573317523053	0.4623110788614157	0.4094520641787278	

moy_distances_centre :	44.8
min_distances_centre :	5.0
max_distances_centre :	89.0
med_distances_centre :	43.0
ecartType_distances_centre :	19.35699701227784
var_distances_centre :	374.69333333333327
covar_distances_centre :	378.90337078651686
coef_variation_distances_centre :	0.4320758261669161
capacite_X_temoin : 
157.0	154.0	172.0	150.0	177.0	154.0	147.0	174.0	178.0	162.0	
171.0	150.0	135.0	177.0	136.0	150.0	159.0	157.0	160.0	162.0	
157.0	166.0	168.0	153.0	166.0	175.0	171.0	154.0	135.0	162.0	

capacite_W_temoin : 
188.1	158.2	193.6	67.0	162.1	88.19999999999999	136.1	97.19999999999999	98.4	120.6	
201.3	118.0	143.5	157.1	129.8	59.0	152.7	109.1	113.0	130.6	
153.1	125.8	190.4	102.9	193.8	119.5	176.3	61.199999999999996	74.5	98.6	

demande_cumulee_X : 
16.0	42.0	30.0	128.0	68.0	112.0	55.0	129.0	133.0	90.0	
21.0	77.0	32.0	73.0	47.0	136.0	54.0	95.0	95.0	80.0	
51.0	90.0	28.0	96.0	22.0	108.0	46.0	139.0	101.0	112.0	

demande_cumulee_W : 
178.0	58.0	151.0	42.0	145.0	51.0	57.0	10.0	42.0	69.0	
161.0	61.0	136.0	67.0	87.0	49.0	35.0	28.0	43.0	43.0	
141.0	114.0	120.0	43.0	113.0	59.0	12.0	45.0	55.0	91.0	

capacite_residuelle_X : 
141.0	112.0	142.0	22.0	109.0	42.0	92.0	45.0	45.0	72.0	
150.0	73.0	103.0	104.0	89.0	14.0	105.0	62.0	65.0	82.0	
106.0	76.0	140.0	57.0	144.0	67.0	125.0	15.0	34.0	50.0	

capacite_residuelle_W : 
10.099999999999994	100.19999999999999	42.599999999999994	25.0	17.099999999999994	37.19999999999999	79.1	87.19999999999999	56.400000000000006	51.599999999999994	
40.30000000000001	57.0	7.5	90.1	42.80000000000001	10.0	117.69999999999999	81.1	70.0	87.6	
12.099999999999994	11.799999999999997	70.4	59.900000000000006	80.80000000000001	60.5	164.3	16.199999999999996	19.5	7.599999999999994	

min_capacite_X : 
147.0	135.0	135.0	

min_capacite_W : 
67.0	59.0	61.199999999999996	

max_capacite_X : 
178.0	177.0	175.0	

max_capacite_W : 
193.6	201.3	193.8	

moy_capacite_X : 
162.5	155.7	160.7	

moy_capacite_W : 
130.95	131.41	129.60999999999999	

med_capacite_X : 
159.5	158.0	164.0	

med_capacite_W : 
128.35	130.2	122.65	

ecartType_capacite_X : 
11.155716023635597	12.806638903318856	10.954907576059233	

ecartType_capacite_W : 
41.416669349429824	35.22352764843408	44.78429300547236	

var_capacite_X : 
124.45	164.01	120.00999999999999	

var_capacite_W : 
1715.3404999999998	1240.6969	2005.6329000000005	

covar_capacite_X : 
138.27777777777777	182.23333333333332	133.34444444444443	

covar_capacite_W : 
1905.933888888889	1378.5521111111111	2228.4810000000007	

##########	##########	##########	##########	##########	##########	##########	##########	##########	##########	##########	##########	##########	##########	##########	##########	##########	##########	##########	##########	##########	##########	##########	##########	##########	##########	##########	##########	##########	##########	##########	##########	##########	##########	##########	##########	##########	##########	##########	##########	##########	##########	##########	##########	##########	##########	##########	##########	##########	##########	##########	##########	##########	##########	##########	##########	##########	##########	##########	##########	##########	##########	##########	##########	##########	##########	##########	##########	##########	##########	##########	##########	##########	##########	##########	##########	##########	##########	##########	##########	##########	##########	##########	##########	##########	##########	##########	##########	##########	##########	##########	##########	##########	##########	##########	##########	##########	##########	##########	##########	nombre de noeuds : 100
nombre de strates : 3
nombre de centres : 10
titre : fenetre
instances : p14_1
temps de calcul : 0.1207740306854248
valeur objective : 247.0
nombre de solutions : 3
nombre de noeuds : 1.0
faisability : True
centre : [86, 5, 44, 41, 51, 54, 26, 91, 9, 8]
moy_distances :	50.92
min_distances :	1.0
max_distances :	126.0
var_distances :	603.2508501581472
covar_distances :	603.3117907430703
ecartType_distances :	24.56116548859494
coef_variation	: 0.4823787253054895
distances_centre_x :
-1.0	19.0	23.0	-1.0	6.0	0.0	18.0	-1.0	0.0	0.0	-1.0	-1.0	11.0	5.0	-1.0	-1.0	-1.0	24.0	-1.0	12.0	26.0	23.0	25.0	-1.0	20.0	25.0	0.0	7.0	-1.0	8.0	-1.0	-1.0	10.0	-1.0	-1.0	17.0	13.0	16.0	11.0	10.0	19.0	0.0	-1.0	-1.0	0.0	30.0	7.0	-1.0	14.0	5.0	32.0	0.0	-1.0	36.0	0.0	22.0	6.0	-1.0	-1.0	-1.0	11.0	27.0	-1.0	8.0	15.0	-1.0	13.0	19.0	8.0	-1.0	-1.0	10.0	19.0	-1.0	4.0	20.0	14.0	17.0	9.0	13.0	-1.0	-1.0	12.0	-1.0	17.0	22.0	-1.0	9.0	21.0	28.0	25.0	0.0	17.0	-1.0	12.0	9.0	-1.0	4.0	13.0	-1.0	
31.0	-1.0	-1.0	-1.0	-1.0	0.0	18.0	14.0	0.0	0.0	16.0	-1.0	-1.0	5.0	-1.0	-1.0	16.0	24.0	14.0	12.0	26.0	-1.0	25.0	13.0	20.0	-1.0	0.0	7.0	15.0	8.0	31.0	11.0	10.0	-1.0	-1.0	-1.0	13.0	-1.0	11.0	10.0	19.0	-1.0	7.0	14.0	-1.0	-1.0	7.0	10.0	-1.0	5.0	32.0	0.0	24.0	-1.0	0.0	-1.0	6.0	9.0	31.0	-1.0	-1.0	27.0	20.0	8.0	-1.0	-1.0	13.0	-1.0	8.0	25.0	-1.0	10.0	19.0	22.0	4.0	-1.0	14.0	17.0	9.0	13.0	5.0	18.0	-1.0	-1.0	17.0	-1.0	-1.0	9.0	21.0	28.0	-1.0	-1.0	17.0	22.0	12.0	-1.0	17.0	-1.0	-1.0	20.0	
31.0	19.0	-1.0	23.0	-1.0	0.0	18.0	14.0	0.0	0.0	16.0	18.0	-1.0	5.0	10.0	1.0	-1.0	24.0	14.0	12.0	26.0	-1.0	25.0	13.0	20.0	25.0	0.0	-1.0	-1.0	8.0	31.0	11.0	10.0	6.0	19.0	17.0	-1.0	-1.0	11.0	-1.0	19.0	0.0	-1.0	-1.0	-1.0	-1.0	7.0	10.0	14.0	5.0	-1.0	0.0	-1.0	36.0	0.0	22.0	6.0	9.0	31.0	12.0	-1.0	27.0	20.0	8.0	15.0	21.0	13.0	19.0	8.0	25.0	2.0	10.0	19.0	22.0	4.0	20.0	14.0	32.0	9.0	-1.0	5.0	18.0	-1.0	10.0	17.0	-1.0	0.0	-1.0	-1.0	28.0	25.0	0.0	-1.0	22.0	12.0	-1.0	-1.0	-1.0	-1.0	20.0	

distances_centre_w :
-1.0	23.0	29.0	-1.0	20.0	16.0	25.0	-1.0	38.0	22.0	-1.0	-1.0	13.0	25.0	-1.0	-1.0	-1.0	40.0	-1.0	41.0	27.0	39.0	40.0	-1.0	24.0	30.0	5.0	19.0	-1.0	23.0	-1.0	-1.0	27.0	-1.0	-1.0	24.0	17.0	19.0	19.0	13.0	24.0	20.0	-1.0	-1.0	20.0	37.0	9.0	-1.0	24.0	40.0	36.0	5.0	-1.0	36.0	26.0	42.0	11.0	-1.0	-1.0	-1.0	14.0	38.0	-1.0	17.0	30.0	-1.0	28.0	23.0	19.0	-1.0	-1.0	21.0	31.0	-1.0	5.0	37.0	18.0	32.0	25.0	22.0	-1.0	-1.0	15.0	-1.0	19.0	26.0	-1.0	25.0	25.0	43.0	29.0	25.0	21.0	-1.0	31.0	25.0	-1.0	20.0	27.0	-1.0	
46.0	-1.0	-1.0	-1.0	-1.0	16.0	25.0	17.0	38.0	22.0	33.0	-1.0	-1.0	25.0	-1.0	-1.0	22.0	40.0	26.0	41.0	27.0	-1.0	40.0	29.0	22.0	-1.0	5.0	19.0	28.0	23.0	45.0	13.0	27.0	-1.0	-1.0	-1.0	17.0	-1.0	19.0	13.0	24.0	-1.0	12.0	32.0	-1.0	-1.0	9.0	15.0	-1.0	10.0	36.0	5.0	54.0	-1.0	26.0	-1.0	11.0	42.0	36.0	-1.0	-1.0	38.0	20.0	17.0	-1.0	-1.0	28.0	-1.0	19.0	25.0	-1.0	21.0	31.0	23.0	5.0	-1.0	18.0	32.0	25.0	22.0	19.0	23.0	-1.0	-1.0	19.0	-1.0	-1.0	25.0	25.0	43.0	-1.0	-1.0	21.0	26.0	49.0	-1.0	20.0	-1.0	-1.0	26.0	
46.0	23.0	-1.0	44.0	-1.0	22.0	32.0	17.0	38.0	37.0	22.0	33.0	-1.0	30.0	27.0	24.0	-1.0	40.0	26.0	41.0	27.0	-1.0	40.0	29.0	22.0	30.0	5.0	-1.0	-1.0	23.0	45.0	13.0	27.0	21.0	31.0	23.0	-1.0	-1.0	19.0	-1.0	24.0	20.0	-1.0	-1.0	-1.0	-1.0	9.0	15.0	24.0	10.0	-1.0	5.0	-1.0	36.0	26.0	42.0	11.0	13.0	36.0	21.0	-1.0	38.0	20.0	46.0	30.0	37.0	32.0	23.0	19.0	25.0	24.0	21.0	31.0	23.0	5.0	37.0	18.0	35.0	25.0	-1.0	19.0	25.0	-1.0	30.0	19.0	-1.0	16.0	-1.0	-1.0	43.0	29.0	37.0	-1.0	26.0	31.0	-1.0	-1.0	-1.0	-1.0	45.0	

maxX :
36.0	32.0	36.0	

maxW :
43.0	54.0	46.0	

minX :
0.0	0.0	0.0	

minW :
5.0	5.0	5.0	

moyX :
13.575757575757576	14.203125	14.287671232876713	

moyW :
24.833333333333332	25.15625	26.82191780821918	

medX :
13.0	13.5	14.0	

medW :
24.5	24.5	26.0	

ecartTypeX :
8.89170639460712	8.439452898996178	9.283184757095913	

ecartTypeW :
9.208993189027536	10.801068740522856	10.166211112150197	

varX :
79.06244260789715	71.224365234375	86.17751923437793	

varW :
84.80555555555556	116.6630859375	103.35184837680615	

covarX :
80.27878787878788	72.35491071428571	87.3744292237443	

covarW :
86.11025641025643	118.51488095238095	104.7872907153729	

coef_variationX :
0.6549694442456137	0.5941969037797089	0.6497339283489949	

coef_variationW :
0.37083194049775314	0.4293592542816539	0.37902625699027803	

moy_distances_centre :	51.37777777777778
min_distances_centre :	5.0
max_distances_centre :	107.0
med_distances_centre :	48.0
ecartType_distances_centre :	23.44477092979621
var_distances_centre :	549.6572839506174
covar_distances_centre :	555.8332084893882
coef_variation_distances_centre :	0.4563212334951684
capacite_X_temoin : 
157.0	163.0	154.0	172.0	150.0	177.0	154.0	147.0	174.0	178.0	
171.0	162.0	150.0	135.0	177.0	136.0	150.0	159.0	157.0	160.0	
157.0	145.0	166.0	168.0	153.0	166.0	175.0	171.0	154.0	135.0	

capacite_W_temoin : 
188.1	156.9	129.2	193.6	81.0	148.1	82.19999999999999	136.1	97.19999999999999	98.4	
201.3	156.6	75.0	143.5	181.1	122.8	59.0	152.7	109.1	113.0	
170.1	113.5	81.8	190.4	116.9	186.8	119.5	176.3	50.199999999999996	68.5	

demande_cumulee_X : 
16.0	55.0	71.0	30.0	114.0	82.0	118.0	55.0	129.0	133.0	
21.0	54.0	120.0	32.0	49.0	54.0	136.0	54.0	95.0	95.0	
34.0	75.0	134.0	28.0	82.0	29.0	108.0	46.0	150.0	107.0	

demande_cumulee_W : 
184.0	5.0	51.0	145.0	76.0	144.0	51.0	57.0	48.0	42.0	
168.0	0.0	18.0	142.0	99.0	85.0	43.0	46.0	54.0	55.0	
162.0	10.0	77.0	158.0	52.0	167.0	53.0	18.0	47.0	49.0	

capacite_residuelle_X : 
141.0	108.0	83.0	142.0	36.0	95.0	36.0	92.0	45.0	45.0	
150.0	108.0	30.0	103.0	128.0	82.0	14.0	105.0	62.0	65.0	
123.0	70.0	32.0	140.0	71.0	137.0	67.0	125.0	4.0	28.0	

capacite_residuelle_W : 
4.099999999999994	151.9	78.19999999999999	48.599999999999994	5.0	4.099999999999994	31.19999999999999	79.1	49.19999999999999	56.400000000000006	
33.30000000000001	156.6	57.0	1.5	82.1	37.8	16.0	106.69999999999999	55.099999999999994	58.0	
8.099999999999994	103.5	4.799999999999997	32.400000000000006	64.9	19.80000000000001	66.5	158.3	3.1999999999999957	19.5	

min_capacite_X : 
147.0	135.0	135.0	

min_capacite_W : 
81.0	59.0	50.199999999999996	

max_capacite_X : 
178.0	177.0	175.0	

max_capacite_W : 
193.6	201.3	190.4	

moy_capacite_X : 
162.6	155.7	159.0	

moy_capacite_W : 
131.07999999999998	131.41	127.4	

med_capacite_X : 
160.0	158.0	161.5	

med_capacite_W : 
132.64999999999998	133.15	118.2	

ecartType_capacite_X : 
11.155267813907473	12.806638903318857	11.899579824514813	

ecartType_capacite_W : 
39.06176647311281	42.33647245579159	48.56556393165841	

var_capacite_X : 
124.44000000000001	164.01000000000002	141.6	

var_capacite_W : 
1525.8216	1792.3769000000004	2358.6140000000005	

covar_capacite_X : 
138.26666666666665	182.23333333333332	157.33333333333331	

covar_capacite_W : 
1695.3573333333334	1991.5298888888892	2620.682222222222	

##########	##########	##########	##########	##########	##########	##########	##########	##########	##########	##########	##########	##########	##########	##########	##########	##########	##########	##########	##########	##########	##########	##########	##########	##########	##########	##########	##########	##########	##########	##########	##########	##########	##########	##########	##########	##########	##########	##########	##########	##########	##########	##########	##########	##########	##########	##########	##########	##########	##########	##########	##########	##########	##########	##########	##########	##########	##########	##########	##########	##########	##########	##########	##########	##########	##########	##########	##########	##########	##########	##########	##########	##########	##########	##########	##########	##########	##########	##########	##########	##########	##########	##########	##########	##########	##########	##########	##########	##########	##########	##########	##########	##########	##########	##########	##########	##########	##########	##########	##########	nombre de noeuds : 100
nombre de strates : 3
nombre de centres : 10
titre : fenetre
instances : p14_1
temps de calcul : 0.12578606605529785
valeur objective : 247.0
nombre de solutions : 3
nombre de noeuds : 1.0
faisability : True
centre : [5, 44, 41, 51, 54, 26, 91, 9, 8, 89]
moy_distances :	50.92
min_distances :	1.0
max_distances :	126.0
var_distances :	603.2508501581472
covar_distances :	603.3117907430703
ecartType_distances :	24.56116548859494
coef_variation	: 0.4823787253054895
distances_centre_x :
-1.0	19.0	23.0	-1.0	6.0	22.0	25.0	-1.0	0.0	0.0	-1.0	-1.0	11.0	5.0	-1.0	-1.0	-1.0	18.0	-1.0	12.0	26.0	9.0	5.0	-1.0	20.0	25.0	0.0	7.0	-1.0	8.0	-1.0	-1.0	10.0	-1.0	-1.0	17.0	13.0	16.0	11.0	10.0	19.0	0.0	-1.0	-1.0	0.0	35.0	7.0	-1.0	14.0	5.0	32.0	0.0	-1.0	36.0	0.0	22.0	6.0	-1.0	-1.0	-1.0	11.0	27.0	-1.0	8.0	12.0	-1.0	23.0	19.0	8.0	-1.0	-1.0	10.0	19.0	-1.0	4.0	20.0	14.0	21.0	23.0	13.0	-1.0	-1.0	12.0	-1.0	17.0	22.0	-1.0	9.0	21.0	0.0	29.0	0.0	17.0	-1.0	12.0	18.0	-1.0	4.0	26.0	-1.0	
4.0	-1.0	-1.0	-1.0	-1.0	0.0	18.0	14.0	0.0	0.0	16.0	-1.0	-1.0	5.0	-1.0	-1.0	16.0	18.0	17.0	12.0	26.0	-1.0	5.0	16.0	20.0	-1.0	20.0	7.0	15.0	8.0	4.0	11.0	10.0	-1.0	-1.0	-1.0	13.0	-1.0	11.0	10.0	19.0	-1.0	7.0	14.0	-1.0	-1.0	7.0	10.0	-1.0	5.0	32.0	0.0	24.0	-1.0	0.0	-1.0	6.0	9.0	31.0	-1.0	-1.0	27.0	20.0	8.0	-1.0	-1.0	23.0	-1.0	8.0	25.0	-1.0	10.0	19.0	22.0	4.0	-1.0	14.0	21.0	23.0	13.0	5.0	18.0	-1.0	-1.0	17.0	-1.0	-1.0	9.0	21.0	0.0	-1.0	-1.0	17.0	22.0	12.0	-1.0	20.0	-1.0	-1.0	20.0	
4.0	19.0	-1.0	23.0	-1.0	22.0	18.0	14.0	0.0	0.0	26.0	18.0	-1.0	5.0	10.0	1.0	-1.0	18.0	17.0	12.0	26.0	-1.0	5.0	16.0	20.0	25.0	0.0	-1.0	-1.0	8.0	4.0	11.0	10.0	21.0	19.0	17.0	-1.0	-1.0	11.0	-1.0	19.0	0.0	-1.0	-1.0	-1.0	-1.0	7.0	10.0	14.0	10.0	-1.0	0.0	-1.0	36.0	0.0	22.0	29.0	9.0	31.0	21.0	-1.0	27.0	20.0	8.0	12.0	21.0	23.0	19.0	8.0	25.0	2.0	10.0	19.0	22.0	4.0	20.0	14.0	21.0	23.0	-1.0	5.0	18.0	-1.0	10.0	17.0	-1.0	28.0	-1.0	-1.0	0.0	29.0	0.0	-1.0	22.0	12.0	-1.0	-1.0	-1.0	-1.0	20.0	

distances_centre_w :
-1.0	23.0	27.0	-1.0	20.0	25.0	36.0	-1.0	38.0	22.0	-1.0	-1.0	13.0	25.0	-1.0	-1.0	-1.0	40.0	-1.0	41.0	27.0	39.0	40.0	-1.0	25.0	30.0	5.0	19.0	-1.0	23.0	-1.0	-1.0	28.0	-1.0	-1.0	23.0	17.0	19.0	19.0	13.0	24.0	40.0	-1.0	-1.0	20.0	37.0	9.0	-1.0	24.0	10.0	36.0	5.0	-1.0	36.0	26.0	42.0	26.0	-1.0	-1.0	-1.0	14.0	38.0	-1.0	30.0	30.0	-1.0	28.0	23.0	40.0	-1.0	-1.0	21.0	31.0	-1.0	5.0	37.0	18.0	32.0	30.0	22.0	-1.0	-1.0	15.0	-1.0	19.0	26.0	-1.0	25.0	25.0	43.0	36.0	26.0	21.0	-1.0	31.0	25.0	-1.0	20.0	27.0	-1.0	
46.0	-1.0	-1.0	-1.0	-1.0	22.0	25.0	17.0	38.0	48.0	22.0	-1.0	-1.0	25.0	-1.0	-1.0	22.0	40.0	26.0	41.0	27.0	-1.0	40.0	29.0	22.0	-1.0	40.0	19.0	28.0	23.0	45.0	13.0	28.0	-1.0	-1.0	-1.0	17.0	-1.0	19.0	13.0	24.0	-1.0	12.0	37.0	-1.0	-1.0	9.0	15.0	-1.0	40.0	36.0	5.0	54.0	-1.0	26.0	-1.0	26.0	43.0	36.0	-1.0	-1.0	38.0	28.0	17.0	-1.0	-1.0	28.0	-1.0	19.0	25.0	-1.0	21.0	31.0	23.0	5.0	-1.0	18.0	32.0	25.0	22.0	19.0	23.0	-1.0	-1.0	19.0	-1.0	-1.0	25.0	25.0	43.0	-1.0	-1.0	21.0	26.0	31.0	-1.0	26.0	-1.0	-1.0	26.0	
46.0	23.0	-1.0	44.0	-1.0	25.0	25.0	17.0	38.0	34.0	33.0	33.0	-1.0	30.0	18.0	23.0	-1.0	43.0	41.0	41.0	27.0	-1.0	40.0	29.0	22.0	30.0	5.0	-1.0	-1.0	23.0	45.0	13.0	28.0	26.0	31.0	23.0	-1.0	-1.0	19.0	-1.0	24.0	20.0	-1.0	-1.0	-1.0	-1.0	9.0	15.0	24.0	21.0	-1.0	5.0	-1.0	36.0	26.0	42.0	37.0	13.0	36.0	26.0	-1.0	38.0	28.0	46.0	30.0	37.0	32.0	31.0	19.0	32.0	24.0	21.0	31.0	23.0	5.0	37.0	18.0	32.0	30.0	-1.0	19.0	34.0	-1.0	30.0	19.0	-1.0	40.0	-1.0	-1.0	43.0	36.0	26.0	-1.0	31.0	31.0	-1.0	-1.0	-1.0	-1.0	26.0	

maxX :
36.0	32.0	36.0	

maxW :
43.0	54.0	46.0	

minX :
0.0	0.0	0.0	

minW :
5.0	5.0	5.0	

moyX :
13.833333333333334	13.40625	14.616438356164384	

moyW :
25.90909090909091	26.78125	28.19178082191781	

medX :
12.5	13.5	17.0	

medW :
25.0	25.0	29.0	

ecartTypeX :
9.230357249288618	7.995543192147736	8.975812455287901	

ecartTypeW :
9.427116389224118	10.340256207536639	9.761059809748899	

varX :
85.19949494949495	63.9287109375	80.56520923250142	

varW :
88.87052341597796	106.9208984375	95.27828860949522	

covarX :
86.51025641025639	64.94345238095238	81.68417047184171	

covarW :
90.23776223776224	108.61805555555554	96.601598173516	

coef_variationX :
0.6672547409124302	0.5964041541928381	0.6140902617019839	

coef_variationW :
0.3638536150226852	0.3861005818450087	0.34623778722627285	

moy_distances_centre :	56.13333333333333
min_distances_centre :	5.0
max_distances_centre :	107.0
med_distances_centre :	52.0
ecartType_distances_centre :	25.466841186138495
var_distances_centre :	648.56
covar_distances_centre :	655.8471910112359
coef_variation_distances_centre :	0.45368481923049575
capacite_X_temoin : 
157.0	163.0	154.0	172.0	150.0	177.0	154.0	147.0	168.0	178.0	
171.0	162.0	150.0	135.0	177.0	136.0	150.0	159.0	145.0	160.0	
157.0	145.0	166.0	168.0	153.0	166.0	175.0	171.0	156.0	135.0	

capacite_W_temoin : 
194.1	156.9	104.19999999999999	193.6	73.0	150.1	88.19999999999999	136.1	108.4	98.4	
201.3	156.6	69.0	164.5	181.1	101.8	59.0	152.7	99.5	113.0	
185.1	113.5	74.8	180.4	116.9	186.8	108.5	176.3	75.8	58.5	

demande_cumulee_X : 
10.0	55.0	96.0	30.0	122.0	80.0	112.0	55.0	110.0	133.0	
21.0	54.0	126.0	11.0	49.0	75.0	136.0	54.0	89.0	95.0	
19.0	75.0	141.0	38.0	82.0	29.0	119.0	46.0	127.0	117.0	

demande_cumulee_W : 
188.0	3.0	63.0	162.0	62.0	147.0	62.0	68.0	0.0	48.0	
194.0	0.0	24.0	152.0	120.0	90.0	30.0	52.0	5.0	43.0	
174.0	3.0	58.0	154.0	72.0	164.0	68.0	35.0	19.0	46.0	

capacite_residuelle_X : 
147.0	108.0	58.0	142.0	28.0	97.0	42.0	92.0	58.0	45.0	
150.0	108.0	24.0	124.0	128.0	61.0	14.0	105.0	56.0	65.0	
138.0	70.0	25.0	130.0	71.0	137.0	56.0	125.0	29.0	18.0	

capacite_residuelle_W : 
6.099999999999994	153.9	41.19999999999999	31.599999999999994	11.0	3.0999999999999943	26.19999999999999	68.1	108.4	50.400000000000006	
7.300000000000011	156.6	45.0	12.5	61.099999999999994	11.799999999999997	29.0	100.69999999999999	94.5	70.0	
11.099999999999994	110.5	16.799999999999997	26.400000000000006	44.900000000000006	22.80000000000001	40.5	141.3	56.8	12.5	

min_capacite_X : 
147.0	135.0	135.0	

min_capacite_W : 
73.0	59.0	58.5	

max_capacite_X : 
178.0	177.0	175.0	

max_capacite_W : 
194.1	201.3	186.8	

moy_capacite_X : 
162.0	154.5	159.2	

moy_capacite_W : 
130.3	129.85	127.66	

med_capacite_X : 
160.0	154.5	161.5	

med_capacite_W : 
122.25	132.85	115.2	

ecartType_capacite_X : 
10.677078252031311	13.185218997043622	11.830469136936202	

ecartType_capacite_W : 
40.552065298822946	45.699305246360154	47.84807624137046	

var_capacite_X : 
114.0	173.85	139.95999999999998	

var_capacite_W : 
1644.47	2088.4265000000005	2289.4384	

covar_capacite_X : 
126.66666666666666	193.16666666666666	155.5111111111111	

covar_capacite_W : 
1827.1888888888884	2320.473888888889	2543.8204444444445	

##########	##########	##########	##########	##########	##########	##########	##########	##########	##########	##########	##########	##########	##########	##########	##########	##########	##########	##########	##########	##########	##########	##########	##########	##########	##########	##########	##########	##########	##########	##########	##########	##########	##########	##########	##########	##########	##########	##########	##########	##########	##########	##########	##########	##########	##########	##########	##########	##########	##########	##########	##########	##########	##########	##########	##########	##########	##########	##########	##########	##########	##########	##########	##########	##########	##########	##########	##########	##########	##########	##########	##########	##########	##########	##########	##########	##########	##########	##########	##########	##########	##########	##########	##########	##########	##########	##########	##########	##########	##########	##########	##########	##########	##########	##########	##########	##########	##########	##########	##########	nombre de noeuds : 100
nombre de strates : 3
nombre de centres : 10
titre : fenetre
instances : p14_1
temps de calcul : 0.13222312927246094
valeur objective : 272.0
nombre de solutions : 3
nombre de noeuds : 1.0
faisability : True
centre : [44, 41, 51, 54, 26, 91, 9, 8, 89, 52]
moy_distances :	50.92
min_distances :	1.0
max_distances :	126.0
var_distances :	603.2508501581472
covar_distances :	603.3117907430703
ecartType_distances :	24.56116548859494
coef_variation	: 0.4823787253054895
distances_centre_x :
-1.0	19.0	23.0	-1.0	6.0	25.0	18.0	-1.0	0.0	0.0	-1.0	-1.0	11.0	35.0	-1.0	-1.0	-1.0	18.0	-1.0	12.0	27.0	9.0	5.0	-1.0	25.0	25.0	0.0	7.0	-1.0	8.0	-1.0	-1.0	10.0	-1.0	-1.0	17.0	13.0	16.0	11.0	10.0	19.0	0.0	-1.0	-1.0	0.0	35.0	7.0	-1.0	14.0	5.0	23.0	0.0	-1.0	36.0	0.0	13.0	26.0	-1.0	-1.0	-1.0	11.0	27.0	-1.0	8.0	12.0	-1.0	23.0	19.0	8.0	-1.0	-1.0	10.0	19.0	-1.0	4.0	18.0	14.0	21.0	23.0	13.0	-1.0	-1.0	12.0	-1.0	17.0	22.0	-1.0	9.0	21.0	0.0	29.0	0.0	17.0	-1.0	12.0	18.0	-1.0	4.0	26.0	-1.0	
4.0	-1.0	-1.0	-1.0	-1.0	25.0	18.0	14.0	0.0	0.0	22.0	-1.0	-1.0	30.0	-1.0	-1.0	16.0	18.0	17.0	12.0	26.0	-1.0	5.0	16.0	20.0	-1.0	0.0	7.0	28.0	8.0	4.0	11.0	10.0	-1.0	-1.0	-1.0	13.0	-1.0	11.0	10.0	19.0	-1.0	7.0	14.0	-1.0	-1.0	7.0	10.0	-1.0	5.0	23.0	0.0	0.0	-1.0	0.0	-1.0	29.0	13.0	31.0	-1.0	-1.0	27.0	20.0	8.0	-1.0	-1.0	23.0	-1.0	8.0	25.0	-1.0	10.0	19.0	22.0	4.0	-1.0	14.0	21.0	23.0	13.0	5.0	18.0	-1.0	-1.0	17.0	-1.0	-1.0	9.0	21.0	0.0	-1.0	-1.0	17.0	22.0	12.0	-1.0	20.0	-1.0	-1.0	20.0	
4.0	19.0	-1.0	21.0	-1.0	22.0	18.0	14.0	0.0	29.0	22.0	18.0	-1.0	30.0	27.0	23.0	-1.0	18.0	17.0	12.0	34.0	-1.0	5.0	16.0	20.0	25.0	0.0	-1.0	-1.0	23.0	4.0	11.0	10.0	26.0	19.0	24.0	-1.0	-1.0	11.0	-1.0	19.0	0.0	-1.0	-1.0	-1.0	-1.0	7.0	10.0	14.0	5.0	-1.0	0.0	-1.0	36.0	0.0	13.0	26.0	32.0	31.0	26.0	-1.0	31.0	20.0	8.0	12.0	36.0	23.0	19.0	8.0	25.0	2.0	10.0	19.0	22.0	4.0	18.0	14.0	21.0	23.0	-1.0	5.0	18.0	-1.0	10.0	17.0	-1.0	27.0	-1.0	-1.0	0.0	29.0	0.0	-1.0	22.0	31.0	-1.0	-1.0	-1.0	-1.0	20.0	

distances_centre_w :
-1.0	23.0	27.0	-1.0	20.0	47.0	25.0	-1.0	24.0	29.0	-1.0	-1.0	28.0	42.0	-1.0	-1.0	-1.0	43.0	-1.0	14.0	34.0	46.0	50.0	-1.0	33.0	30.0	5.0	19.0	-1.0	23.0	-1.0	-1.0	34.0	-1.0	-1.0	23.0	17.0	19.0	22.0	13.0	24.0	20.0	-1.0	-1.0	20.0	37.0	35.0	-1.0	26.0	10.0	32.0	5.0	-1.0	36.0	26.0	22.0	29.0	-1.0	-1.0	-1.0	14.0	31.0	-1.0	30.0	42.0	-1.0	32.0	25.0	19.0	-1.0	-1.0	21.0	31.0	-1.0	5.0	20.0	18.0	52.0	30.0	22.0	-1.0	-1.0	15.0	-1.0	19.0	26.0	-1.0	34.0	25.0	53.0	37.0	26.0	21.0	-1.0	31.0	49.0	-1.0	20.0	29.0	-1.0	
58.0	-1.0	-1.0	-1.0	-1.0	52.0	25.0	17.0	24.0	29.0	39.0	-1.0	-1.0	37.0	-1.0	-1.0	22.0	43.0	41.0	14.0	27.0	-1.0	50.0	37.0	25.0	-1.0	5.0	19.0	28.0	23.0	57.0	13.0	47.0	-1.0	-1.0	-1.0	17.0	-1.0	19.0	52.0	24.0	-1.0	12.0	43.0	-1.0	-1.0	9.0	55.0	-1.0	10.0	32.0	5.0	24.0	-1.0	26.0	-1.0	37.0	32.0	36.0	-1.0	-1.0	31.0	39.0	30.0	-1.0	-1.0	53.0	-1.0	19.0	25.0	-1.0	21.0	31.0	23.0	5.0	-1.0	18.0	35.0	30.0	22.0	19.0	23.0	-1.0	-1.0	19.0	-1.0	-1.0	34.0	25.0	53.0	-1.0	-1.0	32.0	26.0	49.0	-1.0	36.0	-1.0	-1.0	26.0	
58.0	23.0	-1.0	23.0	-1.0	25.0	25.0	17.0	24.0	39.0	26.0	33.0	-1.0	37.0	34.0	24.0	-1.0	43.0	48.0	14.0	35.0	-1.0	50.0	37.0	25.0	30.0	5.0	-1.0	-1.0	37.0	57.0	13.0	34.0	27.0	23.0	43.0	-1.0	-1.0	19.0	-1.0	24.0	20.0	-1.0	-1.0	-1.0	-1.0	9.0	34.0	24.0	10.0	-1.0	5.0	-1.0	36.0	44.0	22.0	58.0	43.0	36.0	57.0	-1.0	38.0	39.0	30.0	53.0	52.0	32.0	25.0	19.0	25.0	25.0	21.0	31.0	33.0	5.0	20.0	18.0	57.0	30.0	-1.0	19.0	34.0	-1.0	31.0	19.0	-1.0	28.0	-1.0	-1.0	53.0	37.0	26.0	-1.0	35.0	36.0	-1.0	-1.0	-1.0	-1.0	29.0	

maxX :
36.0	31.0	36.0	

maxW :
53.0	58.0	58.0	

minX :
0.0	0.0	0.0	

minW :
5.0	5.0	5.0	

moyX :
14.318181818181818	14.078125	16.91780821917808	

moyW :
27.106060606060606	29.515625	30.82191780821918	

medX :
13.0	14.0	18.0	

medW :
26.0	26.5	30.0	

ecartTypeX :
9.36977586308861	8.49504393657708	9.819959301114688	

ecartTypeW :
10.854588176489028	13.341654914566446	12.944922806220125	

varX :
87.79269972451789	72.165771484375	96.43160067554888	

varW :
117.82208448117538	177.999755859375	167.57102645899792	

covarX :
89.14335664335663	73.31125992063491	97.77092846270928	

covarW :
119.63473193473193	180.8251488095238	169.898401826484	

coef_variationX :
0.6543970444061886	0.6034215448844985	0.5804510356124472	

coef_variationW :
0.40044875329696805	0.45202007121876786	0.4199908288240307	

moy_distances_centre :	59.266666666666666
min_distances_centre :	5.0
max_distances_centre :	107.0
med_distances_centre :	58.0
ecartType_distances_centre :	25.953291377652533
var_distances_centre :	673.5733333333334
covar_distances_centre :	681.1415730337078
coef_variation_distances_centre :	0.4379070536161845
capacite_X_temoin : 
163.0	154.0	172.0	150.0	177.0	154.0	175.0	147.0	168.0	178.0	
162.0	150.0	135.0	177.0	136.0	150.0	135.0	159.0	145.0	160.0	
145.0	166.0	168.0	153.0	166.0	175.0	153.0	171.0	156.0	135.0	

capacite_W_temoin : 
193.9	109.19999999999999	193.6	81.0	139.1	82.19999999999999	190.5	130.1	108.4	98.4	
173.6	87.0	124.5	175.1	124.8	59.0	158.5	152.7	99.5	97.0	
144.5	106.8	144.4	118.9	177.8	119.5	135.9	183.3	85.8	54.5	

demande_cumulee_X : 
18.0	91.0	30.0	114.0	91.0	118.0	37.0	61.0	110.0	133.0	
37.0	108.0	51.0	55.0	52.0	136.0	17.0	54.0	89.0	111.0	
44.0	109.0	74.0	80.0	38.0	108.0	63.0	39.0	117.0	121.0	

demande_cumulee_W : 
37.0	99.0	187.0	52.0	114.0	61.0	50.0	114.0	19.0	70.0	
17.0	83.0	108.0	65.0	113.0	49.0	38.0	96.0	55.0	86.0	
45.0	101.0	115.0	27.0	130.0	118.0	45.0	82.0	78.0	52.0	

capacite_residuelle_X : 
145.0	63.0	142.0	36.0	86.0	36.0	138.0	86.0	58.0	45.0	
125.0	42.0	84.0	122.0	84.0	14.0	118.0	105.0	56.0	49.0	
101.0	57.0	94.0	73.0	128.0	67.0	90.0	132.0	39.0	14.0	

capacite_residuelle_W : 
156.9	10.199999999999989	6.599999999999994	29.0	25.099999999999994	21.19999999999999	140.5	16.099999999999994	89.4	28.400000000000006	
156.6	4.0	16.5	110.1	11.799999999999997	10.0	120.5	56.69999999999999	44.5	11.0	
99.5	5.799999999999997	29.400000000000006	91.9	47.80000000000001	1.5	90.9	101.30000000000001	7.799999999999997	2.5	

min_capacite_X : 
147.0	135.0	135.0	

min_capacite_W : 
81.0	59.0	54.5	

max_capacite_X : 
178.0	177.0	175.0	

max_capacite_W : 
193.9	175.1	183.3	

moy_capacite_X : 
163.8	150.9	158.8	

moy_capacite_W : 
132.64000000000001	125.17	127.13999999999999	

med_capacite_X : 
165.5	150.0	161.0	

med_capacite_W : 
119.64999999999999	124.65	127.7	

ecartType_capacite_X : 
11.187493016757596	13.103053079339944	11.96494880891682	

ecartType_capacite_W : 
42.877901068032706	37.410908836862006	37.31212135486269	

var_capacite_X : 
125.16	171.69	143.16	

var_capacite_W : 
1838.5144000000005	1399.5760999999998	1392.1944000000003	

covar_capacite_X : 
139.06666666666666	190.76666666666668	159.06666666666663	

covar_capacite_W : 
2042.7937777777777	1555.0845555555552	1546.8826666666669	

##########	##########	##########	##########	##########	##########	##########	##########	##########	##########	##########	##########	##########	##########	##########	##########	##########	##########	##########	##########	##########	##########	##########	##########	##########	##########	##########	##########	##########	##########	##########	##########	##########	##########	##########	##########	##########	##########	##########	##########	##########	##########	##########	##########	##########	##########	##########	##########	##########	##########	##########	##########	##########	##########	##########	##########	##########	##########	##########	##########	##########	##########	##########	##########	##########	##########	##########	##########	##########	##########	##########	##########	##########	##########	##########	##########	##########	##########	##########	##########	##########	##########	##########	##########	##########	##########	##########	##########	##########	##########	##########	##########	##########	##########	##########	##########	##########	##########	##########	##########	nombre de noeuds : 100
nombre de strates : 3
nombre de centres : 10
titre : fenetre
instances : p14_1
temps de calcul : 0.12822198867797852
valeur objective : 215.0
nombre de solutions : 3
nombre de noeuds : 1.0
faisability : True
centre : [41, 51, 54, 26, 91, 9, 8, 89, 52, 21]
moy_distances :	50.92
min_distances :	1.0
max_distances :	126.0
var_distances :	603.2508501581472
covar_distances :	603.3117907430703
ecartType_distances :	24.56116548859494
coef_variation	: 0.4823787253054895
distances_centre_x :
-1.0	19.0	23.0	-1.0	6.0	22.0	32.0	-1.0	0.0	0.0	-1.0	-1.0	11.0	5.0	-1.0	-1.0	-1.0	9.0	-1.0	12.0	26.0	0.0	4.0	-1.0	22.0	25.0	0.0	20.0	-1.0	8.0	-1.0	-1.0	10.0	-1.0	-1.0	17.0	13.0	19.0	19.0	13.0	19.0	0.0	-1.0	-1.0	20.0	26.0	7.0	-1.0	14.0	5.0	23.0	0.0	-1.0	36.0	0.0	13.0	26.0	-1.0	-1.0	-1.0	11.0	27.0	-1.0	8.0	11.0	-1.0	14.0	19.0	8.0	-1.0	-1.0	10.0	19.0	-1.0	4.0	18.0	14.0	13.0	16.0	13.0	-1.0	-1.0	12.0	-1.0	17.0	26.0	-1.0	9.0	21.0	0.0	27.0	0.0	17.0	-1.0	12.0	14.0	-1.0	20.0	18.0	-1.0	
4.0	-1.0	-1.0	-1.0	-1.0	22.0	25.0	14.0	0.0	0.0	29.0	-1.0	-1.0	5.0	-1.0	-1.0	16.0	9.0	17.0	12.0	26.0	-1.0	4.0	10.0	20.0	-1.0	0.0	19.0	15.0	8.0	4.0	11.0	10.0	-1.0	-1.0	-1.0	13.0	-1.0	19.0	10.0	19.0	-1.0	7.0	14.0	-1.0	-1.0	7.0	10.0	-1.0	5.0	23.0	0.0	0.0	-1.0	0.0	-1.0	26.0	13.0	31.0	-1.0	-1.0	27.0	20.0	8.0	-1.0	-1.0	14.0	-1.0	8.0	25.0	-1.0	10.0	19.0	23.0	5.0	-1.0	14.0	13.0	16.0	13.0	19.0	23.0	-1.0	-1.0	17.0	-1.0	-1.0	9.0	21.0	0.0	-1.0	-1.0	17.0	22.0	12.0	-1.0	28.0	-1.0	-1.0	20.0	
4.0	19.0	-1.0	21.0	-1.0	22.0	25.0	14.0	0.0	29.0	16.0	18.0	-1.0	5.0	10.0	23.0	-1.0	9.0	17.0	12.0	26.0	-1.0	4.0	10.0	20.0	25.0	0.0	-1.0	-1.0	8.0	4.0	11.0	10.0	19.0	19.0	17.0	-1.0	-1.0	19.0	-1.0	19.0	0.0	-1.0	-1.0	-1.0	-1.0	7.0	10.0	14.0	5.0	-1.0	0.0	-1.0	36.0	0.0	13.0	26.0	13.0	31.0	12.0	-1.0	27.0	20.0	8.0	11.0	21.0	14.0	19.0	8.0	25.0	2.0	10.0	19.0	23.0	4.0	18.0	14.0	13.0	16.0	-1.0	19.0	23.0	-1.0	10.0	17.0	-1.0	23.0	-1.0	-1.0	0.0	27.0	0.0	-1.0	22.0	12.0	-1.0	-1.0	-1.0	-1.0	20.0	

distances_centre_w :
-1.0	33.0	29.0	-1.0	20.0	25.0	37.0	-1.0	24.0	34.0	-1.0	-1.0	28.0	30.0	-1.0	-1.0	-1.0	18.0	-1.0	14.0	34.0	9.0	5.0	-1.0	25.0	30.0	5.0	21.0	-1.0	23.0	-1.0	-1.0	34.0	-1.0	-1.0	24.0	30.0	22.0	30.0	32.0	24.0	38.0	-1.0	-1.0	20.0	35.0	9.0	-1.0	24.0	10.0	32.0	34.0	-1.0	36.0	26.0	22.0	29.0	-1.0	-1.0	-1.0	34.0	31.0	-1.0	30.0	12.0	-1.0	23.0	23.0	31.0	-1.0	-1.0	21.0	32.0	-1.0	32.0	20.0	18.0	21.0	30.0	22.0	-1.0	-1.0	15.0	-1.0	27.0	28.0	-1.0	34.0	25.0	9.0	29.0	26.0	21.0	-1.0	31.0	18.0	-1.0	38.0	26.0	-1.0	
13.0	-1.0	-1.0	-1.0	-1.0	25.0	32.0	21.0	24.0	29.0	33.0	-1.0	-1.0	30.0	-1.0	-1.0	22.0	18.0	17.0	14.0	34.0	-1.0	5.0	16.0	25.0	-1.0	29.0	20.0	28.0	23.0	13.0	29.0	34.0	-1.0	-1.0	-1.0	30.0	-1.0	30.0	32.0	24.0	-1.0	12.0	32.0	-1.0	-1.0	9.0	34.0	-1.0	10.0	32.0	34.0	24.0	-1.0	26.0	-1.0	29.0	32.0	36.0	-1.0	-1.0	31.0	30.0	30.0	-1.0	-1.0	23.0	-1.0	31.0	29.0	-1.0	21.0	31.0	25.0	36.0	-1.0	18.0	21.0	23.0	22.0	20.0	34.0	-1.0	-1.0	27.0	-1.0	-1.0	34.0	25.0	9.0	-1.0	-1.0	21.0	31.0	31.0	-1.0	36.0	-1.0	-1.0	26.0	
13.0	33.0	-1.0	23.0	-1.0	25.0	32.0	17.0	24.0	37.0	22.0	33.0	-1.0	30.0	27.0	24.0	-1.0	18.0	17.0	14.0	34.0	-1.0	5.0	16.0	25.0	30.0	5.0	-1.0	-1.0	37.0	13.0	14.0	34.0	26.0	23.0	24.0	-1.0	-1.0	22.0	-1.0	24.0	38.0	-1.0	-1.0	-1.0	-1.0	9.0	34.0	24.0	10.0	-1.0	5.0	-1.0	36.0	26.0	22.0	29.0	32.0	36.0	21.0	-1.0	31.0	30.0	30.0	12.0	36.0	23.0	23.0	31.0	29.0	25.0	21.0	31.0	25.0	36.0	20.0	18.0	21.0	23.0	-1.0	20.0	34.0	-1.0	31.0	27.0	-1.0	28.0	-1.0	-1.0	9.0	29.0	26.0	-1.0	35.0	31.0	-1.0	-1.0	-1.0	-1.0	26.0	

maxX :
36.0	31.0	36.0	

maxW :
38.0	36.0	38.0	

minX :
0.0	0.0	0.0	

minW :
5.0	5.0	5.0	

moyX :
13.969696969696969	13.75	14.616438356164384	

moyW :
25.181818181818183	25.390625	24.71232876712329	

medX :
13.5	13.5	14.0	

medW :
26.0	26.5	25.0	

ecartTypeX :
8.682915473520046	8.259464268340896	8.499202439594773	

ecartTypeW :
8.062086899746452	7.5552489773253	8.298340240146052	

varX :
75.39302112029385	68.21875	72.23644210921374	

varW :
64.99724517906337	57.081787109375	68.86245074122725	

covarX :
76.55291375291375	69.3015873015873	73.23972602739727	

covarW :
65.9972027972028	57.98784722222222	69.81887366818873	

coef_variationX :
0.6215536022259469	0.6006883104247924	0.5814824536929882	

coef_variationW :
0.3201550754411948	0.29756057510696565	0.335797581779746	

moy_distances_centre :	63.2
min_distances_centre :	5.0
max_distances_centre :	107.0
med_distances_centre :	65.0
ecartType_distances_centre :	25.59131797222557
var_distances_centre :	654.9155555555556
covar_distances_centre :	662.2741573033708
coef_variation_distances_centre :	0.4049259172820502
capacite_X_temoin : 
163.0	154.0	159.0	172.0	150.0	154.0	175.0	147.0	168.0	178.0	
162.0	150.0	166.0	135.0	177.0	150.0	135.0	159.0	145.0	160.0	
145.0	166.0	139.0	168.0	153.0	175.0	153.0	171.0	156.0	135.0	

capacite_W_temoin : 
185.9	107.19999999999999	80.69999999999999	149.6	55.0	78.19999999999999	190.5	136.1	215.4	104.4	
173.6	66.0	158.8	145.5	131.1	53.0	158.5	152.7	150.5	101.0	
146.5	64.8	61.699999999999996	166.4	91.9	124.5	165.9	176.3	163.8	74.5	

demande_cumulee_X : 
26.0	93.0	126.0	74.0	140.0	122.0	37.0	55.0	3.0	127.0	
37.0	129.0	57.0	30.0	99.0	142.0	17.0	54.0	38.0	107.0	
42.0	151.0	119.0	52.0	107.0	103.0	33.0	46.0	39.0	101.0	

demande_cumulee_W : 
122.0	96.0	3.0	147.0	50.0	78.0	43.0	102.0	104.0	58.0	
76.0	57.0	56.0	145.0	80.0	53.0	33.0	89.0	57.0	64.0	
79.0	59.0	57.0	164.0	23.0	117.0	64.0	64.0	97.0	69.0	

capacite_residuelle_X : 
137.0	61.0	33.0	98.0	10.0	32.0	138.0	92.0	165.0	51.0	
125.0	21.0	109.0	105.0	78.0	8.0	118.0	105.0	107.0	53.0	
103.0	15.0	20.0	116.0	46.0	72.0	120.0	125.0	117.0	34.0	

capacite_residuelle_W : 
63.900000000000006	11.199999999999989	77.69999999999999	2.5999999999999943	5.0	0.19999999999998863	147.5	34.099999999999994	111.4	46.400000000000006	
97.6	9.0	102.80000000000001	0.5	51.099999999999994	0.0	125.5	63.69999999999999	93.5	37.0	
67.5	5.799999999999997	4.699999999999996	2.4000000000000057	68.9	7.5	101.9	112.30000000000001	66.80000000000001	5.5	

min_capacite_X : 
147.0	135.0	135.0	

min_capacite_W : 
55.0	53.0	61.699999999999996	

max_capacite_X : 
178.0	177.0	175.0	

max_capacite_W : 
215.4	173.6	176.3	

moy_capacite_X : 
162.0	153.9	156.1	

moy_capacite_W : 
130.3	129.07	123.63	

med_capacite_X : 
161.0	154.5	154.5	

med_capacite_W : 
121.64999999999999	148.0	135.5	

ecartType_capacite_X : 
10.334408546211051	12.778497564267875	13.034185820372517	

ecartType_capacite_W : 
51.39320966820422	39.46770958644547	43.86846361567727	

var_capacite_X : 
106.8	163.29000000000002	169.89000000000001	

var_capacite_W : 
2641.262	1557.7001	1924.4421000000007	

covar_capacite_X : 
118.66666666666666	181.43333333333334	188.76666666666668	

covar_capacite_W : 
2934.7355555555555	1730.7778888888886	2138.2690000000007	

##########	##########	##########	##########	##########	##########	##########	##########	##########	##########	##########	##########	##########	##########	##########	##########	##########	##########	##########	##########	##########	##########	##########	##########	##########	##########	##########	##########	##########	##########	##########	##########	##########	##########	##########	##########	##########	##########	##########	##########	##########	##########	##########	##########	##########	##########	##########	##########	##########	##########	##########	##########	##########	##########	##########	##########	##########	##########	##########	##########	##########	##########	##########	##########	##########	##########	##########	##########	##########	##########	##########	##########	##########	##########	##########	##########	##########	##########	##########	##########	##########	##########	##########	##########	##########	##########	##########	##########	##########	##########	##########	##########	##########	##########	##########	##########	##########	##########	##########	##########	