nombre de noeuds : 100
nombre de strates : 3
nombre de centres : 10
titre : fenetre
instances : p19_1
temps de calcul : 0.1307539939880371
valeur objective : 241.0
nombre de solutions : 4
nombre de noeuds : 1.0
faisability : True
centre : [50, 32, 33, 96, 19, 95, 13, 93, 5, 86]
moy_distances :	50.07
min_distances :	0.0
max_distances :	130.0
var_distances :	570.6520671768187
covar_distances :	570.7097146227404
ecartType_distances :	23.888324913581084
coef_variation	: 0.4771264740720584
distances_centre_x :
-1.0	14.0	21.0	-1.0	5.0	23.0	12.0	-1.0	12.0	11.0	-1.0	-1.0	13.0	0.0	-1.0	-1.0	-1.0	21.0	-1.0	0.0	26.0	18.0	13.0	-1.0	25.0	25.0	11.0	9.0	-1.0	12.0	-1.0	-1.0	0.0	-1.0	-1.0	11.0	28.0	8.0	29.0	8.0	5.0	19.0	-1.0	-1.0	25.0	5.0	23.0	-1.0	24.0	19.0	0.0	11.0	-1.0	10.0	4.0	7.0	28.0	-1.0	-1.0	-1.0	14.0	16.0	-1.0	33.0	15.0	-1.0	7.0	20.0	24.0	-1.0	-1.0	21.0	10.0	-1.0	17.0	27.0	3.0	27.0	5.0	17.0	-1.0	-1.0	7.0	-1.0	11.0	13.0	-1.0	25.0	17.0	17.0	4.0	21.0	18.0	-1.0	25.0	0.0	-1.0	2.0	25.0	-1.0	
26.0	-1.0	-1.0	-1.0	-1.0	0.0	12.0	13.0	12.0	11.0	15.0	-1.0	-1.0	0.0	-1.0	-1.0	4.0	21.0	21.0	0.0	26.0	-1.0	13.0	21.0	25.0	-1.0	11.0	9.0	27.0	12.0	17.0	11.0	0.0	-1.0	-1.0	-1.0	28.0	-1.0	29.0	8.0	5.0	-1.0	21.0	21.0	-1.0	-1.0	23.0	20.0	-1.0	19.0	0.0	11.0	7.0	-1.0	4.0	-1.0	28.0	17.0	8.0	-1.0	-1.0	16.0	8.0	33.0	-1.0	-1.0	7.0	-1.0	24.0	28.0	-1.0	21.0	10.0	30.0	17.0	-1.0	3.0	27.0	5.0	17.0	8.0	15.0	-1.0	-1.0	11.0	-1.0	-1.0	25.0	17.0	17.0	-1.0	-1.0	18.0	0.0	25.0	-1.0	0.0	-1.0	-1.0	17.0	
26.0	14.0	-1.0	18.0	-1.0	0.0	12.0	13.0	12.0	27.0	15.0	29.0	-1.0	0.0	12.0	17.0	-1.0	21.0	17.0	0.0	26.0	-1.0	13.0	21.0	25.0	25.0	11.0	-1.0	-1.0	12.0	17.0	11.0	0.0	0.0	16.0	11.0	-1.0	-1.0	29.0	-1.0	5.0	19.0	-1.0	-1.0	-1.0	-1.0	28.0	20.0	24.0	19.0	-1.0	11.0	-1.0	10.0	4.0	7.0	28.0	32.0	8.0	13.0	-1.0	16.0	8.0	33.0	15.0	9.0	7.0	20.0	24.0	28.0	7.0	21.0	10.0	30.0	17.0	27.0	3.0	27.0	17.0	-1.0	8.0	15.0	-1.0	15.0	11.0	-1.0	0.0	-1.0	-1.0	17.0	4.0	21.0	-1.0	0.0	25.0	-1.0	-1.0	-1.0	-1.0	17.0	

distances_centre_w :
-1.0	16.0	32.0	-1.0	39.0	35.0	28.0	-1.0	23.0	36.0	-1.0	-1.0	21.0	32.0	-1.0	-1.0	-1.0	34.0	-1.0	18.0	35.0	25.0	17.0	-1.0	27.0	36.0	20.0	19.0	-1.0	22.0	-1.0	-1.0	12.0	-1.0	-1.0	13.0	36.0	23.0	29.0	28.0	16.0	31.0	-1.0	-1.0	30.0	19.0	28.0	-1.0	36.0	31.0	12.0	12.0	-1.0	25.0	9.0	23.0	29.0	-1.0	-1.0	-1.0	30.0	33.0	-1.0	33.0	34.0	-1.0	13.0	33.0	35.0	-1.0	-1.0	34.0	39.0	-1.0	21.0	34.0	34.0	40.0	17.0	24.0	-1.0	-1.0	16.0	-1.0	16.0	29.0	-1.0	27.0	29.0	38.0	23.0	30.0	28.0	-1.0	35.0	37.0	-1.0	8.0	29.0	-1.0	
30.0	-1.0	-1.0	-1.0	-1.0	48.0	28.0	17.0	23.0	27.0	23.0	-1.0	-1.0	18.0	-1.0	-1.0	7.0	34.0	38.0	47.0	35.0	-1.0	17.0	30.0	27.0	-1.0	20.0	19.0	57.0	43.0	25.0	48.0	12.0	-1.0	-1.0	-1.0	49.0	-1.0	29.0	27.0	16.0	-1.0	54.0	30.0	-1.0	-1.0	36.0	25.0	-1.0	31.0	12.0	12.0	26.0	-1.0	9.0	-1.0	29.0	32.0	13.0	-1.0	-1.0	33.0	23.0	33.0	-1.0	-1.0	13.0	-1.0	35.0	29.0	-1.0	31.0	15.0	36.0	21.0	-1.0	45.0	48.0	17.0	24.0	24.0	27.0	-1.0	-1.0	16.0	-1.0	-1.0	27.0	29.0	19.0	-1.0	-1.0	28.0	12.0	34.0	-1.0	19.0	-1.0	-1.0	45.0	
30.0	16.0	-1.0	43.0	-1.0	25.0	28.0	17.0	23.0	43.0	23.0	30.0	-1.0	18.0	26.0	19.0	-1.0	34.0	20.0	18.0	35.0	-1.0	17.0	30.0	27.0	36.0	20.0	-1.0	-1.0	43.0	25.0	25.0	12.0	10.0	45.0	13.0	-1.0	-1.0	41.0	-1.0	16.0	31.0	-1.0	-1.0	-1.0	-1.0	39.0	41.0	36.0	31.0	-1.0	12.0	-1.0	44.0	9.0	40.0	41.0	40.0	13.0	33.0	-1.0	33.0	32.0	33.0	34.0	34.0	43.0	33.0	36.0	41.0	40.0	34.0	35.0	44.0	21.0	34.0	39.0	40.0	40.0	-1.0	27.0	27.0	-1.0	39.0	16.0	-1.0	41.0	-1.0	-1.0	19.0	35.0	30.0	-1.0	12.0	37.0	-1.0	-1.0	-1.0	-1.0	45.0	

maxX :
33.0	33.0	33.0	

maxW :
40.0	57.0	45.0	

minX :
0.0	0.0	0.0	

minW :
8.0	7.0	9.0	

moyX :
14.787878787878787	14.921875	15.479452054794521	

moyW :
26.606060606060606	27.90625	30.027397260273972	

medX :
14.0	15.5	15.0	

medW :
28.5	27.0	33.0	

ecartTypeX :
8.675138897700633	8.998792779277396	8.864442729536668	

ecartTypeW :
8.353694134530938	11.528116105309662	10.181870273522533	

varX :
75.25803489439853	80.978271484375	78.5783449052355	

varW :
69.7842056932966	132.8974609375	103.6704822668418	

covarX :
76.41585081585082	82.26364087301587	79.66971080669711	

covarW :
70.85780885780885	135.00694444444443	105.11035007610349	

coef_variationX :
0.5866384910330346	0.603060458506548	0.5726586896072361	

coef_variationW :
0.3139771143958098	0.4131015849607046	0.3390860081966902	

moy_distances_centre :	55.977777777777774
min_distances_centre :	10.0
max_distances_centre :	108.0
med_distances_centre :	60.0
ecartType_distances_centre :	24.714807876960357
var_distances_centre :	610.8217283950618
covar_distances_centre :	617.6848938826466
coef_variation_distances_centre :	0.4415110577464137
capacite_X_temoin : 
157.0	172.0	153.0	157.0	169.0	171.0	174.0	162.0	145.0	178.0	
171.0	160.0	175.0	166.0	175.0	178.0	157.0	162.0	178.0	175.0	
157.0	154.0	162.0	174.0	153.0	175.0	154.0	162.0	162.0	142.0	

capacite_W_temoin : 
102.1	148.6	55.9	183.1	172.7	178.3	168.2	76.6	150.5	99.4	
156.3	117.0	108.5	191.8	198.5	175.4	121.1	102.6	208.4	105.5	
69.1	97.19999999999999	73.6	203.2	153.9	195.5	114.19999999999999	54.6	166.6	87.6	

demande_cumulee_X : 
102.0	75.0	143.0	21.0	47.0	44.0	58.0	134.0	38.0	132.0	
66.0	91.0	119.0	24.0	29.0	56.0	83.0	108.0	23.0	122.0	
135.0	103.0	137.0	23.0	45.0	32.0	86.0	156.0	44.0	97.0	

demande_cumulee_W : 
97.0	131.0	55.0	66.0	57.0	83.0	67.0	33.0	110.0	95.0	
127.0	103.0	103.0	52.0	22.0	23.0	67.0	60.0	82.0	82.0	
66.0	95.0	61.0	156.0	29.0	94.0	80.0	54.0	138.0	85.0	

capacite_residuelle_X : 
55.0	97.0	10.0	136.0	122.0	127.0	116.0	28.0	107.0	46.0	
105.0	69.0	56.0	142.0	146.0	122.0	74.0	54.0	155.0	53.0	
22.0	51.0	25.0	151.0	108.0	143.0	68.0	6.0	118.0	45.0	

capacite_residuelle_W : 
5.099999999999994	17.599999999999994	0.8999999999999986	117.1	115.69999999999999	95.30000000000001	101.19999999999999	43.599999999999994	40.5	4.400000000000006	
29.30000000000001	14.0	5.5	139.8	176.5	152.4	54.099999999999994	42.599999999999994	126.4	23.5	
3.0999999999999943	2.1999999999999886	12.599999999999994	47.19999999999999	124.9	101.5	34.19999999999999	0.6000000000000014	28.599999999999994	2.5999999999999943	

min_capacite_X : 
145.0	157.0	142.0	

min_capacite_W : 
55.9	102.6	54.6	

max_capacite_X : 
178.0	178.0	175.0	

max_capacite_W : 
183.1	208.4	203.2	

moy_capacite_X : 
163.8	169.7	159.5	

moy_capacite_W : 
133.54000000000002	148.51	121.54999999999998	

med_capacite_X : 
165.5	173.0	159.5	

med_capacite_W : 
149.55	138.7	105.69999999999999	

ecartType_capacite_X : 
10.087616170334792	7.430343195303969	9.404786015641186	

ecartType_capacite_W : 
43.74135800361026	40.05766967760357	51.52029211873707	

var_capacite_X : 
101.75999999999999	55.21	88.45	

var_capacite_W : 
1913.3063999999995	1604.6169000000004	2654.3405000000007	

covar_capacite_X : 
113.06666666666666	61.34444444444444	98.27777777777777	

covar_capacite_W : 
2125.8959999999993	1782.907666666667	2949.2672222222222	

##########	##########	##########	##########	##########	##########	##########	##########	##########	##########	##########	##########	##########	##########	##########	##########	##########	##########	##########	##########	##########	##########	##########	##########	##########	##########	##########	##########	##########	##########	##########	##########	##########	##########	##########	##########	##########	##########	##########	##########	##########	##########	##########	##########	##########	##########	##########	##########	##########	##########	##########	##########	##########	##########	##########	##########	##########	##########	##########	##########	##########	##########	##########	##########	##########	##########	##########	##########	##########	##########	##########	##########	##########	##########	##########	##########	##########	##########	##########	##########	##########	##########	##########	##########	##########	##########	##########	##########	##########	##########	##########	##########	##########	##########	##########	##########	##########	##########	##########	##########	nombre de noeuds : 100
nombre de strates : 3
nombre de centres : 10
titre : fenetre
instances : p19_1
temps de calcul : 0.12656497955322266
valeur objective : 206.0
nombre de solutions : 3
nombre de noeuds : 1.0
faisability : True
centre : [32, 33, 96, 19, 95, 13, 93, 5, 86, 44]
moy_distances :	50.07
min_distances :	0.0
max_distances :	130.0
var_distances :	570.6520671768187
covar_distances :	570.7097146227404
ecartType_distances :	23.888324913581084
coef_variation	: 0.4771264740720584
distances_centre_x :
-1.0	28.0	13.0	-1.0	5.0	0.0	12.0	-1.0	12.0	11.0	-1.0	-1.0	13.0	18.0	-1.0	-1.0	-1.0	21.0	-1.0	0.0	9.0	18.0	13.0	-1.0	25.0	25.0	11.0	19.0	-1.0	12.0	-1.0	-1.0	0.0	-1.0	-1.0	11.0	28.0	16.0	29.0	8.0	16.0	19.0	-1.0	-1.0	0.0	5.0	23.0	-1.0	24.0	19.0	12.0	11.0	-1.0	10.0	4.0	7.0	28.0	-1.0	-1.0	-1.0	14.0	16.0	-1.0	33.0	15.0	-1.0	7.0	10.0	24.0	-1.0	-1.0	5.0	10.0	-1.0	17.0	17.0	3.0	10.0	5.0	17.0	-1.0	-1.0	7.0	-1.0	11.0	13.0	-1.0	25.0	17.0	17.0	4.0	9.0	18.0	-1.0	25.0	0.0	-1.0	2.0	25.0	-1.0	
26.0	-1.0	-1.0	-1.0	-1.0	0.0	12.0	13.0	12.0	11.0	15.0	-1.0	-1.0	0.0	-1.0	-1.0	4.0	21.0	21.0	0.0	9.0	-1.0	13.0	21.0	25.0	-1.0	11.0	19.0	27.0	12.0	17.0	11.0	0.0	-1.0	-1.0	-1.0	28.0	-1.0	29.0	8.0	16.0	-1.0	21.0	21.0	-1.0	-1.0	23.0	8.0	-1.0	19.0	12.0	11.0	7.0	-1.0	4.0	-1.0	28.0	17.0	13.0	-1.0	-1.0	16.0	8.0	33.0	-1.0	-1.0	7.0	-1.0	24.0	28.0	-1.0	5.0	10.0	30.0	17.0	-1.0	3.0	10.0	5.0	17.0	8.0	15.0	-1.0	-1.0	11.0	-1.0	-1.0	25.0	17.0	17.0	-1.0	-1.0	18.0	0.0	25.0	-1.0	0.0	-1.0	-1.0	17.0	
26.0	14.0	-1.0	16.0	-1.0	0.0	12.0	13.0	12.0	11.0	15.0	29.0	-1.0	0.0	12.0	17.0	-1.0	21.0	21.0	0.0	9.0	-1.0	13.0	21.0	25.0	25.0	11.0	-1.0	-1.0	12.0	17.0	11.0	0.0	0.0	16.0	11.0	-1.0	-1.0	29.0	-1.0	16.0	19.0	-1.0	-1.0	-1.0	-1.0	28.0	8.0	24.0	19.0	-1.0	11.0	-1.0	29.0	4.0	7.0	28.0	17.0	13.0	13.0	-1.0	33.0	8.0	33.0	15.0	9.0	7.0	10.0	24.0	28.0	7.0	5.0	15.0	30.0	17.0	17.0	3.0	10.0	5.0	-1.0	8.0	15.0	-1.0	15.0	11.0	-1.0	0.0	-1.0	-1.0	17.0	4.0	9.0	-1.0	0.0	25.0	-1.0	-1.0	-1.0	-1.0	17.0	

distances_centre_w :
-1.0	34.0	21.0	-1.0	19.0	19.0	28.0	-1.0	23.0	27.0	-1.0	-1.0	21.0	32.0	-1.0	-1.0	-1.0	34.0	-1.0	18.0	26.0	36.0	17.0	-1.0	27.0	36.0	20.0	20.0	-1.0	30.0	-1.0	-1.0	12.0	-1.0	-1.0	13.0	36.0	23.0	29.0	27.0	20.0	31.0	-1.0	-1.0	25.0	22.0	28.0	-1.0	36.0	31.0	16.0	12.0	-1.0	29.0	9.0	23.0	29.0	-1.0	-1.0	-1.0	30.0	33.0	-1.0	33.0	23.0	-1.0	13.0	20.0	36.0	-1.0	-1.0	21.0	15.0	-1.0	23.0	27.0	27.0	27.0	17.0	24.0	-1.0	-1.0	16.0	-1.0	16.0	29.0	-1.0	27.0	29.0	31.0	23.0	21.0	28.0	-1.0	35.0	10.0	-1.0	8.0	29.0	-1.0	
30.0	-1.0	-1.0	-1.0	-1.0	25.0	28.0	17.0	23.0	27.0	23.0	-1.0	-1.0	18.0	-1.0	-1.0	7.0	34.0	30.0	18.0	26.0	-1.0	17.0	30.0	27.0	-1.0	20.0	20.0	31.0	22.0	25.0	35.0	12.0	-1.0	-1.0	-1.0	33.0	-1.0	29.0	28.0	20.0	-1.0	34.0	30.0	-1.0	-1.0	28.0	20.0	-1.0	31.0	16.0	12.0	26.0	-1.0	9.0	-1.0	29.0	32.0	15.0	-1.0	-1.0	33.0	17.0	33.0	-1.0	-1.0	13.0	-1.0	35.0	29.0	-1.0	21.0	15.0	30.0	23.0	-1.0	27.0	27.0	17.0	24.0	24.0	27.0	-1.0	-1.0	16.0	-1.0	-1.0	27.0	29.0	19.0	-1.0	-1.0	28.0	12.0	35.0	-1.0	19.0	-1.0	-1.0	21.0	
30.0	25.0	-1.0	30.0	-1.0	25.0	28.0	17.0	23.0	27.0	23.0	30.0	-1.0	18.0	36.0	19.0	-1.0	34.0	30.0	18.0	26.0	-1.0	17.0	30.0	27.0	36.0	20.0	-1.0	-1.0	32.0	25.0	25.0	12.0	10.0	34.0	13.0	-1.0	-1.0	29.0	-1.0	21.0	31.0	-1.0	-1.0	-1.0	-1.0	36.0	29.0	36.0	31.0	-1.0	12.0	-1.0	32.0	9.0	23.0	29.0	32.0	15.0	17.0	-1.0	33.0	17.0	33.0	33.0	34.0	28.0	20.0	36.0	29.0	15.0	21.0	23.0	36.0	23.0	27.0	27.0	27.0	17.0	-1.0	27.0	27.0	-1.0	30.0	16.0	-1.0	30.0	-1.0	-1.0	31.0	35.0	21.0	-1.0	12.0	35.0	-1.0	-1.0	-1.0	-1.0	21.0	

maxX :
33.0	33.0	33.0	

maxW :
36.0	35.0	36.0	

minX :
0.0	0.0	0.0	

minW :
8.0	7.0	9.0	

moyX :
13.803030303030303	14.546875	14.41095890410959	

moyW :
24.393939393939394	24.03125	25.561643835616437	

medX :
13.0	14.0	13.0	

medW :
25.5	25.5	27.0	

ecartTypeX :
8.18205667441409	8.545703758870594	8.682900242128174	

ecartTypeW :
7.298565213666662	7.004393152693529	7.290425887873189	

varX :
66.94605142332415	73.029052734375	75.39275661474949	

varW :
53.26905417814509	49.0615234375	53.150309626571584	

covarX :
67.97599067599069	74.18824404761904	76.43987823439878	

covarW :
54.08857808857809	49.84027777777777	53.888508371385065	

coef_variationX :
0.592772492328573	0.5874597643047454	0.6025206441780957	

coef_variationW :
0.29919584105714264	0.2914701962109141	0.28520958725334555	

moy_distances_centre :	56.644444444444446
min_distances_centre :	10.0
max_distances_centre :	108.0
med_distances_centre :	58.0
ecartType_distances_centre :	24.112841719765612
var_distances_centre :	581.4291358024691
covar_distances_centre :	587.962047440699
coef_variation_distances_centre :	0.4256876725733435
capacite_X_temoin : 
157.0	172.0	153.0	157.0	169.0	177.0	174.0	162.0	145.0	178.0	
171.0	160.0	175.0	166.0	175.0	136.0	157.0	162.0	178.0	175.0	
157.0	154.0	162.0	174.0	153.0	166.0	154.0	162.0	162.0	142.0	

capacite_W_temoin : 
162.1	150.6	53.9	183.1	162.7	118.1	210.2	76.6	126.5	99.4	
192.3	117.0	108.5	191.8	187.5	119.8	142.1	102.6	163.4	105.5	
137.1	112.19999999999999	62.6	203.2	153.9	112.8	146.2	54.6	134.6	86.6	

demande_cumulee_X : 
42.0	73.0	145.0	21.0	57.0	112.0	16.0	134.0	62.0	132.0	
30.0	91.0	119.0	24.0	40.0	57.0	62.0	108.0	68.0	122.0	
67.0	88.0	148.0	23.0	45.0	103.0	54.0	156.0	76.0	98.0	

demande_cumulee_W : 
145.0	137.0	50.0	80.0	54.0	27.0	85.0	33.0	98.0	85.0	
134.0	112.0	107.0	52.0	29.0	76.0	65.0	52.0	45.0	49.0	
127.0	111.0	58.0	108.0	45.0	87.0	127.0	43.0	67.0	85.0	

capacite_residuelle_X : 
115.0	99.0	8.0	136.0	112.0	65.0	158.0	28.0	83.0	46.0	
141.0	69.0	56.0	142.0	135.0	79.0	95.0	54.0	110.0	53.0	
90.0	66.0	14.0	151.0	108.0	63.0	100.0	6.0	86.0	44.0	

capacite_residuelle_W : 
17.099999999999994	13.599999999999994	3.8999999999999986	103.1	108.69999999999999	91.1	125.19999999999999	43.599999999999994	28.5	14.400000000000006	
58.30000000000001	5.0	1.5	139.8	158.5	43.8	77.1	50.599999999999994	118.4	56.5	
10.099999999999994	1.1999999999999886	4.600000000000001	95.19999999999999	108.9	25.799999999999997	19.19999999999999	11.600000000000001	67.6	1.5999999999999943	

min_capacite_X : 
145.0	136.0	142.0	

min_capacite_W : 
53.9	102.6	54.6	

max_capacite_X : 
178.0	178.0	174.0	

max_capacite_W : 
210.2	192.3	203.2	

moy_capacite_X : 
164.4	165.5	158.6	

moy_capacite_W : 
134.32	143.05	120.38	

med_capacite_X : 
165.5	168.5	159.5	

med_capacite_W : 
138.55	130.95	123.69999999999999	

ecartType_capacite_X : 
10.660206376989144	12.010412149464313	8.2365041127896	

ecartType_capacite_W : 
46.17583350628335	35.569685126523126	42.49961882182003	

var_capacite_X : 
113.64000000000001	144.25	67.84	

var_capacite_W : 
2132.2075999999997	1265.2025000000003	1806.2175999999995	

covar_capacite_X : 
126.26666666666667	160.27777777777777	75.37777777777778	

covar_capacite_W : 
2369.119555555555	1405.7805555555558	2006.9084444444438	

##########	##########	##########	##########	##########	##########	##########	##########	##########	##########	##########	##########	##########	##########	##########	##########	##########	##########	##########	##########	##########	##########	##########	##########	##########	##########	##########	##########	##########	##########	##########	##########	##########	##########	##########	##########	##########	##########	##########	##########	##########	##########	##########	##########	##########	##########	##########	##########	##########	##########	##########	##########	##########	##########	##########	##########	##########	##########	##########	##########	##########	##########	##########	##########	##########	##########	##########	##########	##########	##########	##########	##########	##########	##########	##########	##########	##########	##########	##########	##########	##########	##########	##########	##########	##########	##########	##########	##########	##########	##########	##########	##########	##########	##########	##########	##########	##########	##########	##########	##########	nombre de noeuds : 100
nombre de strates : 3
nombre de centres : 10
titre : fenetre
instances : p19_1
temps de calcul : 0.1538698673248291
valeur objective : 201.0
nombre de solutions : 7
nombre de noeuds : 1.0
faisability : True
centre : [33, 96, 19, 95, 13, 93, 5, 86, 44, 41]
moy_distances :	50.07
min_distances :	0.0
max_distances :	130.0
var_distances :	570.6520671768187
covar_distances :	570.7097146227404
ecartType_distances :	23.888324913581084
coef_variation	: 0.4771264740720584
distances_centre_x :
-1.0	14.0	13.0	-1.0	5.0	0.0	12.0	-1.0	10.0	11.0	-1.0	-1.0	13.0	0.0	-1.0	-1.0	-1.0	21.0	-1.0	0.0	9.0	18.0	13.0	-1.0	25.0	7.0	11.0	19.0	-1.0	12.0	-1.0	-1.0	12.0	-1.0	-1.0	11.0	28.0	16.0	29.0	8.0	16.0	0.0	-1.0	-1.0	0.0	5.0	23.0	-1.0	8.0	19.0	12.0	11.0	-1.0	10.0	4.0	7.0	12.0	-1.0	-1.0	-1.0	14.0	16.0	-1.0	33.0	15.0	-1.0	7.0	10.0	13.0	-1.0	-1.0	5.0	10.0	-1.0	17.0	17.0	3.0	10.0	5.0	17.0	-1.0	-1.0	7.0	-1.0	11.0	13.0	-1.0	25.0	17.0	17.0	4.0	9.0	18.0	-1.0	13.0	0.0	-1.0	2.0	18.0	-1.0	
26.0	-1.0	-1.0	-1.0	-1.0	0.0	12.0	13.0	10.0	11.0	15.0	-1.0	-1.0	0.0	-1.0	-1.0	4.0	21.0	17.0	0.0	9.0	-1.0	13.0	17.0	25.0	-1.0	11.0	19.0	27.0	12.0	17.0	11.0	12.0	-1.0	-1.0	-1.0	28.0	-1.0	11.0	8.0	16.0	-1.0	21.0	21.0	-1.0	-1.0	23.0	8.0	-1.0	19.0	12.0	11.0	7.0	-1.0	4.0	-1.0	12.0	17.0	13.0	-1.0	-1.0	33.0	8.0	33.0	-1.0	-1.0	7.0	-1.0	13.0	10.0	-1.0	5.0	10.0	13.0	17.0	-1.0	3.0	10.0	5.0	17.0	8.0	5.0	-1.0	-1.0	11.0	-1.0	-1.0	25.0	17.0	17.0	-1.0	-1.0	18.0	0.0	13.0	-1.0	0.0	-1.0	-1.0	17.0	
26.0	25.0	-1.0	16.0	-1.0	0.0	12.0	13.0	10.0	11.0	15.0	29.0	-1.0	18.0	14.0	17.0	-1.0	21.0	21.0	0.0	9.0	-1.0	13.0	17.0	25.0	7.0	11.0	-1.0	-1.0	12.0	17.0	11.0	12.0	0.0	16.0	11.0	-1.0	-1.0	11.0	-1.0	16.0	0.0	-1.0	-1.0	-1.0	-1.0	23.0	8.0	8.0	19.0	-1.0	11.0	-1.0	10.0	4.0	7.0	12.0	30.0	13.0	13.0	-1.0	33.0	8.0	33.0	15.0	9.0	28.0	20.0	13.0	28.0	7.0	5.0	10.0	30.0	17.0	17.0	3.0	10.0	17.0	-1.0	8.0	5.0	-1.0	15.0	11.0	-1.0	0.0	-1.0	-1.0	17.0	4.0	21.0	-1.0	0.0	13.0	-1.0	-1.0	-1.0	-1.0	17.0	

distances_centre_w :
-1.0	25.0	21.0	-1.0	19.0	19.0	28.0	-1.0	12.0	27.0	-1.0	-1.0	21.0	32.0	-1.0	-1.0	-1.0	34.0	-1.0	18.0	26.0	25.0	17.0	-1.0	27.0	25.0	16.0	20.0	-1.0	32.0	-1.0	-1.0	31.0	-1.0	-1.0	27.0	29.0	23.0	29.0	28.0	20.0	19.0	-1.0	-1.0	25.0	22.0	24.0	-1.0	24.0	31.0	16.0	12.0	-1.0	25.0	9.0	23.0	28.0	-1.0	-1.0	-1.0	30.0	33.0	-1.0	33.0	34.0	-1.0	13.0	20.0	24.0	-1.0	-1.0	21.0	15.0	-1.0	23.0	27.0	27.0	27.0	17.0	24.0	-1.0	-1.0	16.0	-1.0	16.0	27.0	-1.0	27.0	29.0	21.0	23.0	21.0	22.0	-1.0	25.0	10.0	-1.0	8.0	25.0	-1.0	
30.0	-1.0	-1.0	-1.0	-1.0	19.0	28.0	17.0	12.0	27.0	23.0	-1.0	-1.0	18.0	-1.0	-1.0	7.0	34.0	20.0	18.0	26.0	-1.0	17.0	21.0	27.0	-1.0	16.0	20.0	31.0	22.0	25.0	27.0	31.0	-1.0	-1.0	-1.0	29.0	-1.0	29.0	27.0	20.0	-1.0	34.0	30.0	-1.0	-1.0	24.0	20.0	-1.0	31.0	16.0	12.0	26.0	-1.0	9.0	-1.0	28.0	30.0	15.0	-1.0	-1.0	33.0	17.0	33.0	-1.0	-1.0	13.0	-1.0	24.0	28.0	-1.0	21.0	15.0	30.0	23.0	-1.0	27.0	27.0	17.0	24.0	24.0	15.0	-1.0	-1.0	16.0	-1.0	-1.0	27.0	29.0	19.0	-1.0	-1.0	22.0	19.0	25.0	-1.0	19.0	-1.0	-1.0	21.0	
30.0	34.0	-1.0	30.0	-1.0	19.0	28.0	23.0	12.0	27.0	23.0	30.0	-1.0	32.0	26.0	27.0	-1.0	34.0	30.0	18.0	26.0	-1.0	20.0	21.0	27.0	25.0	16.0	-1.0	-1.0	32.0	25.0	27.0	31.0	10.0	34.0	27.0	-1.0	-1.0	29.0	-1.0	21.0	19.0	-1.0	-1.0	-1.0	-1.0	28.0	20.0	24.0	31.0	-1.0	12.0	-1.0	29.0	9.0	23.0	29.0	32.0	21.0	33.0	-1.0	33.0	32.0	33.0	33.0	34.0	33.0	33.0	24.0	29.0	15.0	21.0	23.0	31.0	30.0	27.0	27.0	27.0	28.0	-1.0	27.0	15.0	-1.0	30.0	16.0	-1.0	30.0	-1.0	-1.0	31.0	23.0	30.0	-1.0	19.0	25.0	-1.0	-1.0	-1.0	-1.0	21.0	

maxX :
33.0	33.0	33.0	

maxW :
34.0	34.0	34.0	

minX :
0.0	0.0	0.0	

minW :
8.0	7.0	9.0	

moyX :
11.969696969696969	13.25	13.808219178082192	

moyW :
23.136363636363637	22.875	25.80821917808219	

medX :
12.0	12.0	13.0	

medW :
24.0	23.5	27.0	

ecartTypeX :
7.252940254297911	7.677076266392044	8.087971000866972	

ecartTypeW :
6.176412520658279	6.3676428134750145	6.214559868801641	

varX :
52.60514233241505	58.9375	65.4152749108651	

varW :
38.14807162534436	40.546875	38.62075436291987	

covarX :
53.41445221445221	59.873015873015866	66.32382039573821	

covarW :
38.73496503496504	41.19047619047619	39.15715372907153	

coef_variationX :
0.6059418440299521	0.5794019823692109	0.5857359951024692	

coef_variationW :
0.26695692623670364	0.2783668989497274	0.24079770192278122	

moy_distances_centre :	51.86666666666667
min_distances_centre :	10.0
max_distances_centre :	96.0
med_distances_centre :	49.0
ecartType_distances_centre :	20.562749491900803
var_distances_centre :	422.8266666666667
covar_distances_centre :	427.57752808988766
coef_variation_distances_centre :	0.39645403904693066
capacite_X_temoin : 
157.0	172.0	153.0	169.0	150.0	177.0	174.0	162.0	145.0	178.0	
171.0	160.0	175.0	175.0	177.0	136.0	157.0	162.0	178.0	175.0	
157.0	154.0	162.0	153.0	153.0	166.0	154.0	162.0	162.0	142.0	

capacite_W_temoin : 
144.1	148.6	55.9	162.7	95.0	136.1	210.2	137.6	132.5	111.4	
192.3	119.0	108.5	187.5	120.1	119.8	133.1	155.6	168.4	140.5	
164.1	108.19999999999999	60.6	153.9	55.9	127.8	137.2	151.6	117.6	99.6	

demande_cumulee_X : 
60.0	75.0	143.0	57.0	100.0	94.0	16.0	73.0	56.0	120.0	
30.0	89.0	119.0	40.0	110.0	57.0	71.0	55.0	63.0	87.0	
40.0	92.0	150.0	45.0	143.0	88.0	63.0	59.0	93.0	85.0	

demande_cumulee_W : 
133.0	133.0	39.0	48.0	86.0	27.0	72.0	82.0	102.0	72.0	
124.0	113.0	104.0	29.0	84.0	75.0	37.0	93.0	45.0	17.0	
133.0	108.0	46.0	71.0	50.0	50.0	93.0	137.0	73.0	97.0	

capacite_residuelle_X : 
97.0	97.0	10.0	112.0	50.0	83.0	158.0	89.0	89.0	58.0	
141.0	71.0	56.0	135.0	67.0	79.0	86.0	107.0	115.0	88.0	
117.0	62.0	12.0	108.0	10.0	78.0	91.0	103.0	69.0	57.0	

capacite_residuelle_W : 
11.099999999999994	15.599999999999994	16.9	114.69999999999999	9.0	109.1	138.2	55.599999999999994	30.5	39.400000000000006	
68.30000000000001	6.0	4.5	158.5	36.099999999999994	44.8	96.1	62.599999999999994	123.4	123.5	
31.099999999999994	0.19999999999998863	14.600000000000001	82.9	5.899999999999999	77.8	44.19999999999999	14.599999999999994	44.599999999999994	2.5999999999999943	

min_capacite_X : 
145.0	136.0	142.0	

min_capacite_W : 
55.9	108.5	55.9	

max_capacite_X : 
178.0	178.0	166.0	

max_capacite_W : 
210.2	192.3	164.1	

moy_capacite_X : 
163.7	166.6	156.5	

moy_capacite_W : 
133.41	144.48	117.64999999999998	

med_capacite_X : 
165.5	173.0	155.5	

med_capacite_W : 
136.85	136.8	122.69999999999999	

ecartType_capacite_X : 
11.331813623599711	12.499599993599796	6.545991139621257	

ecartType_capacite_W : 
38.849464603775424	28.505992352486174	35.48572248102045	

var_capacite_X : 
128.41	156.24	42.85	

var_capacite_W : 
1509.2808999999997	812.5916000000003	1259.2365000000002	

covar_capacite_X : 
142.67777777777775	173.59999999999997	47.61111111111111	

covar_capacite_W : 
1676.9787777777774	902.8795555555558	1399.1516666666669	

##########	##########	##########	##########	##########	##########	##########	##########	##########	##########	##########	##########	##########	##########	##########	##########	##########	##########	##########	##########	##########	##########	##########	##########	##########	##########	##########	##########	##########	##########	##########	##########	##########	##########	##########	##########	##########	##########	##########	##########	##########	##########	##########	##########	##########	##########	##########	##########	##########	##########	##########	##########	##########	##########	##########	##########	##########	##########	##########	##########	##########	##########	##########	##########	##########	##########	##########	##########	##########	##########	##########	##########	##########	##########	##########	##########	##########	##########	##########	##########	##########	##########	##########	##########	##########	##########	##########	##########	##########	##########	##########	##########	##########	##########	##########	##########	##########	##########	##########	##########	nombre de noeuds : 100
nombre de strates : 3
nombre de centres : 10
titre : fenetre
instances : p19_1
temps de calcul : 0.135390043258667
valeur objective : 201.0
nombre de solutions : 3
nombre de noeuds : 1.0
faisability : True
centre : [96, 19, 95, 13, 93, 5, 86, 44, 41, 51]
moy_distances :	50.07
min_distances :	0.0
max_distances :	130.0
var_distances :	570.6520671768187
covar_distances :	570.7097146227404
ecartType_distances :	23.888324913581084
coef_variation	: 0.4771264740720584
distances_centre_x :
-1.0	14.0	13.0	-1.0	5.0	0.0	12.0	-1.0	10.0	11.0	-1.0	-1.0	13.0	0.0	-1.0	-1.0	-1.0	21.0	-1.0	0.0	9.0	18.0	13.0	-1.0	25.0	7.0	11.0	20.0	-1.0	12.0	-1.0	-1.0	12.0	-1.0	-1.0	11.0	28.0	16.0	29.0	8.0	16.0	0.0	-1.0	-1.0	0.0	5.0	24.0	-1.0	8.0	19.0	12.0	0.0	-1.0	10.0	4.0	7.0	12.0	-1.0	-1.0	-1.0	14.0	16.0	-1.0	33.0	15.0	-1.0	7.0	10.0	13.0	-1.0	-1.0	5.0	10.0	-1.0	17.0	17.0	3.0	10.0	5.0	17.0	-1.0	-1.0	8.0	-1.0	4.0	13.0	-1.0	25.0	17.0	17.0	4.0	9.0	18.0	-1.0	13.0	0.0	-1.0	2.0	18.0	-1.0	
26.0	-1.0	-1.0	-1.0	-1.0	0.0	12.0	13.0	10.0	11.0	15.0	-1.0	-1.0	0.0	-1.0	-1.0	4.0	21.0	20.0	0.0	9.0	-1.0	13.0	17.0	25.0	-1.0	11.0	20.0	27.0	12.0	17.0	11.0	12.0	-1.0	-1.0	-1.0	28.0	-1.0	11.0	8.0	16.0	-1.0	21.0	21.0	-1.0	-1.0	23.0	8.0	-1.0	19.0	12.0	0.0	7.0	-1.0	4.0	-1.0	12.0	17.0	13.0	-1.0	-1.0	16.0	8.0	33.0	-1.0	-1.0	7.0	-1.0	13.0	10.0	-1.0	5.0	10.0	13.0	17.0	-1.0	3.0	10.0	5.0	17.0	8.0	5.0	-1.0	-1.0	4.0	-1.0	-1.0	25.0	17.0	17.0	-1.0	-1.0	18.0	0.0	13.0	-1.0	0.0	-1.0	-1.0	17.0	
26.0	25.0	-1.0	16.0	-1.0	0.0	12.0	13.0	10.0	11.0	15.0	19.0	-1.0	0.0	12.0	17.0	-1.0	21.0	17.0	0.0	9.0	-1.0	13.0	17.0	25.0	7.0	11.0	-1.0	-1.0	12.0	17.0	27.0	12.0	10.0	16.0	11.0	-1.0	-1.0	29.0	-1.0	16.0	0.0	-1.0	-1.0	-1.0	-1.0	23.0	8.0	8.0	19.0	-1.0	0.0	-1.0	10.0	4.0	7.0	12.0	17.0	13.0	13.0	-1.0	33.0	8.0	33.0	15.0	9.0	7.0	10.0	13.0	10.0	7.0	5.0	15.0	26.0	17.0	17.0	3.0	10.0	17.0	-1.0	24.0	5.0	-1.0	15.0	4.0	-1.0	0.0	-1.0	-1.0	17.0	4.0	9.0	-1.0	0.0	13.0	-1.0	-1.0	-1.0	-1.0	17.0	

distances_centre_w :
-1.0	28.0	21.0	-1.0	19.0	19.0	28.0	-1.0	12.0	28.0	-1.0	-1.0	21.0	18.0	-1.0	-1.0	-1.0	34.0	-1.0	18.0	26.0	25.0	17.0	-1.0	27.0	25.0	16.0	29.0	-1.0	32.0	-1.0	-1.0	31.0	-1.0	-1.0	27.0	29.0	16.0	29.0	28.0	20.0	19.0	-1.0	-1.0	30.0	22.0	28.0	-1.0	24.0	31.0	23.0	12.0	-1.0	32.0	15.0	23.0	28.0	-1.0	-1.0	-1.0	30.0	33.0	-1.0	33.0	33.0	-1.0	13.0	20.0	24.0	-1.0	-1.0	21.0	15.0	-1.0	23.0	27.0	27.0	27.0	17.0	24.0	-1.0	-1.0	16.0	-1.0	16.0	27.0	-1.0	27.0	29.0	19.0	23.0	21.0	32.0	-1.0	25.0	12.0	-1.0	12.0	18.0	-1.0	
30.0	-1.0	-1.0	-1.0	-1.0	25.0	28.0	17.0	12.0	27.0	23.0	-1.0	-1.0	18.0	-1.0	-1.0	8.0	34.0	21.0	18.0	26.0	-1.0	17.0	21.0	27.0	-1.0	16.0	29.0	31.0	22.0	25.0	29.0	31.0	-1.0	-1.0	-1.0	29.0	-1.0	29.0	27.0	20.0	-1.0	34.0	30.0	-1.0	-1.0	28.0	20.0	-1.0	31.0	23.0	12.0	26.0	-1.0	15.0	-1.0	28.0	30.0	15.0	-1.0	-1.0	33.0	17.0	33.0	-1.0	-1.0	13.0	-1.0	24.0	28.0	-1.0	21.0	23.0	26.0	23.0	-1.0	27.0	27.0	17.0	24.0	24.0	15.0	-1.0	-1.0	16.0	-1.0	-1.0	27.0	29.0	19.0	-1.0	-1.0	22.0	19.0	25.0	-1.0	19.0	-1.0	-1.0	21.0	
30.0	34.0	-1.0	17.0	-1.0	25.0	28.0	23.0	12.0	28.0	23.0	29.0	-1.0	18.0	14.0	19.0	-1.0	34.0	21.0	34.0	26.0	-1.0	17.0	21.0	27.0	25.0	16.0	-1.0	-1.0	32.0	25.0	29.0	31.0	11.0	34.0	27.0	-1.0	-1.0	29.0	-1.0	20.0	19.0	-1.0	-1.0	-1.0	-1.0	24.0	20.0	24.0	31.0	-1.0	12.0	-1.0	29.0	15.0	23.0	29.0	32.0	15.0	17.0	-1.0	33.0	17.0	33.0	33.0	34.0	13.0	20.0	24.0	28.0	15.0	21.0	23.0	31.0	23.0	27.0	27.0	27.0	28.0	-1.0	27.0	15.0	-1.0	30.0	16.0	-1.0	30.0	-1.0	-1.0	31.0	23.0	21.0	-1.0	19.0	25.0	-1.0	-1.0	-1.0	-1.0	21.0	

maxX :
33.0	33.0	33.0	

maxW :
34.0	34.0	34.0	

minX :
0.0	0.0	0.0	

minW :
12.0	8.0	11.0	

moyX :
11.742424242424242	12.765625	12.917808219178083	

moyW :
23.545454545454547	23.5	24.164383561643834	

medX :
12.0	12.0	12.0	

medW :
24.0	24.0	25.0	

ecartTypeX :
7.490014779409714	7.572033634326712	7.789619760810834	

ecartTypeW :
6.098141341727941	6.018201558605361	6.367756316821076	

varX :
56.10032139577595	57.335693359375	60.67817601801463	

varW :
37.187327823691454	36.21875	40.54832051041471	

covarX :
56.96340326340327	58.24578373015873	61.52092846270929	

covarW :
37.75944055944056	36.79365079365079	41.111491628614914	

coef_variationX :
0.6378593231497305	0.5931580815139652	0.6030140429895979	

coef_variationW :
0.2589944199189473	0.256093683344909	0.2635182602766092	

moy_distances_centre :	51.2
min_distances_centre :	12.0
max_distances_centre :	96.0
med_distances_centre :	49.0
ecartType_distances_centre :	20.23154852095003
var_distances_centre :	409.3155555555555
covar_distances_centre :	413.91460674157287
coef_variation_distances_centre :	0.3951474320498053
capacite_X_temoin : 
157.0	172.0	153.0	150.0	177.0	154.0	174.0	162.0	145.0	178.0	
171.0	160.0	175.0	177.0	136.0	150.0	157.0	162.0	178.0	175.0	
157.0	154.0	162.0	153.0	166.0	175.0	154.0	162.0	162.0	142.0	

capacite_W_temoin : 
144.1	148.6	63.9	87.0	136.1	153.2	210.2	137.6	122.5	111.4	
192.3	117.0	101.5	120.1	119.8	166.0	142.1	155.6	157.4	140.5	
155.1	93.19999999999999	66.6	75.9	112.8	182.5	146.2	160.6	117.6	94.6	

demande_cumulee_X : 
60.0	75.0	135.0	108.0	94.0	47.0	16.0	73.0	66.0	120.0	
30.0	91.0	126.0	110.0	57.0	29.0	62.0	55.0	74.0	87.0	
49.0	107.0	144.0	123.0	103.0	45.0	54.0	50.0	93.0	90.0	

demande_cumulee_W : 
129.0	126.0	41.0	82.0	45.0	60.0	93.0	82.0	73.0	63.0	
128.0	112.0	97.0	76.0	88.0	34.0	37.0	93.0	29.0	27.0	
151.0	91.0	57.0	74.0	89.0	31.0	81.0	146.0	45.0	93.0	

capacite_residuelle_X : 
97.0	97.0	18.0	42.0	83.0	107.0	158.0	89.0	79.0	58.0	
141.0	69.0	49.0	67.0	79.0	121.0	95.0	107.0	104.0	88.0	
108.0	47.0	18.0	30.0	63.0	130.0	100.0	112.0	69.0	52.0	

capacite_residuelle_W : 
15.099999999999994	22.599999999999994	22.9	5.0	91.1	93.19999999999999	117.19999999999999	55.599999999999994	49.5	48.400000000000006	
64.30000000000001	5.0	4.5	44.099999999999994	31.799999999999997	132.0	105.1	62.599999999999994	128.4	113.5	
4.099999999999994	2.1999999999999886	9.599999999999994	1.9000000000000057	23.799999999999997	151.5	65.19999999999999	14.599999999999994	72.6	1.5999999999999943	

min_capacite_X : 
145.0	136.0	142.0	

min_capacite_W : 
63.9	101.5	66.6	

max_capacite_X : 
178.0	178.0	175.0	

max_capacite_W : 
210.2	192.3	182.5	

moy_capacite_X : 
162.2	164.1	158.7	

moy_capacite_W : 
131.45999999999998	141.23000000000002	120.50999999999996	

med_capacite_X : 
159.5	166.5	159.5	

med_capacite_W : 
136.85	141.3	115.19999999999999	

ecartType_capacite_X : 
11.52215257666726	13.057181931795236	8.426743143112885	

ecartType_capacite_W : 
37.69499170977492	26.00430925827487	36.997066099895	

var_capacite_X : 
132.76	170.48999999999998	71.01000000000002	

var_capacite_W : 
1420.9123999999997	676.2241000000001	1368.7829	

covar_capacite_X : 
147.5111111111111	189.43333333333337	78.9	

covar_capacite_W : 
1578.7915555555553	751.3601111111112	1520.8698888888887	

##########	##########	##########	##########	##########	##########	##########	##########	##########	##########	##########	##########	##########	##########	##########	##########	##########	##########	##########	##########	##########	##########	##########	##########	##########	##########	##########	##########	##########	##########	##########	##########	##########	##########	##########	##########	##########	##########	##########	##########	##########	##########	##########	##########	##########	##########	##########	##########	##########	##########	##########	##########	##########	##########	##########	##########	##########	##########	##########	##########	##########	##########	##########	##########	##########	##########	##########	##########	##########	##########	##########	##########	##########	##########	##########	##########	##########	##########	##########	##########	##########	##########	##########	##########	##########	##########	##########	##########	##########	##########	##########	##########	##########	##########	##########	##########	##########	##########	##########	##########	nombre de noeuds : 100
nombre de strates : 3
nombre de centres : 10
titre : fenetre
instances : p19_1
temps de calcul : 0.23488402366638184
valeur objective : 206.0
nombre de solutions : 8
nombre de noeuds : 1.0
faisability : True
centre : [19, 95, 13, 93, 5, 86, 44, 41, 51, 54]
moy_distances :	50.07
min_distances :	0.0
max_distances :	130.0
var_distances :	570.6520671768187
covar_distances :	570.7097146227404
ecartType_distances :	23.888324913581084
coef_variation	: 0.4771264740720584
distances_centre_x :
-1.0	14.0	13.0	-1.0	5.0	25.0	12.0	-1.0	10.0	27.0	-1.0	-1.0	13.0	18.0	-1.0	-1.0	-1.0	21.0	-1.0	0.0	9.0	25.0	17.0	-1.0	25.0	25.0	11.0	16.0	-1.0	30.0	-1.0	-1.0	12.0	-1.0	-1.0	11.0	28.0	16.0	11.0	8.0	14.0	0.0	-1.0	-1.0	0.0	5.0	23.0	-1.0	24.0	19.0	9.0	0.0	-1.0	29.0	0.0	7.0	12.0	-1.0	-1.0	-1.0	14.0	33.0	-1.0	33.0	31.0	-1.0	28.0	10.0	13.0	-1.0	-1.0	5.0	15.0	-1.0	17.0	17.0	3.0	10.0	17.0	17.0	-1.0	-1.0	8.0	-1.0	4.0	29.0	-1.0	25.0	29.0	17.0	4.0	9.0	31.0	-1.0	13.0	0.0	-1.0	2.0	18.0	-1.0	
26.0	-1.0	-1.0	-1.0	-1.0	0.0	12.0	13.0	10.0	27.0	15.0	-1.0	-1.0	0.0	-1.0	-1.0	4.0	21.0	17.0	0.0	9.0	-1.0	17.0	17.0	25.0	-1.0	11.0	16.0	27.0	22.0	17.0	25.0	12.0	-1.0	-1.0	-1.0	28.0	-1.0	11.0	8.0	14.0	-1.0	21.0	21.0	-1.0	-1.0	23.0	8.0	-1.0	19.0	9.0	0.0	7.0	-1.0	0.0	-1.0	12.0	17.0	12.0	-1.0	-1.0	16.0	8.0	33.0	-1.0	-1.0	13.0	-1.0	13.0	10.0	-1.0	5.0	15.0	13.0	17.0	-1.0	3.0	10.0	17.0	17.0	8.0	5.0	-1.0	-1.0	4.0	-1.0	-1.0	25.0	17.0	17.0	-1.0	-1.0	22.0	0.0	13.0	-1.0	19.0	-1.0	-1.0	17.0	
26.0	25.0	-1.0	16.0	-1.0	26.0	12.0	13.0	10.0	27.0	15.0	19.0	-1.0	0.0	12.0	17.0	-1.0	21.0	30.0	0.0	9.0	-1.0	17.0	21.0	25.0	30.0	11.0	-1.0	-1.0	32.0	17.0	25.0	12.0	9.0	16.0	11.0	-1.0	-1.0	11.0	-1.0	14.0	19.0	-1.0	-1.0	-1.0	-1.0	24.0	8.0	29.0	19.0	-1.0	0.0	-1.0	25.0	0.0	7.0	12.0	17.0	12.0	13.0	-1.0	16.0	32.0	33.0	31.0	9.0	33.0	10.0	13.0	28.0	7.0	5.0	23.0	26.0	29.0	17.0	3.0	10.0	28.0	-1.0	8.0	5.0	-1.0	15.0	4.0	-1.0	0.0	-1.0	-1.0	31.0	4.0	9.0	-1.0	0.0	13.0	-1.0	-1.0	-1.0	-1.0	17.0	

distances_centre_w :
-1.0	23.0	21.0	-1.0	19.0	25.0	28.0	-1.0	12.0	28.0	-1.0	-1.0	25.0	32.0	-1.0	-1.0	-1.0	34.0	-1.0	18.0	26.0	25.0	32.0	-1.0	27.0	30.0	16.0	20.0	-1.0	32.0	-1.0	-1.0	31.0	-1.0	-1.0	27.0	29.0	29.0	29.0	28.0	16.0	19.0	-1.0	-1.0	25.0	22.0	24.0	-1.0	29.0	31.0	12.0	12.0	-1.0	32.0	4.0	23.0	29.0	-1.0	-1.0	-1.0	30.0	33.0	-1.0	33.0	33.0	-1.0	35.0	20.0	24.0	-1.0	-1.0	21.0	23.0	-1.0	23.0	27.0	27.0	27.0	28.0	24.0	-1.0	-1.0	16.0	-1.0	16.0	30.0	-1.0	27.0	35.0	31.0	23.0	21.0	34.0	-1.0	25.0	4.0	-1.0	2.0	35.0	-1.0	
30.0	-1.0	-1.0	-1.0	-1.0	25.0	28.0	17.0	12.0	28.0	23.0	-1.0	-1.0	32.0	-1.0	-1.0	6.0	34.0	20.0	18.0	26.0	-1.0	20.0	21.0	27.0	-1.0	16.0	20.0	31.0	32.0	25.0	27.0	31.0	-1.0	-1.0	-1.0	29.0	-1.0	29.0	27.0	16.0	-1.0	34.0	30.0	-1.0	-1.0	24.0	20.0	-1.0	31.0	12.0	12.0	31.0	-1.0	4.0	-1.0	29.0	30.0	13.0	-1.0	-1.0	33.0	17.0	33.0	-1.0	-1.0	33.0	-1.0	24.0	28.0	-1.0	21.0	23.0	26.0	23.0	-1.0	27.0	27.0	28.0	24.0	24.0	15.0	-1.0	-1.0	16.0	-1.0	-1.0	27.0	29.0	19.0	-1.0	-1.0	28.0	19.0	25.0	-1.0	33.0	-1.0	-1.0	21.0	
30.0	37.0	-1.0	18.0	-1.0	36.0	28.0	37.0	12.0	36.0	23.0	32.0	-1.0	32.0	36.0	22.0	-1.0	34.0	38.0	18.0	26.0	-1.0	20.0	32.0	27.0	36.0	16.0	-1.0	-1.0	36.0	25.0	35.0	31.0	11.0	34.0	27.0	-1.0	-1.0	29.0	-1.0	29.0	37.0	-1.0	-1.0	-1.0	-1.0	36.0	20.0	36.0	31.0	-1.0	15.0	-1.0	29.0	15.0	23.0	29.0	30.0	26.0	17.0	-1.0	33.0	33.0	33.0	33.0	34.0	35.0	20.0	24.0	37.0	15.0	21.0	38.0	30.0	30.0	27.0	27.0	27.0	38.0	-1.0	24.0	15.0	-1.0	30.0	17.0	-1.0	30.0	-1.0	-1.0	38.0	23.0	30.0	-1.0	19.0	25.0	-1.0	-1.0	-1.0	-1.0	21.0	

maxX :
33.0	33.0	33.0	

maxW :
35.0	34.0	38.0	

minX :
0.0	0.0	0.0	

minW :
2.0	4.0	11.0	

moyX :
15.090909090909092	13.90625	16.068493150684933	

moyW :
24.71212121212121	24.109375	27.863013698630137	

medX :
14.0	13.5	15.0	

medW :
26.5	25.5	29.0	

ecartTypeX :
9.406199233592629	7.811687457745605	9.454039894782804	

ecartTypeW :
7.44833752350788	6.878674444206165	7.334129391503752	

varX :
88.47658402203857	61.0224609375	89.37887033214487	

varW :
55.4777318640955	47.316162109375	53.7894539313192	

covarX :
89.83776223776223	61.99107142857142	90.62024353120243	

covarW :
56.33123543123543	48.0672123015873	54.536529680365305	

coef_variationX :
0.6233023588525236	0.5617393228041784	0.5883588340316663	

coef_variationW :
0.3014042161566647	0.2853111888718047	0.2632209663617374	

moy_distances_centre :	53.13333333333333
min_distances_centre :	4.0
max_distances_centre :	96.0
med_distances_centre :	54.0
ecartType_distances_centre :	22.04802838250068
var_distances_centre :	486.11555555555555
covar_distances_centre :	491.57752808988766
coef_variation_distances_centre :	0.41495661949499396
capacite_X_temoin : 
157.0	172.0	153.0	150.0	177.0	154.0	147.0	174.0	162.0	145.0	
171.0	160.0	175.0	177.0	136.0	150.0	159.0	157.0	162.0	178.0	
157.0	154.0	162.0	153.0	166.0	175.0	171.0	154.0	162.0	162.0	

capacite_W_temoin : 
92.1	146.6	53.9	82.0	128.1	147.2	126.1	192.2	135.6	170.5	
138.3	110.0	85.5	110.1	119.8	166.0	138.7	142.1	155.6	225.4	
165.1	120.19999999999999	50.6	81.9	93.8	163.5	144.3	132.2	128.6	162.6	

demande_cumulee_X : 
112.0	77.0	145.0	113.0	102.0	53.0	65.0	34.0	75.0	18.0	
84.0	98.0	142.0	120.0	57.0	29.0	68.0	62.0	55.0	6.0	
39.0	80.0	160.0	117.0	122.0	64.0	78.0	68.0	82.0	48.0	

demande_cumulee_W : 
92.0	146.0	48.0	82.0	48.0	25.0	34.0	83.0	98.0	138.0	
68.0	101.0	80.0	93.0	119.0	5.0	6.0	39.0	105.0	105.0	
131.0	119.0	46.0	81.0	49.0	130.0	58.0	77.0	98.0	69.0	

capacite_residuelle_X : 
45.0	95.0	8.0	37.0	75.0	101.0	82.0	140.0	87.0	127.0	
87.0	62.0	33.0	57.0	79.0	121.0	91.0	95.0	107.0	172.0	
118.0	74.0	2.0	36.0	44.0	111.0	93.0	86.0	80.0	114.0	

capacite_residuelle_W : 
0.09999999999999432	0.5999999999999943	5.899999999999999	0.0	80.1	122.19999999999999	92.1	109.19999999999999	37.599999999999994	32.5	
70.30000000000001	9.0	5.5	17.099999999999994	0.7999999999999972	161.0	132.7	103.1	50.599999999999994	120.4	
34.099999999999994	1.1999999999999886	4.600000000000001	0.9000000000000057	44.8	33.5	86.30000000000001	55.19999999999999	30.599999999999994	93.6	

min_capacite_X : 
145.0	136.0	153.0	

min_capacite_W : 
53.9	85.5	50.6	

max_capacite_X : 
177.0	178.0	175.0	

max_capacite_W : 
192.2	225.4	165.1	

moy_capacite_X : 
159.1	162.5	161.6	

moy_capacite_W : 
127.42999999999999	139.15	124.27999999999997	

med_capacite_X : 
155.5	161.0	162.0	

med_capacite_W : 
131.85	138.5	130.39999999999998	

ecartType_capacite_X : 
11.0131739294356	12.595634164265013	7.059745037889116	

ecartType_capacite_W : 
39.49207642046692	36.587682353491594	36.504213455435526	

var_capacite_X : 
121.29	158.65	49.84	

var_capacite_W : 
1559.6240999999998	1338.6585000000002	1332.5576	

covar_capacite_X : 
134.76666666666668	176.27777777777777	55.37777777777779	

covar_capacite_W : 
1732.915666666666	1487.3983333333335	1480.6195555555553	

##########	##########	##########	##########	##########	##########	##########	##########	##########	##########	##########	##########	##########	##########	##########	##########	##########	##########	##########	##########	##########	##########	##########	##########	##########	##########	##########	##########	##########	##########	##########	##########	##########	##########	##########	##########	##########	##########	##########	##########	##########	##########	##########	##########	##########	##########	##########	##########	##########	##########	##########	##########	##########	##########	##########	##########	##########	##########	##########	##########	##########	##########	##########	##########	##########	##########	##########	##########	##########	##########	##########	##########	##########	##########	##########	##########	##########	##########	##########	##########	##########	##########	##########	##########	##########	##########	##########	##########	##########	##########	##########	##########	##########	##########	##########	##########	##########	##########	##########	##########	nombre de noeuds : 100
nombre de strates : 3
nombre de centres : 10
titre : fenetre
instances : p19_1
temps de calcul : 0.15127182006835938
valeur objective : 299.0
nombre de solutions : 5
nombre de noeuds : 1.0
faisability : True
centre : [95, 13, 93, 5, 86, 44, 41, 51, 54, 26]
moy_distances :	50.07
min_distances :	0.0
max_distances :	130.0
var_distances :	570.6520671768187
covar_distances :	570.7097146227404
ecartType_distances :	23.888324913581084
coef_variation	: 0.4771264740720584
distances_centre_x :
-1.0	14.0	13.0	-1.0	19.0	0.0	28.0	-1.0	6.0	27.0	-1.0	-1.0	25.0	0.0	-1.0	-1.0	-1.0	34.0	-1.0	18.0	9.0	25.0	17.0	-1.0	27.0	7.0	0.0	16.0	-1.0	32.0	-1.0	-1.0	12.0	-1.0	-1.0	11.0	28.0	14.0	11.0	28.0	14.0	0.0	-1.0	-1.0	0.0	5.0	24.0	-1.0	8.0	31.0	9.0	0.0	-1.0	29.0	0.0	23.0	29.0	-1.0	-1.0	-1.0	30.0	16.0	-1.0	33.0	31.0	-1.0	13.0	10.0	13.0	-1.0	-1.0	5.0	15.0	-1.0	17.0	17.0	3.0	10.0	17.0	17.0	-1.0	-1.0	8.0	-1.0	4.0	27.0	-1.0	27.0	29.0	31.0	23.0	9.0	22.0	-1.0	13.0	0.0	-1.0	2.0	18.0	-1.0	
26.0	-1.0	-1.0	-1.0	-1.0	0.0	28.0	17.0	6.0	27.0	23.0	-1.0	-1.0	0.0	-1.0	-1.0	4.0	34.0	30.0	18.0	9.0	-1.0	17.0	10.0	27.0	-1.0	0.0	16.0	27.0	32.0	17.0	29.0	12.0	-1.0	-1.0	-1.0	28.0	-1.0	11.0	28.0	14.0	-1.0	21.0	30.0	-1.0	-1.0	24.0	8.0	-1.0	31.0	9.0	0.0	7.0	-1.0	0.0	-1.0	12.0	30.0	12.0	-1.0	-1.0	16.0	8.0	33.0	-1.0	-1.0	13.0	-1.0	13.0	10.0	-1.0	5.0	15.0	13.0	17.0	-1.0	3.0	10.0	17.0	17.0	24.0	5.0	-1.0	-1.0	4.0	-1.0	-1.0	27.0	17.0	31.0	-1.0	-1.0	22.0	0.0	13.0	-1.0	19.0	-1.0	-1.0	17.0	
26.0	23.0	-1.0	16.0	-1.0	25.0	28.0	37.0	6.0	27.0	23.0	19.0	-1.0	32.0	36.0	17.0	-1.0	34.0	30.0	18.0	9.0	-1.0	17.0	10.0	27.0	7.0	0.0	-1.0	-1.0	32.0	17.0	29.0	12.0	9.0	39.0	11.0	-1.0	-1.0	11.0	-1.0	14.0	19.0	-1.0	-1.0	-1.0	-1.0	24.0	8.0	8.0	31.0	-1.0	0.0	-1.0	29.0	0.0	23.0	29.0	30.0	12.0	13.0	-1.0	33.0	32.0	33.0	31.0	34.0	13.0	10.0	13.0	26.0	15.0	5.0	15.0	26.0	17.0	17.0	3.0	10.0	17.0	-1.0	39.0	5.0	-1.0	15.0	4.0	-1.0	0.0	-1.0	-1.0	31.0	23.0	9.0	-1.0	0.0	13.0	-1.0	-1.0	-1.0	-1.0	17.0	

distances_centre_w :
-1.0	23.0	21.0	-1.0	59.0	25.0	47.0	-1.0	10.0	44.0	-1.0	-1.0	52.0	32.0	-1.0	-1.0	-1.0	58.0	-1.0	47.0	26.0	36.0	20.0	-1.0	59.0	19.0	11.0	20.0	-1.0	43.0	-1.0	-1.0	20.0	-1.0	-1.0	22.0	29.0	16.0	28.0	59.0	16.0	16.0	-1.0	-1.0	49.0	22.0	36.0	-1.0	17.0	55.0	12.0	12.0	-1.0	32.0	4.0	48.0	29.0	-1.0	-1.0	-1.0	53.0	33.0	-1.0	64.0	47.0	-1.0	33.0	20.0	24.0	-1.0	-1.0	21.0	23.0	-1.0	23.0	57.0	27.0	27.0	28.0	24.0	-1.0	-1.0	16.0	-1.0	16.0	29.0	-1.0	59.0	57.0	61.0	51.0	21.0	28.0	-1.0	25.0	4.0	-1.0	2.0	18.0	-1.0	
57.0	-1.0	-1.0	-1.0	-1.0	25.0	47.0	59.0	10.0	44.0	55.0	-1.0	-1.0	32.0	-1.0	-1.0	6.0	55.0	61.0	47.0	26.0	-1.0	41.0	17.0	59.0	-1.0	11.0	20.0	31.0	53.0	47.0	61.0	20.0	-1.0	-1.0	-1.0	29.0	-1.0	28.0	59.0	16.0	-1.0	34.0	60.0	-1.0	-1.0	39.0	20.0	-1.0	55.0	12.0	12.0	26.0	-1.0	4.0	-1.0	29.0	35.0	13.0	-1.0	-1.0	33.0	17.0	64.0	-1.0	-1.0	33.0	-1.0	24.0	26.0	-1.0	21.0	38.0	26.0	30.0	-1.0	27.0	27.0	38.0	24.0	39.0	15.0	-1.0	-1.0	16.0	-1.0	-1.0	59.0	29.0	64.0	-1.0	-1.0	28.0	11.0	25.0	-1.0	37.0	-1.0	-1.0	21.0	
57.0	37.0	-1.0	18.0	-1.0	26.0	54.0	64.0	10.0	40.0	55.0	21.0	-1.0	53.0	63.0	19.0	-1.0	58.0	38.0	62.0	35.0	-1.0	20.0	42.0	59.0	19.0	11.0	-1.0	-1.0	50.0	47.0	61.0	20.0	11.0	45.0	22.0	-1.0	-1.0	28.0	-1.0	16.0	37.0	-1.0	-1.0	-1.0	-1.0	46.0	20.0	17.0	59.0	-1.0	15.0	-1.0	32.0	4.0	56.0	29.0	35.0	26.0	17.0	-1.0	60.0	33.0	64.0	33.0	58.0	42.0	59.0	47.0	37.0	47.0	21.0	48.0	61.0	23.0	57.0	27.0	27.0	40.0	-1.0	54.0	15.0	-1.0	39.0	17.0	-1.0	32.0	-1.0	-1.0	64.0	63.0	56.0	-1.0	11.0	25.0	-1.0	-1.0	-1.0	-1.0	21.0	

maxX :
34.0	34.0	39.0	

maxW :
64.0	64.0	64.0	

minX :
0.0	0.0	0.0	

minW :
2.0	4.0	4.0	

moyX :
15.954545454545455	16.296875	18.80821917808219	

moyW :
31.28787878787879	33.234375	37.465753424657535	

medX :
15.5	16.5	17.0	

medW :
27.0	29.0	37.0	

ecartTypeX :
10.288905201620524	9.849936052298766	10.77243760237981	

ecartTypeW :
16.401926301796085	16.531921949954125	17.35691579175904	

varX :
105.86157024793388	97.021240234375	116.04541189716646	

varW :
269.02318640955014	273.304443359375	301.26252580221427	

covarX :
107.49020979020979	98.56125992063491	117.65715372907152	

covarW :
273.16200466200473	277.6426091269841	305.44672754946725	

coef_variationX :
0.6448886451158163	0.6044064308217842	0.5727515986698661	

coef_variationW :
0.5242262159411823	0.4974344169238665	0.46327416921331255	

moy_distances_centre :	53.266666666666666
min_distances_centre :	4.0
max_distances_centre :	96.0
med_distances_centre :	53.0
ecartType_distances_centre :	24.33232874638641
var_distances_centre :	592.0622222222223
covar_distances_centre :	598.7146067415731
coef_variation_distances_centre :	0.45680216670312407
capacite_X_temoin : 
157.0	172.0	172.0	150.0	177.0	154.0	147.0	174.0	162.0	145.0	
171.0	160.0	135.0	177.0	136.0	150.0	159.0	157.0	162.0	178.0	
157.0	154.0	168.0	153.0	166.0	175.0	171.0	154.0	162.0	162.0	

capacite_W_temoin : 
70.1	52.6	207.6	54.0	136.1	153.2	121.1	171.2	145.6	187.5	
115.3	48.0	154.5	110.1	119.8	166.0	138.7	104.1	157.6	225.4	
121.1	67.19999999999999	182.4	45.9	112.8	187.5	142.3	80.19999999999999	133.6	177.6	

demande_cumulee_X : 
134.0	171.0	16.0	141.0	94.0	47.0	70.0	55.0	65.0	1.0	
107.0	160.0	21.0	120.0	57.0	29.0	68.0	100.0	53.0	6.0	
83.0	133.0	36.0	153.0	103.0	40.0	80.0	120.0	77.0	33.0	

demande_cumulee_W : 
65.0	11.0	106.0	38.0	106.0	20.0	70.0	135.0	127.0	116.0	
58.0	31.0	118.0	105.0	64.0	19.0	13.0	102.0	52.0	159.0	
117.0	32.0	150.0	29.0	106.0	164.0	93.0	61.0	75.0	31.0	

capacite_residuelle_X : 
23.0	1.0	156.0	9.0	83.0	107.0	77.0	119.0	97.0	144.0	
64.0	0.0	114.0	57.0	79.0	121.0	91.0	57.0	109.0	172.0	
74.0	21.0	132.0	0.0	63.0	135.0	91.0	34.0	85.0	129.0	

capacite_residuelle_W : 
5.099999999999994	41.6	101.6	16.0	30.099999999999994	133.2	51.099999999999994	36.19999999999999	18.599999999999994	71.5	
57.3	17.0	36.5	5.099999999999994	55.8	147.0	125.69999999999999	2.0999999999999943	105.6	66.4	
4.099999999999994	35.19999999999999	32.400000000000006	16.9	6.799999999999997	23.5	49.30000000000001	19.19999999999999	58.599999999999994	146.6	

min_capacite_X : 
145.0	135.0	153.0	

min_capacite_W : 
52.6	48.0	45.9	

max_capacite_X : 
177.0	178.0	175.0	

max_capacite_W : 
207.6	225.4	187.5	

moy_capacite_X : 
161.0	158.5	162.2	

moy_capacite_W : 
129.89999999999998	133.95	125.05999999999999	

med_capacite_X : 
159.5	159.5	162.0	

med_capacite_W : 
140.85	129.25	127.35	

ecartType_capacite_X : 
11.428035701729321	14.23551895787435	7.318469785412794	

ecartType_capacite_W : 
52.228478821424616	44.48571118909982	47.02097829692615	

var_capacite_X : 
130.6	202.65	53.55999999999999	

var_capacite_W : 
2727.814	1978.9785000000004	2210.9724000000006	

covar_capacite_X : 
145.11111111111111	225.16666666666666	59.5111111111111	

covar_capacite_W : 
3030.904444444444	2198.8650000000002	2456.636	

##########	##########	##########	##########	##########	##########	##########	##########	##########	##########	##########	##########	##########	##########	##########	##########	##########	##########	##########	##########	##########	##########	##########	##########	##########	##########	##########	##########	##########	##########	##########	##########	##########	##########	##########	##########	##########	##########	##########	##########	##########	##########	##########	##########	##########	##########	##########	##########	##########	##########	##########	##########	##########	##########	##########	##########	##########	##########	##########	##########	##########	##########	##########	##########	##########	##########	##########	##########	##########	##########	##########	##########	##########	##########	##########	##########	##########	##########	##########	##########	##########	##########	##########	##########	##########	##########	##########	##########	##########	##########	##########	##########	##########	##########	##########	##########	##########	##########	##########	##########	nombre de noeuds : 100
nombre de strates : 3
nombre de centres : 10
titre : fenetre
instances : p19_1
temps de calcul : 0.13915395736694336
valeur objective : 299.0
nombre de solutions : 3
nombre de noeuds : 1.0
faisability : True
centre : [13, 93, 5, 86, 44, 41, 51, 54, 26, 91]
moy_distances :	50.07
min_distances :	0.0
max_distances :	130.0
var_distances :	570.6520671768187
covar_distances :	570.7097146227404
ecartType_distances :	23.888324913581084
coef_variation	: 0.4771264740720584
distances_centre_x :
-1.0	14.0	13.0	-1.0	19.0	0.0	28.0	-1.0	6.0	27.0	-1.0	-1.0	25.0	0.0	-1.0	-1.0	-1.0	34.0	-1.0	18.0	9.0	25.0	19.0	-1.0	27.0	7.0	11.0	16.0	-1.0	32.0	-1.0	-1.0	12.0	-1.0	-1.0	11.0	28.0	14.0	11.0	28.0	14.0	0.0	-1.0	-1.0	0.0	23.0	24.0	-1.0	8.0	31.0	9.0	0.0	-1.0	29.0	0.0	23.0	12.0	-1.0	-1.0	-1.0	30.0	33.0	-1.0	33.0	31.0	-1.0	13.0	3.0	24.0	-1.0	-1.0	5.0	15.0	-1.0	17.0	17.0	3.0	10.0	17.0	24.0	-1.0	-1.0	8.0	-1.0	4.0	27.0	-1.0	27.0	17.0	31.0	23.0	0.0	34.0	-1.0	13.0	12.0	-1.0	2.0	18.0	-1.0	
26.0	-1.0	-1.0	-1.0	-1.0	0.0	28.0	17.0	6.0	27.0	23.0	-1.0	-1.0	0.0	-1.0	-1.0	6.0	34.0	30.0	18.0	9.0	-1.0	17.0	10.0	27.0	-1.0	0.0	16.0	27.0	32.0	17.0	27.0	12.0	-1.0	-1.0	-1.0	28.0	-1.0	11.0	28.0	14.0	-1.0	21.0	30.0	-1.0	-1.0	24.0	8.0	-1.0	31.0	9.0	0.0	7.0	-1.0	0.0	-1.0	12.0	30.0	12.0	-1.0	-1.0	33.0	8.0	33.0	-1.0	-1.0	13.0	-1.0	13.0	10.0	-1.0	5.0	15.0	13.0	17.0	-1.0	3.0	10.0	17.0	17.0	24.0	5.0	-1.0	-1.0	4.0	-1.0	-1.0	27.0	17.0	31.0	-1.0	-1.0	22.0	0.0	13.0	-1.0	19.0	-1.0	-1.0	14.0	
26.0	14.0	-1.0	15.0	-1.0	0.0	28.0	37.0	6.0	27.0	23.0	19.0	-1.0	32.0	36.0	19.0	-1.0	34.0	34.0	18.0	9.0	-1.0	17.0	10.0	27.0	7.0	0.0	-1.0	-1.0	32.0	17.0	34.0	12.0	9.0	34.0	11.0	-1.0	-1.0	29.0	-1.0	14.0	16.0	-1.0	-1.0	-1.0	-1.0	24.0	8.0	8.0	31.0	-1.0	0.0	-1.0	29.0	0.0	23.0	12.0	30.0	12.0	7.0	-1.0	33.0	8.0	33.0	31.0	34.0	28.0	3.0	13.0	28.0	15.0	5.0	15.0	13.0	17.0	17.0	3.0	10.0	17.0	-1.0	24.0	5.0	-1.0	39.0	4.0	-1.0	0.0	-1.0	-1.0	31.0	23.0	0.0	-1.0	0.0	13.0	-1.0	-1.0	-1.0	-1.0	14.0	

distances_centre_w :
-1.0	23.0	53.0	-1.0	59.0	25.0	47.0	-1.0	52.0	51.0	-1.0	-1.0	52.0	32.0	-1.0	-1.0	-1.0	55.0	-1.0	57.0	9.0	36.0	32.0	-1.0	59.0	19.0	16.0	29.0	-1.0	53.0	-1.0	-1.0	20.0	-1.0	-1.0	22.0	29.0	16.0	28.0	44.0	20.0	16.0	-1.0	-1.0	9.0	51.0	36.0	-1.0	17.0	55.0	23.0	15.0	-1.0	32.0	15.0	61.0	29.0	-1.0	-1.0	-1.0	60.0	51.0	-1.0	64.0	33.0	-1.0	28.0	20.0	50.0	-1.0	-1.0	13.0	22.0	-1.0	23.0	26.0	18.0	19.0	27.0	52.0	-1.0	-1.0	16.0	-1.0	17.0	29.0	-1.0	59.0	29.0	38.0	44.0	9.0	37.0	-1.0	25.0	25.0	-1.0	12.0	26.0	-1.0	
57.0	-1.0	-1.0	-1.0	-1.0	49.0	54.0	42.0	10.0	28.0	55.0	-1.0	-1.0	45.0	-1.0	-1.0	8.0	55.0	34.0	47.0	9.0	-1.0	19.0	21.0	59.0	-1.0	11.0	29.0	27.0	43.0	47.0	29.0	20.0	-1.0	-1.0	-1.0	29.0	-1.0	28.0	59.0	20.0	-1.0	28.0	63.0	-1.0	-1.0	36.0	10.0	-1.0	59.0	23.0	15.0	22.0	-1.0	15.0	-1.0	29.0	35.0	15.0	-1.0	-1.0	60.0	17.0	64.0	-1.0	-1.0	62.0	-1.0	24.0	26.0	-1.0	13.0	22.0	26.0	23.0	-1.0	18.0	19.0	63.0	43.0	39.0	15.0	-1.0	-1.0	17.0	-1.0	-1.0	59.0	48.0	41.0	-1.0	-1.0	28.0	11.0	25.0	-1.0	58.0	-1.0	-1.0	17.0	
57.0	23.0	-1.0	16.0	-1.0	26.0	54.0	60.0	40.0	40.0	58.0	32.0	-1.0	53.0	42.0	21.0	-1.0	55.0	40.0	62.0	9.0	-1.0	19.0	21.0	59.0	19.0	11.0	-1.0	-1.0	53.0	62.0	35.0	20.0	11.0	51.0	22.0	-1.0	-1.0	61.0	-1.0	20.0	19.0	-1.0	-1.0	-1.0	-1.0	36.0	46.0	17.0	55.0	-1.0	15.0	-1.0	32.0	15.0	48.0	29.0	35.0	15.0	13.0	-1.0	51.0	17.0	64.0	48.0	58.0	28.0	10.0	24.0	54.0	47.0	21.0	35.0	26.0	23.0	26.0	27.0	19.0	28.0	-1.0	49.0	15.0	-1.0	56.0	17.0	-1.0	21.0	-1.0	-1.0	50.0	55.0	9.0	-1.0	11.0	25.0	-1.0	-1.0	-1.0	-1.0	17.0	

maxX :
34.0	34.0	39.0	

maxW :
64.0	64.0	64.0	

minX :
0.0	0.0	0.0	

minW :
9.0	8.0	9.0	

moyX :
16.636363636363637	16.515625	17.89041095890411	

moyW :
32.86363636363637	33.15625	33.67123287671233	

medX :
16.5	16.5	17.0	

medW :
29.0	28.0	28.0	

ecartTypeX :
10.40051916483363	9.998425168964111	11.322860430309273	

ecartTypeW :
15.904912871296283	17.10739857305897	17.002058533319605	

varX :
108.17079889807162	99.968505859375	128.20716832426348	

varW :
252.96625344352617	292.6630859375	289.069994370426	

covarX :
109.83496503496505	101.55530753968253	129.9878234398782	

covarW :
256.858041958042	297.30853174603175	293.0848554033484	

coef_variationX :
0.6251678186512019	0.6053918739959349	0.6329010807140711	

coef_variationW :
0.4839669200117817	0.5159630106860387	0.5049431541628686	

moy_distances_centre :	55.13333333333333
min_distances_centre :	9.0
max_distances_centre :	96.0
med_distances_centre :	55.0
ecartType_distances_centre :	24.55795865566463
var_distances_centre :	603.0933333333334
covar_distances_centre :	609.8696629213482
coef_variation_distances_centre :	0.4454285124969401
capacite_X_temoin : 
157.0	172.0	172.0	150.0	177.0	154.0	147.0	174.0	178.0	162.0	
171.0	160.0	135.0	177.0	136.0	150.0	159.0	157.0	160.0	162.0	
157.0	154.0	168.0	153.0	166.0	175.0	171.0	154.0	135.0	162.0	

capacite_W_temoin : 
94.1	58.6	209.6	68.0	155.1	152.2	88.1	165.2	209.4	141.6	
116.3	56.0	154.5	110.1	119.8	166.0	132.7	105.1	198.0	157.6	
75.1	46.199999999999996	179.4	78.9	143.8	187.5	159.3	100.19999999999999	109.5	135.6	

demande_cumulee_X : 
110.0	165.0	14.0	127.0	75.0	48.0	103.0	61.0	22.0	69.0	
106.0	152.0	21.0	120.0	57.0	29.0	74.0	99.0	10.0	53.0	
129.0	154.0	39.0	120.0	72.0	40.0	63.0	100.0	66.0	75.0	

demande_cumulee_W : 
90.0	11.0	135.0	59.0	39.0	51.0	79.0	92.0	131.0	107.0	
79.0	11.0	98.0	109.0	53.0	29.0	29.0	94.0	145.0	74.0	
59.0	31.0	144.0	48.0	115.0	45.0	131.0	86.0	103.0	96.0	

capacite_residuelle_X : 
47.0	7.0	158.0	23.0	102.0	106.0	44.0	113.0	156.0	93.0	
65.0	8.0	114.0	57.0	79.0	121.0	85.0	58.0	150.0	109.0	
28.0	0.0	129.0	33.0	94.0	135.0	108.0	54.0	69.0	87.0	

capacite_residuelle_W : 
4.099999999999994	47.6	74.6	9.0	116.1	101.19999999999999	9.099999999999994	73.19999999999999	78.4	34.599999999999994	
37.3	45.0	56.5	1.0999999999999943	66.8	137.0	103.69999999999999	11.099999999999994	53.0	83.6	
16.099999999999994	15.199999999999996	35.400000000000006	30.900000000000006	28.80000000000001	142.5	28.30000000000001	14.199999999999989	6.5	39.599999999999994	

min_capacite_X : 
147.0	135.0	135.0	

min_capacite_W : 
58.6	56.0	46.199999999999996	

max_capacite_X : 
178.0	177.0	175.0	

max_capacite_W : 
209.6	198.0	187.5	

moy_capacite_X : 
164.3	156.7	159.5	

moy_capacite_W : 
134.19	131.60999999999999	121.55	

med_capacite_X : 
167.0	159.5	159.5	

med_capacite_W : 
146.89999999999998	126.25	122.55	

ecartType_capacite_X : 
11.090987332063813	12.712592182556634	10.965856099730654	

ecartType_capacite_W : 
51.911259857568474	37.47949972985232	44.798242153013106	

var_capacite_X : 
123.00999999999999	161.61	120.25	

var_capacite_W : 
2694.7789000000002	1404.7129	2006.8825000000002	

covar_capacite_X : 
136.67777777777775	179.56666666666666	133.61111111111111	

covar_capacite_W : 
2994.198777777778	1560.7921111111111	2229.8694444444445	

##########	##########	##########	##########	##########	##########	##########	##########	##########	##########	##########	##########	##########	##########	##########	##########	##########	##########	##########	##########	##########	##########	##########	##########	##########	##########	##########	##########	##########	##########	##########	##########	##########	##########	##########	##########	##########	##########	##########	##########	##########	##########	##########	##########	##########	##########	##########	##########	##########	##########	##########	##########	##########	##########	##########	##########	##########	##########	##########	##########	##########	##########	##########	##########	##########	##########	##########	##########	##########	##########	##########	##########	##########	##########	##########	##########	##########	##########	##########	##########	##########	##########	##########	##########	##########	##########	##########	##########	##########	##########	##########	##########	##########	##########	##########	##########	##########	##########	##########	##########	nombre de noeuds : 100
nombre de strates : 3
nombre de centres : 10
titre : fenetre
instances : p19_1
temps de calcul : 0.11770892143249512
valeur objective : 387.0
nombre de solutions : 3
nombre de noeuds : 1.0
faisability : True
centre : [93, 5, 86, 44, 41, 51, 54, 26, 91, 9]
moy_distances :	50.07
min_distances :	0.0
max_distances :	130.0
var_distances :	570.6520671768187
covar_distances :	570.7097146227404
ecartType_distances :	23.888324913581084
coef_variation	: 0.4771264740720584
distances_centre_x :
-1.0	14.0	13.0	-1.0	50.0	0.0	39.0	-1.0	6.0	0.0	-1.0	-1.0	46.0	32.0	-1.0	-1.0	-1.0	55.0	-1.0	54.0	9.0	9.0	17.0	-1.0	57.0	7.0	11.0	16.0	-1.0	11.0	-1.0	-1.0	12.0	-1.0	-1.0	11.0	28.0	14.0	11.0	28.0	14.0	0.0	-1.0	-1.0	0.0	5.0	19.0	-1.0	8.0	48.0	9.0	0.0	-1.0	48.0	0.0	36.0	12.0	-1.0	-1.0	-1.0	60.0	33.0	-1.0	64.0	8.0	-1.0	13.0	3.0	13.0	-1.0	-1.0	5.0	15.0	-1.0	17.0	17.0	3.0	10.0	16.0	24.0	-1.0	-1.0	8.0	-1.0	4.0	45.0	-1.0	57.0	29.0	25.0	53.0	0.0	9.0	-1.0	13.0	12.0	-1.0	2.0	18.0	-1.0	
57.0	-1.0	-1.0	-1.0	-1.0	0.0	39.0	42.0	6.0	0.0	46.0	-1.0	-1.0	32.0	-1.0	-1.0	6.0	49.0	26.0	47.0	9.0	-1.0	17.0	10.0	57.0	-1.0	0.0	16.0	27.0	11.0	47.0	17.0	12.0	-1.0	-1.0	-1.0	28.0	-1.0	11.0	52.0	14.0	-1.0	21.0	52.0	-1.0	-1.0	19.0	8.0	-1.0	48.0	9.0	0.0	7.0	-1.0	0.0	-1.0	12.0	45.0	12.0	-1.0	-1.0	33.0	8.0	64.0	-1.0	-1.0	13.0	-1.0	13.0	10.0	-1.0	5.0	15.0	13.0	17.0	-1.0	3.0	10.0	17.0	24.0	39.0	5.0	-1.0	-1.0	4.0	-1.0	-1.0	57.0	29.0	25.0	-1.0	-1.0	9.0	0.0	13.0	-1.0	33.0	-1.0	-1.0	14.0	
57.0	14.0	-1.0	15.0	-1.0	0.0	39.0	24.0	6.0	40.0	46.0	19.0	-1.0	32.0	27.0	44.0	-1.0	49.0	34.0	54.0	9.0	-1.0	17.0	10.0	57.0	7.0	0.0	-1.0	-1.0	11.0	47.0	17.0	12.0	9.0	35.0	11.0	-1.0	-1.0	11.0	-1.0	14.0	0.0	-1.0	-1.0	-1.0	-1.0	19.0	8.0	8.0	48.0	-1.0	0.0	-1.0	9.0	0.0	36.0	12.0	24.0	12.0	7.0	-1.0	33.0	8.0	64.0	47.0	34.0	28.0	3.0	13.0	10.0	39.0	21.0	15.0	13.0	17.0	17.0	3.0	10.0	27.0	-1.0	23.0	15.0	-1.0	56.0	4.0	-1.0	0.0	-1.0	-1.0	25.0	51.0	0.0	-1.0	0.0	13.0	-1.0	-1.0	-1.0	-1.0	14.0	

distances_centre_w :
-1.0	23.0	21.0	-1.0	50.0	25.0	59.0	-1.0	10.0	27.0	-1.0	-1.0	50.0	63.0	-1.0	-1.0	-1.0	58.0	-1.0	54.0	9.0	41.0	25.0	-1.0	59.0	19.0	16.0	32.0	-1.0	53.0	-1.0	-1.0	20.0	-1.0	-1.0	22.0	37.0	16.0	45.0	44.0	20.0	16.0	-1.0	-1.0	25.0	27.0	24.0	-1.0	17.0	55.0	23.0	15.0	-1.0	52.0	15.0	54.0	17.0	-1.0	-1.0	-1.0	65.0	51.0	-1.0	65.0	48.0	-1.0	41.0	20.0	24.0	-1.0	-1.0	13.0	23.0	-1.0	23.0	26.0	18.0	19.0	17.0	43.0	-1.0	-1.0	16.0	-1.0	17.0	46.0	-1.0	59.0	48.0	31.0	57.0	9.0	22.0	-1.0	28.0	43.0	-1.0	12.0	26.0	-1.0	
61.0	-1.0	-1.0	-1.0	-1.0	27.0	47.0	64.0	10.0	27.0	55.0	-1.0	-1.0	41.0	-1.0	-1.0	8.0	55.0	30.0	47.0	59.0	-1.0	19.0	21.0	59.0	-1.0	11.0	29.0	31.0	40.0	62.0	61.0	20.0	-1.0	-1.0	-1.0	29.0	-1.0	41.0	59.0	20.0	-1.0	28.0	60.0	-1.0	-1.0	24.0	10.0	-1.0	55.0	23.0	15.0	22.0	-1.0	15.0	-1.0	29.0	59.0	15.0	-1.0	-1.0	51.0	17.0	65.0	-1.0	-1.0	28.0	-1.0	24.0	26.0	-1.0	13.0	23.0	21.0	23.0	-1.0	18.0	19.0	27.0	43.0	49.0	15.0	-1.0	-1.0	17.0	-1.0	-1.0	59.0	48.0	31.0	-1.0	-1.0	22.0	11.0	54.0	-1.0	43.0	-1.0	-1.0	17.0	
61.0	23.0	-1.0	16.0	-1.0	25.0	47.0	37.0	10.0	44.0	58.0	32.0	-1.0	41.0	36.0	61.0	-1.0	58.0	64.0	54.0	59.0	-1.0	19.0	17.0	59.0	19.0	11.0	-1.0	-1.0	32.0	55.0	29.0	20.0	11.0	39.0	22.0	-1.0	-1.0	62.0	-1.0	20.0	16.0	-1.0	-1.0	-1.0	-1.0	24.0	10.0	17.0	55.0	-1.0	15.0	-1.0	29.0	15.0	48.0	45.0	30.0	15.0	13.0	-1.0	51.0	17.0	65.0	47.0	64.0	28.0	10.0	24.0	41.0	47.0	44.0	48.0	21.0	23.0	26.0	18.0	27.0	28.0	-1.0	39.0	15.0	-1.0	65.0	17.0	-1.0	30.0	-1.0	-1.0	31.0	53.0	9.0	-1.0	11.0	28.0	-1.0	-1.0	-1.0	-1.0	17.0	

maxX :
64.0	64.0	64.0	

maxW :
65.0	65.0	65.0	

minX :
0.0	0.0	0.0	

minW :
9.0	8.0	9.0	

moyX :
20.075757575757574	21.625	21.273972602739725	

moyW :
32.54545454545455	33.625	33.10958904109589	

medX :
13.0	14.5	15.0	

medW :
25.5	28.0	29.0	

ecartTypeX :
18.002786489756968	17.62145354390494	17.084207458714616	

ecartTypeW :
16.62161956352631	17.35610483374654	17.27819248207263	

varX :
324.10032139577595	310.515625	291.8701444924001	

varW :
276.27823691460054	301.234375	298.5359354475511	

covarX :
329.08648018648023	315.4444444444444	295.9238964992389	

covarW :
280.52867132867135	306.015873015873	302.68226788432264	

coef_variationX :
0.8967425723199698	0.8148649037643904	0.803056757557094	

coef_variationW :
0.5107201541865626	0.5161666865054733	0.5218485937903609	

moy_distances_centre :	50.733333333333334
min_distances_centre :	9.0
max_distances_centre :	96.0
med_distances_centre :	48.0
ecartType_distances_centre :	23.985551206229694
var_distances_centre :	575.3066666666667
covar_distances_centre :	581.7707865168538
coef_variation_distances_centre :	0.47277696201503994
capacite_X_temoin : 
157.0	154.0	172.0	150.0	177.0	154.0	147.0	174.0	178.0	162.0	
171.0	150.0	135.0	177.0	136.0	150.0	159.0	157.0	160.0	162.0	
157.0	166.0	168.0	153.0	166.0	175.0	171.0	154.0	135.0	162.0	

capacite_W_temoin : 
111.1	63.199999999999996	198.6	71.0	155.1	141.2	121.1	134.2	184.4	138.6	
155.3	55.0	143.5	104.1	98.8	166.0	132.7	92.1	198.0	157.6	
137.1	51.8	196.4	90.9	135.8	171.5	159.3	93.19999999999999	69.5	125.6	

demande_cumulee_X : 
93.0	137.0	25.0	124.0	75.0	59.0	70.0	92.0	47.0	72.0	
67.0	140.0	32.0	126.0	78.0	29.0	74.0	112.0	10.0	53.0	
67.0	164.0	22.0	108.0	80.0	56.0	63.0	107.0	106.0	85.0	

demande_cumulee_W : 
105.0	48.0	146.0	59.0	91.0	49.0	83.0	46.0	144.0	23.0	
92.0	51.0	46.0	81.0	47.0	60.0	65.0	92.0	146.0	41.0	
124.0	42.0	137.0	83.0	121.0	46.0	100.0	86.0	64.0	55.0	

capacite_residuelle_X : 
64.0	17.0	147.0	26.0	102.0	95.0	77.0	82.0	131.0	90.0	
104.0	10.0	103.0	51.0	58.0	121.0	85.0	45.0	150.0	109.0	
90.0	2.0	146.0	45.0	86.0	119.0	108.0	47.0	29.0	77.0	

capacite_residuelle_W : 
6.099999999999994	15.199999999999996	52.599999999999994	12.0	64.1	92.19999999999999	38.099999999999994	88.19999999999999	40.400000000000006	115.6	
63.30000000000001	4.0	97.5	23.099999999999994	51.8	106.0	67.69999999999999	0.09999999999999432	52.0	116.6	
13.099999999999994	9.799999999999997	59.400000000000006	7.900000000000006	14.800000000000011	125.5	59.30000000000001	7.199999999999989	5.5	70.6	

min_capacite_X : 
147.0	135.0	135.0	

min_capacite_W : 
63.199999999999996	55.0	51.8	

max_capacite_X : 
178.0	177.0	175.0	

max_capacite_W : 
198.6	198.0	196.4	

moy_capacite_X : 
162.5	155.7	160.7	

moy_capacite_W : 
131.84999999999997	130.31	123.10999999999999	

med_capacite_X : 
159.5	158.0	164.0	

med_capacite_W : 
136.39999999999998	138.1	130.7	

ecartType_capacite_X : 
11.155716023635597	12.806638903318856	10.954907576059233	

ecartType_capacite_W : 
41.05825739117529	40.26920535595407	43.905499655510134	

var_capacite_X : 
124.45	164.01	120.00999999999999	

var_capacite_W : 
1685.7805	1621.6089	1927.6929000000005	

covar_capacite_X : 
138.27777777777777	182.23333333333332	133.34444444444443	

covar_capacite_W : 
1873.0894444444443	1801.7876666666666	2141.8810000000003	

##########	##########	##########	##########	##########	##########	##########	##########	##########	##########	##########	##########	##########	##########	##########	##########	##########	##########	##########	##########	##########	##########	##########	##########	##########	##########	##########	##########	##########	##########	##########	##########	##########	##########	##########	##########	##########	##########	##########	##########	##########	##########	##########	##########	##########	##########	##########	##########	##########	##########	##########	##########	##########	##########	##########	##########	##########	##########	##########	##########	##########	##########	##########	##########	##########	##########	##########	##########	##########	##########	##########	##########	##########	##########	##########	##########	##########	##########	##########	##########	##########	##########	##########	##########	##########	##########	##########	##########	##########	##########	##########	##########	##########	##########	##########	##########	##########	##########	##########	##########	nombre de noeuds : 100
nombre de strates : 3
nombre de centres : 10
titre : fenetre
instances : p19_1
temps de calcul : 0.11586618423461914
valeur objective : 387.0
nombre de solutions : 3
nombre de noeuds : 1.0
faisability : True
centre : [5, 86, 44, 41, 51, 54, 26, 91, 9, 8]
moy_distances :	50.07
min_distances :	0.0
max_distances :	130.0
var_distances :	570.6520671768187
covar_distances :	570.7097146227404
ecartType_distances :	23.888324913581084
coef_variation	: 0.4771264740720584
distances_centre_x :
-1.0	14.0	13.0	-1.0	50.0	0.0	39.0	-1.0	0.0	0.0	-1.0	-1.0	46.0	41.0	-1.0	-1.0	-1.0	49.0	-1.0	31.0	9.0	50.0	17.0	-1.0	57.0	7.0	0.0	16.0	-1.0	32.0	-1.0	-1.0	20.0	-1.0	-1.0	22.0	29.0	14.0	11.0	28.0	14.0	0.0	-1.0	-1.0	0.0	5.0	19.0	-1.0	8.0	48.0	9.0	0.0	-1.0	42.0	0.0	54.0	12.0	-1.0	-1.0	-1.0	40.0	33.0	-1.0	64.0	48.0	-1.0	13.0	3.0	13.0	-1.0	-1.0	5.0	15.0	-1.0	17.0	17.0	3.0	10.0	17.0	24.0	-1.0	-1.0	8.0	-1.0	4.0	41.0	-1.0	57.0	29.0	25.0	31.0	0.0	9.0	-1.0	13.0	4.0	-1.0	2.0	18.0	-1.0	
57.0	-1.0	-1.0	-1.0	-1.0	0.0	39.0	42.0	0.0	0.0	46.0	-1.0	-1.0	32.0	-1.0	-1.0	6.0	49.0	26.0	31.0	9.0	-1.0	17.0	11.0	57.0	-1.0	0.0	16.0	27.0	43.0	47.0	17.0	20.0	-1.0	-1.0	-1.0	29.0	-1.0	11.0	28.0	14.0	-1.0	21.0	60.0	-1.0	-1.0	19.0	8.0	-1.0	48.0	9.0	0.0	7.0	-1.0	0.0	-1.0	12.0	24.0	12.0	-1.0	-1.0	33.0	8.0	64.0	-1.0	-1.0	13.0	-1.0	13.0	10.0	-1.0	5.0	15.0	13.0	17.0	-1.0	3.0	10.0	16.0	24.0	39.0	5.0	-1.0	-1.0	4.0	-1.0	-1.0	57.0	29.0	31.0	-1.0	-1.0	9.0	11.0	13.0	-1.0	11.0	-1.0	-1.0	14.0	
57.0	14.0	-1.0	15.0	-1.0	0.0	59.0	24.0	0.0	0.0	46.0	19.0	-1.0	32.0	27.0	19.0	-1.0	49.0	30.0	47.0	9.0	-1.0	17.0	10.0	57.0	7.0	0.0	-1.0	-1.0	11.0	47.0	17.0	20.0	9.0	35.0	22.0	-1.0	-1.0	39.0	-1.0	14.0	0.0	-1.0	-1.0	-1.0	-1.0	39.0	8.0	17.0	48.0	-1.0	0.0	-1.0	48.0	0.0	36.0	22.0	39.0	12.0	7.0	-1.0	33.0	8.0	64.0	33.0	34.0	13.0	3.0	13.0	10.0	39.0	5.0	15.0	13.0	17.0	17.0	3.0	10.0	17.0	-1.0	48.0	5.0	-1.0	39.0	4.0	-1.0	0.0	-1.0	-1.0	25.0	31.0	9.0	-1.0	11.0	13.0	-1.0	-1.0	-1.0	-1.0	14.0	

distances_centre_w :
-1.0	23.0	21.0	-1.0	59.0	25.0	55.0	-1.0	6.0	27.0	-1.0	-1.0	54.0	63.0	-1.0	-1.0	-1.0	55.0	-1.0	60.0	26.0	52.0	43.0	-1.0	59.0	13.0	6.0	29.0	-1.0	51.0	-1.0	-1.0	23.0	-1.0	-1.0	22.0	32.0	16.0	21.0	44.0	20.0	10.0	-1.0	-1.0	25.0	27.0	33.0	-1.0	12.0	55.0	23.0	36.0	-1.0	48.0	15.0	60.0	17.0	-1.0	-1.0	-1.0	47.0	51.0	-1.0	65.0	49.0	-1.0	17.0	10.0	21.0	-1.0	-1.0	13.0	21.0	-1.0	23.0	26.0	18.0	19.0	27.0	43.0	-1.0	-1.0	16.0	-1.0	17.0	46.0	-1.0	59.0	48.0	31.0	63.0	9.0	22.0	-1.0	22.0	12.0	-1.0	12.0	23.0	-1.0	
61.0	-1.0	-1.0	-1.0	-1.0	57.0	47.0	64.0	6.0	27.0	55.0	-1.0	-1.0	55.0	-1.0	-1.0	8.0	55.0	30.0	47.0	9.0	-1.0	19.0	45.0	59.0	-1.0	6.0	29.0	31.0	50.0	55.0	35.0	23.0	-1.0	-1.0	-1.0	32.0	-1.0	21.0	44.0	20.0	-1.0	28.0	63.0	-1.0	-1.0	24.0	10.0	-1.0	61.0	23.0	15.0	22.0	-1.0	15.0	-1.0	17.0	30.0	15.0	-1.0	-1.0	51.0	17.0	65.0	-1.0	-1.0	17.0	-1.0	21.0	20.0	-1.0	13.0	35.0	21.0	23.0	-1.0	18.0	19.0	17.0	43.0	48.0	9.0	-1.0	-1.0	17.0	-1.0	-1.0	59.0	48.0	50.0	-1.0	-1.0	22.0	12.0	22.0	-1.0	19.0	-1.0	-1.0	17.0	
61.0	23.0	-1.0	16.0	-1.0	30.0	64.0	37.0	6.0	27.0	55.0	23.0	-1.0	41.0	36.0	47.0	-1.0	55.0	51.0	60.0	9.0	-1.0	19.0	11.0	59.0	13.0	6.0	-1.0	-1.0	32.0	55.0	29.0	23.0	11.0	39.0	22.0	-1.0	-1.0	45.0	-1.0	20.0	10.0	-1.0	-1.0	-1.0	-1.0	61.0	10.0	29.0	55.0	-1.0	15.0	-1.0	52.0	15.0	48.0	45.0	45.0	15.0	13.0	-1.0	51.0	17.0	65.0	48.0	50.0	35.0	10.0	21.0	26.0	47.0	21.0	21.0	21.0	23.0	26.0	27.0	19.0	27.0	-1.0	63.0	42.0	-1.0	56.0	17.0	-1.0	21.0	-1.0	-1.0	31.0	44.0	30.0	-1.0	12.0	22.0	-1.0	-1.0	-1.0	-1.0	21.0	

maxX :
64.0	64.0	64.0	

maxW :
65.0	65.0	65.0	

minX :
0.0	0.0	0.0	

minW :
6.0	6.0	6.0	

moyX :
20.742424242424242	21.265625	21.561643835616437	

moyW :
31.757575757575758	31.5	32.21917808219178	

medX :
15.5	15.5	17.0	

medW :
25.5	23.5	27.0	

ecartTypeX :
17.64404836220693	17.057111958340865	16.975394200333277	

ecartTypeW :
17.311811177466694	17.602379100564786	17.006241058531703	

varX :
311.3124426078971	290.945068359375	288.1640082567086	

varW :
299.69880624426077	309.84375	289.21223494088946	

covarX :
316.10186480186474	295.56324404761904	292.1662861491628	

covarW :
304.30955710955715	314.76190476190476	293.2290715372907	

coef_variationX :
0.8506261445622041	0.8020978437427005	0.7872959190751775	

coef_variationW :
0.5451238252446573	0.5588056857322155	0.5278297607452441	

moy_distances_centre :	48.93333333333333
min_distances_centre :	6.0
max_distances_centre :	96.0
med_distances_centre :	47.0
ecartType_distances_centre :	23.505460358535135
var_distances_centre :	552.5066666666667
covar_distances_centre :	558.714606741573
coef_variation_distances_centre :	0.4803568193161131
capacite_X_temoin : 
157.0	163.0	154.0	172.0	150.0	177.0	154.0	147.0	174.0	178.0	
171.0	162.0	150.0	135.0	177.0	136.0	150.0	159.0	157.0	160.0	
157.0	145.0	166.0	168.0	153.0	166.0	175.0	171.0	154.0	135.0	

capacite_W_temoin : 
100.1	180.9	49.199999999999996	200.6	82.0	144.1	139.2	102.1	132.2	189.4	
167.3	191.6	48.0	138.5	102.1	97.8	166.0	132.7	61.1	198.0	
100.1	124.5	61.8	155.4	116.9	127.8	158.5	159.3	70.19999999999999	134.5	

demande_cumulee_X : 
104.0	31.0	151.0	23.0	113.0	86.0	61.0	89.0	94.0	42.0	
55.0	19.0	147.0	37.0	128.0	79.0	29.0	74.0	143.0	10.0	
104.0	64.0	154.0	63.0	82.0	88.0	69.0	63.0	130.0	41.0	

demande_cumulee_W : 
86.0	159.0	43.0	51.0	47.0	107.0	75.0	58.0	75.0	93.0	
87.0	152.0	48.0	12.0	95.0	37.0	40.0	58.0	54.0	138.0	
96.0	96.0	57.0	75.0	73.0	93.0	63.0	106.0	67.0	132.0	

capacite_residuelle_X : 
53.0	132.0	3.0	149.0	37.0	91.0	93.0	58.0	80.0	136.0	
116.0	143.0	3.0	98.0	49.0	57.0	121.0	85.0	14.0	150.0	
53.0	81.0	12.0	105.0	71.0	78.0	106.0	108.0	24.0	94.0	

capacite_residuelle_W : 
14.099999999999994	21.900000000000006	6.199999999999996	149.6	35.0	37.099999999999994	64.19999999999999	44.099999999999994	57.19999999999999	96.4	
80.30000000000001	39.599999999999994	0.0	126.5	7.099999999999994	60.8	126.0	74.69999999999999	7.100000000000001	60.0	
4.099999999999994	28.5	4.799999999999997	80.4	43.900000000000006	34.8	95.5	53.30000000000001	3.1999999999999886	2.5	

min_capacite_X : 
147.0	135.0	135.0	

min_capacite_W : 
49.199999999999996	48.0	61.8	

max_capacite_X : 
178.0	177.0	175.0	

max_capacite_W : 
200.6	198.0	159.3	

moy_capacite_X : 
162.6	155.7	159.0	

moy_capacite_W : 
131.98	130.31	120.9	

med_capacite_X : 
160.0	158.0	161.5	

med_capacite_W : 
135.7	135.6	126.15	

ecartType_capacite_X : 
11.155267813907473	12.806638903318857	11.899579824514813	

ecartType_capacite_W : 
46.752193531426954	49.468059391894485	32.91814089525713	

var_capacite_X : 
124.44000000000001	164.01000000000002	141.6	

var_capacite_W : 
2185.7676	2447.0889	1083.604	

covar_capacite_X : 
138.26666666666665	182.23333333333332	157.33333333333331	

covar_capacite_W : 
2428.630666666667	2718.987666666667	1204.0044444444445	

##########	##########	##########	##########	##########	##########	##########	##########	##########	##########	##########	##########	##########	##########	##########	##########	##########	##########	##########	##########	##########	##########	##########	##########	##########	##########	##########	##########	##########	##########	##########	##########	##########	##########	##########	##########	##########	##########	##########	##########	##########	##########	##########	##########	##########	##########	##########	##########	##########	##########	##########	##########	##########	##########	##########	##########	##########	##########	##########	##########	##########	##########	##########	##########	##########	##########	##########	##########	##########	##########	##########	##########	##########	##########	##########	##########	##########	##########	##########	##########	##########	##########	##########	##########	##########	##########	##########	##########	##########	##########	##########	##########	##########	##########	##########	##########	##########	##########	##########	##########	nombre de noeuds : 100
nombre de strates : 3
nombre de centres : 10
titre : fenetre
instances : p19_1
temps de calcul : 0.1287841796875
valeur objective : 333.0
nombre de solutions : 3
nombre de noeuds : 1.0
faisability : True
centre : [86, 44, 41, 51, 54, 26, 91, 9, 8, 89]
moy_distances :	50.07
min_distances :	0.0
max_distances :	130.0
var_distances :	570.6520671768187
covar_distances :	570.7097146227404
ecartType_distances :	23.888324913581084
coef_variation	: 0.4771264740720584
distances_centre_x :
-1.0	23.0	13.0	-1.0	23.0	25.0	31.0	-1.0	0.0	0.0	-1.0	-1.0	38.0	17.0	-1.0	-1.0	-1.0	40.0	-1.0	19.0	9.0	9.0	19.0	-1.0	40.0	7.0	0.0	16.0	-1.0	11.0	-1.0	-1.0	20.0	-1.0	-1.0	22.0	29.0	14.0	11.0	23.0	14.0	0.0	-1.0	-1.0	0.0	23.0	19.0	-1.0	8.0	38.0	9.0	0.0	-1.0	9.0	0.0	26.0	12.0	-1.0	-1.0	-1.0	40.0	32.0	-1.0	47.0	8.0	-1.0	17.0	3.0	13.0	-1.0	-1.0	5.0	21.0	-1.0	23.0	17.0	3.0	10.0	16.0	24.0	-1.0	-1.0	8.0	-1.0	4.0	45.0	-1.0	40.0	29.0	0.0	22.0	0.0	32.0	-1.0	13.0	4.0	-1.0	2.0	18.0	-1.0	
42.0	-1.0	-1.0	-1.0	-1.0	25.0	47.0	24.0	0.0	40.0	46.0	-1.0	-1.0	17.0	-1.0	-1.0	6.0	40.0	40.0	19.0	9.0	-1.0	19.0	10.0	40.0	-1.0	0.0	16.0	27.0	11.0	47.0	10.0	20.0	-1.0	-1.0	-1.0	29.0	-1.0	11.0	23.0	14.0	-1.0	21.0	39.0	-1.0	-1.0	19.0	8.0	-1.0	38.0	9.0	0.0	7.0	-1.0	0.0	-1.0	12.0	24.0	12.0	-1.0	-1.0	33.0	17.0	47.0	-1.0	-1.0	17.0	-1.0	13.0	10.0	-1.0	5.0	21.0	13.0	23.0	-1.0	3.0	10.0	16.0	24.0	17.0	5.0	-1.0	-1.0	4.0	-1.0	-1.0	40.0	29.0	0.0	-1.0	-1.0	9.0	11.0	13.0	-1.0	11.0	-1.0	-1.0	14.0	
42.0	23.0	-1.0	15.0	-1.0	26.0	31.0	37.0	0.0	40.0	46.0	19.0	-1.0	17.0	27.0	22.0	-1.0	40.0	26.0	19.0	9.0	-1.0	19.0	10.0	40.0	7.0	0.0	-1.0	-1.0	11.0	47.0	10.0	20.0	9.0	35.0	27.0	-1.0	-1.0	11.0	-1.0	14.0	0.0	-1.0	-1.0	-1.0	-1.0	19.0	8.0	29.0	38.0	-1.0	0.0	-1.0	9.0	0.0	26.0	12.0	24.0	12.0	7.0	-1.0	33.0	17.0	47.0	8.0	26.0	28.0	3.0	21.0	10.0	47.0	5.0	22.0	13.0	23.0	17.0	3.0	10.0	16.0	-1.0	17.0	5.0	-1.0	33.0	4.0	-1.0	0.0	-1.0	-1.0	41.0	22.0	0.0	-1.0	11.0	13.0	-1.0	-1.0	-1.0	-1.0	14.0	

distances_centre_w :
-1.0	28.0	22.0	-1.0	59.0	38.0	55.0	-1.0	10.0	28.0	-1.0	-1.0	58.0	53.0	-1.0	-1.0	-1.0	49.0	-1.0	56.0	26.0	25.0	24.0	-1.0	59.0	13.0	6.0	49.0	-1.0	36.0	-1.0	-1.0	23.0	-1.0	-1.0	22.0	32.0	29.0	17.0	28.0	29.0	10.0	-1.0	-1.0	9.0	27.0	39.0	-1.0	12.0	64.0	24.0	15.0	-1.0	16.0	15.0	54.0	22.0	-1.0	-1.0	-1.0	60.0	33.0	-1.0	64.0	49.0	-1.0	26.0	10.0	21.0	-1.0	-1.0	13.0	22.0	-1.0	29.0	26.0	18.0	19.0	21.0	30.0	-1.0	-1.0	16.0	-1.0	17.0	52.0	-1.0	57.0	32.0	41.0	31.0	9.0	59.0	-1.0	22.0	12.0	-1.0	12.0	18.0	-1.0	
57.0	-1.0	-1.0	-1.0	-1.0	26.0	55.0	46.0	6.0	51.0	55.0	-1.0	-1.0	41.0	-1.0	-1.0	8.0	55.0	64.0	56.0	9.0	-1.0	53.0	11.0	57.0	-1.0	6.0	29.0	27.0	14.0	62.0	34.0	23.0	-1.0	-1.0	-1.0	32.0	-1.0	17.0	28.0	29.0	-1.0	28.0	52.0	-1.0	-1.0	24.0	10.0	-1.0	48.0	24.0	15.0	22.0	-1.0	15.0	-1.0	17.0	27.0	26.0	-1.0	-1.0	51.0	23.0	64.0	-1.0	-1.0	28.0	-1.0	21.0	37.0	-1.0	13.0	22.0	21.0	29.0	-1.0	18.0	19.0	27.0	43.0	23.0	9.0	-1.0	-1.0	17.0	-1.0	-1.0	57.0	32.0	25.0	-1.0	-1.0	22.0	12.0	22.0	-1.0	39.0	-1.0	-1.0	17.0	
57.0	28.0	-1.0	16.0	-1.0	38.0	59.0	46.0	6.0	40.0	58.0	21.0	-1.0	32.0	48.0	44.0	-1.0	61.0	40.0	31.0	9.0	-1.0	20.0	11.0	59.0	13.0	6.0	-1.0	-1.0	50.0	62.0	17.0	23.0	11.0	39.0	62.0	-1.0	-1.0	17.0	-1.0	29.0	10.0	-1.0	-1.0	-1.0	-1.0	29.0	29.0	40.0	48.0	-1.0	15.0	-1.0	16.0	15.0	36.0	17.0	27.0	26.0	13.0	-1.0	60.0	23.0	64.0	49.0	34.0	35.0	10.0	27.0	43.0	54.0	13.0	49.0	21.0	29.0	26.0	18.0	47.0	21.0	-1.0	54.0	9.0	-1.0	39.0	17.0	-1.0	21.0	-1.0	-1.0	60.0	44.0	9.0	-1.0	12.0	22.0	-1.0	-1.0	-1.0	-1.0	17.0	

maxX :
47.0	47.0	47.0	

maxW :
64.0	64.0	64.0	

minX :
0.0	0.0	0.0	

minW :
6.0	6.0	6.0	

moyX :
16.863636363636363	19.15625	19.068493150684933	

moyW :
30.303030303030305	30.46875	31.52054794520548	

medX :
16.0	16.5	17.0	

medW :
26.0	26.5	29.0	

ecartTypeX :
12.666929459358913	13.386348865075197	13.216147001491077	

ecartTypeW :
16.52910169786839	16.419280539582118	17.077670744452256	

varX :
160.45110192837467	179.1943359375	174.66654156502156	

varW :
273.2112029384757	269.5927734375	291.64683805592045	

covarX :
162.91958041958043	182.03869047619045	177.09246575342465	

covarW :
277.41445221445224	273.8720238095238	295.69748858447485	

coef_variationX :
0.7511386741398817	0.6987979831686889	0.6930881689000349	

coef_variationW :
0.5454603560296569	0.5388892074529515	0.5417948562994415	

moy_distances_centre :	50.53333333333333
min_distances_centre :	6.0
max_distances_centre :	96.0
med_distances_centre :	49.0
ecartType_distances_centre :	23.246122735248175
var_distances_centre :	540.3822222222221
covar_distances_centre :	546.4539325842695
coef_variation_distances_centre :	0.4600156214099243
capacite_X_temoin : 
163.0	154.0	172.0	150.0	177.0	154.0	147.0	174.0	168.0	178.0	
162.0	150.0	135.0	177.0	136.0	150.0	159.0	157.0	145.0	160.0	
145.0	166.0	168.0	153.0	166.0	175.0	171.0	154.0	156.0	135.0	

capacite_W_temoin : 
180.9	84.19999999999999	200.6	62.0	139.1	135.2	81.1	195.2	54.4	201.4	
198.6	98.0	131.5	118.1	82.8	166.0	113.69999999999999	131.1	45.5	184.0	
162.5	87.8	177.4	83.9	101.8	158.5	137.3	144.2	50.8	103.5	

demande_cumulee_X : 
31.0	116.0	23.0	133.0	91.0	65.0	110.0	31.0	164.0	30.0	
12.0	97.0	44.0	112.0	94.0	29.0	93.0	73.0	143.0	24.0	
26.0	128.0	41.0	115.0	114.0	69.0	85.0	56.0	152.0	72.0	

demande_cumulee_W : 
162.0	68.0	36.0	61.0	87.0	61.0	78.0	112.0	52.0	77.0	
142.0	88.0	12.0	61.0	3.0	91.0	45.0	82.0	43.0	154.0	
156.0	59.0	38.0	71.0	85.0	78.0	103.0	136.0	45.0	87.0	

capacite_residuelle_X : 
132.0	38.0	149.0	17.0	86.0	89.0	37.0	143.0	4.0	148.0	
150.0	53.0	91.0	65.0	42.0	121.0	66.0	84.0	2.0	136.0	
119.0	38.0	127.0	38.0	52.0	106.0	86.0	98.0	4.0	63.0	

capacite_residuelle_W : 
18.900000000000006	16.19999999999999	164.6	1.0	52.099999999999994	74.19999999999999	3.0999999999999943	83.19999999999999	2.3999999999999986	124.4	
56.599999999999994	10.0	119.5	57.099999999999994	79.8	75.0	68.69999999999999	49.099999999999994	2.5	30.0	
6.5	28.799999999999997	139.4	12.900000000000006	16.799999999999997	80.5	34.30000000000001	8.199999999999989	5.799999999999997	16.5	

min_capacite_X : 
147.0	135.0	135.0	

min_capacite_W : 
54.4	45.5	50.8	

max_capacite_X : 
178.0	177.0	175.0	

max_capacite_W : 
201.4	198.6	177.4	

moy_capacite_X : 
163.7	153.1	158.9	

moy_capacite_W : 
133.41000000000003	126.93000000000002	120.77000000000001	

med_capacite_X : 
165.5	153.5	161.0	

med_capacite_W : 
137.14999999999998	124.6	120.4	

ecartType_capacite_X : 
11.090987332063813	12.05363015858708	11.920151005754919	

ecartType_capacite_W : 
56.343543552034426	44.30187467816684	38.980047460207125	

var_capacite_X : 
123.00999999999999	145.29	142.09	

var_capacite_W : 
3174.5949	1962.6561000000002	1519.4441000000002	

covar_capacite_X : 
136.67777777777775	161.43333333333334	157.87777777777777	

covar_capacite_W : 
3527.327666666666	2180.7290000000003	1688.2712222222221	

##########	##########	##########	##########	##########	##########	##########	##########	##########	##########	##########	##########	##########	##########	##########	##########	##########	##########	##########	##########	##########	##########	##########	##########	##########	##########	##########	##########	##########	##########	##########	##########	##########	##########	##########	##########	##########	##########	##########	##########	##########	##########	##########	##########	##########	##########	##########	##########	##########	##########	##########	##########	##########	##########	##########	##########	##########	##########	##########	##########	##########	##########	##########	##########	##########	##########	##########	##########	##########	##########	##########	##########	##########	##########	##########	##########	##########	##########	##########	##########	##########	##########	##########	##########	##########	##########	##########	##########	##########	##########	##########	##########	##########	##########	##########	##########	##########	##########	##########	##########	nombre de noeuds : 100
nombre de strates : 3
nombre de centres : 10
titre : fenetre
instances : p19_1
temps de calcul : 0.12290406227111816
valeur objective : 315.0
nombre de solutions : 3
nombre de noeuds : 1.0
faisability : True
centre : [44, 41, 51, 54, 26, 91, 9, 8, 89, 52]
moy_distances :	50.07
min_distances :	0.0
max_distances :	130.0
var_distances :	570.6520671768187
covar_distances :	570.7097146227404
ecartType_distances :	23.888324913581084
coef_variation	: 0.4771264740720584
distances_centre_x :
-1.0	23.0	13.0	-1.0	23.0	25.0	39.0	-1.0	0.0	40.0	-1.0	-1.0	13.0	17.0	-1.0	-1.0	-1.0	40.0	-1.0	19.0	9.0	9.0	19.0	-1.0	40.0	7.0	0.0	16.0	-1.0	35.0	-1.0	-1.0	20.0	-1.0	-1.0	22.0	29.0	14.0	11.0	22.0	14.0	0.0	-1.0	-1.0	0.0	23.0	19.0	-1.0	8.0	38.0	9.0	0.0	-1.0	9.0	0.0	36.0	12.0	-1.0	-1.0	-1.0	33.0	29.0	-1.0	47.0	8.0	-1.0	17.0	3.0	13.0	-1.0	-1.0	5.0	21.0	-1.0	23.0	17.0	8.0	10.0	16.0	21.0	-1.0	-1.0	8.0	-1.0	4.0	2.0	-1.0	40.0	26.0	0.0	22.0	0.0	9.0	-1.0	13.0	4.0	-1.0	2.0	18.0	-1.0	
42.0	-1.0	-1.0	-1.0	-1.0	25.0	31.0	46.0	0.0	0.0	32.0	-1.0	-1.0	17.0	-1.0	-1.0	6.0	40.0	22.0	19.0	9.0	-1.0	19.0	10.0	40.0	-1.0	0.0	16.0	27.0	43.0	33.0	10.0	20.0	-1.0	-1.0	-1.0	29.0	-1.0	11.0	22.0	14.0	-1.0	28.0	39.0	-1.0	-1.0	19.0	8.0	-1.0	38.0	9.0	0.0	0.0	-1.0	0.0	-1.0	12.0	24.0	12.0	-1.0	-1.0	29.0	17.0	47.0	-1.0	-1.0	17.0	-1.0	13.0	10.0	-1.0	5.0	21.0	13.0	23.0	-1.0	8.0	10.0	16.0	21.0	17.0	5.0	-1.0	-1.0	4.0	-1.0	-1.0	40.0	26.0	0.0	-1.0	-1.0	9.0	11.0	13.0	-1.0	11.0	-1.0	-1.0	14.0	
42.0	23.0	-1.0	15.0	-1.0	25.0	39.0	24.0	0.0	0.0	32.0	19.0	-1.0	17.0	7.0	22.0	-1.0	40.0	22.0	19.0	9.0	-1.0	19.0	10.0	40.0	7.0	0.0	-1.0	-1.0	11.0	41.0	10.0	20.0	9.0	46.0	22.0	-1.0	-1.0	11.0	-1.0	14.0	0.0	-1.0	-1.0	-1.0	-1.0	24.0	8.0	8.0	38.0	-1.0	0.0	-1.0	42.0	0.0	26.0	12.0	39.0	12.0	7.0	-1.0	29.0	17.0	47.0	8.0	26.0	28.0	3.0	13.0	10.0	40.0	5.0	21.0	13.0	23.0	17.0	8.0	10.0	16.0	-1.0	23.0	15.0	-1.0	33.0	4.0	-1.0	7.0	-1.0	-1.0	0.0	44.0	0.0	-1.0	11.0	13.0	-1.0	-1.0	-1.0	-1.0	14.0	

distances_centre_w :
-1.0	28.0	22.0	-1.0	36.0	26.0	47.0	-1.0	6.0	44.0	-1.0	-1.0	38.0	26.0	-1.0	-1.0	-1.0	55.0	-1.0	31.0	29.0	35.0	27.0	-1.0	57.0	13.0	6.0	49.0	-1.0	53.0	-1.0	-1.0	23.0	-1.0	-1.0	22.0	32.0	29.0	17.0	44.0	29.0	10.0	-1.0	-1.0	9.0	27.0	24.0	-1.0	12.0	48.0	24.0	15.0	-1.0	16.0	15.0	46.0	17.0	-1.0	-1.0	-1.0	40.0	32.0	-1.0	58.0	41.0	-1.0	26.0	37.0	21.0	-1.0	-1.0	13.0	22.0	-1.0	29.0	26.0	18.0	19.0	21.0	43.0	-1.0	-1.0	16.0	-1.0	17.0	27.0	-1.0	53.0	32.0	24.0	31.0	9.0	22.0	-1.0	22.0	36.0	-1.0	12.0	18.0	-1.0	
51.0	-1.0	-1.0	-1.0	-1.0	26.0	39.0	56.0	6.0	40.0	48.0	-1.0	-1.0	53.0	-1.0	-1.0	8.0	49.0	26.0	31.0	9.0	-1.0	20.0	11.0	53.0	-1.0	6.0	29.0	31.0	50.0	41.0	17.0	23.0	-1.0	-1.0	-1.0	32.0	-1.0	17.0	23.0	29.0	-1.0	29.0	52.0	-1.0	-1.0	24.0	10.0	-1.0	57.0	24.0	15.0	22.0	-1.0	15.0	-1.0	17.0	27.0	26.0	-1.0	-1.0	32.0	23.0	58.0	-1.0	-1.0	53.0	-1.0	21.0	43.0	-1.0	13.0	22.0	21.0	29.0	-1.0	18.0	19.0	27.0	52.0	23.0	9.0	-1.0	-1.0	17.0	-1.0	-1.0	53.0	57.0	24.0	-1.0	-1.0	22.0	12.0	22.0	-1.0	21.0	-1.0	-1.0	21.0	
51.0	28.0	-1.0	16.0	-1.0	26.0	47.0	41.0	6.0	25.0	48.0	21.0	-1.0	26.0	27.0	44.0	-1.0	49.0	26.0	47.0	29.0	-1.0	20.0	11.0	53.0	13.0	6.0	-1.0	-1.0	43.0	55.0	17.0	23.0	11.0	51.0	27.0	-1.0	-1.0	17.0	-1.0	29.0	10.0	-1.0	-1.0	-1.0	-1.0	56.0	10.0	17.0	48.0	-1.0	15.0	-1.0	48.0	15.0	36.0	17.0	45.0	26.0	14.0	-1.0	32.0	23.0	58.0	45.0	28.0	42.0	10.0	21.0	20.0	54.0	13.0	22.0	21.0	29.0	26.0	27.0	19.0	21.0	-1.0	39.0	42.0	-1.0	35.0	17.0	-1.0	21.0	-1.0	-1.0	24.0	44.0	9.0	-1.0	12.0	22.0	-1.0	-1.0	-1.0	-1.0	21.0	

maxX :
47.0	47.0	47.0	

maxW :
58.0	58.0	58.0	

minX :
0.0	0.0	0.0	

minW :
6.0	6.0	6.0	

moyX :
16.545454545454547	18.3125	18.205479452054796	

moyW :
28.060606060606062	28.96875	28.589041095890412	

medX :
15.0	16.5	15.0	

medW :
26.0	24.0	26.0	

ecartTypeX :
12.279795944141421	12.710570158336722	13.126318750823017	

ecartTypeW :
13.107803352339385	14.93629048450451	14.228887861158876	

varX :
150.7933884297521	161.55859375	172.30024394820794	

varW :
171.81450872359963	223.0927734375	202.46124976543442	

covarX :
153.11328671328675	164.12301587301587	174.693302891933	

covarW :
174.45780885780889	226.63392857142856	205.27321156773206	

coef_variationX :
0.7421854691514045	0.6940925683733363	0.7210092316102936	

coef_variationW :
0.46712474149805583	0.515600103024967	0.49770427113780447	

moy_distances_centre :	49.6
min_distances_centre :	6.0
max_distances_centre :	89.0
med_distances_centre :	47.0
ecartType_distances_centre :	22.433506685808666
var_distances_centre :	503.2622222222222
covar_distances_centre :	508.9168539325844
coef_variation_distances_centre :	0.4522884412461424
capacite_X_temoin : 
163.0	154.0	172.0	150.0	177.0	154.0	175.0	147.0	168.0	178.0	
162.0	150.0	135.0	177.0	136.0	150.0	135.0	159.0	145.0	160.0	
145.0	166.0	168.0	153.0	166.0	175.0	153.0	171.0	156.0	135.0	

capacite_W_temoin : 
180.9	109.19999999999999	200.6	76.0	139.1	134.2	152.5	81.1	52.4	209.4	
198.6	115.0	131.5	110.1	67.8	166.0	105.5	132.7	44.5	169.0	
128.5	114.8	159.4	82.9	99.8	174.5	129.9	142.3	58.8	115.5	

demande_cumulee_X : 
31.0	91.0	23.0	119.0	91.0	66.0	75.0	110.0	166.0	22.0	
12.0	80.0	44.0	120.0	109.0	29.0	70.0	74.0	144.0	39.0	
60.0	101.0	59.0	116.0	116.0	53.0	69.0	80.0	144.0	60.0	

demande_cumulee_W : 
127.0	106.0	72.0	71.0	66.0	66.0	81.0	63.0	46.0	96.0	
129.0	112.0	12.0	18.0	32.0	74.0	90.0	96.0	41.0	117.0	
120.0	79.0	72.0	79.0	94.0	95.0	127.0	48.0	35.0	109.0	

capacite_residuelle_X : 
132.0	63.0	149.0	31.0	86.0	88.0	100.0	37.0	2.0	156.0	
150.0	70.0	91.0	57.0	27.0	121.0	65.0	85.0	1.0	121.0	
85.0	65.0	109.0	37.0	50.0	122.0	84.0	91.0	12.0	75.0	

capacite_residuelle_W : 
53.900000000000006	3.1999999999999886	128.6	5.0	73.1	68.19999999999999	71.5	18.099999999999994	6.399999999999999	113.4	
69.6	3.0	119.5	92.1	35.8	92.0	15.5	36.69999999999999	3.5	52.0	
8.5	35.8	87.4	3.9000000000000057	5.799999999999997	79.5	2.9000000000000057	94.30000000000001	23.799999999999997	6.5	

min_capacite_X : 
147.0	135.0	135.0	

min_capacite_W : 
52.4	44.5	58.8	

max_capacite_X : 
178.0	177.0	175.0	

max_capacite_W : 
209.4	198.6	174.5	

moy_capacite_X : 
163.8	150.9	158.8	

moy_capacite_W : 
133.54000000000002	124.07000000000001	120.63999999999999	

med_capacite_X : 
165.5	150.0	161.0	

med_capacite_W : 
136.64999999999998	123.25	122.0	

ecartType_capacite_X : 
11.187493016757596	13.103053079339944	11.96494880891682	

ecartType_capacite_W : 
51.11019859088791	44.25065084267123	32.80738331534534	

var_capacite_X : 
125.16	171.69	143.16	

var_capacite_W : 
2612.2524000000003	1958.1201	1076.3244	

covar_capacite_X : 
139.06666666666666	190.76666666666668	159.06666666666663	

covar_capacite_W : 
2902.5026666666668	2175.689	1195.916	

##########	##########	##########	##########	##########	##########	##########	##########	##########	##########	##########	##########	##########	##########	##########	##########	##########	##########	##########	##########	##########	##########	##########	##########	##########	##########	##########	##########	##########	##########	##########	##########	##########	##########	##########	##########	##########	##########	##########	##########	##########	##########	##########	##########	##########	##########	##########	##########	##########	##########	##########	##########	##########	##########	##########	##########	##########	##########	##########	##########	##########	##########	##########	##########	##########	##########	##########	##########	##########	##########	##########	##########	##########	##########	##########	##########	##########	##########	##########	##########	##########	##########	##########	##########	##########	##########	##########	##########	##########	##########	##########	##########	##########	##########	##########	##########	##########	##########	##########	##########	nombre de noeuds : 100
nombre de strates : 3
nombre de centres : 10
titre : fenetre
instances : p19_1
temps de calcul : 0.12269806861877441
valeur objective : 315.0
nombre de solutions : 3
nombre de noeuds : 1.0
faisability : True
centre : [41, 51, 54, 26, 91, 9, 8, 89, 52, 21]
moy_distances :	50.07
min_distances :	0.0
max_distances :	130.0
var_distances :	570.6520671768187
covar_distances :	570.7097146227404
ecartType_distances :	23.888324913581084
coef_variation	: 0.4771264740720584
distances_centre_x :
-1.0	23.0	22.0	-1.0	23.0	26.0	31.0	-1.0	0.0	0.0	-1.0	-1.0	13.0	17.0	-1.0	-1.0	-1.0	40.0	-1.0	19.0	9.0	0.0	19.0	-1.0	40.0	7.0	0.0	29.0	-1.0	11.0	-1.0	-1.0	20.0	-1.0	-1.0	22.0	29.0	29.0	11.0	22.0	14.0	0.0	-1.0	-1.0	9.0	23.0	19.0	-1.0	8.0	38.0	9.0	0.0	-1.0	9.0	0.0	26.0	12.0	-1.0	-1.0	-1.0	32.0	29.0	-1.0	47.0	5.0	-1.0	17.0	3.0	13.0	-1.0	-1.0	13.0	22.0	-1.0	29.0	26.0	8.0	19.0	16.0	21.0	-1.0	-1.0	8.0	-1.0	4.0	2.0	-1.0	40.0	26.0	0.0	22.0	0.0	9.0	-1.0	13.0	4.0	-1.0	2.0	18.0	-1.0	
42.0	-1.0	-1.0	-1.0	-1.0	26.0	31.0	22.0	0.0	0.0	32.0	-1.0	-1.0	17.0	-1.0	-1.0	6.0	40.0	1.0	19.0	9.0	-1.0	19.0	10.0	40.0	-1.0	0.0	16.0	27.0	11.0	33.0	10.0	20.0	-1.0	-1.0	-1.0	29.0	-1.0	11.0	22.0	14.0	-1.0	28.0	39.0	-1.0	-1.0	10.0	10.0	-1.0	38.0	9.0	0.0	0.0	-1.0	0.0	-1.0	12.0	15.0	12.0	-1.0	-1.0	29.0	23.0	47.0	-1.0	-1.0	17.0	-1.0	13.0	10.0	-1.0	13.0	21.0	13.0	29.0	-1.0	8.0	19.0	16.0	21.0	17.0	5.0	-1.0	-1.0	4.0	-1.0	-1.0	40.0	26.0	0.0	-1.0	-1.0	9.0	11.0	13.0	-1.0	11.0	-1.0	-1.0	14.0	
42.0	23.0	-1.0	26.0	-1.0	26.0	31.0	29.0	0.0	0.0	46.0	19.0	-1.0	17.0	7.0	19.0	-1.0	40.0	1.0	47.0	9.0	-1.0	19.0	10.0	40.0	7.0	0.0	-1.0	-1.0	11.0	33.0	10.0	20.0	9.0	26.0	22.0	-1.0	-1.0	11.0	-1.0	14.0	0.0	-1.0	-1.0	-1.0	-1.0	10.0	36.0	8.0	38.0	-1.0	0.0	-1.0	9.0	0.0	26.0	29.0	30.0	12.0	7.0	-1.0	29.0	23.0	47.0	5.0	26.0	17.0	3.0	13.0	10.0	39.0	13.0	21.0	13.0	29.0	26.0	18.0	19.0	16.0	-1.0	17.0	5.0	-1.0	33.0	4.0	-1.0	7.0	-1.0	-1.0	0.0	22.0	0.0	-1.0	11.0	13.0	-1.0	-1.0	-1.0	-1.0	14.0	

distances_centre_w :
-1.0	35.0	39.0	-1.0	36.0	49.0	52.0	-1.0	6.0	9.0	-1.0	-1.0	58.0	26.0	-1.0	-1.0	-1.0	49.0	-1.0	31.0	29.0	9.0	27.0	-1.0	57.0	13.0	16.0	53.0	-1.0	14.0	-1.0	-1.0	23.0	-1.0	-1.0	22.0	32.0	54.0	13.0	23.0	29.0	10.0	-1.0	-1.0	31.0	31.0	24.0	-1.0	12.0	55.0	24.0	15.0	-1.0	11.0	15.0	29.0	39.0	-1.0	-1.0	-1.0	33.0	32.0	-1.0	58.0	47.0	-1.0	28.0	37.0	17.0	-1.0	-1.0	34.0	49.0	-1.0	31.0	57.0	18.0	41.0	27.0	54.0	-1.0	-1.0	16.0	-1.0	17.0	7.0	-1.0	51.0	48.0	24.0	25.0	22.0	13.0	-1.0	17.0	58.0	-1.0	12.0	28.0	-1.0	
51.0	-1.0	-1.0	-1.0	-1.0	27.0	31.0	56.0	6.0	9.0	46.0	-1.0	-1.0	26.0	-1.0	-1.0	8.0	41.0	34.0	25.0	29.0	-1.0	25.0	11.0	51.0	-1.0	6.0	29.0	34.0	40.0	41.0	17.0	23.0	-1.0	-1.0	-1.0	30.0	-1.0	21.0	44.0	29.0	-1.0	29.0	45.0	-1.0	-1.0	24.0	28.0	-1.0	48.0	24.0	15.0	22.0	-1.0	15.0	-1.0	22.0	24.0	26.0	-1.0	-1.0	32.0	32.0	58.0	-1.0	-1.0	35.0	-1.0	24.0	15.0	-1.0	34.0	22.0	21.0	43.0	-1.0	18.0	47.0	21.0	30.0	17.0	9.0	-1.0	-1.0	17.0	-1.0	-1.0	51.0	32.0	35.0	-1.0	-1.0	13.0	12.0	22.0	-1.0	18.0	-1.0	-1.0	23.0	
51.0	41.0	-1.0	28.0	-1.0	30.0	47.0	41.0	6.0	38.0	48.0	21.0	-1.0	26.0	25.0	21.0	-1.0	41.0	22.0	56.0	29.0	-1.0	24.0	17.0	51.0	13.0	6.0	-1.0	-1.0	53.0	41.0	17.0	23.0	11.0	33.0	22.0	-1.0	-1.0	17.0	-1.0	29.0	10.0	-1.0	-1.0	-1.0	-1.0	19.0	46.0	12.0	40.0	-1.0	15.0	-1.0	11.0	15.0	36.0	39.0	45.0	26.0	14.0	-1.0	32.0	32.0	58.0	8.0	28.0	28.0	22.0	17.0	20.0	57.0	34.0	22.0	21.0	43.0	43.0	53.0	50.0	21.0	-1.0	39.0	9.0	-1.0	35.0	17.0	-1.0	31.0	-1.0	-1.0	24.0	25.0	22.0	-1.0	12.0	28.0	-1.0	-1.0	-1.0	-1.0	23.0	

maxX :
47.0	47.0	47.0	

maxW :
58.0	58.0	58.0	

minX :
0.0	0.0	0.0	

minW :
6.0	6.0	6.0	

moyX :
16.318181818181817	17.328125	17.972602739726028	

moyW :
30.318181818181817	28.015625	28.904109589041095	

medX :
16.5	14.5	17.0	

medW :
28.5	26.0	26.0	

ecartTypeX :
11.806725216188378	11.97269639573204	12.79444721459727	

ecartTypeW :
15.362448403058645	12.652188777416143	13.649390957923245	

varX :
139.3987603305785	143.345458984375	163.69787952711582	

varW :
236.0048209366391	160.077880859375	186.30587352223682	

covarX :
141.54335664335665	145.62078373015873	165.97146118721457	

covarW :
239.63566433566436	162.6187996031746	188.89345509893454	

coef_variationX :
0.7235319073987307	0.6909400985814703	0.7118861636170737	

coef_variationW :
0.5067074435791458	0.45161186935562364	0.47223011371014073	

moy_distances_centre :	46.28888888888889
min_distances_centre :	6.0
max_distances_centre :	89.0
med_distances_centre :	44.0
ecartType_distances_centre :	21.216997611686743
var_distances_centre :	450.16098765432093
covar_distances_centre :	455.21897627965024
coef_variation_distances_centre :	0.4583604860902081
capacite_X_temoin : 
163.0	154.0	159.0	172.0	150.0	154.0	175.0	147.0	168.0	178.0	
162.0	150.0	166.0	135.0	177.0	150.0	135.0	159.0	145.0	160.0	
145.0	166.0	139.0	168.0	153.0	175.0	153.0	171.0	156.0	135.0	

capacite_W_temoin : 
180.9	105.19999999999999	159.7	200.6	88.0	138.2	174.5	80.1	59.4	125.4	
198.6	112.0	159.8	131.5	133.1	166.0	112.5	116.69999999999999	51.5	98.0	
159.5	101.8	118.69999999999999	165.4	51.9	187.5	159.9	127.3	50.8	48.5	

demande_cumulee_X : 
31.0	95.0	47.0	23.0	107.0	62.0	53.0	111.0	159.0	106.0	
12.0	83.0	56.0	44.0	97.0	29.0	63.0	90.0	137.0	110.0	
29.0	114.0	62.0	53.0	147.0	40.0	39.0	95.0	152.0	127.0	

demande_cumulee_W : 
74.0	105.0	157.0	49.0	31.0	81.0	93.0	77.0	58.0	69.0	
123.0	52.0	154.0	12.0	8.0	85.0	103.0	39.0	51.0	94.0	
156.0	101.0	109.0	76.0	21.0	85.0	153.0	73.0	47.0	37.0	

capacite_residuelle_X : 
132.0	59.0	112.0	149.0	43.0	92.0	122.0	36.0	9.0	72.0	
150.0	67.0	110.0	91.0	80.0	121.0	72.0	69.0	8.0	50.0	
116.0	52.0	77.0	115.0	6.0	135.0	114.0	76.0	4.0	8.0	

capacite_residuelle_W : 
106.9	0.19999999999998863	2.6999999999999886	151.6	57.0	57.19999999999999	81.5	3.0999999999999943	1.3999999999999986	56.400000000000006	
75.6	60.0	5.800000000000011	119.5	125.1	81.0	9.5	77.69999999999999	0.5	4.0	
3.5	0.7999999999999972	9.699999999999989	89.4	30.9	102.5	6.900000000000006	54.3	3.799999999999997	11.5	

min_capacite_X : 
147.0	135.0	135.0	

min_capacite_W : 
59.4	51.5	48.5	

max_capacite_X : 
178.0	177.0	175.0	

max_capacite_W : 
200.6	198.6	187.5	

moy_capacite_X : 
162.0	153.9	156.1	

moy_capacite_W : 
131.2	127.97	117.13	

med_capacite_X : 
161.0	154.5	154.5	

med_capacite_W : 
131.8	124.1	123.0	

ecartType_capacite_X : 
10.334408546211051	12.778497564267875	13.034185820372517	

ecartType_capacite_W : 
45.12750824053993	38.54094056973701	49.610503928099746	

var_capacite_X : 
106.8	163.29000000000002	169.89000000000001	

var_capacite_W : 
2036.4919999999997	1485.4041000000002	2461.2021	

covar_capacite_X : 
118.66666666666666	181.43333333333334	188.76666666666668	

covar_capacite_W : 
2262.768888888889	1650.449	2734.669	

##########	##########	##########	##########	##########	##########	##########	##########	##########	##########	##########	##########	##########	##########	##########	##########	##########	##########	##########	##########	##########	##########	##########	##########	##########	##########	##########	##########	##########	##########	##########	##########	##########	##########	##########	##########	##########	##########	##########	##########	##########	##########	##########	##########	##########	##########	##########	##########	##########	##########	##########	##########	##########	##########	##########	##########	##########	##########	##########	##########	##########	##########	##########	##########	##########	##########	##########	##########	##########	##########	##########	##########	##########	##########	##########	##########	##########	##########	##########	##########	##########	##########	##########	##########	##########	##########	##########	##########	##########	##########	##########	##########	##########	##########	##########	##########	##########	##########	##########	##########	