nombre de noeuds : 50
nombre de strates : 10
nombre de centres : 5
titre : fenetre
instances : p1_3
temps de calcul : 0.07318997383117676
valeur objective : 1159.0
nombre de solutions : 3
nombre de noeuds : 1.0
faisability : True
centre : [18, 48, 7, 13, 6]
moy_distances :	53.73
min_distances :	1.0
max_distances :	119.0
var_distances :	623.2722272386505
covar_distances :	623.5267279439339
ecartType_distances :	24.96542063011658
coef_variation	: 0.46466171767009756
distances_centre_x :
52.0	-1.0	-1.0	14.0	-1.0	27.0	-1.0	-1.0	-1.0	13.0	-1.0	-1.0	19.0	57.0	34.0	39.0	-1.0	41.0	-1.0	-1.0	-1.0	-1.0	-1.0	13.0	-1.0	34.0	-1.0	12.0	17.0	-1.0	13.0	-1.0	-1.0	43.0	-1.0	-1.0	-1.0	-1.0	-1.0	-1.0	54.0	-1.0	-1.0	42.0	-1.0	-1.0	-1.0	-1.0	0.0	53.0	
-1.0	23.0	34.0	14.0	10.0	27.0	0.0	0.0	7.0	13.0	27.0	19.0	-1.0	0.0	-1.0	-1.0	-1.0	35.0	0.0	-1.0	-1.0	-1.0	-1.0	-1.0	28.0	34.0	-1.0	12.0	17.0	-1.0	13.0	-1.0	-1.0	43.0	-1.0	35.0	-1.0	15.0	-1.0	-1.0	2.0	37.0	-1.0	21.0	17.0	-1.0	16.0	35.0	0.0	25.0	
-1.0	23.0	-1.0	14.0	10.0	-1.0	34.0	-1.0	-1.0	-1.0	37.0	19.0	-1.0	0.0	-1.0	-1.0	-1.0	-1.0	0.0	7.0	28.0	12.0	35.0	-1.0	30.0	34.0	18.0	12.0	17.0	-1.0	13.0	-1.0	35.0	-1.0	-1.0	-1.0	-1.0	-1.0	33.0	24.0	2.0	40.0	-1.0	-1.0	25.0	-1.0	-1.0	35.0	0.0	25.0	
-1.0	23.0	34.0	14.0	10.0	-1.0	0.0	-1.0	-1.0	13.0	27.0	-1.0	-1.0	0.0	34.0	39.0	-1.0	-1.0	-1.0	7.0	28.0	-1.0	27.0	13.0	-1.0	34.0	18.0	12.0	17.0	17.0	13.0	11.0	-1.0	43.0	-1.0	35.0	-1.0	-1.0	38.0	-1.0	2.0	-1.0	-1.0	-1.0	-1.0	-1.0	16.0	-1.0	0.0	25.0	
-1.0	23.0	34.0	14.0	10.0	41.0	0.0	-1.0	-1.0	13.0	27.0	-1.0	19.0	0.0	-1.0	-1.0	-1.0	-1.0	-1.0	-1.0	28.0	-1.0	27.0	-1.0	28.0	34.0	18.0	-1.0	17.0	-1.0	13.0	-1.0	35.0	43.0	16.0	35.0	-1.0	15.0	-1.0	-1.0	2.0	37.0	-1.0	21.0	17.0	-1.0	16.0	-1.0	0.0	25.0	
21.0	23.0	41.0	14.0	10.0	27.0	0.0	0.0	7.0	13.0	-1.0	19.0	19.0	-1.0	-1.0	-1.0	-1.0	-1.0	-1.0	-1.0	28.0	-1.0	27.0	13.0	28.0	34.0	-1.0	-1.0	-1.0	17.0	-1.0	11.0	-1.0	43.0	-1.0	35.0	-1.0	-1.0	-1.0	-1.0	2.0	37.0	-1.0	21.0	-1.0	-1.0	-1.0	-1.0	0.0	25.0	
-1.0	23.0	34.0	-1.0	10.0	27.0	0.0	-1.0	-1.0	-1.0	-1.0	19.0	-1.0	-1.0	-1.0	-1.0	13.0	-1.0	-1.0	-1.0	28.0	-1.0	27.0	-1.0	-1.0	34.0	-1.0	12.0	17.0	-1.0	-1.0	11.0	-1.0	-1.0	-1.0	35.0	16.0	-1.0	-1.0	-1.0	2.0	37.0	28.0	-1.0	17.0	-1.0	16.0	-1.0	0.0	25.0	
-1.0	23.0	34.0	14.0	10.0	-1.0	0.0	-1.0	7.0	13.0	27.0	19.0	19.0	0.0	-1.0	-1.0	-1.0	-1.0	-1.0	-1.0	28.0	-1.0	27.0	-1.0	-1.0	34.0	-1.0	12.0	17.0	-1.0	-1.0	11.0	35.0	-1.0	-1.0	-1.0	-1.0	15.0	-1.0	-1.0	2.0	37.0	-1.0	-1.0	-1.0	37.0	16.0	35.0	0.0	25.0	
-1.0	23.0	34.0	14.0	10.0	27.0	0.0	-1.0	7.0	-1.0	27.0	19.0	-1.0	0.0	-1.0	39.0	-1.0	-1.0	-1.0	7.0	28.0	-1.0	27.0	-1.0	28.0	34.0	18.0	12.0	17.0	17.0	-1.0	11.0	-1.0	-1.0	-1.0	-1.0	-1.0	-1.0	-1.0	-1.0	2.0	37.0	-1.0	21.0	17.0	37.0	-1.0	35.0	-1.0	-1.0	
-1.0	23.0	34.0	14.0	-1.0	-1.0	0.0	0.0	7.0	-1.0	27.0	19.0	-1.0	-1.0	-1.0	-1.0	-1.0	-1.0	0.0	7.0	-1.0	-1.0	27.0	13.0	-1.0	34.0	-1.0	12.0	-1.0	17.0	-1.0	-1.0	-1.0	-1.0	-1.0	-1.0	-1.0	-1.0	-1.0	-1.0	2.0	37.0	-1.0	21.0	17.0	37.0	16.0	-1.0	0.0	25.0	

distances_centre_w :
60.0	37.0	70.0	36.0	-1.0	-1.0	34.0	-1.0	46.0	-1.0	-1.0	44.0	58.0	-1.0	38.0	58.0	-1.0	43.0	-1.0	-1.0	-1.0	-1.0	76.0	-1.0	-1.0	70.0	-1.0	-1.0	34.0	-1.0	-1.0	-1.0	-1.0	77.0	-1.0	-1.0	-1.0	-1.0	-1.0	-1.0	-1.0	40.0	-1.0	-1.0	68.0	45.0	-1.0	-1.0	-1.0	58.0	
-1.0	37.0	70.0	36.0	46.0	41.0	34.0	66.0	59.0	22.0	37.0	44.0	-1.0	75.0	-1.0	-1.0	-1.0	41.0	52.0	-1.0	-1.0	-1.0	-1.0	-1.0	30.0	70.0	-1.0	41.0	34.0	-1.0	51.0	-1.0	-1.0	77.0	-1.0	47.0	-1.0	19.0	-1.0	-1.0	74.0	40.0	-1.0	42.0	25.0	-1.0	59.0	67.0	34.0	53.0	
-1.0	37.0	-1.0	40.0	46.0	-1.0	75.0	-1.0	-1.0	-1.0	64.0	44.0	-1.0	57.0	-1.0	-1.0	-1.0	-1.0	42.0	45.0	43.0	48.0	50.0	-1.0	56.0	70.0	26.0	41.0	34.0	-1.0	51.0	-1.0	57.0	-1.0	-1.0	-1.0	-1.0	-1.0	38.0	32.0	54.0	41.0	-1.0	-1.0	58.0	-1.0	-1.0	67.0	42.0	53.0	
-1.0	37.0	70.0	36.0	46.0	-1.0	34.0	-1.0	-1.0	22.0	37.0	-1.0	-1.0	57.0	38.0	58.0	-1.0	-1.0	-1.0	45.0	43.0	-1.0	35.0	39.0	-1.0	70.0	26.0	41.0	34.0	19.0	51.0	46.0	-1.0	77.0	-1.0	47.0	-1.0	-1.0	65.0	-1.0	54.0	-1.0	-1.0	-1.0	-1.0	-1.0	56.0	-1.0	34.0	53.0	
-1.0	37.0	41.0	36.0	61.0	42.0	34.0	-1.0	-1.0	22.0	37.0	-1.0	42.0	57.0	-1.0	-1.0	-1.0	-1.0	-1.0	-1.0	43.0	-1.0	35.0	-1.0	30.0	70.0	26.0	-1.0	59.0	-1.0	51.0	-1.0	56.0	77.0	53.0	47.0	-1.0	19.0	-1.0	-1.0	74.0	40.0	-1.0	42.0	25.0	-1.0	56.0	-1.0	34.0	53.0	
52.0	37.0	70.0	36.0	46.0	42.0	34.0	52.0	46.0	22.0	-1.0	44.0	34.0	-1.0	-1.0	-1.0	-1.0	-1.0	-1.0	-1.0	43.0	-1.0	35.0	39.0	51.0	70.0	-1.0	-1.0	-1.0	19.0	-1.0	65.0	-1.0	77.0	-1.0	47.0	-1.0	-1.0	-1.0	-1.0	54.0	40.0	-1.0	42.0	-1.0	-1.0	-1.0	-1.0	34.0	53.0	
-1.0	37.0	34.0	-1.0	46.0	41.0	34.0	-1.0	-1.0	-1.0	-1.0	44.0	-1.0	-1.0	-1.0	-1.0	23.0	-1.0	-1.0	-1.0	43.0	-1.0	35.0	-1.0	-1.0	70.0	-1.0	41.0	34.0	-1.0	-1.0	46.0	-1.0	-1.0	-1.0	47.0	37.0	-1.0	-1.0	-1.0	54.0	40.0	45.0	-1.0	58.0	-1.0	56.0	-1.0	34.0	53.0	
-1.0	37.0	41.0	36.0	46.0	-1.0	34.0	-1.0	46.0	22.0	37.0	44.0	34.0	57.0	-1.0	-1.0	-1.0	-1.0	-1.0	-1.0	49.0	-1.0	35.0	-1.0	-1.0	70.0	-1.0	41.0	34.0	-1.0	-1.0	46.0	56.0	-1.0	-1.0	-1.0	-1.0	19.0	-1.0	-1.0	54.0	41.0	-1.0	-1.0	-1.0	44.0	56.0	67.0	34.0	53.0	
-1.0	37.0	41.0	36.0	46.0	41.0	34.0	-1.0	46.0	-1.0	37.0	44.0	-1.0	57.0	-1.0	56.0	-1.0	-1.0	-1.0	45.0	43.0	-1.0	35.0	-1.0	51.0	70.0	26.0	41.0	34.0	19.0	-1.0	46.0	-1.0	-1.0	-1.0	-1.0	-1.0	-1.0	-1.0	-1.0	54.0	40.0	-1.0	68.0	25.0	45.0	-1.0	67.0	-1.0	-1.0	
-1.0	37.0	41.0	36.0	-1.0	-1.0	34.0	52.0	46.0	-1.0	37.0	44.0	-1.0	-1.0	-1.0	-1.0	-1.0	-1.0	42.0	45.0	-1.0	-1.0	35.0	39.0	-1.0	70.0	-1.0	41.0	-1.0	19.0	-1.0	-1.0	-1.0	-1.0	-1.0	-1.0	-1.0	-1.0	-1.0	-1.0	54.0	40.0	-1.0	55.0	25.0	44.0	56.0	-1.0	34.0	53.0	

maxX :
57.0	43.0	40.0	43.0	43.0	43.0	37.0	37.0	39.0	37.0	

maxW :
77.0	77.0	75.0	77.0	77.0	77.0	70.0	70.0	70.0	70.0	

minX :
0.0	0.0	0.0	0.0	0.0	0.0	0.0	0.0	0.0	0.0	

minW :
34.0	19.0	26.0	19.0	19.0	19.0	23.0	19.0	19.0	19.0	

moyX :
30.36842105263158	18.633333333333333	20.814814814814813	19.642857142857142	20.96551724137931	19.807692307692307	19.59090909090909	19.115384615384617	20.296296296296298	16.91304347826087	

moyW :
52.21052631578947	47.43333333333333	48.55555555555556	45.357142857142854	44.793103448275865	45.53846153846154	43.27272727272727	43.57692307692308	43.851851851851855	42.56521739130435	

medX :
34.0	17.0	23.0	17.0	19.0	20.0	18.0	18.0	19.0	17.0	

medW :
46.0	43.0	46.0	44.0	42.0	43.5	42.0	42.5	43.0	41.0	

ecartTypeX :
17.0269462178902	12.750119825145	12.421716458707358	12.50489699995933	11.995639318664754	12.34136020046547	10.936424091119843	11.881876707104826	11.568843262432377	12.032250299049602	

ecartTypeW :
14.464398935493204	16.11765767377161	11.653431646335017	14.185541647633153	14.749352552347387	13.655742013557099	10.131776377416918	11.85545339276103	12.252599735335698	10.704838755386648	

varX :
289.9168975069253	162.56555555555553	154.29903978052127	156.37244897959187	143.8953626634958	152.3091715976331	119.60537190082647	141.17899408284023	133.83813443072702	144.77504725897924	

varW :
209.21883656509695	259.77888888888884	135.80246913580248	201.2295918367347	217.54340071343637	186.47928994082847	102.65289256198348	140.551775147929	150.12620027434843	114.59357277882798	

covarX :
306.0233918128655	168.17126436781606	160.23361823361827	162.16402116402116	149.03448275862067	158.40153846153845	125.30086580086582	146.82615384615386	138.98575498575502	151.35573122529647	

covarW :
220.8421052631579	268.73678160919536	141.02564102564105	208.6825396825397	225.31280788177338	193.93846153846155	107.54112554112554	146.17384615384614	155.9002849002849	119.802371541502	

coef_variationX :
0.5606793381974242	0.6842640335498211	0.5967728547777557	0.6366129381797477	0.5721604280284176	0.6230589615768976	0.55823974479034	0.6215871114380794	0.5699977519811572	0.711418398144321	

coef_variationW :
0.27703989896609965	0.33979601561008316	0.2400020247528951	0.3127520993178963	0.32927730871291316	0.29987271313554437	0.23413768939408844	0.2720580655002531	0.27940894666728366	0.25149263674554945	

moy_distances_centre :	67.6
min_distances_centre :	34.0
max_distances_centre :	119.0
med_distances_centre :	70.5
ecartType_distances_centre :	22.623881187806834
var_distances_centre :	511.84
covar_distances_centre :	538.778947368421
coef_variation_distances_centre :	0.3346727986361958
capacite_X_temoin : 
156.0	171.0	0.0	159.0	144.0	
138.0	153.0	162.0	178.0	159.0	
0.0	144.0	136.0	178.0	166.0	
166.0	151.0	141.0	159.0	171.0	
144.0	144.0	162.0	169.0	165.0	
172.0	144.0	135.0	145.0	157.0	
172.0	171.0	157.0	157.0	163.0	
141.0	136.0	172.0	145.0	148.0	
147.0	139.0	171.0	148.0	169.0	
154.0	177.0	177.0	171.0	163.0	

capacite_W_temoin : 
139.8	183.3	0.0	91.69999999999999	133.2	
129.4	149.9	166.6	111.4	169.7	
0.0	119.19999999999999	133.8	104.4	131.8	
186.8	166.3	133.3	64.69999999999999	177.3	
123.19999999999999	145.2	166.6	113.69999999999999	175.5	
168.6	136.2	127.5	108.5	163.1	
168.6	175.3	158.1	133.1	184.9	
134.3	133.8	182.6	91.5	152.4	
129.1	122.69999999999999	182.3	102.4	185.7	
139.2	165.1	215.1	146.3	172.9	

demande_cumulee_X : 
63.0	39.0	0.0	115.0	54.0	
50.0	49.0	44.0	120.0	37.0	
0.0	68.0	43.0	127.0	84.0	
29.0	30.0	50.0	142.0	45.0	
64.0	42.0	44.0	106.0	39.0	
55.0	51.0	48.0	80.0	41.0	
55.0	47.0	46.0	71.0	27.0	
49.0	43.0	41.0	97.0	40.0	
62.0	58.0	40.0	90.0	34.0	
61.0	65.0	15.0	76.0	39.0	

demande_cumulee_W : 
34.0	26.0	0.0	81.0	130.0	
31.0	30.0	11.0	60.0	168.0	
0.0	26.0	83.0	92.0	121.0	
38.0	25.0	12.0	45.0	176.0	
28.0	26.0	27.0	60.0	154.0	
41.0	18.0	0.0	69.0	147.0	
25.0	11.0	8.0	51.0	151.0	
34.0	9.0	31.0	60.0	136.0	
21.0	15.0	16.0	58.0	174.0	
34.0	21.0	10.0	66.0	125.0	

capacite_residuelle_X : 
93.0	132.0	0.0	44.0	90.0	
88.0	104.0	118.0	58.0	122.0	
0.0	76.0	93.0	51.0	82.0	
137.0	121.0	91.0	17.0	126.0	
80.0	102.0	118.0	63.0	126.0	
117.0	93.0	87.0	65.0	116.0	
117.0	124.0	111.0	86.0	136.0	
92.0	93.0	131.0	48.0	108.0	
85.0	81.0	131.0	58.0	135.0	
93.0	112.0	162.0	95.0	124.0	

capacite_residuelle_W : 
105.80000000000001	157.3	0.0	10.699999999999989	3.1999999999999886	
98.4	119.9	155.6	51.400000000000006	1.6999999999999886	
0.0	93.19999999999999	50.80000000000001	12.400000000000006	10.800000000000011	
148.8	141.3	121.30000000000001	19.69999999999999	1.3000000000000114	
95.19999999999999	119.19999999999999	139.6	53.69999999999999	21.5	
127.6	118.19999999999999	127.5	39.5	16.099999999999994	
143.6	164.3	150.1	82.1	33.900000000000006	
100.30000000000001	124.80000000000001	151.6	31.5	16.400000000000006	
108.1	107.69999999999999	166.3	44.400000000000006	11.699999999999989	
105.19999999999999	144.1	205.1	80.30000000000001	47.900000000000006	

min_capacite_X : 
0.0	138.0	0.0	141.0	144.0	135.0	157.0	136.0	139.0	154.0	

min_capacite_W : 
0.0	111.4	0.0	64.69999999999999	113.69999999999999	108.5	133.1	91.5	102.4	139.2	

max_capacite_X : 
171.0	178.0	178.0	171.0	169.0	172.0	172.0	172.0	171.0	177.0	

max_capacite_W : 
183.3	169.7	133.8	186.8	175.5	168.6	184.9	182.6	185.7	215.1	

moy_capacite_X : 
126.0	158.0	124.8	157.6	156.8	150.6	164.0	148.4	154.8	168.4	

moy_capacite_W : 
109.6	145.4	97.84	145.68	144.84	140.78	164.0	138.92000000000002	144.44	167.72	

med_capacite_X : 
156.0	159.0	144.0	159.0	162.0	145.0	163.0	145.0	148.0	171.0	

med_capacite_W : 
133.2	149.9	119.19999999999999	166.3	145.2	136.2	168.6	134.3	129.1	165.1	

ecartType_capacite_X : 
63.58301660034699	12.976902558006667	64.18224053427863	10.68831137270991	10.684568311354464	12.784365451597509	6.511528238439882	12.467557900406959	12.812493902437573	8.845337754998393	

ecartType_capacite_W : 
62.021383409272644	22.235916891371936	50.03669053804418	44.332579442211575	23.88159123676645	22.411907549336355	17.749816900464076	29.617116672626995	33.499468652502536	26.64870728572026	

var_capacite_X : 
4042.8	168.4	4119.36	114.24000000000001	114.16	163.44	42.4	155.44	164.16	78.24000000000001	

var_capacite_W : 
3846.6519999999996	494.4359999999998	2503.6704	1965.3776000000005	570.3304000000002	502.29359999999997	315.05600000000015	877.1735999999999	1122.2144	710.1536	

covar_capacite_X : 
5053.5	210.5	5149.2	142.8	142.7	204.29999999999998	53.0	194.29999999999998	205.2	97.80000000000001	

covar_capacite_W : 
4808.315	618.0449999999997	3129.588	2456.7220000000007	712.9130000000002	627.867	393.8200000000002	1096.4669999999999	1402.768	887.692	

##########	##########	##########	##########	##########	##########	##########	##########	##########	##########	##########	##########	##########	##########	##########	##########	##########	##########	##########	##########	##########	##########	##########	##########	##########	##########	##########	##########	##########	##########	##########	##########	##########	##########	##########	##########	##########	##########	##########	##########	##########	##########	##########	##########	##########	##########	##########	##########	##########	##########	nombre de noeuds : 50
nombre de strates : 10
nombre de centres : 5
titre : fenetre
instances : p1_3
temps de calcul : 0.06160402297973633
valeur objective : 1559.0
nombre de solutions : 3
nombre de noeuds : 1.0
faisability : True
centre : [48, 7, 13, 6, 29]
moy_distances :	53.73
min_distances :	1.0
max_distances :	119.0
var_distances :	623.2722272386505
covar_distances :	623.5267279439339
ecartType_distances :	24.96542063011658
coef_variation	: 0.46466171767009756
distances_centre_x :
52.0	-1.0	34.0	45.0	-1.0	25.0	-1.0	-1.0	59.0	11.0	-1.0	-1.0	19.0	57.0	38.0	58.0	-1.0	41.0	-1.0	-1.0	-1.0	-1.0	-1.0	-1.0	-1.0	70.0	-1.0	49.0	34.0	-1.0	-1.0	-1.0	-1.0	77.0	-1.0	-1.0	-1.0	-1.0	-1.0	-1.0	66.0	-1.0	-1.0	57.0	-1.0	-1.0	-1.0	-1.0	0.0	53.0	
-1.0	23.0	34.0	40.0	46.0	27.0	0.0	0.0	7.0	11.0	27.0	19.0	-1.0	0.0	-1.0	-1.0	-1.0	35.0	42.0	-1.0	-1.0	-1.0	-1.0	-1.0	28.0	70.0	-1.0	41.0	34.0	-1.0	51.0	-1.0	-1.0	77.0	-1.0	35.0	-1.0	3.0	-1.0	-1.0	2.0	37.0	-1.0	21.0	17.0	-1.0	59.0	67.0	0.0	25.0	
-1.0	23.0	-1.0	36.0	46.0	-1.0	19.0	-1.0	-1.0	-1.0	27.0	19.0	-1.0	0.0	-1.0	-1.0	-1.0	-1.0	42.0	7.0	28.0	63.0	32.0	-1.0	18.0	70.0	26.0	41.0	34.0	-1.0	55.0	-1.0	56.0	-1.0	-1.0	-1.0	-1.0	-1.0	33.0	24.0	2.0	40.0	-1.0	-1.0	19.0	-1.0	-1.0	67.0	0.0	25.0	
-1.0	23.0	34.0	36.0	46.0	-1.0	0.0	-1.0	-1.0	11.0	33.0	-1.0	-1.0	0.0	38.0	56.0	-1.0	-1.0	-1.0	7.0	28.0	-1.0	27.0	39.0	-1.0	70.0	37.0	49.0	34.0	0.0	51.0	11.0	-1.0	77.0	-1.0	35.0	-1.0	-1.0	38.0	-1.0	2.0	-1.0	-1.0	-1.0	-1.0	-1.0	56.0	-1.0	0.0	25.0	
-1.0	23.0	39.0	36.0	61.0	25.0	0.0	-1.0	-1.0	11.0	27.0	-1.0	19.0	0.0	-1.0	-1.0	-1.0	-1.0	-1.0	-1.0	28.0	-1.0	27.0	-1.0	18.0	70.0	26.0	-1.0	34.0	-1.0	51.0	-1.0	56.0	77.0	16.0	35.0	-1.0	3.0	-1.0	-1.0	2.0	37.0	-1.0	21.0	19.0	-1.0	56.0	-1.0	0.0	25.0	
-1.0	-1.0	34.0	-1.0	46.0	27.0	-1.0	-1.0	-1.0	13.0	-1.0	-1.0	19.0	-1.0	-1.0	-1.0	-1.0	-1.0	-1.0	-1.0	-1.0	-1.0	-1.0	-1.0	-1.0	70.0	-1.0	-1.0	-1.0	17.0	-1.0	-1.0	-1.0	77.0	-1.0	-1.0	-1.0	-1.0	-1.0	-1.0	-1.0	-1.0	-1.0	-1.0	-1.0	-1.0	-1.0	-1.0	0.0	-1.0	
-1.0	23.0	34.0	-1.0	61.0	27.0	0.0	-1.0	-1.0	-1.0	-1.0	19.0	-1.0	-1.0	-1.0	-1.0	12.0	-1.0	-1.0	-1.0	28.0	-1.0	27.0	-1.0	-1.0	70.0	-1.0	41.0	34.0	-1.0	-1.0	11.0	-1.0	-1.0	-1.0	35.0	37.0	-1.0	-1.0	-1.0	2.0	37.0	28.0	-1.0	17.0	-1.0	56.0	-1.0	0.0	25.0	
-1.0	23.0	34.0	36.0	46.0	-1.0	0.0	-1.0	7.0	13.0	27.0	19.0	19.0	0.0	-1.0	-1.0	-1.0	-1.0	-1.0	-1.0	28.0	-1.0	27.0	-1.0	-1.0	70.0	-1.0	41.0	34.0	-1.0	-1.0	11.0	56.0	-1.0	-1.0	-1.0	-1.0	3.0	-1.0	-1.0	2.0	37.0	-1.0	-1.0	-1.0	45.0	56.0	67.0	0.0	25.0	
-1.0	23.0	34.0	36.0	46.0	25.0	0.0	-1.0	7.0	-1.0	27.0	19.0	-1.0	0.0	-1.0	56.0	-1.0	-1.0	-1.0	7.0	28.0	-1.0	27.0	-1.0	18.0	70.0	26.0	41.0	34.0	0.0	-1.0	11.0	-1.0	-1.0	-1.0	-1.0	-1.0	-1.0	-1.0	-1.0	2.0	37.0	-1.0	21.0	17.0	37.0	-1.0	67.0	-1.0	-1.0	
-1.0	23.0	34.0	36.0	-1.0	-1.0	0.0	0.0	59.0	-1.0	27.0	19.0	-1.0	-1.0	-1.0	-1.0	-1.0	-1.0	42.0	7.0	-1.0	-1.0	27.0	39.0	-1.0	70.0	-1.0	49.0	-1.0	0.0	-1.0	-1.0	-1.0	-1.0	-1.0	-1.0	-1.0	-1.0	-1.0	-1.0	2.0	37.0	-1.0	21.0	17.0	44.0	56.0	-1.0	0.0	25.0	

distances_centre_w :
67.0	42.0	39.0	-1.0	-1.0	27.0	19.0	-1.0	-1.0	-1.0	-1.0	46.0	26.0	68.0	55.0	-1.0	-1.0	57.0	-1.0	-1.0	-1.0	-1.0	32.0	46.0	-1.0	-1.0	-1.0	59.0	50.0	-1.0	67.0	-1.0	-1.0	-1.0	-1.0	-1.0	-1.0	-1.0	-1.0	-1.0	-1.0	40.0	-1.0	-1.0	25.0	47.0	-1.0	-1.0	17.0	68.0	
-1.0	42.0	34.0	65.0	80.0	41.0	19.0	65.0	59.0	22.0	33.0	46.0	-1.0	57.0	-1.0	-1.0	-1.0	72.0	52.0	-1.0	-1.0	-1.0	-1.0	-1.0	30.0	81.0	-1.0	59.0	68.0	-1.0	55.0	-1.0	-1.0	82.0	-1.0	49.0	-1.0	15.0	-1.0	-1.0	54.0	40.0	-1.0	57.0	19.0	-1.0	72.0	74.0	17.0	53.0	
-1.0	42.0	-1.0	40.0	72.0	-1.0	75.0	-1.0	-1.0	-1.0	33.0	46.0	-1.0	68.0	-1.0	-1.0	-1.0	-1.0	52.0	61.0	59.0	73.0	35.0	-1.0	51.0	81.0	37.0	59.0	50.0	-1.0	67.0	-1.0	57.0	-1.0	-1.0	-1.0	-1.0	-1.0	38.0	46.0	66.0	41.0	-1.0	-1.0	58.0	-1.0	-1.0	74.0	17.0	53.0	
-1.0	42.0	39.0	40.0	80.0	-1.0	19.0	-1.0	-1.0	22.0	38.0	-1.0	-1.0	57.0	43.0	75.0	-1.0	-1.0	-1.0	61.0	43.0	-1.0	32.0	46.0	-1.0	81.0	49.0	59.0	50.0	19.0	67.0	46.0	-1.0	82.0	-1.0	49.0	-1.0	-1.0	49.0	-1.0	54.0	-1.0	-1.0	-1.0	-1.0	-1.0	59.0	-1.0	17.0	53.0	
-1.0	42.0	41.0	40.0	80.0	27.0	19.0	-1.0	-1.0	22.0	33.0	-1.0	26.0	57.0	-1.0	-1.0	-1.0	-1.0	-1.0	-1.0	43.0	-1.0	32.0	-1.0	28.0	81.0	49.0	-1.0	50.0	-1.0	67.0	-1.0	57.0	82.0	52.0	49.0	-1.0	15.0	-1.0	-1.0	54.0	40.0	-1.0	57.0	25.0	-1.0	59.0	-1.0	17.0	53.0	
52.0	42.0	-1.0	-1.0	-1.0	-1.0	-1.0	66.0	59.0	-1.0	-1.0	-1.0	-1.0	-1.0	-1.0	-1.0	-1.0	-1.0	-1.0	-1.0	-1.0	-1.0	-1.0	46.0	-1.0	-1.0	-1.0	-1.0	-1.0	-1.0	-1.0	46.0	-1.0	-1.0	-1.0	49.0	-1.0	-1.0	-1.0	-1.0	54.0	40.0	-1.0	42.0	-1.0	-1.0	-1.0	-1.0	-1.0	53.0	
-1.0	42.0	41.0	-1.0	80.0	42.0	19.0	-1.0	-1.0	-1.0	-1.0	46.0	-1.0	-1.0	-1.0	-1.0	13.0	-1.0	-1.0	-1.0	43.0	-1.0	32.0	-1.0	-1.0	81.0	-1.0	49.0	50.0	-1.0	-1.0	67.0	-1.0	-1.0	-1.0	49.0	38.0	-1.0	-1.0	-1.0	54.0	40.0	40.0	-1.0	25.0	-1.0	59.0	-1.0	17.0	68.0	
-1.0	42.0	39.0	40.0	80.0	-1.0	19.0	-1.0	74.0	58.0	33.0	46.0	26.0	68.0	-1.0	-1.0	-1.0	-1.0	-1.0	-1.0	43.0	-1.0	32.0	-1.0	-1.0	81.0	-1.0	49.0	50.0	-1.0	-1.0	67.0	57.0	-1.0	-1.0	-1.0	-1.0	15.0	-1.0	-1.0	54.0	41.0	-1.0	-1.0	-1.0	47.0	72.0	74.0	17.0	53.0	
-1.0	42.0	34.0	40.0	80.0	42.0	19.0	-1.0	59.0	-1.0	33.0	46.0	-1.0	57.0	-1.0	58.0	-1.0	-1.0	-1.0	61.0	43.0	-1.0	32.0	-1.0	28.0	81.0	71.0	78.0	68.0	17.0	-1.0	46.0	-1.0	-1.0	-1.0	-1.0	-1.0	-1.0	-1.0	-1.0	54.0	40.0	-1.0	42.0	25.0	44.0	-1.0	74.0	-1.0	-1.0	
-1.0	42.0	39.0	40.0	-1.0	-1.0	19.0	65.0	59.0	-1.0	33.0	46.0	-1.0	-1.0	-1.0	-1.0	-1.0	-1.0	52.0	61.0	-1.0	-1.0	32.0	46.0	-1.0	81.0	-1.0	59.0	-1.0	17.0	-1.0	-1.0	-1.0	-1.0	-1.0	-1.0	-1.0	-1.0	-1.0	-1.0	54.0	40.0	-1.0	42.0	25.0	45.0	59.0	-1.0	17.0	53.0	

maxX :
77.0	77.0	70.0	77.0	77.0	77.0	70.0	70.0	70.0	70.0	

maxW :
68.0	82.0	81.0	82.0	82.0	66.0	81.0	81.0	81.0	81.0	

minX :
0.0	0.0	0.0	0.0	0.0	0.0	0.0	0.0	0.0	0.0	

minW :
17.0	15.0	17.0	17.0	15.0	40.0	13.0	15.0	17.0	17.0	

moyX :
44.473684210526315	29.266666666666666	31.555555555555557	30.821428571428573	29.03448275862069	33.666666666666664	28.363636363636363	27.923076923076923	26.51851851851852	27.565217391304348	

moyW :
44.85	50.4	53.74074074074074	48.964285714285715	44.724137931034484	49.90909090909091	45.22727272727273	49.11538461538461	48.666666666666664	44.608695652173914	

medX :
49.0	27.5	28.0	34.0	26.0	27.0	27.5	27.0	26.0	27.0	

medW :
46.0	53.5	53.0	49.0	43.0	49.0	42.5	48.0	44.0	45.0	

ecartTypeX :
19.776031268745058	21.343122753919793	18.991876105974665	20.943893708512498	20.440802262784462	24.60352278299458	17.981165536460278	20.246411034139204	18.649536525609086	20.04305384818982	

ecartTypeW :
16.248923041235685	19.78147281338441	15.237849057388237	17.73511879789674	18.481857929675233	7.549287088009708	17.911225068963716	18.741822674429596	18.059572202800048	15.871054129081722	

varX :
391.09141274238226	455.52888888888884	360.69135802469134	438.64668367346945	417.8263971462544	605.3333333333334	323.3223140495868	409.91715976331363	347.8052126200274	401.7240075614368	

varW :
264.0275	391.30666666666656	232.19204389574756	314.53443877551024	341.5790725326993	56.99173553719009	320.8119834710743	351.2559171597634	326.14814814814815	251.890359168242	

covarX :
412.8187134502923	471.23678160919525	374.56410256410254	454.89285714285717	432.74876847290636	681.0	338.71861471861473	426.31384615384616	361.1823361823362	419.9841897233201	

covarW :
277.9236842105263	404.7999999999999	241.1225071225071	326.18386243386243	353.77832512315274	62.69090909090909	336.08874458874453	365.3061538461539	338.69230769230774	263.3399209486167	

coef_variationX :
0.4446681587055102	0.7292638754186718	0.6018552287104647	0.6795237819679605	0.7040181301909137	0.7307977064255816	0.6339513490418688	0.7250780811124232	0.7032646455187784	0.7271139408649304	

coef_variationW :
0.36229482812119695	0.3924895399481034	0.28354371092314434	0.3622051979147401	0.41324123358564513	0.15126076132624186	0.3960270869519616	0.3815876190565149	0.37108710005753526	0.3557838644920854	

moy_distances_centre :	60.0
min_distances_centre :	17.0
max_distances_centre :	119.0
med_distances_centre :	65.5
ecartType_distances_centre :	29.06200268391702
var_distances_centre :	844.6
covar_distances_centre :	889.0526315789473
coef_variation_distances_centre :	0.484366711398617
capacite_X_temoin : 
156.0	171.0	0.0	175.0	144.0	
138.0	153.0	162.0	163.0	159.0	
0.0	144.0	136.0	147.0	166.0	
166.0	151.0	141.0	168.0	171.0	
144.0	144.0	162.0	147.0	165.0	
172.0	144.0	135.0	0.0	157.0	
172.0	171.0	157.0	135.0	163.0	
141.0	136.0	172.0	156.0	148.0	
147.0	139.0	171.0	144.0	169.0	
154.0	177.0	177.0	147.0	163.0	

capacite_W_temoin : 
140.8	172.3	0.0	194.5	61.199999999999996	
129.4	124.9	166.6	196.9	89.69999999999999	
0.0	107.19999999999999	143.8	146.1	51.8	
186.8	148.3	123.3	180.4	101.3	
136.2	143.2	166.6	138.1	111.5	
169.6	109.19999999999999	127.5	0.0	109.1	
168.6	147.3	158.1	159.5	157.9	
134.3	124.8	187.6	193.8	68.4	
134.1	114.69999999999999	177.3	161.2	129.7	
134.2	158.1	219.1	165.1	130.9	

demande_cumulee_X : 
62.0	50.0	0.0	33.0	126.0	
50.0	74.0	44.0	15.0	117.0	
0.0	80.0	33.0	45.0	164.0	
29.0	48.0	60.0	38.0	121.0	
51.0	44.0	44.0	53.0	103.0	
54.0	78.0	48.0	0.0	95.0	
55.0	75.0	46.0	16.0	54.0	
49.0	52.0	36.0	9.0	124.0	
57.0	66.0	45.0	26.0	90.0	
66.0	72.0	11.0	26.0	81.0	

demande_cumulee_W : 
38.0	36.0	0.0	137.0	60.0	
65.0	21.0	42.0	86.0	86.0	
0.0	40.0	118.0	117.0	47.0	
56.0	19.0	52.0	74.0	95.0	
34.0	20.0	46.0	94.0	101.0	
79.0	42.0	62.0	0.0	92.0	
25.0	12.0	16.0	85.0	108.0	
30.0	14.0	45.0	121.0	60.0	
56.0	14.0	28.0	69.0	117.0	
0.0	38.0	17.0	82.0	119.0	

capacite_residuelle_X : 
94.0	121.0	0.0	142.0	18.0	
88.0	79.0	118.0	148.0	42.0	
0.0	64.0	103.0	102.0	2.0	
137.0	103.0	81.0	130.0	50.0	
93.0	100.0	118.0	94.0	62.0	
118.0	66.0	87.0	0.0	62.0	
117.0	96.0	111.0	119.0	109.0	
92.0	84.0	136.0	147.0	24.0	
90.0	73.0	126.0	118.0	79.0	
88.0	105.0	166.0	121.0	82.0	

capacite_residuelle_W : 
102.80000000000001	136.3	0.0	57.5	1.1999999999999957	
64.4	103.9	124.6	110.9	3.6999999999999886	
0.0	67.19999999999999	25.80000000000001	29.099999999999994	4.799999999999997	
130.8	129.3	71.3	106.4	6.299999999999997	
102.19999999999999	123.19999999999999	120.6	44.099999999999994	10.5	
90.6	67.19999999999999	65.5	0.0	17.099999999999994	
143.6	135.3	142.1	74.5	49.900000000000006	
104.30000000000001	110.8	142.6	72.80000000000001	8.400000000000006	
78.1	100.69999999999999	149.3	92.19999999999999	12.699999999999989	
134.2	120.1	202.1	83.1	11.900000000000006	

min_capacite_X : 
0.0	138.0	0.0	141.0	144.0	0.0	135.0	136.0	139.0	147.0	

min_capacite_W : 
0.0	89.69999999999999	0.0	101.3	111.5	0.0	147.3	68.4	114.69999999999999	130.9	

max_capacite_X : 
175.0	163.0	166.0	171.0	165.0	172.0	172.0	172.0	171.0	177.0	

max_capacite_W : 
194.5	196.9	146.1	186.8	166.6	169.6	168.6	193.8	177.3	219.1	

moy_capacite_X : 
129.2	155.0	118.6	159.4	152.4	121.6	159.6	150.6	154.0	163.6	

moy_capacite_W : 
113.76000000000002	141.5	89.78	148.02	139.12	103.08	158.28	141.78	143.4	161.48	

med_capacite_X : 
156.0	159.0	144.0	166.0	147.0	144.0	163.0	148.0	147.0	163.0	

med_capacite_W : 
140.8	129.4	107.19999999999999	148.3	138.1	109.19999999999999	158.1	134.3	134.1	158.1	

ecartType_capacite_X : 
65.53594433591385	9.186947262284681	60.11189566134144	11.499565209172042	9.178235124467014	62.06641603959423	13.46996659238619	12.642784503423286	13.326664999166145	12.059850745345068	

ecartType_capacite_W : 
72.63736228691127	36.89005285981575	56.38526048534315	32.69944342033975	17.574003527938643	56.07214638303049	6.763549364054344	45.900867094206404	22.644734487293075	31.69835326953121	

var_capacite_X : 
4294.959999999999	84.4	3613.44	132.24	84.24000000000001	3852.2400000000002	181.44	159.84	177.6	145.44	

var_capacite_W : 
5276.1864000000005	1360.8760000000002	3179.2976000000003	1069.2536000000005	308.84559999999993	3144.0856	45.745599999999925	2106.8896	512.7840000000003	1004.7855999999999	

covar_capacite_X : 
5368.699999999999	105.5	4516.8	165.3	105.30000000000001	4815.3	226.8	199.8	222.0	181.8	

covar_capacite_W : 
6595.233	1701.0950000000003	3974.1220000000003	1336.5670000000005	386.0569999999999	3930.107	57.1819999999999	2633.612	640.9800000000004	1255.982	

##########	##########	##########	##########	##########	##########	##########	##########	##########	##########	##########	##########	##########	##########	##########	##########	##########	##########	##########	##########	##########	##########	##########	##########	##########	##########	##########	##########	##########	##########	##########	##########	##########	##########	##########	##########	##########	##########	##########	##########	##########	##########	##########	##########	##########	##########	##########	##########	##########	##########	nombre de noeuds : 50
nombre de strates : 10
nombre de centres : 5
titre : fenetre
instances : p1_3
temps de calcul : 0.057929039001464844
valeur objective : 1694.0
nombre de solutions : 3
nombre de noeuds : 1.0
faisability : True
centre : [7, 13, 6, 29, 44]
moy_distances :	53.73
min_distances :	1.0
max_distances :	119.0
var_distances :	623.2722272386505
covar_distances :	623.5267279439339
ecartType_distances :	24.96542063011658
coef_variation	: 0.46466171767009756
distances_centre_x :
62.0	-1.0	24.0	-1.0	-1.0	25.0	-1.0	-1.0	-1.0	11.0	-1.0	-1.0	17.0	58.0	55.0	75.0	-1.0	57.0	-1.0	-1.0	-1.0	-1.0	13.0	-1.0	-1.0	-1.0	-1.0	-1.0	50.0	-1.0	-1.0	-1.0	-1.0	-1.0	-1.0	-1.0	-1.0	-1.0	-1.0	-1.0	56.0	23.0	-1.0	52.0	0.0	29.0	-1.0	-1.0	17.0	64.0	
-1.0	23.0	24.0	40.0	61.0	25.0	0.0	0.0	7.0	11.0	21.0	19.0	-1.0	0.0	-1.0	-1.0	-1.0	35.0	52.0	-1.0	-1.0	-1.0	-1.0	-1.0	18.0	81.0	-1.0	41.0	50.0	-1.0	51.0	-1.0	-1.0	82.0	-1.0	35.0	-1.0	3.0	-1.0	-1.0	2.0	23.0	-1.0	21.0	0.0	-1.0	56.0	74.0	17.0	25.0	
-1.0	23.0	-1.0	40.0	61.0	-1.0	17.0	-1.0	-1.0	-1.0	21.0	19.0	-1.0	0.0	-1.0	-1.0	-1.0	-1.0	52.0	7.0	28.0	63.0	13.0	-1.0	18.0	81.0	49.0	41.0	50.0	-1.0	51.0	-1.0	57.0	-1.0	-1.0	-1.0	-1.0	-1.0	38.0	24.0	2.0	23.0	-1.0	-1.0	0.0	-1.0	-1.0	74.0	17.0	25.0	
-1.0	23.0	24.0	40.0	61.0	-1.0	0.0	-1.0	-1.0	11.0	21.0	-1.0	-1.0	0.0	43.0	56.0	-1.0	-1.0	-1.0	7.0	28.0	-1.0	13.0	39.0	-1.0	81.0	49.0	41.0	50.0	0.0	51.0	11.0	-1.0	82.0	-1.0	35.0	-1.0	-1.0	49.0	-1.0	2.0	-1.0	-1.0	-1.0	-1.0	-1.0	56.0	-1.0	17.0	25.0	
-1.0	23.0	24.0	40.0	61.0	25.0	0.0	-1.0	-1.0	11.0	21.0	-1.0	17.0	0.0	-1.0	-1.0	-1.0	-1.0	-1.0	-1.0	28.0	-1.0	13.0	-1.0	18.0	81.0	49.0	-1.0	50.0	-1.0	51.0	-1.0	57.0	82.0	16.0	35.0	-1.0	3.0	-1.0	-1.0	2.0	23.0	-1.0	21.0	0.0	-1.0	56.0	-1.0	17.0	25.0	
-1.0	-1.0	-1.0	-1.0	-1.0	-1.0	-1.0	-1.0	-1.0	-1.0	-1.0	-1.0	-1.0	-1.0	-1.0	-1.0	-1.0	-1.0	-1.0	-1.0	-1.0	-1.0	-1.0	-1.0	-1.0	-1.0	-1.0	-1.0	-1.0	-1.0	-1.0	-1.0	-1.0	-1.0	-1.0	-1.0	-1.0	-1.0	-1.0	-1.0	-1.0	-1.0	-1.0	-1.0	-1.0	-1.0	-1.0	-1.0	-1.0	-1.0	
-1.0	23.0	24.0	-1.0	61.0	25.0	0.0	-1.0	-1.0	-1.0	-1.0	19.0	-1.0	-1.0	-1.0	-1.0	12.0	-1.0	-1.0	-1.0	28.0	-1.0	13.0	-1.0	-1.0	81.0	-1.0	41.0	50.0	-1.0	-1.0	11.0	-1.0	-1.0	-1.0	35.0	38.0	-1.0	-1.0	-1.0	2.0	23.0	28.0	-1.0	0.0	-1.0	56.0	-1.0	17.0	25.0	
-1.0	23.0	24.0	40.0	61.0	-1.0	0.0	-1.0	7.0	12.0	21.0	19.0	26.0	0.0	-1.0	-1.0	-1.0	-1.0	-1.0	-1.0	28.0	-1.0	13.0	-1.0	-1.0	81.0	-1.0	41.0	50.0	-1.0	-1.0	11.0	57.0	-1.0	-1.0	-1.0	-1.0	3.0	-1.0	-1.0	2.0	23.0	-1.0	-1.0	-1.0	29.0	56.0	74.0	17.0	25.0	
-1.0	23.0	24.0	40.0	61.0	25.0	0.0	-1.0	7.0	-1.0	21.0	19.0	-1.0	0.0	-1.0	56.0	-1.0	-1.0	-1.0	7.0	28.0	-1.0	13.0	-1.0	18.0	81.0	49.0	41.0	50.0	0.0	-1.0	11.0	-1.0	-1.0	-1.0	-1.0	-1.0	-1.0	-1.0	-1.0	2.0	23.0	-1.0	21.0	0.0	29.0	-1.0	74.0	-1.0	-1.0	
-1.0	23.0	24.0	40.0	-1.0	-1.0	0.0	0.0	7.0	-1.0	21.0	19.0	-1.0	-1.0	-1.0	-1.0	-1.0	-1.0	52.0	7.0	-1.0	-1.0	13.0	39.0	-1.0	81.0	-1.0	41.0	-1.0	0.0	-1.0	-1.0	-1.0	-1.0	-1.0	-1.0	-1.0	-1.0	-1.0	-1.0	2.0	23.0	-1.0	21.0	0.0	37.0	56.0	-1.0	17.0	25.0	

distances_centre_w :
-1.0	43.0	39.0	45.0	-1.0	-1.0	17.0	-1.0	59.0	12.0	-1.0	46.0	26.0	68.0	57.0	79.0	-1.0	-1.0	-1.0	-1.0	-1.0	-1.0	-1.0	55.0	-1.0	86.0	-1.0	59.0	58.0	-1.0	67.0	-1.0	-1.0	93.0	-1.0	-1.0	-1.0	-1.0	-1.0	-1.0	66.0	-1.0	-1.0	57.0	19.0	-1.0	-1.0	-1.0	25.0	68.0	
-1.0	43.0	34.0	45.0	80.0	42.0	17.0	65.0	59.0	22.0	33.0	46.0	-1.0	58.0	-1.0	-1.0	-1.0	72.0	76.0	-1.0	-1.0	-1.0	-1.0	-1.0	86.0	82.0	-1.0	78.0	68.0	-1.0	80.0	-1.0	-1.0	91.0	-1.0	64.0	-1.0	16.0	-1.0	-1.0	56.0	37.0	-1.0	52.0	17.0	-1.0	72.0	83.0	25.0	68.0	
-1.0	43.0	-1.0	61.0	72.0	-1.0	19.0	-1.0	-1.0	-1.0	33.0	46.0	-1.0	58.0	-1.0	-1.0	-1.0	-1.0	68.0	62.0	56.0	63.0	32.0	-1.0	36.0	82.0	51.0	59.0	66.0	-1.0	67.0	-1.0	73.0	-1.0	-1.0	-1.0	-1.0	-1.0	49.0	46.0	56.0	41.0	-1.0	-1.0	58.0	-1.0	-1.0	83.0	25.0	64.0	
-1.0	43.0	34.0	45.0	80.0	-1.0	17.0	-1.0	-1.0	12.0	33.0	-1.0	-1.0	58.0	55.0	79.0	-1.0	-1.0	-1.0	62.0	56.0	-1.0	27.0	55.0	-1.0	82.0	51.0	78.0	58.0	19.0	86.0	50.0	-1.0	91.0	-1.0	64.0	-1.0	-1.0	50.0	-1.0	56.0	-1.0	-1.0	-1.0	-1.0	-1.0	84.0	-1.0	25.0	64.0	
-1.0	43.0	34.0	45.0	80.0	41.0	17.0	-1.0	-1.0	22.0	33.0	-1.0	26.0	58.0	-1.0	-1.0	-1.0	-1.0	-1.0	-1.0	56.0	-1.0	27.0	-1.0	28.0	82.0	71.0	-1.0	58.0	-1.0	67.0	-1.0	73.0	91.0	52.0	64.0	-1.0	16.0	-1.0	-1.0	56.0	37.0	-1.0	52.0	17.0	-1.0	88.0	-1.0	25.0	64.0	
-1.0	-1.0	-1.0	-1.0	-1.0	-1.0	-1.0	-1.0	-1.0	-1.0	-1.0	-1.0	-1.0	-1.0	-1.0	-1.0	-1.0	-1.0	-1.0	-1.0	-1.0	-1.0	-1.0	-1.0	-1.0	-1.0	-1.0	-1.0	-1.0	-1.0	-1.0	-1.0	-1.0	-1.0	-1.0	-1.0	-1.0	-1.0	-1.0	-1.0	-1.0	-1.0	-1.0	-1.0	-1.0	-1.0	-1.0	-1.0	-1.0	-1.0	
-1.0	43.0	34.0	-1.0	80.0	41.0	17.0	-1.0	-1.0	-1.0	-1.0	46.0	-1.0	-1.0	-1.0	-1.0	23.0	-1.0	-1.0	-1.0	56.0	-1.0	27.0	-1.0	-1.0	82.0	-1.0	59.0	58.0	-1.0	-1.0	50.0	-1.0	-1.0	-1.0	64.0	46.0	-1.0	-1.0	-1.0	73.0	37.0	40.0	-1.0	17.0	-1.0	72.0	-1.0	25.0	68.0	
-1.0	43.0	39.0	45.0	80.0	-1.0	17.0	-1.0	59.0	22.0	33.0	46.0	34.0	58.0	-1.0	-1.0	-1.0	-1.0	-1.0	-1.0	56.0	-1.0	27.0	-1.0	-1.0	82.0	-1.0	74.0	68.0	-1.0	-1.0	50.0	73.0	-1.0	-1.0	-1.0	-1.0	16.0	-1.0	-1.0	56.0	37.0	-1.0	-1.0	-1.0	37.0	72.0	83.0	25.0	64.0	
-1.0	43.0	34.0	45.0	80.0	42.0	17.0	-1.0	59.0	-1.0	33.0	46.0	-1.0	58.0	-1.0	75.0	-1.0	-1.0	-1.0	62.0	56.0	-1.0	27.0	-1.0	36.0	82.0	71.0	59.0	68.0	19.0	-1.0	50.0	-1.0	-1.0	-1.0	-1.0	-1.0	-1.0	-1.0	-1.0	73.0	37.0	-1.0	52.0	17.0	44.0	-1.0	83.0	-1.0	-1.0	
-1.0	43.0	34.0	45.0	-1.0	-1.0	17.0	65.0	59.0	-1.0	33.0	46.0	-1.0	-1.0	-1.0	-1.0	-1.0	-1.0	55.0	62.0	-1.0	-1.0	27.0	55.0	-1.0	82.0	-1.0	59.0	-1.0	19.0	-1.0	-1.0	-1.0	-1.0	-1.0	-1.0	-1.0	-1.0	-1.0	-1.0	56.0	37.0	-1.0	52.0	17.0	44.0	72.0	-1.0	25.0	64.0	

maxX :
75.0	82.0	81.0	82.0	82.0	nan	81.0	81.0	81.0	81.0	

maxW :
93.0	91.0	83.0	91.0	91.0	nan	82.0	83.0	83.0	82.0	

minX :
0.0	0.0	0.0	0.0	0.0	nan	0.0	0.0	0.0	0.0	

minW :
12.0	16.0	19.0	12.0	16.0	nan	17.0	16.0	17.0	17.0	

moyX :
38.22222222222222	29.9	33.111111111111114	32.67857142857143	29.275862068965516	nan	27.818181818181817	28.576923076923077	26.77777777777778	23.82608695652174	

moyW :
52.0	55.56666666666667	54.407407407407405	54.07142857142857	49.06896551724138	nan	48.09090909090909	49.84615384615385	50.666666666666664	46.43478260869565	

medX :
39.5	23.5	25.0	31.5	23.0	nan	24.5	23.5	23.0	21.0	

medW :
57.0	58.5	58.0	55.5	52.0	nan	46.0	48.0	50.0	46.0	

ecartTypeX :
21.9660231457473	23.983813986381175	22.173279436918087	23.04042033878191	22.647062002835717	nan	19.98098269408909	22.221218336956646	22.409213272807524	20.405992670340837	

ecartTypeW :
21.685772461979013	22.548737338386722	16.032973567826144	21.771423884513933	22.03747753648826	nan	19.43031626306285	20.206039287021074	19.339079605813716	17.650781697079548	

varX :
482.5061728395062	575.2233333333332	491.6543209876544	530.8609693877551	512.8894173602854	nan	399.23966942148763	493.7825443786982	502.17283950617286	416.4045368620039	

varW :
470.27272727272725	508.4455555555556	257.05624142661173	473.9948979591837	485.6504161712248	nan	377.53719008264466	408.2840236686391	374.0	311.5500945179584	

covarX :
510.8888888888889	595.0586206896551	510.56410256410254	550.5224867724868	531.2068965517241	nan	418.25108225108227	513.5338461538461	521.4871794871797	435.33201581027674	

covarW :
492.66666666666663	525.9781609195402	266.94301994302	491.55026455026444	502.9950738916256	nan	395.5151515151515	424.6153846153845	388.3846153846154	325.71146245059293	

coef_variationX :
0.5746924660224585	0.8021342470361598	0.6696628017861166	0.7050620431539819	0.7735745560450363	nan	0.7182706197221569	0.7775931046579715	0.8368585869513183	0.8564558967478818	

coef_variationW :
0.41703408580728873	0.4057961128683873	0.29468365305058264	0.40264192124596443	0.4491123320858465	nan	0.40403304138694013	0.40536807211616355	0.3816923606410602	0.3801198305550839	

moy_distances_centre :	60.5
min_distances_centre :	17.0
max_distances_centre :	119.0
med_distances_centre :	66.5
ecartType_distances_centre :	31.67412192942371
var_distances_centre :	1003.25
covar_distances_centre :	1056.0526315789473
coef_variation_distances_centre :	0.52353920544502
capacite_X_temoin : 
156.0	171.0	0.0	175.0	135.0	
138.0	153.0	162.0	163.0	168.0	
0.0	144.0	136.0	147.0	135.0	
166.0	151.0	141.0	168.0	163.0	
144.0	144.0	162.0	147.0	144.0	
172.0	144.0	135.0	0.0	0.0	
172.0	171.0	157.0	135.0	172.0	
141.0	136.0	172.0	156.0	151.0	
147.0	139.0	171.0	144.0	135.0	
154.0	177.0	177.0	147.0	153.0	

capacite_W_temoin : 
187.8	110.3	0.0	154.5	104.5	
164.4	85.9	125.6	165.9	177.4	
0.0	45.199999999999996	99.8	162.1	101.5	
201.8	101.3	77.3	165.4	183.9	
172.2	101.19999999999999	120.6	145.1	129.2	
133.6	101.19999999999999	76.5	0.0	0.0	
209.6	135.3	143.1	133.5	181.6	
169.3	90.8	148.6	165.8	138.3	
175.1	78.69999999999999	158.3	144.2	116.5	
185.2	106.1	198.1	163.1	141.9	

demande_cumulee_X : 
15.0	112.0	0.0	73.0	71.0	
15.0	113.0	85.0	46.0	41.0	
0.0	142.0	77.0	29.0	74.0	
14.0	95.0	106.0	53.0	28.0	
15.0	86.0	90.0	46.0	58.0	
90.0	86.0	99.0	0.0	0.0	
14.0	87.0	61.0	42.0	42.0	
14.0	86.0	75.0	37.0	58.0	
16.0	102.0	64.0	43.0	59.0	
15.0	124.0	32.0	28.0	57.0	

demande_cumulee_W : 
54.0	2.0	0.0	141.0	74.0	
90.0	35.0	26.0	84.0	65.0	
0.0	32.0	54.0	151.0	85.0	
63.0	30.0	1.0	94.0	108.0	
77.0	34.0	5.0	87.0	92.0	
116.0	85.0	74.0	0.0	0.0	
83.0	18.0	1.0	70.0	74.0	
79.0	19.0	5.0	90.0	77.0	
110.0	18.0	4.0	103.0	49.0	
70.0	17.0	1.0	134.0	34.0	

capacite_residuelle_X : 
141.0	59.0	0.0	102.0	64.0	
123.0	40.0	77.0	117.0	127.0	
0.0	2.0	59.0	118.0	61.0	
152.0	56.0	35.0	115.0	135.0	
129.0	58.0	72.0	101.0	86.0	
82.0	58.0	36.0	0.0	0.0	
158.0	84.0	96.0	93.0	130.0	
127.0	50.0	97.0	119.0	93.0	
131.0	37.0	107.0	101.0	76.0	
139.0	53.0	145.0	119.0	96.0	

capacite_residuelle_W : 
133.8	108.3	0.0	13.5	30.5	
74.4	50.900000000000006	99.6	81.9	112.4	
0.0	13.199999999999996	45.8	11.099999999999994	16.5	
138.8	71.3	76.3	71.4	75.9	
95.19999999999999	67.19999999999999	115.6	58.099999999999994	37.19999999999999	
17.599999999999994	16.19999999999999	2.5	0.0	0.0	
126.6	117.30000000000001	142.1	63.5	107.6	
90.30000000000001	71.8	143.6	75.80000000000001	61.30000000000001	
65.1	60.69999999999999	154.3	41.19999999999999	67.5	
115.19999999999999	89.1	197.1	29.099999999999994	107.9	

min_capacite_X : 
0.0	138.0	0.0	141.0	144.0	0.0	135.0	136.0	135.0	147.0	

min_capacite_W : 
0.0	85.9	0.0	77.3	101.19999999999999	0.0	133.5	90.8	78.69999999999999	106.1	

max_capacite_X : 
175.0	168.0	147.0	168.0	162.0	172.0	172.0	172.0	171.0	177.0	

max_capacite_W : 
187.8	177.4	162.1	201.8	172.2	133.6	209.6	169.3	175.1	198.1	

moy_capacite_X : 
127.4	156.8	112.4	157.8	148.2	90.2	161.4	151.2	147.2	161.6	

moy_capacite_W : 
111.42	143.83999999999997	81.72	145.94	133.66	62.25999999999999	160.62	142.56	134.56	158.88	

med_capacite_X : 
156.0	162.0	136.0	163.0	144.0	135.0	171.0	151.0	144.0	154.0	

med_capacite_W : 
110.3	164.4	99.8	165.4	129.2	76.5	143.1	148.6	144.2	163.1	

ecartType_capacite_X : 
65.2276015196021	10.57166022912201	56.38652321255497	10.264501936285072	6.99714227381436	74.65226051500383	14.374978260853128	12.576167937809991	12.592060990957753	12.8	

ecartType_capacite_W : 
63.48755468593825	33.83894797419092	55.11977503582539	48.25799830079984	23.91782598816205	53.965010886684716	30.07573108005855	28.244829615347307	33.90136280446555	32.627620201295706	

var_capacite_X : 
4254.639999999999	111.76000000000002	3179.44	105.35999999999999	48.959999999999994	5572.960000000001	206.64000000000001	158.16	158.55999999999997	163.84	

var_capacite_W : 
4030.6695999999997	1145.0744	3038.1896	2328.8344000000006	572.0623999999999	2912.2223999999997	904.5495999999997	797.7704000000002	1149.3024	1064.5615999999998	

covar_capacite_X : 
5318.299999999999	139.70000000000002	3974.3	131.7	61.199999999999996	6966.200000000001	258.3	197.7	198.19999999999996	204.8	

covar_capacite_W : 
5038.3369999999995	1431.343	3797.737	2911.0430000000006	715.0779999999999	3640.2779999999993	1130.6869999999997	997.2130000000003	1436.6280000000002	1330.7019999999998	

##########	##########	##########	##########	##########	##########	##########	##########	##########	##########	##########	##########	##########	##########	##########	##########	##########	##########	##########	##########	##########	##########	##########	##########	##########	##########	##########	##########	##########	##########	##########	##########	##########	##########	##########	##########	##########	##########	##########	##########	##########	##########	##########	##########	##########	##########	##########	##########	##########	##########	nombre de noeuds : 50
nombre de strates : 10
nombre de centres : 5
titre : fenetre
instances : p1_3
temps de calcul : 0.05603599548339844
valeur objective : 1404.0
nombre de solutions : 3
nombre de noeuds : 1.0
faisability : True
centre : [13, 6, 29, 44, 30]
moy_distances :	53.73
min_distances :	1.0
max_distances :	119.0
var_distances :	623.2722272386505
covar_distances :	623.5267279439339
ecartType_distances :	24.96542063011658
coef_variation	: 0.46466171767009756
distances_centre_x :
62.0	42.0	24.0	22.0	-1.0	25.0	-1.0	-1.0	46.0	11.0	-1.0	46.0	17.0	58.0	44.0	43.0	-1.0	53.0	-1.0	-1.0	-1.0	-1.0	13.0	14.0	-1.0	31.0	-1.0	11.0	28.0	-1.0	0.0	-1.0	-1.0	40.0	-1.0	-1.0	-1.0	-1.0	-1.0	-1.0	56.0	23.0	-1.0	52.0	0.0	29.0	-1.0	-1.0	17.0	64.0	
-1.0	42.0	24.0	22.0	15.0	42.0	0.0	51.0	46.0	11.0	21.0	46.0	-1.0	0.0	-1.0	-1.0	-1.0	35.0	13.0	-1.0	-1.0	-1.0	-1.0	-1.0	18.0	31.0	-1.0	11.0	28.0	-1.0	0.0	-1.0	-1.0	40.0	-1.0	35.0	-1.0	3.0	-1.0	-1.0	2.0	23.0	-1.0	21.0	0.0	-1.0	5.0	34.0	17.0	25.0	
-1.0	43.0	-1.0	22.0	15.0	-1.0	17.0	-1.0	-1.0	-1.0	21.0	46.0	-1.0	0.0	-1.0	-1.0	-1.0	-1.0	13.0	44.0	28.0	16.0	13.0	-1.0	18.0	31.0	29.0	11.0	28.0	-1.0	0.0	-1.0	40.0	-1.0	-1.0	-1.0	-1.0	-1.0	38.0	35.0	2.0	23.0	-1.0	-1.0	0.0	-1.0	-1.0	34.0	17.0	25.0	
-1.0	42.0	34.0	22.0	15.0	-1.0	0.0	-1.0	-1.0	12.0	21.0	-1.0	-1.0	0.0	43.0	43.0	-1.0	-1.0	-1.0	44.0	28.0	-1.0	13.0	14.0	-1.0	31.0	29.0	11.0	28.0	0.0	0.0	11.0	-1.0	40.0	-1.0	35.0	-1.0	-1.0	38.0	-1.0	2.0	-1.0	-1.0	-1.0	-1.0	-1.0	5.0	-1.0	17.0	25.0	
-1.0	-1.0	24.0	-1.0	-1.0	-1.0	-1.0	-1.0	-1.0	-1.0	21.0	-1.0	17.0	-1.0	-1.0	-1.0	-1.0	-1.0	-1.0	-1.0	-1.0	-1.0	13.0	-1.0	-1.0	-1.0	-1.0	-1.0	-1.0	-1.0	-1.0	-1.0	-1.0	-1.0	-1.0	64.0	-1.0	-1.0	-1.0	-1.0	-1.0	23.0	-1.0	-1.0	0.0	-1.0	-1.0	-1.0	-1.0	-1.0	
-1.0	-1.0	-1.0	-1.0	-1.0	-1.0	-1.0	-1.0	-1.0	-1.0	-1.0	-1.0	-1.0	-1.0	-1.0	-1.0	-1.0	-1.0	-1.0	-1.0	-1.0	-1.0	-1.0	-1.0	-1.0	-1.0	-1.0	-1.0	-1.0	-1.0	-1.0	-1.0	-1.0	-1.0	-1.0	-1.0	-1.0	-1.0	-1.0	-1.0	-1.0	-1.0	-1.0	-1.0	-1.0	-1.0	-1.0	-1.0	-1.0	-1.0	
-1.0	-1.0	24.0	-1.0	-1.0	-1.0	-1.0	-1.0	-1.0	-1.0	-1.0	-1.0	-1.0	-1.0	-1.0	-1.0	12.0	-1.0	-1.0	-1.0	-1.0	-1.0	13.0	-1.0	-1.0	-1.0	-1.0	-1.0	58.0	-1.0	-1.0	-1.0	-1.0	-1.0	-1.0	-1.0	-1.0	-1.0	-1.0	-1.0	-1.0	23.0	-1.0	-1.0	0.0	-1.0	-1.0	-1.0	25.0	-1.0	
-1.0	42.0	24.0	22.0	15.0	-1.0	0.0	-1.0	46.0	11.0	21.0	46.0	17.0	0.0	-1.0	-1.0	-1.0	-1.0	-1.0	-1.0	28.0	-1.0	13.0	-1.0	-1.0	31.0	-1.0	11.0	28.0	-1.0	-1.0	11.0	40.0	-1.0	-1.0	-1.0	-1.0	3.0	-1.0	-1.0	2.0	23.0	-1.0	-1.0	-1.0	29.0	5.0	34.0	17.0	25.0	
-1.0	42.0	24.0	22.0	15.0	25.0	0.0	-1.0	46.0	-1.0	21.0	46.0	-1.0	0.0	-1.0	43.0	-1.0	-1.0	-1.0	44.0	28.0	-1.0	13.0	-1.0	18.0	31.0	29.0	11.0	28.0	0.0	-1.0	11.0	-1.0	-1.0	-1.0	-1.0	-1.0	-1.0	-1.0	-1.0	2.0	23.0	-1.0	21.0	0.0	29.0	-1.0	34.0	-1.0	-1.0	
-1.0	42.0	24.0	22.0	-1.0	-1.0	0.0	51.0	46.0	-1.0	21.0	46.0	-1.0	-1.0	-1.0	-1.0	-1.0	-1.0	13.0	44.0	-1.0	-1.0	13.0	14.0	-1.0	31.0	-1.0	11.0	-1.0	0.0	-1.0	-1.0	-1.0	-1.0	-1.0	-1.0	-1.0	-1.0	-1.0	-1.0	2.0	23.0	-1.0	21.0	0.0	29.0	5.0	-1.0	17.0	25.0	

distances_centre_w :
67.0	43.0	83.0	45.0	-1.0	50.0	17.0	-1.0	59.0	12.0	-1.0	47.0	-1.0	68.0	55.0	75.0	-1.0	-1.0	-1.0	-1.0	-1.0	-1.0	-1.0	55.0	-1.0	86.0	-1.0	59.0	50.0	-1.0	67.0	-1.0	-1.0	93.0	-1.0	-1.0	-1.0	-1.0	-1.0	-1.0	85.0	-1.0	-1.0	66.0	-1.0	-1.0	-1.0	-1.0	25.0	67.0	
-1.0	43.0	34.0	45.0	80.0	50.0	17.0	65.0	78.0	22.0	33.0	47.0	-1.0	58.0	-1.0	-1.0	-1.0	72.0	55.0	-1.0	-1.0	-1.0	-1.0	-1.0	66.0	81.0	-1.0	59.0	50.0	-1.0	67.0	-1.0	-1.0	82.0	-1.0	80.0	-1.0	16.0	-1.0	-1.0	56.0	37.0	-1.0	52.0	17.0	-1.0	72.0	74.0	25.0	68.0	
-1.0	62.0	-1.0	45.0	72.0	-1.0	19.0	-1.0	-1.0	-1.0	37.0	47.0	-1.0	58.0	-1.0	-1.0	-1.0	-1.0	76.0	62.0	60.0	63.0	32.0	-1.0	36.0	81.0	37.0	59.0	50.0	-1.0	67.0	-1.0	57.0	-1.0	-1.0	-1.0	-1.0	-1.0	49.0	46.0	56.0	41.0	-1.0	-1.0	19.0	-1.0	-1.0	74.0	25.0	64.0	
-1.0	43.0	39.0	45.0	61.0	-1.0	17.0	-1.0	-1.0	22.0	33.0	-1.0	-1.0	58.0	71.0	56.0	-1.0	-1.0	-1.0	62.0	56.0	-1.0	27.0	55.0	-1.0	81.0	37.0	59.0	50.0	19.0	67.0	50.0	-1.0	82.0	-1.0	56.0	-1.0	-1.0	65.0	-1.0	56.0	-1.0	-1.0	-1.0	-1.0	-1.0	72.0	-1.0	25.0	64.0	
-1.0	62.0	-1.0	-1.0	-1.0	-1.0	17.0	-1.0	-1.0	-1.0	-1.0	-1.0	-1.0	58.0	-1.0	-1.0	-1.0	-1.0	-1.0	-1.0	56.0	-1.0	-1.0	-1.0	-1.0	-1.0	51.0	-1.0	-1.0	-1.0	80.0	-1.0	-1.0	-1.0	71.0	-1.0	-1.0	-1.0	-1.0	-1.0	56.0	-1.0	-1.0	52.0	-1.0	-1.0	84.0	-1.0	-1.0	64.0	
-1.0	-1.0	-1.0	-1.0	-1.0	-1.0	-1.0	-1.0	-1.0	-1.0	-1.0	-1.0	-1.0	-1.0	-1.0	-1.0	-1.0	-1.0	-1.0	-1.0	-1.0	-1.0	-1.0	-1.0	-1.0	-1.0	-1.0	-1.0	-1.0	-1.0	-1.0	-1.0	-1.0	-1.0	-1.0	-1.0	-1.0	-1.0	-1.0	-1.0	-1.0	-1.0	-1.0	-1.0	-1.0	-1.0	-1.0	-1.0	-1.0	-1.0	
-1.0	-1.0	-1.0	-1.0	-1.0	-1.0	17.0	-1.0	-1.0	-1.0	-1.0	-1.0	-1.0	-1.0	-1.0	-1.0	-1.0	-1.0	-1.0	-1.0	56.0	-1.0	-1.0	-1.0	-1.0	-1.0	-1.0	74.0	-1.0	-1.0	-1.0	-1.0	-1.0	-1.0	-1.0	64.0	62.0	-1.0	-1.0	-1.0	56.0	-1.0	-1.0	-1.0	-1.0	-1.0	84.0	-1.0	-1.0	64.0	
-1.0	43.0	39.0	45.0	61.0	-1.0	17.0	-1.0	59.0	22.0	33.0	47.0	26.0	58.0	-1.0	-1.0	-1.0	-1.0	-1.0	-1.0	56.0	-1.0	27.0	-1.0	-1.0	81.0	-1.0	59.0	50.0	-1.0	-1.0	50.0	57.0	-1.0	-1.0	-1.0	-1.0	16.0	-1.0	-1.0	56.0	37.0	-1.0	-1.0	-1.0	37.0	72.0	74.0	25.0	64.0	
-1.0	43.0	34.0	45.0	61.0	42.0	17.0	-1.0	59.0	-1.0	33.0	47.0	-1.0	58.0	-1.0	56.0	-1.0	-1.0	-1.0	62.0	56.0	-1.0	27.0	-1.0	28.0	81.0	37.0	59.0	50.0	19.0	-1.0	77.0	-1.0	-1.0	-1.0	-1.0	-1.0	-1.0	-1.0	-1.0	56.0	37.0	-1.0	52.0	19.0	44.0	-1.0	74.0	-1.0	-1.0	
-1.0	43.0	34.0	45.0	-1.0	-1.0	17.0	65.0	78.0	-1.0	33.0	47.0	-1.0	-1.0	-1.0	-1.0	-1.0	-1.0	55.0	62.0	-1.0	-1.0	27.0	55.0	-1.0	81.0	-1.0	59.0	-1.0	19.0	-1.0	-1.0	-1.0	-1.0	-1.0	-1.0	-1.0	-1.0	-1.0	-1.0	56.0	37.0	-1.0	52.0	17.0	47.0	72.0	-1.0	25.0	64.0	

maxX :
64.0	51.0	46.0	44.0	64.0	nan	58.0	46.0	46.0	51.0	

maxW :
93.0	82.0	81.0	82.0	84.0	nan	84.0	81.0	81.0	81.0	

minX :
0.0	0.0	0.0	0.0	0.0	nan	0.0	0.0	0.0	0.0	

minW :
12.0	16.0	19.0	17.0	17.0	nan	17.0	16.0	17.0	17.0	

moyX :
32.25925925925926	22.033333333333335	22.555555555555557	21.535714285714285	23.142857142857142	nan	22.142857142857142	20.923076923076923	22.444444444444443	21.73913043478261	

moyW :
57.90909090909091	53.36666666666667	51.629629629629626	51.0	59.18181818181818	nan	59.625	46.57692307692308	47.148148148148145	47.391304347826086	

medX :
29.0	21.5	22.0	21.5	21.0	nan	23.0	21.5	23.0	21.0	

medW :
59.0	55.5	56.0	56.0	58.0	nan	63.0	48.5	47.0	47.0	

ecartTypeX :
18.48040522361674	15.417486464689661	13.450411898782638	14.700539695770996	18.325848812370946	nan	16.796501093370367	13.541739113749461	14.410215854998643	15.51217583847786	

ecartTypeW :
20.897823050845815	20.50769503273236	16.593501959207803	17.7401884351403	16.894421789552485	nan	18.329876568051407	17.508620024088962	16.9305853056788	18.54193632408716	

varX :
341.5253772290809	237.69888888888892	180.9135802469136	216.1058673469388	335.8367346938776	nan	282.12244897959187	183.37869822485206	207.6543209876543	240.62759924385634	

varW :
436.71900826446273	420.56555555555553	275.34430727023323	314.7142857142857	285.4214876033058	nan	335.984375	306.551775147929	286.6447187928669	343.8034026465029	

covarX :
354.66096866096865	245.89540229885057	187.8717948717949	224.10978835978835	391.80952380952385	nan	329.14285714285717	190.71384615384616	215.64102564102566	251.56521739130432	

covarW :
457.5151515151514	435.0678160919541	285.9344729344729	326.3703703703703	313.96363636363645	nan	383.98214285714283	318.81384615384616	297.66951566951565	359.4308300395257	

coef_variationX :
0.5728713444749162	0.6997346353111797	0.5963236802415948	0.6826121251767627	0.791857664732078	nan	0.7585516622812424	0.6472154723483198	0.6420393202722169	0.7135600885699815	

coef_variationW :
0.36087292552481004	0.38427910742159327	0.32139494469053853	0.3478468320615745	0.28546642040718484	nan	0.30741931351029617	0.37590761405971346	0.35909332541502564	0.39125186738899514	

moy_distances_centre :	57.7
min_distances_centre :	17.0
max_distances_centre :	88.0
med_distances_centre :	67.5
ecartType_distances_centre :	27.129504234320244
var_distances_centre :	736.01
covar_distances_centre :	774.7473684210526
coef_variation_distances_centre :	0.470182049121668
capacite_X_temoin : 
156.0	0.0	175.0	168.0	135.0	
138.0	162.0	163.0	154.0	168.0	
0.0	136.0	147.0	172.0	135.0	
166.0	141.0	168.0	165.0	163.0	
144.0	162.0	147.0	0.0	144.0	
172.0	135.0	0.0	135.0	0.0	
172.0	157.0	135.0	0.0	172.0	
141.0	172.0	156.0	157.0	151.0	
147.0	171.0	144.0	174.0	135.0	
154.0	177.0	147.0	148.0	153.0	

capacite_W_temoin : 
187.8	0.0	190.5	70.4	104.5	
162.4	167.6	162.9	50.199999999999996	177.4	
0.0	137.8	144.1	61.6	101.5	
201.8	104.3	192.4	70.5	178.9	
172.2	97.6	95.1	0.0	116.19999999999999	
128.6	126.5	0.0	44.5	0.0	
209.6	143.1	86.5	0.0	141.6	
169.3	187.6	158.8	83.1	141.3	
175.1	187.3	141.2	98.19999999999999	116.5	
185.2	220.1	144.1	70.4	136.9	

demande_cumulee_X : 
15.0	0.0	37.0	148.0	71.0	
17.0	43.0	49.0	150.0	41.0	
0.0	39.0	47.0	162.0	74.0	
14.0	79.0	26.0	144.0	33.0	
15.0	113.0	96.0	0.0	71.0	
95.0	49.0	0.0	131.0	0.0	
14.0	61.0	89.0	0.0	82.0	
14.0	36.0	44.0	121.0	55.0	
16.0	35.0	46.0	128.0	59.0	
15.0	10.0	47.0	122.0	62.0	

demande_cumulee_W : 
62.0	0.0	145.0	32.0	32.0	
80.0	43.0	95.0	27.0	55.0	
0.0	92.0	123.0	42.0	65.0	
66.0	34.0	123.0	14.0	59.0	
84.0	24.0	94.0	0.0	93.0	
122.0	113.0	0.0	40.0	0.0	
138.0	15.0	16.0	0.0	77.0	
41.0	44.0	97.0	19.0	69.0	
64.0	30.0	119.0	23.0	48.0	
65.0	18.0	113.0	19.0	41.0	

capacite_residuelle_X : 
141.0	0.0	138.0	20.0	64.0	
121.0	119.0	114.0	4.0	127.0	
0.0	97.0	100.0	10.0	61.0	
152.0	62.0	142.0	21.0	130.0	
129.0	49.0	51.0	0.0	73.0	
77.0	86.0	0.0	4.0	0.0	
158.0	96.0	46.0	0.0	90.0	
127.0	136.0	112.0	36.0	96.0	
131.0	136.0	98.0	46.0	76.0	
139.0	167.0	100.0	26.0	91.0	

capacite_residuelle_W : 
125.80000000000001	0.0	45.5	38.400000000000006	72.5	
82.4	124.6	67.9	23.199999999999996	122.4	
0.0	45.80000000000001	21.099999999999994	19.6	36.5	
135.8	70.3	69.4	56.5	119.9	
88.19999999999999	73.6	1.0999999999999943	0.0	23.19999999999999	
6.599999999999994	13.5	0.0	4.5	0.0	
71.6	128.1	70.5	0.0	64.6	
128.3	143.6	61.80000000000001	64.1	72.30000000000001	
111.1	157.3	22.19999999999999	75.19999999999999	68.5	
120.19999999999999	202.1	31.099999999999994	51.400000000000006	95.9	

min_capacite_X : 
0.0	138.0	0.0	141.0	0.0	0.0	0.0	141.0	135.0	147.0	

min_capacite_W : 
0.0	50.199999999999996	0.0	70.5	0.0	0.0	0.0	83.1	98.19999999999999	70.4	

max_capacite_X : 
175.0	168.0	172.0	168.0	162.0	172.0	172.0	172.0	174.0	177.0	

max_capacite_W : 
190.5	177.4	144.1	201.8	172.2	128.6	209.6	187.6	187.3	220.1	

moy_capacite_X : 
126.8	157.0	118.0	160.6	119.4	88.4	127.2	155.4	154.2	155.8	

moy_capacite_W : 
110.64000000000001	144.1	89.0	149.57999999999998	96.22	59.92	116.16	148.02000000000004	143.66	151.33999999999997	

med_capacite_X : 
156.0	162.0	136.0	165.0	144.0	135.0	157.0	156.0	147.0	153.0	

med_capacite_W : 
104.5	162.9	101.5	178.9	97.6	44.5	141.6	158.8	141.2	144.1	

ecartType_capacite_X : 
64.83640952427888	10.507140429250958	60.48801534188405	9.93176721434811	60.07195685176237	73.43187318869103	65.02737884922011	10.05186549850325	15.48418548067673	10.943491216243562	

ecartType_capacite_W : 
72.42851924483891	47.2581844763423	53.37688638352747	52.39096868736061	55.5582721113607	57.56462107927055	69.96692361394776	35.76419438488724	33.773516251643095	50.37192074956046	

var_capacite_X : 
4203.76	110.4	3658.8	98.64000000000001	3608.6400000000003	5392.24	4228.5599999999995	101.04	239.76000000000005	119.75999999999999	

var_capacite_W : 
5245.8904	2233.3360000000002	2849.092	2744.8136000000004	3086.7216	3313.6856	4895.3704	1279.0776	1140.6504000000004	2537.3304	

covar_capacite_X : 
5254.700000000001	138.0	4573.5	123.30000000000003	4510.8	6740.3	5285.7	126.30000000000001	299.70000000000005	149.7	

covar_capacite_W : 
6557.363	2791.6700000000005	3561.3650000000002	3431.0170000000007	3858.4019999999996	4142.107	6119.213	1598.8470000000002	1425.8130000000006	3171.6629999999996	

##########	##########	##########	##########	##########	##########	##########	##########	##########	##########	##########	##########	##########	##########	##########	##########	##########	##########	##########	##########	##########	##########	##########	##########	##########	##########	##########	##########	##########	##########	##########	##########	##########	##########	##########	##########	##########	##########	##########	##########	##########	##########	##########	##########	##########	##########	##########	##########	##########	##########	