nombre de noeuds : 100
nombre de strates : 3
nombre de centres : 10
titre : fenetre
instances : p20_1
temps de calcul : 0.12814712524414062
valeur objective : 279.0
nombre de solutions : 3
nombre de noeuds : 1.0
faisability : True
centre : [50, 32, 33, 96, 19, 95, 13, 93, 86, 5]
moy_distances :	53.25
min_distances :	1.0
max_distances :	126.0
var_distances :	631.4449237424753
covar_distances :	631.5087125013132
ecartType_distances :	25.128567880849783
coef_variation	: 0.4719042544699467
distances_centre_x :
-1.0	5.0	2.0	-1.0	12.0	0.0	41.0	-1.0	4.0	29.0	-1.0	-1.0	16.0	0.0	-1.0	-1.0	-1.0	24.0	-1.0	0.0	10.0	25.0	15.0	-1.0	16.0	9.0	12.0	12.0	-1.0	25.0	-1.0	-1.0	0.0	-1.0	-1.0	20.0	14.0	27.0	17.0	3.0	2.0	8.0	-1.0	-1.0	24.0	10.0	18.0	-1.0	27.0	16.0	0.0	12.0	-1.0	14.0	6.0	10.0	4.0	-1.0	-1.0	-1.0	5.0	40.0	-1.0	5.0	35.0	-1.0	30.0	30.0	13.0	-1.0	-1.0	17.0	8.0	-1.0	10.0	17.0	7.0	15.0	4.0	6.0	-1.0	-1.0	28.0	-1.0	20.0	6.0	-1.0	17.0	12.0	4.0	4.0	17.0	19.0	-1.0	26.0	0.0	-1.0	6.0	14.0	-1.0	
13.0	-1.0	-1.0	-1.0	-1.0	0.0	41.0	7.0	14.0	29.0	8.0	-1.0	-1.0	0.0	-1.0	-1.0	28.0	16.0	2.0	0.0	10.0	-1.0	15.0	11.0	37.0	-1.0	12.0	12.0	8.0	25.0	14.0	10.0	0.0	-1.0	-1.0	-1.0	14.0	-1.0	17.0	3.0	2.0	-1.0	18.0	3.0	-1.0	-1.0	18.0	10.0	-1.0	16.0	0.0	12.0	7.0	-1.0	6.0	-1.0	4.0	16.0	13.0	-1.0	-1.0	26.0	15.0	5.0	-1.0	-1.0	30.0	-1.0	13.0	8.0	-1.0	17.0	8.0	10.0	10.0	-1.0	7.0	15.0	4.0	6.0	34.0	5.0	-1.0	-1.0	20.0	-1.0	-1.0	17.0	12.0	4.0	-1.0	-1.0	19.0	0.0	26.0	-1.0	0.0	-1.0	-1.0	12.0	
13.0	5.0	-1.0	12.0	-1.0	0.0	41.0	7.0	4.0	29.0	8.0	9.0	-1.0	0.0	20.0	3.0	-1.0	16.0	2.0	0.0	10.0	-1.0	15.0	11.0	16.0	9.0	12.0	-1.0	-1.0	25.0	14.0	10.0	0.0	0.0	17.0	20.0	-1.0	-1.0	17.0	-1.0	2.0	8.0	-1.0	-1.0	-1.0	-1.0	18.0	10.0	27.0	16.0	-1.0	12.0	-1.0	14.0	6.0	36.0	4.0	16.0	13.0	34.0	-1.0	26.0	15.0	5.0	35.0	14.0	30.0	30.0	13.0	8.0	7.0	28.0	8.0	10.0	10.0	17.0	7.0	15.0	4.0	-1.0	34.0	5.0	-1.0	5.0	20.0	-1.0	0.0	-1.0	-1.0	4.0	4.0	17.0	-1.0	0.0	26.0	-1.0	-1.0	-1.0	-1.0	12.0	

distances_centre_w :
-1.0	18.0	30.0	-1.0	15.0	23.0	42.0	-1.0	34.0	33.0	-1.0	-1.0	30.0	21.0	-1.0	-1.0	-1.0	45.0	-1.0	15.0	28.0	47.0	45.0	-1.0	37.0	24.0	28.0	26.0	-1.0	46.0	-1.0	-1.0	25.0	-1.0	-1.0	22.0	31.0	36.0	27.0	18.0	18.0	40.0	-1.0	-1.0	44.0	37.0	28.0	-1.0	31.0	25.0	21.0	17.0	-1.0	15.0	12.0	36.0	29.0	-1.0	-1.0	-1.0	15.0	47.0	-1.0	30.0	38.0	-1.0	31.0	47.0	23.0	-1.0	-1.0	28.0	8.0	-1.0	21.0	23.0	18.0	25.0	24.0	17.0	-1.0	-1.0	30.0	-1.0	41.0	32.0	-1.0	29.0	35.0	29.0	23.0	18.0	36.0	-1.0	47.0	11.0	-1.0	30.0	38.0	-1.0	
21.0	-1.0	-1.0	-1.0	-1.0	23.0	42.0	21.0	34.0	33.0	28.0	-1.0	-1.0	21.0	-1.0	-1.0	34.0	24.0	12.0	15.0	28.0	-1.0	45.0	22.0	54.0	-1.0	16.0	23.0	17.0	46.0	25.0	11.0	25.0	-1.0	-1.0	-1.0	27.0	-1.0	27.0	18.0	18.0	-1.0	19.0	21.0	-1.0	-1.0	28.0	17.0	-1.0	25.0	21.0	17.0	18.0	-1.0	12.0	-1.0	30.0	22.0	38.0	-1.0	-1.0	36.0	18.0	30.0	-1.0	-1.0	31.0	-1.0	23.0	24.0	-1.0	28.0	8.0	33.0	21.0	-1.0	18.0	25.0	24.0	17.0	54.0	18.0	-1.0	-1.0	41.0	-1.0	-1.0	29.0	48.0	29.0	-1.0	-1.0	36.0	15.0	47.0	-1.0	31.0	-1.0	-1.0	23.0	
21.0	18.0	-1.0	17.0	-1.0	23.0	42.0	41.0	14.0	55.0	28.0	17.0	-1.0	21.0	25.0	26.0	-1.0	24.0	12.0	15.0	28.0	-1.0	45.0	53.0	50.0	24.0	16.0	-1.0	-1.0	40.0	40.0	11.0	25.0	25.0	18.0	22.0	-1.0	-1.0	27.0	-1.0	33.0	40.0	-1.0	-1.0	-1.0	-1.0	28.0	17.0	31.0	25.0	-1.0	40.0	-1.0	15.0	12.0	44.0	29.0	22.0	35.0	55.0	-1.0	36.0	18.0	31.0	38.0	16.0	31.0	47.0	23.0	24.0	31.0	40.0	8.0	33.0	21.0	23.0	18.0	25.0	24.0	-1.0	54.0	18.0	-1.0	7.0	41.0	-1.0	11.0	-1.0	-1.0	29.0	23.0	18.0	-1.0	15.0	47.0	-1.0	-1.0	-1.0	-1.0	30.0	

maxX :
41.0	41.0	41.0	

maxW :
47.0	54.0	55.0	

minX :
0.0	0.0	0.0	

minW :
8.0	8.0	7.0	

moyX :
13.696969696969697	12.40625	13.287671232876713	

moyW :
28.681818181818183	26.328125	27.794520547945204	

medX :
12.0	12.0	12.0	

medW :
28.5	24.0	25.0	

ecartTypeX :
10.063389538275946	9.363691095796572	9.948469218041696	

ecartTypeW :
9.939451681280909	10.224136099660205	11.926669670434407	

varX :
101.27180899908174	87.6787109375	98.97203978232315	

varW :
98.7926997245179	104.532958984375	142.24544942765996	

covarX :
102.82983682983684	89.0704365079365	100.34665144596651	

covarW :
100.31258741258742	106.19221230158729	144.2210806697108	

coef_variationX :
0.7347164928387305	0.7547559573438043	0.7486992298113854	

coef_variationW :
0.3465418969701743	0.38833513969035793	0.42910147163218915	

moy_distances_centre :	58.15555555555556
min_distances_centre :	11.0
max_distances_centre :	114.0
med_distances_centre :	60.0
ecartType_distances_centre :	24.849731101210512
var_distances_centre :	617.509135802469
covar_distances_centre :	624.447440699126
coef_variation_distances_centre :	0.42729763070480437
capacite_X_temoin : 
157.0	172.0	153.0	157.0	169.0	171.0	174.0	162.0	145.0	178.0	
171.0	160.0	175.0	166.0	175.0	178.0	157.0	162.0	178.0	175.0	
157.0	154.0	162.0	174.0	153.0	175.0	154.0	162.0	162.0	142.0	

capacite_W_temoin : 
93.1	147.6	179.9	122.1	190.7	151.3	119.19999999999999	155.6	72.5	65.4	
104.3	146.0	172.5	158.8	194.5	118.4	107.1	183.6	141.4	99.5	
67.1	169.2	155.6	139.2	138.9	89.5	86.19999999999999	155.6	124.6	42.6	

demande_cumulee_X : 
111.0	76.0	19.0	82.0	29.0	71.0	107.0	55.0	116.0	166.0	
118.0	62.0	55.0	57.0	33.0	113.0	97.0	27.0	90.0	128.0	
137.0	31.0	55.0	87.0	60.0	138.0	114.0	55.0	86.0	142.0	

demande_cumulee_W : 
89.0	66.0	60.0	48.0	46.0	133.0	112.0	153.0	72.0	53.0	
93.0	76.0	15.0	66.0	44.0	99.0	107.0	122.0	112.0	46.0	
66.0	105.0	58.0	103.0	97.0	89.0	83.0	152.0	117.0	35.0	

capacite_residuelle_X : 
46.0	96.0	134.0	75.0	140.0	100.0	67.0	107.0	29.0	12.0	
53.0	98.0	120.0	109.0	142.0	65.0	60.0	135.0	88.0	47.0	
20.0	123.0	107.0	87.0	93.0	37.0	40.0	107.0	76.0	0.0	

capacite_residuelle_W : 
4.099999999999994	81.6	119.9	74.1	144.7	18.30000000000001	7.199999999999989	2.5999999999999943	0.5	12.400000000000006	
11.299999999999997	70.0	157.5	92.80000000000001	150.5	19.400000000000006	0.09999999999999432	61.599999999999994	29.400000000000006	53.5	
1.0999999999999943	64.19999999999999	97.6	36.19999999999999	41.900000000000006	0.5	3.1999999999999886	3.5999999999999943	7.599999999999994	7.600000000000001	

min_capacite_X : 
145.0	157.0	142.0	

min_capacite_W : 
65.4	99.5	42.6	

max_capacite_X : 
178.0	178.0	175.0	

max_capacite_W : 
190.7	194.5	169.2	

moy_capacite_X : 
163.8	169.7	159.5	

moy_capacite_W : 
129.74	142.60999999999999	116.84999999999998	

med_capacite_X : 
165.5	173.0	159.5	

med_capacite_W : 
134.85	143.7	131.75	

ecartType_capacite_X : 
10.087616170334792	7.430343195303969	9.404786015641186	

ecartType_capacite_W : 
40.75868496406625	32.7329329574971	40.577093291659025	

var_capacite_X : 
101.75999999999999	55.21	88.45	

var_capacite_W : 
1661.2703999999999	1071.4449	1646.5004999999996	

covar_capacite_X : 
113.06666666666666	61.34444444444444	98.27777777777777	

covar_capacite_W : 
1845.8559999999998	1190.4943333333333	1829.4449999999997	

##########	##########	##########	##########	##########	##########	##########	##########	##########	##########	##########	##########	##########	##########	##########	##########	##########	##########	##########	##########	##########	##########	##########	##########	##########	##########	##########	##########	##########	##########	##########	##########	##########	##########	##########	##########	##########	##########	##########	##########	##########	##########	##########	##########	##########	##########	##########	##########	##########	##########	##########	##########	##########	##########	##########	##########	##########	##########	##########	##########	##########	##########	##########	##########	##########	##########	##########	##########	##########	##########	##########	##########	##########	##########	##########	##########	##########	##########	##########	##########	##########	##########	##########	##########	##########	##########	##########	##########	##########	##########	##########	##########	##########	##########	##########	##########	##########	##########	##########	##########	nombre de noeuds : 100
nombre de strates : 3
nombre de centres : 10
titre : fenetre
instances : p20_1
temps de calcul : 0.12433505058288574
valeur objective : 229.0
nombre de solutions : 3
nombre de noeuds : 1.0
faisability : True
centre : [32, 33, 96, 19, 95, 13, 93, 86, 5, 44]
moy_distances :	53.25
min_distances :	1.0
max_distances :	126.0
var_distances :	631.4449237424753
covar_distances :	631.5087125013132
ecartType_distances :	25.128567880849783
coef_variation	: 0.4719042544699467
distances_centre_x :
-1.0	5.0	2.0	-1.0	12.0	0.0	17.0	-1.0	4.0	12.0	-1.0	-1.0	16.0	0.0	-1.0	-1.0	-1.0	24.0	-1.0	0.0	28.0	14.0	13.0	-1.0	16.0	9.0	28.0	12.0	-1.0	19.0	-1.0	-1.0	0.0	-1.0	-1.0	22.0	14.0	16.0	27.0	3.0	2.0	8.0	-1.0	-1.0	0.0	10.0	18.0	-1.0	25.0	25.0	21.0	17.0	-1.0	14.0	6.0	10.0	4.0	-1.0	-1.0	-1.0	5.0	19.0	-1.0	5.0	10.0	-1.0	15.0	30.0	13.0	-1.0	-1.0	28.0	8.0	-1.0	10.0	17.0	7.0	15.0	4.0	6.0	-1.0	-1.0	8.0	-1.0	20.0	6.0	-1.0	17.0	12.0	4.0	23.0	17.0	12.0	-1.0	26.0	0.0	-1.0	6.0	14.0	-1.0	
21.0	-1.0	-1.0	-1.0	-1.0	0.0	17.0	7.0	4.0	12.0	21.0	-1.0	-1.0	0.0	-1.0	-1.0	12.0	24.0	2.0	0.0	28.0	-1.0	13.0	11.0	16.0	-1.0	12.0	12.0	8.0	19.0	14.0	11.0	0.0	-1.0	-1.0	-1.0	14.0	-1.0	27.0	3.0	2.0	-1.0	18.0	21.0	-1.0	-1.0	18.0	10.0	-1.0	25.0	21.0	17.0	7.0	-1.0	6.0	-1.0	4.0	16.0	13.0	-1.0	-1.0	19.0	18.0	5.0	-1.0	-1.0	15.0	-1.0	13.0	8.0	-1.0	17.0	8.0	10.0	10.0	-1.0	7.0	15.0	4.0	6.0	34.0	18.0	-1.0	-1.0	20.0	-1.0	-1.0	17.0	12.0	4.0	-1.0	-1.0	12.0	0.0	26.0	-1.0	0.0	-1.0	-1.0	12.0	
21.0	5.0	-1.0	12.0	-1.0	0.0	17.0	7.0	4.0	12.0	8.0	9.0	-1.0	0.0	20.0	3.0	-1.0	24.0	2.0	0.0	28.0	-1.0	13.0	11.0	16.0	9.0	12.0	-1.0	-1.0	19.0	14.0	11.0	0.0	0.0	17.0	22.0	-1.0	-1.0	27.0	-1.0	2.0	8.0	-1.0	-1.0	-1.0	-1.0	18.0	10.0	25.0	25.0	-1.0	17.0	-1.0	14.0	6.0	10.0	4.0	16.0	13.0	34.0	-1.0	19.0	18.0	5.0	10.0	14.0	15.0	30.0	13.0	8.0	31.0	17.0	8.0	10.0	10.0	23.0	7.0	15.0	4.0	-1.0	34.0	18.0	-1.0	5.0	20.0	-1.0	0.0	-1.0	-1.0	4.0	23.0	17.0	-1.0	0.0	26.0	-1.0	-1.0	-1.0	-1.0	30.0	

distances_centre_w :
-1.0	18.0	24.0	-1.0	15.0	23.0	41.0	-1.0	14.0	29.0	-1.0	-1.0	17.0	34.0	-1.0	-1.0	-1.0	33.0	-1.0	15.0	30.0	17.0	15.0	-1.0	37.0	24.0	45.0	23.0	-1.0	25.0	-1.0	-1.0	25.0	-1.0	-1.0	35.0	19.0	27.0	38.0	18.0	33.0	23.0	-1.0	-1.0	44.0	37.0	28.0	-1.0	27.0	32.0	44.0	40.0	-1.0	15.0	12.0	14.0	29.0	-1.0	-1.0	-1.0	15.0	26.0	-1.0	30.0	38.0	-1.0	30.0	45.0	23.0	-1.0	-1.0	38.0	29.0	-1.0	21.0	23.0	32.0	25.0	33.0	37.0	-1.0	-1.0	28.0	-1.0	41.0	19.0	-1.0	29.0	35.0	29.0	36.0	18.0	19.0	-1.0	31.0	11.0	-1.0	30.0	36.0	-1.0	
36.0	-1.0	-1.0	-1.0	-1.0	23.0	41.0	21.0	14.0	29.0	37.0	-1.0	-1.0	34.0	-1.0	-1.0	28.0	33.0	12.0	15.0	30.0	-1.0	15.0	22.0	37.0	-1.0	16.0	23.0	17.0	25.0	25.0	30.0	25.0	-1.0	-1.0	-1.0	19.0	-1.0	38.0	18.0	33.0	-1.0	19.0	35.0	-1.0	-1.0	38.0	17.0	-1.0	32.0	31.0	40.0	18.0	-1.0	12.0	-1.0	29.0	22.0	38.0	-1.0	-1.0	26.0	19.0	30.0	-1.0	-1.0	30.0	-1.0	23.0	26.0	-1.0	28.0	8.0	33.0	21.0	-1.0	18.0	25.0	33.0	37.0	37.0	35.0	-1.0	-1.0	23.0	-1.0	-1.0	29.0	34.0	29.0	-1.0	-1.0	19.0	15.0	31.0	-1.0	34.0	-1.0	-1.0	23.0	
36.0	18.0	-1.0	17.0	-1.0	23.0	41.0	21.0	14.0	33.0	37.0	17.0	-1.0	34.0	25.0	26.0	-1.0	33.0	12.0	15.0	30.0	-1.0	15.0	24.0	36.0	37.0	16.0	-1.0	-1.0	25.0	40.0	30.0	25.0	25.0	18.0	35.0	-1.0	-1.0	27.0	-1.0	33.0	41.0	-1.0	-1.0	-1.0	-1.0	28.0	17.0	27.0	32.0	-1.0	40.0	-1.0	15.0	12.0	14.0	29.0	22.0	30.0	35.0	-1.0	26.0	19.0	31.0	35.0	16.0	31.0	45.0	23.0	26.0	31.0	28.0	8.0	33.0	35.0	29.0	18.0	25.0	33.0	-1.0	37.0	35.0	-1.0	7.0	43.0	-1.0	11.0	-1.0	-1.0	29.0	36.0	18.0	-1.0	15.0	31.0	-1.0	-1.0	-1.0	-1.0	36.0	

maxX :
30.0	34.0	34.0	

maxW :
45.0	41.0	45.0	

minX :
0.0	0.0	0.0	

minW :
11.0	8.0	7.0	

moyX :
12.575757575757576	12.4375	13.41095890410959	

moyW :
27.666666666666668	26.453125	26.71232876712329	

medX :
12.0	12.0	13.0	

medW :
28.5	27.0	28.0	

ecartTypeX :
8.231610553522735	7.817998065361746	8.92869104281457	

ecartTypeW :
8.971897764405783	8.073741557318701	9.098365730196019	

varX :
67.75941230486686	61.12109375	79.72152373803715	

varW :
80.4949494949495	65.185302734375	82.78025896040532	

covarX :
68.80186480186482	62.091269841269835	80.82876712328765	

covarW :
81.73333333333335	66.21999007936508	83.92998477929986	

coef_variationX :
0.6545618030512054	0.6285827590240599	0.6657757365939363	

coef_variationW :
0.32428546136406444	0.30520936778995683	0.34060548630990223	

moy_distances_centre :	59.93333333333333
min_distances_centre :	11.0
max_distances_centre :	114.0
med_distances_centre :	61.0
ecartType_distances_centre :	24.67153105189146
var_distances_centre :	608.6844444444445
covar_distances_centre :	615.5235955056179
coef_variation_distances_centre :	0.4116495726122046
capacite_X_temoin : 
157.0	172.0	153.0	157.0	169.0	177.0	174.0	162.0	145.0	178.0	
171.0	160.0	175.0	166.0	175.0	136.0	157.0	162.0	178.0	175.0	
157.0	154.0	162.0	174.0	153.0	166.0	154.0	162.0	162.0	142.0	

capacite_W_temoin : 
130.1	112.6	179.9	117.1	190.7	76.1	152.2	140.6	60.5	145.4	
113.3	70.0	171.5	125.8	194.5	51.8	107.1	199.6	141.4	196.5	
108.1	88.19999999999999	155.6	105.19999999999999	138.9	80.8	88.19999999999999	135.6	137.6	118.6	

demande_cumulee_X : 
74.0	111.0	19.0	87.0	29.0	154.0	74.0	70.0	128.0	86.0	
109.0	138.0	56.0	90.0	33.0	125.0	97.0	11.0	90.0	31.0	
96.0	112.0	55.0	121.0	60.0	135.0	112.0	75.0	73.0	66.0	

demande_cumulee_W : 
120.0	50.0	42.0	113.0	48.0	76.0	149.0	78.0	27.0	129.0	
24.0	42.0	11.0	87.0	49.0	46.0	105.0	112.0	111.0	193.0	
78.0	67.0	63.0	103.0	88.0	75.0	77.0	116.0	125.0	113.0	

capacite_residuelle_X : 
83.0	61.0	134.0	70.0	140.0	23.0	100.0	92.0	17.0	92.0	
62.0	22.0	119.0	76.0	142.0	11.0	60.0	151.0	88.0	144.0	
61.0	42.0	107.0	53.0	93.0	31.0	42.0	87.0	89.0	76.0	

capacite_residuelle_W : 
10.099999999999994	62.599999999999994	137.9	4.099999999999994	142.7	0.09999999999999432	3.1999999999999886	62.599999999999994	33.5	16.400000000000006	
89.3	28.0	160.5	38.8	145.5	5.799999999999997	2.0999999999999943	87.6	30.400000000000006	3.5	
30.099999999999994	21.19999999999999	92.6	2.1999999999999886	50.900000000000006	5.799999999999997	11.199999999999989	19.599999999999994	12.599999999999994	5.599999999999994	

min_capacite_X : 
145.0	136.0	142.0	

min_capacite_W : 
60.5	51.8	80.8	

max_capacite_X : 
178.0	178.0	174.0	

max_capacite_W : 
190.7	199.6	155.6	

moy_capacite_X : 
164.4	165.5	158.6	

moy_capacite_W : 
130.52	137.15	115.67999999999998	

med_capacite_X : 
165.5	168.5	159.5	

med_capacite_W : 
135.35	133.6	113.35	

ecartType_capacite_X : 
10.660206376989144	12.010412149464313	8.2365041127896	

ecartType_capacite_W : 
39.01127529317646	50.302907470642296	24.316241485887577	

var_capacite_X : 
113.64000000000001	144.25	67.84	

var_capacite_W : 
1521.8796	2530.3825	591.2796000000001	

covar_capacite_X : 
126.26666666666667	160.27777777777777	75.37777777777778	

covar_capacite_W : 
1690.9773333333333	2811.536111111111	656.9773333333334	

##########	##########	##########	##########	##########	##########	##########	##########	##########	##########	##########	##########	##########	##########	##########	##########	##########	##########	##########	##########	##########	##########	##########	##########	##########	##########	##########	##########	##########	##########	##########	##########	##########	##########	##########	##########	##########	##########	##########	##########	##########	##########	##########	##########	##########	##########	##########	##########	##########	##########	##########	##########	##########	##########	##########	##########	##########	##########	##########	##########	##########	##########	##########	##########	##########	##########	##########	##########	##########	##########	##########	##########	##########	##########	##########	##########	##########	##########	##########	##########	##########	##########	##########	##########	##########	##########	##########	##########	##########	##########	##########	##########	##########	##########	##########	##########	##########	##########	##########	##########	nombre de noeuds : 100
nombre de strates : 3
nombre de centres : 10
titre : fenetre
instances : p20_1
temps de calcul : 0.130357027053833
valeur objective : 245.0
nombre de solutions : 3
nombre de noeuds : 1.0
faisability : True
centre : [33, 96, 19, 95, 13, 93, 86, 5, 44, 41]
moy_distances :	53.25
min_distances :	1.0
max_distances :	126.0
var_distances :	631.4449237424753
covar_distances :	631.5087125013132
ecartType_distances :	25.128567880849783
coef_variation	: 0.4719042544699467
distances_centre_x :
-1.0	5.0	10.0	-1.0	12.0	0.0	17.0	-1.0	4.0	12.0	-1.0	-1.0	16.0	0.0	-1.0	-1.0	-1.0	35.0	-1.0	0.0	28.0	14.0	10.0	-1.0	16.0	9.0	12.0	12.0	-1.0	19.0	-1.0	-1.0	25.0	-1.0	-1.0	35.0	14.0	16.0	27.0	3.0	2.0	0.0	-1.0	-1.0	0.0	6.0	18.0	-1.0	25.0	25.0	21.0	17.0	-1.0	14.0	6.0	10.0	29.0	-1.0	-1.0	-1.0	5.0	19.0	-1.0	30.0	10.0	-1.0	15.0	30.0	13.0	-1.0	-1.0	17.0	8.0	-1.0	10.0	17.0	7.0	15.0	4.0	6.0	-1.0	-1.0	8.0	-1.0	20.0	6.0	-1.0	17.0	12.0	29.0	23.0	17.0	12.0	-1.0	26.0	0.0	-1.0	30.0	14.0	-1.0	
21.0	-1.0	-1.0	-1.0	-1.0	0.0	17.0	7.0	34.0	12.0	8.0	-1.0	-1.0	0.0	-1.0	-1.0	12.0	33.0	2.0	0.0	28.0	-1.0	10.0	11.0	16.0	-1.0	12.0	12.0	8.0	19.0	14.0	11.0	25.0	-1.0	-1.0	-1.0	14.0	-1.0	27.0	3.0	2.0	-1.0	18.0	21.0	-1.0	-1.0	18.0	10.0	-1.0	25.0	21.0	17.0	7.0	-1.0	6.0	-1.0	29.0	16.0	13.0	-1.0	-1.0	19.0	18.0	30.0	-1.0	-1.0	15.0	-1.0	29.0	8.0	-1.0	17.0	8.0	33.0	10.0	-1.0	7.0	15.0	4.0	6.0	34.0	18.0	-1.0	-1.0	20.0	-1.0	-1.0	17.0	12.0	29.0	-1.0	-1.0	12.0	0.0	26.0	-1.0	0.0	-1.0	-1.0	23.0	
21.0	5.0	-1.0	12.0	-1.0	0.0	17.0	7.0	4.0	12.0	8.0	9.0	-1.0	0.0	25.0	26.0	-1.0	33.0	2.0	0.0	28.0	-1.0	10.0	11.0	16.0	9.0	28.0	-1.0	-1.0	19.0	14.0	11.0	25.0	0.0	17.0	35.0	-1.0	-1.0	27.0	-1.0	2.0	0.0	-1.0	-1.0	-1.0	-1.0	18.0	10.0	25.0	25.0	-1.0	17.0	-1.0	14.0	6.0	10.0	29.0	16.0	13.0	34.0	-1.0	19.0	18.0	30.0	10.0	16.0	15.0	30.0	13.0	8.0	7.0	28.0	8.0	33.0	35.0	17.0	18.0	15.0	4.0	-1.0	34.0	18.0	-1.0	35.0	20.0	-1.0	0.0	-1.0	-1.0	29.0	23.0	17.0	-1.0	0.0	26.0	-1.0	-1.0	-1.0	-1.0	30.0	

distances_centre_w :
-1.0	18.0	34.0	-1.0	34.0	23.0	37.0	-1.0	14.0	29.0	-1.0	-1.0	17.0	34.0	-1.0	-1.0	-1.0	45.0	-1.0	15.0	39.0	17.0	13.0	-1.0	36.0	40.0	42.0	34.0	-1.0	25.0	-1.0	-1.0	33.0	-1.0	-1.0	39.0	31.0	27.0	38.0	18.0	33.0	8.0	-1.0	-1.0	23.0	10.0	28.0	-1.0	27.0	47.0	31.0	40.0	-1.0	15.0	12.0	12.0	30.0	-1.0	-1.0	-1.0	15.0	26.0	-1.0	31.0	33.0	-1.0	30.0	45.0	38.0	-1.0	-1.0	28.0	39.0	-1.0	35.0	23.0	38.0	31.0	33.0	37.0	-1.0	-1.0	13.0	-1.0	23.0	11.0	-1.0	29.0	35.0	31.0	36.0	18.0	19.0	-1.0	31.0	33.0	-1.0	37.0	29.0	-1.0	
44.0	-1.0	-1.0	-1.0	-1.0	23.0	37.0	21.0	44.0	29.0	15.0	-1.0	-1.0	34.0	-1.0	-1.0	28.0	35.0	45.0	15.0	42.0	-1.0	13.0	22.0	36.0	-1.0	16.0	23.0	44.0	25.0	25.0	30.0	33.0	-1.0	-1.0	-1.0	19.0	-1.0	38.0	18.0	33.0	-1.0	19.0	35.0	-1.0	-1.0	43.0	37.0	-1.0	47.0	40.0	40.0	18.0	-1.0	12.0	-1.0	35.0	22.0	43.0	-1.0	-1.0	26.0	19.0	31.0	-1.0	-1.0	30.0	-1.0	38.0	16.0	-1.0	28.0	8.0	40.0	21.0	-1.0	18.0	31.0	33.0	37.0	37.0	35.0	-1.0	-1.0	23.0	-1.0	-1.0	29.0	34.0	36.0	-1.0	-1.0	19.0	15.0	31.0	-1.0	8.0	-1.0	-1.0	36.0	
44.0	18.0	-1.0	21.0	-1.0	23.0	37.0	21.0	14.0	30.0	15.0	17.0	-1.0	34.0	35.0	40.0	-1.0	35.0	12.0	15.0	39.0	-1.0	13.0	24.0	36.0	37.0	42.0	-1.0	-1.0	25.0	25.0	30.0	33.0	45.0	18.0	47.0	-1.0	-1.0	38.0	-1.0	33.0	8.0	-1.0	-1.0	-1.0	-1.0	28.0	37.0	27.0	47.0	-1.0	40.0	-1.0	15.0	41.0	12.0	30.0	22.0	30.0	35.0	-1.0	26.0	19.0	31.0	33.0	30.0	31.0	45.0	43.0	16.0	10.0	38.0	39.0	40.0	41.0	23.0	32.0	31.0	33.0	-1.0	37.0	35.0	-1.0	46.0	23.0	-1.0	11.0	-1.0	-1.0	31.0	36.0	18.0	-1.0	15.0	31.0	-1.0	-1.0	-1.0	-1.0	36.0	

maxX :
35.0	34.0	35.0	

maxW :
47.0	47.0	47.0	

minX :
0.0	0.0	0.0	

minW :
8.0	8.0	8.0	

moyX :
14.303030303030303	15.140625	16.52054794520548	

moyW :
28.40909090909091	29.015625	29.424657534246574	

medX :
14.0	14.5	16.0	

medW :
31.0	30.5	31.0	

ecartTypeX :
9.19151403258478	9.307032266484038	10.350183095516472	

ecartTypeW :
9.765395417411534	10.072382084659765	10.343309409480675	

varX :
84.48393021120295	86.620849609375	107.12629011071496	

varW :
95.36294765840219	101.452880859375	106.98404954025145	

covarX :
85.783682983683	87.99578373015872	108.61415525114158	

covarW :
96.83006993006993	103.06324404761904	108.46993911719937	

coef_variationX :
0.6426270404137665	0.6147059494891418	0.6265036202095378	

coef_variationW :
0.343741918692886	0.3471364854163839	0.3515184296518107	

moy_distances_centre :	61.06666666666667
min_distances_centre :	8.0
max_distances_centre :	114.0
med_distances_centre :	64.0
ecartType_distances_centre :	27.00403262066201
var_distances_centre :	729.2177777777779
covar_distances_centre :	737.4112359550561
coef_variation_distances_centre :	0.4422057743558189
capacite_X_temoin : 
157.0	172.0	153.0	169.0	150.0	177.0	174.0	162.0	145.0	178.0	
171.0	160.0	175.0	175.0	177.0	136.0	157.0	162.0	178.0	175.0	
157.0	154.0	162.0	153.0	153.0	166.0	154.0	162.0	162.0	142.0	

capacite_W_temoin : 
130.1	90.6	179.9	144.7	139.0	97.1	120.19999999999999	155.6	58.5	180.4	
100.3	70.0	172.5	145.5	211.1	81.8	78.1	199.6	141.4	185.5	
86.1	85.19999999999999	155.6	65.9	161.9	111.8	97.19999999999999	129.6	111.6	124.6	

demande_cumulee_X : 
74.0	133.0	19.0	75.0	56.0	133.0	106.0	55.0	130.0	51.0	
122.0	138.0	55.0	82.0	19.0	95.0	126.0	11.0	90.0	42.0	
118.0	115.0	55.0	133.0	37.0	104.0	103.0	81.0	99.0	60.0	

demande_cumulee_W : 
70.0	2.0	82.0	47.0	93.0	74.0	115.0	127.0	46.0	176.0	
41.0	37.0	15.0	8.0	62.0	80.0	75.0	149.0	128.0	185.0	
79.0	40.0	79.0	58.0	113.0	104.0	96.0	119.0	104.0	113.0	

capacite_residuelle_X : 
83.0	39.0	134.0	94.0	94.0	44.0	68.0	107.0	15.0	127.0	
49.0	22.0	120.0	93.0	158.0	41.0	31.0	151.0	88.0	133.0	
39.0	39.0	107.0	20.0	116.0	62.0	51.0	81.0	63.0	82.0	

capacite_residuelle_W : 
60.099999999999994	88.6	97.9	97.69999999999999	46.0	23.099999999999994	5.199999999999989	28.599999999999994	12.5	4.400000000000006	
59.3	33.0	157.5	137.5	149.1	1.7999999999999972	3.0999999999999943	50.599999999999994	13.400000000000006	0.5	
7.099999999999994	45.19999999999999	76.6	7.900000000000006	48.900000000000006	7.799999999999997	1.1999999999999886	10.599999999999994	7.599999999999994	11.599999999999994	

min_capacite_X : 
145.0	136.0	142.0	

min_capacite_W : 
58.5	70.0	65.9	

max_capacite_X : 
178.0	178.0	166.0	

max_capacite_W : 
180.4	211.1	161.9	

moy_capacite_X : 
163.7	166.6	156.5	

moy_capacite_W : 
129.60999999999999	138.57999999999998	112.95	

med_capacite_X : 
165.5	173.0	155.5	

med_capacite_W : 
134.55	143.45	111.69999999999999	

ecartType_capacite_X : 
11.331813623599711	12.499599993599796	6.545991139621257	

ecartType_capacite_W : 
37.180867391711026	50.43892940973271	29.298404393413648	

var_capacite_X : 
128.41	156.24	42.85	

var_capacite_W : 
1382.4169000000004	2544.0855999999994	858.3965000000002	

covar_capacite_X : 
142.67777777777775	173.59999999999997	47.61111111111111	

covar_capacite_W : 
1536.018777777778	2826.7617777777773	953.773888888889	

##########	##########	##########	##########	##########	##########	##########	##########	##########	##########	##########	##########	##########	##########	##########	##########	##########	##########	##########	##########	##########	##########	##########	##########	##########	##########	##########	##########	##########	##########	##########	##########	##########	##########	##########	##########	##########	##########	##########	##########	##########	##########	##########	##########	##########	##########	##########	##########	##########	##########	##########	##########	##########	##########	##########	##########	##########	##########	##########	##########	##########	##########	##########	##########	##########	##########	##########	##########	##########	##########	##########	##########	##########	##########	##########	##########	##########	##########	##########	##########	##########	##########	##########	##########	##########	##########	##########	##########	##########	##########	##########	##########	##########	##########	##########	##########	##########	##########	##########	##########	nombre de noeuds : 100
nombre de strates : 3
nombre de centres : 10
titre : fenetre
instances : p20_1
temps de calcul : 0.12582802772521973
valeur objective : 251.0
nombre de solutions : 3
nombre de noeuds : 1.0
faisability : True
centre : [96, 19, 95, 13, 93, 86, 5, 44, 41, 51]
moy_distances :	53.25
min_distances :	1.0
max_distances :	126.0
var_distances :	631.4449237424753
covar_distances :	631.5087125013132
ecartType_distances :	25.128567880849783
coef_variation	: 0.4719042544699467
distances_centre_x :
-1.0	5.0	2.0	-1.0	12.0	0.0	17.0	-1.0	4.0	12.0	-1.0	-1.0	16.0	0.0	-1.0	-1.0	-1.0	19.0	-1.0	0.0	12.0	14.0	10.0	-1.0	16.0	37.0	12.0	12.0	-1.0	19.0	-1.0	-1.0	33.0	-1.0	-1.0	18.0	14.0	16.0	24.0	3.0	2.0	0.0	-1.0	-1.0	0.0	6.0	28.0	-1.0	25.0	8.0	12.0	0.0	-1.0	14.0	6.0	10.0	30.0	-1.0	-1.0	-1.0	5.0	19.0	-1.0	30.0	10.0	-1.0	15.0	30.0	29.0	-1.0	-1.0	17.0	8.0	-1.0	10.0	29.0	7.0	31.0	4.0	6.0	-1.0	-1.0	8.0	-1.0	20.0	6.0	-1.0	17.0	12.0	31.0	10.0	17.0	12.0	-1.0	26.0	0.0	-1.0	35.0	14.0	-1.0	
4.0	-1.0	-1.0	-1.0	-1.0	0.0	17.0	7.0	4.0	12.0	8.0	-1.0	-1.0	0.0	-1.0	-1.0	12.0	19.0	2.0	0.0	12.0	-1.0	10.0	24.0	16.0	-1.0	12.0	12.0	8.0	19.0	14.0	11.0	33.0	-1.0	-1.0	-1.0	14.0	-1.0	24.0	3.0	2.0	-1.0	18.0	9.0	-1.0	-1.0	18.0	37.0	-1.0	8.0	12.0	0.0	7.0	-1.0	6.0	-1.0	30.0	16.0	13.0	-1.0	-1.0	19.0	18.0	30.0	-1.0	-1.0	15.0	-1.0	23.0	8.0	-1.0	17.0	8.0	32.0	10.0	-1.0	32.0	31.0	4.0	6.0	34.0	7.0	-1.0	-1.0	20.0	-1.0	-1.0	17.0	12.0	31.0	-1.0	-1.0	12.0	0.0	26.0	-1.0	0.0	-1.0	-1.0	23.0	
4.0	5.0	-1.0	12.0	-1.0	0.0	17.0	7.0	4.0	12.0	8.0	9.0	-1.0	0.0	28.0	36.0	-1.0	19.0	2.0	0.0	12.0	-1.0	10.0	24.0	16.0	37.0	28.0	-1.0	-1.0	19.0	14.0	11.0	33.0	45.0	17.0	18.0	-1.0	-1.0	24.0	-1.0	2.0	0.0	-1.0	-1.0	-1.0	-1.0	18.0	37.0	25.0	8.0	-1.0	0.0	-1.0	14.0	12.0	10.0	30.0	16.0	13.0	34.0	-1.0	26.0	18.0	30.0	10.0	30.0	15.0	30.0	23.0	8.0	7.0	17.0	41.0	32.0	10.0	23.0	7.0	31.0	4.0	-1.0	34.0	7.0	-1.0	33.0	42.0	-1.0	0.0	-1.0	-1.0	31.0	10.0	17.0	-1.0	15.0	26.0	-1.0	-1.0	-1.0	-1.0	30.0	

distances_centre_w :
-1.0	18.0	10.0	-1.0	45.0	23.0	37.0	-1.0	14.0	29.0	-1.0	-1.0	17.0	17.0	-1.0	-1.0	-1.0	33.0	-1.0	15.0	28.0	17.0	13.0	-1.0	36.0	40.0	28.0	26.0	-1.0	25.0	-1.0	-1.0	40.0	-1.0	-1.0	35.0	27.0	27.0	42.0	18.0	15.0	8.0	-1.0	-1.0	23.0	10.0	43.0	-1.0	27.0	25.0	21.0	17.0	-1.0	15.0	12.0	12.0	37.0	-1.0	-1.0	-1.0	15.0	26.0	-1.0	35.0	33.0	-1.0	30.0	45.0	38.0	-1.0	-1.0	28.0	8.0	-1.0	21.0	40.0	18.0	35.0	21.0	11.0	-1.0	-1.0	13.0	-1.0	23.0	11.0	-1.0	29.0	34.0	36.0	23.0	18.0	19.0	-1.0	31.0	33.0	-1.0	37.0	29.0	-1.0	
21.0	-1.0	-1.0	-1.0	-1.0	23.0	37.0	21.0	14.0	29.0	15.0	-1.0	-1.0	17.0	-1.0	-1.0	28.0	35.0	12.0	15.0	28.0	-1.0	13.0	32.0	36.0	-1.0	16.0	26.0	17.0	25.0	25.0	38.0	37.0	-1.0	-1.0	-1.0	19.0	-1.0	27.0	18.0	15.0	-1.0	19.0	21.0	-1.0	-1.0	28.0	38.0	-1.0	25.0	21.0	17.0	18.0	-1.0	12.0	-1.0	37.0	22.0	35.0	-1.0	-1.0	26.0	19.0	35.0	-1.0	-1.0	30.0	-1.0	38.0	16.0	-1.0	28.0	8.0	40.0	35.0	-1.0	38.0	35.0	21.0	11.0	37.0	18.0	-1.0	-1.0	23.0	-1.0	-1.0	29.0	34.0	36.0	-1.0	-1.0	19.0	15.0	31.0	-1.0	8.0	-1.0	-1.0	30.0	
21.0	18.0	-1.0	21.0	-1.0	44.0	37.0	21.0	14.0	29.0	15.0	17.0	-1.0	17.0	43.0	39.0	-1.0	35.0	45.0	43.0	28.0	-1.0	13.0	32.0	36.0	40.0	42.0	-1.0	-1.0	25.0	25.0	11.0	40.0	47.0	18.0	35.0	-1.0	-1.0	42.0	-1.0	15.0	8.0	-1.0	-1.0	-1.0	-1.0	28.0	38.0	27.0	25.0	-1.0	17.0	-1.0	15.0	43.0	12.0	37.0	22.0	30.0	35.0	-1.0	38.0	19.0	35.0	33.0	31.0	30.0	45.0	43.0	16.0	10.0	28.0	44.0	46.0	43.0	29.0	32.0	35.0	21.0	-1.0	37.0	18.0	-1.0	35.0	44.0	-1.0	11.0	-1.0	-1.0	36.0	23.0	18.0	-1.0	23.0	31.0	-1.0	-1.0	-1.0	-1.0	35.0	

maxX :
37.0	37.0	45.0	

maxW :
45.0	40.0	47.0	

minX :
0.0	0.0	0.0	

minW :
8.0	8.0	8.0	

moyX :
14.030303030303031	14.1875	17.767123287671232	

moyW :
25.227272727272727	24.875	29.232876712328768	

medX :
12.0	12.0	16.0	

medW :
25.5	25.0	30.0	

ecartTypeX :
9.948305317794153	9.815286228633376	11.861669068659317	

ecartTypeW :
10.127663068479823	8.862667487839087	10.872260225429562	

varX :
98.96877869605143	96.33984375	140.69919309438922	

varW :
102.56955922865014	78.546875	118.20604240945768	

covarX :
100.49137529137529	97.86904761904762	142.6533485540335	

covarW :
104.14755244755246	79.79365079365078	119.84779299847794	

coef_variationX :
0.7090584783740973	0.6918263421063172	0.6676189992383424	

coef_variationW :
0.4014569144262272	0.3562881402146366	0.37191892992331677	

moy_distances_centre :	57.266666666666666
min_distances_centre :	8.0
max_distances_centre :	114.0
med_distances_centre :	59.0
ecartType_distances_centre :	26.16137950830915
var_distances_centre :	684.4177777777778
covar_distances_centre :	692.1078651685393
coef_variation_distances_centre :	0.45683433367245313
capacite_X_temoin : 
157.0	172.0	153.0	150.0	177.0	154.0	174.0	162.0	145.0	178.0	
171.0	160.0	175.0	177.0	136.0	150.0	157.0	162.0	178.0	175.0	
157.0	154.0	162.0	153.0	166.0	175.0	154.0	162.0	162.0	142.0	

capacite_W_temoin : 
117.1	164.6	159.9	141.0	97.1	103.19999999999999	90.19999999999999	155.6	69.5	178.4	
93.3	136.0	171.5	211.1	81.8	90.0	88.1	183.6	112.4	185.5	
102.1	169.2	152.6	161.9	130.8	95.5	109.19999999999999	68.6	56.6	111.6	

demande_cumulee_X : 
87.0	59.0	39.0	54.0	133.0	97.0	136.0	55.0	119.0	53.0	
129.0	72.0	56.0	19.0	95.0	105.0	116.0	27.0	119.0	42.0	
102.0	31.0	58.0	37.0	85.0	132.0	91.0	142.0	154.0	73.0	

demande_cumulee_W : 
108.0	55.0	42.0	95.0	78.0	81.0	84.0	131.0	59.0	99.0	
24.0	89.0	27.0	67.0	80.0	63.0	84.0	179.0	94.0	73.0	
99.0	114.0	104.0	126.0	113.0	95.0	101.0	58.0	36.0	59.0	

capacite_residuelle_X : 
70.0	113.0	114.0	96.0	44.0	57.0	38.0	107.0	26.0	125.0	
42.0	88.0	119.0	158.0	41.0	45.0	41.0	135.0	59.0	133.0	
55.0	123.0	104.0	116.0	81.0	43.0	63.0	20.0	8.0	69.0	

capacite_residuelle_W : 
9.099999999999994	109.6	117.9	46.0	19.099999999999994	22.19999999999999	6.199999999999989	24.599999999999994	10.5	79.4	
69.3	47.0	144.5	144.1	1.7999999999999972	27.0	4.099999999999994	4.599999999999994	18.400000000000006	112.5	
3.0999999999999943	55.19999999999999	48.599999999999994	35.900000000000006	17.80000000000001	0.5	8.199999999999989	10.599999999999994	20.6	52.599999999999994	

min_capacite_X : 
145.0	136.0	142.0	

min_capacite_W : 
69.5	81.8	56.6	

max_capacite_X : 
178.0	178.0	175.0	

max_capacite_W : 
178.4	211.1	169.2	

moy_capacite_X : 
162.2	164.1	158.7	

moy_capacite_W : 
127.66	135.33	115.80999999999999	

med_capacite_X : 
159.5	166.5	159.5	

med_capacite_W : 
129.05	124.2	110.39999999999999	

ecartType_capacite_X : 
11.52215257666726	13.057181931795236	8.426743143112885	

ecartType_capacite_W : 
35.16629636455907	46.19532552109575	35.985370638635914	

var_capacite_X : 
132.76	170.48999999999998	71.01000000000002	

var_capacite_W : 
1236.6684	2134.0081	1294.9469	

covar_capacite_X : 
147.5111111111111	189.43333333333337	78.9	

covar_capacite_W : 
1374.076	2371.120111111111	1438.8298888888887	

##########	##########	##########	##########	##########	##########	##########	##########	##########	##########	##########	##########	##########	##########	##########	##########	##########	##########	##########	##########	##########	##########	##########	##########	##########	##########	##########	##########	##########	##########	##########	##########	##########	##########	##########	##########	##########	##########	##########	##########	##########	##########	##########	##########	##########	##########	##########	##########	##########	##########	##########	##########	##########	##########	##########	##########	##########	##########	##########	##########	##########	##########	##########	##########	##########	##########	##########	##########	##########	##########	##########	##########	##########	##########	##########	##########	##########	##########	##########	##########	##########	##########	##########	##########	##########	##########	##########	##########	##########	##########	##########	##########	##########	##########	##########	##########	##########	##########	##########	##########	nombre de noeuds : 100
nombre de strates : 3
nombre de centres : 10
titre : fenetre
instances : p20_1
temps de calcul : 0.1237640380859375
valeur objective : 235.0
nombre de solutions : 3
nombre de noeuds : 1.0
faisability : True
centre : [19, 95, 13, 93, 86, 5, 44, 41, 51, 54]
moy_distances :	53.25
min_distances :	1.0
max_distances :	126.0
var_distances :	631.4449237424753
covar_distances :	631.5087125013132
ecartType_distances :	25.128567880849783
coef_variation	: 0.4719042544699467
distances_centre_x :
-1.0	5.0	10.0	-1.0	15.0	0.0	17.0	-1.0	4.0	12.0	-1.0	-1.0	17.0	0.0	-1.0	-1.0	-1.0	19.0	-1.0	0.0	12.0	11.0	10.0	-1.0	16.0	33.0	12.0	12.0	-1.0	19.0	-1.0	-1.0	27.0	-1.0	-1.0	18.0	14.0	16.0	24.0	3.0	2.0	0.0	-1.0	-1.0	0.0	6.0	18.0	-1.0	25.0	8.0	12.0	0.0	-1.0	14.0	0.0	12.0	24.0	-1.0	-1.0	-1.0	5.0	19.0	-1.0	24.0	10.0	-1.0	15.0	30.0	13.0	-1.0	-1.0	25.0	5.0	-1.0	10.0	17.0	7.0	29.0	4.0	6.0	-1.0	-1.0	13.0	-1.0	20.0	11.0	-1.0	17.0	12.0	25.0	10.0	17.0	12.0	-1.0	26.0	0.0	-1.0	31.0	14.0	-1.0	
4.0	-1.0	-1.0	-1.0	-1.0	0.0	17.0	7.0	4.0	12.0	15.0	-1.0	-1.0	0.0	-1.0	-1.0	12.0	19.0	2.0	0.0	12.0	-1.0	10.0	11.0	16.0	-1.0	12.0	12.0	5.0	19.0	14.0	11.0	27.0	-1.0	-1.0	-1.0	14.0	-1.0	24.0	3.0	2.0	-1.0	18.0	9.0	-1.0	-1.0	18.0	31.0	-1.0	8.0	12.0	0.0	7.0	-1.0	0.0	-1.0	24.0	16.0	13.0	-1.0	-1.0	19.0	19.0	24.0	-1.0	-1.0	31.0	-1.0	13.0	16.0	-1.0	17.0	8.0	32.0	10.0	-1.0	7.0	29.0	4.0	6.0	34.0	7.0	-1.0	-1.0	20.0	-1.0	-1.0	17.0	12.0	31.0	-1.0	-1.0	12.0	0.0	26.0	-1.0	8.0	-1.0	-1.0	18.0	
4.0	5.0	-1.0	12.0	-1.0	0.0	17.0	7.0	4.0	12.0	15.0	9.0	-1.0	0.0	22.0	30.0	-1.0	19.0	2.0	0.0	12.0	-1.0	10.0	11.0	16.0	33.0	12.0	-1.0	-1.0	19.0	14.0	11.0	27.0	41.0	17.0	18.0	-1.0	-1.0	24.0	-1.0	2.0	0.0	-1.0	-1.0	-1.0	-1.0	18.0	37.0	27.0	8.0	-1.0	0.0	-1.0	14.0	0.0	12.0	24.0	16.0	13.0	34.0	-1.0	19.0	19.0	30.0	10.0	24.0	15.0	30.0	13.0	16.0	10.0	17.0	8.0	32.0	10.0	29.0	7.0	29.0	4.0	-1.0	34.0	7.0	-1.0	5.0	20.0	-1.0	0.0	-1.0	-1.0	25.0	10.0	17.0	-1.0	15.0	26.0	-1.0	-1.0	-1.0	-1.0	18.0	

distances_centre_w :
-1.0	18.0	24.0	-1.0	45.0	23.0	37.0	-1.0	14.0	33.0	-1.0	-1.0	21.0	17.0	-1.0	-1.0	-1.0	35.0	-1.0	15.0	28.0	14.0	13.0	-1.0	36.0	37.0	25.0	23.0	-1.0	25.0	-1.0	-1.0	33.0	-1.0	-1.0	39.0	19.0	27.0	38.0	18.0	15.0	41.0	-1.0	-1.0	23.0	29.0	25.0	-1.0	27.0	25.0	21.0	17.0	-1.0	15.0	6.0	14.0	30.0	-1.0	-1.0	-1.0	15.0	26.0	-1.0	30.0	33.0	-1.0	31.0	45.0	19.0	-1.0	-1.0	41.0	8.0	-1.0	35.0	23.0	13.0	31.0	21.0	11.0	-1.0	-1.0	28.0	-1.0	41.0	42.0	-1.0	33.0	35.0	31.0	23.0	18.0	21.0	-1.0	31.0	11.0	-1.0	35.0	44.0	-1.0	
21.0	-1.0	-1.0	-1.0	-1.0	23.0	37.0	21.0	14.0	30.0	37.0	-1.0	-1.0	17.0	-1.0	-1.0	30.0	31.0	12.0	15.0	28.0	-1.0	13.0	22.0	36.0	-1.0	16.0	23.0	17.0	25.0	23.0	11.0	33.0	-1.0	-1.0	-1.0	19.0	-1.0	27.0	18.0	15.0	-1.0	19.0	21.0	-1.0	-1.0	25.0	37.0	-1.0	25.0	21.0	17.0	18.0	-1.0	6.0	-1.0	30.0	22.0	35.0	-1.0	-1.0	26.0	22.0	30.0	-1.0	-1.0	32.0	-1.0	19.0	26.0	-1.0	25.0	8.0	34.0	20.0	-1.0	13.0	31.0	21.0	11.0	37.0	18.0	-1.0	-1.0	23.0	-1.0	-1.0	33.0	35.0	36.0	-1.0	-1.0	21.0	15.0	31.0	-1.0	24.0	-1.0	-1.0	23.0	
21.0	18.0	-1.0	21.0	-1.0	23.0	37.0	21.0	14.0	30.0	21.0	17.0	-1.0	17.0	25.0	36.0	-1.0	31.0	45.0	15.0	28.0	-1.0	13.0	22.0	36.0	37.0	16.0	-1.0	-1.0	25.0	44.0	11.0	40.0	45.0	18.0	35.0	-1.0	-1.0	27.0	-1.0	15.0	41.0	-1.0	-1.0	-1.0	-1.0	43.0	38.0	45.0	25.0	-1.0	17.0	-1.0	15.0	6.0	14.0	30.0	22.0	30.0	35.0	-1.0	26.0	22.0	35.0	33.0	30.0	31.0	45.0	19.0	26.0	31.0	25.0	8.0	34.0	20.0	40.0	13.0	31.0	21.0	-1.0	37.0	18.0	-1.0	7.0	23.0	-1.0	6.0	-1.0	-1.0	31.0	23.0	18.0	-1.0	23.0	31.0	-1.0	-1.0	-1.0	-1.0	30.0	

maxX :
33.0	34.0	41.0	

maxW :
45.0	37.0	45.0	

minX :
0.0	0.0	0.0	

minW :
6.0	6.0	6.0	

moyX :
13.242424242424242	13.4375	15.438356164383562	

moyW :
26.060606060606062	23.5	26.054794520547944	

medX :
12.0	12.0	15.0	

medW :
25.0	23.0	25.0	

ecartTypeX :
8.605953904588217	8.905537252181926	10.13469059528647	

ecartTypeW :
9.797771527516746	7.877975628294365	10.181759692569367	

varX :
74.06244260789717	79.30859375	102.71195346218802	

varW :
95.99632690541782	62.0625	103.66823043723025	

covarX :
75.2018648018648	80.56746031746032	104.13850837138506	

covarW :
97.47319347319348	63.047619047619044	105.10806697108062	

coef_variationX :
0.6498775259757693	0.6627376559763294	0.6564617688162487	

coef_variationW :
0.3759610004744798	0.3352330054593347	0.3907825749514005	

moy_distances_centre :	55.733333333333334
min_distances_centre :	6.0
max_distances_centre :	114.0
med_distances_centre :	57.0
ecartType_distances_centre :	25.528546113452418
var_distances_centre :	651.7066666666666
covar_distances_centre :	659.029213483146
coef_variation_distances_centre :	0.4580480761983089
capacite_X_temoin : 
157.0	172.0	153.0	150.0	177.0	154.0	147.0	174.0	162.0	145.0	
171.0	160.0	175.0	177.0	136.0	150.0	159.0	157.0	162.0	178.0	
157.0	154.0	162.0	153.0	166.0	175.0	171.0	154.0	162.0	162.0	

capacite_W_temoin : 
130.1	164.6	179.9	92.0	93.1	110.19999999999999	61.1	153.2	155.6	96.5	
107.3	132.0	171.5	173.1	87.8	90.0	106.69999999999999	123.1	199.6	141.4	
89.1	165.2	132.6	105.9	130.8	101.5	86.3	118.19999999999999	158.6	107.6	

demande_cumulee_X : 
74.0	59.0	19.0	103.0	137.0	90.0	130.0	73.0	55.0	92.0	
115.0	76.0	56.0	57.0	89.0	105.0	100.0	81.0	11.0	90.0	
115.0	35.0	78.0	93.0	85.0	126.0	136.0	82.0	52.0	103.0	

demande_cumulee_W : 
114.0	107.0	42.0	71.0	84.0	63.0	56.0	134.0	101.0	60.0	
24.0	98.0	11.0	92.0	82.0	55.0	101.0	110.0	108.0	99.0	
63.0	133.0	51.0	57.0	118.0	61.0	83.0	117.0	125.0	97.0	

capacite_residuelle_X : 
83.0	113.0	134.0	47.0	40.0	64.0	17.0	101.0	107.0	53.0	
56.0	84.0	119.0	120.0	47.0	45.0	59.0	76.0	151.0	88.0	
42.0	119.0	84.0	60.0	81.0	49.0	35.0	72.0	110.0	59.0	

capacite_residuelle_W : 
16.099999999999994	57.599999999999994	137.9	21.0	9.099999999999994	47.19999999999999	5.100000000000001	19.19999999999999	54.599999999999994	36.5	
83.3	34.0	160.5	81.1	5.799999999999997	35.0	5.699999999999989	13.099999999999994	91.6	42.400000000000006	
26.099999999999994	32.19999999999999	81.6	48.900000000000006	12.800000000000011	40.5	3.299999999999997	1.1999999999999886	33.599999999999994	10.599999999999994	

min_capacite_X : 
145.0	136.0	153.0	

min_capacite_W : 
61.1	87.8	86.3	

max_capacite_X : 
177.0	178.0	175.0	

max_capacite_W : 
179.9	199.6	165.2	

moy_capacite_X : 
159.1	162.5	161.6	

moy_capacite_W : 
123.62999999999997	133.25000000000003	119.57999999999997	

med_capacite_X : 
155.5	161.0	162.0	

med_capacite_W : 
120.14999999999999	127.55	112.89999999999999	

ecartType_capacite_X : 
11.0131739294356	12.595634164265013	7.059745037889116	

ecartType_capacite_W : 
36.799620921960596	35.97080065831173	25.68111368301616	

var_capacite_X : 
121.29	158.65	49.84	

var_capacite_W : 
1354.2121	1293.8984999999998	659.5196	

covar_capacite_X : 
134.76666666666668	176.27777777777777	55.37777777777779	

covar_capacite_W : 
1504.680111111111	1437.6649999999997	732.7995555555555	

##########	##########	##########	##########	##########	##########	##########	##########	##########	##########	##########	##########	##########	##########	##########	##########	##########	##########	##########	##########	##########	##########	##########	##########	##########	##########	##########	##########	##########	##########	##########	##########	##########	##########	##########	##########	##########	##########	##########	##########	##########	##########	##########	##########	##########	##########	##########	##########	##########	##########	##########	##########	##########	##########	##########	##########	##########	##########	##########	##########	##########	##########	##########	##########	##########	##########	##########	##########	##########	##########	##########	##########	##########	##########	##########	##########	##########	##########	##########	##########	##########	##########	##########	##########	##########	##########	##########	##########	##########	##########	##########	##########	##########	##########	##########	##########	##########	##########	##########	##########	nombre de noeuds : 100
nombre de strates : 3
nombre de centres : 10
titre : fenetre
instances : p20_1
temps de calcul : 0.12399506568908691
valeur objective : 239.0
nombre de solutions : 3
nombre de noeuds : 1.0
faisability : True
centre : [95, 13, 93, 86, 5, 44, 41, 51, 54, 26]
moy_distances :	53.25
min_distances :	1.0
max_distances :	126.0
var_distances :	631.4449237424753
covar_distances :	631.5087125013132
ecartType_distances :	25.128567880849783
coef_variation	: 0.4719042544699467
distances_centre_x :
-1.0	5.0	10.0	-1.0	10.0	0.0	17.0	-1.0	14.0	12.0	-1.0	-1.0	21.0	0.0	-1.0	-1.0	-1.0	19.0	-1.0	15.0	12.0	11.0	10.0	-1.0	16.0	33.0	0.0	12.0	-1.0	19.0	-1.0	-1.0	27.0	-1.0	-1.0	18.0	12.0	16.0	24.0	3.0	2.0	0.0	-1.0	-1.0	0.0	6.0	18.0	-1.0	25.0	8.0	12.0	0.0	-1.0	14.0	0.0	12.0	24.0	-1.0	-1.0	-1.0	5.0	19.0	-1.0	24.0	10.0	-1.0	15.0	30.0	10.0	-1.0	-1.0	17.0	8.0	-1.0	10.0	17.0	7.0	29.0	4.0	6.0	-1.0	-1.0	13.0	-1.0	20.0	11.0	-1.0	17.0	12.0	25.0	10.0	17.0	12.0	-1.0	26.0	0.0	-1.0	31.0	14.0	-1.0	
4.0	-1.0	-1.0	-1.0	-1.0	0.0	17.0	21.0	14.0	12.0	15.0	-1.0	-1.0	0.0	-1.0	-1.0	12.0	19.0	2.0	15.0	12.0	-1.0	10.0	11.0	16.0	-1.0	0.0	12.0	8.0	19.0	14.0	11.0	27.0	-1.0	-1.0	-1.0	12.0	-1.0	24.0	3.0	2.0	-1.0	18.0	9.0	-1.0	-1.0	18.0	31.0	-1.0	8.0	12.0	0.0	18.0	-1.0	0.0	-1.0	24.0	22.0	13.0	-1.0	-1.0	19.0	19.0	24.0	-1.0	-1.0	15.0	-1.0	10.0	16.0	-1.0	17.0	5.0	32.0	10.0	-1.0	7.0	29.0	4.0	6.0	34.0	7.0	-1.0	-1.0	20.0	-1.0	-1.0	17.0	12.0	25.0	-1.0	-1.0	12.0	0.0	26.0	-1.0	8.0	-1.0	-1.0	18.0	
4.0	5.0	-1.0	10.0	-1.0	0.0	17.0	21.0	14.0	30.0	15.0	9.0	-1.0	0.0	22.0	30.0	-1.0	19.0	2.0	15.0	12.0	-1.0	10.0	11.0	16.0	33.0	0.0	-1.0	-1.0	19.0	14.0	11.0	27.0	41.0	18.0	18.0	-1.0	-1.0	24.0	-1.0	2.0	0.0	-1.0	-1.0	-1.0	-1.0	18.0	31.0	25.0	8.0	-1.0	0.0	-1.0	14.0	0.0	12.0	24.0	22.0	13.0	34.0	-1.0	19.0	19.0	24.0	10.0	24.0	15.0	30.0	10.0	16.0	10.0	28.0	5.0	32.0	10.0	23.0	7.0	29.0	4.0	-1.0	34.0	7.0	-1.0	5.0	20.0	-1.0	0.0	-1.0	-1.0	25.0	10.0	17.0	-1.0	0.0	26.0	-1.0	-1.0	-1.0	-1.0	23.0	

distances_centre_w :
-1.0	18.0	24.0	-1.0	12.0	23.0	37.0	-1.0	34.0	39.0	-1.0	-1.0	45.0	17.0	-1.0	-1.0	-1.0	33.0	-1.0	37.0	28.0	14.0	13.0	-1.0	37.0	37.0	12.0	23.0	-1.0	25.0	-1.0	-1.0	33.0	-1.0	-1.0	35.0	14.0	27.0	38.0	22.0	15.0	23.0	-1.0	-1.0	23.0	37.0	25.0	-1.0	26.0	25.0	21.0	17.0	-1.0	15.0	6.0	44.0	30.0	-1.0	-1.0	-1.0	27.0	26.0	-1.0	30.0	33.0	-1.0	31.0	45.0	13.0	-1.0	-1.0	25.0	41.0	-1.0	20.0	23.0	9.0	31.0	21.0	11.0	-1.0	-1.0	28.0	-1.0	23.0	19.0	-1.0	33.0	33.0	31.0	23.0	26.0	21.0	-1.0	31.0	11.0	-1.0	35.0	45.0	-1.0	
21.0	-1.0	-1.0	-1.0	-1.0	23.0	37.0	41.0	34.0	30.0	21.0	-1.0	-1.0	17.0	-1.0	-1.0	30.0	31.0	12.0	37.0	28.0	-1.0	13.0	20.0	39.0	-1.0	12.0	23.0	17.0	25.0	23.0	11.0	33.0	-1.0	-1.0	-1.0	14.0	-1.0	26.0	22.0	15.0	-1.0	19.0	21.0	-1.0	-1.0	25.0	37.0	-1.0	25.0	21.0	17.0	37.0	-1.0	6.0	-1.0	30.0	35.0	38.0	-1.0	-1.0	26.0	22.0	30.0	-1.0	-1.0	31.0	-1.0	13.0	26.0	-1.0	25.0	8.0	34.0	20.0	-1.0	9.0	31.0	21.0	11.0	37.0	18.0	-1.0	-1.0	23.0	-1.0	-1.0	33.0	35.0	31.0	-1.0	-1.0	21.0	23.0	31.0	-1.0	24.0	-1.0	-1.0	23.0	
21.0	18.0	-1.0	12.0	-1.0	23.0	37.0	41.0	34.0	39.0	21.0	21.0	-1.0	17.0	25.0	39.0	-1.0	43.0	12.0	42.0	28.0	-1.0	13.0	20.0	37.0	37.0	12.0	-1.0	-1.0	25.0	23.0	11.0	33.0	45.0	29.0	35.0	-1.0	-1.0	38.0	-1.0	15.0	23.0	-1.0	-1.0	-1.0	-1.0	28.0	37.0	26.0	25.0	-1.0	17.0	-1.0	15.0	6.0	14.0	30.0	35.0	27.0	35.0	-1.0	33.0	22.0	30.0	33.0	30.0	31.0	45.0	13.0	26.0	31.0	41.0	8.0	40.0	20.0	26.0	9.0	31.0	21.0	-1.0	37.0	18.0	-1.0	7.0	23.0	-1.0	6.0	-1.0	-1.0	31.0	23.0	26.0	-1.0	23.0	31.0	-1.0	-1.0	-1.0	-1.0	35.0	

maxX :
33.0	34.0	41.0	

maxW :
45.0	41.0	45.0	

minX :
0.0	0.0	0.0	

minW :
6.0	6.0	6.0	

moyX :
13.272727272727273	13.703125	15.780821917808218	

moyW :
26.196969696969695	24.5625	26.21917808219178	

medX :
12.0	12.5	15.0	

medW :
25.5	23.5	26.0	

ecartTypeX :
8.443296524364587	8.457023130769775	10.179547821244274	

ecartTypeW :
9.56036593849156	8.589373885796332	10.182238868026372	

varX :
71.28925619834712	71.521240234375	103.62319384499905	

varW :
91.4005968778696	73.77734375	103.677988365547	

covarX :
72.38601398601399	72.65649801587301	105.06240487062406	

covarW :
92.80675990675991	74.9484126984127	105.11796042617961	

coef_variationX :
0.6361387792329484	0.6171601828611922	0.6450581518670417	

coef_variationW :
0.36494167260870036	0.34969461112656824	0.3883508032214865	

moy_distances_centre :	50.08888888888889
min_distances_centre :	6.0
max_distances_centre :	98.0
med_distances_centre :	52.0
ecartType_distances_centre :	23.31220207170697
var_distances_centre :	543.4587654320987
covar_distances_centre :	549.5650436953808
coef_variation_distances_centre :	0.46541663408465556
capacite_X_temoin : 
157.0	172.0	172.0	150.0	177.0	154.0	147.0	174.0	162.0	145.0	
171.0	160.0	135.0	177.0	136.0	150.0	159.0	157.0	162.0	178.0	
157.0	154.0	168.0	153.0	166.0	175.0	171.0	154.0	162.0	162.0	

capacite_W_temoin : 
130.1	164.6	177.6	88.0	97.1	110.19999999999999	63.1	181.2	136.6	112.5	
113.3	132.0	125.5	173.1	81.8	90.0	90.69999999999999	167.1	143.6	163.4	
108.1	165.2	185.4	86.9	130.8	101.5	53.3	139.2	80.6	152.6	

demande_cumulee_X : 
74.0	59.0	46.0	107.0	133.0	90.0	128.0	45.0	74.0	76.0	
109.0	76.0	50.0	57.0	95.0	105.0	116.0	37.0	67.0	68.0	
96.0	35.0	33.0	112.0	85.0	126.0	169.0	61.0	130.0	58.0	

demande_cumulee_W : 
121.0	96.0	77.0	67.0	94.0	46.0	39.0	117.0	76.0	99.0	
97.0	87.0	59.0	86.0	78.0	55.0	83.0	118.0	45.0	72.0	
101.0	115.0	141.0	38.0	114.0	50.0	35.0	135.0	39.0	137.0	

capacite_residuelle_X : 
83.0	113.0	126.0	43.0	44.0	64.0	19.0	129.0	88.0	69.0	
62.0	84.0	85.0	120.0	41.0	45.0	43.0	120.0	95.0	110.0	
61.0	119.0	135.0	41.0	81.0	49.0	2.0	93.0	32.0	104.0	

capacite_residuelle_W : 
9.099999999999994	68.6	100.6	21.0	3.0999999999999943	64.19999999999999	24.1	64.19999999999999	60.599999999999994	13.5	
16.299999999999997	45.0	66.5	87.1	3.799999999999997	35.0	7.699999999999989	49.099999999999994	98.6	91.4	
7.099999999999994	50.19999999999999	44.400000000000006	48.900000000000006	16.80000000000001	51.5	18.299999999999997	4.199999999999989	41.599999999999994	15.599999999999994	

min_capacite_X : 
145.0	135.0	153.0	

min_capacite_W : 
63.1	81.8	53.3	

max_capacite_X : 
177.0	178.0	175.0	

max_capacite_W : 
181.2	173.1	185.4	

moy_capacite_X : 
161.0	158.5	162.2	

moy_capacite_W : 
126.09999999999998	128.05	120.35999999999997	

med_capacite_X : 
159.5	159.5	162.0	

med_capacite_W : 
121.3	128.75	119.45	

ecartType_capacite_X : 
11.428035701729321	14.23551895787435	7.318469785412794	

ecartType_capacite_W : 
37.41141537017812	32.04276049281647	39.3035163821254	

var_capacite_X : 
130.6	202.65	53.55999999999999	

var_capacite_W : 
1399.6139999999998	1026.7385	1544.7664	

covar_capacite_X : 
145.11111111111111	225.16666666666666	59.5111111111111	

covar_capacite_W : 
1555.1266666666666	1140.8205555555555	1716.4071111111111	

##########	##########	##########	##########	##########	##########	##########	##########	##########	##########	##########	##########	##########	##########	##########	##########	##########	##########	##########	##########	##########	##########	##########	##########	##########	##########	##########	##########	##########	##########	##########	##########	##########	##########	##########	##########	##########	##########	##########	##########	##########	##########	##########	##########	##########	##########	##########	##########	##########	##########	##########	##########	##########	##########	##########	##########	##########	##########	##########	##########	##########	##########	##########	##########	##########	##########	##########	##########	##########	##########	##########	##########	##########	##########	##########	##########	##########	##########	##########	##########	##########	##########	##########	##########	##########	##########	##########	##########	##########	##########	##########	##########	##########	##########	##########	##########	##########	##########	##########	##########	nombre de noeuds : 100
nombre de strates : 3
nombre de centres : 10
titre : fenetre
instances : p20_1
temps de calcul : 0.12902212142944336
valeur objective : 233.0
nombre de solutions : 3
nombre de noeuds : 1.0
faisability : True
centre : [13, 93, 86, 5, 44, 41, 51, 54, 26, 91]
moy_distances :	53.25
min_distances :	1.0
max_distances :	126.0
var_distances :	631.4449237424753
covar_distances :	631.5087125013132
ecartType_distances :	25.128567880849783
coef_variation	: 0.4719042544699467
distances_centre_x :
-1.0	5.0	10.0	-1.0	10.0	0.0	17.0	-1.0	14.0	12.0	-1.0	-1.0	17.0	0.0	-1.0	-1.0	-1.0	19.0	-1.0	15.0	12.0	11.0	10.0	-1.0	16.0	33.0	0.0	26.0	-1.0	19.0	-1.0	-1.0	33.0	-1.0	-1.0	18.0	12.0	16.0	24.0	3.0	2.0	0.0	-1.0	-1.0	0.0	6.0	28.0	-1.0	25.0	8.0	12.0	0.0	-1.0	14.0	0.0	12.0	24.0	-1.0	-1.0	-1.0	5.0	26.0	-1.0	24.0	10.0	-1.0	15.0	30.0	10.0	-1.0	-1.0	28.0	5.0	-1.0	20.0	23.0	9.0	29.0	4.0	6.0	-1.0	-1.0	13.0	-1.0	20.0	11.0	-1.0	17.0	12.0	25.0	10.0	0.0	12.0	-1.0	26.0	11.0	-1.0	31.0	14.0	-1.0	
4.0	-1.0	-1.0	-1.0	-1.0	0.0	17.0	18.0	14.0	12.0	15.0	-1.0	-1.0	0.0	-1.0	-1.0	12.0	19.0	12.0	15.0	12.0	-1.0	10.0	20.0	16.0	-1.0	0.0	23.0	5.0	19.0	23.0	11.0	27.0	-1.0	-1.0	-1.0	12.0	-1.0	24.0	3.0	2.0	-1.0	10.0	9.0	-1.0	-1.0	25.0	31.0	-1.0	8.0	12.0	0.0	14.0	-1.0	0.0	-1.0	24.0	8.0	13.0	-1.0	-1.0	19.0	19.0	24.0	-1.0	-1.0	15.0	-1.0	10.0	16.0	-1.0	28.0	5.0	32.0	21.0	-1.0	7.0	29.0	4.0	6.0	34.0	7.0	-1.0	-1.0	20.0	-1.0	-1.0	17.0	12.0	25.0	-1.0	-1.0	12.0	0.0	26.0	-1.0	8.0	-1.0	-1.0	18.0	
4.0	5.0	-1.0	10.0	-1.0	0.0	17.0	18.0	14.0	12.0	15.0	8.0	-1.0	0.0	22.0	30.0	-1.0	19.0	12.0	15.0	12.0	-1.0	10.0	20.0	16.0	33.0	0.0	-1.0	-1.0	19.0	23.0	11.0	40.0	41.0	2.0	18.0	-1.0	-1.0	24.0	-1.0	2.0	0.0	-1.0	-1.0	-1.0	-1.0	28.0	31.0	25.0	8.0	-1.0	0.0	-1.0	14.0	0.0	12.0	30.0	8.0	13.0	34.0	-1.0	19.0	19.0	24.0	10.0	24.0	31.0	30.0	10.0	16.0	10.0	25.0	5.0	32.0	25.0	23.0	7.0	29.0	4.0	-1.0	34.0	7.0	-1.0	10.0	20.0	-1.0	0.0	-1.0	-1.0	25.0	10.0	0.0	-1.0	0.0	26.0	-1.0	-1.0	-1.0	-1.0	18.0	

distances_centre_w :
-1.0	15.0	24.0	-1.0	15.0	23.0	37.0	-1.0	14.0	39.0	-1.0	-1.0	21.0	17.0	-1.0	-1.0	-1.0	31.0	-1.0	18.0	28.0	17.0	13.0	-1.0	34.0	40.0	12.0	40.0	-1.0	25.0	-1.0	-1.0	40.0	-1.0	-1.0	35.0	19.0	27.0	26.0	20.0	15.0	23.0	-1.0	-1.0	23.0	29.0	34.0	-1.0	31.0	25.0	21.0	17.0	-1.0	15.0	18.0	14.0	37.0	-1.0	-1.0	-1.0	21.0	33.0	-1.0	30.0	33.0	-1.0	31.0	38.0	38.0	-1.0	-1.0	33.0	8.0	-1.0	21.0	26.0	38.0	35.0	21.0	11.0	-1.0	-1.0	28.0	-1.0	32.0	19.0	-1.0	33.0	33.0	31.0	23.0	17.0	21.0	-1.0	31.0	39.0	-1.0	35.0	36.0	-1.0	
21.0	-1.0	-1.0	-1.0	-1.0	23.0	37.0	21.0	14.0	30.0	37.0	-1.0	-1.0	17.0	-1.0	-1.0	30.0	31.0	12.0	18.0	28.0	-1.0	13.0	24.0	34.0	-1.0	25.0	26.0	8.0	25.0	25.0	11.0	33.0	-1.0	-1.0	-1.0	27.0	-1.0	26.0	20.0	15.0	-1.0	18.0	21.0	-1.0	-1.0	28.0	38.0	-1.0	25.0	21.0	17.0	18.0	-1.0	6.0	-1.0	30.0	22.0	27.0	-1.0	-1.0	26.0	22.0	30.0	-1.0	-1.0	32.0	-1.0	29.0	26.0	-1.0	33.0	8.0	34.0	25.0	-1.0	9.0	35.0	21.0	11.0	37.0	18.0	-1.0	-1.0	23.0	-1.0	-1.0	33.0	34.0	31.0	-1.0	-1.0	21.0	17.0	31.0	-1.0	24.0	-1.0	-1.0	23.0	
21.0	15.0	-1.0	38.0	-1.0	23.0	37.0	21.0	14.0	30.0	21.0	9.0	-1.0	17.0	35.0	36.0	-1.0	31.0	12.0	18.0	28.0	-1.0	13.0	22.0	34.0	40.0	28.0	-1.0	-1.0	25.0	29.0	11.0	45.0	47.0	18.0	35.0	-1.0	-1.0	26.0	-1.0	15.0	23.0	-1.0	-1.0	-1.0	-1.0	34.0	38.0	26.0	25.0	-1.0	17.0	-1.0	15.0	44.0	14.0	37.0	22.0	27.0	35.0	-1.0	26.0	22.0	30.0	33.0	31.0	36.0	38.0	43.0	26.0	31.0	28.0	8.0	34.0	46.0	26.0	9.0	35.0	21.0	-1.0	37.0	18.0	-1.0	33.0	23.0	-1.0	6.0	-1.0	-1.0	36.0	23.0	17.0	-1.0	17.0	31.0	-1.0	-1.0	-1.0	-1.0	23.0	

maxX :
33.0	34.0	41.0	

maxW :
40.0	38.0	47.0	

minX :
0.0	0.0	0.0	

minW :
8.0	6.0	6.0	

moyX :
14.075757575757576	14.265625	16.0	

moyW :
26.166666666666668	23.984375	26.54794520547945	

medX :
12.0	13.5	15.0	

medW :
26.0	25.0	26.0	

ecartTypeX :
9.236473494137098	8.764705834160951	10.80081174016913	

ecartTypeW :
8.680495959391381	7.940190857868279	9.866285606459527	

varX :
85.31244260789715	76.820068359375	116.65753424657534	

varW :
75.35101010101009	63.046630859375	97.34359166823045	

covarX :
86.62494172494175	78.03943452380952	118.27777777777777	

covarW :
76.5102564102564	64.04737103174602	98.69558599695587	

coef_variationX :
0.6561972557729262	0.6143933991087632	0.6750507337605707	

coef_variationW :
0.3317386990850209	0.3310568175267556	0.3716402731019327	

moy_distances_centre :	53.955555555555556
min_distances_centre :	6.0
max_distances_centre :	110.0
med_distances_centre :	57.0
ecartType_distances_centre :	24.626052650309237
var_distances_centre :	606.4424691358025
covar_distances_centre :	613.256429463171
coef_variation_distances_centre :	0.456413661146588
capacite_X_temoin : 
157.0	172.0	172.0	150.0	177.0	154.0	147.0	174.0	178.0	162.0	
171.0	160.0	135.0	177.0	136.0	150.0	159.0	157.0	160.0	162.0	
157.0	154.0	168.0	153.0	166.0	175.0	171.0	154.0	135.0	162.0	

capacite_W_temoin : 
110.1	164.6	154.6	92.0	113.1	110.19999999999999	49.1	169.2	208.4	132.6	
132.3	142.0	101.5	173.1	81.8	80.0	48.699999999999996	165.1	153.0	179.6	
102.1	155.2	137.4	105.9	117.8	88.5	67.3	138.2	98.5	157.6	

demande_cumulee_X : 
94.0	59.0	69.0	103.0	117.0	90.0	142.0	57.0	23.0	78.0	
90.0	66.0	74.0	57.0	95.0	115.0	158.0	39.0	55.0	31.0	
102.0	45.0	81.0	93.0	98.0	139.0	155.0	62.0	77.0	53.0	

demande_cumulee_W : 
48.0	69.0	117.0	71.0	96.0	72.0	38.0	169.0	71.0	81.0	
93.0	108.0	42.0	92.0	71.0	45.0	43.0	158.0	46.0	82.0	
51.0	105.0	129.0	57.0	114.0	63.0	58.0	130.0	63.0	135.0	

capacite_residuelle_X : 
63.0	113.0	103.0	47.0	60.0	64.0	5.0	117.0	155.0	84.0	
81.0	94.0	61.0	120.0	41.0	35.0	1.0	118.0	105.0	131.0	
55.0	109.0	87.0	60.0	68.0	36.0	16.0	92.0	58.0	109.0	

capacite_residuelle_W : 
62.099999999999994	95.6	37.599999999999994	21.0	17.099999999999994	38.19999999999999	11.100000000000001	0.19999999999998863	137.4	51.599999999999994	
39.30000000000001	34.0	59.5	81.1	10.799999999999997	35.0	5.699999999999996	7.099999999999994	107.0	97.6	
51.099999999999994	50.19999999999999	8.400000000000006	48.900000000000006	3.799999999999997	25.5	9.299999999999997	8.199999999999989	35.5	22.599999999999994	

min_capacite_X : 
147.0	135.0	135.0	

min_capacite_W : 
49.1	48.699999999999996	67.3	

max_capacite_X : 
178.0	177.0	175.0	

max_capacite_W : 
208.4	179.6	157.6	

moy_capacite_X : 
164.3	156.7	159.5	

moy_capacite_W : 
130.39	125.71	116.85	

med_capacite_X : 
167.0	159.5	159.5	

med_capacite_W : 
122.85	137.15	111.85	

ecartType_capacite_X : 
11.090987332063813	12.712592182556634	10.965856099730654	

ecartType_capacite_W : 
43.07345934563418	42.76588476811861	28.18408238704961	

var_capacite_X : 
123.00999999999999	161.61	120.25	

var_capacite_W : 
1855.3229000000003	1828.9208999999996	794.3425	

covar_capacite_X : 
136.67777777777775	179.56666666666666	133.61111111111111	

covar_capacite_W : 
2061.469888888889	2032.1343333333327	882.6027777777776	

##########	##########	##########	##########	##########	##########	##########	##########	##########	##########	##########	##########	##########	##########	##########	##########	##########	##########	##########	##########	##########	##########	##########	##########	##########	##########	##########	##########	##########	##########	##########	##########	##########	##########	##########	##########	##########	##########	##########	##########	##########	##########	##########	##########	##########	##########	##########	##########	##########	##########	##########	##########	##########	##########	##########	##########	##########	##########	##########	##########	##########	##########	##########	##########	##########	##########	##########	##########	##########	##########	##########	##########	##########	##########	##########	##########	##########	##########	##########	##########	##########	##########	##########	##########	##########	##########	##########	##########	##########	##########	##########	##########	##########	##########	##########	##########	##########	##########	##########	##########	nombre de noeuds : 100
nombre de strates : 3
nombre de centres : 10
titre : fenetre
instances : p20_1
temps de calcul : 0.12418889999389648
valeur objective : 255.0
nombre de solutions : 3
nombre de noeuds : 1.0
faisability : True
centre : [93, 86, 5, 44, 41, 51, 54, 26, 91, 9]
moy_distances :	53.25
min_distances :	1.0
max_distances :	126.0
var_distances :	631.4449237424753
covar_distances :	631.5087125013132
ecartType_distances :	25.128567880849783
coef_variation	: 0.4719042544699467
distances_centre_x :
-1.0	5.0	24.0	-1.0	10.0	0.0	17.0	-1.0	14.0	0.0	-1.0	-1.0	15.0	17.0	-1.0	-1.0	-1.0	19.0	-1.0	15.0	12.0	11.0	10.0	-1.0	16.0	33.0	0.0	23.0	-1.0	11.0	-1.0	-1.0	27.0	-1.0	-1.0	18.0	12.0	7.0	24.0	3.0	15.0	0.0	-1.0	-1.0	0.0	6.0	25.0	-1.0	13.0	8.0	12.0	0.0	-1.0	14.0	0.0	12.0	24.0	-1.0	-1.0	-1.0	5.0	7.0	-1.0	24.0	10.0	-1.0	3.0	30.0	10.0	-1.0	-1.0	25.0	19.0	-1.0	25.0	23.0	7.0	29.0	21.0	11.0	-1.0	-1.0	13.0	-1.0	13.0	11.0	-1.0	33.0	12.0	31.0	10.0	0.0	10.0	-1.0	26.0	11.0	-1.0	31.0	14.0	-1.0	
4.0	-1.0	-1.0	-1.0	-1.0	0.0	17.0	18.0	14.0	0.0	15.0	-1.0	-1.0	17.0	-1.0	-1.0	1.0	33.0	12.0	15.0	12.0	-1.0	10.0	20.0	16.0	-1.0	0.0	23.0	5.0	11.0	25.0	11.0	27.0	-1.0	-1.0	-1.0	12.0	-1.0	24.0	3.0	15.0	-1.0	10.0	9.0	-1.0	-1.0	25.0	31.0	-1.0	8.0	12.0	0.0	14.0	-1.0	0.0	-1.0	30.0	8.0	13.0	-1.0	-1.0	7.0	22.0	24.0	-1.0	-1.0	3.0	-1.0	10.0	16.0	-1.0	28.0	19.0	32.0	20.0	-1.0	7.0	29.0	21.0	11.0	34.0	7.0	-1.0	-1.0	13.0	-1.0	-1.0	33.0	12.0	25.0	-1.0	-1.0	12.0	0.0	26.0	-1.0	8.0	-1.0	-1.0	18.0	
4.0	5.0	-1.0	10.0	-1.0	0.0	17.0	18.0	14.0	0.0	15.0	8.0	-1.0	17.0	22.0	39.0	-1.0	19.0	18.0	15.0	12.0	-1.0	10.0	20.0	16.0	33.0	0.0	-1.0	-1.0	19.0	29.0	38.0	40.0	41.0	2.0	18.0	-1.0	-1.0	27.0	-1.0	15.0	0.0	-1.0	-1.0	-1.0	-1.0	25.0	31.0	13.0	8.0	-1.0	0.0	-1.0	14.0	0.0	12.0	24.0	8.0	13.0	34.0	-1.0	7.0	22.0	24.0	10.0	24.0	3.0	30.0	10.0	16.0	10.0	28.0	5.0	32.0	20.0	23.0	7.0	29.0	21.0	-1.0	34.0	7.0	-1.0	35.0	13.0	-1.0	12.0	-1.0	-1.0	25.0	10.0	0.0	-1.0	17.0	26.0	-1.0	-1.0	-1.0	-1.0	18.0	

distances_centre_w :
-1.0	15.0	28.0	-1.0	25.0	23.0	22.0	-1.0	14.0	12.0	-1.0	-1.0	17.0	41.0	-1.0	-1.0	-1.0	42.0	-1.0	18.0	37.0	17.0	13.0	-1.0	29.0	40.0	12.0	23.0	-1.0	19.0	-1.0	-1.0	33.0	-1.0	-1.0	35.0	19.0	16.0	27.0	20.0	40.0	23.0	-1.0	-1.0	12.0	46.0	34.0	-1.0	25.0	46.0	40.0	49.0	-1.0	15.0	44.0	14.0	37.0	-1.0	-1.0	-1.0	21.0	19.0	-1.0	30.0	14.0	-1.0	15.0	38.0	13.0	-1.0	-1.0	28.0	41.0	-1.0	46.0	26.0	9.0	35.0	39.0	44.0	-1.0	-1.0	33.0	-1.0	20.0	19.0	-1.0	33.0	33.0	43.0	41.0	17.0	47.0	-1.0	28.0	16.0	-1.0	35.0	29.0	-1.0	
48.0	-1.0	-1.0	-1.0	-1.0	23.0	22.0	21.0	14.0	12.0	21.0	-1.0	-1.0	41.0	-1.0	-1.0	12.0	42.0	12.0	18.0	47.0	-1.0	13.0	24.0	29.0	-1.0	12.0	40.0	44.0	19.0	29.0	38.0	33.0	-1.0	-1.0	-1.0	19.0	-1.0	26.0	20.0	40.0	-1.0	18.0	43.0	-1.0	-1.0	28.0	38.0	-1.0	46.0	40.0	49.0	18.0	-1.0	6.0	-1.0	37.0	22.0	30.0	-1.0	-1.0	19.0	26.0	30.0	-1.0	-1.0	15.0	-1.0	29.0	32.0	-1.0	33.0	44.0	40.0	46.0	-1.0	9.0	35.0	39.0	44.0	36.0	43.0	-1.0	-1.0	20.0	-1.0	-1.0	33.0	33.0	43.0	-1.0	-1.0	47.0	17.0	28.0	-1.0	24.0	-1.0	-1.0	23.0	
48.0	15.0	-1.0	17.0	-1.0	23.0	22.0	21.0	14.0	12.0	21.0	9.0	-1.0	41.0	25.0	48.0	-1.0	31.0	41.0	18.0	47.0	-1.0	13.0	24.0	29.0	40.0	25.0	-1.0	-1.0	47.0	38.0	49.0	45.0	47.0	18.0	35.0	-1.0	-1.0	35.0	-1.0	40.0	23.0	-1.0	-1.0	-1.0	-1.0	28.0	38.0	25.0	46.0	-1.0	49.0	-1.0	15.0	6.0	14.0	30.0	22.0	20.0	35.0	-1.0	19.0	26.0	30.0	14.0	31.0	15.0	38.0	43.0	32.0	31.0	41.0	19.0	34.0	21.0	26.0	9.0	35.0	39.0	-1.0	36.0	43.0	-1.0	48.0	20.0	-1.0	37.0	-1.0	-1.0	31.0	47.0	17.0	-1.0	23.0	28.0	-1.0	-1.0	-1.0	-1.0	23.0	

maxX :
33.0	34.0	41.0	

maxW :
49.0	49.0	49.0	

minX :
0.0	0.0	0.0	

minW :
9.0	6.0	6.0	

moyX :
14.181818181818182	14.953125	17.0	

moyW :
27.78787878787879	29.40625	29.383561643835616	

medX :
12.5	13.5	16.0	

medW :
27.5	29.0	29.0	

ecartTypeX :
9.161694118363553	9.462804961235067	10.896775946462204	

ecartTypeW :
11.264741387655652	11.606462033604384	11.69665698287195	

varX :
83.93663911845731	89.544677734375	118.73972602739725	

varW :
126.89439853076217	134.7099609375	136.81178457496716	

covarX :
85.22797202797203	90.96602182539682	120.38888888888889	

covarW :
128.84662004662005	136.84821428571428	138.7119482496195	

coef_variationX :
0.6460168929615325	0.6328312617753858	0.6409868203801297	

coef_variationW :
0.40538327785456546	0.39469371421396415	0.39806804650333444	

moy_distances_centre :	48.888888888888886
min_distances_centre :	6.0
max_distances_centre :	101.0
med_distances_centre :	51.0
ecartType_distances_centre :	21.702249982916232
var_distances_centre :	470.9876543209876
covar_distances_centre :	476.2796504369537
coef_variation_distances_centre :	0.4439096587414684
capacite_X_temoin : 
157.0	154.0	172.0	150.0	177.0	154.0	147.0	174.0	178.0	162.0	
171.0	150.0	135.0	177.0	136.0	150.0	159.0	157.0	160.0	162.0	
157.0	166.0	168.0	153.0	166.0	175.0	171.0	154.0	135.0	162.0	

capacite_W_temoin : 
144.1	95.19999999999999	135.6	74.0	182.1	71.19999999999999	54.1	176.2	208.4	139.6	
148.3	104.0	82.5	152.1	156.8	54.0	65.69999999999999	148.1	153.0	179.6	
99.1	139.8	148.4	95.9	174.8	54.5	53.3	162.2	96.5	159.6	

demande_cumulee_X : 
60.0	105.0	88.0	121.0	48.0	129.0	137.0	50.0	23.0	71.0	
74.0	91.0	93.0	78.0	20.0	141.0	141.0	56.0	55.0	31.0	
105.0	76.0	70.0	103.0	41.0	173.0	169.0	38.0	79.0	51.0	

demande_cumulee_W : 
45.0	71.0	135.0	46.0	178.0	46.0	48.0	139.0	58.0	66.0	
104.0	60.0	81.0	88.0	139.0	26.0	35.0	142.0	31.0	74.0	
50.0	138.0	131.0	52.0	167.0	0.0	48.0	157.0	38.0	124.0	

capacite_residuelle_X : 
97.0	49.0	84.0	29.0	129.0	25.0	10.0	124.0	155.0	91.0	
97.0	59.0	42.0	99.0	116.0	9.0	18.0	101.0	105.0	131.0	
52.0	90.0	98.0	50.0	125.0	2.0	2.0	116.0	56.0	111.0	

capacite_residuelle_W : 
99.1	24.19999999999999	0.5999999999999943	28.0	4.099999999999994	25.19999999999999	6.100000000000001	37.19999999999999	150.4	73.6	
44.30000000000001	44.0	1.5	64.1	17.80000000000001	28.0	30.69999999999999	6.099999999999994	122.0	105.6	
49.099999999999994	1.8000000000000114	17.400000000000006	43.900000000000006	7.800000000000011	54.5	5.299999999999997	5.199999999999989	58.5	35.599999999999994	

min_capacite_X : 
147.0	135.0	135.0	

min_capacite_W : 
54.1	54.0	53.3	

max_capacite_X : 
178.0	177.0	175.0	

max_capacite_W : 
208.4	179.6	174.8	

moy_capacite_X : 
162.5	155.7	160.7	

moy_capacite_W : 
128.05	124.41	118.41	

med_capacite_X : 
159.5	158.0	164.0	

med_capacite_W : 
137.6	148.2	119.45	

ecartType_capacite_X : 
11.155716023635597	12.806638903318856	10.954907576059233	

ecartType_capacite_W : 
49.84476401789861	41.6996031156173	42.23075774835209	

var_capacite_X : 
124.45	164.01	120.00999999999999	

var_capacite_W : 
2484.5005	1738.8569000000002	1783.4369000000002	

covar_capacite_X : 
138.27777777777777	182.23333333333332	133.34444444444443	

covar_capacite_W : 
2760.556111111111	1932.063222222222	1981.5965555555554	

##########	##########	##########	##########	##########	##########	##########	##########	##########	##########	##########	##########	##########	##########	##########	##########	##########	##########	##########	##########	##########	##########	##########	##########	##########	##########	##########	##########	##########	##########	##########	##########	##########	##########	##########	##########	##########	##########	##########	##########	##########	##########	##########	##########	##########	##########	##########	##########	##########	##########	##########	##########	##########	##########	##########	##########	##########	##########	##########	##########	##########	##########	##########	##########	##########	##########	##########	##########	##########	##########	##########	##########	##########	##########	##########	##########	##########	##########	##########	##########	##########	##########	##########	##########	##########	##########	##########	##########	##########	##########	##########	##########	##########	##########	##########	##########	##########	##########	##########	##########	nombre de noeuds : 100
nombre de strates : 3
nombre de centres : 10
titre : fenetre
instances : p20_1
temps de calcul : 0.12695908546447754
valeur objective : 255.0
nombre de solutions : 3
nombre de noeuds : 1.0
faisability : True
centre : [86, 5, 44, 41, 51, 54, 26, 91, 9, 8]
moy_distances :	53.25
min_distances :	1.0
max_distances :	126.0
var_distances :	631.4449237424753
covar_distances :	631.5087125013132
ecartType_distances :	25.128567880849783
coef_variation	: 0.4719042544699467
distances_centre_x :
-1.0	15.0	28.0	-1.0	15.0	0.0	17.0	-1.0	0.0	0.0	-1.0	-1.0	15.0	17.0	-1.0	-1.0	-1.0	19.0	-1.0	4.0	12.0	11.0	10.0	-1.0	16.0	33.0	0.0	23.0	-1.0	11.0	-1.0	-1.0	27.0	-1.0	-1.0	18.0	12.0	7.0	24.0	17.0	15.0	0.0	-1.0	-1.0	0.0	6.0	25.0	-1.0	13.0	8.0	12.0	0.0	-1.0	15.0	6.0	12.0	24.0	-1.0	-1.0	-1.0	14.0	7.0	-1.0	24.0	10.0	-1.0	3.0	30.0	10.0	-1.0	-1.0	25.0	5.0	-1.0	25.0	26.0	7.0	29.0	21.0	11.0	-1.0	-1.0	13.0	-1.0	13.0	11.0	-1.0	33.0	12.0	25.0	10.0	0.0	10.0	-1.0	26.0	11.0	-1.0	31.0	14.0	-1.0	
4.0	-1.0	-1.0	-1.0	-1.0	0.0	17.0	7.0	0.0	0.0	15.0	-1.0	-1.0	17.0	-1.0	-1.0	1.0	19.0	12.0	4.0	12.0	-1.0	10.0	20.0	16.0	-1.0	0.0	23.0	20.0	11.0	23.0	11.0	27.0	-1.0	-1.0	-1.0	12.0	-1.0	27.0	17.0	15.0	-1.0	10.0	9.0	-1.0	-1.0	25.0	31.0	-1.0	8.0	12.0	0.0	5.0	-1.0	18.0	-1.0	24.0	8.0	13.0	-1.0	-1.0	7.0	22.0	24.0	-1.0	-1.0	3.0	-1.0	10.0	16.0	-1.0	25.0	5.0	32.0	20.0	-1.0	7.0	29.0	21.0	11.0	34.0	7.0	-1.0	-1.0	13.0	-1.0	-1.0	33.0	12.0	25.0	-1.0	-1.0	10.0	14.0	26.0	-1.0	8.0	-1.0	-1.0	18.0	
4.0	15.0	-1.0	10.0	-1.0	0.0	17.0	7.0	0.0	0.0	15.0	8.0	-1.0	17.0	22.0	30.0	-1.0	19.0	12.0	4.0	12.0	-1.0	10.0	20.0	16.0	33.0	12.0	-1.0	-1.0	11.0	23.0	38.0	27.0	41.0	2.0	18.0	-1.0	-1.0	24.0	-1.0	15.0	0.0	-1.0	-1.0	-1.0	-1.0	28.0	31.0	13.0	8.0	-1.0	0.0	-1.0	15.0	0.0	12.0	37.0	8.0	13.0	34.0	-1.0	7.0	22.0	24.0	10.0	24.0	3.0	30.0	10.0	16.0	10.0	25.0	5.0	32.0	25.0	26.0	9.0	29.0	21.0	-1.0	34.0	7.0	-1.0	5.0	13.0	-1.0	37.0	-1.0	-1.0	36.0	10.0	0.0	-1.0	14.0	26.0	-1.0	-1.0	-1.0	-1.0	18.0	

distances_centre_w :
-1.0	16.0	39.0	-1.0	25.0	25.0	22.0	-1.0	34.0	12.0	-1.0	-1.0	17.0	41.0	-1.0	-1.0	-1.0	33.0	-1.0	18.0	47.0	27.0	13.0	-1.0	29.0	40.0	25.0	36.0	-1.0	19.0	-1.0	-1.0	33.0	-1.0	-1.0	35.0	31.0	27.0	43.0	20.0	40.0	23.0	-1.0	-1.0	12.0	29.0	34.0	-1.0	25.0	46.0	44.0	49.0	-1.0	27.0	18.0	14.0	30.0	-1.0	-1.0	-1.0	21.0	19.0	-1.0	30.0	14.0	-1.0	15.0	38.0	13.0	-1.0	-1.0	28.0	8.0	-1.0	46.0	28.0	9.0	35.0	39.0	44.0	-1.0	-1.0	33.0	-1.0	20.0	19.0	-1.0	33.0	25.0	31.0	41.0	14.0	12.0	-1.0	43.0	12.0	-1.0	35.0	19.0	-1.0	
48.0	-1.0	-1.0	-1.0	-1.0	26.0	22.0	18.0	14.0	12.0	21.0	-1.0	-1.0	41.0	-1.0	-1.0	12.0	31.0	12.0	18.0	37.0	-1.0	13.0	36.0	29.0	-1.0	25.0	23.0	45.0	19.0	25.0	38.0	33.0	-1.0	-1.0	-1.0	19.0	-1.0	35.0	20.0	40.0	-1.0	18.0	43.0	-1.0	-1.0	28.0	38.0	-1.0	46.0	40.0	49.0	14.0	-1.0	44.0	-1.0	30.0	12.0	27.0	-1.0	-1.0	19.0	26.0	30.0	-1.0	-1.0	15.0	-1.0	29.0	32.0	-1.0	28.0	8.0	40.0	21.0	-1.0	9.0	35.0	39.0	44.0	36.0	43.0	-1.0	-1.0	20.0	-1.0	-1.0	33.0	25.0	43.0	-1.0	-1.0	12.0	17.0	28.0	-1.0	24.0	-1.0	-1.0	35.0	
48.0	16.0	-1.0	34.0	-1.0	25.0	22.0	18.0	14.0	12.0	21.0	13.0	-1.0	41.0	25.0	39.0	-1.0	31.0	41.0	18.0	47.0	-1.0	13.0	22.0	29.0	40.0	25.0	-1.0	-1.0	19.0	25.0	49.0	33.0	47.0	13.0	49.0	-1.0	-1.0	35.0	-1.0	40.0	23.0	-1.0	-1.0	-1.0	-1.0	34.0	38.0	25.0	46.0	-1.0	49.0	-1.0	28.0	6.0	14.0	42.0	12.0	20.0	35.0	-1.0	19.0	26.0	35.0	14.0	42.0	15.0	38.0	13.0	32.0	31.0	28.0	44.0	34.0	46.0	40.0	32.0	35.0	39.0	-1.0	36.0	43.0	-1.0	10.0	20.0	-1.0	45.0	-1.0	-1.0	43.0	47.0	14.0	-1.0	23.0	28.0	-1.0	-1.0	-1.0	-1.0	23.0	

maxX :
33.0	34.0	41.0	

maxW :
49.0	49.0	49.0	

minX :
0.0	0.0	0.0	

minW :
8.0	8.0	6.0	

moyX :
14.287878787878787	14.609375	16.561643835616437	

moyW :
27.606060606060606	28.0	29.73972602739726	

medX :
13.0	13.0	15.0	

medW :
27.5	28.0	31.0	

ecartTypeX :
9.09506218266372	8.988911897964904	11.015538590940045	

ecartTypeW :
10.90437608552221	11.063735806679405	11.894545080189703	

varX :
82.72015610651974	80.800537109375	121.3420904484894	

varW :
118.90541781450871	122.40625	141.48020266466506	

covarX :
83.9927738927739	82.08308531746032	123.02739726027397	

covarW :
120.73473193473193	124.34920634920634	143.44520547945203	

coef_variationX :
0.6365579046190939	0.6152838090585603	0.6651235046638737	

coef_variationW :
0.39499935326260477	0.3951334216671216	0.3999547631754253	

moy_distances_centre :	51.111111111111114
min_distances_centre :	6.0
max_distances_centre :	102.0
med_distances_centre :	51.0
ecartType_distances_centre :	22.880581016537167
var_distances_centre :	523.520987654321
covar_distances_centre :	529.4032459425716
coef_variation_distances_centre :	0.44766354162790106
capacite_X_temoin : 
157.0	163.0	154.0	172.0	150.0	177.0	154.0	147.0	174.0	178.0	
171.0	162.0	150.0	135.0	177.0	136.0	150.0	159.0	157.0	160.0	
157.0	145.0	166.0	168.0	153.0	166.0	175.0	171.0	154.0	135.0	

capacite_W_temoin : 
140.1	172.9	93.19999999999999	137.6	74.0	184.1	71.19999999999999	55.1	153.2	200.4	
148.3	162.6	103.0	71.5	152.1	157.8	49.0	59.699999999999996	170.1	170.0	
105.1	156.5	136.8	133.4	95.9	177.8	58.5	53.3	143.2	101.5	

demande_cumulee_X : 
64.0	39.0	107.0	86.0	121.0	46.0	129.0	136.0	73.0	31.0	
74.0	48.0	92.0	104.0	78.0	19.0	146.0	147.0	34.0	38.0	
99.0	32.0	79.0	85.0	103.0	38.0	169.0	169.0	57.0	74.0	

demande_cumulee_W : 
57.0	56.0	85.0	131.0	41.0	178.0	29.0	45.0	147.0	63.0	
92.0	19.0	64.0	55.0	88.0	133.0	43.0	52.0	164.0	70.0	
86.0	86.0	128.0	130.0	52.0	159.0	18.0	45.0	141.0	60.0	

capacite_residuelle_X : 
93.0	124.0	47.0	86.0	29.0	131.0	25.0	11.0	101.0	147.0	
97.0	114.0	58.0	31.0	99.0	117.0	4.0	12.0	123.0	122.0	
58.0	113.0	87.0	83.0	50.0	128.0	6.0	2.0	97.0	61.0	

capacite_residuelle_W : 
83.1	116.9	8.199999999999989	6.599999999999994	33.0	6.099999999999994	42.19999999999999	10.100000000000001	6.199999999999989	137.4	
56.30000000000001	143.6	39.0	16.5	64.1	24.80000000000001	6.0	7.699999999999996	6.099999999999994	100.0	
19.099999999999994	70.5	8.800000000000011	3.4000000000000057	43.900000000000006	18.80000000000001	40.5	8.299999999999997	2.1999999999999886	41.5	

min_capacite_X : 
147.0	135.0	135.0	

min_capacite_W : 
55.1	49.0	53.3	

max_capacite_X : 
178.0	177.0	175.0	

max_capacite_W : 
200.4	170.1	177.8	

moy_capacite_X : 
162.6	155.7	159.0	

moy_capacite_W : 
128.18	124.41	116.20000000000002	

med_capacite_X : 
160.0	158.0	161.5	

med_capacite_W : 
138.85	150.2	119.25	

ecartType_capacite_X : 
11.155267813907473	12.806638903318857	11.899579824514813	

ecartType_capacite_W : 
48.934605342232	46.05297927387543	38.606916478786545	

var_capacite_X : 
124.44000000000001	164.01000000000002	141.6	

var_capacite_W : 
2394.5956000000006	2120.8769	1490.4940000000001	

covar_capacite_X : 
138.26666666666665	182.23333333333332	157.33333333333331	

covar_capacite_W : 
2660.6617777777783	2356.5298888888888	1656.1044444444444	

##########	##########	##########	##########	##########	##########	##########	##########	##########	##########	##########	##########	##########	##########	##########	##########	##########	##########	##########	##########	##########	##########	##########	##########	##########	##########	##########	##########	##########	##########	##########	##########	##########	##########	##########	##########	##########	##########	##########	##########	##########	##########	##########	##########	##########	##########	##########	##########	##########	##########	##########	##########	##########	##########	##########	##########	##########	##########	##########	##########	##########	##########	##########	##########	##########	##########	##########	##########	##########	##########	##########	##########	##########	##########	##########	##########	##########	##########	##########	##########	##########	##########	##########	##########	##########	##########	##########	##########	##########	##########	##########	##########	##########	##########	##########	##########	##########	##########	##########	##########	nombre de noeuds : 100
nombre de strates : 3
nombre de centres : 10
titre : fenetre
instances : p20_1
temps de calcul : 0.1273350715637207
valeur objective : 230.0
nombre de solutions : 4
nombre de noeuds : 1.0
faisability : True
centre : [5, 44, 41, 51, 54, 26, 91, 9, 8, 89]
moy_distances :	53.25
min_distances :	1.0
max_distances :	126.0
var_distances :	631.4449237424753
covar_distances :	631.5087125013132
ecartType_distances :	25.128567880849783
coef_variation	: 0.4719042544699467
distances_centre_x :
-1.0	15.0	10.0	-1.0	10.0	0.0	17.0	-1.0	0.0	0.0	-1.0	-1.0	15.0	17.0	-1.0	-1.0	-1.0	19.0	-1.0	4.0	12.0	11.0	10.0	-1.0	16.0	28.0	0.0	23.0	-1.0	11.0	-1.0	-1.0	4.0	-1.0	-1.0	18.0	12.0	7.0	24.0	17.0	15.0	0.0	-1.0	-1.0	0.0	6.0	25.0	-1.0	13.0	8.0	12.0	0.0	-1.0	15.0	18.0	12.0	1.0	-1.0	-1.0	-1.0	14.0	7.0	-1.0	1.0	10.0	-1.0	3.0	30.0	10.0	-1.0	-1.0	25.0	5.0	-1.0	20.0	26.0	9.0	28.0	21.0	11.0	-1.0	-1.0	13.0	-1.0	13.0	11.0	-1.0	33.0	12.0	0.0	10.0	0.0	12.0	-1.0	26.0	12.0	-1.0	6.0	14.0	-1.0	
4.0	-1.0	-1.0	-1.0	-1.0	0.0	17.0	7.0	14.0	0.0	15.0	-1.0	-1.0	17.0	-1.0	-1.0	1.0	19.0	12.0	4.0	12.0	-1.0	10.0	20.0	16.0	-1.0	0.0	23.0	5.0	11.0	23.0	11.0	4.0	-1.0	-1.0	-1.0	27.0	-1.0	23.0	17.0	15.0	-1.0	10.0	9.0	-1.0	-1.0	25.0	21.0	-1.0	8.0	12.0	0.0	5.0	-1.0	0.0	-1.0	1.0	8.0	13.0	-1.0	-1.0	7.0	22.0	1.0	-1.0	-1.0	3.0	-1.0	29.0	16.0	-1.0	25.0	5.0	9.0	20.0	-1.0	9.0	28.0	21.0	11.0	34.0	7.0	-1.0	-1.0	13.0	-1.0	-1.0	33.0	12.0	0.0	-1.0	-1.0	12.0	14.0	26.0	-1.0	8.0	-1.0	-1.0	8.0	
4.0	15.0	-1.0	27.0	-1.0	0.0	17.0	7.0	0.0	0.0	15.0	8.0	-1.0	17.0	22.0	5.0	-1.0	19.0	12.0	4.0	12.0	-1.0	10.0	34.0	16.0	28.0	0.0	-1.0	-1.0	11.0	23.0	11.0	27.0	29.0	2.0	18.0	-1.0	-1.0	24.0	-1.0	15.0	0.0	-1.0	-1.0	-1.0	-1.0	25.0	21.0	13.0	8.0	-1.0	0.0	-1.0	15.0	0.0	12.0	24.0	8.0	13.0	34.0	-1.0	7.0	22.0	1.0	10.0	17.0	3.0	30.0	10.0	16.0	10.0	25.0	5.0	9.0	20.0	26.0	9.0	28.0	21.0	-1.0	34.0	7.0	-1.0	10.0	13.0	-1.0	6.0	-1.0	-1.0	0.0	10.0	0.0	-1.0	14.0	26.0	-1.0	-1.0	-1.0	-1.0	8.0	

distances_centre_w :
-1.0	16.0	39.0	-1.0	25.0	33.0	22.0	-1.0	14.0	12.0	-1.0	-1.0	17.0	41.0	-1.0	-1.0	-1.0	20.0	-1.0	18.0	26.0	25.0	13.0	-1.0	29.0	33.0	25.0	24.0	-1.0	19.0	-1.0	-1.0	27.0	-1.0	-1.0	18.0	24.0	16.0	35.0	20.0	40.0	23.0	-1.0	-1.0	12.0	29.0	34.0	-1.0	25.0	29.0	44.0	36.0	-1.0	15.0	25.0	14.0	24.0	-1.0	-1.0	-1.0	21.0	19.0	-1.0	24.0	14.0	-1.0	15.0	38.0	29.0	-1.0	-1.0	33.0	44.0	-1.0	25.0	40.0	34.0	29.0	39.0	44.0	-1.0	-1.0	37.0	-1.0	20.0	19.0	-1.0	33.0	34.0	43.0	32.0	14.0	21.0	-1.0	28.0	16.0	-1.0	35.0	29.0	-1.0	
32.0	-1.0	-1.0	-1.0	-1.0	25.0	22.0	18.0	42.0	12.0	21.0	-1.0	-1.0	41.0	-1.0	-1.0	12.0	20.0	18.0	18.0	26.0	-1.0	13.0	34.0	29.0	-1.0	18.0	24.0	44.0	19.0	29.0	38.0	40.0	-1.0	-1.0	-1.0	36.0	-1.0	35.0	20.0	40.0	-1.0	18.0	43.0	-1.0	-1.0	34.0	31.0	-1.0	29.0	36.0	36.0	14.0	-1.0	18.0	-1.0	24.0	12.0	20.0	-1.0	-1.0	19.0	26.0	24.0	-1.0	-1.0	15.0	-1.0	32.0	32.0	-1.0	33.0	19.0	34.0	25.0	-1.0	13.0	29.0	39.0	44.0	36.0	36.0	-1.0	-1.0	20.0	-1.0	-1.0	33.0	35.0	25.0	-1.0	-1.0	42.0	17.0	28.0	-1.0	24.0	-1.0	-1.0	18.0	
32.0	18.0	-1.0	34.0	-1.0	26.0	22.0	18.0	14.0	12.0	21.0	13.0	-1.0	41.0	28.0	39.0	-1.0	31.0	18.0	18.0	26.0	-1.0	13.0	36.0	29.0	33.0	25.0	-1.0	-1.0	19.0	29.0	38.0	40.0	41.0	13.0	18.0	-1.0	-1.0	35.0	-1.0	40.0	23.0	-1.0	-1.0	-1.0	-1.0	34.0	31.0	25.0	29.0	-1.0	36.0	-1.0	28.0	18.0	14.0	37.0	12.0	20.0	35.0	-1.0	19.0	26.0	24.0	33.0	24.0	15.0	38.0	29.0	32.0	31.0	33.0	19.0	32.0	25.0	40.0	38.0	29.0	39.0	-1.0	36.0	36.0	-1.0	35.0	20.0	-1.0	12.0	-1.0	-1.0	36.0	32.0	14.0	-1.0	17.0	28.0	-1.0	-1.0	-1.0	-1.0	35.0	

maxX :
33.0	34.0	34.0	

maxW :
44.0	44.0	41.0	

minX :
0.0	0.0	0.0	

minW :
12.0	12.0	12.0	

moyX :
12.227272727272727	12.6875	13.726027397260275	

moyW :
26.515151515151516	27.171875	27.246575342465754	

medX :
12.0	12.0	12.0	

medW :
25.0	26.0	29.0	

ecartTypeX :
8.387934073210694	8.803186567942316	9.546225351677112	

ecartTypeW :
9.085857182160577	9.25937816402241	8.745692986034173	

varX :
70.35743801652893	77.49609375	91.1304184650028	

varW :
82.55280073461893	85.736083984375	76.48714580596733	

covarX :
71.43986013986016	78.72619047619047	92.39611872146116	

covarW :
83.82284382284382	87.0969742063492	77.54946727549465	

coef_variationX :
0.6860020431622129	0.6938472171777195	0.6954834837050191	

coef_variationW :
0.3426666137271989	0.3407706742365924	0.32098320159904203	

moy_distances_centre :	54.8
min_distances_centre :	12.0
max_distances_centre :	102.0
med_distances_centre :	56.0
ecartType_distances_centre :	22.726978583955137
var_distances_centre :	516.5155555555555
covar_distances_centre :	522.3191011235955
coef_variation_distances_centre :	0.41472588656852444
capacite_X_temoin : 
157.0	163.0	154.0	172.0	150.0	177.0	154.0	147.0	168.0	178.0	
171.0	162.0	150.0	135.0	177.0	136.0	150.0	159.0	145.0	160.0	
157.0	145.0	166.0	168.0	153.0	166.0	175.0	171.0	156.0	135.0	

capacite_W_temoin : 
144.1	172.9	96.19999999999999	109.6	72.0	183.1	74.19999999999999	84.1	137.4	200.4	
114.3	163.6	104.0	115.5	152.1	156.8	55.0	113.69999999999999	84.5	169.0	
109.1	142.5	136.8	131.4	105.9	177.8	75.5	97.3	86.8	101.5	

demande_cumulee_X : 
60.0	39.0	104.0	114.0	123.0	47.0	126.0	107.0	81.0	31.0	
108.0	47.0	91.0	60.0	78.0	20.0	140.0	93.0	104.0	39.0	
95.0	46.0	79.0	87.0	93.0	38.0	152.0	125.0	116.0	74.0	

demande_cumulee_W : 
68.0	31.0	95.0	100.0	40.0	179.0	49.0	83.0	117.0	70.0	
53.0	35.0	79.0	113.0	64.0	132.0	45.0	110.0	76.0	73.0	
102.0	78.0	88.0	112.0	65.0	159.0	71.0	94.0	71.0	65.0	

capacite_residuelle_X : 
97.0	124.0	50.0	58.0	27.0	130.0	28.0	40.0	87.0	147.0	
63.0	115.0	59.0	75.0	99.0	116.0	10.0	66.0	41.0	121.0	
62.0	99.0	87.0	81.0	60.0	128.0	23.0	46.0	40.0	61.0	

capacite_residuelle_W : 
76.1	141.9	1.1999999999999886	9.599999999999994	32.0	4.099999999999994	25.19999999999999	1.0999999999999943	20.400000000000006	130.4	
61.3	128.6	25.0	2.5	88.1	24.80000000000001	10.0	3.6999999999999886	8.5	96.0	
7.099999999999994	64.5	48.80000000000001	19.400000000000006	40.900000000000006	18.80000000000001	4.5	3.299999999999997	15.799999999999997	36.5	

min_capacite_X : 
147.0	135.0	135.0	

min_capacite_W : 
72.0	55.0	75.5	

max_capacite_X : 
178.0	177.0	175.0	

max_capacite_W : 
200.4	169.0	177.8	

moy_capacite_X : 
162.0	154.5	159.2	

moy_capacite_W : 
127.4	122.85	116.46000000000001	

med_capacite_X : 
160.0	154.5	161.5	

med_capacite_W : 
123.5	114.9	107.5	

ecartType_capacite_X : 
10.677078252031311	13.185218997043622	11.830469136936202	

ecartType_capacite_W : 
44.66004926105658	35.26905867754341	28.968299915597402	

var_capacite_X : 
114.0	173.85	139.95999999999998	

var_capacite_W : 
1994.5200000000004	1243.9065	839.1624000000004	

covar_capacite_X : 
126.66666666666666	193.16666666666666	155.5111111111111	

covar_capacite_W : 
2216.1333333333337	1382.1183333333333	932.402666666667	

##########	##########	##########	##########	##########	##########	##########	##########	##########	##########	##########	##########	##########	##########	##########	##########	##########	##########	##########	##########	##########	##########	##########	##########	##########	##########	##########	##########	##########	##########	##########	##########	##########	##########	##########	##########	##########	##########	##########	##########	##########	##########	##########	##########	##########	##########	##########	##########	##########	##########	##########	##########	##########	##########	##########	##########	##########	##########	##########	##########	##########	##########	##########	##########	##########	##########	##########	##########	##########	##########	##########	##########	##########	##########	##########	##########	##########	##########	##########	##########	##########	##########	##########	##########	##########	##########	##########	##########	##########	##########	##########	##########	##########	##########	##########	##########	##########	##########	##########	##########	nombre de noeuds : 100
nombre de strates : 3
nombre de centres : 10
titre : fenetre
instances : p20_1
temps de calcul : 0.1330258846282959
valeur objective : 242.0
nombre de solutions : 3
nombre de noeuds : 1.0
faisability : True
centre : [44, 41, 51, 54, 26, 91, 9, 8, 89, 52]
moy_distances :	53.25
min_distances :	1.0
max_distances :	126.0
var_distances :	631.4449237424753
covar_distances :	631.5087125013132
ecartType_distances :	25.128567880849783
coef_variation	: 0.4719042544699467
distances_centre_x :
-1.0	15.0	10.0	-1.0	10.0	25.0	17.0	-1.0	0.0	0.0	-1.0	-1.0	15.0	17.0	-1.0	-1.0	-1.0	19.0	-1.0	4.0	12.0	11.0	10.0	-1.0	29.0	28.0	0.0	23.0	-1.0	19.0	-1.0	-1.0	4.0	-1.0	-1.0	18.0	12.0	7.0	23.0	17.0	15.0	0.0	-1.0	-1.0	0.0	6.0	25.0	-1.0	13.0	8.0	12.0	0.0	-1.0	15.0	0.0	12.0	1.0	-1.0	-1.0	-1.0	14.0	7.0	-1.0	1.0	10.0	-1.0	3.0	38.0	10.0	-1.0	-1.0	25.0	5.0	-1.0	20.0	31.0	9.0	28.0	21.0	11.0	-1.0	-1.0	13.0	-1.0	13.0	11.0	-1.0	33.0	25.0	0.0	10.0	0.0	10.0	-1.0	28.0	12.0	-1.0	6.0	19.0	-1.0	
4.0	-1.0	-1.0	-1.0	-1.0	34.0	17.0	4.0	0.0	0.0	15.0	-1.0	-1.0	17.0	-1.0	-1.0	1.0	19.0	12.0	4.0	12.0	-1.0	10.0	20.0	29.0	-1.0	0.0	36.0	5.0	11.0	23.0	11.0	4.0	-1.0	-1.0	-1.0	12.0	-1.0	23.0	17.0	15.0	-1.0	10.0	9.0	-1.0	-1.0	25.0	21.0	-1.0	8.0	12.0	0.0	0.0	-1.0	0.0	-1.0	1.0	8.0	20.0	-1.0	-1.0	7.0	22.0	24.0	-1.0	-1.0	3.0	-1.0	10.0	16.0	-1.0	25.0	5.0	9.0	20.0	-1.0	9.0	28.0	21.0	11.0	36.0	7.0	-1.0	-1.0	13.0	-1.0	-1.0	33.0	25.0	0.0	-1.0	-1.0	10.0	14.0	28.0	-1.0	8.0	-1.0	-1.0	8.0	
4.0	15.0	-1.0	10.0	-1.0	26.0	17.0	4.0	0.0	0.0	15.0	8.0	-1.0	17.0	15.0	5.0	-1.0	19.0	12.0	4.0	12.0	-1.0	10.0	34.0	29.0	28.0	0.0	-1.0	-1.0	11.0	23.0	11.0	4.0	29.0	2.0	18.0	-1.0	-1.0	23.0	-1.0	15.0	0.0	-1.0	-1.0	-1.0	-1.0	25.0	21.0	13.0	8.0	-1.0	0.0	-1.0	28.0	0.0	12.0	1.0	8.0	27.0	35.0	-1.0	7.0	22.0	1.0	10.0	24.0	3.0	38.0	10.0	16.0	10.0	25.0	5.0	32.0	20.0	36.0	9.0	28.0	21.0	-1.0	36.0	7.0	-1.0	10.0	13.0	-1.0	6.0	-1.0	-1.0	0.0	10.0	0.0	-1.0	14.0	28.0	-1.0	-1.0	-1.0	-1.0	8.0	

distances_centre_w :
-1.0	16.0	24.0	-1.0	25.0	26.0	22.0	-1.0	42.0	12.0	-1.0	-1.0	17.0	41.0	-1.0	-1.0	-1.0	20.0	-1.0	7.0	26.0	25.0	13.0	-1.0	34.0	33.0	42.0	24.0	-1.0	37.0	-1.0	-1.0	40.0	-1.0	-1.0	18.0	24.0	16.0	24.0	21.0	40.0	30.0	-1.0	-1.0	23.0	29.0	34.0	-1.0	25.0	29.0	36.0	36.0	-1.0	27.0	18.0	14.0	24.0	-1.0	-1.0	-1.0	19.0	19.0	-1.0	24.0	14.0	-1.0	36.0	42.0	43.0	-1.0	-1.0	33.0	19.0	-1.0	39.0	36.0	34.0	29.0	39.0	44.0	-1.0	-1.0	33.0	-1.0	23.0	42.0	-1.0	33.0	33.0	36.0	32.0	14.0	21.0	-1.0	43.0	16.0	-1.0	31.0	29.0	-1.0	
32.0	-1.0	-1.0	-1.0	-1.0	37.0	22.0	7.0	5.0	12.0	22.0	-1.0	-1.0	41.0	-1.0	-1.0	12.0	20.0	18.0	7.0	26.0	-1.0	13.0	24.0	34.0	-1.0	42.0	41.0	23.0	19.0	41.0	38.0	40.0	-1.0	-1.0	-1.0	37.0	-1.0	35.0	20.0	40.0	-1.0	23.0	43.0	-1.0	-1.0	34.0	31.0	-1.0	29.0	36.0	36.0	5.0	-1.0	18.0	-1.0	24.0	9.0	39.0	-1.0	-1.0	19.0	26.0	42.0	-1.0	-1.0	15.0	-1.0	19.0	34.0	-1.0	41.0	19.0	32.0	25.0	-1.0	13.0	29.0	39.0	44.0	37.0	43.0	-1.0	-1.0	23.0	-1.0	-1.0	33.0	35.0	25.0	-1.0	-1.0	12.0	17.0	31.0	-1.0	24.0	-1.0	-1.0	18.0	
32.0	20.0	-1.0	34.0	-1.0	34.0	22.0	7.0	5.0	12.0	21.0	13.0	-1.0	41.0	28.0	39.0	-1.0	42.0	18.0	7.0	26.0	-1.0	13.0	39.0	34.0	33.0	42.0	-1.0	-1.0	19.0	29.0	38.0	40.0	41.0	12.0	18.0	-1.0	-1.0	24.0	-1.0	40.0	23.0	-1.0	-1.0	-1.0	-1.0	34.0	31.0	25.0	29.0	-1.0	36.0	-1.0	32.0	18.0	14.0	42.0	9.0	39.0	35.0	-1.0	19.0	26.0	35.0	14.0	42.0	15.0	42.0	32.0	32.0	36.0	33.0	19.0	34.0	25.0	40.0	38.0	29.0	39.0	-1.0	37.0	36.0	-1.0	10.0	23.0	-1.0	12.0	-1.0	-1.0	25.0	41.0	14.0	-1.0	17.0	31.0	-1.0	-1.0	-1.0	-1.0	35.0	

maxX :
38.0	36.0	38.0	

maxW :
44.0	44.0	42.0	

minX :
0.0	0.0	0.0	

minW :
7.0	5.0	5.0	

moyX :
13.106060606060606	13.453125	14.342465753424657	

moyW :
28.03030303030303	27.03125	27.684931506849313	

medX :
12.0	11.5	12.0	

medW :
28.0	26.0	31.0	

ecartTypeX :
9.368109650328039	9.761098951161953	10.614308226424345	

ecartTypeW :
9.327329828324634	11.025494249125524	10.67307033963333	

varX :
87.76147842056933	95.279052734375	112.66353912553951	

varW :
86.99908172635446	121.5615234375	113.91443047476075	

covarX :
89.11165501165502	96.79141865079364	114.22831050228308	

covarW :
88.33752913752915	123.49107142857142	115.49657534246575	

coef_variationX :
0.7147921814123128	0.7255636851037921	0.7400616050897586	

coef_variationW :
0.33275879387536533	0.4078795560370136	0.38551911667156513	

moy_distances_centre :	58.333333333333336
min_distances_centre :	5.0
max_distances_centre :	106.0
med_distances_centre :	60.0
ecartType_distances_centre :	25.846555755930893
var_distances_centre :	668.0444444444445
covar_distances_centre :	675.550561797753
coef_variation_distances_centre :	0.44308381295881527
capacite_X_temoin : 
163.0	154.0	172.0	150.0	177.0	154.0	175.0	147.0	168.0	178.0	
162.0	150.0	135.0	177.0	136.0	150.0	135.0	159.0	145.0	160.0	
145.0	166.0	168.0	153.0	166.0	175.0	153.0	171.0	156.0	135.0	

capacite_W_temoin : 
152.9	70.19999999999999	122.6	72.0	181.1	90.19999999999999	227.5	70.1	121.4	189.4	
149.6	51.0	89.5	152.1	157.8	55.0	158.5	110.69999999999999	87.5	170.0	
148.5	93.8	136.4	105.9	177.8	82.5	168.9	120.3	56.8	68.5	

demande_cumulee_X : 
59.0	130.0	101.0	123.0	49.0	110.0	0.0	121.0	97.0	42.0	
61.0	144.0	86.0	78.0	19.0	140.0	17.0	96.0	101.0	38.0	
40.0	122.0	82.0	93.0	38.0	145.0	30.0	102.0	146.0	107.0	

demande_cumulee_W : 
31.0	68.0	108.0	48.0	176.0	90.0	58.0	69.0	121.0	63.0	
52.0	51.0	85.0	81.0	143.0	51.0	91.0	105.0	84.0	37.0	
94.0	92.0	132.0	45.0	169.0	82.0	71.0	119.0	56.0	45.0	

capacite_residuelle_X : 
104.0	24.0	71.0	27.0	128.0	44.0	175.0	26.0	71.0	136.0	
101.0	6.0	49.0	99.0	117.0	10.0	118.0	63.0	44.0	122.0	
105.0	44.0	86.0	60.0	128.0	30.0	123.0	69.0	10.0	28.0	

capacite_residuelle_W : 
121.9	2.1999999999999886	14.599999999999994	24.0	5.099999999999994	0.19999999999998863	169.5	1.0999999999999943	0.4000000000000057	126.4	
97.6	0.0	4.5	71.1	14.800000000000011	4.0	67.5	5.699999999999989	3.5	133.0	
54.5	1.7999999999999972	4.400000000000006	60.900000000000006	8.800000000000011	0.5	97.9	1.2999999999999972	0.7999999999999972	23.5	

min_capacite_X : 
147.0	135.0	135.0	

min_capacite_W : 
70.1	51.0	56.8	

max_capacite_X : 
178.0	177.0	175.0	

max_capacite_W : 
227.5	170.0	177.8	

moy_capacite_X : 
163.8	150.9	158.8	

moy_capacite_W : 
129.74	118.17	115.93999999999998	

med_capacite_X : 
165.5	150.0	161.0	

med_capacite_W : 
122.0	130.14999999999998	113.1	

ecartType_capacite_X : 
11.187493016757596	13.103053079339944	11.96494880891682	

ecartType_capacite_W : 
53.301373340656056	42.82891663350826	39.47974670638098	

var_capacite_X : 
125.16	171.69	143.16	

var_capacite_W : 
2841.0364	1834.3161	1558.6504	

covar_capacite_X : 
139.06666666666666	190.76666666666668	159.06666666666663	

covar_capacite_W : 
3156.7071111111113	2038.129	1731.8337777777779	

##########	##########	##########	##########	##########	##########	##########	##########	##########	##########	##########	##########	##########	##########	##########	##########	##########	##########	##########	##########	##########	##########	##########	##########	##########	##########	##########	##########	##########	##########	##########	##########	##########	##########	##########	##########	##########	##########	##########	##########	##########	##########	##########	##########	##########	##########	##########	##########	##########	##########	##########	##########	##########	##########	##########	##########	##########	##########	##########	##########	##########	##########	##########	##########	##########	##########	##########	##########	##########	##########	##########	##########	##########	##########	##########	##########	##########	##########	##########	##########	##########	##########	##########	##########	##########	##########	##########	##########	##########	##########	##########	##########	##########	##########	##########	##########	##########	##########	##########	##########	nombre de noeuds : 100
nombre de strates : 3
nombre de centres : 10
titre : fenetre
instances : p20_1
temps de calcul : 0.160247802734375
valeur objective : 255.0
nombre de solutions : 3
nombre de noeuds : 1.0
faisability : True
centre : [41, 51, 54, 26, 91, 9, 8, 89, 52, 30]
moy_distances :	53.25
min_distances :	1.0
max_distances :	126.0
var_distances :	631.4449237424753
covar_distances :	631.5087125013132
ecartType_distances :	25.128567880849783
coef_variation	: 0.4719042544699467
distances_centre_x :
-1.0	15.0	10.0	-1.0	10.0	25.0	22.0	-1.0	0.0	0.0	-1.0	-1.0	21.0	17.0	-1.0	-1.0	-1.0	19.0	-1.0	4.0	12.0	11.0	10.0	-1.0	34.0	28.0	18.0	11.0	-1.0	11.0	-1.0	-1.0	4.0	-1.0	-1.0	18.0	31.0	7.0	23.0	17.0	15.0	0.0	-1.0	-1.0	12.0	6.0	5.0	-1.0	26.0	8.0	36.0	0.0	-1.0	15.0	23.0	12.0	1.0	-1.0	-1.0	-1.0	14.0	33.0	-1.0	1.0	14.0	-1.0	3.0	38.0	10.0	-1.0	-1.0	3.0	5.0	-1.0	4.0	15.0	9.0	25.0	21.0	11.0	-1.0	-1.0	37.0	-1.0	13.0	11.0	-1.0	33.0	33.0	25.0	10.0	0.0	10.0	-1.0	28.0	12.0	-1.0	6.0	28.0	-1.0	
4.0	-1.0	-1.0	-1.0	-1.0	25.0	22.0	4.0	0.0	0.0	15.0	-1.0	-1.0	17.0	-1.0	-1.0	1.0	19.0	12.0	4.0	12.0	-1.0	10.0	14.0	29.0	-1.0	0.0	11.0	5.0	11.0	0.0	11.0	4.0	-1.0	-1.0	-1.0	23.0	-1.0	23.0	17.0	15.0	-1.0	10.0	9.0	-1.0	-1.0	5.0	21.0	-1.0	8.0	12.0	0.0	0.0	-1.0	0.0	-1.0	1.0	8.0	20.0	-1.0	-1.0	7.0	22.0	1.0	-1.0	-1.0	3.0	-1.0	10.0	16.0	-1.0	3.0	5.0	9.0	4.0	-1.0	9.0	25.0	21.0	11.0	36.0	7.0	-1.0	-1.0	32.0	-1.0	-1.0	33.0	25.0	0.0	-1.0	-1.0	10.0	14.0	28.0	-1.0	8.0	-1.0	-1.0	18.0	
4.0	15.0	-1.0	22.0	-1.0	25.0	22.0	4.0	0.0	0.0	15.0	8.0	-1.0	17.0	15.0	5.0	-1.0	19.0	12.0	4.0	12.0	-1.0	10.0	14.0	29.0	28.0	29.0	-1.0	-1.0	11.0	0.0	11.0	4.0	29.0	2.0	18.0	-1.0	-1.0	23.0	-1.0	15.0	0.0	-1.0	-1.0	-1.0	-1.0	5.0	21.0	13.0	8.0	-1.0	0.0	-1.0	15.0	0.0	12.0	1.0	9.0	20.0	35.0	-1.0	7.0	22.0	1.0	14.0	24.0	36.0	38.0	10.0	16.0	10.0	3.0	18.0	9.0	4.0	15.0	9.0	25.0	21.0	-1.0	36.0	7.0	-1.0	10.0	13.0	-1.0	6.0	-1.0	-1.0	0.0	10.0	0.0	-1.0	14.0	28.0	-1.0	-1.0	-1.0	-1.0	18.0	

distances_centre_w :
-1.0	16.0	39.0	-1.0	15.0	26.0	37.0	-1.0	5.0	39.0	-1.0	-1.0	43.0	41.0	-1.0	-1.0	-1.0	20.0	-1.0	7.0	26.0	16.0	23.0	-1.0	39.0	31.0	42.0	36.0	-1.0	37.0	-1.0	-1.0	40.0	-1.0	-1.0	18.0	36.0	38.0	24.0	20.0	40.0	30.0	-1.0	-1.0	23.0	46.0	39.0	-1.0	37.0	29.0	43.0	36.0	-1.0	27.0	25.0	19.0	24.0	-1.0	-1.0	-1.0	21.0	46.0	-1.0	42.0	33.0	-1.0	36.0	42.0	19.0	-1.0	-1.0	25.0	18.0	-1.0	20.0	26.0	34.0	28.0	39.0	44.0	-1.0	-1.0	38.0	-1.0	32.0	42.0	-1.0	33.0	35.0	41.0	32.0	14.0	44.0	-1.0	43.0	14.0	-1.0	31.0	40.0	-1.0	
32.0	-1.0	-1.0	-1.0	-1.0	26.0	37.0	7.0	46.0	30.0	22.0	-1.0	-1.0	41.0	-1.0	-1.0	30.0	20.0	13.0	7.0	26.0	-1.0	23.0	20.0	34.0	-1.0	18.0	23.0	28.0	37.0	46.0	38.0	27.0	-1.0	-1.0	-1.0	37.0	-1.0	35.0	21.0	40.0	-1.0	23.0	34.0	-1.0	-1.0	25.0	31.0	-1.0	29.0	36.0	36.0	5.0	-1.0	18.0	-1.0	24.0	9.0	27.0	-1.0	-1.0	33.0	26.0	24.0	-1.0	-1.0	32.0	-1.0	19.0	32.0	-1.0	25.0	18.0	32.0	20.0	-1.0	13.0	28.0	39.0	44.0	48.0	36.0	-1.0	-1.0	44.0	-1.0	-1.0	33.0	45.0	25.0	-1.0	-1.0	21.0	17.0	43.0	-1.0	29.0	-1.0	-1.0	35.0	
32.0	16.0	-1.0	34.0	-1.0	26.0	37.0	7.0	5.0	30.0	39.0	13.0	-1.0	41.0	35.0	39.0	-1.0	31.0	13.0	7.0	47.0	-1.0	23.0	34.0	34.0	31.0	43.0	-1.0	-1.0	37.0	46.0	38.0	27.0	40.0	12.0	18.0	-1.0	-1.0	24.0	-1.0	40.0	30.0	-1.0	-1.0	-1.0	-1.0	25.0	31.0	37.0	29.0	-1.0	49.0	-1.0	28.0	18.0	47.0	24.0	12.0	27.0	49.0	-1.0	33.0	26.0	24.0	33.0	42.0	47.0	42.0	19.0	32.0	41.0	25.0	19.0	34.0	45.0	26.0	32.0	28.0	39.0	-1.0	48.0	36.0	-1.0	46.0	46.0	-1.0	25.0	-1.0	-1.0	25.0	41.0	14.0	-1.0	17.0	43.0	-1.0	-1.0	-1.0	-1.0	35.0	

maxX :
38.0	36.0	38.0	

maxW :
46.0	48.0	49.0	

minX :
0.0	0.0	0.0	

minW :
5.0	5.0	5.0	

moyX :
14.984848484848484	11.859375	13.493150684931507	

moyW :
30.96969696969697	28.46875	31.068493150684933	

medX :
12.0	10.0	12.0	

medW :
33.0	28.5	32.0	

ecartTypeX :
10.454073331456375	9.355591889847215	9.881660455654997	

ecartTypeW :
10.177172461057738	10.1010035856592	11.128549939538502	

varX :
109.2876492194674	87.527099609375	97.6472133608557	

varW :
103.57483930211203	102.0302734375	123.84462375680238	

covarX :
110.96899766899769	88.91641865079364	99.00342465753427	

covarW :
105.16829836829838	103.64980158730158	125.56468797564686	

coef_variationX :
0.6976429119070988	0.7888773135049035	0.7323464094038729	

coef_variationW :
0.32861711469168825	0.35481022474324303	0.35819406771883183	

moy_distances_centre :	57.644444444444446
min_distances_centre :	5.0
max_distances_centre :	106.0
med_distances_centre :	56.0
ecartType_distances_centre :	25.555304346591406
var_distances_centre :	653.0735802469136
covar_distances_centre :	660.4114856429463
coef_variation_distances_centre :	0.44332640539576457
capacite_X_temoin : 
163.0	154.0	172.0	163.0	150.0	154.0	175.0	147.0	168.0	178.0	
162.0	150.0	135.0	144.0	177.0	150.0	135.0	159.0	145.0	160.0	
145.0	166.0	168.0	157.0	153.0	175.0	153.0	171.0	156.0	135.0	

capacite_W_temoin : 
154.9	83.19999999999999	117.6	119.9	85.0	78.19999999999999	227.5	91.1	145.4	176.4	
179.6	48.0	89.5	82.19999999999999	152.1	55.0	158.5	148.7	108.5	170.0	
166.5	54.8	133.4	68.1	105.9	91.5	169.9	177.3	70.8	109.5	

demande_cumulee_X : 
57.0	117.0	106.0	92.0	110.0	122.0	0.0	100.0	73.0	55.0	
31.0	147.0	86.0	105.0	78.0	140.0	17.0	58.0	80.0	38.0	
22.0	161.0	85.0	136.0	93.0	136.0	29.0	45.0	132.0	66.0	

demande_cumulee_W : 
38.0	81.0	101.0	119.0	85.0	72.0	19.0	85.0	139.0	93.0	
46.0	36.0	87.0	41.0	142.0	48.0	68.0	142.0	104.0	66.0	
144.0	48.0	121.0	63.0	104.0	90.0	26.0	162.0	66.0	81.0	

capacite_residuelle_X : 
106.0	37.0	66.0	71.0	40.0	32.0	175.0	47.0	95.0	123.0	
131.0	3.0	49.0	39.0	99.0	10.0	118.0	101.0	65.0	122.0	
123.0	5.0	83.0	21.0	60.0	39.0	124.0	126.0	24.0	69.0	

capacite_residuelle_W : 
116.9	2.1999999999999886	16.599999999999994	0.9000000000000057	0.0	6.199999999999989	208.5	6.099999999999994	6.400000000000006	83.4	
133.6	12.0	2.5	41.19999999999999	10.099999999999994	7.0	90.5	6.699999999999989	4.5	104.0	
22.5	6.799999999999997	12.400000000000006	5.099999999999994	1.9000000000000057	1.5	143.9	15.300000000000011	4.799999999999997	28.5	

min_capacite_X : 
147.0	135.0	135.0	

min_capacite_W : 
78.19999999999999	48.0	54.8	

max_capacite_X : 
178.0	177.0	175.0	

max_capacite_W : 
227.5	179.6	177.3	

moy_capacite_X : 
162.4	151.7	157.9	

moy_capacite_W : 
127.92000000000003	119.21	114.77000000000001	

med_capacite_X : 
163.0	150.0	156.5	

med_capacite_W : 
118.75	128.6	107.7	

ecartType_capacite_X : 
10.287856919689348	12.393950137062841	11.725612990372827	

ecartType_capacite_W : 
45.97888210907264	46.13307815440023	42.81142487701151	

var_capacite_X : 
105.84	153.61	137.49	

var_capacite_W : 
2114.0576000000005	2128.2608999999998	1832.8181	

covar_capacite_X : 
117.60000000000001	170.67777777777775	152.76666666666668	

covar_capacite_W : 
2348.9528888888894	2364.7343333333333	2036.4645555555555	

##########	##########	##########	##########	##########	##########	##########	##########	##########	##########	##########	##########	##########	##########	##########	##########	##########	##########	##########	##########	##########	##########	##########	##########	##########	##########	##########	##########	##########	##########	##########	##########	##########	##########	##########	##########	##########	##########	##########	##########	##########	##########	##########	##########	##########	##########	##########	##########	##########	##########	##########	##########	##########	##########	##########	##########	##########	##########	##########	##########	##########	##########	##########	##########	##########	##########	##########	##########	##########	##########	##########	##########	##########	##########	##########	##########	##########	##########	##########	##########	##########	##########	##########	##########	##########	##########	##########	##########	##########	##########	##########	##########	##########	##########	##########	##########	##########	##########	##########	##########	