nombre de noeuds : 50
nombre de strates : 5
nombre de centres : 5
titre : fenetre
instances : p2_2
temps de calcul : 0.03848600387573242
valeur objective : 595.0
nombre de solutions : 3
nombre de noeuds : 1.0
faisability : True
centre : [6, 41, 9, 24, 47]
moy_distances :	48.31
min_distances :	1.0
max_distances :	131.0
var_distances :	538.7683705122865
covar_distances :	538.9883657636187
ecartType_distances :	23.211384502271436
coef_variation	: 0.4804411066570216
distances_centre_x :
-1.0	-1.0	22.0	48.0	27.0	-1.0	-1.0	16.0	-1.0	0.0	53.0	-1.0	-1.0	29.0	-1.0	23.0	37.0	9.0	25.0	35.0	-1.0	-1.0	-1.0	-1.0	0.0	6.0	5.0	-1.0	30.0	26.0	-1.0	-1.0	18.0	33.0	25.0	10.0	8.0	20.0	10.0	33.0	-1.0	0.0	17.0	23.0	33.0	56.0	30.0	-1.0	9.0	24.0	
22.0	43.0	-1.0	48.0	-1.0	-1.0	0.0	-1.0	2.0	0.0	53.0	41.0	25.0	29.0	-1.0	-1.0	-1.0	9.0	25.0	30.0	22.0	-1.0	-1.0	-1.0	0.0	-1.0	5.0	30.0	30.0	-1.0	-1.0	38.0	-1.0	-1.0	18.0	-1.0	8.0	-1.0	19.0	33.0	-1.0	0.0	-1.0	-1.0	33.0	-1.0	29.0	15.0	-1.0	24.0	
22.0	43.0	-1.0	48.0	-1.0	-1.0	-1.0	16.0	-1.0	0.0	53.0	-1.0	25.0	29.0	30.0	-1.0	37.0	9.0	25.0	30.0	35.0	-1.0	26.0	26.0	-1.0	-1.0	-1.0	30.0	30.0	-1.0	48.0	-1.0	-1.0	33.0	18.0	-1.0	8.0	20.0	-1.0	33.0	19.0	0.0	-1.0	-1.0	33.0	-1.0	29.0	0.0	-1.0	24.0	
22.0	-1.0	22.0	48.0	-1.0	19.0	0.0	16.0	2.0	-1.0	53.0	-1.0	25.0	29.0	-1.0	-1.0	-1.0	32.0	25.0	34.0	-1.0	52.0	-1.0	37.0	0.0	11.0	-1.0	-1.0	30.0	-1.0	48.0	38.0	-1.0	-1.0	18.0	-1.0	-1.0	20.0	-1.0	33.0	19.0	0.0	-1.0	-1.0	33.0	-1.0	30.0	0.0	-1.0	24.0	
22.0	43.0	22.0	48.0	-1.0	-1.0	0.0	-1.0	2.0	0.0	-1.0	41.0	25.0	29.0	30.0	-1.0	37.0	9.0	25.0	30.0	-1.0	-1.0	19.0	22.0	0.0	6.0	5.0	-1.0	-1.0	-1.0	48.0	38.0	18.0	33.0	18.0	-1.0	-1.0	-1.0	-1.0	33.0	-1.0	0.0	-1.0	-1.0	33.0	-1.0	29.0	0.0	9.0	24.0	

distances_centre_w :
-1.0	-1.0	38.0	62.0	42.0	-1.0	-1.0	21.0	-1.0	23.0	66.0	-1.0	-1.0	49.0	-1.0	25.0	38.0	32.0	39.0	42.0	-1.0	-1.0	-1.0	-1.0	16.0	11.0	24.0	-1.0	43.0	33.0	-1.0	-1.0	31.0	45.0	43.0	25.0	40.0	38.0	19.0	37.0	-1.0	48.0	18.0	36.0	34.0	72.0	32.0	-1.0	13.0	25.0	
26.0	56.0	-1.0	62.0	-1.0	-1.0	15.0	-1.0	17.0	38.0	66.0	60.0	45.0	60.0	-1.0	-1.0	-1.0	47.0	39.0	42.0	35.0	-1.0	-1.0	-1.0	16.0	-1.0	24.0	32.0	43.0	-1.0	-1.0	51.0	-1.0	-1.0	43.0	-1.0	49.0	-1.0	24.0	37.0	-1.0	48.0	-1.0	-1.0	49.0	-1.0	30.0	38.0	-1.0	25.0	
26.0	56.0	-1.0	62.0	-1.0	-1.0	-1.0	21.0	-1.0	23.0	66.0	-1.0	45.0	60.0	33.0	-1.0	38.0	32.0	39.0	42.0	44.0	-1.0	42.0	45.0	-1.0	-1.0	-1.0	37.0	43.0	-1.0	55.0	-1.0	-1.0	45.0	25.0	-1.0	59.0	24.0	-1.0	37.0	23.0	48.0	-1.0	-1.0	49.0	-1.0	35.0	16.0	-1.0	25.0	
26.0	-1.0	38.0	62.0	-1.0	38.0	15.0	21.0	14.0	-1.0	66.0	-1.0	50.0	60.0	-1.0	-1.0	-1.0	50.0	39.0	42.0	-1.0	54.0	-1.0	53.0	16.0	35.0	-1.0	-1.0	43.0	-1.0	55.0	51.0	-1.0	-1.0	43.0	-1.0	-1.0	24.0	-1.0	37.0	60.0	61.0	-1.0	-1.0	49.0	-1.0	35.0	15.0	-1.0	25.0	
26.0	56.0	38.0	62.0	-1.0	-1.0	15.0	-1.0	14.0	23.0	-1.0	60.0	45.0	49.0	47.0	-1.0	38.0	32.0	39.0	34.0	-1.0	-1.0	29.0	37.0	16.0	22.0	24.0	-1.0	-1.0	-1.0	55.0	51.0	46.0	45.0	18.0	-1.0	-1.0	-1.0	-1.0	37.0	-1.0	48.0	-1.0	-1.0	49.0	-1.0	30.0	15.0	13.0	25.0	

maxX :
56.0	53.0	53.0	53.0	48.0	

maxW :
72.0	66.0	66.0	66.0	62.0	

minX :
0.0	0.0	0.0	0.0	0.0	

minW :
11.0	15.0	16.0	14.0	13.0	

moyX :
22.424242424242426	22.535714285714285	25.966666666666665	24.82758620689655	21.8125	

moyW :
35.15151515151515	39.892857142857146	39.833333333333336	40.58620689655172	35.5625	

medX :
23.0	24.5	27.5	25.0	23.0	

medW :
36.0	40.5	40.5	42.0	37.0	

ecartTypeX :
14.234040085420292	15.005908700187646	13.327873882289788	15.174999779622203	14.778441857990307	

ecartTypeW :
14.129533248679095	14.05179013942526	13.20626955485748	15.550844840957632	14.328593571945573	

varX :
202.6078971533517	225.17729591836732	177.63222222222228	230.2806183115339	218.40234375	

varW :
199.64370982552802	197.45280612244895	174.40555555555557	241.82877526753862	205.30859375	

covarX :
208.93939393939394	233.51719576719572	183.75747126436784	238.50492610837435	225.44758064516128	

covarW :
205.88257575757575	204.76587301587296	180.41954022988506	250.46551724137925	211.93145161290323	

coef_variationX :
0.6347612470525265	0.6658723353490557	0.5132685705631498	0.6112152689014498	0.6775216897645986	

coef_variationW :
0.40196085966069844	0.3522382487949035	0.33153814782068985	0.3831559051722781	0.4029130002656049	

moy_distances_centre :	40.6
min_distances_centre :	15.0
max_distances_centre :	65.0
med_distances_centre :	43.0
ecartType_distances_centre :	17.704236781064584
var_distances_centre :	313.44000000000005
covar_distances_centre :	329.9368421052632
coef_variation_distances_centre :	0.4360649453464183
capacite_X_temoin : 
177.0	163.0	153.0	177.0	172.0	
156.0	171.0	163.0	168.0	159.0	
163.0	177.0	163.0	144.0	177.0	
166.0	154.0	162.0	172.0	139.0	
163.0	156.0	168.0	159.0	154.0	

capacite_W_temoin : 
198.1	139.9	45.9	172.1	180.6	
154.8	154.3	126.9	153.4	189.7	
131.9	179.1	156.9	112.19999999999999	198.1	
130.8	162.2	124.6	123.6	154.7	
154.9	139.8	95.4	134.7	155.2	

demande_cumulee_X : 
32.0	72.0	153.0	58.0	43.0	
48.0	68.0	85.0	65.0	17.0	
80.0	51.0	55.0	75.0	32.0	
85.0	38.0	86.0	100.0	26.0	
57.0	63.0	123.0	72.0	45.0	

demande_cumulee_W : 
91.0	22.0	42.0	68.0	135.0	
61.0	49.0	32.0	41.0	100.0	
46.0	46.0	75.0	26.0	100.0	
53.0	57.0	67.0	40.0	118.0	
76.0	39.0	76.0	18.0	151.0	

capacite_residuelle_X : 
145.0	91.0	0.0	119.0	129.0	
108.0	103.0	78.0	103.0	142.0	
83.0	126.0	108.0	69.0	145.0	
81.0	116.0	76.0	72.0	113.0	
106.0	93.0	45.0	87.0	109.0	

capacite_residuelle_W : 
107.1	117.9	3.8999999999999986	104.1	45.599999999999994	
93.80000000000001	105.30000000000001	94.9	112.4	89.69999999999999	
85.9	133.1	81.9	86.19999999999999	98.1	
77.80000000000001	105.19999999999999	57.599999999999994	83.6	36.69999999999999	
78.9	100.80000000000001	19.400000000000006	116.69999999999999	4.199999999999989	

min_capacite_X : 
153.0	156.0	144.0	139.0	154.0	

min_capacite_W : 
45.9	126.9	112.19999999999999	123.6	95.4	

max_capacite_X : 
177.0	171.0	177.0	172.0	168.0	

max_capacite_W : 
198.1	189.7	198.1	162.2	155.2	

moy_capacite_X : 
168.4	163.4	164.8	158.6	160.0	

moy_capacite_W : 
147.32	155.82	155.64	139.18	136.0	

med_capacite_X : 
172.0	163.0	163.0	162.0	159.0	

med_capacite_W : 
172.1	154.3	156.9	130.8	139.8	

ecartType_capacite_X : 
9.243376006633074	5.535341001239218	12.139192724394814	11.412274094149685	5.019960159204453	

ecartType_capacite_W : 
54.113377274016074	19.96711296106675	31.00139351706629	16.101726615490648	21.864766177574364	

var_capacite_X : 
85.44000000000001	30.639999999999997	147.35999999999999	130.24	25.2	

var_capacite_W : 
2928.2575999999995	398.6855999999998	961.0863999999999	259.2655999999999	478.06799999999987	

covar_capacite_X : 
106.80000000000001	38.3	184.2	162.8	31.5	

covar_capacite_W : 
3660.321999999999	498.35699999999974	1201.358	324.0819999999999	597.5849999999998	

##########	##########	##########	##########	##########	##########	##########	##########	##########	##########	##########	##########	##########	##########	##########	##########	##########	##########	##########	##########	##########	##########	##########	##########	##########	##########	##########	##########	##########	##########	##########	##########	##########	##########	##########	##########	##########	##########	##########	##########	##########	##########	##########	##########	##########	##########	##########	##########	##########	##########	nombre de noeuds : 50
nombre de strates : 5
nombre de centres : 5
titre : fenetre
instances : p2_2
temps de calcul : 0.036958932876586914
valeur objective : 587.0
nombre de solutions : 3
nombre de noeuds : 1.0
faisability : True
centre : [41, 9, 24, 47, 48]
moy_distances :	48.31
min_distances :	1.0
max_distances :	131.0
var_distances :	538.7683705122865
covar_distances :	538.9883657636187
ecartType_distances :	23.211384502271436
coef_variation	: 0.4804411066570216
distances_centre_x :
-1.0	-1.0	22.0	48.0	27.0	-1.0	-1.0	21.0	-1.0	0.0	53.0	-1.0	-1.0	29.0	-1.0	23.0	37.0	9.0	25.0	30.0	-1.0	-1.0	-1.0	-1.0	0.0	6.0	5.0	-1.0	22.0	26.0	-1.0	-1.0	17.0	32.0	18.0	10.0	8.0	24.0	19.0	33.0	-1.0	0.0	17.0	23.0	33.0	56.0	30.0	-1.0	0.0	24.0	
17.0	43.0	-1.0	48.0	-1.0	-1.0	15.0	-1.0	2.0	0.0	53.0	41.0	25.0	29.0	-1.0	-1.0	-1.0	9.0	25.0	30.0	22.0	-1.0	-1.0	-1.0	0.0	-1.0	5.0	30.0	22.0	-1.0	-1.0	38.0	-1.0	-1.0	18.0	-1.0	8.0	-1.0	19.0	33.0	-1.0	0.0	-1.0	-1.0	33.0	-1.0	30.0	0.0	-1.0	24.0	
17.0	43.0	-1.0	48.0	-1.0	-1.0	-1.0	21.0	-1.0	0.0	53.0	-1.0	25.0	29.0	33.0	-1.0	37.0	9.0	25.0	30.0	27.0	-1.0	19.0	45.0	-1.0	-1.0	-1.0	37.0	22.0	-1.0	48.0	-1.0	-1.0	32.0	18.0	-1.0	8.0	24.0	-1.0	33.0	12.0	0.0	-1.0	-1.0	33.0	-1.0	32.0	0.0	-1.0	24.0	
17.0	-1.0	22.0	48.0	-1.0	19.0	15.0	21.0	2.0	-1.0	53.0	-1.0	25.0	29.0	-1.0	-1.0	-1.0	9.0	25.0	30.0	-1.0	52.0	-1.0	22.0	0.0	6.0	-1.0	-1.0	22.0	-1.0	48.0	38.0	-1.0	-1.0	18.0	-1.0	-1.0	24.0	-1.0	33.0	12.0	0.0	-1.0	-1.0	33.0	-1.0	32.0	0.0	-1.0	24.0	
17.0	43.0	22.0	48.0	-1.0	-1.0	15.0	-1.0	2.0	0.0	-1.0	41.0	25.0	29.0	33.0	-1.0	37.0	9.0	25.0	35.0	-1.0	-1.0	26.0	22.0	0.0	6.0	5.0	-1.0	-1.0	-1.0	48.0	38.0	17.0	32.0	18.0	-1.0	-1.0	-1.0	-1.0	33.0	-1.0	0.0	-1.0	-1.0	33.0	-1.0	32.0	0.0	0.0	24.0	

distances_centre_w :
-1.0	-1.0	31.0	57.0	36.0	-1.0	-1.0	24.0	-1.0	38.0	66.0	-1.0	-1.0	60.0	-1.0	46.0	46.0	47.0	39.0	30.0	-1.0	-1.0	-1.0	-1.0	9.0	22.0	38.0	-1.0	32.0	33.0	-1.0	-1.0	18.0	33.0	25.0	13.0	40.0	25.0	37.0	37.0	-1.0	48.0	23.0	23.0	49.0	59.0	31.0	-1.0	9.0	31.0	
22.0	52.0	-1.0	57.0	-1.0	-1.0	23.0	-1.0	39.0	38.0	66.0	60.0	45.0	60.0	-1.0	-1.0	-1.0	47.0	39.0	42.0	48.0	-1.0	-1.0	-1.0	9.0	-1.0	38.0	37.0	32.0	-1.0	-1.0	47.0	-1.0	-1.0	25.0	-1.0	40.0	-1.0	61.0	37.0	-1.0	48.0	-1.0	-1.0	49.0	-1.0	31.0	13.0	-1.0	31.0	
22.0	52.0	-1.0	57.0	-1.0	-1.0	-1.0	24.0	-1.0	52.0	66.0	-1.0	45.0	60.0	38.0	-1.0	46.0	47.0	26.0	35.0	30.0	-1.0	26.0	53.0	-1.0	-1.0	-1.0	41.0	30.0	-1.0	55.0	-1.0	-1.0	33.0	25.0	-1.0	64.0	25.0	-1.0	37.0	19.0	48.0	-1.0	-1.0	49.0	-1.0	35.0	13.0	-1.0	31.0	
22.0	-1.0	31.0	57.0	-1.0	31.0	23.0	24.0	12.0	-1.0	66.0	-1.0	45.0	60.0	-1.0	-1.0	-1.0	47.0	26.0	36.0	-1.0	54.0	-1.0	26.0	9.0	17.0	-1.0	-1.0	30.0	-1.0	55.0	47.0	-1.0	-1.0	25.0	-1.0	-1.0	25.0	-1.0	66.0	19.0	48.0	-1.0	-1.0	49.0	-1.0	40.0	13.0	-1.0	31.0	
22.0	52.0	31.0	57.0	-1.0	-1.0	23.0	-1.0	12.0	38.0	-1.0	60.0	45.0	60.0	38.0	-1.0	46.0	47.0	39.0	36.0	-1.0	-1.0	42.0	26.0	9.0	17.0	38.0	-1.0	-1.0	-1.0	55.0	47.0	31.0	45.0	25.0	-1.0	-1.0	-1.0	-1.0	37.0	-1.0	48.0	-1.0	-1.0	49.0	-1.0	40.0	13.0	9.0	31.0	

maxX :
56.0	53.0	53.0	53.0	48.0	

maxW :
66.0	66.0	66.0	66.0	60.0	

minX :
0.0	0.0	0.0	0.0	0.0	

minW :
9.0	9.0	13.0	9.0	9.0	

moyX :
22.03030303030303	22.107142857142858	26.133333333333333	23.413793103448278	22.34375	

moyW :
35.0	40.57142857142857	39.46666666666667	35.6551724137931	36.5	

medX :
23.0	23.0	26.0	22.0	24.5	

medW :
33.0	39.5	37.5	31.0	38.0	

ecartTypeX :
14.209439560920247	14.986516048278403	14.042158745086962	14.819645026646706	14.894649574175956	

ecartTypeW :
13.989173302842799	13.962778508358193	13.970763122400374	16.29105077381754	14.446020213193666	

varX :
201.90817263544537	224.59566326530611	197.1822222222222	219.62187871581446	221.8505859375	

varW :
195.6969696969697	194.95918367346943	195.18222222222224	265.39833531510106	208.6875	

covarX :
208.21780303030303	232.9140211640212	203.9816091954023	227.46551724137925	229.0070564516129	

covarW :
201.8125	202.17989417989423	201.91264367816095	274.87684729064034	215.41935483870967	

coef_variationX :
0.644995193274234	0.6779037953986999	0.5373275030007766	0.6329450747757798	0.666613687235847	

coef_variationW :
0.39969066579550855	0.34415299140319494	0.3539889304662257	0.4569056793430451	0.39578137570393607	

moy_distances_centre :	42.4
min_distances_centre :	9.0
max_distances_centre :	71.0
med_distances_centre :	49.5
ecartType_distances_centre :	21.37381575666825
var_distances_centre :	456.84
covar_distances_centre :	480.8842105263157
coef_variation_distances_centre :	0.5040994282233078
capacite_X_temoin : 
163.0	153.0	177.0	172.0	156.0	
171.0	163.0	168.0	159.0	175.0	
177.0	163.0	144.0	177.0	135.0	
154.0	162.0	172.0	139.0	157.0	
156.0	168.0	159.0	154.0	177.0	

capacite_W_temoin : 
137.9	110.9	178.1	122.6	159.8	
154.3	138.9	153.4	145.7	211.5	
174.1	179.9	117.19999999999999	131.1	139.5	
155.2	135.6	119.6	95.69999999999999	178.1	
135.8	132.4	129.7	117.19999999999999	183.1	

demande_cumulee_X : 
74.0	88.0	52.0	101.0	43.0	
68.0	73.0	65.0	61.0	16.0	
56.0	32.0	70.0	99.0	36.0	
45.0	75.0	104.0	85.0	26.0	
67.0	86.0	77.0	83.0	47.0	

demande_cumulee_W : 
69.0	87.0	31.0	67.0	104.0	
74.0	46.0	23.0	73.0	67.0	
67.0	104.0	24.0	36.0	62.0	
97.0	90.0	0.0	51.0	97.0	
55.0	84.0	21.0	78.0	122.0	

capacite_residuelle_X : 
89.0	65.0	125.0	71.0	113.0	
103.0	90.0	103.0	98.0	159.0	
121.0	131.0	74.0	78.0	99.0	
109.0	87.0	68.0	54.0	131.0	
89.0	82.0	82.0	71.0	130.0	

capacite_residuelle_W : 
68.9	23.900000000000006	147.1	55.599999999999994	55.80000000000001	
80.30000000000001	92.9	130.4	72.69999999999999	144.5	
107.1	75.9	93.19999999999999	95.1	77.5	
58.19999999999999	45.599999999999994	119.6	44.69999999999999	81.1	
80.80000000000001	48.400000000000006	108.69999999999999	39.19999999999999	61.099999999999994	

min_capacite_X : 
153.0	159.0	135.0	139.0	154.0	

min_capacite_W : 
110.9	138.9	117.19999999999999	95.69999999999999	117.19999999999999	

max_capacite_X : 
177.0	175.0	177.0	172.0	177.0	

max_capacite_W : 
178.1	211.5	179.9	178.1	183.1	

moy_capacite_X : 
164.2	167.2	159.2	156.8	162.8	

moy_capacite_W : 
141.85999999999999	160.76	148.35999999999999	136.83999999999997	139.64000000000001	

med_capacite_X : 
163.0	168.0	163.0	157.0	159.0	

med_capacite_W : 
137.9	153.4	139.5	135.6	132.4	

ecartType_capacite_X : 
9.15204895091804	5.67097875150313	17.116074316267735	10.796295661012623	8.565045242145542	

ecartType_capacite_W : 
24.41447111858047	25.98119319815778	24.513963367844056	28.39271737611601	22.619867373616493	

var_capacite_X : 
83.75999999999999	32.16	292.96	116.55999999999999	73.35999999999999	

var_capacite_W : 
596.0663999999999	675.0224000000001	600.9344000000002	806.1464	511.6584	

covar_capacite_X : 
104.69999999999999	40.199999999999996	366.2	145.7	91.69999999999999	

covar_capacite_W : 
745.083	843.778	751.1680000000002	1007.683	639.573	

##########	##########	##########	##########	##########	##########	##########	##########	##########	##########	##########	##########	##########	##########	##########	##########	##########	##########	##########	##########	##########	##########	##########	##########	##########	##########	##########	##########	##########	##########	##########	##########	##########	##########	##########	##########	##########	##########	##########	##########	##########	##########	##########	##########	##########	##########	##########	##########	##########	##########	nombre de noeuds : 50
nombre de strates : 5
nombre de centres : 5
titre : fenetre
instances : p2_2
temps de calcul : 0.034937143325805664
valeur objective : 691.0
nombre de solutions : 3
nombre de noeuds : 1.0
faisability : True
centre : [9, 24, 47, 48, 39]
moy_distances :	48.31
min_distances :	1.0
max_distances :	131.0
var_distances :	538.7683705122865
covar_distances :	538.9883657636187
ecartType_distances :	23.211384502271436
coef_variation	: 0.4804411066570216
distances_centre_x :
-1.0	-1.0	22.0	48.0	27.0	-1.0	-1.0	21.0	-1.0	0.0	66.0	-1.0	-1.0	49.0	-1.0	24.0	37.0	9.0	25.0	30.0	-1.0	-1.0	-1.0	-1.0	0.0	6.0	5.0	-1.0	22.0	8.0	-1.0	-1.0	17.0	32.0	18.0	10.0	40.0	24.0	19.0	0.0	-1.0	37.0	17.0	23.0	34.0	59.0	32.0	-1.0	0.0	24.0	
17.0	43.0	-1.0	48.0	-1.0	-1.0	15.0	-1.0	2.0	0.0	66.0	60.0	45.0	49.0	-1.0	-1.0	-1.0	9.0	26.0	30.0	22.0	-1.0	-1.0	-1.0	0.0	-1.0	5.0	35.0	22.0	-1.0	-1.0	38.0	-1.0	-1.0	18.0	-1.0	32.0	-1.0	19.0	0.0	-1.0	37.0	-1.0	-1.0	34.0	-1.0	32.0	0.0	-1.0	24.0	
17.0	43.0	-1.0	48.0	-1.0	-1.0	-1.0	21.0	-1.0	0.0	66.0	-1.0	45.0	49.0	33.0	-1.0	37.0	9.0	25.0	30.0	22.0	-1.0	19.0	26.0	-1.0	-1.0	-1.0	32.0	22.0	-1.0	55.0	-1.0	-1.0	32.0	18.0	-1.0	40.0	24.0	-1.0	0.0	12.0	37.0	-1.0	-1.0	34.0	-1.0	30.0	0.0	-1.0	24.0	
17.0	-1.0	22.0	48.0	-1.0	31.0	15.0	21.0	2.0	-1.0	66.0	-1.0	45.0	49.0	-1.0	-1.0	-1.0	9.0	26.0	30.0	-1.0	54.0	-1.0	26.0	0.0	6.0	-1.0	-1.0	22.0	-1.0	55.0	38.0	-1.0	-1.0	18.0	-1.0	-1.0	24.0	-1.0	0.0	12.0	37.0	-1.0	-1.0	34.0	-1.0	30.0	13.0	-1.0	24.0	
17.0	43.0	22.0	48.0	-1.0	-1.0	15.0	-1.0	2.0	0.0	-1.0	60.0	45.0	49.0	33.0	-1.0	37.0	9.0	25.0	30.0	-1.0	-1.0	19.0	26.0	0.0	6.0	5.0	-1.0	-1.0	-1.0	55.0	38.0	17.0	32.0	18.0	-1.0	-1.0	-1.0	-1.0	0.0	-1.0	37.0	-1.0	-1.0	34.0	-1.0	32.0	13.0	0.0	24.0	

distances_centre_w :
-1.0	-1.0	31.0	57.0	36.0	-1.0	-1.0	24.0	-1.0	33.0	75.0	-1.0	-1.0	62.0	-1.0	46.0	46.0	27.0	26.0	42.0	-1.0	-1.0	-1.0	-1.0	9.0	17.0	30.0	-1.0	30.0	26.0	-1.0	-1.0	18.0	45.0	25.0	13.0	54.0	25.0	37.0	33.0	-1.0	48.0	23.0	23.0	58.0	72.0	35.0	-1.0	9.0	31.0	
22.0	52.0	-1.0	57.0	-1.0	-1.0	23.0	-1.0	12.0	33.0	75.0	69.0	48.0	54.0	-1.0	-1.0	-1.0	27.0	39.0	36.0	30.0	-1.0	-1.0	-1.0	9.0	-1.0	30.0	41.0	32.0	-1.0	-1.0	47.0	-1.0	-1.0	25.0	-1.0	40.0	-1.0	37.0	33.0	-1.0	61.0	-1.0	-1.0	37.0	-1.0	35.0	13.0	-1.0	31.0	
22.0	52.0	-1.0	57.0	-1.0	-1.0	-1.0	24.0	-1.0	33.0	75.0	-1.0	48.0	54.0	38.0	-1.0	46.0	47.0	39.0	30.0	48.0	-1.0	29.0	53.0	-1.0	-1.0	-1.0	35.0	30.0	-1.0	65.0	-1.0	-1.0	45.0	25.0	-1.0	64.0	25.0	-1.0	33.0	19.0	65.0	-1.0	-1.0	37.0	-1.0	32.0	13.0	-1.0	31.0	
22.0	-1.0	31.0	57.0	-1.0	34.0	23.0	24.0	12.0	-1.0	75.0	-1.0	48.0	54.0	-1.0	-1.0	-1.0	27.0	39.0	36.0	-1.0	63.0	-1.0	45.0	9.0	17.0	-1.0	-1.0	32.0	-1.0	65.0	47.0	-1.0	-1.0	25.0	-1.0	-1.0	25.0	-1.0	33.0	19.0	48.0	-1.0	-1.0	37.0	-1.0	35.0	16.0	-1.0	42.0	
22.0	52.0	31.0	57.0	-1.0	-1.0	23.0	-1.0	12.0	33.0	-1.0	67.0	48.0	54.0	38.0	-1.0	46.0	27.0	26.0	36.0	-1.0	-1.0	51.0	45.0	9.0	22.0	30.0	-1.0	-1.0	-1.0	65.0	47.0	18.0	45.0	25.0	-1.0	-1.0	-1.0	-1.0	33.0	-1.0	48.0	-1.0	-1.0	37.0	-1.0	45.0	16.0	9.0	31.0	

maxX :
66.0	66.0	66.0	66.0	60.0	

maxW :
75.0	75.0	75.0	75.0	67.0	

minX :
0.0	0.0	0.0	0.0	0.0	

minW :
9.0	9.0	13.0	9.0	9.0	

moyX :
23.78787878787879	26.0	28.333333333333332	26.689655172413794	24.71875	

moyW :
35.333333333333336	37.42857142857143	40.46666666666667	35.86206896551724	35.875	

medX :
23.0	25.0	28.0	24.0	24.5	

medW :
31.0	35.5	37.5	34.0	34.5	

ecartTypeX :
16.422005885964143	18.203217925881756	15.672339398514257	16.901547466952415	16.947039518379015	

ecartTypeW :
16.521183218810176	15.866470872855867	15.147570395574627	16.224128769831413	15.339389655393724	

varX :
269.68227731864096	331.35714285714283	245.6222222222222	285.6623067776456	287.2021484375	

varW :
272.9494949494949	251.74489795918365	229.4488888888889	263.2223543400713	235.296875	

covarX :
278.1098484848485	343.6296296296296	254.09195402298846	295.8645320197044	296.46673387096774	

covarW :
281.47916666666663	261.0687830687831	237.36091954022987	272.62315270935954	242.88709677419354	

coef_variationX :
0.6903518397921232	0.7001237663800676	0.5531413905357974	0.6332621143948579	0.6855945190747516	

coef_variationW :
0.467580657136137	0.4239133439312636	0.37432216793018025	0.45240359069722214	0.4275788057252606	

moy_distances_centre :	43.4
min_distances_centre :	9.0
max_distances_centre :	79.0
med_distances_centre :	44.5
ecartType_distances_centre :	24.565015774470815
var_distances_centre :	603.44
covar_distances_centre :	635.2
coef_variation_distances_centre :	0.5660141883518621
capacite_X_temoin : 
163.0	153.0	177.0	172.0	156.0	
171.0	163.0	159.0	159.0	175.0	
177.0	163.0	157.0	177.0	135.0	
154.0	162.0	151.0	139.0	157.0	
156.0	168.0	153.0	154.0	177.0	

capacite_W_temoin : 
159.9	69.9	194.1	126.6	158.8	
167.3	78.9	186.7	155.7	203.5	
197.1	113.9	183.1	125.1	139.5	
162.2	53.6	178.3	96.69999999999999	166.1	
153.8	69.4	174.9	114.19999999999999	178.1	

demande_cumulee_X : 
52.0	129.0	36.0	97.0	44.0	
55.0	133.0	20.0	51.0	24.0	
33.0	98.0	21.0	105.0	36.0	
38.0	157.0	18.0	84.0	38.0	
49.0	149.0	24.0	86.0	52.0	

demande_cumulee_W : 
65.0	68.0	60.0	47.0	118.0	
32.0	28.0	26.0	95.0	102.0	
61.0	65.0	3.0	112.0	52.0	
64.0	40.0	12.0	96.0	123.0	
35.0	69.0	30.0	112.0	114.0	

capacite_residuelle_X : 
111.0	24.0	141.0	75.0	112.0	
116.0	30.0	139.0	108.0	151.0	
144.0	65.0	136.0	72.0	99.0	
116.0	5.0	133.0	55.0	119.0	
107.0	19.0	129.0	68.0	125.0	

capacite_residuelle_W : 
94.9	1.9000000000000057	134.1	79.6	40.80000000000001	
135.3	50.900000000000006	160.7	60.69999999999999	101.5	
136.1	48.900000000000006	180.1	13.099999999999994	87.5	
98.19999999999999	13.600000000000001	166.3	0.6999999999999886	43.099999999999994	
118.80000000000001	0.4000000000000057	144.9	2.1999999999999886	64.1	

min_capacite_X : 
153.0	159.0	135.0	139.0	153.0	

min_capacite_W : 
69.9	78.9	113.9	53.6	69.4	

max_capacite_X : 
177.0	175.0	177.0	162.0	177.0	

max_capacite_W : 
194.1	203.5	197.1	178.3	178.1	

moy_capacite_X : 
164.2	165.4	161.8	152.6	161.6	

moy_capacite_W : 
141.85999999999999	158.42	151.74	131.38	138.07999999999998	

med_capacite_X : 
163.0	163.0	163.0	154.0	156.0	

med_capacite_W : 
158.8	167.3	139.5	162.2	153.8	

ecartType_capacite_X : 
9.15204895091804	6.499230723708768	15.522886329545804	7.709734106958554	9.393614852653903	

ecartType_capacite_W : 
41.83905352657968	42.99220394443625	32.65685839146197	48.18561611103463	41.21074617135681	

var_capacite_X : 
83.75999999999999	42.239999999999995	240.95999999999998	59.44000000000001	88.24	

var_capacite_W : 
1750.5063999999998	1848.3295999999998	1066.4703999999997	2321.8536000000004	1698.3256000000001	

covar_capacite_X : 
104.69999999999999	52.8	301.2	74.30000000000001	110.3	

covar_capacite_W : 
2188.133	2310.412	1333.0879999999997	2902.3170000000005	2122.907	

##########	##########	##########	##########	##########	##########	##########	##########	##########	##########	##########	##########	##########	##########	##########	##########	##########	##########	##########	##########	##########	##########	##########	##########	##########	##########	##########	##########	##########	##########	##########	##########	##########	##########	##########	##########	##########	##########	##########	##########	##########	##########	##########	##########	##########	##########	##########	##########	##########	##########	nombre de noeuds : 50
nombre de strates : 5
nombre de centres : 5
titre : fenetre
instances : p2_2
temps de calcul : 0.03611898422241211
valeur objective : 691.0
nombre de solutions : 3
nombre de noeuds : 1.0
faisability : True
centre : [24, 47, 48, 39, 33]
moy_distances :	48.31
min_distances :	1.0
max_distances :	131.0
var_distances :	538.7683705122865
covar_distances :	538.9883657636187
ecartType_distances :	23.211384502271436
coef_variation	: 0.4804411066570216
distances_centre_x :
-1.0	-1.0	22.0	57.0	27.0	-1.0	-1.0	21.0	-1.0	33.0	66.0	-1.0	-1.0	49.0	-1.0	24.0	37.0	27.0	11.0	36.0	-1.0	-1.0	-1.0	-1.0	0.0	6.0	30.0	-1.0	25.0	8.0	-1.0	-1.0	14.0	0.0	18.0	10.0	32.0	24.0	24.0	0.0	-1.0	61.0	17.0	23.0	34.0	34.0	30.0	-1.0	0.0	31.0	
17.0	43.0	-1.0	57.0	-1.0	-1.0	15.0	-1.0	2.0	51.0	66.0	60.0	45.0	49.0	-1.0	-1.0	-1.0	27.0	11.0	30.0	30.0	-1.0	-1.0	-1.0	0.0	-1.0	30.0	32.0	22.0	-1.0	-1.0	38.0	-1.0	-1.0	18.0	-1.0	32.0	-1.0	24.0	0.0	-1.0	37.0	-1.0	-1.0	34.0	-1.0	45.0	0.0	-1.0	31.0	
17.0	43.0	-1.0	48.0	-1.0	-1.0	-1.0	21.0	-1.0	38.0	66.0	-1.0	45.0	49.0	33.0	-1.0	37.0	27.0	11.0	30.0	27.0	-1.0	26.0	26.0	-1.0	-1.0	-1.0	32.0	22.0	-1.0	55.0	-1.0	-1.0	0.0	18.0	-1.0	32.0	24.0	-1.0	0.0	12.0	37.0	-1.0	-1.0	34.0	-1.0	30.0	0.0	-1.0	31.0	
17.0	-1.0	22.0	48.0	-1.0	34.0	15.0	33.0	2.0	-1.0	66.0	-1.0	45.0	49.0	-1.0	-1.0	-1.0	27.0	11.0	30.0	-1.0	54.0	-1.0	26.0	0.0	17.0	-1.0	-1.0	22.0	-1.0	55.0	38.0	-1.0	-1.0	18.0	-1.0	-1.0	24.0	-1.0	0.0	12.0	65.0	-1.0	-1.0	42.0	-1.0	30.0	0.0	-1.0	31.0	
17.0	43.0	22.0	58.0	-1.0	-1.0	15.0	-1.0	2.0	33.0	-1.0	60.0	45.0	49.0	33.0	-1.0	37.0	27.0	11.0	36.0	-1.0	-1.0	19.0	26.0	0.0	6.0	30.0	-1.0	-1.0	-1.0	55.0	38.0	17.0	0.0	18.0	-1.0	-1.0	-1.0	-1.0	0.0	-1.0	37.0	-1.0	-1.0	42.0	-1.0	35.0	0.0	0.0	31.0	

distances_centre_w :
-1.0	-1.0	31.0	62.0	36.0	-1.0	-1.0	31.0	-1.0	52.0	75.0	-1.0	-1.0	54.0	-1.0	46.0	46.0	47.0	39.0	55.0	-1.0	-1.0	-1.0	-1.0	9.0	17.0	38.0	-1.0	32.0	58.0	-1.0	-1.0	17.0	32.0	25.0	13.0	59.0	45.0	68.0	66.0	-1.0	71.0	23.0	36.0	65.0	56.0	40.0	-1.0	9.0	72.0	
22.0	52.0	-1.0	62.0	-1.0	-1.0	28.0	-1.0	12.0	52.0	75.0	67.0	48.0	54.0	-1.0	-1.0	-1.0	47.0	25.0	36.0	53.0	-1.0	-1.0	-1.0	9.0	-1.0	38.0	35.0	30.0	-1.0	-1.0	47.0	-1.0	-1.0	25.0	-1.0	54.0	-1.0	68.0	66.0	-1.0	61.0	-1.0	-1.0	37.0	-1.0	68.0	16.0	-1.0	39.0	
22.0	52.0	-1.0	57.0	-1.0	-1.0	-1.0	31.0	-1.0	51.0	75.0	-1.0	48.0	54.0	38.0	-1.0	46.0	60.0	39.0	30.0	30.0	-1.0	29.0	45.0	-1.0	-1.0	-1.0	48.0	25.0	-1.0	65.0	-1.0	-1.0	32.0	25.0	-1.0	54.0	32.0	-1.0	66.0	19.0	61.0	-1.0	-1.0	37.0	-1.0	40.0	16.0	-1.0	39.0	
22.0	-1.0	31.0	58.0	-1.0	43.0	28.0	64.0	12.0	-1.0	75.0	-1.0	48.0	62.0	-1.0	-1.0	-1.0	47.0	25.0	36.0	-1.0	63.0	-1.0	45.0	9.0	22.0	-1.0	-1.0	25.0	-1.0	65.0	47.0	-1.0	-1.0	59.0	-1.0	-1.0	32.0	-1.0	66.0	19.0	71.0	-1.0	-1.0	58.0	-1.0	40.0	16.0	-1.0	39.0	
35.0	52.0	31.0	62.0	-1.0	-1.0	28.0	-1.0	12.0	51.0	-1.0	67.0	48.0	54.0	38.0	-1.0	46.0	47.0	25.0	55.0	-1.0	-1.0	29.0	57.0	9.0	17.0	38.0	-1.0	-1.0	-1.0	65.0	47.0	18.0	32.0	25.0	-1.0	-1.0	-1.0	-1.0	66.0	-1.0	61.0	-1.0	-1.0	58.0	-1.0	40.0	13.0	9.0	39.0	

maxX :
66.0	66.0	66.0	66.0	60.0	

maxW :
75.0	75.0	75.0	75.0	67.0	

minX :
0.0	0.0	0.0	0.0	0.0	

minW :
9.0	9.0	16.0	9.0	9.0	

moyX :
25.181818181818183	30.214285714285715	29.033333333333335	28.724137931034484	26.3125	

moyW :
43.18181818181818	43.785714285714285	42.2	42.310344827586206	39.8125	

medX :
24.0	30.5	30.0	27.0	28.5	

medW :
45.0	47.0	39.5	43.0	39.5	

ecartTypeX :
16.55743821762831	17.903226251267725	15.380687746507162	18.461323133595926	17.812280700404425	

ecartTypeW :
18.786607972661198	18.0541984489108	14.936309227293513	18.838887602191125	17.493637236149606	

varX :
274.1487603305785	320.52551020408174	236.56555555555556	340.8204518430441	317.27734375	

varW :
352.93663911845726	325.9540816326531	223.09333333333333	354.9036860879905	306.02734375	

covarX :
282.7159090909091	332.3968253968254	244.72298850574708	352.99261083743846	327.51209677419354	

covarW :
363.96590909090907	338.026455026455	230.7862068965517	367.57881773399015	315.8991935483871	

coef_variationX :
0.6575155970899328	0.5925417671814377	0.5297596238751031	0.6427111295009386	0.6769512855260589	

coef_variationW :
0.4350582898932067	0.41233079654934945	0.35394097695008325	0.4452548822033762	0.43940062131615965	

moy_distances_centre :	48.1
min_distances_centre :	9.0
max_distances_centre :	111.0
med_distances_centre :	39.0
ecartType_distances_centre :	32.179030439091854
var_distances_centre :	1035.49
covar_distances_centre :	1089.9894736842105
coef_variation_distances_centre :	0.6690027118314315
capacite_X_temoin : 
153.0	157.0	177.0	172.0	156.0	
163.0	148.0	159.0	159.0	175.0	
163.0	153.0	157.0	177.0	135.0	
162.0	172.0	151.0	139.0	157.0	
168.0	157.0	153.0	154.0	177.0	

capacite_W_temoin : 
79.9	171.1	171.1	103.6	175.8	
89.9	184.4	159.7	125.69999999999999	202.5	
116.9	183.9	175.1	115.1	136.5	
72.6	216.6	164.3	82.69999999999999	144.1	
90.4	187.1	151.9	92.19999999999999	170.1	

demande_cumulee_X : 
119.0	33.0	59.0	120.0	27.0	
122.0	8.0	47.0	81.0	25.0	
95.0	15.0	29.0	115.0	39.0	
138.0	7.0	32.0	98.0	60.0	
128.0	17.0	47.0	108.0	60.0	

demande_cumulee_W : 
71.0	41.0	25.0	94.0	127.0	
75.0	10.0	0.0	106.0	92.0	
100.0	7.0	5.0	110.0	71.0	
71.0	41.0	36.0	53.0	134.0	
87.0	12.0	21.0	92.0	148.0	

capacite_residuelle_X : 
34.0	124.0	118.0	52.0	129.0	
41.0	140.0	112.0	78.0	150.0	
68.0	138.0	128.0	62.0	96.0	
24.0	165.0	119.0	41.0	97.0	
40.0	140.0	106.0	46.0	117.0	

capacite_residuelle_W : 
8.900000000000006	130.1	146.1	9.599999999999994	48.80000000000001	
14.900000000000006	174.4	159.7	19.69999999999999	110.5	
16.900000000000006	176.9	170.1	5.099999999999994	65.5	
1.5999999999999943	175.6	128.3	29.69999999999999	10.099999999999994	
3.4000000000000057	175.1	130.9	0.19999999999998863	22.099999999999994	

min_capacite_X : 
153.0	148.0	135.0	139.0	153.0	

min_capacite_W : 
79.9	89.9	115.1	72.6	90.4	

max_capacite_X : 
177.0	175.0	177.0	172.0	177.0	

max_capacite_W : 
175.8	202.5	183.9	216.6	187.1	

moy_capacite_X : 
163.0	160.8	157.0	156.2	161.8	

moy_capacite_W : 
140.3	152.44	145.5	136.06	138.33999999999997	

med_capacite_X : 
157.0	159.0	157.0	157.0	157.0	

med_capacite_W : 
171.1	159.7	136.5	144.1	151.9	

ecartType_capacite_X : 
9.612491872558333	8.68101376568428	13.682105101189656	11.01635148313633	9.282241108697834	

ecartType_capacite_W : 
40.37964833923149	40.51279304121107	28.892351929187075	53.335339128949016	39.9931294099374	

var_capacite_X : 
92.4	75.35999999999999	187.2	121.36000000000001	86.16	

var_capacite_W : 
1630.516	1641.2864000000002	834.768	2844.6584000000003	1599.4504000000002	

covar_capacite_X : 
115.5	94.19999999999999	234.0	151.70000000000002	107.69999999999999	

covar_capacite_W : 
2038.145	2051.608	1043.46	3555.8230000000003	1999.313	

##########	##########	##########	##########	##########	##########	##########	##########	##########	##########	##########	##########	##########	##########	##########	##########	##########	##########	##########	##########	##########	##########	##########	##########	##########	##########	##########	##########	##########	##########	##########	##########	##########	##########	##########	##########	##########	##########	##########	##########	##########	##########	##########	##########	##########	##########	##########	##########	##########	##########	nombre de noeuds : 50
nombre de strates : 5
nombre de centres : 5
titre : fenetre
instances : p2_2
temps de calcul : 0.03688216209411621
valeur objective : 680.0
nombre de solutions : 3
nombre de noeuds : 1.0
faisability : True
centre : [47, 48, 39, 33, 22]
moy_distances :	48.31
min_distances :	1.0
max_distances :	131.0
var_distances :	538.7683705122865
covar_distances :	538.9883657636187
ecartType_distances :	23.211384502271436
coef_variation	: 0.4804411066570216
distances_centre_x :
-1.0	-1.0	31.0	57.0	36.0	-1.0	-1.0	5.0	-1.0	29.0	64.0	-1.0	-1.0	39.0	-1.0	24.0	37.0	27.0	11.0	15.0	-1.0	-1.0	-1.0	-1.0	9.0	6.0	26.0	-1.0	25.0	8.0	-1.0	-1.0	14.0	0.0	1.0	13.0	32.0	5.0	24.0	0.0	-1.0	42.0	17.0	11.0	23.0	34.0	11.0	-1.0	0.0	12.0	
17.0	52.0	-1.0	57.0	-1.0	-1.0	15.0	-1.0	2.0	33.0	64.0	54.0	31.0	39.0	-1.0	-1.0	-1.0	27.0	11.0	15.0	27.0	-1.0	-1.0	-1.0	9.0	-1.0	26.0	15.0	22.0	-1.0	-1.0	47.0	-1.0	-1.0	1.0	-1.0	32.0	-1.0	37.0	0.0	-1.0	37.0	-1.0	-1.0	23.0	-1.0	11.0	0.0	-1.0	31.0	
17.0	56.0	-1.0	57.0	-1.0	-1.0	-1.0	5.0	-1.0	29.0	64.0	-1.0	31.0	39.0	33.0	-1.0	37.0	27.0	11.0	36.0	30.0	-1.0	0.0	26.0	-1.0	-1.0	-1.0	15.0	22.0	-1.0	54.0	-1.0	-1.0	0.0	1.0	-1.0	35.0	5.0	-1.0	0.0	12.0	37.0	-1.0	-1.0	23.0	-1.0	11.0	13.0	-1.0	39.0	
17.0	-1.0	31.0	58.0	-1.0	24.0	15.0	5.0	2.0	-1.0	64.0	-1.0	31.0	39.0	-1.0	-1.0	-1.0	27.0	26.0	30.0	-1.0	55.0	-1.0	26.0	9.0	6.0	-1.0	-1.0	22.0	-1.0	54.0	47.0	-1.0	-1.0	1.0	-1.0	-1.0	35.0	-1.0	0.0	12.0	37.0	-1.0	-1.0	23.0	-1.0	11.0	13.0	-1.0	12.0	
17.0	52.0	31.0	57.0	-1.0	-1.0	15.0	-1.0	2.0	29.0	-1.0	54.0	48.0	39.0	33.0	-1.0	37.0	27.0	11.0	15.0	-1.0	-1.0	0.0	26.0	9.0	6.0	26.0	-1.0	-1.0	-1.0	54.0	47.0	14.0	0.0	18.0	-1.0	-1.0	-1.0	-1.0	0.0	-1.0	37.0	-1.0	-1.0	23.0	-1.0	30.0	0.0	0.0	12.0	

distances_centre_w :
-1.0	-1.0	37.0	59.0	42.0	-1.0	-1.0	21.0	-1.0	38.0	75.0	-1.0	-1.0	54.0	-1.0	46.0	52.0	38.0	39.0	30.0	-1.0	-1.0	-1.0	-1.0	16.0	17.0	30.0	-1.0	32.0	43.0	-1.0	-1.0	31.0	32.0	18.0	23.0	35.0	24.0	26.0	51.0	-1.0	61.0	23.0	23.0	37.0	59.0	30.0	-1.0	13.0	72.0	
22.0	56.0	-1.0	58.0	-1.0	-1.0	60.0	-1.0	12.0	38.0	75.0	67.0	48.0	54.0	-1.0	-1.0	-1.0	38.0	51.0	30.0	30.0	-1.0	-1.0	-1.0	16.0	-1.0	30.0	32.0	25.0	-1.0	-1.0	47.0	-1.0	-1.0	18.0	-1.0	35.0	-1.0	52.0	51.0	-1.0	61.0	-1.0	-1.0	37.0	-1.0	45.0	13.0	-1.0	72.0	
22.0	57.0	-1.0	58.0	-1.0	-1.0	-1.0	21.0	-1.0	33.0	75.0	-1.0	48.0	54.0	38.0	-1.0	52.0	38.0	51.0	55.0	53.0	-1.0	19.0	45.0	-1.0	-1.0	-1.0	32.0	25.0	-1.0	65.0	-1.0	-1.0	32.0	18.0	-1.0	54.0	24.0	-1.0	51.0	23.0	42.0	-1.0	-1.0	42.0	-1.0	40.0	45.0	-1.0	72.0	
22.0	-1.0	37.0	59.0	-1.0	34.0	54.0	33.0	12.0	-1.0	75.0	-1.0	48.0	54.0	-1.0	-1.0	-1.0	38.0	39.0	36.0	-1.0	63.0	-1.0	27.0	16.0	21.0	-1.0	-1.0	25.0	-1.0	65.0	47.0	-1.0	-1.0	18.0	-1.0	-1.0	45.0	-1.0	51.0	24.0	42.0	-1.0	-1.0	37.0	-1.0	30.0	66.0	-1.0	42.0	
22.0	56.0	37.0	59.0	-1.0	-1.0	28.0	-1.0	12.0	33.0	-1.0	67.0	53.0	58.0	38.0	-1.0	52.0	38.0	39.0	62.0	-1.0	-1.0	51.0	27.0	16.0	21.0	30.0	-1.0	-1.0	-1.0	65.0	54.0	17.0	32.0	28.0	-1.0	-1.0	-1.0	-1.0	51.0	-1.0	42.0	-1.0	-1.0	37.0	-1.0	40.0	13.0	32.0	39.0	

maxX :
64.0	64.0	64.0	64.0	57.0	

maxW :
75.0	75.0	75.0	75.0	67.0	

minX :
0.0	0.0	0.0	0.0	0.0	

minW :
13.0	12.0	18.0	12.0	12.0	

moyX :
20.848484848484848	26.25	25.5	25.24137931034483	24.03125	

moyW :
37.18181818181818	41.892857142857146	42.8	40.0	39.03125	

medX :
17.0	26.5	26.5	24.0	24.5	

medW :
35.0	41.5	43.5	38.0	38.0	

ecartTypeX :
15.823115450277193	17.53898718365948	17.813384480964494	17.59634596161803	17.786027477700017	

ecartTypeW :
15.781566818274712	17.471076681423025	15.395670387049298	16.058084224636428	15.379540742086547	

varX :
250.3709825528008	307.61607142857144	317.31666666666666	309.6313912009512	316.3427734375	

varW :
249.0578512396694	305.2385204081633	237.0266666666667	257.86206896551727	236.5302734375	

covarX :
258.1950757575758	319.00925925925924	328.2586206896552	320.6896551724137	326.54737903225805	

covarW :
256.84090909090907	316.5436507936507	245.20000000000007	267.07142857142856	244.1602822580645	

coef_variationX :
0.758957572469691	0.6681518927108373	0.6985640972927253	0.6971229957471624	0.7401207793061125	

coef_variationW :
0.4244431173619116	0.41704189861879337	0.3597119249310584	0.4014521056159107	0.39403146817195317	

moy_distances_centre :	50.5
min_distances_centre :	13.0
max_distances_centre :	111.0
med_distances_centre :	48.0
ecartType_distances_centre :	28.348721311551248
var_distances_centre :	803.65
covar_distances_centre :	845.9473684210526
coef_variation_distances_centre :	0.5613608180505197
capacite_X_temoin : 
171.0	157.0	177.0	172.0	156.0	
138.0	148.0	159.0	159.0	175.0	
135.0	153.0	157.0	177.0	135.0	
162.0	172.0	151.0	139.0	157.0	
145.0	157.0	153.0	154.0	177.0	

capacite_W_temoin : 
74.3	167.1	192.1	182.6	108.8	
63.4	184.4	180.7	152.7	148.5	
40.5	183.9	154.1	192.1	120.5	
53.6	221.6	171.3	149.7	84.1	
50.5	183.1	171.9	102.19999999999999	154.1	

demande_cumulee_X : 
148.0	37.0	38.0	41.0	94.0	
116.0	8.0	26.0	54.0	79.0	
135.0	15.0	50.0	38.0	55.0	
157.0	2.0	25.0	31.0	120.0	
138.0	21.0	27.0	98.0	76.0	

demande_cumulee_W : 
47.0	70.0	18.0	172.0	51.0	
47.0	45.0	26.0	148.0	17.0	
31.0	69.0	8.0	131.0	54.0	
49.0	39.0	48.0	126.0	73.0	
35.0	72.0	45.0	95.0	113.0	

capacite_residuelle_X : 
23.0	120.0	139.0	131.0	62.0	
22.0	140.0	133.0	105.0	96.0	
0.0	138.0	107.0	139.0	80.0	
5.0	170.0	126.0	108.0	37.0	
7.0	136.0	126.0	56.0	101.0	

capacite_residuelle_W : 
27.299999999999997	97.1	174.1	10.599999999999994	57.8	
16.4	139.4	154.7	4.699999999999989	131.5	
9.5	114.9	146.1	61.099999999999994	66.5	
4.600000000000001	182.6	123.30000000000001	23.69999999999999	11.099999999999994	
15.5	111.1	126.9	7.199999999999989	41.099999999999994	

min_capacite_X : 
156.0	138.0	135.0	139.0	145.0	

min_capacite_W : 
74.3	63.4	40.5	53.6	50.5	

max_capacite_X : 
177.0	175.0	177.0	172.0	177.0	

max_capacite_W : 
192.1	184.4	192.1	221.6	183.1	

moy_capacite_X : 
166.6	155.8	151.4	156.2	157.2	

moy_capacite_W : 
144.98	145.94	138.22	136.06	132.35999999999999	

med_capacite_X : 
171.0	159.0	153.0	157.0	154.0	

med_capacite_W : 
167.1	152.7	154.1	149.7	154.1	

ecartType_capacite_X : 
8.499411744350311	12.383860464330178	15.666524822052912	11.01635148313633	10.665833300778706	

ecartType_capacite_W : 
45.67167174518577	43.70933996298731	54.96378444030214	60.40611227351087	49.43940129087325	

var_capacite_X : 
72.24	153.36000000000004	245.44	121.36000000000001	113.75999999999999	

var_capacite_W : 
2085.9016	1910.5063999999995	3021.0176	3648.8984000000005	2444.2544	

covar_capacite_X : 
90.3	191.70000000000005	306.8	151.70000000000002	142.2	

covar_capacite_W : 
2607.377	2388.1329999999994	3776.272	4561.1230000000005	3055.3179999999998	

##########	##########	##########	##########	##########	##########	##########	##########	##########	##########	##########	##########	##########	##########	##########	##########	##########	##########	##########	##########	##########	##########	##########	##########	##########	##########	##########	##########	##########	##########	##########	##########	##########	##########	##########	##########	##########	##########	##########	##########	##########	##########	##########	##########	##########	##########	##########	##########	##########	##########	nombre de noeuds : 50
nombre de strates : 5
nombre de centres : 5
titre : fenetre
instances : p2_2
temps de calcul : 0.04305386543273926
valeur objective : 513.0
nombre de solutions : 3
nombre de noeuds : 1.0
faisability : True
centre : [48, 39, 33, 22, 13]
moy_distances :	48.31
min_distances :	1.0
max_distances :	131.0
var_distances :	538.7683705122865
covar_distances :	538.9883657636187
ecartType_distances :	23.211384502271436
coef_variation	: 0.4804411066570216
distances_centre_x :
-1.0	-1.0	31.0	40.0	36.0	-1.0	-1.0	5.0	-1.0	29.0	28.0	-1.0	-1.0	0.0	-1.0	24.0	37.0	27.0	11.0	15.0	-1.0	-1.0	-1.0	-1.0	9.0	21.0	26.0	-1.0	22.0	8.0	-1.0	-1.0	14.0	0.0	1.0	13.0	30.0	5.0	26.0	0.0	-1.0	37.0	23.0	11.0	16.0	34.0	11.0	-1.0	0.0	37.0	
17.0	33.0	-1.0	40.0	-1.0	-1.0	18.0	-1.0	12.0	33.0	28.0	16.0	8.0	0.0	-1.0	-1.0	-1.0	27.0	11.0	15.0	30.0	-1.0	-1.0	-1.0	9.0	-1.0	26.0	15.0	22.0	-1.0	-1.0	31.0	-1.0	-1.0	1.0	-1.0	30.0	-1.0	26.0	0.0	-1.0	29.0	-1.0	-1.0	16.0	-1.0	11.0	13.0	-1.0	12.0	
17.0	33.0	-1.0	40.0	-1.0	-1.0	-1.0	5.0	-1.0	33.0	28.0	-1.0	8.0	0.0	38.0	-1.0	37.0	27.0	11.0	15.0	27.0	-1.0	0.0	39.0	-1.0	-1.0	-1.0	15.0	22.0	-1.0	20.0	-1.0	-1.0	0.0	1.0	-1.0	30.0	5.0	-1.0	0.0	12.0	29.0	-1.0	-1.0	16.0	-1.0	11.0	13.0	-1.0	12.0	
17.0	-1.0	31.0	40.0	-1.0	24.0	18.0	5.0	12.0	-1.0	28.0	-1.0	8.0	0.0	-1.0	-1.0	-1.0	27.0	11.0	15.0	-1.0	23.0	-1.0	26.0	9.0	21.0	-1.0	-1.0	22.0	-1.0	20.0	31.0	-1.0	-1.0	1.0	-1.0	-1.0	5.0	-1.0	0.0	12.0	29.0	-1.0	-1.0	16.0	-1.0	11.0	13.0	-1.0	12.0	
17.0	33.0	31.0	40.0	-1.0	-1.0	18.0	-1.0	12.0	29.0	-1.0	16.0	8.0	0.0	38.0	-1.0	37.0	27.0	11.0	15.0	-1.0	-1.0	0.0	26.0	9.0	17.0	26.0	-1.0	-1.0	-1.0	20.0	31.0	14.0	0.0	1.0	-1.0	-1.0	-1.0	-1.0	0.0	-1.0	29.0	-1.0	-1.0	16.0	-1.0	11.0	13.0	0.0	37.0	

distances_centre_w :
-1.0	-1.0	37.0	57.0	38.0	-1.0	-1.0	33.0	-1.0	33.0	64.0	-1.0	-1.0	39.0	-1.0	41.0	52.0	38.0	26.0	24.0	-1.0	-1.0	-1.0	-1.0	26.0	48.0	30.0	-1.0	25.0	43.0	-1.0	-1.0	45.0	32.0	28.0	23.0	32.0	38.0	37.0	51.0	-1.0	42.0	49.0	23.0	23.0	59.0	29.0	-1.0	29.0	39.0	
35.0	52.0	-1.0	58.0	-1.0	-1.0	28.0	-1.0	44.0	51.0	64.0	54.0	31.0	58.0	-1.0	-1.0	-1.0	60.0	26.0	55.0	53.0	-1.0	-1.0	-1.0	33.0	-1.0	30.0	25.0	51.0	-1.0	-1.0	47.0	-1.0	-1.0	28.0	-1.0	35.0	-1.0	37.0	51.0	-1.0	37.0	-1.0	-1.0	23.0	-1.0	29.0	45.0	-1.0	37.0	
35.0	57.0	-1.0	57.0	-1.0	-1.0	-1.0	33.0	-1.0	51.0	64.0	-1.0	31.0	62.0	48.0	-1.0	52.0	60.0	26.0	24.0	30.0	-1.0	29.0	57.0	-1.0	-1.0	-1.0	25.0	25.0	-1.0	54.0	-1.0	-1.0	32.0	28.0	-1.0	64.0	35.0	-1.0	51.0	24.0	42.0	-1.0	-1.0	42.0	-1.0	29.0	45.0	-1.0	37.0	
35.0	-1.0	37.0	57.0	-1.0	31.0	28.0	33.0	44.0	-1.0	64.0	-1.0	53.0	58.0	-1.0	-1.0	-1.0	60.0	26.0	36.0	-1.0	55.0	-1.0	39.0	26.0	48.0	-1.0	-1.0	25.0	-1.0	54.0	54.0	-1.0	-1.0	28.0	-1.0	-1.0	35.0	-1.0	51.0	24.0	37.0	-1.0	-1.0	23.0	-1.0	29.0	45.0	-1.0	37.0	
35.0	52.0	37.0	57.0	-1.0	-1.0	28.0	-1.0	44.0	33.0	-1.0	54.0	53.0	39.0	48.0	-1.0	52.0	38.0	26.0	24.0	-1.0	-1.0	29.0	39.0	49.0	48.0	30.0	-1.0	-1.0	-1.0	54.0	54.0	17.0	32.0	28.0	-1.0	-1.0	-1.0	-1.0	51.0	-1.0	37.0	-1.0	-1.0	23.0	-1.0	29.0	45.0	32.0	39.0	

maxX :
40.0	40.0	40.0	40.0	40.0	

maxW :
64.0	64.0	64.0	64.0	57.0	

minX :
0.0	0.0	0.0	0.0	0.0	

minW :
23.0	23.0	24.0	23.0	17.0	

moyX :
19.0	18.892857142857142	18.133333333333333	16.79310344827586	18.1875	

moyW :
37.36363636363637	42.035714285714285	41.63333333333333	40.41379310344828	39.25	

medX :
21.0	16.5	15.5	16.0	16.5	

medW :
37.0	40.5	39.5	37.0	38.5	

ecartTypeX :
12.610721748984197	10.614475579920786	12.810759366858607	10.063177363262106	12.38304662633554	

ecartTypeW :
10.912373243578251	12.131665010144625	13.415124134929039	12.305079526930752	10.917302780449024	

varX :
159.03030303030303	112.66709183673468	164.11555555555555	101.26753864447087	153.33984375	

varW :
119.07988980716254	147.17729591836738	179.9655555555556	151.41498216409036	119.1875	

covarX :
164.0	116.8399470899471	169.7747126436781	104.88423645320195	158.28629032258064	

covarW :
122.80113636363637	152.62830687830686	186.1712643678161	156.82266009852216	123.03225806451613	

coef_variationX :
0.6637221973149577	0.561824794400344	0.706475700378232	0.599244647914992	0.6808547973242909	

coef_variationW :
0.29205865128798236	0.2886037555514439	0.32222075584297133	0.30447722378924214	0.2781478415401025	

moy_distances_centre :	59.9
min_distances_centre :	29.0
max_distances_centre :	111.0
med_distances_centre :	59.0
ecartType_distances_centre :	23.581560592971787
var_distances_centre :	556.0899999999999
covar_distances_centre :	585.357894736842
coef_variation_distances_centre :	0.3936821467941868
capacite_X_temoin : 
163.0	171.0	157.0	177.0	156.0	
141.0	138.0	148.0	159.0	175.0	
142.0	135.0	153.0	157.0	135.0	
159.0	162.0	172.0	151.0	157.0	
139.0	145.0	157.0	153.0	177.0	

capacite_W_temoin : 
145.9	130.3	174.1	191.1	71.8	
85.3	81.4	184.4	183.7	171.5	
86.6	84.5	183.9	179.1	111.5	
97.69999999999999	97.6	216.6	173.3	121.1	
55.699999999999996	121.5	183.1	173.9	108.1	

demande_cumulee_X : 
66.0	92.0	30.0	39.0	131.0	
98.0	98.0	8.0	23.0	56.0	
98.0	91.0	15.0	25.0	64.0	
109.0	113.0	7.0	23.0	83.0	
125.0	67.0	21.0	25.0	122.0	

demande_cumulee_W : 
48.0	121.0	85.0	43.0	61.0	
32.0	79.0	52.0	28.0	92.0	
36.0	74.0	62.0	18.0	103.0	
39.0	96.0	83.0	2.0	115.0	
34.0	112.0	98.0	44.0	72.0	

capacite_residuelle_X : 
97.0	79.0	127.0	138.0	25.0	
43.0	40.0	140.0	136.0	119.0	
44.0	44.0	138.0	132.0	71.0	
50.0	49.0	165.0	128.0	74.0	
14.0	78.0	136.0	128.0	55.0	

capacite_residuelle_W : 
97.9	9.300000000000011	89.1	148.1	10.799999999999997	
53.3	2.4000000000000057	132.4	155.7	79.5	
50.599999999999994	10.5	121.9	161.1	8.5	
58.69999999999999	1.5999999999999943	133.6	171.3	6.099999999999994	
21.699999999999996	9.5	85.1	129.9	36.099999999999994	

min_capacite_X : 
156.0	138.0	135.0	151.0	139.0	

min_capacite_W : 
71.8	81.4	84.5	97.6	55.699999999999996	

max_capacite_X : 
177.0	175.0	157.0	172.0	177.0	

max_capacite_W : 
191.1	184.4	183.9	216.6	183.1	

moy_capacite_X : 
164.8	152.2	144.4	160.2	154.2	

moy_capacite_W : 
142.64000000000001	141.26	129.12	141.26000000000002	128.45999999999998	

med_capacite_X : 
163.0	148.0	142.0	159.0	153.0	

med_capacite_W : 
145.9	171.5	111.5	121.1	121.5	

ecartType_capacite_X : 
8.109253973085316	13.49666625504239	9.112628599915615	6.910861017268398	12.998461447417537	

ecartType_capacite_W : 
41.27786816200662	47.521388868592624	43.83653270960193	46.71781672980877	46.491530411463124	

var_capacite_X : 
65.75999999999999	182.16	83.04	47.76	168.95999999999998	

var_capacite_W : 
1703.8623999999995	2258.282399999999	1921.6416000000002	2182.5544	2161.4624000000003	

covar_capacite_X : 
82.19999999999999	227.7	103.80000000000001	59.699999999999996	211.2	

covar_capacite_W : 
2129.8279999999995	2822.852999999999	2402.052	2728.193	2701.8280000000004	

##########	##########	##########	##########	##########	##########	##########	##########	##########	##########	##########	##########	##########	##########	##########	##########	##########	##########	##########	##########	##########	##########	##########	##########	##########	##########	##########	##########	##########	##########	##########	##########	##########	##########	##########	##########	##########	##########	##########	##########	##########	##########	##########	##########	##########	##########	##########	##########	##########	##########	nombre de noeuds : 50
nombre de strates : 5
nombre de centres : 5
titre : fenetre
instances : p2_2
temps de calcul : 0.04101705551147461
valeur objective : 551.0
nombre de solutions : 3
nombre de noeuds : 1.0
faisability : True
centre : [39, 33, 22, 13, 46]
moy_distances :	48.31
min_distances :	1.0
max_distances :	131.0
var_distances :	538.7683705122865
covar_distances :	538.9883657636187
ecartType_distances :	23.211384502271436
coef_variation	: 0.4804411066570216
distances_centre_x :
-1.0	-1.0	37.0	40.0	38.0	-1.0	-1.0	5.0	-1.0	29.0	28.0	-1.0	-1.0	0.0	-1.0	21.0	52.0	27.0	11.0	10.0	-1.0	-1.0	-1.0	-1.0	26.0	21.0	26.0	-1.0	25.0	8.0	-1.0	-1.0	14.0	0.0	1.0	23.0	30.0	5.0	35.0	0.0	-1.0	29.0	33.0	11.0	16.0	34.0	0.0	-1.0	29.0	8.0	
35.0	33.0	-1.0	40.0	-1.0	-1.0	18.0	-1.0	19.0	29.0	28.0	16.0	8.0	0.0	-1.0	-1.0	-1.0	27.0	11.0	10.0	19.0	-1.0	-1.0	-1.0	26.0	-1.0	26.0	5.0	25.0	-1.0	-1.0	31.0	-1.0	-1.0	1.0	-1.0	24.0	-1.0	26.0	0.0	-1.0	29.0	-1.0	-1.0	16.0	-1.0	0.0	19.0	-1.0	8.0	
35.0	33.0	-1.0	40.0	-1.0	-1.0	-1.0	5.0	-1.0	32.0	28.0	-1.0	8.0	0.0	48.0	-1.0	52.0	27.0	11.0	10.0	19.0	-1.0	0.0	19.0	-1.0	-1.0	-1.0	5.0	25.0	-1.0	20.0	-1.0	-1.0	0.0	1.0	-1.0	24.0	5.0	-1.0	0.0	24.0	31.0	-1.0	-1.0	16.0	-1.0	0.0	19.0	-1.0	8.0	
35.0	-1.0	37.0	40.0	-1.0	13.0	18.0	5.0	19.0	-1.0	28.0	-1.0	8.0	0.0	-1.0	-1.0	-1.0	27.0	11.0	10.0	-1.0	23.0	-1.0	19.0	26.0	21.0	-1.0	-1.0	25.0	-1.0	20.0	31.0	-1.0	-1.0	1.0	-1.0	-1.0	5.0	-1.0	0.0	24.0	29.0	-1.0	-1.0	16.0	-1.0	11.0	19.0	-1.0	8.0	
35.0	33.0	37.0	40.0	-1.0	-1.0	29.0	-1.0	19.0	29.0	-1.0	16.0	8.0	0.0	48.0	-1.0	52.0	27.0	11.0	10.0	-1.0	-1.0	39.0	19.0	26.0	21.0	26.0	-1.0	-1.0	-1.0	20.0	31.0	14.0	0.0	1.0	-1.0	-1.0	-1.0	-1.0	0.0	-1.0	31.0	-1.0	-1.0	16.0	-1.0	0.0	19.0	29.0	8.0	

distances_centre_w :
-1.0	-1.0	43.0	57.0	42.0	-1.0	-1.0	46.0	-1.0	60.0	64.0	-1.0	-1.0	29.0	-1.0	24.0	54.0	66.0	51.0	62.0	-1.0	-1.0	-1.0	-1.0	33.0	58.0	28.0	-1.0	62.0	57.0	-1.0	-1.0	45.0	60.0	12.0	37.0	32.0	66.0	65.0	45.0	-1.0	31.0	44.0	50.0	17.0	81.0	45.0	-1.0	32.0	72.0	
41.0	57.0	-1.0	57.0	-1.0	-1.0	29.0	-1.0	30.0	32.0	57.0	46.0	21.0	29.0	-1.0	-1.0	-1.0	38.0	51.0	24.0	19.0	-1.0	-1.0	-1.0	33.0	-1.0	28.0	15.0	51.0	-1.0	-1.0	45.0	-1.0	-1.0	12.0	-1.0	32.0	-1.0	52.0	45.0	-1.0	37.0	-1.0	-1.0	23.0	-1.0	11.0	30.0	-1.0	12.0	
41.0	49.0	-1.0	57.0	-1.0	-1.0	-1.0	42.0	-1.0	33.0	57.0	-1.0	31.0	29.0	59.0	-1.0	54.0	38.0	51.0	24.0	19.0	-1.0	11.0	26.0	-1.0	-1.0	-1.0	48.0	51.0	-1.0	47.0	-1.0	-1.0	60.0	12.0	-1.0	32.0	9.0	-1.0	45.0	41.0	37.0	-1.0	-1.0	23.0	-1.0	11.0	30.0	-1.0	37.0	
41.0	-1.0	40.0	57.0	-1.0	24.0	29.0	42.0	30.0	-1.0	57.0	-1.0	55.0	29.0	-1.0	-1.0	-1.0	38.0	51.0	24.0	-1.0	49.0	-1.0	27.0	33.0	33.0	-1.0	-1.0	51.0	-1.0	47.0	45.0	-1.0	-1.0	39.0	-1.0	-1.0	9.0	-1.0	45.0	41.0	31.0	-1.0	-1.0	17.0	-1.0	29.0	30.0	-1.0	12.0	
41.0	49.0	40.0	57.0	-1.0	-1.0	54.0	-1.0	53.0	33.0	-1.0	46.0	21.0	29.0	59.0	-1.0	54.0	38.0	51.0	24.0	-1.0	-1.0	51.0	39.0	33.0	33.0	56.0	-1.0	-1.0	-1.0	47.0	45.0	45.0	60.0	52.0	-1.0	-1.0	-1.0	-1.0	45.0	-1.0	37.0	-1.0	-1.0	17.0	-1.0	45.0	54.0	32.0	39.0	

maxX :
52.0	40.0	52.0	40.0	52.0	

maxW :
81.0	57.0	60.0	57.0	60.0	

minX :
0.0	0.0	0.0	0.0	0.0	

minW :
12.0	11.0	9.0	9.0	17.0	

moyX :
20.363636363636363	18.892857142857142	18.166666666666668	18.24137931034483	21.6875	

moyW :
47.57575757575758	34.17857142857143	36.8	36.37931034482759	43.09375	

medX :
23.0	19.0	19.0	19.0	20.5	

medW :
46.0	32.0	37.5	38.0	45.0	

ecartTypeX :
13.706486369417997	11.336852944881906	14.674429763670165	10.92183883852643	13.996511842241267	

ecartTypeW :
16.22947244802586	14.076458491874629	14.989774292274495	12.52972684046981	11.043548385256434	

varX :
187.86776859504133	128.52423469387756	215.33888888888885	119.28656361474435	195.90234375	

varW :
263.3957759412305	198.14668367346937	224.69333333333333	156.99405469678953	121.9599609375	

covarX :
193.73863636363637	133.28439153439155	222.76436781609195	123.54679802955665	202.22177419354838	

covarW :
271.6268939393939	205.4854497354497	232.44137931034484	162.60098522167485	125.89415322580645	

coef_variationX :
0.6730863842124909	0.6000602692943164	0.8077667759818439	0.5987397472916189	0.6453723039650152	

coef_variationW :
0.3411290387164671	0.41185040519591387	0.40733082315963304	0.34441903163376725	0.25626798283408697	

moy_distances_centre :	55.4
min_distances_centre :	11.0
max_distances_centre :	111.0
med_distances_centre :	55.5
ecartType_distances_centre :	26.24957142507283
var_distances_centre :	689.0400000000001
covar_distances_centre :	725.3052631578947
coef_variation_distances_centre :	0.47381897879192836
capacite_X_temoin : 
163.0	171.0	157.0	177.0	148.0	
141.0	138.0	148.0	159.0	159.0	
142.0	135.0	153.0	157.0	138.0	
159.0	162.0	172.0	151.0	159.0	
139.0	145.0	157.0	153.0	141.0	

capacite_W_temoin : 
152.9	79.3	118.1	200.1	152.4	
86.3	80.4	168.4	186.7	163.7	
97.6	91.5	144.9	182.1	133.4	
97.69999999999999	99.6	167.6	177.3	166.7	
76.69999999999999	69.5	140.1	177.9	131.3	

demande_cumulee_X : 
59.0	143.0	86.0	30.0	40.0	
97.0	99.0	24.0	20.0	43.0	
87.0	84.0	54.0	22.0	46.0	
109.0	111.0	56.0	19.0	40.0	
104.0	119.0	64.0	21.0	52.0	

demande_cumulee_W : 
26.0	75.0	87.0	23.0	147.0	
6.0	78.0	41.0	5.0	153.0	
38.0	88.0	20.0	15.0	132.0	
42.0	94.0	22.0	11.0	166.0	
39.0	67.0	60.0	69.0	125.0	

capacite_residuelle_X : 
104.0	28.0	71.0	147.0	108.0	
44.0	39.0	124.0	139.0	116.0	
55.0	51.0	99.0	135.0	92.0	
50.0	51.0	116.0	132.0	119.0	
35.0	26.0	93.0	132.0	89.0	

capacite_residuelle_W : 
126.9	4.299999999999997	31.099999999999994	177.1	5.400000000000006	
80.3	2.4000000000000057	127.4	181.7	10.699999999999989	
59.599999999999994	3.5	124.9	167.1	1.4000000000000057	
55.69999999999999	5.599999999999994	145.6	166.3	0.6999999999999886	
37.69999999999999	2.5	80.1	108.9	6.300000000000011	

min_capacite_X : 
148.0	138.0	135.0	151.0	139.0	

min_capacite_W : 
79.3	80.4	91.5	97.69999999999999	69.5	

max_capacite_X : 
177.0	159.0	157.0	172.0	157.0	

max_capacite_W : 
200.1	186.7	182.1	177.3	177.9	

moy_capacite_X : 
163.2	149.0	145.0	160.6	147.0	

moy_capacite_W : 
140.56	137.1	129.9	141.78000000000003	119.1	

med_capacite_X : 
163.0	148.0	142.0	159.0	145.0	

med_capacite_W : 
152.4	163.7	133.4	166.7	131.3	

ecartType_capacite_X : 
10.205880657738458	8.78635305459552	8.555699854482976	6.770524351924303	6.928203230275509	

ecartType_capacite_W : 
40.236083308393724	44.59358698288354	33.10570947736961	35.416233565979326	40.75585847458007	

var_capacite_X : 
104.16	77.2	73.2	45.84	48.0	

var_capacite_W : 
1618.9424	1988.5879999999997	1095.988	1254.3096000000005	1661.0400000000004	

covar_capacite_X : 
130.2	96.5	91.5	57.300000000000004	60.0	

covar_capacite_W : 
2023.6779999999999	2485.7349999999997	1369.9850000000001	1567.8870000000006	2076.3000000000006	

##########	##########	##########	##########	##########	##########	##########	##########	##########	##########	##########	##########	##########	##########	##########	##########	##########	##########	##########	##########	##########	##########	##########	##########	##########	##########	##########	##########	##########	##########	##########	##########	##########	##########	##########	##########	##########	##########	##########	##########	##########	##########	##########	##########	##########	##########	##########	##########	##########	##########	