nombre de noeuds : 50
nombre de strates : 3
nombre de centres : 5
titre : fenetre
instances : p5_1
temps de calcul : 0.02703404426574707
valeur objective : 323.0
nombre de solutions : 3
nombre de noeuds : 1.0
faisability : True
centre : [2, 39, 19, 0, 24]
moy_distances :	50.2
min_distances :	1.0
max_distances :	116.0
var_distances :	612.2527240316534
covar_distances :	612.5027251439572
ecartType_distances :	24.743741108240958
coef_variation	: 0.49293527276504157
distances_centre_x :
-1.0	23.0	0.0	22.0	20.0	24.0	27.0	-1.0	12.0	22.0	-1.0	-1.0	17.0	27.0	12.0	25.0	18.0	-1.0	19.0	-1.0	30.0	13.0	9.0	20.0	-1.0	24.0	-1.0	-1.0	36.0	-1.0	1.0	-1.0	-1.0	30.0	-1.0	24.0	-1.0	-1.0	23.0	0.0	-1.0	-1.0	9.0	-1.0	17.0	-1.0	15.0	21.0	-1.0	5.0	
0.0	12.0	0.0	22.0	20.0	24.0	27.0	-1.0	12.0	22.0	-1.0	32.0	17.0	-1.0	12.0	-1.0	-1.0	-1.0	19.0	-1.0	30.0	-1.0	9.0	-1.0	0.0	24.0	27.0	13.0	36.0	18.0	-1.0	4.0	-1.0	30.0	12.0	24.0	30.0	7.0	23.0	-1.0	12.0	29.0	9.0	-1.0	17.0	39.0	-1.0	21.0	27.0	-1.0	
0.0	12.0	-1.0	22.0	20.0	24.0	27.0	26.0	-1.0	22.0	9.0	39.0	17.0	27.0	12.0	-1.0	-1.0	22.0	19.0	0.0	-1.0	-1.0	-1.0	20.0	-1.0	-1.0	13.0	-1.0	36.0	-1.0	1.0	-1.0	33.0	-1.0	12.0	-1.0	30.0	7.0	23.0	0.0	-1.0	-1.0	9.0	36.0	17.0	39.0	-1.0	21.0	27.0	5.0	

distances_centre_w :
-1.0	59.0	13.0	48.0	61.0	46.0	35.0	-1.0	64.0	42.0	-1.0	-1.0	57.0	43.0	57.0	45.0	47.0	-1.0	51.0	-1.0	47.0	62.0	64.0	52.0	-1.0	49.0	-1.0	-1.0	38.0	-1.0	69.0	-1.0	-1.0	42.0	-1.0	40.0	-1.0	-1.0	33.0	13.0	-1.0	-1.0	37.0	-1.0	23.0	-1.0	28.0	57.0	-1.0	18.0	
70.0	23.0	13.0	48.0	61.0	46.0	35.0	-1.0	64.0	42.0	-1.0	39.0	57.0	-1.0	43.0	-1.0	-1.0	-1.0	51.0	-1.0	68.0	-1.0	64.0	-1.0	56.0	49.0	30.0	16.0	38.0	46.0	-1.0	15.0	-1.0	42.0	49.0	40.0	34.0	9.0	33.0	-1.0	50.0	32.0	20.0	-1.0	23.0	45.0	-1.0	57.0	41.0	-1.0	
70.0	23.0	-1.0	48.0	61.0	46.0	35.0	52.0	-1.0	58.0	50.0	48.0	60.0	52.0	43.0	-1.0	-1.0	62.0	51.0	61.0	-1.0	-1.0	-1.0	52.0	-1.0	-1.0	27.0	-1.0	41.0	-1.0	69.0	-1.0	45.0	-1.0	49.0	-1.0	34.0	9.0	33.0	13.0	-1.0	-1.0	20.0	59.0	23.0	45.0	-1.0	57.0	41.0	18.0	

maxX :
36.0	39.0	39.0	

maxW :
69.0	70.0	70.0	

minX :
0.0	0.0	0.0	

minW :
13.0	9.0	9.0	

moyX :
18.166666666666668	18.857142857142858	19.0	

moyW :
44.666666666666664	41.4	44.09090909090909	

medX :
20.0	20.0	20.0	

medW :
46.5	42.0	48.0	

ecartTypeX :
8.955755443040838	10.097079796067934	11.211465992320973	

ecartTypeW :
14.765575580458156	15.81355657113767	15.877110714109767	

varX :
80.20555555555558	101.95102040816326	125.6969696969697	

varW :
218.0222222222222	250.06857142857143	252.08264462809916	

covarX :
82.97126436781612	104.94957983193278	129.625	

covarW :
225.54022988505747	257.42352941176466	259.9602272727273	

coef_variationX :
0.4929773638371103	0.5354512013066328	0.5900771574905775	

coef_variationW :
0.33057258762219754	0.38196996548641715	0.36009941825815966	

moy_distances_centre :	68.3
min_distances_centre :	13.0
max_distances_centre :	113.0
med_distances_centre :	68.0
ecartType_distances_centre :	26.9
var_distances_centre :	723.6099999999999
covar_distances_centre :	761.6947368421052
coef_variation_distances_centre :	0.3938506588579795
capacite_X_temoin : 
163.0	166.0	153.0	163.0	169.0	
166.0	172.0	175.0	175.0	174.0	
159.0	178.0	162.0	147.0	151.0	

capacite_W_temoin : 
152.9	194.8	120.9	118.9	128.7	
144.8	168.6	121.5	141.5	172.2	
118.69999999999999	215.4	131.6	47.1	120.3	

demande_cumulee_X : 
59.0	21.0	78.0	93.0	91.0	
71.0	55.0	106.0	86.0	54.0	
88.0	16.0	79.0	144.0	76.0	

demande_cumulee_W : 
36.0	89.0	6.0	85.0	126.0	
46.0	78.0	24.0	60.0	164.0	
63.0	107.0	73.0	46.0	114.0	

capacite_residuelle_X : 
104.0	145.0	75.0	70.0	78.0	
95.0	117.0	69.0	89.0	120.0	
71.0	162.0	83.0	3.0	75.0	

capacite_residuelle_W : 
116.9	105.80000000000001	114.9	33.900000000000006	2.6999999999999886	
98.80000000000001	90.6	97.5	81.5	8.199999999999989	
55.69999999999999	108.4	58.599999999999994	1.1000000000000014	6.299999999999997	

min_capacite_X : 
153.0	166.0	147.0	

min_capacite_W : 
118.9	121.5	47.1	

max_capacite_X : 
169.0	175.0	178.0	

max_capacite_W : 
194.8	172.2	215.4	

moy_capacite_X : 
162.8	172.4	159.4	

moy_capacite_W : 
143.24	149.71999999999997	126.62	

med_capacite_X : 
163.0	174.0	159.0	

med_capacite_W : 
128.7	144.8	120.3	

ecartType_capacite_X : 
5.381449618829484	3.3823069050575527	10.744300814850634	

ecartType_capacite_W : 
28.4769099447254	18.7080089801133	53.54024280856411	

var_capacite_X : 
28.959999999999997	11.44	115.44000000000001	

var_capacite_W : 
810.9344000000003	349.98959999999977	2866.5576000000005	

covar_capacite_X : 
36.199999999999996	14.299999999999999	144.3	

covar_capacite_W : 
1013.6680000000003	437.48699999999974	3583.1970000000006	

##########	##########	##########	##########	##########	##########	##########	##########	##########	##########	##########	##########	##########	##########	##########	##########	##########	##########	##########	##########	##########	##########	##########	##########	##########	##########	##########	##########	##########	##########	##########	##########	##########	##########	##########	##########	##########	##########	##########	##########	##########	##########	##########	##########	##########	##########	##########	##########	##########	##########	nombre de noeuds : 50
nombre de strates : 3
nombre de centres : 5
titre : fenetre
instances : p5_1
temps de calcul : 0.02793717384338379
valeur objective : 317.0
nombre de solutions : 3
nombre de noeuds : 1.0
faisability : True
centre : [39, 19, 0, 24, 38]
moy_distances :	50.2
min_distances :	1.0
max_distances :	116.0
var_distances :	612.2527240316534
covar_distances :	612.5027251439572
ecartType_distances :	24.743741108240958
coef_variation	: 0.49293527276504157
distances_centre_x :
-1.0	23.0	13.0	22.0	20.0	24.0	14.0	-1.0	12.0	22.0	-1.0	-1.0	17.0	25.0	12.0	25.0	18.0	-1.0	19.0	-1.0	17.0	13.0	9.0	20.0	-1.0	24.0	-1.0	-1.0	17.0	-1.0	1.0	-1.0	-1.0	30.0	-1.0	24.0	-1.0	-1.0	0.0	0.0	-1.0	-1.0	9.0	-1.0	11.0	-1.0	15.0	21.0	-1.0	5.0	
0.0	35.0	13.0	22.0	20.0	24.0	14.0	-1.0	12.0	22.0	-1.0	39.0	17.0	-1.0	34.0	-1.0	-1.0	-1.0	19.0	-1.0	17.0	-1.0	9.0	-1.0	0.0	24.0	13.0	13.0	17.0	18.0	-1.0	4.0	-1.0	30.0	12.0	24.0	21.0	9.0	0.0	-1.0	13.0	30.0	9.0	-1.0	11.0	39.0	-1.0	21.0	27.0	-1.0	
0.0	23.0	-1.0	22.0	20.0	24.0	14.0	15.0	-1.0	22.0	9.0	32.0	17.0	25.0	12.0	-1.0	-1.0	22.0	19.0	0.0	-1.0	-1.0	-1.0	20.0	-1.0	-1.0	13.0	-1.0	17.0	-1.0	1.0	-1.0	33.0	-1.0	12.0	-1.0	21.0	9.0	0.0	0.0	-1.0	-1.0	9.0	36.0	11.0	39.0	-1.0	21.0	27.0	5.0	

distances_centre_w :
-1.0	59.0	33.0	48.0	61.0	46.0	27.0	-1.0	47.0	28.0	-1.0	-1.0	53.0	27.0	34.0	45.0	47.0	-1.0	51.0	-1.0	30.0	62.0	64.0	52.0	-1.0	47.0	-1.0	-1.0	36.0	-1.0	69.0	-1.0	-1.0	42.0	-1.0	67.0	-1.0	-1.0	23.0	23.0	-1.0	-1.0	29.0	-1.0	17.0	-1.0	28.0	57.0	-1.0	25.0	
70.0	66.0	33.0	48.0	61.0	61.0	27.0	-1.0	64.0	58.0	-1.0	54.0	53.0	-1.0	43.0	-1.0	-1.0	-1.0	51.0	-1.0	30.0	-1.0	64.0	-1.0	41.0	47.0	60.0	18.0	64.0	46.0	-1.0	44.0	-1.0	42.0	29.0	40.0	30.0	26.0	23.0	-1.0	37.0	32.0	29.0	-1.0	17.0	45.0	-1.0	57.0	30.0	-1.0	
70.0	35.0	-1.0	48.0	61.0	46.0	27.0	52.0	-1.0	57.0	36.0	39.0	53.0	52.0	43.0	-1.0	-1.0	62.0	51.0	41.0	-1.0	-1.0	-1.0	52.0	-1.0	-1.0	19.0	-1.0	41.0	-1.0	69.0	-1.0	55.0	-1.0	29.0	-1.0	30.0	26.0	23.0	43.0	-1.0	-1.0	29.0	59.0	17.0	45.0	-1.0	57.0	42.0	25.0	

maxX :
30.0	39.0	39.0	

maxW :
69.0	70.0	70.0	

minX :
0.0	0.0	0.0	

minW :
17.0	17.0	17.0	

moyX :
16.066666666666666	18.057142857142857	16.666666666666668	

moyW :
42.56666666666667	44.0	43.45454545454545	

medX :
17.0	17.0	17.0	

medW :
45.5	44.0	43.0	

ecartTypeX :
7.702524838576561	10.155766432758027	10.391332829805712	

ecartTypeW :
14.734728440735589	14.793821103999564	14.077902110175772	

varX :
59.328888888888876	103.13959183673471	107.97979797979798	

varW :
217.11222222222221	218.85714285714286	198.18732782369145	

covarX :
61.37471264367815	106.17310924369748	111.35416666666669	

covarW :
224.5988505747126	225.2941176470588	204.38068181818184	

coef_variationX :
0.47941025966244155	0.5624237739660299	0.6234799697883427	

coef_variationW :
0.3461565021316113	0.336223206909081	0.32396845860237133	

moy_distances_centre :	62.1
min_distances_centre :	23.0
max_distances_centre :	100.0
med_distances_centre :	65.5
ecartType_distances_centre :	23.11471392857805
var_distances_centre :	534.29
covar_distances_centre :	562.4105263157893
coef_variation_distances_centre :	0.37221761559707
capacite_X_temoin : 
163.0	153.0	163.0	166.0	169.0	
166.0	175.0	175.0	171.0	174.0	
159.0	162.0	147.0	148.0	151.0	

capacite_W_temoin : 
152.9	159.9	130.9	135.8	136.7	
144.8	182.5	153.5	102.3	164.2	
118.69999999999999	178.6	75.1	82.4	139.3	

demande_cumulee_X : 
59.0	39.0	81.0	80.0	83.0	
71.0	45.0	74.0	120.0	62.0	
88.0	32.0	116.0	110.0	57.0	

demande_cumulee_W : 
33.0	45.0	85.0	132.0	47.0	
44.0	89.0	59.0	101.0	79.0	
47.0	141.0	65.0	77.0	73.0	

capacite_residuelle_X : 
104.0	114.0	82.0	86.0	86.0	
95.0	130.0	101.0	51.0	112.0	
71.0	130.0	31.0	38.0	94.0	

capacite_residuelle_W : 
119.9	114.9	45.900000000000006	3.8000000000000114	89.69999999999999	
100.80000000000001	93.5	94.5	1.2999999999999972	85.19999999999999	
71.69999999999999	37.599999999999994	10.099999999999994	5.400000000000006	66.30000000000001	

min_capacite_X : 
153.0	166.0	147.0	

min_capacite_W : 
130.9	102.3	75.1	

max_capacite_X : 
169.0	175.0	162.0	

max_capacite_W : 
159.9	182.5	178.6	

moy_capacite_X : 
162.8	172.2	153.4	

moy_capacite_W : 
143.24	149.45999999999998	118.81999999999998	

med_capacite_X : 
163.0	174.0	151.0	

med_capacite_W : 
136.7	153.5	118.69999999999999	

ecartType_capacite_X : 
5.381449618829484	3.429285639896449	6.019966777316964	

ecartType_capacite_W : 
11.146945770030461	26.724565478226207	38.02879961292494	

var_capacite_X : 
28.959999999999997	11.759999999999996	36.239999999999995	

var_capacite_W : 
124.2544	714.2023999999999	1446.1896000000002	

covar_capacite_X : 
36.199999999999996	14.699999999999996	45.3	

covar_capacite_W : 
155.318	892.7529999999999	1807.737	

##########	##########	##########	##########	##########	##########	##########	##########	##########	##########	##########	##########	##########	##########	##########	##########	##########	##########	##########	##########	##########	##########	##########	##########	##########	##########	##########	##########	##########	##########	##########	##########	##########	##########	##########	##########	##########	##########	##########	##########	##########	##########	##########	##########	##########	##########	##########	##########	##########	##########	nombre de noeuds : 50
nombre de strates : 3
nombre de centres : 5
titre : fenetre
instances : p5_1
temps de calcul : 0.025816917419433594
valeur objective : 308.0
nombre de solutions : 3
nombre de noeuds : 1.0
faisability : True
centre : [19, 0, 24, 38, 9]
moy_distances :	50.2
min_distances :	1.0
max_distances :	116.0
var_distances :	612.2527240316534
covar_distances :	612.5027251439572
ecartType_distances :	24.743741108240958
coef_variation	: 0.49293527276504157
distances_centre_x :
-1.0	35.0	33.0	21.0	20.0	24.0	14.0	-1.0	12.0	0.0	-1.0	-1.0	17.0	5.0	10.0	23.0	18.0	-1.0	19.0	-1.0	17.0	13.0	9.0	20.0	-1.0	47.0	-1.0	-1.0	17.0	-1.0	1.0	-1.0	-1.0	27.0	-1.0	24.0	-1.0	-1.0	0.0	23.0	-1.0	-1.0	29.0	-1.0	11.0	-1.0	28.0	21.0	-1.0	25.0	
0.0	35.0	33.0	21.0	20.0	22.0	14.0	-1.0	12.0	0.0	-1.0	32.0	17.0	-1.0	10.0	-1.0	-1.0	-1.0	19.0	-1.0	17.0	-1.0	9.0	-1.0	0.0	47.0	29.0	18.0	15.0	18.0	-1.0	20.0	-1.0	27.0	12.0	24.0	21.0	26.0	0.0	-1.0	37.0	30.0	29.0	-1.0	11.0	45.0	-1.0	21.0	27.0	-1.0	
0.0	35.0	-1.0	22.0	20.0	22.0	14.0	26.0	-1.0	0.0	9.0	32.0	17.0	5.0	12.0	-1.0	-1.0	22.0	19.0	0.0	-1.0	-1.0	-1.0	20.0	-1.0	-1.0	19.0	-1.0	15.0	-1.0	1.0	-1.0	10.0	-1.0	12.0	-1.0	21.0	26.0	0.0	23.0	-1.0	-1.0	29.0	14.0	11.0	37.0	-1.0	21.0	27.0	25.0	

distances_centre_w :
-1.0	59.0	56.0	22.0	40.0	46.0	27.0	-1.0	47.0	22.0	-1.0	-1.0	28.0	25.0	34.0	25.0	31.0	-1.0	51.0	-1.0	47.0	46.0	50.0	52.0	-1.0	49.0	-1.0	-1.0	36.0	-1.0	57.0	-1.0	-1.0	30.0	-1.0	26.0	-1.0	-1.0	28.0	42.0	-1.0	-1.0	37.0	-1.0	39.0	-1.0	29.0	32.0	-1.0	38.0	
58.0	59.0	56.0	22.0	40.0	24.0	27.0	-1.0	47.0	58.0	-1.0	51.0	28.0	-1.0	12.0	-1.0	-1.0	-1.0	41.0	-1.0	26.0	-1.0	50.0	-1.0	22.0	49.0	30.0	44.0	17.0	40.0	-1.0	44.0	-1.0	30.0	29.0	26.0	30.0	52.0	28.0	-1.0	50.0	41.0	37.0	-1.0	39.0	58.0	-1.0	57.0	30.0	-1.0	
58.0	59.0	-1.0	48.0	40.0	24.0	27.0	52.0	-1.0	22.0	16.0	51.0	28.0	25.0	34.0	-1.0	-1.0	43.0	51.0	41.0	-1.0	-1.0	-1.0	37.0	-1.0	-1.0	30.0	-1.0	17.0	-1.0	57.0	-1.0	25.0	-1.0	29.0	-1.0	30.0	49.0	41.0	42.0	-1.0	-1.0	37.0	36.0	39.0	39.0	-1.0	57.0	30.0	38.0	

maxX :
47.0	47.0	37.0	

maxW :
59.0	59.0	59.0	

minX :
0.0	0.0	0.0	

minW :
22.0	12.0	16.0	

moyX :
18.766666666666666	20.514285714285716	17.151515151515152	

moyW :
38.36666666666667	38.628571428571426	37.93939393939394	

medX :
19.5	20.0	19.0	

medW :
37.5	40.0	38.0	

ecartTypeX :
10.355943006581079	11.598944357314663	10.096867837530523	

ecartTypeW :
10.998434231996642	13.13465582622816	11.824318531044385	

varX :
107.24555555555555	134.53551020408165	101.9467401285583	

varW :
120.96555555555555	172.51918367346937	139.81450872359963	

covarX :
110.94367816091953	138.4924369747899	105.13257575757576	

covarW :
125.13678160919542	177.59327731092435	144.18371212121212	

coef_variationX :
0.5518264479528107	0.565408151122581	0.5886866407040764	

coef_variationW :
0.2866664004864459	0.3400243741996935	0.311663347862991	

moy_distances_centre :	55.9
min_distances_centre :	22.0
max_distances_centre :	84.0
med_distances_centre :	57.5
ecartType_distances_centre :	21.073443002983637
var_distances_centre :	444.09000000000003
covar_distances_centre :	467.46315789473687
coef_variation_distances_centre :	0.3769846691052529
capacite_X_temoin : 
163.0	154.0	153.0	163.0	166.0	
166.0	150.0	175.0	175.0	171.0	
159.0	166.0	162.0	147.0	148.0	

capacite_W_temoin : 
156.9	135.2	159.9	181.9	62.8	
172.8	142.0	158.5	186.5	56.3	
139.7	138.8	178.6	100.1	56.4	

demande_cumulee_X : 
55.0	65.0	39.0	30.0	153.0	
43.0	53.0	69.0	41.0	166.0	
67.0	77.0	32.0	91.0	136.0	

demande_cumulee_W : 
5.0	128.0	27.0	127.0	55.0	
31.0	142.0	61.0	91.0	47.0	
45.0	135.0	72.0	95.0	56.0	

capacite_residuelle_X : 
108.0	89.0	114.0	133.0	13.0	
123.0	97.0	106.0	134.0	5.0	
92.0	89.0	130.0	56.0	12.0	

capacite_residuelle_W : 
151.9	7.199999999999989	132.9	54.900000000000006	7.799999999999997	
141.8	0.0	97.5	95.5	9.299999999999997	
94.69999999999999	3.8000000000000114	106.6	5.099999999999994	0.3999999999999986	

min_capacite_X : 
153.0	150.0	147.0	

min_capacite_W : 
62.8	56.3	56.4	

max_capacite_X : 
166.0	175.0	166.0	

max_capacite_W : 
181.9	186.5	178.6	

moy_capacite_X : 
159.8	167.4	156.4	

moy_capacite_W : 
139.33999999999997	143.21999999999997	122.72	

med_capacite_X : 
163.0	171.0	159.0	

med_capacite_W : 
156.9	158.5	138.8	

ecartType_capacite_X : 
5.268775948927796	9.308061022576078	7.605261336732618	

ecartType_capacite_W : 
41.03152934025248	45.90901436537274	41.42334607440592	

var_capacite_X : 
27.759999999999998	86.64000000000001	57.84000000000001	

var_capacite_W : 
1683.5864000000001	2107.6376000000005	1715.8936	

covar_capacite_X : 
34.699999999999996	108.30000000000003	72.30000000000001	

covar_capacite_W : 
2104.483	2634.5470000000005	2144.867	

##########	##########	##########	##########	##########	##########	##########	##########	##########	##########	##########	##########	##########	##########	##########	##########	##########	##########	##########	##########	##########	##########	##########	##########	##########	##########	##########	##########	##########	##########	##########	##########	##########	##########	##########	##########	##########	##########	##########	##########	##########	##########	##########	##########	##########	##########	##########	##########	##########	##########	nombre de noeuds : 50
nombre de strates : 3
nombre de centres : 5
titre : fenetre
instances : p5_1
temps de calcul : 0.025552034378051758
valeur objective : 325.0
nombre de solutions : 3
nombre de noeuds : 1.0
faisability : True
centre : [0, 24, 38, 9, 46]
moy_distances :	50.2
min_distances :	1.0
max_distances :	116.0
var_distances :	612.2527240316534
covar_distances :	612.5027251439572
ecartType_distances :	24.743741108240958
coef_variation	: 0.49293527276504157
distances_centre_x :
-1.0	38.0	28.0	22.0	20.0	22.0	14.0	-1.0	47.0	0.0	-1.0	-1.0	17.0	5.0	12.0	23.0	31.0	-1.0	19.0	-1.0	17.0	13.0	9.0	20.0	-1.0	23.0	-1.0	-1.0	15.0	-1.0	1.0	-1.0	-1.0	30.0	-1.0	26.0	-1.0	-1.0	0.0	15.0	-1.0	-1.0	8.0	-1.0	11.0	-1.0	0.0	21.0	-1.0	10.0	
0.0	35.0	28.0	21.0	20.0	22.0	14.0	-1.0	47.0	0.0	-1.0	26.0	28.0	-1.0	10.0	-1.0	-1.0	-1.0	19.0	-1.0	17.0	-1.0	9.0	-1.0	0.0	23.0	9.0	18.0	15.0	18.0	-1.0	17.0	-1.0	30.0	29.0	26.0	21.0	24.0	0.0	-1.0	21.0	30.0	8.0	-1.0	11.0	39.0	-1.0	21.0	30.0	-1.0	
0.0	35.0	-1.0	21.0	20.0	22.0	14.0	24.0	-1.0	0.0	9.0	26.0	17.0	5.0	12.0	-1.0	-1.0	22.0	19.0	41.0	-1.0	-1.0	-1.0	20.0	-1.0	-1.0	9.0	-1.0	15.0	-1.0	1.0	-1.0	25.0	-1.0	29.0	-1.0	21.0	24.0	28.0	15.0	-1.0	-1.0	8.0	14.0	11.0	37.0	-1.0	21.0	30.0	10.0	

distances_centre_w :
-1.0	61.0	33.0	49.0	40.0	50.0	54.0	-1.0	66.0	22.0	-1.0	-1.0	28.0	25.0	32.0	25.0	55.0	-1.0	41.0	-1.0	26.0	46.0	50.0	37.0	-1.0	47.0	-1.0	-1.0	36.0	-1.0	57.0	-1.0	-1.0	51.0	-1.0	51.0	-1.0	-1.0	28.0	23.0	-1.0	-1.0	29.0	-1.0	28.0	-1.0	28.0	32.0	-1.0	25.0	
58.0	61.0	33.0	22.0	40.0	46.0	37.0	-1.0	66.0	58.0	-1.0	32.0	47.0	-1.0	12.0	-1.0	-1.0	-1.0	41.0	-1.0	44.0	-1.0	50.0	-1.0	22.0	47.0	19.0	27.0	36.0	31.0	-1.0	20.0	-1.0	63.0	47.0	51.0	45.0	26.0	28.0	-1.0	37.0	46.0	29.0	-1.0	28.0	58.0	-1.0	32.0	54.0	-1.0	
58.0	38.0	-1.0	22.0	46.0	46.0	42.0	26.0	-1.0	22.0	31.0	51.0	28.0	25.0	32.0	-1.0	-1.0	43.0	41.0	57.0	-1.0	-1.0	-1.0	37.0	-1.0	-1.0	30.0	-1.0	17.0	-1.0	57.0	-1.0	55.0	-1.0	47.0	-1.0	45.0	26.0	28.0	23.0	-1.0	-1.0	29.0	21.0	28.0	39.0	-1.0	57.0	54.0	25.0	

maxX :
47.0	47.0	41.0	

maxW :
66.0	66.0	58.0	

minX :
0.0	0.0	0.0	

minW :
22.0	12.0	17.0	

moyX :
17.233333333333334	19.6	18.333333333333332	

moyW :
39.166666666666664	39.8	37.15151515151515	

medX :
17.0	21.0	20.0	

medW :
36.5	40.0	37.0	

ecartTypeX :
10.9869114050411	10.926246251245537	10.092501466860723	

ecartTypeW :
12.646694781202276	13.767041387728469	12.4392370713174	

varX :
120.71222222222222	119.38285714285716	101.85858585858585	

varW :
159.9388888888889	189.53142857142862	154.7346189164371	

covarX :
124.87471264367817	122.89411764705883	105.04166666666667	

covarW :
165.45402298850576	195.1058823529412	159.57007575757578	

coef_variationX :
0.6375383794027717	0.5574615434308947	0.5505000800105849	

coef_variationW :
0.3228943348392071	0.34590556250574045	0.33482448886906546	

moy_distances_centre :	48.5
min_distances_centre :	22.0
max_distances_centre :	93.0
med_distances_centre :	38.0
ecartType_distances_centre :	23.980200165970256
var_distances_centre :	575.05
covar_distances_centre :	605.3157894736842
coef_variation_distances_centre :	0.494437116824129
capacite_X_temoin : 
163.0	154.0	163.0	166.0	151.0	
166.0	150.0	175.0	171.0	156.0	
159.0	166.0	147.0	148.0	159.0	

capacite_W_temoin : 
152.9	157.2	161.9	108.8	113.3	
144.8	147.0	192.5	51.3	155.8	
139.7	127.8	138.1	93.4	110.69999999999999	

demande_cumulee_X : 
59.0	43.0	50.0	107.0	83.0	
71.0	48.0	35.0	171.0	47.0	
67.0	88.0	53.0	99.0	96.0	

demande_cumulee_W : 
0.0	153.0	53.0	106.0	30.0	
21.0	134.0	51.0	44.0	122.0	
35.0	114.0	60.0	93.0	101.0	

capacite_residuelle_X : 
104.0	111.0	113.0	59.0	68.0	
95.0	102.0	140.0	0.0	109.0	
92.0	78.0	94.0	49.0	63.0	

capacite_residuelle_W : 
152.9	4.199999999999989	108.9	2.799999999999997	83.3	
123.80000000000001	13.0	141.5	7.299999999999997	33.80000000000001	
104.69999999999999	13.799999999999997	78.1	0.4000000000000057	9.699999999999989	

min_capacite_X : 
151.0	150.0	147.0	

min_capacite_W : 
108.8	51.3	93.4	

max_capacite_X : 
166.0	175.0	166.0	

max_capacite_W : 
161.9	192.5	139.7	

moy_capacite_X : 
159.4	163.6	155.8	

moy_capacite_W : 
138.82	138.28000000000003	121.94000000000001	

med_capacite_X : 
163.0	166.0	159.0	

med_capacite_W : 
152.9	147.0	127.8	

ecartType_capacite_X : 
5.817215828899594	9.308061022576076	7.249827584156743	

ecartType_capacite_W : 
22.896410198980977	46.756449822457654	17.616878270567685	

var_capacite_X : 
33.839999999999996	86.64	52.56	

var_capacite_W : 
524.2456000000001	2186.1656000000003	310.3543999999998	

covar_capacite_X : 
42.3	108.3	65.7	

covar_capacite_W : 
655.3070000000001	2732.7070000000003	387.9429999999998	

##########	##########	##########	##########	##########	##########	##########	##########	##########	##########	##########	##########	##########	##########	##########	##########	##########	##########	##########	##########	##########	##########	##########	##########	##########	##########	##########	##########	##########	##########	##########	##########	##########	##########	##########	##########	##########	##########	##########	##########	##########	##########	##########	##########	##########	##########	##########	##########	##########	##########	nombre de noeuds : 50
nombre de strates : 3
nombre de centres : 5
titre : fenetre
instances : p5_1
temps de calcul : 0.023643970489501953
valeur objective : 382.0
nombre de solutions : 3
nombre de noeuds : 1.0
faisability : True
centre : [24, 38, 9, 46, 31]
moy_distances :	50.2
min_distances :	1.0
max_distances :	116.0
var_distances :	612.2527240316534
covar_distances :	612.5027251439572
ecartType_distances :	24.743741108240958
coef_variation	: 0.49293527276504157
distances_centre_x :
-1.0	22.0	15.0	21.0	20.0	22.0	14.0	-1.0	47.0	0.0	-1.0	-1.0	17.0	5.0	10.0	51.0	31.0	-1.0	41.0	-1.0	17.0	46.0	50.0	52.0	-1.0	28.0	-1.0	-1.0	15.0	-1.0	57.0	-1.0	-1.0	27.0	-1.0	26.0	-1.0	-1.0	0.0	4.0	-1.0	-1.0	8.0	-1.0	11.0	-1.0	0.0	21.0	-1.0	8.0	
58.0	22.0	15.0	21.0	20.0	22.0	14.0	-1.0	47.0	0.0	-1.0	32.0	17.0	-1.0	10.0	-1.0	-1.0	-1.0	41.0	-1.0	17.0	-1.0	50.0	-1.0	0.0	23.0	19.0	9.0	15.0	18.0	-1.0	0.0	-1.0	27.0	57.0	26.0	21.0	8.0	0.0	-1.0	17.0	29.0	8.0	-1.0	11.0	37.0	-1.0	21.0	30.0	-1.0	
58.0	22.0	-1.0	21.0	20.0	22.0	14.0	15.0	-1.0	0.0	9.0	26.0	17.0	25.0	10.0	-1.0	-1.0	43.0	41.0	41.0	-1.0	-1.0	-1.0	37.0	-1.0	-1.0	9.0	-1.0	15.0	-1.0	57.0	-1.0	10.0	-1.0	29.0	-1.0	29.0	8.0	0.0	4.0	-1.0	-1.0	12.0	14.0	11.0	37.0	-1.0	50.0	30.0	8.0	

distances_centre_w :
-1.0	61.0	28.0	22.0	40.0	24.0	31.0	-1.0	60.0	22.0	-1.0	-1.0	28.0	25.0	32.0	62.0	43.0	-1.0	51.0	-1.0	26.0	62.0	64.0	61.0	-1.0	47.0	-1.0	-1.0	17.0	-1.0	69.0	-1.0	-1.0	42.0	-1.0	36.0	-1.0	-1.0	20.0	15.0	-1.0	-1.0	29.0	-1.0	13.0	-1.0	17.0	50.0	-1.0	10.0	
70.0	38.0	28.0	22.0	40.0	24.0	31.0	-1.0	60.0	22.0	-1.0	43.0	60.0	-1.0	12.0	-1.0	-1.0	-1.0	51.0	-1.0	26.0	-1.0	64.0	-1.0	22.0	28.0	30.0	51.0	37.0	40.0	-1.0	44.0	-1.0	42.0	66.0	67.0	29.0	24.0	41.0	-1.0	21.0	30.0	12.0	-1.0	13.0	48.0	-1.0	64.0	38.0	-1.0	
70.0	38.0	-1.0	22.0	40.0	24.0	54.0	24.0	-1.0	22.0	16.0	32.0	28.0	37.0	12.0	-1.0	-1.0	62.0	51.0	70.0	-1.0	-1.0	-1.0	52.0	-1.0	-1.0	14.0	-1.0	17.0	-1.0	69.0	-1.0	25.0	-1.0	66.0	-1.0	62.0	49.0	20.0	15.0	-1.0	-1.0	41.0	21.0	13.0	48.0	-1.0	64.0	38.0	10.0	

maxX :
57.0	58.0	58.0	

maxW :
69.0	70.0	70.0	

minX :
0.0	0.0	0.0	

minW :
10.0	12.0	10.0	

moyX :
22.866666666666667	21.771428571428572	22.545454545454547	

moyW :
36.9	38.22857142857143	37.15151515151515	

medX :
20.5	20.0	20.0	

medW :
31.5	38.0	37.0	

ecartTypeX :
16.720712371852528	14.928564593299871	15.454901956672456	

ecartTypeW :
17.577163214428737	16.49949906475209	19.376839051912206	

varX :
279.58222222222224	222.86204081632653	238.85399449035813	

varW :
308.9566666666667	272.23346938775506	375.4618916437099	

covarX :
289.2229885057472	229.4168067226891	246.31818181818184	

covarW :
319.6103448275863	280.24033613445374	387.19507575757575	

coef_variationX :
0.7312264885649793	0.6856952241017001	0.6854996835620847	

coef_variationW :
0.47634588656988447	0.43160124608843287	0.5215625519682732	

moy_distances_centre :	30.5
min_distances_centre :	17.0
max_distances_centre :	44.0
med_distances_centre :	28.5
ecartType_distances_centre :	8.958236433584458
var_distances_centre :	80.25
covar_distances_centre :	84.47368421052632
coef_variation_distances_centre :	0.2937126699535888
capacite_X_temoin : 
154.0	163.0	150.0	166.0	151.0	
150.0	175.0	169.0	171.0	156.0	
166.0	147.0	145.0	148.0	159.0	

capacite_W_temoin : 
91.19999999999999	177.9	135.0	108.8	164.3	
79.0	186.5	152.7	89.3	187.8	
58.8	153.1	112.5	75.4	191.7	

demande_cumulee_X : 
109.0	34.0	60.0	107.0	32.0	
116.0	41.0	67.0	133.0	15.0	
157.0	38.0	76.0	117.0	15.0	

demande_cumulee_W : 
45.0	91.0	119.0	25.0	62.0	
48.0	159.0	94.0	39.0	32.0	
50.0	148.0	58.0	66.0	81.0	

capacite_residuelle_X : 
45.0	129.0	90.0	59.0	119.0	
34.0	134.0	102.0	38.0	141.0	
9.0	109.0	69.0	31.0	144.0	

capacite_residuelle_W : 
46.19999999999999	86.9	16.0	83.8	102.30000000000001	
31.0	27.5	58.69999999999999	50.3	155.8	
8.799999999999997	5.099999999999994	54.5	9.400000000000006	110.69999999999999	

min_capacite_X : 
150.0	150.0	145.0	

min_capacite_W : 
91.19999999999999	79.0	58.8	

max_capacite_X : 
166.0	175.0	166.0	

max_capacite_W : 
177.9	187.8	191.7	

moy_capacite_X : 
156.8	164.2	153.0	

moy_capacite_W : 
135.44	139.06	118.3	

med_capacite_X : 
154.0	169.0	148.0	

med_capacite_W : 
135.0	152.7	112.5	

ecartType_capacite_X : 
6.49307323229917	9.53729521405309	8.12403840463596	

ecartType_capacite_W : 
32.566277036222615	46.68072835764241	49.0161197974707	

var_capacite_X : 
42.16	90.96	66.0	

var_capacite_W : 
1060.5624000000005	2179.0904	2402.5799999999995	

covar_capacite_X : 
52.699999999999996	113.69999999999999	82.5	

covar_capacite_W : 
1325.7030000000007	2723.8630000000003	3003.2249999999995	

##########	##########	##########	##########	##########	##########	##########	##########	##########	##########	##########	##########	##########	##########	##########	##########	##########	##########	##########	##########	##########	##########	##########	##########	##########	##########	##########	##########	##########	##########	##########	##########	##########	##########	##########	##########	##########	##########	##########	##########	##########	##########	##########	##########	##########	##########	##########	##########	##########	##########	nombre de noeuds : 50
nombre de strates : 3
nombre de centres : 5
titre : fenetre
instances : p5_1
temps de calcul : 0.023645877838134766
valeur objective : 415.0
nombre de solutions : 3
nombre de noeuds : 1.0
faisability : True
centre : [38, 9, 46, 31, 6]
moy_distances :	50.2
min_distances :	1.0
max_distances :	116.0
var_distances :	612.2527240316534
covar_distances :	612.5027251439572
ecartType_distances :	24.743741108240958
coef_variation	: 0.49293527276504157
distances_centre_x :
-1.0	22.0	15.0	21.0	40.0	50.0	0.0	-1.0	32.0	0.0	-1.0	-1.0	28.0	5.0	10.0	51.0	18.0	-1.0	41.0	-1.0	13.0	46.0	50.0	37.0	-1.0	23.0	-1.0	-1.0	22.0	-1.0	57.0	-1.0	-1.0	27.0	-1.0	14.0	-1.0	-1.0	0.0	4.0	-1.0	-1.0	8.0	-1.0	11.0	-1.0	0.0	32.0	-1.0	8.0	
58.0	22.0	15.0	21.0	40.0	50.0	0.0	-1.0	32.0	0.0	-1.0	26.0	28.0	-1.0	10.0	-1.0	-1.0	-1.0	41.0	-1.0	13.0	-1.0	50.0	-1.0	22.0	28.0	9.0	9.0	15.0	31.0	-1.0	0.0	-1.0	27.0	14.0	14.0	12.0	8.0	0.0	-1.0	17.0	25.0	12.0	-1.0	11.0	37.0	-1.0	50.0	20.0	-1.0	
58.0	22.0	-1.0	21.0	46.0	50.0	0.0	14.0	-1.0	0.0	24.0	26.0	28.0	5.0	32.0	-1.0	-1.0	43.0	41.0	27.0	-1.0	-1.0	-1.0	37.0	-1.0	-1.0	9.0	-1.0	17.0	-1.0	57.0	-1.0	25.0	-1.0	14.0	-1.0	12.0	8.0	0.0	4.0	-1.0	-1.0	8.0	21.0	13.0	37.0	-1.0	32.0	20.0	8.0	

distances_centre_w :
-1.0	35.0	28.0	48.0	46.0	61.0	14.0	-1.0	66.0	28.0	-1.0	-1.0	47.0	25.0	32.0	59.0	31.0	-1.0	67.0	-1.0	17.0	68.0	72.0	61.0	-1.0	28.0	-1.0	-1.0	35.0	-1.0	80.0	-1.0	-1.0	51.0	-1.0	26.0	-1.0	-1.0	14.0	15.0	-1.0	-1.0	12.0	-1.0	13.0	-1.0	17.0	50.0	-1.0	10.0	
81.0	35.0	56.0	48.0	46.0	61.0	14.0	-1.0	60.0	28.0	-1.0	43.0	64.0	-1.0	32.0	-1.0	-1.0	-1.0	67.0	-1.0	17.0	-1.0	72.0	-1.0	29.0	47.0	14.0	18.0	22.0	40.0	-1.0	31.0	-1.0	51.0	29.0	26.0	21.0	24.0	14.0	-1.0	21.0	29.0	29.0	-1.0	13.0	45.0	-1.0	68.0	30.0	-1.0	
81.0	35.0	-1.0	48.0	61.0	61.0	42.0	15.0	-1.0	28.0	44.0	43.0	53.0	25.0	45.0	-1.0	-1.0	80.0	67.0	41.0	-1.0	-1.0	-1.0	77.0	-1.0	-1.0	19.0	-1.0	22.0	-1.0	80.0	-1.0	31.0	-1.0	57.0	-1.0	48.0	34.0	14.0	15.0	-1.0	-1.0	12.0	40.0	18.0	45.0	-1.0	50.0	54.0	40.0	

maxX :
57.0	58.0	58.0	

maxW :
80.0	81.0	81.0	

minX :
0.0	0.0	0.0	

minW :
10.0	13.0	12.0	

moyX :
22.833333333333332	21.914285714285715	23.0	

moyW :
38.53333333333333	37.857142857142854	43.18181818181818	

medX :
21.5	20.0	21.0	

medW :
33.5	31.0	43.0	

ecartTypeX :
17.105717043010955	15.243493091567073	16.098183597894362	

ecartTypeW :
20.702227470062788	18.670286335156586	19.816513691263484	

varX :
292.6055555555555	232.36408163265307	259.1515151515151	

varW :
428.58222222222224	348.5795918367347	392.6942148760331	

covarX :
302.69540229885047	239.1983193277311	267.25	

covarW :
443.3609195402299	358.83193277310926	404.9659090909091	

coef_variationX :
0.7491554909347864	0.695596164543478	0.6999210259954071	

coef_variationW :
0.5372550381504184	0.4931773748909287	0.45890873811347016	

moy_distances_centre :	29.3
min_distances_centre :	14.0
max_distances_centre :	42.0
med_distances_centre :	29.5
ecartType_distances_centre :	9.317188417113824
var_distances_centre :	86.81
covar_distances_centre :	91.37894736842105
coef_variation_distances_centre :	0.31799277874108617
capacite_X_temoin : 
154.0	154.0	150.0	166.0	151.0	
166.0	150.0	169.0	171.0	156.0	
144.0	166.0	145.0	148.0	159.0	

capacite_W_temoin : 
120.19999999999999	60.199999999999996	141.0	185.8	158.3	
94.8	53.0	159.7	191.3	184.8	
108.19999999999999	50.8	128.5	144.4	155.7	

demande_cumulee_X : 
80.0	140.0	54.0	30.0	38.0	
121.0	142.0	60.0	31.0	18.0	
79.0	165.0	60.0	48.0	51.0	

demande_cumulee_W : 
54.0	7.0	41.0	142.0	98.0	
77.0	17.0	39.0	181.0	58.0	
94.0	39.0	33.0	132.0	105.0	

capacite_residuelle_X : 
74.0	14.0	96.0	136.0	113.0	
45.0	8.0	109.0	140.0	138.0	
65.0	1.0	85.0	100.0	108.0	

capacite_residuelle_W : 
66.19999999999999	53.199999999999996	100.0	43.80000000000001	60.30000000000001	
17.799999999999997	36.0	120.69999999999999	10.300000000000011	126.80000000000001	
14.199999999999989	11.799999999999997	95.5	12.400000000000006	50.69999999999999	

min_capacite_X : 
150.0	150.0	144.0	

min_capacite_W : 
60.199999999999996	53.0	50.8	

max_capacite_X : 
166.0	171.0	166.0	

max_capacite_W : 
185.8	191.3	155.7	

moy_capacite_X : 
155.0	162.4	152.4	

moy_capacite_W : 
133.1	136.72	117.51999999999998	

med_capacite_X : 
154.0	166.0	148.0	

med_capacite_W : 
141.0	159.7	128.5	

ecartType_capacite_X : 
5.727128425310541	8.06473806146238	8.639444426582072	

ecartType_capacite_W : 
42.32153116322708	54.0093843697556	36.98439670996406	

var_capacite_X : 
32.8	65.03999999999999	74.64000000000001	

var_capacite_W : 
1791.1120000000005	2917.0136000000007	1367.8456	

covar_capacite_X : 
41.0	81.3	93.30000000000001	

covar_capacite_W : 
2238.890000000001	3646.2670000000007	1709.807	

##########	##########	##########	##########	##########	##########	##########	##########	##########	##########	##########	##########	##########	##########	##########	##########	##########	##########	##########	##########	##########	##########	##########	##########	##########	##########	##########	##########	##########	##########	##########	##########	##########	##########	##########	##########	##########	##########	##########	##########	##########	##########	##########	##########	##########	##########	##########	##########	##########	##########	nombre de noeuds : 50
nombre de strates : 3
nombre de centres : 5
titre : fenetre
instances : p5_1
temps de calcul : 0.028172969818115234
valeur objective : 298.0
nombre de solutions : 3
nombre de noeuds : 1.0
faisability : True
centre : [9, 46, 31, 6, 30]
moy_distances :	50.2
min_distances :	1.0
max_distances :	116.0
var_distances :	612.2527240316534
covar_distances :	612.5027251439572
ecartType_distances :	24.743741108240958
coef_variation	: 0.49293527276504157
distances_centre_x :
-1.0	22.0	15.0	21.0	40.0	22.0	0.0	-1.0	32.0	0.0	-1.0	-1.0	28.0	5.0	10.0	23.0	18.0	-1.0	18.0	-1.0	13.0	13.0	9.0	19.0	-1.0	23.0	-1.0	-1.0	22.0	-1.0	0.0	-1.0	-1.0	27.0	-1.0	14.0	-1.0	-1.0	14.0	4.0	-1.0	-1.0	8.0	-1.0	13.0	-1.0	0.0	32.0	-1.0	8.0	
1.0	22.0	15.0	21.0	40.0	22.0	0.0	-1.0	32.0	0.0	-1.0	26.0	28.0	-1.0	32.0	-1.0	-1.0	-1.0	18.0	-1.0	13.0	-1.0	9.0	-1.0	22.0	23.0	14.0	9.0	15.0	31.0	-1.0	0.0	-1.0	27.0	14.0	14.0	12.0	8.0	14.0	-1.0	17.0	25.0	8.0	-1.0	13.0	37.0	-1.0	32.0	20.0	-1.0	
1.0	22.0	-1.0	21.0	40.0	22.0	0.0	14.0	-1.0	35.0	16.0	26.0	28.0	5.0	10.0	-1.0	-1.0	22.0	18.0	27.0	-1.0	-1.0	-1.0	19.0	-1.0	-1.0	9.0	-1.0	22.0	-1.0	0.0	-1.0	10.0	-1.0	14.0	-1.0	12.0	8.0	14.0	4.0	-1.0	-1.0	8.0	14.0	13.0	37.0	-1.0	32.0	20.0	8.0	

distances_centre_w :
-1.0	38.0	28.0	47.0	46.0	45.0	31.0	-1.0	60.0	35.0	-1.0	-1.0	47.0	33.0	32.0	44.0	43.0	-1.0	41.0	-1.0	26.0	46.0	50.0	37.0	-1.0	28.0	-1.0	-1.0	35.0	-1.0	57.0	-1.0	-1.0	55.0	-1.0	36.0	-1.0	-1.0	20.0	15.0	-1.0	-1.0	41.0	-1.0	18.0	-1.0	17.0	50.0	-1.0	10.0	
58.0	38.0	28.0	47.0	46.0	45.0	31.0	-1.0	60.0	35.0	-1.0	43.0	47.0	-1.0	45.0	-1.0	-1.0	-1.0	41.0	-1.0	26.0	-1.0	50.0	-1.0	29.0	28.0	33.0	24.0	22.0	49.0	-1.0	41.0	-1.0	29.0	45.0	36.0	29.0	24.0	20.0	-1.0	21.0	29.0	41.0	-1.0	18.0	39.0	-1.0	50.0	38.0	-1.0	
58.0	38.0	-1.0	47.0	46.0	45.0	31.0	24.0	-1.0	37.0	24.0	43.0	47.0	33.0	32.0	-1.0	-1.0	43.0	41.0	57.0	-1.0	-1.0	-1.0	37.0	-1.0	-1.0	14.0	-1.0	37.0	-1.0	57.0	-1.0	31.0	-1.0	45.0	-1.0	29.0	24.0	20.0	15.0	-1.0	-1.0	12.0	25.0	18.0	39.0	-1.0	50.0	38.0	10.0	

maxX :
40.0	40.0	40.0	

maxW :
60.0	60.0	58.0	

minX :
0.0	0.0	0.0	

minW :
10.0	18.0	10.0	

moyX :
15.766666666666667	18.114285714285714	16.696969696969695	

moyW :
37.03333333333333	36.714285714285715	34.75757575757576	

medX :
14.5	17.0	14.0	

medW :
37.5	38.0	37.0	

ecartTypeX :
10.226382003860843	10.383424782030332	10.352820867192316	

ecartTypeW :
12.605510258965676	10.79304386715663	13.017541319382726	

varX :
104.57888888888893	107.81551020408163	107.18089990817263	

varW :
158.8988888888889	116.48979591836735	169.45638200183654	

covarX :
108.18505747126437	110.98655462184874	110.53030303030302	

covarW :
164.37816091954022	119.91596638655463	174.75189393939394	

coef_variationX :
0.6486077380884255	0.5732174564212329	0.6200419031167812	

coef_variationW :
0.34038281527360065	0.29397395747119226	0.3745238566169398	

moy_distances_centre :	53.0
min_distances_centre :	17.0
max_distances_centre :	97.0
med_distances_centre :	41.5
ecartType_distances_centre :	26.23356628443796
var_distances_centre :	688.2
covar_distances_centre :	724.421052631579
coef_variation_distances_centre :	0.49497294876298037
capacite_X_temoin : 
154.0	154.0	163.0	150.0	151.0	
166.0	150.0	144.0	169.0	156.0	
144.0	166.0	157.0	145.0	159.0	

capacite_W_temoin : 
100.19999999999999	105.19999999999999	156.9	132.0	167.3	
74.8	95.0	144.2	153.7	180.8	
83.19999999999999	73.8	137.1	128.5	176.7	

demande_cumulee_X : 
100.0	95.0	55.0	63.0	29.0	
141.0	100.0	43.0	66.0	22.0	
104.0	142.0	67.0	60.0	30.0	

demande_cumulee_W : 
29.0	75.0	25.0	109.0	104.0	
40.0	70.0	44.0	134.0	84.0	
62.0	67.0	38.0	111.0	125.0	

capacite_residuelle_X : 
54.0	59.0	108.0	87.0	122.0	
25.0	50.0	101.0	103.0	134.0	
40.0	24.0	90.0	85.0	129.0	

capacite_residuelle_W : 
71.19999999999999	30.19999999999999	131.9	23.0	63.30000000000001	
34.8	25.0	100.19999999999999	19.69999999999999	96.80000000000001	
21.19999999999999	6.799999999999997	99.1	17.5	51.69999999999999	

min_capacite_X : 
150.0	144.0	144.0	

min_capacite_W : 
100.19999999999999	74.8	73.8	

max_capacite_X : 
163.0	169.0	166.0	

max_capacite_W : 
167.3	180.8	176.7	

moy_capacite_X : 
154.4	157.0	154.2	

moy_capacite_W : 
132.32	129.7	119.85999999999999	

med_capacite_X : 
154.0	156.0	157.0	

med_capacite_W : 
132.0	144.2	128.5	

ecartType_capacite_X : 
4.586937976471886	9.423375191511797	8.471127433818948	

ecartType_capacite_W : 
26.81442895159247	39.027067530113	37.59822336228136	

var_capacite_X : 
21.04	88.8	71.76	

var_capacite_W : 
719.0136000000005	1523.1120000000003	1413.6263999999999	

covar_capacite_X : 
26.299999999999997	111.0	89.7	

covar_capacite_W : 
898.7670000000006	1903.8900000000003	1767.033	

##########	##########	##########	##########	##########	##########	##########	##########	##########	##########	##########	##########	##########	##########	##########	##########	##########	##########	##########	##########	##########	##########	##########	##########	##########	##########	##########	##########	##########	##########	##########	##########	##########	##########	##########	##########	##########	##########	##########	##########	##########	##########	##########	##########	##########	##########	##########	##########	##########	##########	