nombre de noeuds : 50
nombre de strates : 3
nombre de centres : 5
titre : fenetre
instances : p6_1
temps de calcul : 0.027552127838134766
valeur objective : 396.0
nombre de solutions : 3
nombre de noeuds : 1.0
faisability : True
centre : [2, 39, 19, 0, 24]
moy_distances :	51.41
min_distances :	1.0
max_distances :	115.0
var_distances :	573.5828498125782
covar_distances :	573.8170608578263
ecartType_distances :	23.949589762928678
coef_variation	: 0.4658269551068994
distances_centre_x :
-1.0	41.0	0.0	15.0	47.0	21.0	29.0	-1.0	27.0	41.0	-1.0	-1.0	35.0	18.0	51.0	8.0	13.0	-1.0	18.0	-1.0	21.0	11.0	28.0	33.0	-1.0	14.0	-1.0	-1.0	15.0	-1.0	19.0	-1.0	-1.0	36.0	-1.0	28.0	-1.0	-1.0	49.0	15.0	-1.0	-1.0	20.0	-1.0	24.0	-1.0	12.0	52.0	-1.0	31.0	
0.0	41.0	0.0	15.0	47.0	21.0	29.0	-1.0	27.0	41.0	-1.0	19.0	35.0	-1.0	51.0	-1.0	-1.0	-1.0	18.0	-1.0	21.0	-1.0	28.0	-1.0	0.0	14.0	14.0	11.0	15.0	12.0	-1.0	14.0	-1.0	36.0	26.0	28.0	10.0	28.0	49.0	-1.0	22.0	20.0	20.0	-1.0	17.0	31.0	-1.0	52.0	18.0	-1.0	
0.0	41.0	-1.0	15.0	47.0	21.0	29.0	23.0	-1.0	41.0	10.0	19.0	35.0	15.0	51.0	-1.0	-1.0	16.0	18.0	0.0	-1.0	-1.0	-1.0	33.0	-1.0	-1.0	14.0	-1.0	15.0	-1.0	19.0	-1.0	7.0	-1.0	26.0	-1.0	10.0	28.0	49.0	0.0	-1.0	-1.0	20.0	47.0	24.0	31.0	-1.0	52.0	12.0	31.0	

distances_centre_w :
-1.0	50.0	15.0	27.0	80.0	32.0	31.0	-1.0	32.0	64.0	-1.0	-1.0	73.0	47.0	54.0	38.0	38.0	-1.0	20.0	-1.0	51.0	62.0	33.0	48.0	-1.0	22.0	-1.0	-1.0	34.0	-1.0	23.0	-1.0	-1.0	53.0	-1.0	53.0	-1.0	-1.0	57.0	41.0	-1.0	-1.0	26.0	-1.0	45.0	-1.0	20.0	61.0	-1.0	70.0	
40.0	50.0	42.0	27.0	80.0	21.0	69.0	-1.0	65.0	74.0	-1.0	23.0	68.0	-1.0	54.0	-1.0	-1.0	-1.0	20.0	-1.0	51.0	-1.0	66.0	-1.0	61.0	22.0	15.0	30.0	20.0	52.0	-1.0	69.0	-1.0	53.0	55.0	53.0	38.0	46.0	57.0	-1.0	51.0	27.0	30.0	-1.0	24.0	51.0	-1.0	61.0	46.0	-1.0	
29.0	50.0	-1.0	27.0	80.0	32.0	49.0	41.0	-1.0	64.0	21.0	23.0	68.0	18.0	54.0	-1.0	-1.0	28.0	20.0	29.0	-1.0	-1.0	-1.0	48.0	-1.0	-1.0	15.0	-1.0	20.0	-1.0	28.0	-1.0	34.0	-1.0	55.0	-1.0	38.0	46.0	57.0	15.0	-1.0	-1.0	30.0	48.0	28.0	51.0	-1.0	61.0	18.0	58.0	

maxX :
52.0	52.0	52.0	

maxW :
80.0	80.0	80.0	

minX :
0.0	0.0	0.0	

minW :
15.0	15.0	15.0	

moyX :
25.733333333333334	23.714285714285715	24.21212121212121	

moyW :
43.333333333333336	46.02857142857143	38.878787878787875	

medX :
22.5	21.0	21.0	

medW :
43.0	51.0	34.0	

ecartTypeX :
13.361470311641936	13.670764277039062	14.760220035638328	

ecartTypeW :
16.975145229292018	17.777169490727164	17.034292641712174	

varX :
178.52888888888887	186.88979591836733	217.86409550045914	

varW :
288.1555555555555	316.02775510204077	290.16712580348945	

covarX :
184.6850574712644	192.38655462184872	224.67234848484847	

covarW :
298.0919540229885	325.3226890756302	299.23484848484844	

coef_variationX :
0.519228120918728	0.5764780116823701	0.6096211028486419	

coef_variationW :
0.39173412067596963	0.3862203179239297	0.43813847012977536	

moy_distances_centre :	40.4
min_distances_centre :	15.0
max_distances_centre :	61.0
med_distances_centre :	41.5
ecartType_distances_centre :	12.068139873236472
var_distances_centre :	145.64000000000001
covar_distances_centre :	153.30526315789473
coef_variation_distances_centre :	0.2987163334959523
capacite_X_temoin : 
163.0	166.0	153.0	163.0	169.0	
166.0	172.0	175.0	175.0	174.0	
159.0	178.0	162.0	147.0	151.0	

capacite_W_temoin : 
205.9	125.8	120.9	95.9	173.7	
175.8	149.6	120.5	55.5	174.2	
135.7	172.4	120.6	73.1	135.3	

demande_cumulee_X : 
6.0	90.0	78.0	116.0	46.0	
40.0	74.0	107.0	172.0	52.0	
71.0	59.0	90.0	118.0	61.0	

demande_cumulee_W : 
61.0	112.0	33.0	64.0	66.0	
114.0	140.0	116.0	55.0	20.0	
56.0	112.0	120.0	58.0	53.0	

capacite_residuelle_X : 
157.0	76.0	75.0	47.0	123.0	
126.0	98.0	68.0	3.0	122.0	
88.0	119.0	72.0	29.0	90.0	

capacite_residuelle_W : 
144.9	13.799999999999997	87.9	31.900000000000006	107.69999999999999	
61.80000000000001	9.599999999999994	4.5	0.5	154.2	
79.69999999999999	60.400000000000006	0.5999999999999943	15.099999999999994	82.30000000000001	

min_capacite_X : 
153.0	166.0	147.0	

min_capacite_W : 
95.9	55.5	73.1	

max_capacite_X : 
169.0	175.0	178.0	

max_capacite_W : 
205.9	175.8	172.4	

moy_capacite_X : 
162.8	172.4	159.4	

moy_capacite_W : 
144.44	135.11999999999998	127.42000000000003	

med_capacite_X : 
163.0	174.0	159.0	

med_capacite_W : 
125.8	149.6	135.3	

ecartType_capacite_X : 
5.381449618829484	3.3823069050575527	10.744300814850634	

ecartType_capacite_W : 
39.72704871998422	44.597910264944026	32.09681604147054	

var_capacite_X : 
28.959999999999997	11.44	115.44000000000001	

var_capacite_W : 
1578.2384	1988.9735999999998	1030.2056000000005	

covar_capacite_X : 
36.199999999999996	14.299999999999999	144.3	

covar_capacite_W : 
1972.798	2486.2169999999996	1287.7570000000005	

##########	##########	##########	##########	##########	##########	##########	##########	##########	##########	##########	##########	##########	##########	##########	##########	##########	##########	##########	##########	##########	##########	##########	##########	##########	##########	##########	##########	##########	##########	##########	##########	##########	##########	##########	##########	##########	##########	##########	##########	##########	##########	##########	##########	##########	##########	##########	##########	##########	##########	nombre de noeuds : 50
nombre de strates : 3
nombre de centres : 5
titre : fenetre
instances : p6_1
temps de calcul : 0.0265500545501709
valeur objective : 351.0
nombre de solutions : 3
nombre de noeuds : 1.0
faisability : True
centre : [39, 19, 0, 24, 38]
moy_distances :	51.41
min_distances :	1.0
max_distances :	115.0
var_distances :	573.5828498125782
covar_distances :	573.8170608578263
ecartType_distances :	23.949589762928678
coef_variation	: 0.4658269551068994
distances_centre_x :
-1.0	41.0	15.0	15.0	47.0	21.0	29.0	-1.0	32.0	38.0	-1.0	-1.0	35.0	18.0	6.0	8.0	13.0	-1.0	18.0	-1.0	21.0	11.0	33.0	33.0	-1.0	14.0	-1.0	-1.0	15.0	-1.0	23.0	-1.0	-1.0	36.0	-1.0	28.0	-1.0	-1.0	0.0	0.0	-1.0	-1.0	26.0	-1.0	17.0	-1.0	12.0	22.0	-1.0	31.0	
0.0	41.0	15.0	15.0	47.0	21.0	29.0	-1.0	32.0	41.0	-1.0	19.0	35.0	-1.0	6.0	-1.0	-1.0	-1.0	18.0	-1.0	21.0	-1.0	33.0	-1.0	0.0	14.0	15.0	14.0	15.0	12.0	-1.0	14.0	-1.0	36.0	26.0	28.0	10.0	28.0	0.0	-1.0	22.0	27.0	26.0	-1.0	17.0	31.0	-1.0	22.0	12.0	-1.0	
0.0	41.0	-1.0	15.0	47.0	21.0	29.0	23.0	-1.0	38.0	10.0	19.0	35.0	15.0	6.0	-1.0	-1.0	16.0	18.0	0.0	-1.0	-1.0	-1.0	33.0	-1.0	-1.0	15.0	-1.0	15.0	-1.0	23.0	-1.0	7.0	-1.0	26.0	-1.0	10.0	28.0	0.0	0.0	-1.0	-1.0	26.0	47.0	25.0	31.0	-1.0	22.0	12.0	31.0	

distances_centre_w :
-1.0	57.0	40.0	27.0	70.0	29.0	49.0	-1.0	65.0	64.0	-1.0	-1.0	61.0	61.0	51.0	38.0	51.0	-1.0	44.0	-1.0	64.0	53.0	35.0	48.0	-1.0	36.0	-1.0	-1.0	34.0	-1.0	24.0	-1.0	-1.0	53.0	-1.0	30.0	-1.0	-1.0	49.0	41.0	-1.0	-1.0	30.0	-1.0	25.0	-1.0	50.0	52.0	-1.0	70.0	
41.0	57.0	40.0	27.0	70.0	29.0	69.0	-1.0	35.0	64.0	-1.0	48.0	61.0	-1.0	51.0	-1.0	-1.0	-1.0	44.0	-1.0	64.0	-1.0	66.0	-1.0	43.0	70.0	27.0	30.0	34.0	52.0	-1.0	46.0	-1.0	53.0	28.0	30.0	56.0	32.0	49.0	-1.0	28.0	31.0	30.0	-1.0	25.0	32.0	-1.0	61.0	18.0	-1.0	
29.0	57.0	-1.0	27.0	70.0	60.0	49.0	53.0	-1.0	41.0	21.0	48.0	61.0	18.0	51.0	-1.0	-1.0	28.0	44.0	29.0	-1.0	-1.0	-1.0	48.0	-1.0	-1.0	27.0	-1.0	34.0	-1.0	24.0	-1.0	34.0	-1.0	28.0	-1.0	39.0	32.0	49.0	41.0	-1.0	-1.0	30.0	58.0	28.0	32.0	-1.0	61.0	18.0	70.0	

maxX :
47.0	47.0	47.0	

maxW :
70.0	70.0	70.0	

minX :
0.0	0.0	0.0	

minW :
24.0	18.0	18.0	

moyX :
21.933333333333334	21.2	20.727272727272727	

moyW :
46.7	44.02857142857143	40.57575757575758	

medX :
21.0	21.0	21.0	

medW :
49.0	43.0	39.0	

ecartTypeX :
11.724428439042232	11.540735307101167	12.858843737247653	

ecartTypeW :
13.565028566132844	15.113826620086682	14.75051165631378	

varX :
137.46222222222224	133.18857142857146	165.34986225895318	

varW :
184.01000000000005	228.42775510204083	217.57759412304867	

covarX :
142.20229885057472	137.10588235294122	170.51704545454547	

covarW :
190.35517241379313	235.14621848739498	224.37689393939394	

coef_variationX :
0.5345484090748738	0.5443743069387343	0.6203828118847552	

coef_variationW :
0.2904717037715812	0.3432731549013847	0.3635301603124382	

moy_distances_centre :	55.1
min_distances_centre :	29.0
max_distances_centre :	93.0
med_distances_centre :	50.5
ecartType_distances_centre :	17.671728834497205
var_distances_centre :	312.28999999999996
covar_distances_centre :	328.72631578947363
coef_variation_distances_centre :	0.32072103147907816
capacite_X_temoin : 
163.0	153.0	163.0	166.0	169.0	
166.0	175.0	175.0	171.0	174.0	
159.0	162.0	147.0	148.0	151.0	

capacite_W_temoin : 
184.9	143.9	116.9	151.8	124.69999999999999	
181.8	136.5	68.5	165.3	122.19999999999999	
122.69999999999999	139.6	93.1	125.4	117.3	

demande_cumulee_X : 
27.0	55.0	95.0	64.0	95.0	
34.0	91.0	159.0	57.0	104.0	
84.0	71.0	98.0	67.0	79.0	

demande_cumulee_W : 
34.0	76.0	112.0	39.0	75.0	
58.0	115.0	64.0	130.0	78.0	
48.0	133.0	73.0	71.0	74.0	

capacite_residuelle_X : 
136.0	98.0	68.0	102.0	74.0	
132.0	84.0	16.0	114.0	70.0	
75.0	91.0	49.0	81.0	72.0	

capacite_residuelle_W : 
150.9	67.9	4.900000000000006	112.80000000000001	49.69999999999999	
123.80000000000001	21.5	4.5	35.30000000000001	44.19999999999999	
74.69999999999999	6.599999999999994	20.099999999999994	54.400000000000006	43.3	

min_capacite_X : 
153.0	166.0	147.0	

min_capacite_W : 
116.9	68.5	93.1	

max_capacite_X : 
169.0	175.0	162.0	

max_capacite_W : 
184.9	181.8	139.6	

moy_capacite_X : 
162.8	172.2	153.4	

moy_capacite_W : 
144.44	134.85999999999999	119.61999999999998	

med_capacite_X : 
163.0	174.0	151.0	

med_capacite_W : 
143.9	136.5	122.69999999999999	

ecartType_capacite_X : 
5.381449618829484	3.429285639896449	6.019966777316964	

ecartType_capacite_W : 
23.83103858416582	39.23409741538603	15.170945916454913	

var_capacite_X : 
28.959999999999997	11.759999999999996	36.239999999999995	

var_capacite_W : 
567.9184000000001	1539.3144000000007	230.1576	

covar_capacite_X : 
36.199999999999996	14.699999999999996	45.3	

covar_capacite_W : 
709.8980000000001	1924.1430000000007	287.697	

##########	##########	##########	##########	##########	##########	##########	##########	##########	##########	##########	##########	##########	##########	##########	##########	##########	##########	##########	##########	##########	##########	##########	##########	##########	##########	##########	##########	##########	##########	##########	##########	##########	##########	##########	##########	##########	##########	##########	##########	##########	##########	##########	##########	##########	##########	##########	##########	##########	##########	nombre de noeuds : 50
nombre de strates : 3
nombre de centres : 5
titre : fenetre
instances : p6_1
temps de calcul : 0.026308059692382812
valeur objective : 403.0
nombre de solutions : 3
nombre de noeuds : 1.0
faisability : True
centre : [19, 0, 24, 38, 9]
moy_distances :	51.41
min_distances :	1.0
max_distances :	115.0
var_distances :	573.5828498125782
covar_distances :	573.8170608578263
ecartType_distances :	23.949589762928678
coef_variation	: 0.4658269551068994
distances_centre_x :
-1.0	41.0	33.0	15.0	32.0	21.0	49.0	-1.0	35.0	0.0	-1.0	-1.0	25.0	15.0	6.0	48.0	13.0	-1.0	44.0	-1.0	37.0	11.0	35.0	48.0	-1.0	14.0	-1.0	-1.0	15.0	-1.0	23.0	-1.0	-1.0	53.0	-1.0	28.0	-1.0	-1.0	0.0	41.0	-1.0	-1.0	26.0	-1.0	17.0	-1.0	50.0	18.0	-1.0	31.0	
0.0	41.0	40.0	15.0	32.0	21.0	49.0	-1.0	35.0	0.0	-1.0	48.0	35.0	-1.0	6.0	-1.0	-1.0	-1.0	44.0	-1.0	21.0	-1.0	35.0	-1.0	43.0	14.0	27.0	30.0	15.0	12.0	-1.0	14.0	-1.0	53.0	26.0	28.0	10.0	17.0	0.0	-1.0	22.0	31.0	26.0	-1.0	17.0	13.0	-1.0	18.0	12.0	-1.0	
0.0	41.0	-1.0	15.0	32.0	21.0	49.0	23.0	-1.0	0.0	10.0	48.0	25.0	15.0	6.0	-1.0	-1.0	16.0	44.0	0.0	-1.0	-1.0	-1.0	48.0	-1.0	-1.0	27.0	-1.0	15.0	-1.0	23.0	-1.0	7.0	-1.0	26.0	-1.0	10.0	17.0	0.0	41.0	-1.0	-1.0	26.0	58.0	17.0	13.0	-1.0	18.0	12.0	44.0	

distances_centre_w :
-1.0	70.0	40.0	27.0	47.0	29.0	69.0	-1.0	65.0	38.0	-1.0	-1.0	73.0	18.0	32.0	59.0	44.0	-1.0	58.0	-1.0	66.0	45.0	66.0	73.0	-1.0	47.0	-1.0	-1.0	44.0	-1.0	24.0	-1.0	-1.0	76.0	-1.0	60.0	-1.0	-1.0	38.0	48.0	-1.0	-1.0	55.0	-1.0	25.0	-1.0	53.0	22.0	-1.0	44.0	
29.0	70.0	42.0	27.0	70.0	29.0	69.0	-1.0	65.0	38.0	-1.0	59.0	61.0	-1.0	32.0	-1.0	-1.0	-1.0	58.0	-1.0	37.0	-1.0	66.0	-1.0	61.0	47.0	38.0	42.0	44.0	52.0	-1.0	27.0	-1.0	76.0	28.0	60.0	38.0	28.0	38.0	-1.0	28.0	38.0	55.0	-1.0	25.0	32.0	-1.0	22.0	18.0	-1.0	
29.0	70.0	-1.0	27.0	47.0	29.0	69.0	52.0	-1.0	38.0	21.0	59.0	35.0	79.0	32.0	-1.0	-1.0	41.0	58.0	29.0	-1.0	-1.0	-1.0	73.0	-1.0	-1.0	38.0	-1.0	56.0	-1.0	38.0	-1.0	34.0	-1.0	28.0	-1.0	39.0	28.0	38.0	48.0	-1.0	-1.0	55.0	87.0	25.0	31.0	-1.0	22.0	46.0	75.0	

maxX :
53.0	53.0	58.0	

maxW :
76.0	76.0	87.0	

minX :
0.0	0.0	0.0	

minW :
18.0	18.0	21.0	

moyX :
27.466666666666665	24.285714285714285	22.636363636363637	

moyW :
48.5	44.25714285714286	44.72727272727273	

medX :
27.0	22.0	18.0	

medW :
47.0	38.0	38.0	

ecartTypeX :
14.990515520006493	14.207787459340599	15.914198314366349	

ecartTypeW :
16.72273901010238	16.22580459311271	17.80410699516594	

varX :
224.71555555555557	201.86122448979597	253.26170798898073	

varW :
279.65	263.27673469387753	316.9862258953168	

covarX :
232.46436781609196	207.79831932773112	261.1761363636364	

covarW :
289.2931034482759	271.02016806722685	326.8920454545455	

coef_variationX :
0.5457711961167413	0.5850265424434364	0.703036873325421	

coef_variationW :
0.34479874247633774	0.36662566866297275	0.39805930273744994	

moy_distances_centre :	55.0
min_distances_centre :	29.0
max_distances_centre :	90.0
med_distances_centre :	53.0
ecartType_distances_centre :	17.933209417167916
var_distances_centre :	321.6
covar_distances_centre :	338.52631578947364
coef_variation_distances_centre :	0.32605835303941666
capacite_X_temoin : 
163.0	154.0	153.0	163.0	166.0	
166.0	150.0	175.0	175.0	171.0	
159.0	166.0	162.0	147.0	148.0	

capacite_W_temoin : 
189.9	138.2	137.9	62.9	173.8	
151.8	127.0	122.5	54.5	187.3	
102.69999999999999	134.8	147.6	78.1	154.4	

demande_cumulee_X : 
22.0	62.0	61.0	149.0	42.0	
64.0	68.0	105.0	173.0	35.0	
104.0	81.0	63.0	113.0	38.0	

demande_cumulee_W : 
99.0	80.0	78.0	21.0	58.0	
86.0	115.0	122.0	45.0	77.0	
92.0	80.0	107.0	75.0	45.0	

capacite_residuelle_X : 
141.0	92.0	92.0	14.0	124.0	
102.0	82.0	70.0	2.0	136.0	
55.0	85.0	99.0	34.0	110.0	

capacite_residuelle_W : 
90.9	58.19999999999999	59.900000000000006	41.9	115.80000000000001	
65.80000000000001	12.0	0.5	9.5	110.30000000000001	
10.699999999999989	54.80000000000001	40.599999999999994	3.0999999999999943	109.4	

min_capacite_X : 
153.0	150.0	147.0	

min_capacite_W : 
62.9	54.5	78.1	

max_capacite_X : 
166.0	175.0	166.0	

max_capacite_W : 
189.9	187.3	154.4	

moy_capacite_X : 
159.8	167.4	156.4	

moy_capacite_W : 
140.54000000000002	128.62	123.52000000000001	

med_capacite_X : 
163.0	171.0	159.0	

med_capacite_W : 
138.2	127.0	134.8	

ecartType_capacite_X : 
5.268775948927796	9.308061022576078	7.605261336732618	

ecartType_capacite_W : 
43.77910917321183	43.622260372429125	28.834382254523856	

var_capacite_X : 
27.759999999999998	86.64000000000001	57.84000000000001	

var_capacite_W : 
1916.6104000000003	1902.9016000000004	831.4216000000002	

covar_capacite_X : 
34.699999999999996	108.30000000000003	72.30000000000001	

covar_capacite_W : 
2395.7630000000004	2378.6270000000004	1039.2770000000003	

##########	##########	##########	##########	##########	##########	##########	##########	##########	##########	##########	##########	##########	##########	##########	##########	##########	##########	##########	##########	##########	##########	##########	##########	##########	##########	##########	##########	##########	##########	##########	##########	##########	##########	##########	##########	##########	##########	##########	##########	##########	##########	##########	##########	##########	##########	##########	##########	##########	##########	nombre de noeuds : 50
nombre de strates : 3
nombre de centres : 5
titre : fenetre
instances : p6_1
temps de calcul : 0.02547001838684082
valeur objective : 292.0
nombre de solutions : 3
nombre de noeuds : 1.0
faisability : True
centre : [0, 24, 38, 9, 46]
moy_distances :	51.41
min_distances :	1.0
max_distances :	115.0
var_distances :	573.5828498125782
covar_distances :	573.8170608578263
ecartType_distances :	23.949589762928678
coef_variation	: 0.4658269551068994
distances_centre_x :
-1.0	41.0	20.0	27.0	32.0	29.0	17.0	-1.0	25.0	0.0	-1.0	-1.0	25.0	18.0	6.0	8.0	13.0	-1.0	9.0	-1.0	21.0	34.0	26.0	22.0	-1.0	14.0	-1.0	-1.0	15.0	-1.0	23.0	-1.0	-1.0	24.0	-1.0	30.0	-1.0	-1.0	0.0	12.0	-1.0	-1.0	26.0	-1.0	17.0	-1.0	0.0	18.0	-1.0	31.0	
0.0	41.0	20.0	27.0	32.0	29.0	17.0	-1.0	25.0	0.0	-1.0	7.0	25.0	-1.0	6.0	-1.0	-1.0	-1.0	9.0	-1.0	21.0	-1.0	26.0	-1.0	0.0	14.0	26.0	25.0	15.0	12.0	-1.0	14.0	-1.0	24.0	28.0	30.0	39.0	17.0	0.0	-1.0	28.0	27.0	26.0	-1.0	17.0	13.0	-1.0	18.0	18.0	-1.0	
0.0	41.0	-1.0	27.0	32.0	29.0	17.0	23.0	-1.0	0.0	10.0	7.0	25.0	18.0	6.0	-1.0	-1.0	16.0	9.0	29.0	-1.0	-1.0	-1.0	22.0	-1.0	-1.0	26.0	-1.0	15.0	-1.0	23.0	-1.0	7.0	-1.0	28.0	-1.0	39.0	17.0	0.0	12.0	-1.0	-1.0	26.0	35.0	17.0	13.0	-1.0	18.0	18.0	31.0	

distances_centre_w :
-1.0	49.0	33.0	54.0	47.0	32.0	49.0	-1.0	35.0	38.0	-1.0	-1.0	35.0	57.0	32.0	36.0	44.0	-1.0	44.0	-1.0	37.0	45.0	35.0	48.0	-1.0	36.0	-1.0	-1.0	35.0	-1.0	38.0	-1.0	-1.0	53.0	-1.0	53.0	-1.0	-1.0	38.0	41.0	-1.0	-1.0	26.0	-1.0	40.0	-1.0	50.0	22.0	-1.0	44.0	
53.0	49.0	40.0	54.0	47.0	32.0	49.0	-1.0	35.0	38.0	-1.0	48.0	35.0	-1.0	32.0	-1.0	-1.0	-1.0	44.0	-1.0	37.0	-1.0	35.0	-1.0	41.0	36.0	27.0	30.0	35.0	31.0	-1.0	27.0	-1.0	53.0	37.0	53.0	40.0	32.0	38.0	-1.0	51.0	38.0	26.0	-1.0	40.0	31.0	-1.0	22.0	46.0	-1.0	
53.0	49.0	-1.0	54.0	47.0	32.0	49.0	48.0	-1.0	38.0	50.0	48.0	35.0	57.0	32.0	-1.0	-1.0	40.0	44.0	49.0	-1.0	-1.0	-1.0	48.0	-1.0	-1.0	27.0	-1.0	54.0	-1.0	38.0	-1.0	58.0	-1.0	32.0	-1.0	40.0	32.0	38.0	48.0	-1.0	-1.0	26.0	58.0	45.0	31.0	-1.0	22.0	46.0	44.0	

maxX :
41.0	41.0	41.0	

maxW :
57.0	54.0	58.0	

minX :
0.0	0.0	0.0	

minW :
22.0	22.0	22.0	

moyX :
19.433333333333334	19.314285714285713	19.272727272727273	

moyW :
40.86666666666667	38.91428571428571	42.78787878787879	

medX :
20.5	20.0	18.0	

medW :
39.0	38.0	45.0	

ecartTypeX :
10.22312194108151	10.511956263693067	10.754203483381904	

ecartTypeW :
8.365537772446086	8.566951211558548	9.606681941477065	

varX :
104.51222222222219	110.50122448979592	115.65289256198348	

varW :
69.98222222222222	73.39265306122446	92.28833792470157	

covarX :
108.11609195402298	113.75126050420168	119.26704545454547	

covarW :
72.39540229885058	75.55126050420166	95.17234848484848	

coef_variationX :
0.5260611633489628	0.5442580905758245	0.5580011241377403	

coef_variationW :
0.20470320813489606	0.22014926020892012	0.22451877058692857	

moy_distances_centre :	65.9
min_distances_centre :	38.0
max_distances_centre :	100.0
med_distances_centre :	59.0
ecartType_distances_centre :	21.073443002983637
var_distances_centre :	444.09000000000003
covar_distances_centre :	467.46315789473687
coef_variation_distances_centre :	0.3197791047493723
capacite_X_temoin : 
163.0	154.0	163.0	166.0	151.0	
166.0	150.0	175.0	171.0	156.0	
159.0	166.0	147.0	148.0	159.0	

capacite_W_temoin : 
161.9	158.2	126.9	160.8	92.3	
153.8	124.0	105.5	136.3	98.8	
78.69999999999999	142.8	135.1	138.4	118.69999999999999	

demande_cumulee_X : 
50.0	42.0	85.0	55.0	104.0	
62.0	71.0	122.0	86.0	104.0	
128.0	73.0	56.0	54.0	88.0	

demande_cumulee_W : 
33.0	76.0	121.0	53.0	53.0	
78.0	123.0	103.0	70.0	71.0	
29.0	46.0	133.0	77.0	114.0	

capacite_residuelle_X : 
113.0	112.0	78.0	111.0	47.0	
104.0	79.0	53.0	85.0	52.0	
31.0	93.0	91.0	94.0	71.0	

capacite_residuelle_W : 
128.9	82.19999999999999	5.900000000000006	107.80000000000001	39.3	
75.80000000000001	1.0	2.5	66.30000000000001	27.799999999999997	
49.69999999999999	96.80000000000001	2.0999999999999943	61.400000000000006	4.699999999999989	

min_capacite_X : 
151.0	150.0	147.0	

min_capacite_W : 
92.3	98.8	78.69999999999999	

max_capacite_X : 
166.0	175.0	166.0	

max_capacite_W : 
161.9	153.8	142.8	

moy_capacite_X : 
159.4	163.6	155.8	

moy_capacite_W : 
140.01999999999998	123.67999999999999	122.74000000000001	

med_capacite_X : 
163.0	166.0	159.0	

med_capacite_W : 
158.2	124.0	135.1	

ecartType_capacite_X : 
5.817215828899594	9.308061022576076	7.249827584156743	

ecartType_capacite_W : 
27.167583624606735	20.080378482488825	23.478722282100453	

var_capacite_X : 
33.839999999999996	86.64	52.56	

var_capacite_W : 
738.0776000000001	403.2216000000002	551.2504000000004	

covar_capacite_X : 
42.3	108.3	65.7	

covar_capacite_W : 
922.5970000000001	504.02700000000027	689.0630000000004	

##########	##########	##########	##########	##########	##########	##########	##########	##########	##########	##########	##########	##########	##########	##########	##########	##########	##########	##########	##########	##########	##########	##########	##########	##########	##########	##########	##########	##########	##########	##########	##########	##########	##########	##########	##########	##########	##########	##########	##########	##########	##########	##########	##########	##########	##########	##########	##########	##########	##########	nombre de noeuds : 50
nombre de strates : 3
nombre de centres : 5
titre : fenetre
instances : p6_1
temps de calcul : 0.025930166244506836
valeur objective : 359.0
nombre de solutions : 3
nombre de noeuds : 1.0
faisability : True
centre : [24, 38, 9, 46, 31]
moy_distances :	51.41
min_distances :	1.0
max_distances :	115.0
var_distances :	573.5828498125782
covar_distances :	573.8170608578263
ecartType_distances :	23.949589762928678
coef_variation	: 0.4658269551068994
distances_centre_x :
-1.0	41.0	20.0	54.0	32.0	29.0	17.0	-1.0	25.0	0.0	-1.0	-1.0	25.0	57.0	6.0	8.0	21.0	-1.0	9.0	-1.0	21.0	45.0	26.0	22.0	-1.0	14.0	-1.0	-1.0	15.0	-1.0	38.0	-1.0	-1.0	24.0	-1.0	30.0	-1.0	-1.0	0.0	12.0	-1.0	-1.0	26.0	-1.0	40.0	-1.0	0.0	18.0	-1.0	31.0	
53.0	41.0	20.0	54.0	32.0	29.0	17.0	-1.0	25.0	0.0	-1.0	7.0	35.0	-1.0	6.0	-1.0	-1.0	-1.0	9.0	-1.0	21.0	-1.0	26.0	-1.0	0.0	14.0	26.0	25.0	15.0	8.0	-1.0	0.0	-1.0	24.0	27.0	30.0	38.0	15.0	0.0	-1.0	28.0	30.0	26.0	-1.0	40.0	13.0	-1.0	18.0	54.0	-1.0	
53.0	41.0	-1.0	54.0	32.0	29.0	17.0	23.0	-1.0	0.0	50.0	7.0	25.0	57.0	6.0	-1.0	-1.0	40.0	9.0	47.0	-1.0	-1.0	-1.0	22.0	-1.0	-1.0	26.0	-1.0	15.0	-1.0	38.0	-1.0	58.0	-1.0	27.0	-1.0	38.0	15.0	0.0	12.0	-1.0	-1.0	39.0	35.0	40.0	13.0	-1.0	18.0	46.0	32.0	

distances_centre_w :
-1.0	49.0	33.0	61.0	39.0	38.0	49.0	-1.0	48.0	27.0	-1.0	-1.0	61.0	61.0	32.0	56.0	44.0	-1.0	44.0	-1.0	37.0	53.0	35.0	48.0	-1.0	28.0	-1.0	-1.0	29.0	-1.0	48.0	-1.0	-1.0	53.0	-1.0	56.0	-1.0	-1.0	38.0	48.0	-1.0	-1.0	26.0	-1.0	45.0	-1.0	50.0	22.0	-1.0	32.0	
61.0	49.0	33.0	59.0	47.0	38.0	49.0	-1.0	35.0	27.0	-1.0	48.0	61.0	-1.0	32.0	-1.0	-1.0	-1.0	44.0	-1.0	37.0	-1.0	48.0	-1.0	14.0	28.0	45.0	54.0	29.0	55.0	-1.0	27.0	-1.0	53.0	28.0	56.0	38.0	17.0	38.0	-1.0	34.0	38.0	39.0	-1.0	54.0	17.0	-1.0	22.0	61.0	-1.0	
61.0	49.0	-1.0	59.0	39.0	38.0	49.0	31.0	-1.0	38.0	59.0	48.0	26.0	61.0	32.0	-1.0	-1.0	61.0	58.0	64.0	-1.0	-1.0	-1.0	61.0	-1.0	-1.0	45.0	-1.0	56.0	-1.0	48.0	-1.0	68.0	-1.0	28.0	-1.0	40.0	17.0	38.0	48.0	-1.0	-1.0	66.0	58.0	54.0	17.0	-1.0	22.0	61.0	44.0	

maxX :
57.0	54.0	58.0	

maxW :
61.0	61.0	68.0	

minX :
0.0	0.0	0.0	

minW :
22.0	14.0	17.0	

moyX :
23.533333333333335	23.02857142857143	29.21212121212121	

moyW :
43.0	40.42857142857143	46.78787878787879	

medX :
23.0	25.0	29.0	

medW :
44.5	38.0	48.0	

ecartTypeX :
14.525227097096357	14.697882674114693	16.506670048998973	

ecartTypeW :
11.033282980751165	13.20667734635068	14.373286618854154	

varX :
210.98222222222225	216.02775510204086	272.47015610651977	

varW :
121.73333333333333	174.41632653061225	206.59136822773186	

covarX :
218.25747126436787	222.38151260504202	280.9848484848485	

covarW :
125.93103448275862	179.54621848739495	213.0473484848485	

coef_variationX :
0.617219281746304	0.6382455255508862	0.565062356449135	

coef_variationW :
0.25658797629653873	0.32666693082846204	0.3072010741076341	

moy_distances_centre :	52.8
min_distances_centre :	14.0
max_distances_centre :	100.0
med_distances_centre :	48.0
ecartType_distances_centre :	25.325086376950424
var_distances_centre :	641.36
covar_distances_centre :	675.1157894736842
coef_variation_distances_centre :	0.4796417874422429
capacite_X_temoin : 
154.0	163.0	150.0	166.0	151.0	
150.0	175.0	169.0	171.0	156.0	
166.0	147.0	145.0	148.0	159.0	

capacite_W_temoin : 
158.2	113.9	189.0	137.8	84.3	
148.0	139.5	139.7	137.3	57.8	
165.8	119.1	123.5	138.4	48.699999999999996	

demande_cumulee_X : 
42.0	98.0	6.0	78.0	112.0	
47.0	88.0	80.0	85.0	145.0	
50.0	72.0	65.0	54.0	158.0	

demande_cumulee_W : 
60.0	113.0	111.0	33.0	19.0	
102.0	137.0	135.0	61.0	10.0	
87.0	117.0	122.0	63.0	10.0	

capacite_residuelle_X : 
112.0	65.0	144.0	88.0	39.0	
103.0	87.0	89.0	86.0	11.0	
116.0	75.0	80.0	94.0	1.0	

capacite_residuelle_W : 
98.19999999999999	0.9000000000000057	78.0	104.80000000000001	65.3	
46.0	2.5	4.699999999999989	76.30000000000001	47.8	
78.80000000000001	2.0999999999999943	1.5	75.4	38.699999999999996	

min_capacite_X : 
150.0	150.0	145.0	

min_capacite_W : 
84.3	57.8	48.699999999999996	

max_capacite_X : 
166.0	175.0	166.0	

max_capacite_W : 
189.0	148.0	165.8	

moy_capacite_X : 
156.8	164.2	153.0	

moy_capacite_W : 
136.64000000000001	124.46	119.1	

med_capacite_X : 
154.0	169.0	148.0	

med_capacite_W : 
137.8	139.5	123.5	

ecartType_capacite_X : 
6.49307323229917	9.53729521405309	8.12403840463596	

ecartType_capacite_W : 
35.95645143781572	33.52912763553505	38.804381195942305	

var_capacite_X : 
42.16	90.96	66.0	

var_capacite_W : 
1292.8664	1124.2024000000001	1505.7800000000007	

covar_capacite_X : 
52.699999999999996	113.69999999999999	82.5	

covar_capacite_W : 
1616.083	1405.2530000000002	1882.2250000000008	

##########	##########	##########	##########	##########	##########	##########	##########	##########	##########	##########	##########	##########	##########	##########	##########	##########	##########	##########	##########	##########	##########	##########	##########	##########	##########	##########	##########	##########	##########	##########	##########	##########	##########	##########	##########	##########	##########	##########	##########	##########	##########	##########	##########	##########	##########	##########	##########	##########	##########	nombre de noeuds : 50
nombre de strates : 3
nombre de centres : 5
titre : fenetre
instances : p6_1
temps de calcul : 0.026311874389648438
valeur objective : 382.0
nombre de solutions : 3
nombre de noeuds : 1.0
faisability : True
centre : [38, 9, 46, 31, 6]
moy_distances :	51.41
min_distances :	1.0
max_distances :	115.0
var_distances :	573.5828498125782
covar_distances :	573.8170608578263
ecartType_distances :	23.949589762928678
coef_variation	: 0.4658269551068994
distances_centre_x :
-1.0	34.0	20.0	54.0	32.0	38.0	0.0	-1.0	25.0	0.0	-1.0	-1.0	25.0	61.0	6.0	10.0	21.0	-1.0	9.0	-1.0	21.0	45.0	16.0	5.0	-1.0	28.0	-1.0	-1.0	29.0	-1.0	38.0	-1.0	-1.0	7.0	-1.0	30.0	-1.0	-1.0	0.0	12.0	-1.0	-1.0	23.0	-1.0	40.0	-1.0	0.0	18.0	-1.0	32.0	
53.0	34.0	20.0	54.0	32.0	38.0	0.0	-1.0	15.0	0.0	-1.0	7.0	25.0	-1.0	6.0	-1.0	-1.0	-1.0	9.0	-1.0	21.0	-1.0	16.0	-1.0	14.0	28.0	26.0	39.0	29.0	8.0	-1.0	0.0	-1.0	7.0	27.0	30.0	38.0	15.0	0.0	-1.0	28.0	30.0	23.0	-1.0	40.0	13.0	-1.0	18.0	54.0	-1.0	
53.0	34.0	-1.0	54.0	32.0	38.0	0.0	31.0	-1.0	0.0	50.0	7.0	25.0	61.0	6.0	-1.0	-1.0	40.0	9.0	47.0	-1.0	-1.0	-1.0	5.0	-1.0	-1.0	26.0	-1.0	29.0	-1.0	38.0	-1.0	58.0	-1.0	27.0	-1.0	38.0	15.0	0.0	12.0	-1.0	-1.0	23.0	18.0	54.0	13.0	-1.0	18.0	54.0	32.0	

distances_centre_w :
-1.0	49.0	31.0	61.0	39.0	41.0	17.0	-1.0	48.0	27.0	-1.0	-1.0	26.0	62.0	32.0	36.0	44.0	-1.0	11.0	-1.0	37.0	54.0	26.0	22.0	-1.0	35.0	-1.0	-1.0	35.0	-1.0	48.0	-1.0	-1.0	24.0	-1.0	56.0	-1.0	-1.0	38.0	29.0	-1.0	-1.0	26.0	-1.0	54.0	-1.0	17.0	22.0	-1.0	56.0	
69.0	49.0	31.0	61.0	39.0	41.0	17.0	-1.0	25.0	27.0	-1.0	10.0	61.0	-1.0	32.0	-1.0	-1.0	-1.0	11.0	-1.0	37.0	-1.0	26.0	-1.0	57.0	36.0	42.0	54.0	35.0	55.0	-1.0	27.0	-1.0	67.0	28.0	60.0	40.0	17.0	38.0	-1.0	34.0	43.0	39.0	-1.0	54.0	17.0	-1.0	22.0	61.0	-1.0	
69.0	49.0	-1.0	61.0	39.0	41.0	17.0	40.0	-1.0	38.0	59.0	10.0	74.0	65.0	32.0	-1.0	-1.0	57.0	11.0	49.0	-1.0	-1.0	-1.0	22.0	-1.0	-1.0	42.0	-1.0	36.0	-1.0	48.0	-1.0	75.0	-1.0	28.0	-1.0	53.0	17.0	38.0	29.0	-1.0	-1.0	26.0	35.0	54.0	17.0	-1.0	22.0	61.0	44.0	

maxX :
61.0	54.0	61.0	

maxW :
62.0	69.0	75.0	

minX :
0.0	0.0	0.0	

minW :
11.0	10.0	10.0	

moyX :
22.633333333333333	22.771428571428572	28.696969696969695	

moyW :
36.766666666666666	38.91428571428571	41.15151515151515	

medX :
22.0	23.0	29.0	

medW :
35.5	38.0	40.0	

ecartTypeX :
15.90279500241668	15.084686112148335	18.298012557229715	

ecartTypeW :
13.720260768496914	16.075485202313363	17.836158731923657	

varX :
252.8988888888889	227.54775510204084	334.8172635445363	

varW :
188.24555555555554	258.4212244897959	318.1285583103765	

covarX :
261.61954022988505	234.2403361344538	345.28030303030306	

covarW :
194.73678160919536	266.0218487394958	328.07007575757575	

coef_variationX :
0.7026271724189991	0.6624391642725115	0.6376287374747419	

coef_variationW :
0.37317119043962593	0.41309984000071054	0.43342653766824796	

moy_distances_centre :	64.0
min_distances_centre :	17.0
max_distances_centre :	105.0
med_distances_centre :	63.5
ecartType_distances_centre :	29.8496231131986
var_distances_centre :	891.0
covar_distances_centre :	937.8947368421052
coef_variation_distances_centre :	0.4664003611437281
capacite_X_temoin : 
154.0	154.0	150.0	166.0	151.0	
166.0	150.0	169.0	171.0	156.0	
144.0	166.0	145.0	148.0	159.0	

capacite_W_temoin : 
145.2	158.2	121.0	131.8	115.3	
157.8	145.0	73.69999999999999	137.3	96.8	
132.2	165.8	94.5	133.4	65.69999999999999	

demande_cumulee_X : 
55.0	42.0	74.0	84.0	81.0	
58.0	50.0	146.0	85.0	106.0	
55.0	50.0	94.0	59.0	141.0	

demande_cumulee_W : 
82.0	68.0	88.0	24.0	74.0	
99.0	126.0	72.0	80.0	68.0	
131.0	76.0	76.0	53.0	63.0	

capacite_residuelle_X : 
99.0	112.0	76.0	82.0	70.0	
108.0	100.0	23.0	86.0	50.0	
89.0	116.0	51.0	89.0	18.0	

capacite_residuelle_W : 
63.19999999999999	90.19999999999999	33.0	107.80000000000001	41.3	
58.80000000000001	19.0	1.6999999999999886	57.30000000000001	28.799999999999997	
1.1999999999999886	89.80000000000001	18.5	80.4	2.6999999999999886	

min_capacite_X : 
150.0	150.0	144.0	

min_capacite_W : 
115.3	73.69999999999999	65.69999999999999	

max_capacite_X : 
166.0	171.0	166.0	

max_capacite_W : 
158.2	157.8	165.8	

moy_capacite_X : 
155.0	162.4	152.4	

moy_capacite_W : 
134.3	122.11999999999998	118.31999999999998	

med_capacite_X : 
154.0	166.0	148.0	

med_capacite_W : 
131.8	137.3	132.2	

ecartType_capacite_X : 
5.727128425310541	8.06473806146238	8.639444426582072	

ecartType_capacite_W : 
15.710887944352473	31.662558329989704	34.671798338130664	

var_capacite_X : 
32.8	65.03999999999999	74.64000000000001	

var_capacite_W : 
246.83199999999988	1002.5176000000005	1202.1336000000003	

covar_capacite_X : 
41.0	81.3	93.30000000000001	

covar_capacite_W : 
308.53999999999985	1253.1470000000006	1502.6670000000004	

##########	##########	##########	##########	##########	##########	##########	##########	##########	##########	##########	##########	##########	##########	##########	##########	##########	##########	##########	##########	##########	##########	##########	##########	##########	##########	##########	##########	##########	##########	##########	##########	##########	##########	##########	##########	##########	##########	##########	##########	##########	##########	##########	##########	##########	##########	##########	##########	##########	##########	nombre de noeuds : 50
nombre de strates : 3
nombre de centres : 5
titre : fenetre
instances : p6_1
temps de calcul : 0.02799391746520996
valeur objective : 327.0
nombre de solutions : 3
nombre de noeuds : 1.0
faisability : True
centre : [9, 46, 31, 6, 30]
moy_distances :	51.41
min_distances :	1.0
max_distances :	115.0
var_distances :	573.5828498125782
covar_distances :	573.8170608578263
ecartType_distances :	23.949589762928678
coef_variation	: 0.4658269551068994
distances_centre_x :
-1.0	34.0	19.0	34.0	32.0	9.0	0.0	-1.0	15.0	0.0	-1.0	-1.0	25.0	27.0	32.0	10.0	47.0	-1.0	9.0	-1.0	21.0	34.0	16.0	5.0	-1.0	28.0	-1.0	-1.0	29.0	-1.0	0.0	-1.0	-1.0	7.0	-1.0	52.0	-1.0	-1.0	38.0	12.0	-1.0	-1.0	23.0	-1.0	7.0	-1.0	0.0	18.0	-1.0	32.0	
23.0	34.0	19.0	34.0	32.0	9.0	0.0	-1.0	15.0	0.0	-1.0	7.0	25.0	-1.0	32.0	-1.0	-1.0	-1.0	9.0	-1.0	21.0	-1.0	16.0	-1.0	14.0	33.0	14.0	14.0	35.0	8.0	-1.0	0.0	-1.0	7.0	37.0	52.0	29.0	15.0	38.0	-1.0	34.0	7.0	23.0	-1.0	7.0	13.0	-1.0	18.0	16.0	-1.0	
23.0	34.0	-1.0	34.0	32.0	9.0	0.0	31.0	-1.0	0.0	15.0	7.0	25.0	27.0	32.0	-1.0	-1.0	24.0	9.0	24.0	-1.0	-1.0	-1.0	5.0	-1.0	-1.0	14.0	-1.0	35.0	-1.0	0.0	-1.0	30.0	-1.0	27.0	-1.0	29.0	15.0	38.0	12.0	-1.0	-1.0	23.0	18.0	7.0	13.0	-1.0	18.0	16.0	32.0	

distances_centre_w :
-1.0	49.0	20.0	61.0	39.0	38.0	17.0	-1.0	25.0	27.0	-1.0	-1.0	26.0	62.0	43.0	36.0	49.0	-1.0	11.0	-1.0	37.0	54.0	26.0	22.0	-1.0	33.0	-1.0	-1.0	30.0	-1.0	38.0	-1.0	-1.0	24.0	-1.0	56.0	-1.0	-1.0	46.0	62.0	-1.0	-1.0	26.0	-1.0	40.0	-1.0	17.0	38.0	-1.0	44.0	
53.0	49.0	20.0	61.0	39.0	41.0	17.0	-1.0	25.0	27.0	-1.0	10.0	26.0	-1.0	43.0	-1.0	-1.0	-1.0	11.0	-1.0	37.0	-1.0	26.0	-1.0	49.0	35.0	26.0	25.0	36.0	31.0	-1.0	27.0	-1.0	58.0	41.0	56.0	53.0	17.0	46.0	-1.0	40.0	30.0	26.0	-1.0	40.0	59.0	-1.0	38.0	54.0	-1.0	
53.0	49.0	-1.0	61.0	39.0	62.0	17.0	40.0	-1.0	27.0	50.0	10.0	26.0	62.0	43.0	-1.0	-1.0	40.0	11.0	47.0	-1.0	-1.0	-1.0	22.0	-1.0	-1.0	26.0	-1.0	36.0	-1.0	38.0	-1.0	58.0	-1.0	37.0	-1.0	38.0	17.0	46.0	28.0	-1.0	-1.0	26.0	35.0	40.0	59.0	-1.0	38.0	54.0	56.0	

maxX :
52.0	52.0	38.0	

maxW :
62.0	61.0	62.0	

minX :
0.0	0.0	0.0	

minW :
11.0	10.0	10.0	

moyX :
20.5	19.714285714285715	19.939393939393938	

moyW :
36.53333333333333	36.34285714285714	39.121212121212125	

medX :
20.0	16.0	23.0	

medW :
37.5	37.0	39.0	

ecartTypeX :
14.063546257375247	12.575648642336912	11.113571812003975	

ecartTypeW :
13.870191859603896	13.798432327401455	14.617875266899802	

varX :
197.78333333333333	158.1469387755102	123.51147842056932	

varW :
192.3822222222222	190.39673469387753	213.68227731864096	

covarX :
204.60344827586206	162.7983193277311	127.37121212121212	

covarW :
199.01609195402298	195.99663865546216	220.35984848484847	

coef_variationX :
0.6860266467012316	0.6378952209881041	0.5573675832767951	

coef_variationW :
0.3796585363030264	0.37967384548667527	0.3736559905559205	

moy_distances_centre :	56.0
min_distances_centre :	17.0
max_distances_centre :	91.0
med_distances_centre :	57.0
ecartType_distances_centre :	23.36236289419373
var_distances_centre :	545.8
covar_distances_centre :	574.5263157894736
coef_variation_distances_centre :	0.4171850516820309
capacite_X_temoin : 
154.0	154.0	163.0	150.0	151.0	
166.0	150.0	144.0	169.0	156.0	
144.0	166.0	157.0	145.0	159.0	

capacite_W_temoin : 
138.2	124.19999999999999	105.9	138.0	161.3	
162.8	94.0	46.199999999999996	115.69999999999999	156.8	
140.2	127.8	54.1	121.5	159.7	

demande_cumulee_X : 
62.0	76.0	106.0	57.0	35.0	
53.0	101.0	141.0	104.0	46.0	
47.0	88.0	150.0	67.0	47.0	

demande_cumulee_W : 
34.0	36.0	21.0	138.0	107.0	
71.0	86.0	45.0	113.0	130.0	
74.0	50.0	10.0	109.0	156.0	

capacite_residuelle_X : 
92.0	78.0	57.0	93.0	116.0	
113.0	49.0	3.0	65.0	110.0	
97.0	78.0	7.0	78.0	112.0	

capacite_residuelle_W : 
104.19999999999999	88.19999999999999	84.9	0.0	54.30000000000001	
91.80000000000001	8.0	1.1999999999999957	2.6999999999999886	26.80000000000001	
66.19999999999999	77.8	44.1	12.5	3.6999999999999886	

min_capacite_X : 
150.0	144.0	144.0	

min_capacite_W : 
105.9	46.199999999999996	54.1	

max_capacite_X : 
163.0	169.0	166.0	

max_capacite_W : 
161.3	162.8	159.7	

moy_capacite_X : 
154.4	157.0	154.2	

moy_capacite_W : 
133.51999999999998	115.1	120.66	

med_capacite_X : 
154.0	156.0	157.0	

med_capacite_W : 
138.0	115.69999999999999	127.8	

ecartType_capacite_X : 
4.586937976471886	9.423375191511797	8.471127433818948	

ecartType_capacite_W : 
18.239671049665343	42.91144369512637	35.743116819885756	

var_capacite_X : 
21.04	88.8	71.76	

var_capacite_W : 
332.6856000000001	1841.392000000001	1277.5704	

covar_capacite_X : 
26.299999999999997	111.0	89.7	

covar_capacite_W : 
415.8570000000001	2301.740000000001	1596.963	

##########	##########	##########	##########	##########	##########	##########	##########	##########	##########	##########	##########	##########	##########	##########	##########	##########	##########	##########	##########	##########	##########	##########	##########	##########	##########	##########	##########	##########	##########	##########	##########	##########	##########	##########	##########	##########	##########	##########	##########	##########	##########	##########	##########	##########	##########	##########	##########	##########	##########	