nombre de noeuds : 50
nombre de strates : 15
nombre de centres : 5
titre : fenetre
instances : p6_4
temps de calcul : 0.11300897598266602
valeur objective : 1547.0
nombre de solutions : 3
nombre de noeuds : 1.0
faisability : True
centre : [18, 33, 34, 24, 36]
moy_distances :	51.41
min_distances :	1.0
max_distances :	115.0
var_distances :	573.5828498125782
covar_distances :	573.8170608578263
ecartType_distances :	23.949589762928678
coef_variation	: 0.4658269551068994
distances_centre_x :
39.0	-1.0	-1.0	23.0	47.0	-1.0	-1.0	23.0	18.0	41.0	30.0	-1.0	35.0	25.0	-1.0	23.0	13.0	46.0	-1.0	-1.0	21.0	-1.0	-1.0	-1.0	0.0	14.0	-1.0	42.0	-1.0	12.0	29.0	-1.0	-1.0	-1.0	-1.0	25.0	0.0	20.0	-1.0	-1.0	7.0	32.0	19.0	11.0	-1.0	24.0	9.0	35.0	-1.0	31.0	
39.0	-1.0	20.0	23.0	47.0	-1.0	7.0	23.0	15.0	41.0	-1.0	-1.0	-1.0	25.0	-1.0	8.0	13.0	-1.0	-1.0	-1.0	21.0	15.0	17.0	-1.0	0.0	14.0	31.0	28.0	-1.0	12.0	29.0	14.0	-1.0	-1.0	-1.0	25.0	0.0	20.0	28.0	-1.0	7.0	-1.0	19.0	11.0	32.0	24.0	9.0	35.0	-1.0	-1.0	
39.0	32.0	20.0	-1.0	-1.0	-1.0	-1.0	23.0	15.0	-1.0	-1.0	-1.0	-1.0	25.0	-1.0	8.0	13.0	46.0	-1.0	-1.0	-1.0	15.0	17.0	5.0	-1.0	14.0	-1.0	28.0	41.0	12.0	29.0	14.0	-1.0	-1.0	0.0	25.0	0.0	20.0	-1.0	-1.0	-1.0	-1.0	-1.0	11.0	-1.0	-1.0	-1.0	35.0	21.0	31.0	
-1.0	-1.0	-1.0	23.0	-1.0	-1.0	7.0	23.0	15.0	37.0	-1.0	-1.0	-1.0	25.0	-1.0	8.0	-1.0	46.0	-1.0	-1.0	-1.0	-1.0	17.0	-1.0	0.0	14.0	-1.0	42.0	15.0	12.0	29.0	14.0	-1.0	0.0	0.0	25.0	0.0	-1.0	28.0	18.0	7.0	-1.0	19.0	11.0	43.0	-1.0	-1.0	35.0	-1.0	-1.0	
39.0	-1.0	-1.0	23.0	-1.0	-1.0	11.0	23.0	15.0	-1.0	-1.0	4.0	-1.0	25.0	-1.0	8.0	13.0	46.0	-1.0	10.0	21.0	30.0	17.0	5.0	-1.0	14.0	-1.0	42.0	15.0	12.0	29.0	-1.0	-1.0	-1.0	-1.0	25.0	0.0	20.0	-1.0	-1.0	7.0	32.0	19.0	11.0	-1.0	-1.0	9.0	35.0	-1.0	-1.0	
39.0	-1.0	-1.0	23.0	-1.0	-1.0	-1.0	23.0	15.0	37.0	-1.0	-1.0	-1.0	-1.0	-1.0	8.0	13.0	-1.0	-1.0	-1.0	-1.0	15.0	17.0	5.0	-1.0	14.0	31.0	-1.0	15.0	12.0	-1.0	14.0	44.0	-1.0	0.0	25.0	0.0	-1.0	-1.0	18.0	7.0	32.0	-1.0	-1.0	32.0	24.0	-1.0	35.0	37.0	-1.0	
39.0	-1.0	-1.0	23.0	-1.0	-1.0	-1.0	23.0	18.0	37.0	-1.0	-1.0	-1.0	25.0	-1.0	8.0	13.0	-1.0	-1.0	-1.0	-1.0	15.0	-1.0	5.0	-1.0	14.0	31.0	28.0	-1.0	12.0	29.0	-1.0	-1.0	-1.0	0.0	25.0	-1.0	20.0	28.0	-1.0	-1.0	38.0	-1.0	11.0	32.0	-1.0	-1.0	35.0	-1.0	-1.0	
39.0	-1.0	-1.0	-1.0	-1.0	-1.0	-1.0	23.0	15.0	-1.0	-1.0	4.0	-1.0	25.0	-1.0	8.0	13.0	-1.0	0.0	-1.0	-1.0	-1.0	17.0	5.0	0.0	14.0	31.0	28.0	15.0	12.0	29.0	-1.0	-1.0	0.0	-1.0	25.0	0.0	20.0	-1.0	-1.0	7.0	-1.0	19.0	11.0	-1.0	-1.0	9.0	35.0	-1.0	-1.0	
39.0	-1.0	-1.0	-1.0	-1.0	-1.0	-1.0	23.0	15.0	-1.0	-1.0	-1.0	-1.0	25.0	42.0	8.0	-1.0	46.0	-1.0	-1.0	21.0	-1.0	-1.0	-1.0	0.0	14.0	31.0	42.0	-1.0	12.0	29.0	14.0	-1.0	-1.0	-1.0	25.0	-1.0	20.0	28.0	-1.0	-1.0	-1.0	19.0	11.0	-1.0	24.0	-1.0	35.0	21.0	-1.0	
39.0	-1.0	-1.0	-1.0	47.0	23.0	-1.0	23.0	18.0	41.0	-1.0	-1.0	-1.0	-1.0	-1.0	8.0	42.0	-1.0	-1.0	10.0	-1.0	15.0	-1.0	-1.0	0.0	14.0	31.0	42.0	-1.0	12.0	29.0	14.0	-1.0	-1.0	-1.0	25.0	16.0	20.0	28.0	-1.0	-1.0	-1.0	-1.0	-1.0	-1.0	24.0	9.0	35.0	-1.0	-1.0	
39.0	32.0	-1.0	-1.0	-1.0	-1.0	7.0	23.0	15.0	-1.0	-1.0	-1.0	35.0	25.0	-1.0	8.0	13.0	46.0	-1.0	10.0	-1.0	15.0	-1.0	-1.0	0.0	-1.0	31.0	28.0	-1.0	12.0	29.0	-1.0	-1.0	-1.0	0.0	25.0	0.0	20.0	-1.0	18.0	7.0	32.0	-1.0	11.0	32.0	-1.0	9.0	35.0	21.0	-1.0	
39.0	32.0	20.0	-1.0	-1.0	-1.0	-1.0	23.0	15.0	37.0	30.0	-1.0	-1.0	25.0	-1.0	8.0	-1.0	46.0	-1.0	-1.0	21.0	15.0	-1.0	-1.0	0.0	14.0	31.0	28.0	15.0	12.0	29.0	14.0	-1.0	-1.0	0.0	25.0	0.0	20.0	28.0	-1.0	-1.0	-1.0	19.0	11.0	32.0	-1.0	-1.0	35.0	-1.0	31.0	
39.0	-1.0	20.0	23.0	-1.0	-1.0	-1.0	23.0	15.0	-1.0	30.0	-1.0	-1.0	25.0	-1.0	8.0	13.0	46.0	0.0	-1.0	21.0	15.0	-1.0	15.0	0.0	14.0	-1.0	-1.0	-1.0	12.0	29.0	-1.0	-1.0	0.0	-1.0	25.0	-1.0	20.0	-1.0	-1.0	-1.0	-1.0	19.0	11.0	-1.0	-1.0	-1.0	35.0	21.0	31.0	
39.0	-1.0	-1.0	23.0	47.0	23.0	-1.0	23.0	15.0	37.0	-1.0	-1.0	-1.0	25.0	28.0	8.0	42.0	46.0	-1.0	-1.0	21.0	-1.0	17.0	-1.0	-1.0	14.0	-1.0	28.0	15.0	12.0	29.0	14.0	44.0	0.0	-1.0	25.0	0.0	20.0	28.0	18.0	-1.0	-1.0	-1.0	-1.0	-1.0	24.0	9.0	35.0	-1.0	31.0	
39.0	32.0	-1.0	-1.0	47.0	-1.0	-1.0	23.0	15.0	37.0	-1.0	4.0	-1.0	25.0	-1.0	8.0	-1.0	46.0	-1.0	-1.0	21.0	15.0	-1.0	5.0	-1.0	-1.0	31.0	28.0	15.0	12.0	-1.0	14.0	-1.0	-1.0	-1.0	25.0	0.0	20.0	28.0	18.0	-1.0	38.0	-1.0	11.0	-1.0	24.0	9.0	35.0	-1.0	31.0	

distances_centre_w :
55.0	-1.0	-1.0	38.0	62.0	-1.0	-1.0	40.0	35.0	53.0	45.0	-1.0	51.0	42.0	-1.0	31.0	51.0	50.0	-1.0	-1.0	57.0	-1.0	-1.0	-1.0	32.0	29.0	-1.0	42.0	-1.0	35.0	38.0	-1.0	-1.0	-1.0	-1.0	29.0	38.0	28.0	-1.0	-1.0	12.0	38.0	26.0	29.0	-1.0	31.0	24.0	51.0	-1.0	59.0	
58.0	-1.0	33.0	38.0	62.0	-1.0	11.0	40.0	18.0	53.0	-1.0	-1.0	-1.0	42.0	-1.0	50.0	42.0	-1.0	-1.0	-1.0	54.0	30.0	18.0	-1.0	53.0	29.0	43.0	46.0	-1.0	54.0	40.0	27.0	-1.0	-1.0	-1.0	29.0	16.0	28.0	40.0	-1.0	12.0	-1.0	28.0	29.0	61.0	41.0	24.0	51.0	-1.0	-1.0	
55.0	40.0	33.0	-1.0	-1.0	-1.0	-1.0	40.0	35.0	-1.0	-1.0	-1.0	-1.0	42.0	-1.0	23.0	42.0	50.0	-1.0	-1.0	-1.0	30.0	18.0	48.0	-1.0	29.0	-1.0	42.0	41.0	35.0	38.0	27.0	-1.0	-1.0	16.0	29.0	16.0	28.0	-1.0	-1.0	-1.0	-1.0	-1.0	29.0	-1.0	-1.0	-1.0	51.0	46.0	57.0	
-1.0	-1.0	-1.0	38.0	-1.0	-1.0	11.0	40.0	18.0	41.0	-1.0	-1.0	-1.0	42.0	-1.0	50.0	-1.0	50.0	-1.0	-1.0	-1.0	-1.0	18.0	-1.0	32.0	29.0	-1.0	42.0	29.0	35.0	38.0	27.0	-1.0	18.0	16.0	29.0	16.0	-1.0	40.0	36.0	12.0	-1.0	26.0	29.0	45.0	-1.0	-1.0	51.0	-1.0	-1.0	
55.0	-1.0	-1.0	38.0	-1.0	-1.0	49.0	40.0	18.0	-1.0	-1.0	17.0	-1.0	42.0	-1.0	23.0	42.0	50.0	-1.0	26.0	48.0	53.0	18.0	15.0	-1.0	29.0	-1.0	53.0	29.0	35.0	38.0	-1.0	-1.0	-1.0	-1.0	29.0	16.0	28.0	-1.0	-1.0	12.0	36.0	26.0	29.0	-1.0	-1.0	24.0	51.0	-1.0	-1.0	
55.0	-1.0	-1.0	38.0	-1.0	-1.0	-1.0	40.0	18.0	41.0	-1.0	-1.0	-1.0	-1.0	-1.0	23.0	42.0	-1.0	-1.0	-1.0	-1.0	53.0	18.0	15.0	-1.0	29.0	43.0	-1.0	41.0	35.0	-1.0	27.0	61.0	-1.0	16.0	29.0	16.0	-1.0	-1.0	36.0	12.0	36.0	-1.0	-1.0	61.0	31.0	-1.0	51.0	46.0	-1.0	
55.0	-1.0	-1.0	38.0	-1.0	-1.0	-1.0	40.0	35.0	53.0	-1.0	-1.0	-1.0	42.0	-1.0	23.0	42.0	-1.0	-1.0	-1.0	-1.0	30.0	-1.0	48.0	-1.0	29.0	43.0	42.0	-1.0	35.0	38.0	-1.0	-1.0	-1.0	16.0	29.0	-1.0	28.0	40.0	-1.0	-1.0	50.0	-1.0	29.0	43.0	-1.0	-1.0	51.0	-1.0	-1.0	
55.0	-1.0	-1.0	-1.0	-1.0	-1.0	-1.0	40.0	18.0	-1.0	-1.0	17.0	-1.0	42.0	-1.0	23.0	42.0	-1.0	18.0	-1.0	-1.0	-1.0	18.0	15.0	32.0	29.0	43.0	53.0	29.0	35.0	38.0	-1.0	-1.0	18.0	-1.0	29.0	16.0	28.0	-1.0	-1.0	12.0	-1.0	26.0	29.0	-1.0	-1.0	24.0	51.0	-1.0	-1.0	
55.0	-1.0	-1.0	-1.0	-1.0	-1.0	-1.0	40.0	35.0	-1.0	-1.0	-1.0	-1.0	42.0	54.0	31.0	-1.0	50.0	-1.0	-1.0	48.0	-1.0	-1.0	-1.0	38.0	40.0	43.0	46.0	-1.0	35.0	38.0	27.0	-1.0	-1.0	-1.0	29.0	-1.0	28.0	40.0	-1.0	-1.0	-1.0	26.0	29.0	-1.0	41.0	-1.0	51.0	37.0	-1.0	
55.0	-1.0	-1.0	-1.0	62.0	29.0	-1.0	40.0	35.0	53.0	-1.0	-1.0	-1.0	-1.0	-1.0	23.0	47.0	-1.0	-1.0	43.0	-1.0	53.0	-1.0	-1.0	32.0	29.0	43.0	46.0	-1.0	35.0	38.0	27.0	-1.0	-1.0	-1.0	29.0	38.0	28.0	40.0	-1.0	-1.0	-1.0	-1.0	-1.0	-1.0	31.0	24.0	51.0	-1.0	-1.0	
55.0	40.0	-1.0	-1.0	-1.0	-1.0	11.0	40.0	18.0	-1.0	-1.0	-1.0	51.0	42.0	-1.0	23.0	42.0	50.0	-1.0	26.0	-1.0	30.0	-1.0	-1.0	32.0	-1.0	43.0	53.0	-1.0	35.0	38.0	-1.0	-1.0	-1.0	16.0	29.0	16.0	28.0	-1.0	36.0	12.0	46.0	-1.0	29.0	43.0	-1.0	24.0	51.0	37.0	-1.0	
55.0	40.0	33.0	-1.0	-1.0	-1.0	-1.0	40.0	18.0	41.0	53.0	-1.0	-1.0	42.0	-1.0	23.0	-1.0	50.0	-1.0	-1.0	54.0	53.0	-1.0	-1.0	32.0	40.0	49.0	46.0	29.0	45.0	40.0	27.0	-1.0	-1.0	16.0	29.0	38.0	28.0	57.0	-1.0	-1.0	-1.0	28.0	29.0	43.0	-1.0	-1.0	51.0	-1.0	57.0	
55.0	-1.0	33.0	38.0	-1.0	-1.0	-1.0	40.0	35.0	-1.0	45.0	-1.0	-1.0	57.0	-1.0	23.0	42.0	50.0	18.0	-1.0	48.0	30.0	-1.0	48.0	32.0	29.0	-1.0	-1.0	-1.0	35.0	38.0	-1.0	-1.0	18.0	-1.0	29.0	-1.0	28.0	-1.0	-1.0	-1.0	-1.0	26.0	29.0	-1.0	-1.0	-1.0	51.0	46.0	57.0	
61.0	-1.0	-1.0	38.0	62.0	29.0	-1.0	40.0	18.0	53.0	-1.0	-1.0	-1.0	42.0	42.0	23.0	44.0	50.0	-1.0	-1.0	48.0	-1.0	18.0	-1.0	-1.0	29.0	-1.0	42.0	29.0	54.0	38.0	27.0	61.0	53.0	-1.0	29.0	38.0	28.0	40.0	36.0	-1.0	-1.0	-1.0	-1.0	-1.0	31.0	24.0	51.0	-1.0	57.0	
58.0	40.0	-1.0	-1.0	62.0	-1.0	-1.0	40.0	35.0	53.0	-1.0	17.0	-1.0	42.0	-1.0	23.0	-1.0	50.0	-1.0	-1.0	48.0	30.0	-1.0	15.0	-1.0	-1.0	43.0	42.0	29.0	35.0	-1.0	27.0	-1.0	-1.0	-1.0	29.0	16.0	28.0	57.0	48.0	-1.0	50.0	-1.0	29.0	-1.0	31.0	50.0	52.0	-1.0	57.0	

maxX :
47.0	47.0	46.0	46.0	46.0	44.0	39.0	39.0	46.0	47.0	46.0	46.0	46.0	47.0	47.0	

maxW :
62.0	62.0	57.0	51.0	55.0	61.0	55.0	55.0	55.0	62.0	55.0	57.0	57.0	62.0	62.0	

minX :
0.0	0.0	0.0	0.0	0.0	0.0	0.0	0.0	0.0	0.0	0.0	0.0	0.0	0.0	0.0	

minW :
12.0	11.0	16.0	11.0	12.0	12.0	16.0	12.0	26.0	23.0	11.0	16.0	18.0	18.0	15.0	

moyX :
23.93103448275862	20.375	20.73076923076923	19.0	19.310344827586206	20.576923076923077	22.130434782608695	15.538461538461538	23.652173913043477	23.541666666666668	19.93103448275862	21.833333333333332	19.615384615384617	23.870967741935484	22.620689655172413	

moyW :
39.689655172413794	37.5	36.15384615384615	31.77777777777778	33.41379310344828	35.11538461538461	38.21739130434783	30.0	39.26086956521739	38.791666666666664	34.3448275862069	39.53333333333333	37.69230769230769	39.83870967741935	39.172413793103445	

medX :
23.0	20.0	20.0	17.0	17.0	17.5	23.0	14.5	23.0	23.0	20.0	22.0	20.0	23.0	23.0	

medW :
38.0	40.0	36.5	32.0	29.0	36.0	40.0	29.0	40.0	38.0	36.0	40.0	36.5	40.0	40.0	

ecartTypeX :
12.536652565598803	11.235407202233482	11.853456789891398	13.2664991614216	11.614804608257105	12.105857059619074	10.763482335419013	11.091336776028845	11.52165709568827	12.406245626923383	12.311841887141961	11.527021394194696	11.23208632951196	12.217760566365012	12.318793584862306	

ecartTypeW :
11.826631106505767	14.199471821162927	11.210202453713958	11.738929641828614	12.831849495471618	14.140304977335921	9.704129653149828	12.15920037856741	8.450456078787022	10.527658677133402	12.424325034241514	11.53757147564233	11.282284379876371	12.598250708559217	13.19631339719738	

varX :
157.16765755053507	126.234375	140.50443786982248	176.0	134.90368608799048	146.55177514792896	115.85255198487712	123.01775147928993	132.74858223062384	153.91493055555554	151.58145065398332	132.87222222222223	126.15976331360945	149.27367325702392	151.7526753864447	

varW :
139.8692033293698	201.625	125.66863905325444	137.80246913580248	164.6563614744352	199.94822485207104	94.17013232514178	147.84615384615384	71.41020793950852	110.83159722222223	154.3638525564804	133.11555555555555	127.28994082840235	158.7159209157128	174.1426872770511	

covarX :
162.7807881773399	130.30645161290323	146.1246153846154	182.76923076923077	139.72167487684726	152.41384615384615	121.11857707509883	127.93846153846157	138.7826086956522	160.60688405797103	156.99507389162557	137.45402298850578	131.20615384615385	154.2494623655914	157.1724137931034	

covarW :
144.86453201970443	208.1290322580645	130.69538461538463	143.10256410256412	170.5369458128079	207.94615384615383	98.4505928853755	153.76	74.65612648221345	115.65036231884058	159.8768472906404	137.70574712643676	132.38153846153844	164.00645161290322	180.3620689655172	

coef_variationX :
0.5238658853060019	0.5514310283304776	0.5717808470077483	0.6982367979695578	0.6014809529276001	0.5883220253272822	0.48636560651205757	0.7137989014275989	0.48712888456034964	0.5269909646834711	0.6177221708081607	0.5279551783600624	0.5726161658182567	0.5118251048071829	0.5445808139649495	

coef_variationW :
0.2979776734045762	0.37865258189767803	0.3100694295708116	0.36940687684076057	0.38402851947231875	0.40268119322095725	0.2539192059413493	0.40530667928558034	0.21523863766567167	0.2713896973697118	0.3617524357359477	0.2918441351342917	0.29932591211916904	0.31623139430391556	0.3368777187664825	

moy_distances_centre :	49.6
min_distances_centre :	16.0
max_distances_centre :	82.0
med_distances_centre :	48.5
ecartType_distances_centre :	22.742910983425144
var_distances_centre :	517.24
covar_distances_centre :	544.4631578947368
coef_variation_distances_centre :	0.4585264311174424
capacite_X_temoin : 
151.0	153.0	154.0	163.0	166.0	
172.0	138.0	174.0	141.0	135.0	
175.0	159.0	178.0	150.0	163.0	
168.0	175.0	159.0	174.0	136.0	
175.0	159.0	144.0	159.0	174.0	
148.0	150.0	177.0	172.0	144.0	
163.0	139.0	142.0	166.0	175.0	
162.0	153.0	136.0	136.0	163.0	
159.0	160.0	171.0	148.0	145.0	
151.0	163.0	136.0	160.0	145.0	
148.0	150.0	172.0	172.0	144.0	
154.0	172.0	175.0	150.0	141.0	
177.0	178.0	139.0	163.0	162.0	
178.0	165.0	169.0	171.0	174.0	
172.0	163.0	154.0	159.0	178.0	

capacite_W_temoin : 
164.3	87.9	177.2	138.9	104.8	
148.6	42.4	205.2	98.3	81.5	
171.5	116.69999999999999	198.4	126.0	135.9	
166.4	132.5	177.7	143.2	109.8	
152.5	110.69999999999999	163.2	146.7	139.2	
155.4	105.0	224.1	152.6	90.19999999999999	
196.9	118.69999999999999	155.6	123.8	134.5	
114.6	116.9	146.8	125.8	144.9	
168.7	88.0	204.3	117.4	107.5	
170.3	101.9	170.8	128.0	114.5	
142.4	133.0	190.6	151.6	100.19999999999999	
141.2	92.6	200.5	102.0	83.3	
160.1	126.4	155.7	168.9	101.6	
175.4	90.5	211.7	127.3	119.19999999999999	
159.6	105.9	168.2	120.69999999999999	169.4	

demande_cumulee_X : 
32.0	111.0	23.0	73.0	111.0	
75.0	137.0	21.0	85.0	94.0	
56.0	90.0	33.0	69.0	76.0	
52.0	95.0	29.0	83.0	67.0	
75.0	96.0	24.0	60.0	87.0	
37.0	90.0	6.0	71.0	97.0	
15.0	62.0	29.0	92.0	93.0	
96.0	82.0	30.0	51.0	67.0	
38.0	120.0	18.0	75.0	81.0	
26.0	110.0	6.0	80.0	74.0	
50.0	62.0	33.0	72.0	87.0	
59.0	131.0	27.0	93.0	100.0	
70.0	105.0	25.0	43.0	109.0	
56.0	124.0	8.0	95.0	107.0	
64.0	106.0	32.0	86.0	62.0	

demande_cumulee_W : 
50.0	76.0	33.0	129.0	62.0	
136.0	40.0	71.0	86.0	79.0	
74.0	74.0	23.0	102.0	51.0	
77.0	39.0	22.0	98.0	90.0	
72.0	52.0	49.0	124.0	45.0	
47.0	31.0	39.0	124.0	60.0	
67.0	46.0	1.0	92.0	85.0	
77.0	40.0	73.0	95.0	41.0	
40.0	63.0	18.0	114.0	97.0	
34.0	75.0	21.0	107.0	59.0	
68.0	34.0	20.0	110.0	72.0	
125.0	81.0	45.0	94.0	65.0	
66.0	82.0	29.0	141.0	34.0	
55.0	90.0	41.0	124.0	80.0	
83.0	102.0	26.0	108.0	31.0	

capacite_residuelle_X : 
119.0	42.0	131.0	90.0	55.0	
97.0	1.0	153.0	56.0	41.0	
119.0	69.0	145.0	81.0	87.0	
116.0	80.0	130.0	91.0	69.0	
100.0	63.0	120.0	99.0	87.0	
111.0	60.0	171.0	101.0	47.0	
148.0	77.0	113.0	74.0	82.0	
66.0	71.0	106.0	85.0	96.0	
121.0	40.0	153.0	73.0	64.0	
125.0	53.0	130.0	80.0	71.0	
98.0	88.0	139.0	100.0	57.0	
95.0	41.0	148.0	57.0	41.0	
107.0	73.0	114.0	120.0	53.0	
122.0	41.0	161.0	76.0	67.0	
108.0	57.0	122.0	73.0	116.0	

capacite_residuelle_W : 
114.30000000000001	11.900000000000006	144.2	9.900000000000006	42.8	
12.599999999999994	2.3999999999999986	134.2	12.299999999999997	2.5	
97.5	42.69999999999999	175.4	24.0	84.9	
89.4	93.5	155.7	45.19999999999999	19.799999999999997	
80.5	58.69999999999999	114.19999999999999	22.69999999999999	94.19999999999999	
108.4	74.0	185.1	28.599999999999994	30.19999999999999	
129.9	72.69999999999999	154.6	31.799999999999997	49.5	
37.599999999999994	76.9	73.80000000000001	30.799999999999997	103.9	
128.7	25.0	186.3	3.4000000000000057	10.5	
136.3	26.900000000000006	149.8	21.0	55.5	
74.4	99.0	170.6	41.599999999999994	28.19999999999999	
16.19999999999999	11.599999999999994	155.5	8.0	18.299999999999997	
94.1	44.400000000000006	126.69999999999999	27.900000000000006	67.6	
120.4	0.5	170.7	3.299999999999997	39.19999999999999	
76.6	3.9000000000000057	142.2	12.699999999999989	138.4	

min_capacite_X : 
151.0	135.0	150.0	136.0	144.0	144.0	139.0	136.0	145.0	136.0	144.0	141.0	139.0	165.0	154.0	

min_capacite_W : 
87.9	42.4	116.69999999999999	109.8	110.69999999999999	90.19999999999999	118.69999999999999	114.6	88.0	101.9	100.19999999999999	83.3	101.6	90.5	105.9	

max_capacite_X : 
166.0	174.0	178.0	175.0	175.0	177.0	175.0	163.0	171.0	163.0	172.0	175.0	178.0	178.0	178.0	

max_capacite_W : 
177.2	205.2	198.4	177.7	163.2	224.1	196.9	146.8	204.3	170.8	190.6	200.5	168.9	211.7	169.4	

moy_capacite_X : 
157.4	152.0	165.0	162.4	162.2	158.2	157.0	150.0	156.6	151.0	157.2	158.4	163.8	171.4	165.2	

moy_capacite_W : 
134.61999999999998	115.2	149.7	145.92	142.45999999999998	145.45999999999998	145.9	129.8	137.18	137.1	143.56	123.91999999999999	142.54000000000002	144.82	144.76	

med_capacite_X : 
154.0	141.0	163.0	168.0	159.0	150.0	163.0	153.0	159.0	151.0	150.0	154.0	163.0	171.0	163.0	

med_capacite_W : 
138.9	98.3	135.9	143.2	146.7	152.6	134.5	125.8	117.4	128.0	142.4	102.0	155.7	127.3	159.6	

ecartType_capacite_X : 
5.9531504264548865	17.26267650163207	10.334408546211051	14.374978260853126	11.443775600735973	13.541048703848604	14.071247279470288	11.949895397031725	9.308061022576078	9.85900603509299	12.237646832622683	13.062924634246345	14.105318146004363	4.409081537009721	8.704022058795577	

ecartType_capacite_W : 
34.012550624732626	56.456531951582	30.620450682509563	24.172496768021293	17.710177864719487	46.95681420198777	28.47209159861636	13.641554163657458	42.87056799250507	28.53257787161897	29.224482886785186	43.06856858545452	24.951841615399854	43.17885593667345	26.327825584350865	

var_capacite_X : 
35.44	298.0	106.8	206.63999999999996	130.95999999999998	183.35999999999999	198.0	142.8	86.64000000000001	97.2	149.76	170.64000000000001	198.95999999999998	19.440000000000005	75.75999999999999	

var_capacite_W : 
1156.8536	3187.3399999999997	937.6120000000003	584.3095999999999	313.65040000000005	2204.9424	810.6600000000002	186.09200000000016	1837.8856000000003	814.1080000000004	854.0704000000002	1854.9016	622.5944000000001	1864.4135999999999	693.1543999999999	

covar_capacite_X : 
44.3	372.5	133.5	258.29999999999995	163.7	229.2	247.5	178.5	108.30000000000001	121.5	187.2	213.3	248.69999999999996	24.300000000000004	94.69999999999999	

covar_capacite_W : 
1446.067	3984.1749999999997	1172.0150000000003	730.387	392.06300000000005	2756.178	1013.3250000000003	232.61500000000018	2297.3570000000004	1017.6350000000004	1067.5880000000002	2318.627	778.243	2330.517	866.4429999999999	

##########	##########	##########	##########	##########	##########	##########	##########	##########	##########	##########	##########	##########	##########	##########	##########	##########	##########	##########	##########	##########	##########	##########	##########	##########	##########	##########	##########	##########	##########	##########	##########	##########	##########	##########	##########	##########	##########	##########	##########	##########	##########	##########	##########	##########	##########	##########	##########	##########	##########	nombre de noeuds : 50
nombre de strates : 15
nombre de centres : 5
titre : fenetre
instances : p6_4
temps de calcul : 0.10982704162597656
valeur objective : 1616.0
nombre de solutions : 3
nombre de noeuds : 1.0
faisability : True
centre : [33, 34, 24, 36, 9]
moy_distances :	51.41
min_distances :	1.0
max_distances :	115.0
var_distances :	573.5828498125782
covar_distances :	573.8170608578263
ecartType_distances :	23.949589762928678
coef_variation	: 0.4658269551068994
distances_centre_x :
39.0	-1.0	-1.0	23.0	32.0	-1.0	-1.0	23.0	18.0	0.0	30.0	-1.0	25.0	25.0	-1.0	23.0	44.0	50.0	-1.0	-1.0	21.0	-1.0	-1.0	-1.0	0.0	14.0	-1.0	42.0	-1.0	12.0	29.0	-1.0	-1.0	-1.0	-1.0	25.0	0.0	17.0	-1.0	-1.0	7.0	36.0	26.0	11.0	-1.0	13.0	24.0	18.0	-1.0	31.0	
39.0	-1.0	33.0	23.0	32.0	-1.0	7.0	23.0	18.0	0.0	-1.0	-1.0	-1.0	25.0	-1.0	23.0	13.0	-1.0	-1.0	-1.0	21.0	15.0	18.0	-1.0	0.0	14.0	43.0	42.0	-1.0	31.0	29.0	27.0	-1.0	-1.0	-1.0	25.0	16.0	17.0	28.0	-1.0	7.0	-1.0	26.0	11.0	32.0	13.0	24.0	18.0	-1.0	-1.0	
39.0	32.0	33.0	-1.0	-1.0	-1.0	-1.0	23.0	18.0	-1.0	-1.0	-1.0	-1.0	25.0	-1.0	8.0	13.0	50.0	-1.0	-1.0	-1.0	30.0	18.0	5.0	-1.0	14.0	-1.0	42.0	15.0	12.0	29.0	14.0	-1.0	-1.0	0.0	25.0	0.0	17.0	-1.0	-1.0	-1.0	-1.0	-1.0	11.0	-1.0	-1.0	-1.0	18.0	37.0	31.0	
-1.0	-1.0	-1.0	23.0	-1.0	-1.0	7.0	23.0	18.0	0.0	-1.0	-1.0	-1.0	25.0	-1.0	23.0	-1.0	50.0	-1.0	-1.0	-1.0	-1.0	18.0	-1.0	0.0	14.0	-1.0	42.0	41.0	12.0	29.0	14.0	-1.0	0.0	0.0	25.0	0.0	-1.0	28.0	36.0	7.0	-1.0	26.0	11.0	32.0	-1.0	-1.0	18.0	-1.0	-1.0	
39.0	-1.0	-1.0	23.0	-1.0	-1.0	7.0	23.0	18.0	-1.0	-1.0	17.0	-1.0	25.0	-1.0	8.0	47.0	50.0	-1.0	10.0	21.0	30.0	18.0	5.0	-1.0	14.0	-1.0	42.0	15.0	12.0	29.0	-1.0	-1.0	-1.0	-1.0	25.0	0.0	17.0	-1.0	-1.0	7.0	36.0	26.0	11.0	-1.0	-1.0	24.0	18.0	-1.0	-1.0	
39.0	-1.0	-1.0	23.0	-1.0	-1.0	-1.0	23.0	18.0	0.0	-1.0	-1.0	-1.0	-1.0	-1.0	8.0	13.0	-1.0	-1.0	-1.0	-1.0	15.0	18.0	5.0	-1.0	14.0	43.0	-1.0	41.0	12.0	-1.0	14.0	44.0	-1.0	0.0	25.0	0.0	-1.0	-1.0	36.0	7.0	36.0	-1.0	-1.0	32.0	13.0	-1.0	18.0	21.0	-1.0	
39.0	-1.0	-1.0	23.0	-1.0	-1.0	-1.0	23.0	18.0	0.0	-1.0	-1.0	-1.0	25.0	-1.0	8.0	13.0	-1.0	-1.0	-1.0	-1.0	15.0	-1.0	5.0	-1.0	14.0	43.0	42.0	-1.0	12.0	29.0	-1.0	-1.0	-1.0	0.0	25.0	-1.0	17.0	28.0	-1.0	-1.0	36.0	-1.0	11.0	32.0	-1.0	-1.0	18.0	-1.0	-1.0	
39.0	-1.0	-1.0	-1.0	-1.0	-1.0	-1.0	23.0	18.0	-1.0	-1.0	17.0	-1.0	25.0	-1.0	8.0	13.0	-1.0	18.0	-1.0	-1.0	-1.0	18.0	5.0	0.0	14.0	43.0	42.0	41.0	35.0	29.0	-1.0	-1.0	0.0	-1.0	25.0	0.0	17.0	-1.0	-1.0	7.0	-1.0	26.0	11.0	-1.0	-1.0	24.0	18.0	-1.0	-1.0	
39.0	-1.0	-1.0	-1.0	-1.0	-1.0	-1.0	23.0	18.0	-1.0	-1.0	-1.0	-1.0	25.0	28.0	8.0	-1.0	50.0	-1.0	-1.0	21.0	-1.0	-1.0	-1.0	0.0	14.0	43.0	42.0	-1.0	12.0	29.0	14.0	-1.0	-1.0	-1.0	25.0	-1.0	17.0	28.0	-1.0	-1.0	-1.0	26.0	11.0	-1.0	13.0	-1.0	18.0	37.0	-1.0	
39.0	-1.0	-1.0	-1.0	32.0	23.0	-1.0	23.0	18.0	0.0	-1.0	-1.0	-1.0	-1.0	-1.0	8.0	13.0	-1.0	-1.0	10.0	-1.0	30.0	-1.0	-1.0	0.0	14.0	43.0	42.0	-1.0	12.0	29.0	14.0	-1.0	-1.0	-1.0	25.0	16.0	17.0	28.0	-1.0	-1.0	-1.0	-1.0	-1.0	-1.0	13.0	24.0	18.0	-1.0	-1.0	
39.0	32.0	-1.0	-1.0	-1.0	-1.0	7.0	23.0	18.0	-1.0	-1.0	-1.0	35.0	25.0	-1.0	8.0	13.0	50.0	-1.0	10.0	-1.0	30.0	-1.0	-1.0	0.0	-1.0	43.0	42.0	-1.0	12.0	29.0	-1.0	-1.0	-1.0	0.0	25.0	0.0	17.0	-1.0	36.0	7.0	36.0	-1.0	11.0	32.0	-1.0	24.0	18.0	21.0	-1.0	
39.0	32.0	33.0	-1.0	-1.0	-1.0	-1.0	23.0	18.0	0.0	30.0	-1.0	-1.0	25.0	-1.0	8.0	-1.0	50.0	-1.0	-1.0	21.0	30.0	-1.0	-1.0	0.0	14.0	43.0	42.0	15.0	12.0	29.0	27.0	-1.0	-1.0	0.0	25.0	0.0	17.0	28.0	-1.0	-1.0	-1.0	26.0	11.0	32.0	-1.0	-1.0	18.0	-1.0	44.0	
39.0	-1.0	33.0	23.0	-1.0	-1.0	-1.0	23.0	18.0	-1.0	30.0	-1.0	-1.0	25.0	-1.0	23.0	44.0	50.0	18.0	-1.0	21.0	15.0	-1.0	5.0	0.0	14.0	-1.0	-1.0	-1.0	12.0	29.0	-1.0	-1.0	0.0	-1.0	25.0	-1.0	17.0	-1.0	-1.0	-1.0	-1.0	26.0	11.0	-1.0	-1.0	-1.0	18.0	21.0	31.0	
39.0	-1.0	-1.0	23.0	32.0	23.0	-1.0	23.0	18.0	0.0	-1.0	-1.0	-1.0	25.0	28.0	8.0	44.0	50.0	-1.0	-1.0	21.0	-1.0	18.0	-1.0	-1.0	14.0	-1.0	42.0	15.0	12.0	29.0	14.0	44.0	0.0	-1.0	25.0	0.0	17.0	28.0	36.0	-1.0	-1.0	-1.0	-1.0	-1.0	13.0	24.0	18.0	-1.0	31.0	
39.0	32.0	-1.0	-1.0	32.0	-1.0	-1.0	23.0	18.0	0.0	-1.0	17.0	-1.0	25.0	-1.0	8.0	-1.0	50.0	-1.0	-1.0	21.0	15.0	-1.0	5.0	-1.0	-1.0	43.0	46.0	41.0	12.0	-1.0	14.0	-1.0	-1.0	-1.0	25.0	16.0	17.0	28.0	36.0	-1.0	36.0	-1.0	11.0	-1.0	13.0	24.0	18.0	-1.0	31.0	

distances_centre_w :
55.0	-1.0	-1.0	38.0	47.0	-1.0	-1.0	41.0	35.0	53.0	45.0	-1.0	35.0	57.0	-1.0	61.0	47.0	61.0	-1.0	-1.0	37.0	-1.0	-1.0	-1.0	32.0	40.0	-1.0	42.0	-1.0	31.0	38.0	-1.0	-1.0	-1.0	-1.0	29.0	16.0	20.0	-1.0	-1.0	12.0	38.0	28.0	58.0	-1.0	24.0	50.0	35.0	-1.0	44.0	
55.0	-1.0	38.0	38.0	47.0	-1.0	49.0	41.0	35.0	53.0	-1.0	-1.0	-1.0	42.0	-1.0	36.0	51.0	-1.0	-1.0	-1.0	37.0	30.0	35.0	-1.0	32.0	40.0	49.0	46.0	-1.0	45.0	58.0	38.0	-1.0	-1.0	-1.0	29.0	53.0	20.0	38.0	-1.0	12.0	-1.0	28.0	58.0	45.0	24.0	50.0	35.0	-1.0	-1.0	
55.0	41.0	38.0	-1.0	-1.0	-1.0	-1.0	41.0	35.0	-1.0	-1.0	-1.0	-1.0	42.0	-1.0	23.0	44.0	61.0	-1.0	-1.0	-1.0	53.0	35.0	48.0	-1.0	40.0	-1.0	46.0	41.0	31.0	38.0	27.0	-1.0	-1.0	16.0	29.0	16.0	20.0	-1.0	-1.0	-1.0	-1.0	-1.0	58.0	-1.0	-1.0	-1.0	35.0	46.0	44.0	
-1.0	-1.0	-1.0	38.0	-1.0	-1.0	49.0	41.0	35.0	37.0	-1.0	-1.0	-1.0	42.0	-1.0	31.0	-1.0	61.0	-1.0	-1.0	-1.0	-1.0	35.0	-1.0	32.0	40.0	-1.0	42.0	56.0	31.0	38.0	27.0	-1.0	53.0	16.0	29.0	16.0	-1.0	38.0	48.0	12.0	-1.0	28.0	58.0	45.0	-1.0	-1.0	35.0	-1.0	-1.0	
55.0	-1.0	-1.0	38.0	-1.0	-1.0	49.0	41.0	35.0	-1.0	-1.0	48.0	-1.0	57.0	-1.0	31.0	51.0	61.0	-1.0	26.0	37.0	53.0	35.0	48.0	-1.0	40.0	-1.0	46.0	41.0	31.0	38.0	-1.0	-1.0	-1.0	-1.0	29.0	16.0	20.0	-1.0	-1.0	12.0	38.0	28.0	58.0	-1.0	-1.0	50.0	35.0	-1.0	-1.0	
55.0	-1.0	-1.0	38.0	-1.0	-1.0	-1.0	41.0	35.0	37.0	-1.0	-1.0	-1.0	-1.0	-1.0	23.0	44.0	-1.0	-1.0	-1.0	-1.0	30.0	35.0	48.0	-1.0	40.0	45.0	-1.0	56.0	31.0	-1.0	27.0	61.0	-1.0	16.0	29.0	16.0	-1.0	-1.0	48.0	12.0	38.0	-1.0	-1.0	45.0	24.0	-1.0	35.0	46.0	-1.0	
55.0	-1.0	-1.0	38.0	-1.0	-1.0	-1.0	41.0	35.0	37.0	-1.0	-1.0	-1.0	42.0	-1.0	23.0	51.0	-1.0	-1.0	-1.0	-1.0	30.0	-1.0	48.0	-1.0	40.0	45.0	42.0	-1.0	31.0	38.0	-1.0	-1.0	-1.0	16.0	29.0	-1.0	20.0	38.0	-1.0	-1.0	38.0	-1.0	58.0	45.0	-1.0	-1.0	35.0	-1.0	-1.0	
55.0	-1.0	-1.0	-1.0	-1.0	-1.0	-1.0	41.0	35.0	-1.0	-1.0	48.0	-1.0	42.0	-1.0	23.0	44.0	-1.0	44.0	-1.0	-1.0	-1.0	35.0	48.0	32.0	40.0	45.0	46.0	41.0	45.0	38.0	-1.0	-1.0	53.0	-1.0	29.0	16.0	20.0	-1.0	-1.0	12.0	-1.0	28.0	58.0	-1.0	-1.0	50.0	35.0	-1.0	-1.0	
55.0	-1.0	-1.0	-1.0	-1.0	-1.0	-1.0	41.0	35.0	-1.0	-1.0	-1.0	-1.0	42.0	54.0	23.0	-1.0	61.0	-1.0	-1.0	37.0	-1.0	-1.0	-1.0	32.0	40.0	49.0	46.0	-1.0	31.0	58.0	27.0	-1.0	-1.0	-1.0	29.0	-1.0	20.0	38.0	-1.0	-1.0	-1.0	28.0	58.0	-1.0	24.0	-1.0	35.0	46.0	-1.0	
55.0	-1.0	-1.0	-1.0	47.0	29.0	-1.0	41.0	35.0	37.0	-1.0	-1.0	-1.0	-1.0	-1.0	23.0	51.0	-1.0	-1.0	26.0	-1.0	53.0	-1.0	-1.0	32.0	40.0	54.0	46.0	-1.0	31.0	38.0	27.0	-1.0	-1.0	-1.0	29.0	53.0	20.0	38.0	-1.0	-1.0	-1.0	-1.0	-1.0	-1.0	41.0	50.0	35.0	-1.0	-1.0	
55.0	41.0	-1.0	-1.0	-1.0	-1.0	49.0	41.0	35.0	-1.0	-1.0	-1.0	51.0	42.0	-1.0	31.0	44.0	61.0	-1.0	43.0	-1.0	53.0	-1.0	-1.0	32.0	-1.0	45.0	42.0	-1.0	31.0	38.0	-1.0	-1.0	-1.0	16.0	29.0	53.0	20.0	-1.0	48.0	12.0	46.0	-1.0	58.0	45.0	-1.0	50.0	35.0	37.0	-1.0	
55.0	41.0	38.0	-1.0	-1.0	-1.0	-1.0	41.0	35.0	37.0	45.0	-1.0	-1.0	42.0	-1.0	23.0	-1.0	61.0	-1.0	-1.0	37.0	53.0	-1.0	-1.0	53.0	40.0	45.0	42.0	41.0	31.0	38.0	38.0	-1.0	-1.0	37.0	29.0	16.0	20.0	40.0	-1.0	-1.0	-1.0	28.0	58.0	45.0	-1.0	-1.0	35.0	-1.0	57.0	
55.0	-1.0	38.0	59.0	-1.0	-1.0	-1.0	41.0	35.0	-1.0	45.0	-1.0	-1.0	42.0	-1.0	36.0	44.0	61.0	44.0	-1.0	37.0	30.0	-1.0	48.0	32.0	40.0	-1.0	-1.0	-1.0	31.0	38.0	-1.0	-1.0	53.0	-1.0	29.0	-1.0	20.0	-1.0	-1.0	-1.0	-1.0	28.0	58.0	-1.0	-1.0	-1.0	35.0	37.0	59.0	
55.0	-1.0	-1.0	38.0	47.0	29.0	-1.0	41.0	35.0	37.0	-1.0	-1.0	-1.0	42.0	32.0	23.0	51.0	61.0	-1.0	-1.0	37.0	-1.0	35.0	-1.0	-1.0	40.0	-1.0	42.0	41.0	31.0	58.0	27.0	61.0	53.0	-1.0	29.0	16.0	20.0	38.0	48.0	-1.0	-1.0	-1.0	-1.0	-1.0	24.0	50.0	35.0	-1.0	44.0	
55.0	41.0	-1.0	-1.0	47.0	-1.0	-1.0	41.0	35.0	53.0	-1.0	48.0	-1.0	57.0	-1.0	23.0	-1.0	61.0	-1.0	-1.0	37.0	30.0	-1.0	48.0	-1.0	-1.0	45.0	53.0	41.0	31.0	-1.0	27.0	-1.0	-1.0	-1.0	29.0	38.0	20.0	38.0	56.0	-1.0	38.0	-1.0	58.0	-1.0	24.0	50.0	35.0	-1.0	44.0	

maxX :
50.0	43.0	50.0	50.0	50.0	44.0	43.0	43.0	50.0	43.0	50.0	50.0	50.0	50.0	50.0	

maxW :
61.0	58.0	61.0	61.0	61.0	61.0	58.0	58.0	61.0	55.0	61.0	61.0	61.0	61.0	61.0	

minX :
0.0	0.0	0.0	0.0	0.0	0.0	0.0	0.0	0.0	0.0	0.0	0.0	0.0	0.0	0.0	

minW :
12.0	12.0	16.0	12.0	12.0	12.0	16.0	12.0	20.0	20.0	12.0	16.0	20.0	16.0	20.0	

moyX :
22.689655172413794	21.65625	21.5	19.333333333333332	21.275862068965516	19.923076923076923	20.695652173913043	19.846153846153847	23.52173913043478	20.458333333333332	22.17241379310345	23.066666666666666	21.96153846153846	23.032258064516128	24.0	

moyW :
39.62068965517241	40.21875	38.57692307692308	37.51851851851852	39.55172413793103	36.73076923076923	38.04347826086956	38.57692307692308	39.52173913043478	38.791666666666664	40.793103448275865	40.03333333333333	41.34615384615385	39.354838709677416	41.48275862068966	

medX :
23.0	23.0	18.0	18.0	18.0	18.0	18.0	18.0	23.0	18.0	23.0	25.0	22.0	23.0	23.0	

medW :
38.0	39.0	40.5	38.0	38.0	37.5	38.0	41.0	38.0	38.0	42.0	40.0	39.0	38.0	41.0	

ecartTypeX :
12.572831816305104	10.611342324960589	12.604181235422816	13.659889918758225	12.356476876867502	13.324133907263851	12.188500576929044	12.663370275940055	12.175776254933725	11.416286490020395	13.661092412312449	13.517724989394068	11.725976322253903	12.71393411606322	12.553334493135747	

ecartTypeW :
12.663860589947172	10.778260455078083	11.72824689149785	12.010397872862992	12.302470194616093	12.27742672959573	10.101563636472392	11.559787983559737	11.886673448491697	10.287448528290298	11.695502555417667	10.650456432577068	10.673267496566103	11.535494695816528	11.168368786690792	

varX :
158.0760998810939	112.6005859375	158.8653846153846	186.59259259259258	152.68252080856126	177.53254437869825	148.55954631379964	160.36094674556213	148.24952741020792	130.3315972222222	186.62544589774075	182.72888888888886	137.49852071005918	161.64412070759624	157.58620689655172	

varW :
160.37336504161715	116.1708984375	137.55177514792896	144.24965706447188	151.35077288941736	150.7352071005917	102.04158790170132	133.6286982248521	141.2930056710775	105.83159722222223	136.7847800237812	113.43222222222224	113.91863905325445	133.06763787721124	124.73246135552914	

covarX :
163.72167487684726	116.23286290322581	165.22	193.76923076923075	158.13546798029557	184.63384615384618	155.3122529644269	166.7753846153846	154.9881422924901	135.99818840579712	193.29064039408863	189.0298850574712	142.9984615384615	167.03225806451618	163.2142857142857	

covarW :
166.1009852216749	119.91834677419355	143.05384615384614	149.7977207977208	156.75615763546796	156.76461538461538	106.6798418972332	138.97384615384615	147.71541501976287	110.43297101449278	141.66995073891624	117.34367816091952	118.47538461538461	137.5032258064516	129.18719211822656	

coef_variationX :
0.5541217669800121	0.48998983318721334	0.5862409876940845	0.7065460302805979	0.5807744399175974	0.6687789219862165	0.5889401539272437	0.6380767968496927	0.517639286254114	0.5580262235447851	0.6161301399021166	0.586028540002633	0.5339323719415088	0.5520055428542855	0.5230556038806561	

coef_variationW :
0.3196274648463603	0.26799093594599743	0.30402235212257633	0.3201191930575526	0.3110476335168847	0.33425454970627116	0.2655268155872743	0.2996555210095246	0.3007629145382938	0.26519738418793465	0.28670293669240265	0.266039711055214	0.25814414410299413	0.29311502915599374	0.26922917274649455	

moy_distances_centre :	52.4
min_distances_centre :	16.0
max_distances_centre :	92.0
med_distances_centre :	47.0
ecartType_distances_centre :	23.499787233079367
var_distances_centre :	552.24
covar_distances_centre :	581.3052631578947
coef_variation_distances_centre :	0.44846922200533146
capacite_X_temoin : 
175.0	153.0	154.0	163.0	166.0	
144.0	138.0	174.0	141.0	135.0	
153.0	159.0	178.0	150.0	163.0	
135.0	175.0	159.0	174.0	136.0	
151.0	159.0	144.0	159.0	174.0	
175.0	150.0	177.0	172.0	144.0	
157.0	139.0	142.0	166.0	175.0	
157.0	153.0	136.0	136.0	163.0	
138.0	160.0	171.0	148.0	145.0	
145.0	163.0	136.0	160.0	145.0	
175.0	150.0	172.0	172.0	144.0	
166.0	172.0	175.0	150.0	141.0	
162.0	178.0	139.0	163.0	162.0	
139.0	165.0	169.0	171.0	174.0	
171.0	163.0	154.0	159.0	178.0	

capacite_W_temoin : 
150.5	101.9	166.2	192.9	92.8	
83.19999999999999	74.4	172.2	137.3	72.5	
153.9	91.69999999999999	176.4	164.0	133.9	
147.5	134.5	155.7	163.2	85.8	
153.3	113.69999999999999	102.19999999999999	189.7	122.19999999999999	
190.5	112.0	200.1	189.6	70.19999999999999	
154.1	114.69999999999999	155.6	173.8	123.5	
164.1	128.9	73.8	145.8	129.9	
127.4	84.0	197.3	150.4	99.5	
123.5	110.9	160.8	170.0	112.5	
182.5	133.0	170.6	189.6	77.19999999999999	
131.8	99.6	193.5	148.0	62.3	
161.6	115.4	121.69999999999999	203.9	90.6	
103.69999999999999	93.5	178.7	189.3	108.19999999999999	
149.3	121.9	128.2	172.7	150.4	

demande_cumulee_X : 
77.0	97.0	34.0	19.0	123.0	
104.0	105.0	54.0	46.0	103.0	
45.0	115.0	55.0	31.0	78.0	
28.0	93.0	51.0	63.0	91.0	
43.0	93.0	85.0	17.0	104.0	
37.0	83.0	30.0	34.0	117.0	
50.0	66.0	29.0	42.0	104.0	
40.0	70.0	103.0	31.0	82.0	
52.0	124.0	25.0	42.0	89.0	
65.0	101.0	16.0	38.0	76.0	
45.0	62.0	53.0	34.0	110.0	
84.0	124.0	34.0	47.0	121.0	
49.0	116.0	59.0	8.0	120.0	
77.0	121.0	41.0	33.0	118.0	
73.0	90.0	72.0	34.0	81.0	

demande_cumulee_W : 
40.0	80.0	57.0	156.0	17.0	
57.0	72.0	89.0	136.0	58.0	
26.0	91.0	64.0	126.0	17.0	
66.0	83.0	41.0	92.0	44.0	
35.0	113.0	47.0	122.0	25.0	
18.0	58.0	35.0	163.0	27.0	
34.0	61.0	35.0	131.0	30.0	
0.0	125.0	54.0	124.0	23.0	
57.0	55.0	72.0	148.0	0.0	
41.0	55.0	39.0	146.0	15.0	
18.0	111.0	20.0	120.0	35.0	
53.0	88.0	88.0	136.0	45.0	
43.0	99.0	60.0	150.0	0.0	
75.0	71.0	48.0	184.0	12.0	
60.0	110.0	29.0	143.0	8.0	

capacite_residuelle_X : 
98.0	56.0	120.0	144.0	43.0	
40.0	33.0	120.0	95.0	32.0	
108.0	44.0	123.0	119.0	85.0	
107.0	82.0	108.0	111.0	45.0	
108.0	66.0	59.0	142.0	70.0	
138.0	67.0	147.0	138.0	27.0	
107.0	73.0	113.0	124.0	71.0	
117.0	83.0	33.0	105.0	81.0	
86.0	36.0	146.0	106.0	56.0	
80.0	62.0	120.0	122.0	69.0	
130.0	88.0	119.0	138.0	34.0	
82.0	48.0	141.0	103.0	20.0	
113.0	62.0	80.0	155.0	42.0	
62.0	44.0	128.0	138.0	56.0	
98.0	73.0	82.0	125.0	97.0	

capacite_residuelle_W : 
110.5	21.900000000000006	109.19999999999999	36.900000000000006	75.8	
26.19999999999999	2.4000000000000057	83.19999999999999	1.3000000000000114	14.5	
127.9	0.6999999999999886	112.4	38.0	116.9	
81.5	51.5	114.69999999999999	71.19999999999999	41.8	
118.30000000000001	0.6999999999999886	55.19999999999999	67.69999999999999	97.19999999999999	
172.5	54.0	165.1	26.599999999999994	43.19999999999999	
120.1	53.69999999999999	120.6	42.80000000000001	93.5	
164.1	3.9000000000000057	19.799999999999997	21.80000000000001	106.9	
70.4	29.0	125.30000000000001	2.4000000000000057	99.5	
82.5	55.900000000000006	121.80000000000001	24.0	97.5	
164.5	22.0	150.6	69.6	42.19999999999999	
78.80000000000001	11.599999999999994	105.5	12.0	17.299999999999997	
118.6	16.400000000000006	61.69999999999999	53.900000000000006	90.6	
28.69999999999999	22.5	130.7	5.300000000000011	96.19999999999999	
89.30000000000001	11.900000000000006	99.19999999999999	29.69999999999999	142.4	

min_capacite_X : 
153.0	135.0	150.0	135.0	144.0	144.0	139.0	136.0	138.0	136.0	144.0	141.0	139.0	139.0	154.0	

min_capacite_W : 
92.8	72.5	91.69999999999999	85.8	102.19999999999999	70.19999999999999	114.69999999999999	73.8	84.0	110.9	77.19999999999999	62.3	90.6	93.5	121.9	

max_capacite_X : 
175.0	174.0	178.0	175.0	174.0	177.0	175.0	163.0	171.0	163.0	175.0	175.0	178.0	174.0	178.0	

max_capacite_W : 
192.9	172.2	176.4	163.2	189.7	200.1	173.8	164.1	197.3	170.0	189.6	193.5	203.9	189.3	172.7	

moy_capacite_X : 
162.2	146.4	160.6	155.8	157.4	163.6	155.8	149.0	152.4	149.8	162.6	160.8	160.8	163.6	165.0	

moy_capacite_W : 
140.85999999999999	107.91999999999999	143.98	137.33999999999997	136.21999999999997	152.48000000000002	144.34	128.5	131.72	135.54000000000002	150.58	127.03999999999999	138.64000000000001	134.68	144.5	

med_capacite_X : 
163.0	141.0	159.0	159.0	159.0	172.0	157.0	153.0	148.0	145.0	172.0	166.0	162.0	169.0	163.0	

med_capacite_W : 
150.5	83.19999999999999	153.9	147.5	122.19999999999999	189.6	154.1	129.9	127.4	123.5	170.6	131.8	121.69999999999999	108.19999999999999	149.3	

ecartType_capacite_X : 
8.133879763065103	14.122322755127783	9.810198774744578	17.52027397046062	10.011992808627062	13.77824371971987	13.760813929415658	11.081516141756055	11.706408501329518	10.146920715172657	12.92439553712281	13.13620949893842	12.480384609458156	12.642784503423286	8.555699854482976	

ecartType_capacite_W : 
38.133586246247546	39.96085084179264	29.614415408716077	27.471774605947825	31.663568971295703	51.96096226976556	21.9215510400154	30.20218535139469	39.95914914009056	24.933880564404735	41.559422517643334	44.324106307967455	39.80183915348636	40.68869130360425	18.052922201128546	

var_capacite_X : 
66.16000000000001	199.44	96.24000000000001	306.96	100.24000000000001	189.84	189.35999999999999	122.8	137.04000000000002	102.96	167.04000000000002	172.56	155.76000000000002	159.84	73.2	

var_capacite_W : 
1454.1703999999997	1596.8695999999998	877.0136000000002	754.6983999999999	1002.5816000000001	2699.9416	480.55440000000027	912.1719999999999	1596.7336000000003	621.6984000000001	1727.1856	1964.6264000000003	1584.1864	1655.5696000000003	325.90799999999996	

covar_capacite_X : 
82.70000000000002	249.3	120.30000000000001	383.7	125.30000000000001	237.3	236.7	153.5	171.3	128.7	208.8	215.7	194.70000000000002	199.8	91.5	

covar_capacite_W : 
1817.7129999999997	1996.0869999999998	1096.2670000000003	943.3729999999998	1253.227	3374.927	600.6930000000003	1140.215	1995.9170000000004	777.1230000000002	2158.982	2455.7830000000004	1980.2330000000002	2069.4620000000004	407.38499999999993	

##########	##########	##########	##########	##########	##########	##########	##########	##########	##########	##########	##########	##########	##########	##########	##########	##########	##########	##########	##########	##########	##########	##########	##########	##########	##########	##########	##########	##########	##########	##########	##########	##########	##########	##########	##########	##########	##########	##########	##########	##########	##########	##########	##########	##########	##########	##########	##########	##########	##########	nombre de noeuds : 50
nombre de strates : 15
nombre de centres : 5
titre : fenetre
instances : p6_4
temps de calcul : 0.10559296607971191
valeur objective : 2123.0
nombre de solutions : 3
nombre de noeuds : 1.0
faisability : True
centre : [34, 24, 36, 9, 14]
moy_distances :	51.41
min_distances :	1.0
max_distances :	115.0
var_distances :	573.5828498125782
covar_distances :	573.8170608578263
ecartType_distances :	23.949589762928678
coef_variation	: 0.4658269551068994
distances_centre_x :
39.0	-1.0	-1.0	23.0	47.0	-1.0	-1.0	23.0	35.0	0.0	30.0	-1.0	51.0	25.0	-1.0	8.0	44.0	50.0	-1.0	-1.0	21.0	-1.0	-1.0	-1.0	0.0	14.0	-1.0	42.0	-1.0	12.0	29.0	-1.0	-1.0	-1.0	-1.0	25.0	0.0	17.0	-1.0	-1.0	7.0	36.0	26.0	58.0	-1.0	13.0	50.0	16.0	-1.0	31.0	
39.0	-1.0	33.0	23.0	32.0	-1.0	49.0	23.0	35.0	0.0	-1.0	-1.0	-1.0	25.0	-1.0	31.0	44.0	-1.0	-1.0	-1.0	21.0	15.0	35.0	-1.0	32.0	43.0	43.0	42.0	-1.0	12.0	29.0	27.0	-1.0	-1.0	-1.0	25.0	0.0	17.0	6.0	-1.0	7.0	-1.0	26.0	58.0	32.0	24.0	50.0	16.0	-1.0	-1.0	
39.0	41.0	33.0	-1.0	-1.0	-1.0	-1.0	23.0	35.0	-1.0	-1.0	-1.0	-1.0	25.0	-1.0	8.0	13.0	50.0	-1.0	-1.0	-1.0	15.0	35.0	48.0	-1.0	14.0	-1.0	42.0	41.0	12.0	29.0	14.0	-1.0	-1.0	0.0	25.0	0.0	17.0	-1.0	-1.0	-1.0	-1.0	-1.0	58.0	-1.0	-1.0	-1.0	16.0	21.0	44.0	
-1.0	-1.0	-1.0	23.0	-1.0	-1.0	49.0	23.0	35.0	0.0	-1.0	-1.0	-1.0	25.0	-1.0	23.0	-1.0	50.0	-1.0	-1.0	-1.0	-1.0	35.0	-1.0	0.0	14.0	-1.0	42.0	41.0	12.0	29.0	14.0	-1.0	53.0	0.0	25.0	0.0	-1.0	6.0	48.0	7.0	-1.0	26.0	58.0	32.0	-1.0	-1.0	16.0	-1.0	-1.0	
39.0	-1.0	-1.0	23.0	-1.0	-1.0	49.0	23.0	35.0	-1.0	-1.0	48.0	-1.0	25.0	-1.0	23.0	44.0	50.0	-1.0	26.0	21.0	15.0	35.0	48.0	-1.0	14.0	-1.0	42.0	41.0	12.0	29.0	-1.0	-1.0	-1.0	-1.0	25.0	0.0	-1.0	-1.0	-1.0	7.0	36.0	26.0	58.0	-1.0	-1.0	50.0	-1.0	-1.0	-1.0	
39.0	-1.0	-1.0	23.0	-1.0	-1.0	-1.0	23.0	35.0	0.0	-1.0	-1.0	-1.0	-1.0	-1.0	8.0	13.0	-1.0	-1.0	-1.0	-1.0	15.0	35.0	48.0	-1.0	14.0	43.0	-1.0	15.0	12.0	-1.0	14.0	44.0	-1.0	0.0	25.0	0.0	-1.0	-1.0	48.0	7.0	38.0	-1.0	-1.0	32.0	13.0	-1.0	18.0	21.0	-1.0	
39.0	-1.0	-1.0	23.0	-1.0	-1.0	-1.0	23.0	35.0	0.0	-1.0	-1.0	-1.0	25.0	-1.0	8.0	13.0	-1.0	-1.0	-1.0	-1.0	30.0	-1.0	48.0	-1.0	14.0	43.0	53.0	-1.0	12.0	29.0	-1.0	-1.0	-1.0	0.0	25.0	-1.0	17.0	6.0	-1.0	-1.0	36.0	-1.0	58.0	32.0	-1.0	-1.0	16.0	-1.0	-1.0	
39.0	-1.0	-1.0	-1.0	-1.0	-1.0	-1.0	52.0	35.0	-1.0	-1.0	48.0	-1.0	25.0	-1.0	31.0	51.0	-1.0	44.0	-1.0	-1.0	-1.0	35.0	48.0	0.0	14.0	43.0	42.0	41.0	12.0	29.0	-1.0	-1.0	53.0	-1.0	25.0	0.0	17.0	-1.0	-1.0	7.0	-1.0	26.0	58.0	-1.0	-1.0	50.0	16.0	-1.0	-1.0	
39.0	-1.0	-1.0	-1.0	-1.0	-1.0	-1.0	23.0	35.0	-1.0	-1.0	-1.0	-1.0	25.0	28.0	8.0	-1.0	50.0	-1.0	-1.0	21.0	-1.0	-1.0	-1.0	0.0	14.0	43.0	42.0	-1.0	12.0	29.0	14.0	-1.0	-1.0	-1.0	25.0	-1.0	17.0	6.0	-1.0	-1.0	-1.0	26.0	58.0	-1.0	13.0	-1.0	16.0	21.0	-1.0	
39.0	-1.0	-1.0	-1.0	32.0	23.0	-1.0	23.0	35.0	0.0	-1.0	-1.0	-1.0	-1.0	-1.0	8.0	44.0	-1.0	-1.0	10.0	-1.0	30.0	-1.0	-1.0	0.0	14.0	43.0	42.0	-1.0	12.0	29.0	14.0	-1.0	-1.0	-1.0	25.0	16.0	17.0	6.0	-1.0	-1.0	-1.0	-1.0	-1.0	-1.0	13.0	50.0	16.0	-1.0	-1.0	
39.0	41.0	-1.0	-1.0	-1.0	-1.0	49.0	23.0	35.0	-1.0	-1.0	-1.0	35.0	25.0	-1.0	8.0	44.0	50.0	-1.0	10.0	-1.0	15.0	-1.0	-1.0	0.0	-1.0	43.0	42.0	-1.0	12.0	29.0	-1.0	-1.0	-1.0	0.0	25.0	0.0	17.0	-1.0	56.0	7.0	36.0	-1.0	58.0	32.0	-1.0	50.0	16.0	21.0	-1.0	
39.0	41.0	33.0	-1.0	-1.0	-1.0	-1.0	23.0	35.0	0.0	30.0	-1.0	-1.0	25.0	-1.0	8.0	-1.0	50.0	-1.0	-1.0	21.0	15.0	-1.0	-1.0	41.0	14.0	43.0	42.0	41.0	12.0	29.0	14.0	-1.0	-1.0	0.0	25.0	0.0	17.0	6.0	-1.0	-1.0	-1.0	26.0	58.0	32.0	-1.0	-1.0	16.0	-1.0	44.0	
39.0	-1.0	33.0	23.0	-1.0	-1.0	-1.0	23.0	35.0	-1.0	30.0	-1.0	-1.0	25.0	-1.0	8.0	13.0	50.0	44.0	-1.0	21.0	15.0	-1.0	48.0	32.0	14.0	-1.0	-1.0	-1.0	12.0	29.0	-1.0	-1.0	53.0	-1.0	25.0	-1.0	17.0	-1.0	-1.0	-1.0	-1.0	26.0	58.0	-1.0	-1.0	-1.0	16.0	21.0	31.0	
39.0	-1.0	-1.0	23.0	32.0	23.0	-1.0	23.0	35.0	0.0	-1.0	-1.0	-1.0	25.0	0.0	8.0	51.0	50.0	-1.0	-1.0	21.0	-1.0	35.0	-1.0	-1.0	14.0	-1.0	42.0	15.0	12.0	29.0	14.0	44.0	53.0	-1.0	25.0	0.0	17.0	6.0	48.0	-1.0	-1.0	-1.0	-1.0	-1.0	13.0	50.0	16.0	-1.0	31.0	
39.0	41.0	-1.0	-1.0	32.0	-1.0	-1.0	23.0	35.0	0.0	-1.0	48.0	-1.0	25.0	-1.0	31.0	-1.0	50.0	-1.0	-1.0	21.0	15.0	-1.0	48.0	-1.0	-1.0	43.0	42.0	15.0	12.0	-1.0	14.0	-1.0	-1.0	-1.0	25.0	0.0	17.0	6.0	48.0	-1.0	36.0	-1.0	58.0	-1.0	13.0	50.0	16.0	-1.0	31.0	

distances_centre_w :
55.0	-1.0	-1.0	38.0	62.0	-1.0	-1.0	52.0	64.0	32.0	45.0	-1.0	64.0	57.0	-1.0	23.0	51.0	61.0	-1.0	-1.0	37.0	-1.0	-1.0	-1.0	32.0	43.0	-1.0	42.0	-1.0	31.0	38.0	-1.0	-1.0	-1.0	-1.0	29.0	38.0	20.0	-1.0	-1.0	12.0	46.0	53.0	88.0	-1.0	24.0	65.0	18.0	-1.0	44.0	
55.0	-1.0	44.0	38.0	64.0	-1.0	74.0	52.0	64.0	32.0	-1.0	-1.0	-1.0	42.0	-1.0	46.0	64.0	-1.0	-1.0	-1.0	37.0	67.0	73.0	-1.0	54.0	44.0	45.0	42.0	-1.0	31.0	41.0	27.0	-1.0	-1.0	-1.0	29.0	53.0	28.0	57.0	-1.0	30.0	-1.0	66.0	88.0	46.0	27.0	65.0	18.0	-1.0	-1.0	
55.0	70.0	44.0	-1.0	-1.0	-1.0	-1.0	52.0	64.0	-1.0	-1.0	-1.0	-1.0	42.0	-1.0	23.0	51.0	61.0	-1.0	-1.0	-1.0	30.0	73.0	75.0	-1.0	43.0	-1.0	53.0	67.0	31.0	38.0	43.0	-1.0	-1.0	16.0	29.0	16.0	20.0	-1.0	-1.0	-1.0	-1.0	-1.0	88.0	-1.0	-1.0	-1.0	18.0	46.0	59.0	
-1.0	-1.0	-1.0	38.0	-1.0	-1.0	74.0	52.0	64.0	32.0	-1.0	-1.0	-1.0	42.0	-1.0	46.0	-1.0	64.0	-1.0	-1.0	-1.0	-1.0	64.0	-1.0	32.0	43.0	-1.0	53.0	41.0	31.0	38.0	43.0	-1.0	80.0	16.0	29.0	38.0	-1.0	28.0	65.0	12.0	-1.0	53.0	88.0	45.0	-1.0	-1.0	18.0	-1.0	-1.0	
55.0	-1.0	-1.0	38.0	-1.0	-1.0	74.0	-1.0	64.0	-1.0	-1.0	67.0	-1.0	42.0	-1.0	-1.0	-1.0	61.0	-1.0	43.0	-1.0	-1.0	64.0	75.0	-1.0	43.0	-1.0	53.0	41.0	-1.0	41.0	-1.0	-1.0	-1.0	-1.0	29.0	16.0	20.0	-1.0	-1.0	12.0	38.0	53.0	88.0	-1.0	-1.0	65.0	35.0	-1.0	-1.0	
55.0	-1.0	-1.0	38.0	-1.0	-1.0	-1.0	52.0	64.0	32.0	-1.0	-1.0	-1.0	-1.0	-1.0	23.0	44.0	-1.0	-1.0	-1.0	-1.0	30.0	64.0	75.0	-1.0	43.0	45.0	-1.0	41.0	31.0	-1.0	43.0	61.0	-1.0	16.0	29.0	16.0	-1.0	-1.0	65.0	12.0	46.0	-1.0	-1.0	46.0	24.0	-1.0	35.0	46.0	-1.0	
55.0	-1.0	-1.0	38.0	-1.0	-1.0	-1.0	52.0	64.0	32.0	-1.0	-1.0	-1.0	42.0	-1.0	23.0	44.0	-1.0	-1.0	-1.0	-1.0	49.0	-1.0	75.0	-1.0	43.0	45.0	80.0	-1.0	31.0	38.0	-1.0	-1.0	-1.0	16.0	29.0	-1.0	20.0	28.0	-1.0	-1.0	46.0	-1.0	88.0	45.0	-1.0	-1.0	18.0	-1.0	-1.0	
55.0	-1.0	-1.0	-1.0	-1.0	-1.0	-1.0	55.0	64.0	-1.0	-1.0	67.0	-1.0	42.0	-1.0	46.0	64.0	-1.0	64.0	-1.0	-1.0	-1.0	64.0	75.0	32.0	43.0	45.0	42.0	41.0	31.0	38.0	-1.0	-1.0	82.0	-1.0	29.0	16.0	20.0	-1.0	-1.0	12.0	-1.0	53.0	88.0	-1.0	-1.0	65.0	18.0	-1.0	-1.0	
55.0	-1.0	-1.0	-1.0	-1.0	-1.0	-1.0	52.0	74.0	-1.0	-1.0	-1.0	-1.0	42.0	32.0	23.0	-1.0	61.0	-1.0	-1.0	37.0	-1.0	-1.0	-1.0	32.0	43.0	45.0	42.0	-1.0	31.0	69.0	43.0	-1.0	-1.0	-1.0	29.0	-1.0	20.0	28.0	-1.0	-1.0	-1.0	54.0	88.0	-1.0	24.0	-1.0	18.0	46.0	-1.0	
55.0	-1.0	-1.0	-1.0	47.0	29.0	-1.0	52.0	64.0	32.0	-1.0	-1.0	-1.0	-1.0	-1.0	23.0	51.0	-1.0	-1.0	26.0	-1.0	53.0	-1.0	-1.0	32.0	43.0	45.0	42.0	-1.0	31.0	38.0	43.0	-1.0	-1.0	-1.0	29.0	38.0	20.0	28.0	-1.0	-1.0	-1.0	-1.0	-1.0	-1.0	24.0	65.0	18.0	-1.0	-1.0	
55.0	70.0	-1.0	-1.0	-1.0	-1.0	74.0	52.0	64.0	-1.0	-1.0	-1.0	64.0	57.0	-1.0	23.0	64.0	61.0	-1.0	26.0	-1.0	30.0	-1.0	-1.0	32.0	-1.0	45.0	42.0	-1.0	31.0	38.0	-1.0	-1.0	-1.0	16.0	29.0	16.0	20.0	-1.0	65.0	12.0	46.0	-1.0	88.0	45.0	-1.0	65.0	18.0	37.0	-1.0	
55.0	70.0	51.0	-1.0	-1.0	-1.0	-1.0	52.0	65.0	32.0	45.0	-1.0	-1.0	42.0	-1.0	23.0	-1.0	61.0	-1.0	-1.0	37.0	67.0	-1.0	-1.0	54.0	43.0	45.0	53.0	56.0	31.0	38.0	43.0	-1.0	-1.0	16.0	29.0	16.0	36.0	28.0	-1.0	-1.0	-1.0	53.0	88.0	45.0	-1.0	-1.0	18.0	-1.0	68.0	
55.0	-1.0	74.0	58.0	-1.0	-1.0	-1.0	52.0	64.0	-1.0	45.0	-1.0	-1.0	57.0	-1.0	23.0	44.0	61.0	64.0	-1.0	37.0	30.0	-1.0	75.0	38.0	43.0	-1.0	-1.0	-1.0	31.0	38.0	-1.0	-1.0	80.0	-1.0	29.0	-1.0	20.0	-1.0	-1.0	-1.0	-1.0	53.0	88.0	-1.0	-1.0	-1.0	18.0	37.0	44.0	
55.0	-1.0	-1.0	38.0	47.0	29.0	-1.0	52.0	64.0	32.0	-1.0	-1.0	-1.0	42.0	42.0	31.0	64.0	61.0	-1.0	-1.0	37.0	-1.0	64.0	-1.0	-1.0	43.0	-1.0	80.0	67.0	31.0	38.0	43.0	61.0	80.0	-1.0	29.0	16.0	20.0	28.0	65.0	-1.0	-1.0	-1.0	-1.0	-1.0	24.0	65.0	18.0	-1.0	44.0	
55.0	70.0	-1.0	-1.0	47.0	-1.0	-1.0	52.0	64.0	32.0	-1.0	67.0	-1.0	42.0	-1.0	46.0	-1.0	61.0	-1.0	-1.0	37.0	30.0	-1.0	75.0	-1.0	-1.0	45.0	53.0	41.0	31.0	-1.0	43.0	-1.0	-1.0	-1.0	29.0	16.0	20.0	28.0	65.0	-1.0	38.0	-1.0	88.0	-1.0	24.0	65.0	18.0	-1.0	72.0	

maxX :
58.0	58.0	58.0	58.0	58.0	48.0	58.0	58.0	58.0	50.0	58.0	58.0	58.0	53.0	58.0	

maxW :
88.0	88.0	88.0	88.0	88.0	75.0	88.0	88.0	88.0	65.0	88.0	88.0	88.0	80.0	88.0	

minX :
0.0	0.0	0.0	0.0	0.0	0.0	0.0	0.0	0.0	0.0	0.0	0.0	8.0	0.0	0.0	

minW :
12.0	18.0	16.0	12.0	12.0	12.0	16.0	12.0	18.0	18.0	12.0	16.0	18.0	16.0	16.0	

moyX :
26.620689655172413	27.9375	26.846153846153847	25.40740740740741	31.25925925925926	22.423076923076923	25.434782608695652	32.34615384615385	24.565217391304348	22.541666666666668	28.20689655172414	26.0	28.5	25.612903225806452	28.75862068965517	

moyW :
43.58620689655172	48.21875	46.42307692307692	45.51851851851852	48.56521739130435	41.38461538461539	43.52173913043478	48.11538461538461	42.95652173913044	38.666666666666664	44.310344827586206	45.333333333333336	48.38461538461539	45.483870967741936	46.689655172413794	

medX :
25.0	28.0	25.0	25.0	29.0	19.5	25.0	35.0	23.0	20.0	29.0	25.5	25.5	23.0	31.0	

medW :
43.0	45.5	45.0	43.0	43.0	43.0	43.0	45.5	42.0	38.0	45.0	45.0	44.5	43.0	45.0	

ecartTypeX :
16.251076978854403	14.086645936843873	15.381538153784598	17.318924051900588	14.55918341369204	14.733982377021853	15.764092623969475	16.693947101344403	14.22742632155759	14.074146411851137	17.157242987156557	15.36012152729702	13.24981857640671	15.78827130898499	15.901973792938287	

ecartTypeW :
16.851311708648126	16.4425788256435	19.529411895755665	18.744619712749124	19.162522496555663	16.1794668617045	18.826137162298753	20.04864645935159	17.575868488330602	13.136040330158687	20.062150756699598	17.000653582207427	18.364005183797257	17.654152335726238	18.617943603390387	

varX :
264.09750297265157	198.43359375	236.59171597633133	299.9451303155007	211.9698216735254	217.0902366863905	248.50661625708878	278.6878698224852	202.41965973534974	198.08159722222226	294.3709869203329	235.93333333333334	175.55769230769232	249.2695109261186	252.8727705112961	

varW :
283.9667063020214	270.3583984375	381.39792899408286	351.3607681755831	367.2022684310019	261.7751479289941	354.42344045368617	401.94822485207106	308.91115311909266	172.55555555555557	402.4898929845422	289.0222222222222	337.23668639053255	311.66909469302817	346.627824019025	

covarX :
273.5295566502462	204.83467741935485	246.0553846153846	311.48148148148147	220.12250712250716	225.77384615384616	259.80237154150194	289.8353846153846	211.62055335968378	206.6938405797101	304.88423645320194	244.06896551724137	182.58	257.5784946236559	261.9039408866995	

covarW :
294.10837438423647	279.0796370967742	396.6538461538462	364.874643874644	383.8932806324111	272.24615384615385	370.53359683794463	418.0261538461538	322.9525691699605	180.05797101449278	416.8645320197044	298.9885057471264	350.72615384615375	322.0580645161291	359.00738916256165	

coef_variationX :
0.610467917599453	0.5042199887908321	0.5729512779346698	0.6816486142876325	0.4657558674996269	0.6570901231604943	0.6197848382073469	0.51610300194406	0.5791695670722559	0.624361393501714	0.6082641156815894	0.5907739048960392	0.46490591496163897	0.6164186531215802	0.5529463309295088	

coef_variationW :
0.3866202844547434	0.3409996904864498	0.4206832719881088	0.4118020604102737	0.3945729788905821	0.3909536602270604	0.4325685861467246	0.4166785035516718	0.4091548332303683	0.33972518095237986	0.4527644917854384	0.37501441725457557	0.37954223750296395	0.38814093787766907	0.3987595011065888	

moy_distances_centre :	37.3
min_distances_centre :	16.0
max_distances_centre :	54.0
med_distances_centre :	37.5
ecartType_distances_centre :	10.761505470890214
var_distances_centre :	115.80999999999999
covar_distances_centre :	121.90526315789472
coef_variation_distances_centre :	0.2885122110158234
capacite_X_temoin : 
175.0	162.0	153.0	163.0	166.0	
144.0	168.0	138.0	141.0	135.0	
153.0	138.0	159.0	150.0	163.0	
135.0	142.0	175.0	174.0	136.0	
151.0	0.0	159.0	159.0	174.0	
175.0	163.0	150.0	172.0	144.0	
157.0	168.0	139.0	166.0	175.0	
157.0	168.0	153.0	136.0	163.0	
138.0	175.0	160.0	148.0	145.0	
145.0	165.0	163.0	160.0	145.0	
175.0	174.0	150.0	172.0	144.0	
166.0	178.0	172.0	150.0	141.0	
162.0	154.0	178.0	163.0	162.0	
139.0	141.0	165.0	171.0	174.0	
171.0	159.0	163.0	159.0	178.0	

capacite_W_temoin : 
181.5	190.6	46.9	197.9	97.8	
150.2	176.4	42.4	104.3	58.5	
169.9	156.4	50.699999999999996	178.0	112.9	
169.5	138.6	83.5	179.2	93.8	
153.3	0.0	51.699999999999996	179.7	109.19999999999999	
190.5	211.9	74.0	196.6	71.19999999999999	
176.1	173.4	90.69999999999999	184.8	130.5	
165.1	198.4	46.9	157.8	115.9	
147.4	184.5	54.0	179.4	98.5	
137.5	171.5	105.9	193.0	107.5	
198.5	204.2	87.0	196.6	69.19999999999999	
163.8	186.4	59.6	169.0	60.3	
190.6	177.2	55.4	198.9	90.6	
134.7	126.3	52.5	222.3	101.19999999999999	
173.3	161.7	50.9	206.7	136.4	

demande_cumulee_X : 
46.0	20.0	152.0	14.0	118.0	
37.0	42.0	137.0	79.0	117.0	
29.0	23.0	156.0	17.0	99.0	
6.0	46.0	144.0	47.0	83.0	
43.0	0.0	155.0	27.0	117.0	
37.0	0.0	121.0	27.0	116.0	
28.0	45.0	90.0	31.0	97.0	
39.0	20.0	152.0	19.0	96.0	
32.0	43.0	154.0	13.0	90.0	
51.0	43.0	106.0	15.0	81.0	
29.0	22.0	108.0	27.0	118.0	
52.0	45.0	164.0	26.0	123.0	
20.0	23.0	176.0	13.0	120.0	
46.0	57.0	162.0	0.0	125.0	
49.0	45.0	161.0	0.0	95.0	

demande_cumulee_W : 
81.0	6.0	36.0	159.0	68.0	
137.0	87.0	37.0	97.0	54.0	
82.0	28.0	28.0	133.0	53.0	
55.0	35.0	25.0	129.0	82.0	
77.0	0.0	14.0	171.0	80.0	
33.0	28.0	19.0	165.0	56.0	
65.0	13.0	31.0	151.0	31.0	
32.0	14.0	27.0	147.0	106.0	
96.0	36.0	28.0	167.0	5.0	
52.0	29.0	61.0	132.0	22.0	
64.0	6.0	54.0	126.0	54.0	
103.0	44.0	42.0	164.0	57.0	
105.0	16.0	29.0	138.0	64.0	
94.0	44.0	42.0	149.0	61.0	
87.0	44.0	33.0	146.0	40.0	

capacite_residuelle_X : 
129.0	142.0	1.0	149.0	48.0	
107.0	126.0	1.0	62.0	18.0	
124.0	115.0	3.0	133.0	64.0	
129.0	96.0	31.0	127.0	53.0	
108.0	0.0	4.0	132.0	57.0	
138.0	163.0	29.0	145.0	28.0	
129.0	123.0	49.0	135.0	78.0	
118.0	148.0	1.0	117.0	67.0	
106.0	132.0	6.0	135.0	55.0	
94.0	122.0	57.0	145.0	64.0	
146.0	152.0	42.0	145.0	26.0	
114.0	133.0	8.0	124.0	18.0	
142.0	131.0	2.0	150.0	42.0	
93.0	84.0	3.0	171.0	49.0	
122.0	114.0	2.0	159.0	83.0	

capacite_residuelle_W : 
100.5	184.6	10.899999999999999	38.900000000000006	29.799999999999997	
13.199999999999989	89.4	5.399999999999999	7.299999999999997	4.5	
87.9	128.4	22.699999999999996	45.0	59.900000000000006	
114.5	103.6	58.5	50.19999999999999	11.799999999999997	
76.30000000000001	0.0	37.699999999999996	8.699999999999989	29.19999999999999	
157.5	183.9	55.0	31.599999999999994	15.199999999999989	
111.1	160.4	59.69999999999999	33.80000000000001	99.5	
133.1	184.4	19.9	10.800000000000011	9.900000000000006	
51.400000000000006	148.5	26.0	12.400000000000006	93.5	
85.5	142.5	44.900000000000006	61.0	85.5	
134.5	198.2	33.0	70.6	15.199999999999989	
60.80000000000001	142.4	17.6	5.0	3.299999999999997	
85.6	161.2	26.4	60.900000000000006	26.599999999999994	
40.69999999999999	82.3	10.5	73.30000000000001	40.19999999999999	
86.30000000000001	117.69999999999999	17.9	60.69999999999999	96.4	

min_capacite_X : 
153.0	135.0	138.0	135.0	0.0	144.0	139.0	136.0	138.0	145.0	144.0	141.0	154.0	139.0	159.0	

min_capacite_W : 
46.9	42.4	50.699999999999996	83.5	0.0	71.19999999999999	90.69999999999999	46.9	54.0	105.9	69.19999999999999	59.6	55.4	52.5	50.9	

max_capacite_X : 
175.0	168.0	163.0	175.0	174.0	175.0	175.0	168.0	175.0	165.0	175.0	178.0	178.0	174.0	178.0	

max_capacite_W : 
197.9	176.4	178.0	179.2	179.7	211.9	184.8	198.4	184.5	193.0	204.2	186.4	198.9	222.3	206.7	

moy_capacite_X : 
163.8	145.2	152.6	152.4	128.6	160.8	161.0	155.4	153.2	155.6	163.0	161.4	163.8	158.0	166.0	

moy_capacite_W : 
142.94	106.35999999999999	133.57999999999998	132.92	98.78	148.84	151.1	136.82	132.76	143.07999999999998	151.1	127.82000000000001	142.54	127.4	145.79999999999998	

med_capacite_X : 
163.0	141.0	153.0	142.0	159.0	163.0	166.0	157.0	148.0	160.0	172.0	166.0	162.0	165.0	163.0	

med_capacite_W : 
181.5	104.3	156.4	138.6	109.19999999999999	190.5	173.4	157.8	147.4	137.5	196.6	163.8	177.2	126.3	161.7	

ecartType_capacite_X : 
7.0823724838503095	11.7881296226331	8.593020423576334	18.20549367636044	64.72897341994542	12.08966500776593	12.409673645990857	10.965400129498239	13.013838787997951	8.8	13.236313686219438	13.821722034536798	7.807688518377255	14.99333185119305	7.429670248402684	

ecartType_capacite_W : 
60.06704920336939	51.406715514609566	47.13764525302469	38.69084646269709	65.7313745482323	62.64524243707579	35.58229897013402	52.06777890404007	49.88693616569372	34.58071138655189	59.92168221937699	55.91938483209557	58.27293025067471	55.420140743235216	52.55899542418975	

var_capacite_X : 
50.16	138.95999999999998	73.84	331.44	4189.84	146.16	154.0	120.23999999999998	169.35999999999999	77.44000000000001	175.2	191.04000000000002	60.960000000000015	224.8	55.2	

var_capacite_W : 
3608.0504	2642.6504	2221.9576000000006	1496.9815999999998	4320.6136	3924.426400000001	1266.1000000000004	2711.0536	2488.7064	1195.8255999999997	3590.608	3126.9775999999997	3395.7344	3071.3920000000003	2762.4479999999994	

covar_capacite_X : 
62.699999999999996	173.69999999999996	92.3	414.3	5237.3	182.7	192.5	150.29999999999998	211.7	96.80000000000001	219.0	238.8	76.20000000000002	281.0	69.0	

covar_capacite_W : 
4510.063	3303.313	2777.4470000000006	1871.2269999999999	5400.767	4905.533000000001	1582.6250000000005	3388.817	3110.8830000000003	1494.7819999999997	4488.26	3908.7219999999998	4244.668	3839.2400000000002	3453.0599999999995	

##########	##########	##########	##########	##########	##########	##########	##########	##########	##########	##########	##########	##########	##########	##########	##########	##########	##########	##########	##########	##########	##########	##########	##########	##########	##########	##########	##########	##########	##########	##########	##########	##########	##########	##########	##########	##########	##########	##########	##########	##########	##########	##########	##########	##########	##########	##########	##########	##########	##########	nombre de noeuds : 50
nombre de strates : 15
nombre de centres : 5
titre : fenetre
instances : p6_4
temps de calcul : 0.11418700218200684
valeur objective : 1948.0
nombre de solutions : 3
nombre de noeuds : 1.0
faisability : True
centre : [24, 36, 9, 14, 12]
moy_distances :	51.41
min_distances :	1.0
max_distances :	115.0
var_distances :	573.5828498125782
covar_distances :	573.8170608578263
ecartType_distances :	23.949589762928678
coef_variation	: 0.4658269551068994
distances_centre_x :
39.0	-1.0	-1.0	23.0	12.0	-1.0	-1.0	23.0	35.0	0.0	30.0	-1.0	25.0	25.0	-1.0	8.0	13.0	50.0	-1.0	-1.0	18.0	-1.0	-1.0	-1.0	0.0	45.0	-1.0	42.0	-1.0	12.0	29.0	-1.0	-1.0	-1.0	-1.0	25.0	0.0	17.0	-1.0	-1.0	12.0	36.0	26.0	58.0	-1.0	13.0	50.0	16.0	-1.0	20.0	
39.0	-1.0	44.0	23.0	12.0	-1.0	49.0	23.0	35.0	0.0	-1.0	-1.0	-1.0	25.0	-1.0	36.0	51.0	-1.0	-1.0	-1.0	18.0	15.0	35.0	-1.0	0.0	14.0	43.0	42.0	-1.0	12.0	29.0	27.0	-1.0	-1.0	-1.0	25.0	0.0	17.0	6.0	-1.0	12.0	-1.0	26.0	58.0	45.0	13.0	50.0	16.0	-1.0	-1.0	
39.0	41.0	33.0	-1.0	-1.0	-1.0	-1.0	23.0	35.0	-1.0	-1.0	-1.0	-1.0	25.0	-1.0	8.0	13.0	50.0	-1.0	-1.0	-1.0	15.0	35.0	48.0	-1.0	14.0	-1.0	42.0	15.0	12.0	29.0	26.0	-1.0	-1.0	16.0	25.0	0.0	17.0	-1.0	-1.0	-1.0	-1.0	-1.0	58.0	-1.0	-1.0	-1.0	16.0	21.0	20.0	
-1.0	-1.0	-1.0	23.0	-1.0	-1.0	49.0	23.0	35.0	0.0	-1.0	-1.0	-1.0	25.0	-1.0	8.0	-1.0	50.0	-1.0	-1.0	-1.0	-1.0	35.0	-1.0	0.0	14.0	-1.0	42.0	15.0	12.0	29.0	14.0	-1.0	53.0	16.0	25.0	0.0	-1.0	6.0	48.0	12.0	-1.0	26.0	58.0	32.0	-1.0	-1.0	16.0	-1.0	-1.0	
39.0	-1.0	-1.0	23.0	-1.0	-1.0	49.0	23.0	35.0	-1.0	-1.0	48.0	-1.0	25.0	-1.0	31.0	13.0	50.0	-1.0	10.0	-1.0	15.0	35.0	48.0	-1.0	14.0	-1.0	42.0	41.0	12.0	29.0	-1.0	-1.0	-1.0	-1.0	25.0	0.0	-1.0	-1.0	-1.0	12.0	36.0	53.0	58.0	-1.0	-1.0	50.0	-1.0	-1.0	-1.0	
39.0	-1.0	-1.0	23.0	-1.0	-1.0	-1.0	23.0	35.0	0.0	-1.0	-1.0	-1.0	-1.0	-1.0	8.0	13.0	-1.0	-1.0	-1.0	-1.0	15.0	35.0	48.0	-1.0	14.0	43.0	-1.0	15.0	12.0	-1.0	14.0	44.0	-1.0	16.0	25.0	0.0	-1.0	-1.0	48.0	12.0	36.0	-1.0	-1.0	32.0	13.0	-1.0	18.0	21.0	-1.0	
39.0	-1.0	-1.0	23.0	-1.0	-1.0	-1.0	23.0	35.0	0.0	-1.0	-1.0	-1.0	25.0	-1.0	8.0	13.0	-1.0	-1.0	-1.0	-1.0	15.0	-1.0	48.0	-1.0	14.0	43.0	42.0	-1.0	12.0	29.0	-1.0	-1.0	-1.0	16.0	25.0	-1.0	17.0	6.0	-1.0	-1.0	36.0	-1.0	58.0	32.0	-1.0	-1.0	16.0	-1.0	-1.0	
39.0	-1.0	-1.0	-1.0	-1.0	-1.0	-1.0	34.0	35.0	-1.0	-1.0	48.0	-1.0	25.0	-1.0	8.0	13.0	-1.0	44.0	-1.0	-1.0	-1.0	35.0	48.0	0.0	45.0	43.0	42.0	15.0	22.0	29.0	-1.0	-1.0	53.0	-1.0	25.0	0.0	17.0	-1.0	-1.0	12.0	-1.0	53.0	58.0	-1.0	-1.0	50.0	16.0	-1.0	-1.0	
39.0	-1.0	-1.0	-1.0	-1.0	-1.0	-1.0	23.0	35.0	-1.0	-1.0	-1.0	-1.0	25.0	0.0	8.0	-1.0	50.0	-1.0	-1.0	18.0	-1.0	-1.0	-1.0	0.0	14.0	43.0	42.0	-1.0	22.0	29.0	14.0	-1.0	-1.0	-1.0	25.0	-1.0	17.0	6.0	-1.0	-1.0	-1.0	26.0	58.0	-1.0	13.0	-1.0	16.0	21.0	-1.0	
39.0	-1.0	-1.0	-1.0	12.0	23.0	-1.0	23.0	35.0	0.0	-1.0	-1.0	-1.0	-1.0	-1.0	8.0	13.0	-1.0	-1.0	10.0	-1.0	15.0	-1.0	-1.0	0.0	14.0	43.0	42.0	-1.0	12.0	29.0	14.0	-1.0	-1.0	-1.0	25.0	0.0	17.0	6.0	-1.0	-1.0	-1.0	-1.0	-1.0	-1.0	13.0	50.0	16.0	-1.0	-1.0	
39.0	41.0	-1.0	-1.0	-1.0	-1.0	49.0	23.0	35.0	-1.0	-1.0	-1.0	0.0	25.0	-1.0	8.0	13.0	50.0	-1.0	10.0	-1.0	15.0	-1.0	-1.0	0.0	-1.0	43.0	42.0	-1.0	12.0	29.0	-1.0	-1.0	-1.0	16.0	25.0	0.0	17.0	-1.0	48.0	12.0	36.0	-1.0	58.0	32.0	-1.0	50.0	16.0	21.0	-1.0	
39.0	41.0	33.0	-1.0	-1.0	-1.0	-1.0	23.0	35.0	0.0	30.0	-1.0	-1.0	57.0	-1.0	8.0	-1.0	50.0	-1.0	-1.0	18.0	15.0	-1.0	-1.0	0.0	14.0	43.0	42.0	15.0	12.0	29.0	27.0	-1.0	-1.0	16.0	25.0	0.0	17.0	6.0	-1.0	-1.0	-1.0	53.0	58.0	32.0	-1.0	-1.0	16.0	-1.0	20.0	
39.0	-1.0	33.0	23.0	-1.0	-1.0	-1.0	23.0	35.0	-1.0	30.0	-1.0	-1.0	25.0	-1.0	8.0	13.0	50.0	44.0	-1.0	18.0	15.0	-1.0	48.0	0.0	14.0	-1.0	-1.0	-1.0	12.0	29.0	-1.0	-1.0	53.0	-1.0	25.0	-1.0	17.0	-1.0	-1.0	-1.0	-1.0	53.0	58.0	-1.0	-1.0	-1.0	16.0	21.0	44.0	
39.0	-1.0	-1.0	23.0	12.0	23.0	-1.0	23.0	35.0	0.0	-1.0	-1.0	-1.0	25.0	0.0	8.0	13.0	50.0	-1.0	-1.0	18.0	-1.0	35.0	-1.0	-1.0	14.0	-1.0	42.0	15.0	12.0	29.0	38.0	44.0	53.0	-1.0	25.0	38.0	17.0	6.0	48.0	-1.0	-1.0	-1.0	-1.0	-1.0	13.0	50.0	16.0	-1.0	20.0	
39.0	41.0	-1.0	-1.0	12.0	-1.0	-1.0	23.0	35.0	0.0	-1.0	48.0	-1.0	25.0	-1.0	8.0	-1.0	50.0	-1.0	-1.0	18.0	15.0	-1.0	48.0	-1.0	-1.0	43.0	42.0	41.0	12.0	-1.0	14.0	-1.0	-1.0	-1.0	25.0	0.0	17.0	6.0	48.0	-1.0	36.0	-1.0	58.0	-1.0	13.0	50.0	16.0	-1.0	20.0	

distances_centre_w :
61.0	-1.0	-1.0	58.0	32.0	-1.0	-1.0	34.0	64.0	25.0	51.0	-1.0	64.0	57.0	-1.0	31.0	30.0	61.0	-1.0	-1.0	21.0	-1.0	-1.0	-1.0	35.0	55.0	-1.0	42.0	-1.0	22.0	73.0	-1.0	-1.0	-1.0	-1.0	35.0	38.0	28.0	-1.0	-1.0	30.0	38.0	66.0	74.0	-1.0	27.0	65.0	18.0	-1.0	68.0	
61.0	-1.0	68.0	58.0	32.0	-1.0	74.0	34.0	64.0	32.0	-1.0	-1.0	-1.0	64.0	-1.0	36.0	64.0	-1.0	-1.0	-1.0	37.0	49.0	58.0	-1.0	35.0	68.0	45.0	42.0	-1.0	22.0	69.0	43.0	-1.0	-1.0	-1.0	35.0	64.0	32.0	38.0	-1.0	58.0	-1.0	53.0	74.0	74.0	27.0	65.0	18.0	-1.0	-1.0	
61.0	47.0	44.0	-1.0	-1.0	-1.0	-1.0	34.0	59.0	-1.0	-1.0	-1.0	-1.0	64.0	-1.0	31.0	30.0	61.0	-1.0	-1.0	-1.0	49.0	58.0	70.0	-1.0	44.0	-1.0	42.0	41.0	22.0	38.0	43.0	-1.0	-1.0	28.0	35.0	38.0	28.0	-1.0	-1.0	-1.0	-1.0	-1.0	74.0	-1.0	-1.0	-1.0	18.0	46.0	72.0	
-1.0	-1.0	-1.0	58.0	-1.0	-1.0	74.0	34.0	59.0	25.0	-1.0	-1.0	-1.0	57.0	-1.0	36.0	-1.0	61.0	-1.0	-1.0	-1.0	-1.0	58.0	-1.0	35.0	44.0	-1.0	42.0	41.0	22.0	38.0	43.0	-1.0	75.0	28.0	35.0	42.0	-1.0	38.0	56.0	30.0	-1.0	66.0	74.0	45.0	-1.0	-1.0	18.0	-1.0	-1.0	
61.0	-1.0	-1.0	59.0	-1.0	-1.0	-1.0	-1.0	-1.0	-1.0	-1.0	67.0	-1.0	57.0	-1.0	-1.0	-1.0	61.0	-1.0	43.0	-1.0	53.0	-1.0	-1.0	-1.0	44.0	-1.0	42.0	-1.0	-1.0	-1.0	-1.0	-1.0	-1.0	-1.0	-1.0	38.0	-1.0	-1.0	-1.0	-1.0	-1.0	-1.0	-1.0	-1.0	-1.0	65.0	-1.0	-1.0	-1.0	
61.0	-1.0	-1.0	58.0	-1.0	-1.0	-1.0	34.0	64.0	25.0	-1.0	-1.0	-1.0	-1.0	-1.0	31.0	30.0	-1.0	-1.0	-1.0	-1.0	49.0	58.0	70.0	-1.0	44.0	45.0	-1.0	56.0	31.0	-1.0	43.0	68.0	-1.0	28.0	35.0	38.0	-1.0	-1.0	56.0	30.0	38.0	-1.0	-1.0	45.0	27.0	-1.0	44.0	46.0	-1.0	
61.0	-1.0	-1.0	58.0	-1.0	-1.0	-1.0	34.0	59.0	25.0	-1.0	-1.0	-1.0	57.0	-1.0	31.0	30.0	-1.0	-1.0	-1.0	-1.0	49.0	-1.0	70.0	-1.0	44.0	45.0	42.0	-1.0	22.0	38.0	-1.0	-1.0	-1.0	28.0	35.0	-1.0	28.0	38.0	-1.0	-1.0	38.0	-1.0	74.0	45.0	-1.0	-1.0	18.0	-1.0	-1.0	
61.0	-1.0	-1.0	-1.0	-1.0	-1.0	-1.0	74.0	59.0	-1.0	-1.0	67.0	-1.0	57.0	-1.0	31.0	30.0	-1.0	64.0	-1.0	-1.0	-1.0	58.0	70.0	35.0	55.0	45.0	42.0	41.0	45.0	38.0	-1.0	-1.0	75.0	-1.0	35.0	42.0	28.0	-1.0	-1.0	30.0	-1.0	66.0	74.0	-1.0	-1.0	65.0	18.0	-1.0	-1.0	
61.0	-1.0	-1.0	-1.0	-1.0	-1.0	-1.0	34.0	59.0	-1.0	-1.0	-1.0	-1.0	57.0	32.0	31.0	-1.0	61.0	-1.0	-1.0	21.0	-1.0	-1.0	-1.0	35.0	44.0	45.0	42.0	-1.0	31.0	69.0	43.0	-1.0	-1.0	-1.0	35.0	-1.0	28.0	38.0	-1.0	-1.0	-1.0	66.0	74.0	-1.0	27.0	-1.0	18.0	46.0	-1.0	
61.0	-1.0	-1.0	-1.0	32.0	29.0	-1.0	34.0	59.0	25.0	-1.0	-1.0	-1.0	-1.0	-1.0	46.0	30.0	-1.0	-1.0	43.0	-1.0	49.0	-1.0	-1.0	35.0	44.0	45.0	42.0	-1.0	22.0	38.0	43.0	-1.0	-1.0	-1.0	35.0	38.0	28.0	38.0	-1.0	-1.0	-1.0	-1.0	-1.0	-1.0	27.0	65.0	18.0	-1.0	-1.0	
61.0	47.0	-1.0	-1.0	-1.0	-1.0	74.0	34.0	64.0	-1.0	-1.0	-1.0	56.0	57.0	-1.0	31.0	51.0	61.0	-1.0	73.0	-1.0	49.0	-1.0	-1.0	35.0	-1.0	45.0	42.0	-1.0	22.0	38.0	-1.0	-1.0	-1.0	28.0	35.0	38.0	28.0	-1.0	56.0	30.0	38.0	-1.0	74.0	45.0	-1.0	65.0	18.0	63.0	-1.0	
61.0	47.0	44.0	-1.0	-1.0	-1.0	-1.0	34.0	74.0	25.0	51.0	-1.0	-1.0	64.0	-1.0	31.0	-1.0	61.0	-1.0	-1.0	37.0	49.0	-1.0	-1.0	35.0	44.0	45.0	42.0	47.0	22.0	69.0	43.0	-1.0	-1.0	28.0	35.0	38.0	28.0	38.0	-1.0	-1.0	-1.0	66.0	74.0	74.0	-1.0	-1.0	18.0	-1.0	44.0	
61.0	-1.0	44.0	58.0	-1.0	-1.0	-1.0	34.0	74.0	-1.0	72.0	-1.0	-1.0	57.0	-1.0	31.0	30.0	61.0	64.0	-1.0	21.0	49.0	-1.0	70.0	35.0	44.0	-1.0	-1.0	-1.0	22.0	38.0	-1.0	-1.0	75.0	-1.0	35.0	-1.0	28.0	-1.0	-1.0	-1.0	-1.0	66.0	74.0	-1.0	-1.0	-1.0	18.0	46.0	72.0	
61.0	-1.0	-1.0	58.0	32.0	63.0	-1.0	34.0	59.0	41.0	-1.0	-1.0	-1.0	64.0	32.0	31.0	44.0	61.0	-1.0	-1.0	21.0	-1.0	58.0	-1.0	-1.0	44.0	-1.0	42.0	41.0	22.0	38.0	43.0	68.0	75.0	-1.0	35.0	42.0	28.0	38.0	56.0	-1.0	-1.0	-1.0	-1.0	-1.0	30.0	65.0	18.0	-1.0	44.0	
61.0	47.0	-1.0	-1.0	32.0	-1.0	-1.0	34.0	64.0	53.0	-1.0	67.0	-1.0	57.0	-1.0	31.0	-1.0	61.0	-1.0	-1.0	21.0	49.0	-1.0	70.0	-1.0	-1.0	45.0	42.0	47.0	45.0	-1.0	43.0	-1.0	-1.0	-1.0	35.0	38.0	28.0	38.0	56.0	-1.0	73.0	-1.0	74.0	-1.0	27.0	65.0	18.0	-1.0	44.0	

maxX :
58.0	58.0	58.0	58.0	58.0	48.0	58.0	58.0	58.0	50.0	58.0	58.0	58.0	53.0	58.0	

maxW :
74.0	74.0	74.0	75.0	67.0	70.0	74.0	75.0	74.0	65.0	74.0	74.0	75.0	75.0	74.0	

minX :
0.0	0.0	0.0	0.0	0.0	0.0	0.0	0.0	0.0	0.0	0.0	0.0	0.0	0.0	0.0	

minW :
18.0	18.0	18.0	18.0	38.0	25.0	18.0	18.0	18.0	18.0	18.0	18.0	18.0	18.0	18.0	

moyX :
24.20689655172414	26.25	26.0	24.666666666666668	31.384615384615383	23.153846153846153	25.0	31.115384615384617	23.652173913043477	19.125	26.379310344827587	25.8	28.692307692307693	25.29032258064516	27.689655172413794	

moyW :
44.93103448275862	49.78125	45.26923076923077	45.7037037037037	53.63636363636363	44.38461538461539	42.130434782608695	50.19230769230769	43.34782608695652	38.583333333333336	46.827586206896555	45.6	49.19230769230769	44.774193548387096	47.06896551724138	

medX :
23.0	25.0	24.0	23.0	33.0	19.5	23.0	34.5	22.0	14.5	25.0	24.0	25.0	23.0	25.0	

medW :
38.0	51.0	43.5	42.0	57.0	44.0	38.0	50.0	42.0	38.0	45.0	44.0	47.5	42.0	45.0	

ecartTypeX :
15.148413619788542	15.947178433817061	13.947704525779915	16.699966733167134	15.655121853140791	13.841665939341672	14.379937715291126	16.802762875095464	14.90144053629416	13.83327058218699	16.56421942144021	16.477054752999194	15.498806978328341	14.960579487627449	16.696279677027086	

ecartTypeW :
17.38792889747478	16.51653409276595	15.265742674638663	15.841377640276054	9.735340749256403	13.211524465338012	14.880113217854946	16.412985550306082	15.479604240677961	11.70440325499577	15.693330376677025	15.698407562552324	18.363884352737305	14.959536126626032	15.371112706190047	

varX :
229.474435196195	254.3125	194.53846153846155	278.8888888888889	245.08284023668637	191.59171597633136	206.7826086956522	282.3328402366864	222.05293005671078	191.359375	274.3733650416171	271.49333333333334	240.21301775147927	223.8189386056192	278.7657550535077	

varW :
302.3400713436385	272.7958984375	233.042899408284	250.94924554183814	94.77685950413223	174.54437869822485	221.41776937618147	269.3860946745562	239.61814744801512	136.99305555555557	246.28061831153386	246.44	337.23224852071	223.78772112382939	236.27110582639713	

covarX :
237.66995073891624	262.51612903225805	202.32	289.6153846153846	254.88615384615383	199.25538461538466	216.1818181818182	293.6261538461539	232.14624505928856	199.67934782608694	284.1724137931035	280.8551724137931	249.82153846153844	231.27956989247318	288.72167487684726	

covarW :
313.1379310344828	281.59576612903226	242.36461538461532	260.6011396011396	104.25454545454545	181.52615384615385	231.4822134387352	280.16153846153844	250.5098814229249	142.94927536231887	255.0763546798029	254.9379310344828	350.72153846153844	231.24731182795702	244.70935960591132	

coef_variationX :
0.6257891666294412	0.6075115593835071	0.5364501740684583	0.6770256783716405	0.4988151570853684	0.5978128146559526	0.575197508611645	0.5400146288658616	0.6300241403212605	0.7233082657352675	0.6279246578062302	0.6386455330619842	0.5401728973680119	0.5915535256587384	0.6029789671653617	

coef_variationW :
0.3869915103812499	0.3317822291076651	0.3372211635859008	0.34661036976292825	0.18150635295223805	0.2976599966194006	0.35319154180667056	0.3270020109639526	0.35710220414803723	0.3033538640603655	0.33513003013522363	0.34426332374018254	0.3733080478273416	0.33411067717968806	0.3265657644538545	

moy_distances_centre :	44.0
min_distances_centre :	25.0
max_distances_centre :	64.0
med_distances_centre :	41.5
ecartType_distances_centre :	11.661903789690601
var_distances_centre :	136.0
covar_distances_centre :	143.1578947368421
coef_variation_distances_centre :	0.26504326794751365
capacite_X_temoin : 
175.0	162.0	162.0	153.0	166.0	
144.0	138.0	168.0	138.0	135.0	
153.0	160.0	138.0	159.0	163.0	
135.0	171.0	142.0	175.0	136.0	
151.0	159.0	0.0	159.0	174.0	
175.0	160.0	163.0	150.0	144.0	
157.0	141.0	168.0	139.0	175.0	
157.0	144.0	168.0	153.0	163.0	
138.0	174.0	175.0	160.0	145.0	
145.0	138.0	165.0	163.0	145.0	
175.0	136.0	174.0	150.0	144.0	
166.0	168.0	178.0	172.0	141.0	
162.0	147.0	154.0	178.0	162.0	
139.0	160.0	141.0	165.0	174.0	
171.0	136.0	159.0	163.0	178.0	

capacite_W_temoin : 
184.5	160.6	190.6	95.9	81.8	
125.19999999999999	141.4	176.4	43.4	41.5	
176.9	180.0	156.4	64.69999999999999	102.9	
169.5	222.3	138.6	72.5	57.8	
153.3	182.7	0.0	77.69999999999999	80.19999999999999	
190.5	208.0	211.9	75.0	43.199999999999996	
176.1	183.3	173.4	85.69999999999999	104.5	
184.1	134.2	198.4	58.9	118.9	
147.4	192.2	171.5	88.0	98.5	
152.5	170.4	171.5	94.9	97.5	
204.5	173.8	204.2	83.0	43.199999999999996	
162.8	180.4	186.4	85.6	47.3	
182.6	159.1	177.2	82.4	90.6	
142.7	170.0	126.3	91.5	92.19999999999999	
181.3	140.8	161.7	82.9	132.4	

demande_cumulee_X : 
43.0	50.0	20.0	103.0	134.0	
62.0	38.0	42.0	136.0	134.0	
22.0	28.0	23.0	142.0	109.0	
6.0	0.0	46.0	155.0	119.0	
43.0	24.0	0.0	129.0	146.0	
37.0	0.0	0.0	120.0	144.0	
28.0	0.0	45.0	95.0	123.0	
20.0	53.0	20.0	140.0	93.0	
32.0	34.0	56.0	120.0	90.0	
36.0	9.0	43.0	117.0	91.0	
23.0	3.0	22.0	112.0	144.0	
53.0	38.0	45.0	138.0	136.0	
28.0	32.0	23.0	149.0	120.0	
38.0	38.0	57.0	123.0	134.0	
41.0	36.0	45.0	129.0	99.0	

demande_cumulee_W : 
50.0	87.0	85.0	92.0	36.0	
80.0	138.0	128.0	35.0	31.0	
23.0	95.0	100.0	59.0	47.0	
63.0	102.0	98.0	42.0	21.0	
66.0	160.0	0.0	75.0	41.0	
18.0	76.0	105.0	72.0	30.0	
45.0	73.0	84.0	61.0	28.0	
42.0	73.0	76.0	56.0	79.0	
78.0	60.0	91.0	76.0	27.0	
52.0	63.0	92.0	61.0	28.0	
22.0	75.0	87.0	81.0	39.0	
90.0	90.0	118.0	69.0	43.0	
39.0	85.0	93.0	78.0	57.0	
80.0	84.0	94.0	87.0	45.0	
61.0	62.0	84.0	82.0	61.0	

capacite_residuelle_X : 
132.0	112.0	142.0	50.0	32.0	
82.0	100.0	126.0	2.0	1.0	
131.0	132.0	115.0	17.0	54.0	
129.0	171.0	96.0	20.0	17.0	
108.0	135.0	0.0	30.0	28.0	
138.0	160.0	163.0	30.0	0.0	
129.0	141.0	123.0	44.0	52.0	
137.0	91.0	148.0	13.0	70.0	
106.0	140.0	119.0	40.0	55.0	
109.0	129.0	122.0	46.0	54.0	
152.0	133.0	152.0	38.0	0.0	
113.0	130.0	133.0	34.0	5.0	
134.0	115.0	131.0	29.0	42.0	
101.0	122.0	84.0	42.0	40.0	
130.0	100.0	114.0	34.0	79.0	

capacite_residuelle_W : 
134.5	73.6	105.6	3.9000000000000057	45.8	
45.19999999999999	3.4000000000000057	48.400000000000006	8.399999999999999	10.5	
153.9	85.0	56.400000000000006	5.699999999999989	55.900000000000006	
106.5	120.30000000000001	40.599999999999994	30.5	36.8	
87.30000000000001	22.69999999999999	0.0	2.6999999999999886	39.19999999999999	
172.5	132.0	106.9	3.0	13.199999999999996	
131.1	110.30000000000001	89.4	24.69999999999999	76.5	
142.1	61.19999999999999	122.4	2.8999999999999986	39.900000000000006	
69.4	132.2	80.5	12.0	71.5	
100.5	107.4	79.5	33.900000000000006	69.5	
182.5	98.80000000000001	117.19999999999999	2.0	4.199999999999996	
72.80000000000001	90.4	68.4	16.599999999999994	4.299999999999997	
143.6	74.1	84.19999999999999	4.400000000000006	33.599999999999994	
62.69999999999999	86.0	32.3	4.5	47.19999999999999	
120.30000000000001	78.80000000000001	77.69999999999999	0.9000000000000057	71.4	

min_capacite_X : 
153.0	135.0	138.0	135.0	0.0	144.0	139.0	144.0	138.0	138.0	136.0	141.0	147.0	139.0	136.0	

min_capacite_W : 
81.8	41.5	64.69999999999999	57.8	0.0	43.199999999999996	85.69999999999999	58.9	88.0	94.9	43.199999999999996	47.3	82.4	91.5	82.9	

max_capacite_X : 
175.0	168.0	163.0	175.0	174.0	175.0	175.0	168.0	175.0	165.0	175.0	178.0	178.0	174.0	178.0	

max_capacite_W : 
190.6	176.4	180.0	222.3	182.7	211.9	183.3	198.4	192.2	171.5	204.5	186.4	182.6	170.0	181.3	

moy_capacite_X : 
163.6	144.6	154.6	151.8	128.6	158.4	156.0	157.0	158.4	151.2	155.8	165.0	160.6	155.8	161.4	

moy_capacite_W : 
142.68	105.58	136.18	132.14	98.78	145.72	144.6	138.89999999999998	139.52	137.35999999999999	141.74	132.5	138.38	124.54	139.82	

med_capacite_X : 
162.0	138.0	159.0	142.0	159.0	160.0	157.0	157.0	160.0	145.0	150.0	168.0	162.0	160.0	163.0	

med_capacite_W : 
160.6	125.19999999999999	156.4	138.6	80.19999999999999	190.5	173.4	134.2	147.4	152.5	173.8	162.8	159.1	126.3	140.8	

ecartType_capacite_X : 
7.116178749862878	12.059850745345068	8.912911982062878	17.52027397046062	64.72897341994542	10.744300814850634	14.2828568570857	8.270429251254134	14.947909552843836	10.777754868245983	15.904716281656833	12.680693987317888	10.34601372510205	13.673331708109767	14.291256067959877	

ecartType_capacite_W : 
45.30145251534436	54.14072034984389	45.17545351183539	61.07322162781328	64.12810304382938	71.79903620523051	40.979507073658176	49.81040052037325	40.489376384429534	34.287233775853075	66.3753448201966	55.814621740185615	43.14720848444311	30.123120688268674	33.151856659921776	

var_capacite_X : 
50.63999999999999	145.44	79.44000000000001	306.96	4189.84	115.44000000000001	204.0	68.4	223.44	116.16	252.95999999999998	160.8	107.04	186.95999999999998	204.23999999999998	

var_capacite_W : 
2052.2216	2931.2176000000004	2040.8216000000004	3729.9384000000005	4112.4136	5155.101600000001	1679.3200000000004	2481.076	1639.3895999999997	1175.6144	4405.6864000000005	3115.272000000001	1861.6816	907.4024000000002	1099.0456	

covar_capacite_X : 
63.29999999999999	181.8	99.30000000000001	383.7	5237.3	144.3	255.0	85.5	279.3	145.2	316.2	201.0	133.8	233.7	255.29999999999998	

covar_capacite_W : 
2565.277	3664.0220000000004	2551.0270000000005	4662.423000000001	5140.517	6443.877000000001	2099.1500000000005	3101.345	2049.2369999999996	1469.518	5507.108	3894.090000000001	2327.102	1134.2530000000002	1373.8069999999998	

##########	##########	##########	##########	##########	##########	##########	##########	##########	##########	##########	##########	##########	##########	##########	##########	##########	##########	##########	##########	##########	##########	##########	##########	##########	##########	##########	##########	##########	##########	##########	##########	##########	##########	##########	##########	##########	##########	##########	##########	##########	##########	##########	##########	##########	##########	##########	##########	##########	##########	