nombre de noeuds : 50
nombre de strates : 20
nombre de centres : 5
titre : fenetre
instances : p7_5
temps de calcul : 0.12527799606323242
valeur objective : 2159.0
nombre de solutions : 3
nombre de noeuds : 1.0
faisability : True
centre : [27, 23, 33, 10, 40]
moy_distances :	47.35
min_distances :	1.0
max_distances :	120.0
var_distances :	507.7547355268637
covar_distances :	507.96206698277524
ecartType_distances :	22.533413756616277
coef_variation	: 0.47592123882508514
distances_centre_x :
-1.0	-1.0	12.0	-1.0	-1.0	-1.0	21.0	-1.0	19.0	-1.0	-1.0	42.0	-1.0	-1.0	10.0	-1.0	17.0	30.0	-1.0	31.0	33.0	-1.0	-1.0	-1.0	-1.0	-1.0	16.0	0.0	24.0	27.0	28.0	20.0	17.0	-1.0	23.0	18.0	31.0	-1.0	-1.0	22.0	-1.0	21.0	21.0	37.0	-1.0	-1.0	30.0	-1.0	-1.0	23.0	
-1.0	-1.0	12.0	-1.0	-1.0	-1.0	21.0	-1.0	19.0	-1.0	-1.0	42.0	-1.0	24.0	-1.0	-1.0	-1.0	30.0	-1.0	-1.0	33.0	-1.0	-1.0	0.0	-1.0	-1.0	16.0	0.0	-1.0	-1.0	-1.0	20.0	17.0	-1.0	23.0	18.0	31.0	-1.0	20.0	22.0	0.0	21.0	-1.0	37.0	19.0	-1.0	-1.0	-1.0	3.0	23.0	
-1.0	-1.0	12.0	-1.0	-1.0	19.0	21.0	-1.0	19.0	-1.0	-1.0	-1.0	11.0	-1.0	-1.0	-1.0	-1.0	30.0	-1.0	31.0	-1.0	-1.0	-1.0	-1.0	-1.0	-1.0	-1.0	-1.0	-1.0	-1.0	28.0	20.0	17.0	-1.0	23.0	18.0	31.0	-1.0	-1.0	22.0	0.0	-1.0	-1.0	37.0	-1.0	-1.0	-1.0	-1.0	3.0	23.0	
-1.0	-1.0	12.0	32.0	-1.0	19.0	21.0	-1.0	19.0	-1.0	-1.0	42.0	-1.0	-1.0	-1.0	25.0	25.0	-1.0	15.0	31.0	33.0	-1.0	42.0	0.0	-1.0	-1.0	-1.0	0.0	-1.0	-1.0	28.0	20.0	17.0	0.0	-1.0	18.0	31.0	-1.0	-1.0	22.0	-1.0	21.0	-1.0	-1.0	19.0	-1.0	-1.0	8.0	3.0	23.0	
-1.0	-1.0	-1.0	-1.0	-1.0	19.0	-1.0	-1.0	-1.0	-1.0	-1.0	-1.0	-1.0	-1.0	-1.0	-1.0	-1.0	30.0	-1.0	-1.0	-1.0	-1.0	-1.0	-1.0	-1.0	-1.0	-1.0	-1.0	-1.0	-1.0	28.0	-1.0	-1.0	-1.0	-1.0	-1.0	-1.0	-1.0	-1.0	-1.0	-1.0	21.0	-1.0	-1.0	19.0	-1.0	-1.0	-1.0	-1.0	-1.0	
-1.0	-1.0	12.0	32.0	-1.0	-1.0	21.0	-1.0	19.0	-1.0	-1.0	42.0	-1.0	24.0	10.0	-1.0	-1.0	30.0	15.0	31.0	33.0	18.0	-1.0	-1.0	-1.0	-1.0	-1.0	-1.0	-1.0	27.0	-1.0	20.0	17.0	0.0	23.0	18.0	39.0	24.0	-1.0	22.0	-1.0	21.0	-1.0	-1.0	19.0	-1.0	-1.0	-1.0	-1.0	-1.0	
17.0	-1.0	14.0	-1.0	-1.0	-1.0	21.0	-1.0	19.0	-1.0	-1.0	42.0	11.0	24.0	-1.0	-1.0	-1.0	30.0	-1.0	31.0	33.0	-1.0	19.0	-1.0	-1.0	-1.0	16.0	-1.0	-1.0	-1.0	28.0	20.0	-1.0	-1.0	23.0	-1.0	31.0	-1.0	-1.0	-1.0	0.0	-1.0	-1.0	37.0	19.0	-1.0	-1.0	-1.0	3.0	23.0	
-1.0	-1.0	14.0	-1.0	-1.0	19.0	21.0	-1.0	19.0	-1.0	0.0	42.0	-1.0	24.0	10.0	-1.0	17.0	30.0	-1.0	31.0	33.0	-1.0	-1.0	0.0	-1.0	-1.0	-1.0	-1.0	24.0	-1.0	-1.0	20.0	17.0	-1.0	23.0	18.0	31.0	19.0	20.0	-1.0	-1.0	21.0	-1.0	37.0	19.0	-1.0	30.0	-1.0	-1.0	23.0	
-1.0	-1.0	12.0	-1.0	21.0	-1.0	21.0	-1.0	-1.0	-1.0	-1.0	42.0	-1.0	-1.0	10.0	25.0	-1.0	30.0	-1.0	-1.0	33.0	18.0	-1.0	-1.0	-1.0	19.0	-1.0	0.0	-1.0	-1.0	28.0	20.0	17.0	-1.0	-1.0	18.0	31.0	-1.0	29.0	22.0	0.0	-1.0	21.0	-1.0	19.0	-1.0	-1.0	-1.0	3.0	-1.0	
-1.0	-1.0	-1.0	-1.0	-1.0	-1.0	-1.0	-1.0	-1.0	-1.0	-1.0	-1.0	-1.0	-1.0	-1.0	-1.0	-1.0	-1.0	-1.0	-1.0	-1.0	-1.0	-1.0	-1.0	-1.0	-1.0	-1.0	-1.0	-1.0	-1.0	-1.0	-1.0	-1.0	-1.0	-1.0	-1.0	-1.0	-1.0	-1.0	-1.0	-1.0	-1.0	-1.0	-1.0	-1.0	-1.0	-1.0	-1.0	-1.0	-1.0	
17.0	-1.0	22.0	-1.0	-1.0	19.0	21.0	32.0	19.0	-1.0	0.0	42.0	11.0	-1.0	-1.0	-1.0	-1.0	30.0	15.0	31.0	33.0	18.0	-1.0	-1.0	-1.0	-1.0	16.0	0.0	24.0	-1.0	-1.0	20.0	17.0	-1.0	39.0	18.0	31.0	-1.0	20.0	22.0	0.0	-1.0	-1.0	-1.0	19.0	-1.0	-1.0	-1.0	-1.0	23.0	
-1.0	-1.0	12.0	-1.0	12.0	-1.0	21.0	32.0	19.0	-1.0	0.0	42.0	11.0	24.0	-1.0	-1.0	17.0	30.0	-1.0	31.0	33.0	-1.0	-1.0	-1.0	-1.0	19.0	16.0	-1.0	-1.0	28.0	28.0	20.0	17.0	-1.0	39.0	18.0	-1.0	19.0	20.0	-1.0	0.0	21.0	21.0	37.0	19.0	-1.0	-1.0	-1.0	3.0	23.0	
-1.0	-1.0	12.0	-1.0	-1.0	-1.0	-1.0	-1.0	19.0	-1.0	0.0	42.0	11.0	-1.0	-1.0	-1.0	25.0	30.0	-1.0	31.0	33.0	-1.0	-1.0	-1.0	-1.0	-1.0	16.0	0.0	24.0	-1.0	-1.0	-1.0	-1.0	-1.0	-1.0	18.0	31.0	-1.0	-1.0	22.0	-1.0	-1.0	21.0	37.0	19.0	-1.0	-1.0	-1.0	3.0	-1.0	
-1.0	-1.0	14.0	-1.0	-1.0	-1.0	21.0	-1.0	19.0	18.0	-1.0	42.0	11.0	-1.0	-1.0	-1.0	-1.0	30.0	15.0	31.0	33.0	-1.0	19.0	-1.0	-1.0	-1.0	16.0	0.0	-1.0	27.0	-1.0	20.0	17.0	-1.0	23.0	18.0	31.0	-1.0	-1.0	22.0	0.0	21.0	21.0	37.0	19.0	-1.0	-1.0	-1.0	-1.0	23.0	
-1.0	-1.0	12.0	-1.0	-1.0	19.0	21.0	32.0	19.0	-1.0	-1.0	42.0	-1.0	-1.0	-1.0	25.0	-1.0	-1.0	-1.0	-1.0	33.0	-1.0	-1.0	-1.0	-1.0	-1.0	-1.0	0.0	24.0	-1.0	39.0	20.0	-1.0	0.0	-1.0	18.0	31.0	-1.0	-1.0	22.0	0.0	-1.0	-1.0	37.0	-1.0	-1.0	-1.0	-1.0	3.0	23.0	
-1.0	33.0	12.0	-1.0	-1.0	-1.0	21.0	-1.0	19.0	-1.0	0.0	42.0	-1.0	-1.0	-1.0	25.0	17.0	30.0	15.0	31.0	33.0	-1.0	-1.0	-1.0	-1.0	-1.0	16.0	0.0	24.0	27.0	28.0	-1.0	17.0	-1.0	-1.0	18.0	-1.0	24.0	20.0	22.0	0.0	21.0	21.0	37.0	19.0	22.0	-1.0	-1.0	3.0	-1.0	
-1.0	33.0	-1.0	-1.0	-1.0	-1.0	21.0	32.0	19.0	-1.0	-1.0	42.0	-1.0	-1.0	-1.0	-1.0	-1.0	-1.0	15.0	31.0	33.0	-1.0	-1.0	-1.0	32.0	-1.0	-1.0	-1.0	-1.0	27.0	-1.0	20.0	-1.0	-1.0	23.0	18.0	31.0	19.0	20.0	22.0	0.0	-1.0	21.0	-1.0	19.0	-1.0	-1.0	8.0	3.0	-1.0	
-1.0	-1.0	12.0	-1.0	-1.0	19.0	21.0	32.0	19.0	-1.0	0.0	42.0	11.0	-1.0	-1.0	25.0	-1.0	-1.0	15.0	31.0	33.0	-1.0	19.0	-1.0	-1.0	-1.0	16.0	-1.0	24.0	27.0	-1.0	-1.0	17.0	0.0	23.0	18.0	31.0	-1.0	-1.0	22.0	0.0	21.0	-1.0	-1.0	19.0	-1.0	-1.0	-1.0	3.0	23.0	
-1.0	-1.0	12.0	-1.0	-1.0	-1.0	21.0	-1.0	19.0	-1.0	-1.0	42.0	-1.0	24.0	10.0	-1.0	17.0	30.0	15.0	-1.0	33.0	-1.0	-1.0	-1.0	-1.0	-1.0	16.0	-1.0	-1.0	27.0	-1.0	20.0	17.0	-1.0	-1.0	18.0	31.0	-1.0	20.0	-1.0	-1.0	21.0	-1.0	-1.0	-1.0	-1.0	30.0	8.0	3.0	-1.0	
-1.0	-1.0	12.0	-1.0	-1.0	-1.0	21.0	-1.0	-1.0	-1.0	0.0	42.0	11.0	-1.0	10.0	-1.0	-1.0	30.0	-1.0	31.0	-1.0	-1.0	-1.0	-1.0	-1.0	-1.0	-1.0	0.0	-1.0	-1.0	-1.0	20.0	17.0	-1.0	23.0	18.0	37.0	-1.0	20.0	22.0	-1.0	-1.0	-1.0	37.0	-1.0	-1.0	-1.0	-1.0	3.0	-1.0	

distances_centre_w :
-1.0	-1.0	14.0	-1.0	-1.0	-1.0	36.0	-1.0	20.0	-1.0	-1.0	62.0	-1.0	-1.0	37.0	-1.0	25.0	48.0	-1.0	47.0	63.0	-1.0	-1.0	-1.0	-1.0	-1.0	25.0	23.0	26.0	27.0	36.0	54.0	27.0	-1.0	57.0	18.0	31.0	-1.0	-1.0	27.0	-1.0	43.0	43.0	45.0	-1.0	-1.0	49.0	-1.0	-1.0	30.0	
-1.0	-1.0	14.0	-1.0	-1.0	-1.0	36.0	-1.0	20.0	-1.0	-1.0	62.0	-1.0	27.0	-1.0	-1.0	-1.0	48.0	-1.0	-1.0	63.0	-1.0	-1.0	28.0	-1.0	-1.0	25.0	23.0	-1.0	-1.0	-1.0	38.0	27.0	-1.0	39.0	18.0	37.0	-1.0	50.0	27.0	57.0	58.0	-1.0	45.0	66.0	-1.0	-1.0	-1.0	30.0	30.0	
-1.0	-1.0	14.0	-1.0	-1.0	40.0	36.0	-1.0	20.0	-1.0	-1.0	-1.0	21.0	-1.0	-1.0	-1.0	-1.0	48.0	-1.0	47.0	-1.0	-1.0	-1.0	-1.0	-1.0	-1.0	-1.0	-1.0	-1.0	-1.0	36.0	38.0	50.0	-1.0	39.0	18.0	37.0	-1.0	-1.0	27.0	57.0	-1.0	-1.0	45.0	-1.0	-1.0	-1.0	-1.0	30.0	30.0	
-1.0	-1.0	14.0	48.0	-1.0	40.0	36.0	-1.0	20.0	-1.0	-1.0	62.0	-1.0	-1.0	-1.0	41.0	49.0	-1.0	56.0	47.0	63.0	-1.0	50.0	28.0	-1.0	-1.0	-1.0	23.0	-1.0	-1.0	39.0	38.0	27.0	10.0	-1.0	18.0	39.0	-1.0	-1.0	27.0	-1.0	43.0	-1.0	-1.0	66.0	-1.0	-1.0	20.0	30.0	30.0	
-1.0	-1.0	-1.0	-1.0	-1.0	-1.0	36.0	-1.0	-1.0	-1.0	-1.0	62.0	-1.0	-1.0	-1.0	-1.0	-1.0	-1.0	-1.0	-1.0	-1.0	-1.0	-1.0	-1.0	-1.0	-1.0	-1.0	-1.0	-1.0	-1.0	-1.0	-1.0	-1.0	-1.0	-1.0	-1.0	40.0	-1.0	-1.0	-1.0	-1.0	-1.0	-1.0	-1.0	-1.0	-1.0	-1.0	-1.0	-1.0	-1.0	
-1.0	-1.0	14.0	46.0	-1.0	-1.0	36.0	-1.0	20.0	-1.0	-1.0	62.0	-1.0	27.0	37.0	-1.0	-1.0	48.0	46.0	47.0	63.0	20.0	-1.0	-1.0	-1.0	-1.0	-1.0	-1.0	-1.0	28.0	-1.0	38.0	50.0	10.0	39.0	18.0	40.0	40.0	-1.0	27.0	-1.0	43.0	-1.0	-1.0	66.0	-1.0	-1.0	-1.0	-1.0	-1.0	
24.0	-1.0	22.0	-1.0	-1.0	-1.0	36.0	-1.0	20.0	-1.0	-1.0	62.0	21.0	27.0	-1.0	-1.0	-1.0	48.0	-1.0	41.0	63.0	-1.0	27.0	-1.0	-1.0	-1.0	25.0	-1.0	-1.0	-1.0	36.0	38.0	-1.0	-1.0	39.0	-1.0	37.0	-1.0	-1.0	-1.0	57.0	-1.0	-1.0	45.0	66.0	-1.0	-1.0	-1.0	30.0	30.0	
-1.0	-1.0	22.0	-1.0	-1.0	40.0	36.0	-1.0	20.0	-1.0	10.0	62.0	-1.0	27.0	37.0	-1.0	49.0	48.0	-1.0	47.0	63.0	-1.0	-1.0	28.0	-1.0	-1.0	-1.0	-1.0	26.0	-1.0	-1.0	38.0	27.0	-1.0	39.0	18.0	37.0	24.0	29.0	-1.0	-1.0	43.0	-1.0	45.0	66.0	-1.0	49.0	-1.0	-1.0	30.0	
-1.0	-1.0	14.0	-1.0	31.0	-1.0	36.0	-1.0	-1.0	-1.0	-1.0	62.0	-1.0	-1.0	37.0	41.0	-1.0	48.0	-1.0	-1.0	63.0	20.0	-1.0	-1.0	-1.0	45.0	-1.0	23.0	-1.0	-1.0	36.0	38.0	27.0	-1.0	-1.0	18.0	37.0	-1.0	50.0	27.0	57.0	-1.0	43.0	-1.0	66.0	-1.0	-1.0	-1.0	30.0	-1.0	
-1.0	-1.0	-1.0	-1.0	-1.0	-1.0	-1.0	-1.0	-1.0	-1.0	-1.0	-1.0	-1.0	-1.0	-1.0	-1.0	-1.0	-1.0	-1.0	-1.0	-1.0	-1.0	-1.0	-1.0	-1.0	-1.0	-1.0	-1.0	-1.0	-1.0	-1.0	-1.0	-1.0	-1.0	-1.0	-1.0	-1.0	-1.0	-1.0	-1.0	-1.0	-1.0	-1.0	-1.0	-1.0	-1.0	-1.0	-1.0	-1.0	-1.0	
24.0	-1.0	40.0	-1.0	-1.0	40.0	36.0	44.0	20.0	-1.0	59.0	62.0	21.0	-1.0	-1.0	-1.0	-1.0	48.0	46.0	47.0	63.0	20.0	-1.0	-1.0	-1.0	-1.0	25.0	23.0	26.0	-1.0	-1.0	38.0	27.0	-1.0	49.0	18.0	39.0	-1.0	50.0	27.0	57.0	-1.0	-1.0	-1.0	66.0	-1.0	-1.0	-1.0	-1.0	30.0	
-1.0	-1.0	22.0	-1.0	21.0	-1.0	66.0	44.0	20.0	-1.0	10.0	62.0	21.0	27.0	-1.0	-1.0	49.0	48.0	-1.0	47.0	63.0	-1.0	-1.0	-1.0	-1.0	45.0	25.0	-1.0	-1.0	54.0	36.0	38.0	27.0	-1.0	49.0	59.0	-1.0	27.0	50.0	-1.0	57.0	43.0	43.0	45.0	66.0	-1.0	-1.0	-1.0	30.0	30.0	
-1.0	-1.0	14.0	-1.0	-1.0	-1.0	-1.0	-1.0	20.0	-1.0	10.0	62.0	29.0	-1.0	-1.0	-1.0	49.0	48.0	-1.0	47.0	63.0	-1.0	-1.0	-1.0	-1.0	-1.0	25.0	23.0	26.0	-1.0	-1.0	-1.0	-1.0	-1.0	-1.0	38.0	37.0	-1.0	-1.0	27.0	-1.0	-1.0	43.0	45.0	66.0	-1.0	-1.0	-1.0	30.0	-1.0	
-1.0	-1.0	22.0	-1.0	-1.0	-1.0	36.0	-1.0	20.0	25.0	-1.0	62.0	21.0	-1.0	-1.0	-1.0	-1.0	48.0	46.0	47.0	63.0	-1.0	40.0	-1.0	-1.0	-1.0	25.0	23.0	-1.0	27.0	-1.0	38.0	50.0	-1.0	44.0	38.0	37.0	-1.0	-1.0	27.0	57.0	43.0	43.0	45.0	66.0	-1.0	-1.0	-1.0	-1.0	30.0	
-1.0	-1.0	22.0	-1.0	-1.0	40.0	36.0	44.0	20.0	-1.0	-1.0	62.0	-1.0	-1.0	-1.0	41.0	-1.0	-1.0	-1.0	-1.0	63.0	-1.0	-1.0	-1.0	-1.0	-1.0	-1.0	23.0	26.0	-1.0	52.0	38.0	-1.0	10.0	-1.0	38.0	37.0	-1.0	-1.0	27.0	57.0	-1.0	-1.0	45.0	-1.0	-1.0	-1.0	-1.0	30.0	30.0	
-1.0	48.0	14.0	-1.0	-1.0	-1.0	36.0	-1.0	20.0	-1.0	32.0	62.0	-1.0	-1.0	-1.0	41.0	49.0	42.0	64.0	41.0	63.0	-1.0	-1.0	-1.0	-1.0	-1.0	25.0	28.0	26.0	54.0	44.0	-1.0	27.0	-1.0	-1.0	64.0	-1.0	40.0	29.0	27.0	57.0	43.0	43.0	45.0	66.0	37.0	-1.0	-1.0	30.0	-1.0	
-1.0	48.0	-1.0	-1.0	-1.0	-1.0	36.0	44.0	20.0	-1.0	-1.0	62.0	-1.0	-1.0	-1.0	-1.0	-1.0	-1.0	46.0	41.0	63.0	-1.0	-1.0	-1.0	61.0	-1.0	-1.0	-1.0	-1.0	27.0	-1.0	54.0	-1.0	-1.0	39.0	38.0	37.0	24.0	29.0	27.0	57.0	-1.0	43.0	-1.0	66.0	-1.0	-1.0	20.0	30.0	-1.0	
-1.0	-1.0	14.0	-1.0	-1.0	40.0	36.0	44.0	20.0	-1.0	10.0	62.0	21.0	-1.0	-1.0	41.0	-1.0	-1.0	46.0	47.0	63.0	-1.0	40.0	-1.0	-1.0	-1.0	25.0	-1.0	26.0	28.0	-1.0	-1.0	27.0	10.0	39.0	38.0	37.0	-1.0	-1.0	27.0	57.0	43.0	-1.0	-1.0	66.0	-1.0	-1.0	-1.0	30.0	30.0	
-1.0	-1.0	14.0	-1.0	-1.0	-1.0	36.0	-1.0	20.0	-1.0	-1.0	62.0	-1.0	27.0	37.0	-1.0	49.0	48.0	46.0	-1.0	63.0	-1.0	-1.0	-1.0	-1.0	-1.0	25.0	-1.0	-1.0	28.0	-1.0	38.0	27.0	-1.0	-1.0	38.0	37.0	-1.0	29.0	-1.0	-1.0	58.0	-1.0	-1.0	-1.0	-1.0	49.0	20.0	30.0	-1.0	
-1.0	-1.0	40.0	-1.0	-1.0	-1.0	41.0	-1.0	-1.0	-1.0	32.0	62.0	38.0	-1.0	37.0	-1.0	-1.0	44.0	-1.0	42.0	-1.0	-1.0	-1.0	-1.0	-1.0	-1.0	-1.0	32.0	-1.0	-1.0	-1.0	38.0	50.0	-1.0	39.0	38.0	40.0	-1.0	50.0	31.0	-1.0	-1.0	-1.0	45.0	-1.0	-1.0	-1.0	-1.0	61.0	-1.0	

maxX :
42.0	42.0	37.0	42.0	30.0	42.0	42.0	42.0	42.0	nan	42.0	42.0	42.0	42.0	42.0	42.0	42.0	42.0	42.0	42.0	

maxW :
63.0	66.0	57.0	66.0	62.0	66.0	66.0	66.0	66.0	nan	66.0	66.0	66.0	66.0	63.0	66.0	66.0	66.0	63.0	62.0	

minX :
0.0	0.0	0.0	0.0	19.0	0.0	0.0	0.0	0.0	nan	0.0	0.0	0.0	0.0	0.0	0.0	0.0	0.0	3.0	0.0	

minW :
14.0	14.0	14.0	10.0	36.0	10.0	20.0	10.0	14.0	nan	18.0	10.0	10.0	20.0	10.0	14.0	20.0	10.0	14.0	31.0	

moyX :
22.92	19.608695652173914	20.27777777777778	20.23076923076923	23.4	22.47826086956522	21.952380952380953	21.615384615384617	19.954545454545453	nan	20.703703703703702	21.066666666666666	20.736842105263158	21.076923076923077	21.0	20.586206896551722	22.227272727272727	19.37037037037037	20.666666666666668	19.666666666666668	

moyW :
36.52	37.73913043478261	35.166666666666664	37.07692307692308	46.0	37.608695652173914	37.80952380952381	36.92307692307692	38.59090909090909	nan	38.7037037037037	40.8	36.94736842105263	39.34615384615385	37.05	41.275862068965516	41.45454545454545	35.81481481481482	37.19047619047619	42.22222222222222	

medX :
22.0	20.0	20.5	20.5	21.0	21.0	21.0	20.5	20.5	nan	20.0	20.0	21.0	20.5	21.5	21.0	21.0	19.0	20.0	20.0	

medW :
36.0	36.0	36.5	38.5	40.0	39.0	36.0	37.0	37.0	nan	39.0	43.5	37.0	39.0	37.5	41.0	40.0	37.0	37.0	40.0	

ecartTypeX :
8.781434962464846	11.000945138980136	9.326220834921742	11.416276141840015	4.673328578219168	9.18822292141882	10.08759818728961	9.466852791458622	10.275643190341256	nan	10.312936194374789	10.214151403268353	11.643123587328535	9.41734519557101	12.573782247199924	10.374096525279418	9.935847944698292	10.245678937965156	8.977927077180711	12.115187896924164	

ecartTypeW :
13.647329409082204	15.220744972067758	11.648795836671036	15.038215618685708	11.430952132988164	15.070094574109008	14.002105445828487	13.941976123378351	14.389576691319723	nan	14.541931235580668	15.219286010410169	15.942243400906273	13.257631496591248	13.829226297953186	14.115036129833047	14.044498349328734	14.88981017971447	13.591380488484841	8.541113351545608	

varX :
77.11359999999999	121.02079395085066	86.97839506172839	130.33136094674555	21.839999999999996	84.42344045368618	101.75963718820863	89.62130177514791	105.58884297520662	nan	106.35665294924554	104.32888888888888	135.5623268698061	88.68639053254437	158.1	107.6218787158145	98.72107438016528	104.97393689986282	80.6031746031746	146.77777777777774	

varW :
186.24960000000002	231.6710775047259	135.69444444444446	226.14792899408278	130.66666666666666	227.10775047258977	196.0589569160998	194.37869822485206	207.05991735537188	nan	211.46776406035667	231.6266666666667	254.1551246537396	175.7647928994083	191.2475	199.2342449464923	197.24793388429754	221.70644718792863	184.72562358276642	72.95061728395063	

covarX :
80.32666666666665	126.52173913043478	92.09477124183006	135.54461538461538	27.299999999999997	88.26086956521738	106.84761904761906	93.20615384615382	110.61688311688312	nan	110.44729344729343	107.92643678160918	143.093567251462	92.23384615384616	166.42105263157893	111.46551724137933	103.4220779220779	109.01139601139602	84.63333333333333	155.41176470588235	

covarW :
194.00999999999993	242.201581027668	143.6764705882353	235.19384615384615	196.0	237.4308300395257	205.86190476190478	202.15384615384613	216.91991341991343	nan	219.60113960113958	239.6137931034483	268.27485380116957	182.79538461538465	201.31315789473683	206.34975369458124	206.64069264069266	230.23361823361822	193.96190476190478	77.24183006535948	

coef_variationX :
0.3831341606660055	0.5610238097484326	0.45992321925641466	0.5643026229806852	0.19971489650509267	0.4087604007594446	0.4595218263190495	0.437968278608406	0.5149525061218853	nan	0.49812035285888967	0.48484895901590286	0.5614704268001071	0.4468083486949749	0.5987515355809487	0.5039343370738746	0.4470115639741563	0.528935623948488	0.43441582631519565	0.616026503233432	

coef_variationW :
0.37369467166161563	0.4033146709188461	0.33124537924183045	0.40559502705998796	0.24849895941278619	0.40070771699943025	0.3703327636806023	0.3775951866748304	0.3728747788092272	nan	0.3757245391011273	0.37302171594142575	0.431485220252449	0.3369486010863856	0.3732584695803829	0.34196829387231276	0.33879272333907035	0.4157444414191217	0.36545325257129535	0.20228952674713283	

moy_distances_centre :	47.4
min_distances_centre :	10.0
max_distances_centre :	78.0
med_distances_centre :	53.0
ecartType_distances_centre :	21.712669112755343
var_distances_centre :	471.43999999999994
covar_distances_centre :	496.25263157894733
coef_variation_distances_centre :	0.45807318803281316
capacite_X_temoin : 
157.0	157.0	166.0	148.0	163.0	
154.0	154.0	153.0	174.0	141.0	
141.0	141.0	139.0	162.0	165.0	
150.0	156.0	174.0	139.0	162.0	
141.0	145.0	175.0	0.0	174.0	
166.0	168.0	172.0	148.0	159.0	
163.0	148.0	174.0	160.0	150.0	
160.0	157.0	172.0	162.0	148.0	
154.0	168.0	153.0	168.0	154.0	
144.0	157.0	142.0	157.0	0.0	
147.0	139.0	169.0	175.0	156.0	
163.0	154.0	175.0	171.0	136.0	
153.0	145.0	168.0	175.0	165.0	
153.0	165.0	136.0	135.0	157.0	
148.0	166.0	168.0	142.0	172.0	
138.0	166.0	171.0	168.0	145.0	
142.0	166.0	147.0	141.0	153.0	
175.0	162.0	148.0	163.0	178.0	
162.0	166.0	138.0	175.0	144.0	
177.0	157.0	171.0	154.0	171.0	

capacite_W_temoin : 
191.1	131.1	115.8	186.4	100.9	
180.2	135.2	93.9	213.2	84.3	
171.3	128.3	98.69999999999999	206.6	128.5	
182.0	121.8	139.2	163.7	87.6	
163.3	118.5	147.5	0.0	145.2	
193.8	178.4	169.6	149.4	83.69999999999999	
199.9	129.4	156.2	188.0	81.0	
183.0	135.1	180.6	180.6	60.4	
187.2	131.4	139.9	190.4	96.19999999999999	
172.2	47.1	145.6	79.1	0.0	
149.1	133.7	110.69999999999999	209.5	75.8	
178.9	124.19999999999999	158.5	202.3	48.8	
191.9	130.5	117.4	221.5	136.5	
185.9	166.5	71.8	150.5	85.1	
192.4	114.8	118.4	169.6	169.6	
149.4	101.8	123.3	216.4	54.5	
179.6	130.8	140.1	169.3	87.9	
205.5	123.6	85.4	200.9	117.4	
186.6	150.8	128.4	214.5	93.19999999999999	
203.1	125.1	168.3	196.2	179.3	

demande_cumulee_X : 
13.0	73.0	100.0	6.0	111.0	
20.0	65.0	105.0	13.0	99.0	
12.0	55.0	82.0	4.0	86.0	
13.0	81.0	87.0	17.0	123.0	
20.0	70.0	80.0	0.0	81.0	
22.0	40.0	54.0	43.0	123.0	
12.0	63.0	70.0	20.0	114.0	
25.0	69.0	43.0	30.0	132.0	
13.0	87.0	59.0	28.0	104.0	
15.0	157.0	39.0	125.0	0.0	
42.0	47.0	109.0	18.0	127.0	
33.0	76.0	69.0	20.0	128.0	
7.0	58.0	101.0	6.0	78.0	
13.0	48.0	105.0	25.0	119.0	
0.0	101.0	100.0	15.0	54.0	
30.0	114.0	99.0	2.0	134.0	
5.0	85.0	51.0	14.0	111.0	
22.0	87.0	107.0	11.0	114.0	
24.0	65.0	51.0	13.0	94.0	
27.0	79.0	54.0	4.0	43.0	

demande_cumulee_W : 
64.0	59.0	53.0	103.0	24.0	
50.0	65.0	43.0	117.0	27.0	
44.0	73.0	43.0	55.0	24.0	
45.0	57.0	67.0	125.0	27.0	
69.0	92.0	55.0	0.0	35.0	
80.0	50.0	43.0	73.0	36.0	
43.0	76.0	37.0	97.0	26.0	
82.0	61.0	53.0	78.0	25.0	
29.0	50.0	82.0	103.0	27.0	
117.0	2.0	141.0	76.0	0.0	
56.0	92.0	32.0	132.0	31.0	
85.0	91.0	50.0	91.0	9.0	
51.0	43.0	61.0	92.0	3.0	
55.0	84.0	44.0	104.0	23.0	
31.0	60.0	72.0	74.0	33.0	
10.0	89.0	84.0	153.0	43.0	
0.0	79.0	55.0	86.0	46.0	
28.0	106.0	57.0	119.0	31.0	
71.0	55.0	48.0	50.0	23.0	
51.0	25.0	118.0	0.0	13.0	

capacite_residuelle_X : 
144.0	84.0	66.0	142.0	52.0	
134.0	89.0	48.0	161.0	42.0	
129.0	86.0	57.0	158.0	79.0	
137.0	75.0	87.0	122.0	39.0	
121.0	75.0	95.0	0.0	93.0	
144.0	128.0	118.0	105.0	36.0	
151.0	85.0	104.0	140.0	36.0	
135.0	88.0	129.0	132.0	16.0	
141.0	81.0	94.0	140.0	50.0	
129.0	0.0	103.0	32.0	0.0	
105.0	92.0	60.0	157.0	29.0	
130.0	78.0	106.0	151.0	8.0	
146.0	87.0	67.0	169.0	87.0	
140.0	117.0	31.0	110.0	38.0	
148.0	65.0	68.0	127.0	118.0	
108.0	52.0	72.0	166.0	11.0	
137.0	81.0	96.0	127.0	42.0	
153.0	75.0	41.0	152.0	64.0	
138.0	101.0	87.0	162.0	50.0	
150.0	78.0	117.0	150.0	128.0	

capacite_residuelle_W : 
127.1	72.1	62.8	83.4	76.9	
130.2	70.19999999999999	50.900000000000006	96.19999999999999	57.3	
127.30000000000001	55.30000000000001	55.69999999999999	151.6	104.5	
137.0	64.8	72.19999999999999	38.69999999999999	60.599999999999994	
94.30000000000001	26.5	92.5	0.0	110.19999999999999	
113.80000000000001	128.4	126.6	76.4	47.69999999999999	
156.9	53.400000000000006	119.19999999999999	91.0	55.0	
101.0	74.1	127.6	102.6	35.4	
158.2	81.4	57.900000000000006	87.4	69.19999999999999	
55.19999999999999	45.1	4.599999999999994	3.0999999999999943	0.0	
93.1	41.69999999999999	78.69999999999999	77.5	44.8	
93.9	33.19999999999999	108.5	111.30000000000001	39.8	
140.9	87.5	56.400000000000006	129.5	133.5	
130.9	82.5	27.799999999999997	46.5	62.099999999999994	
161.4	54.8	46.400000000000006	95.6	136.6	
139.4	12.799999999999997	39.3	63.400000000000006	11.5	
179.6	51.80000000000001	85.1	83.30000000000001	41.900000000000006	
177.5	17.599999999999994	28.400000000000006	81.9	86.4	
115.6	95.80000000000001	80.4	164.5	70.19999999999999	
152.1	100.1	50.30000000000001	196.2	166.3	

min_capacite_X : 
148.0	141.0	139.0	139.0	0.0	148.0	148.0	148.0	153.0	0.0	139.0	136.0	145.0	135.0	142.0	138.0	141.0	148.0	138.0	154.0	

min_capacite_W : 
100.9	84.3	98.69999999999999	87.6	0.0	83.69999999999999	81.0	60.4	96.19999999999999	0.0	75.8	48.8	117.4	71.8	114.8	54.5	87.9	85.4	93.19999999999999	125.1	

max_capacite_X : 
166.0	174.0	165.0	174.0	175.0	172.0	174.0	172.0	168.0	157.0	175.0	175.0	175.0	165.0	172.0	171.0	166.0	178.0	175.0	177.0	

max_capacite_W : 
191.1	213.2	206.6	182.0	163.3	193.8	199.9	183.0	190.4	172.2	209.5	202.3	221.5	185.9	192.4	216.4	179.6	205.5	214.5	203.1	

moy_capacite_X : 
158.2	155.2	149.6	156.2	127.0	162.6	159.0	159.8	159.4	120.0	157.2	159.8	161.2	149.2	159.2	157.6	149.8	165.2	157.0	166.0	

moy_capacite_W : 
145.06	141.35999999999999	146.68	138.86	114.9	154.98000000000002	150.9	147.94	149.01999999999998	88.8	135.76	142.54000000000002	159.56	131.96	152.96	129.07999999999998	141.54	146.56	154.7	174.4	

med_capacite_X : 
157.0	154.0	141.0	156.0	145.0	166.0	160.0	160.0	154.0	144.0	156.0	163.0	165.0	153.0	166.0	166.0	147.0	163.0	162.0	171.0	

med_capacite_W : 
131.1	135.2	128.5	139.2	145.2	169.6	156.2	180.6	139.9	79.1	133.7	158.5	136.5	150.5	169.6	123.3	140.1	123.6	150.8	179.3	

ecartType_capacite_X : 
6.1773780845922	10.609429767899876	11.412274094149685	11.702991070662234	65.05689817382934	8.42852300228219	9.423375191511797	7.756287771866126	7.031358332498779	60.32909745719722	13.362634470792052	13.905394636614956	10.777754868245983	11.838918869558993	11.906300852909773	13.425349157470729	9.152048950918042	10.684568311354464	13.856406460551018	8.899438184514796	

ecartType_capacite_W : 
36.95892855589837	49.428275308774424	37.860184891254825	32.8537121190285	59.225636341030565	38.42188959434453	42.7872878317848	47.308925162172095	35.64718221683167	63.08758990482993	44.3688900018921	53.42578403729795	40.090278123255764	45.30199112621873	30.854082387911006	53.62362912000642	32.29195565462086	48.051580619163815	42.6211215244273	27.534124282424525	

var_capacite_X : 
38.16	112.56000000000002	130.24	136.95999999999998	4232.4	71.03999999999999	88.8	60.15999999999999	49.440000000000005	3639.6	178.56	193.35999999999999	116.16	140.16	141.76	180.24	83.76000000000002	114.16000000000001	192.0	79.2	

var_capacite_W : 
1365.9624	2443.1543999999994	1433.3936	1079.3664	3507.6760000000004	1476.2416000000005	1830.752	2238.1344	1270.7216	3980.0439999999994	1968.5984000000003	2854.3144000000007	1607.2304	2052.2704000000003	951.9744000000001	2875.4936000000002	1042.7703999999999	2308.9543999999996	1816.5600000000002	758.1279999999999	

covar_capacite_X : 
47.699999999999996	140.70000000000002	162.8	171.2	5290.5	88.8	111.0	75.19999999999999	61.800000000000004	4549.5	223.20000000000002	241.7	145.2	175.2	177.2	225.3	104.70000000000003	142.70000000000002	240.0	99.0	

covar_capacite_W : 
1707.453	3053.9429999999993	1791.7420000000002	1349.208	4384.595	1845.3020000000006	2288.44	2797.6679999999997	1588.402	4975.054999999999	2460.7480000000005	3567.893000000001	2009.038	2565.338	1189.968	3594.367	1303.4629999999997	2886.1929999999998	2270.7000000000003	947.66	

##########	##########	##########	##########	##########	##########	##########	##########	##########	##########	##########	##########	##########	##########	##########	##########	##########	##########	##########	##########	##########	##########	##########	##########	##########	##########	##########	##########	##########	##########	##########	##########	##########	##########	##########	##########	##########	##########	##########	##########	##########	##########	##########	##########	##########	##########	##########	##########	##########	##########	nombre de noeuds : 50
nombre de strates : 20
nombre de centres : 5
titre : fenetre
instances : p7_5
temps de calcul : 0.12008404731750488
valeur objective : 2092.0
nombre de solutions : 3
nombre de noeuds : 1.0
faisability : True
centre : [23, 33, 10, 40, 42]
moy_distances :	47.35
min_distances :	1.0
max_distances :	120.0
var_distances :	507.7547355268637
covar_distances :	507.96206698277524
ecartType_distances :	22.533413756616277
coef_variation	: 0.47592123882508514
distances_centre_x :
-1.0	-1.0	14.0	-1.0	-1.0	-1.0	21.0	-1.0	20.0	-1.0	-1.0	39.0	-1.0	-1.0	10.0	-1.0	17.0	30.0	-1.0	31.0	33.0	-1.0	-1.0	-1.0	-1.0	-1.0	25.0	23.0	24.0	28.0	28.0	20.0	17.0	-1.0	23.0	18.0	31.0	-1.0	-1.0	27.0	-1.0	21.0	0.0	23.0	-1.0	-1.0	30.0	-1.0	-1.0	30.0	
-1.0	-1.0	22.0	-1.0	-1.0	-1.0	21.0	-1.0	20.0	-1.0	-1.0	39.0	-1.0	24.0	-1.0	-1.0	-1.0	30.0	-1.0	-1.0	33.0	-1.0	-1.0	0.0	-1.0	-1.0	25.0	23.0	-1.0	-1.0	-1.0	20.0	17.0	-1.0	23.0	18.0	31.0	-1.0	20.0	27.0	0.0	21.0	-1.0	23.0	19.0	-1.0	-1.0	-1.0	3.0	30.0	
-1.0	-1.0	14.0	-1.0	-1.0	19.0	21.0	-1.0	20.0	-1.0	-1.0	-1.0	21.0	-1.0	-1.0	-1.0	-1.0	30.0	-1.0	31.0	-1.0	-1.0	-1.0	-1.0	-1.0	-1.0	-1.0	-1.0	-1.0	-1.0	28.0	20.0	17.0	-1.0	23.0	18.0	31.0	-1.0	-1.0	27.0	0.0	-1.0	-1.0	23.0	-1.0	-1.0	-1.0	-1.0	3.0	30.0	
-1.0	-1.0	14.0	32.0	-1.0	19.0	21.0	-1.0	20.0	-1.0	-1.0	39.0	-1.0	-1.0	-1.0	10.0	17.0	-1.0	15.0	31.0	33.0	-1.0	19.0	0.0	-1.0	-1.0	-1.0	23.0	-1.0	-1.0	28.0	20.0	17.0	0.0	-1.0	18.0	31.0	-1.0	-1.0	27.0	-1.0	21.0	-1.0	-1.0	19.0	-1.0	-1.0	8.0	3.0	30.0	
-1.0	-1.0	-1.0	-1.0	-1.0	-1.0	-1.0	-1.0	-1.0	-1.0	-1.0	-1.0	-1.0	-1.0	-1.0	-1.0	-1.0	-1.0	-1.0	-1.0	-1.0	-1.0	-1.0	-1.0	-1.0	-1.0	-1.0	-1.0	-1.0	-1.0	-1.0	-1.0	-1.0	-1.0	-1.0	-1.0	-1.0	-1.0	-1.0	-1.0	-1.0	-1.0	-1.0	-1.0	-1.0	-1.0	-1.0	-1.0	-1.0	-1.0	
-1.0	-1.0	14.0	32.0	-1.0	-1.0	21.0	-1.0	20.0	-1.0	-1.0	39.0	-1.0	24.0	10.0	-1.0	-1.0	30.0	15.0	31.0	33.0	18.0	-1.0	-1.0	-1.0	-1.0	-1.0	-1.0	-1.0	28.0	-1.0	20.0	17.0	0.0	23.0	18.0	39.0	27.0	-1.0	27.0	-1.0	21.0	-1.0	-1.0	19.0	-1.0	-1.0	-1.0	-1.0	-1.0	
17.0	-1.0	14.0	-1.0	-1.0	-1.0	21.0	-1.0	20.0	-1.0	-1.0	39.0	21.0	24.0	-1.0	-1.0	-1.0	30.0	-1.0	31.0	33.0	-1.0	19.0	-1.0	-1.0	-1.0	25.0	-1.0	-1.0	-1.0	28.0	20.0	-1.0	-1.0	23.0	-1.0	31.0	-1.0	-1.0	-1.0	0.0	-1.0	-1.0	23.0	19.0	-1.0	-1.0	-1.0	3.0	30.0	
-1.0	-1.0	14.0	-1.0	-1.0	19.0	21.0	-1.0	20.0	-1.0	10.0	39.0	-1.0	24.0	10.0	-1.0	17.0	30.0	-1.0	31.0	33.0	-1.0	-1.0	0.0	-1.0	-1.0	-1.0	-1.0	24.0	-1.0	-1.0	20.0	17.0	-1.0	23.0	18.0	31.0	19.0	20.0	-1.0	-1.0	21.0	-1.0	23.0	19.0	-1.0	30.0	-1.0	-1.0	30.0	
-1.0	-1.0	14.0	-1.0	21.0	-1.0	21.0	-1.0	-1.0	-1.0	-1.0	39.0	-1.0	-1.0	10.0	10.0	-1.0	30.0	-1.0	-1.0	33.0	18.0	-1.0	-1.0	-1.0	19.0	-1.0	23.0	-1.0	-1.0	28.0	20.0	17.0	-1.0	-1.0	18.0	31.0	-1.0	20.0	27.0	0.0	-1.0	0.0	-1.0	19.0	-1.0	-1.0	-1.0	3.0	-1.0	
-1.0	-1.0	-1.0	-1.0	-1.0	-1.0	-1.0	-1.0	-1.0	-1.0	-1.0	39.0	-1.0	-1.0	-1.0	10.0	-1.0	-1.0	-1.0	-1.0	-1.0	-1.0	-1.0	-1.0	-1.0	-1.0	-1.0	-1.0	24.0	-1.0	-1.0	-1.0	-1.0	-1.0	-1.0	-1.0	-1.0	-1.0	-1.0	-1.0	-1.0	-1.0	0.0	23.0	-1.0	-1.0	-1.0	-1.0	-1.0	-1.0	
17.0	-1.0	14.0	-1.0	-1.0	19.0	21.0	32.0	20.0	-1.0	0.0	39.0	21.0	-1.0	-1.0	-1.0	-1.0	30.0	15.0	31.0	33.0	18.0	-1.0	-1.0	-1.0	-1.0	25.0	28.0	24.0	-1.0	-1.0	20.0	17.0	-1.0	39.0	18.0	31.0	-1.0	20.0	27.0	0.0	-1.0	-1.0	-1.0	19.0	-1.0	-1.0	-1.0	-1.0	30.0	
-1.0	-1.0	14.0	-1.0	21.0	-1.0	21.0	32.0	20.0	-1.0	0.0	39.0	21.0	24.0	-1.0	-1.0	17.0	30.0	-1.0	31.0	33.0	-1.0	-1.0	-1.0	-1.0	19.0	25.0	-1.0	-1.0	27.0	28.0	20.0	17.0	-1.0	39.0	18.0	-1.0	19.0	20.0	-1.0	0.0	21.0	0.0	23.0	19.0	-1.0	-1.0	-1.0	3.0	30.0	
-1.0	-1.0	14.0	-1.0	-1.0	-1.0	-1.0	-1.0	20.0	-1.0	0.0	39.0	21.0	-1.0	-1.0	-1.0	17.0	30.0	-1.0	31.0	33.0	-1.0	-1.0	-1.0	-1.0	-1.0	25.0	23.0	24.0	-1.0	-1.0	-1.0	-1.0	-1.0	-1.0	18.0	31.0	-1.0	-1.0	27.0	-1.0	-1.0	0.0	23.0	19.0	-1.0	-1.0	-1.0	3.0	-1.0	
-1.0	-1.0	14.0	-1.0	-1.0	-1.0	21.0	-1.0	20.0	18.0	-1.0	39.0	21.0	-1.0	-1.0	-1.0	-1.0	30.0	15.0	31.0	33.0	-1.0	19.0	-1.0	-1.0	-1.0	25.0	23.0	-1.0	28.0	-1.0	20.0	17.0	-1.0	23.0	18.0	31.0	-1.0	-1.0	31.0	0.0	21.0	0.0	23.0	19.0	-1.0	-1.0	-1.0	-1.0	30.0	
-1.0	-1.0	14.0	-1.0	-1.0	19.0	21.0	32.0	20.0	-1.0	-1.0	39.0	-1.0	-1.0	-1.0	10.0	-1.0	-1.0	-1.0	-1.0	33.0	-1.0	-1.0	-1.0	-1.0	-1.0	-1.0	23.0	24.0	-1.0	28.0	20.0	-1.0	0.0	-1.0	18.0	31.0	-1.0	-1.0	27.0	0.0	-1.0	-1.0	23.0	-1.0	-1.0	-1.0	-1.0	3.0	30.0	
-1.0	33.0	14.0	-1.0	-1.0	-1.0	21.0	-1.0	20.0	-1.0	0.0	39.0	-1.0	-1.0	-1.0	10.0	17.0	30.0	15.0	31.0	33.0	-1.0	-1.0	-1.0	-1.0	-1.0	25.0	23.0	24.0	28.0	28.0	-1.0	17.0	-1.0	-1.0	18.0	-1.0	19.0	20.0	27.0	0.0	21.0	0.0	23.0	19.0	37.0	-1.0	-1.0	3.0	-1.0	
-1.0	33.0	-1.0	-1.0	-1.0	-1.0	21.0	32.0	20.0	-1.0	-1.0	39.0	-1.0	-1.0	-1.0	-1.0	-1.0	-1.0	15.0	31.0	33.0	-1.0	-1.0	-1.0	32.0	-1.0	-1.0	-1.0	-1.0	27.0	-1.0	20.0	-1.0	-1.0	23.0	18.0	31.0	19.0	20.0	27.0	0.0	-1.0	0.0	-1.0	19.0	-1.0	-1.0	8.0	3.0	-1.0	
-1.0	-1.0	-1.0	-1.0	-1.0	-1.0	-1.0	-1.0	-1.0	-1.0	-1.0	-1.0	-1.0	-1.0	-1.0	-1.0	-1.0	-1.0	-1.0	-1.0	-1.0	-1.0	-1.0	-1.0	-1.0	-1.0	-1.0	-1.0	-1.0	-1.0	-1.0	-1.0	-1.0	-1.0	-1.0	-1.0	-1.0	-1.0	-1.0	-1.0	-1.0	-1.0	-1.0	-1.0	-1.0	-1.0	-1.0	-1.0	-1.0	-1.0	
-1.0	-1.0	14.0	-1.0	-1.0	-1.0	21.0	-1.0	20.0	-1.0	-1.0	39.0	-1.0	24.0	10.0	-1.0	17.0	30.0	15.0	-1.0	33.0	-1.0	-1.0	-1.0	-1.0	-1.0	25.0	-1.0	-1.0	27.0	-1.0	20.0	17.0	-1.0	-1.0	18.0	31.0	-1.0	20.0	-1.0	-1.0	21.0	-1.0	-1.0	-1.0	-1.0	30.0	8.0	3.0	-1.0	
-1.0	-1.0	14.0	-1.0	-1.0	-1.0	21.0	-1.0	-1.0	-1.0	0.0	39.0	21.0	-1.0	10.0	-1.0	-1.0	30.0	-1.0	31.0	-1.0	-1.0	-1.0	-1.0	-1.0	-1.0	-1.0	23.0	-1.0	-1.0	-1.0	20.0	17.0	-1.0	23.0	18.0	31.0	-1.0	20.0	27.0	-1.0	-1.0	-1.0	23.0	-1.0	-1.0	-1.0	-1.0	3.0	-1.0	

distances_centre_w :
-1.0	-1.0	22.0	-1.0	-1.0	-1.0	36.0	-1.0	43.0	-1.0	-1.0	62.0	-1.0	-1.0	57.0	-1.0	25.0	42.0	-1.0	41.0	63.0	-1.0	-1.0	-1.0	-1.0	-1.0	32.0	28.0	24.0	54.0	36.0	38.0	27.0	-1.0	39.0	18.0	39.0	-1.0	-1.0	31.0	-1.0	43.0	21.0	37.0	-1.0	-1.0	39.0	-1.0	-1.0	35.0	
-1.0	-1.0	40.0	-1.0	-1.0	-1.0	36.0	-1.0	33.0	-1.0	-1.0	42.0	-1.0	54.0	-1.0	-1.0	-1.0	42.0	-1.0	-1.0	63.0	-1.0	-1.0	21.0	-1.0	-1.0	32.0	28.0	-1.0	-1.0	-1.0	38.0	27.0	-1.0	39.0	59.0	37.0	-1.0	29.0	31.0	57.0	43.0	-1.0	37.0	66.0	-1.0	-1.0	-1.0	22.0	35.0	
-1.0	-1.0	40.0	-1.0	-1.0	40.0	39.0	-1.0	33.0	-1.0	-1.0	-1.0	29.0	-1.0	-1.0	-1.0	-1.0	42.0	-1.0	45.0	-1.0	-1.0	-1.0	-1.0	-1.0	-1.0	-1.0	-1.0	-1.0	-1.0	36.0	38.0	27.0	-1.0	39.0	18.0	37.0	-1.0	-1.0	31.0	57.0	-1.0	-1.0	37.0	-1.0	-1.0	-1.0	-1.0	22.0	35.0	
-1.0	-1.0	22.0	40.0	-1.0	65.0	36.0	-1.0	43.0	-1.0	-1.0	42.0	-1.0	-1.0	-1.0	25.0	25.0	-1.0	46.0	41.0	66.0	-1.0	40.0	21.0	-1.0	-1.0	-1.0	28.0	-1.0	-1.0	36.0	38.0	27.0	10.0	-1.0	59.0	37.0	-1.0	-1.0	31.0	-1.0	43.0	-1.0	-1.0	66.0	-1.0	-1.0	43.0	22.0	35.0	
-1.0	-1.0	-1.0	-1.0	-1.0	-1.0	-1.0	-1.0	-1.0	-1.0	-1.0	-1.0	-1.0	-1.0	-1.0	-1.0	-1.0	-1.0	-1.0	-1.0	-1.0	-1.0	-1.0	-1.0	-1.0	-1.0	-1.0	-1.0	-1.0	-1.0	-1.0	-1.0	-1.0	-1.0	-1.0	-1.0	-1.0	-1.0	-1.0	-1.0	-1.0	-1.0	-1.0	-1.0	-1.0	-1.0	-1.0	-1.0	-1.0	-1.0	
-1.0	-1.0	22.0	40.0	-1.0	-1.0	36.0	-1.0	33.0	-1.0	-1.0	42.0	-1.0	27.0	23.0	-1.0	-1.0	42.0	46.0	41.0	63.0	27.0	-1.0	-1.0	-1.0	-1.0	-1.0	-1.0	-1.0	54.0	-1.0	38.0	27.0	49.0	39.0	59.0	59.0	40.0	-1.0	31.0	-1.0	43.0	-1.0	-1.0	66.0	-1.0	-1.0	-1.0	-1.0	-1.0	
24.0	-1.0	22.0	-1.0	-1.0	-1.0	36.0	-1.0	33.0	-1.0	-1.0	62.0	29.0	27.0	-1.0	-1.0	-1.0	42.0	-1.0	41.0	63.0	-1.0	50.0	-1.0	-1.0	-1.0	32.0	-1.0	-1.0	-1.0	36.0	38.0	-1.0	-1.0	57.0	-1.0	40.0	-1.0	-1.0	-1.0	57.0	-1.0	-1.0	37.0	66.0	-1.0	-1.0	-1.0	22.0	35.0	
-1.0	-1.0	22.0	-1.0	-1.0	40.0	36.0	-1.0	33.0	-1.0	59.0	42.0	-1.0	27.0	23.0	-1.0	25.0	42.0	-1.0	41.0	63.0	-1.0	-1.0	21.0	-1.0	-1.0	-1.0	-1.0	24.0	-1.0	-1.0	38.0	27.0	-1.0	39.0	59.0	37.0	27.0	29.0	-1.0	-1.0	43.0	-1.0	37.0	66.0	-1.0	39.0	-1.0	-1.0	35.0	
-1.0	-1.0	22.0	-1.0	31.0	-1.0	36.0	-1.0	-1.0	-1.0	-1.0	62.0	-1.0	-1.0	23.0	25.0	-1.0	42.0	-1.0	-1.0	63.0	27.0	-1.0	-1.0	-1.0	45.0	-1.0	28.0	-1.0	-1.0	36.0	38.0	27.0	-1.0	-1.0	18.0	37.0	-1.0	29.0	31.0	57.0	-1.0	21.0	-1.0	66.0	-1.0	-1.0	-1.0	22.0	-1.0	
-1.0	-1.0	55.0	-1.0	-1.0	-1.0	39.0	-1.0	-1.0	-1.0	-1.0	-1.0	-1.0	-1.0	23.0	-1.0	-1.0	-1.0	-1.0	-1.0	-1.0	-1.0	-1.0	21.0	-1.0	-1.0	-1.0	-1.0	-1.0	-1.0	-1.0	-1.0	-1.0	-1.0	59.0	-1.0	-1.0	-1.0	-1.0	-1.0	-1.0	-1.0	-1.0	-1.0	-1.0	-1.0	-1.0	-1.0	22.0	-1.0	
24.0	-1.0	22.0	-1.0	-1.0	40.0	36.0	39.0	33.0	-1.0	59.0	62.0	29.0	-1.0	-1.0	-1.0	-1.0	42.0	46.0	41.0	63.0	27.0	-1.0	-1.0	-1.0	-1.0	32.0	43.0	49.0	-1.0	-1.0	63.0	27.0	-1.0	59.0	59.0	37.0	-1.0	29.0	31.0	57.0	-1.0	-1.0	-1.0	66.0	-1.0	-1.0	-1.0	-1.0	35.0	
-1.0	-1.0	22.0	-1.0	29.0	-1.0	66.0	39.0	33.0	-1.0	59.0	42.0	29.0	27.0	-1.0	-1.0	25.0	42.0	-1.0	41.0	63.0	-1.0	-1.0	-1.0	-1.0	60.0	32.0	-1.0	-1.0	54.0	36.0	38.0	27.0	-1.0	49.0	59.0	-1.0	27.0	29.0	-1.0	57.0	43.0	21.0	37.0	66.0	-1.0	-1.0	-1.0	22.0	35.0	
-1.0	-1.0	22.0	-1.0	-1.0	-1.0	-1.0	-1.0	33.0	-1.0	59.0	42.0	29.0	-1.0	-1.0	-1.0	25.0	42.0	-1.0	41.0	63.0	-1.0	-1.0	-1.0	-1.0	-1.0	32.0	28.0	24.0	-1.0	-1.0	-1.0	-1.0	-1.0	-1.0	64.0	37.0	-1.0	-1.0	31.0	-1.0	-1.0	21.0	37.0	66.0	-1.0	-1.0	-1.0	22.0	-1.0	
-1.0	-1.0	22.0	-1.0	-1.0	-1.0	36.0	-1.0	41.0	44.0	-1.0	42.0	29.0	-1.0	-1.0	-1.0	-1.0	42.0	46.0	41.0	63.0	-1.0	42.0	-1.0	-1.0	-1.0	32.0	28.0	-1.0	54.0	-1.0	38.0	27.0	-1.0	39.0	18.0	37.0	-1.0	-1.0	47.0	57.0	43.0	21.0	37.0	66.0	-1.0	-1.0	-1.0	-1.0	35.0	
-1.0	-1.0	22.0	-1.0	-1.0	40.0	36.0	44.0	33.0	-1.0	-1.0	42.0	-1.0	-1.0	-1.0	25.0	-1.0	-1.0	-1.0	-1.0	63.0	-1.0	-1.0	-1.0	-1.0	-1.0	-1.0	28.0	24.0	-1.0	36.0	38.0	-1.0	10.0	-1.0	59.0	37.0	-1.0	-1.0	31.0	57.0	-1.0	-1.0	37.0	-1.0	-1.0	-1.0	-1.0	22.0	35.0	
-1.0	48.0	22.0	-1.0	-1.0	-1.0	36.0	-1.0	43.0	-1.0	10.0	42.0	-1.0	-1.0	-1.0	64.0	25.0	42.0	46.0	41.0	63.0	-1.0	-1.0	-1.0	-1.0	-1.0	32.0	28.0	57.0	54.0	36.0	-1.0	27.0	-1.0	-1.0	59.0	-1.0	61.0	29.0	31.0	57.0	43.0	21.0	37.0	66.0	41.0	-1.0	-1.0	22.0	-1.0	
-1.0	38.0	-1.0	-1.0	-1.0	-1.0	36.0	39.0	33.0	-1.0	-1.0	42.0	-1.0	-1.0	-1.0	-1.0	-1.0	-1.0	46.0	41.0	63.0	-1.0	-1.0	-1.0	49.0	-1.0	-1.0	-1.0	-1.0	54.0	-1.0	38.0	-1.0	-1.0	39.0	59.0	37.0	27.0	29.0	31.0	57.0	-1.0	21.0	-1.0	66.0	-1.0	-1.0	24.0	22.0	-1.0	
-1.0	-1.0	-1.0	-1.0	-1.0	-1.0	-1.0	-1.0	-1.0	-1.0	-1.0	-1.0	-1.0	-1.0	-1.0	-1.0	-1.0	-1.0	-1.0	-1.0	-1.0	-1.0	-1.0	-1.0	-1.0	-1.0	-1.0	-1.0	-1.0	-1.0	-1.0	-1.0	-1.0	-1.0	-1.0	-1.0	-1.0	-1.0	-1.0	-1.0	-1.0	-1.0	-1.0	-1.0	-1.0	-1.0	-1.0	-1.0	-1.0	-1.0	
-1.0	-1.0	22.0	-1.0	-1.0	-1.0	36.0	-1.0	33.0	-1.0	-1.0	62.0	-1.0	27.0	23.0	-1.0	25.0	42.0	46.0	-1.0	63.0	-1.0	-1.0	-1.0	-1.0	-1.0	32.0	-1.0	-1.0	54.0	-1.0	38.0	27.0	-1.0	-1.0	18.0	37.0	-1.0	29.0	-1.0	-1.0	43.0	-1.0	-1.0	-1.0	-1.0	39.0	24.0	22.0	-1.0	
-1.0	-1.0	22.0	-1.0	-1.0	-1.0	36.0	-1.0	-1.0	-1.0	10.0	42.0	29.0	-1.0	23.0	-1.0	-1.0	42.0	-1.0	41.0	-1.0	-1.0	-1.0	-1.0	-1.0	-1.0	-1.0	28.0	-1.0	-1.0	-1.0	38.0	27.0	-1.0	39.0	18.0	37.0	-1.0	29.0	31.0	-1.0	-1.0	-1.0	37.0	-1.0	-1.0	-1.0	-1.0	22.0	-1.0	

maxX :
39.0	39.0	31.0	39.0	nan	39.0	39.0	39.0	39.0	39.0	39.0	39.0	39.0	39.0	39.0	39.0	39.0	nan	39.0	39.0	

maxW :
63.0	66.0	57.0	66.0	nan	66.0	66.0	66.0	66.0	59.0	66.0	66.0	66.0	66.0	63.0	66.0	66.0	nan	63.0	42.0	

minX :
0.0	0.0	0.0	0.0	nan	0.0	0.0	0.0	0.0	0.0	0.0	0.0	0.0	0.0	0.0	0.0	0.0	nan	3.0	0.0	

minW :
18.0	21.0	18.0	10.0	nan	22.0	22.0	21.0	18.0	21.0	22.0	21.0	21.0	18.0	10.0	10.0	21.0	nan	18.0	10.0	

moyX :
23.32	21.26086956521739	20.88888888888889	19.807692307692307	nan	22.869565217391305	22.428571428571427	21.653846153846153	19.136363636363637	19.2	22.51851851851852	21.033333333333335	20.94736842105263	21.923076923076923	20.75	20.517241379310345	21.40909090909091	nan	21.095238095238095	20.61111111111111	

moyW :
37.28	39.608695652173914	35.833333333333336	37.96153846153846	nan	41.17391304347826	40.42857142857143	37.46153846153846	35.72727272727273	36.5	42.592592592592595	40.3	37.78947368421053	39.5	35.95	40.793103448275865	40.5	nan	35.333333333333336	30.61111111111111	

medX :
23.0	22.0	21.0	19.5	nan	21.0	23.0	20.5	19.5	23.0	21.0	21.0	23.0	21.0	22.0	21.0	20.5	nan	20.0	21.0	

medW :
37.0	37.0	37.0	37.5	nan	40.0	37.0	37.0	31.0	31.0	40.0	37.5	33.0	40.0	36.0	41.0	38.5	nan	33.0	30.0	

ecartTypeX :
8.003599190364294	9.418840468210272	8.497639468888396	9.918976493295878	nan	8.93115868536317	9.02151623076968	8.11902944034904	10.005886697091933	13.287588193498472	9.330834468539601	10.06804626308181	10.52052472280795	8.761467548845197	10.63426067011713	10.361136569445533	10.781546064326308	nan	8.546259342708625	9.464195034672573	

ecartTypeW :
11.860927451089143	12.232313338163985	8.493461537493937	14.034245942393829	nan	12.331127717084403	13.354405117953467	12.363814351786578	14.178029797035263	15.745369689742652	13.532565000792935	13.97175722663402	14.555082119743103	11.666025623414079	12.753332897717366	14.646122966669905	12.727029218449713	nan	12.5445238795691	8.876553941510366	

varX :
64.0576	88.71455576559548	72.20987654320987	98.3860946745562	nan	79.76559546313801	81.3877551020408	65.91863905325444	100.11776859504131	176.56	87.0644718792867	101.36555555555557	110.68144044321329	76.76331360946745	113.0875	107.35315101070155	116.2417355371901	nan	73.03854875283447	89.57098765432099	

varW :
140.6816	149.62948960302455	72.13888888888887	196.96005917159766	nan	152.0567107750472	178.34013605442178	152.86390532544377	201.0165289256198	247.91666666666666	183.1303155006859	195.20999999999998	211.8504155124654	136.09615384615384	162.6475	214.50891795481567	161.97727272727272	nan	157.36507936507937	78.79320987654322	

covarX :
66.72666666666666	92.74703557312253	76.45751633986927	102.32153846153847	nan	83.39130434782608	85.45714285714286	68.55538461538461	104.88528138528137	220.70000000000002	90.41310541310544	104.8609195402299	116.83040935672516	79.83384615384615	119.03947368421052	111.1871921182266	121.77705627705627	nan	76.69047619047619	94.83986928104575	

covarW :
146.54333333333335	156.4308300395257	76.38235294117645	204.8384615384615	nan	158.96837944664028	187.25714285714287	158.97846153846152	210.58874458874456	297.5	190.17378917378917	201.9413793103448	223.61988304093566	141.54	171.2078947368421	222.1699507389162	169.69047619047618	nan	165.23333333333335	83.42810457516339	

coef_variationX :
0.34320751245129905	0.44301294635753835	0.4068018894680615	0.5007638617974618	nan	0.39052595012044283	0.4022332077413234	0.37494629742286867	0.5228729390404335	0.6920618850780454	0.4143627148858047	0.4786709792273443	0.502236104857666	0.3996458881929388	0.5124944901261267	0.5049965722923032	0.503596631454732	nan	0.4051274180516504	0.45917927391942404	

coef_variationW :
0.3181579251901594	0.308828986583723	0.23702683360448196	0.36969644833053655	nan	0.2994888463494628	0.33032097464902566	0.33004021883619206	0.3968405286701982	0.4313799914997987	0.31772109132296456	0.34669372770804024	0.3851623402160431	0.29534242084592605	0.35475195821188776	0.35903429081439325	0.3142476350234497	nan	0.35503369470478585	0.28997816868817894	

moy_distances_centre :	56.3
min_distances_centre :	10.0
max_distances_centre :	78.0
med_distances_centre :	63.0
ecartType_distances_centre :	22.338531733307807
var_distances_centre :	499.00999999999993
covar_distances_centre :	525.2736842105263
coef_variation_distances_centre :	0.39677676258095573
capacite_X_temoin : 
157.0	157.0	148.0	163.0	169.0	
154.0	154.0	174.0	141.0	157.0	
141.0	141.0	162.0	165.0	175.0	
150.0	156.0	139.0	162.0	154.0	
141.0	145.0	0.0	174.0	0.0	
166.0	168.0	148.0	159.0	169.0	
163.0	148.0	160.0	150.0	166.0	
160.0	157.0	162.0	148.0	157.0	
154.0	168.0	168.0	154.0	171.0	
144.0	157.0	157.0	0.0	175.0	
147.0	139.0	175.0	156.0	148.0	
163.0	154.0	171.0	136.0	145.0	
153.0	145.0	175.0	165.0	166.0	
153.0	165.0	135.0	157.0	178.0	
148.0	166.0	142.0	172.0	141.0	
138.0	166.0	168.0	145.0	159.0	
142.0	166.0	141.0	153.0	141.0	
175.0	162.0	163.0	178.0	0.0	
162.0	166.0	175.0	144.0	144.0	
177.0	157.0	154.0	171.0	177.0	

capacite_W_temoin : 
189.1	140.1	119.4	100.9	179.7	
176.2	122.19999999999999	144.2	84.3	185.1	
171.3	126.3	140.6	128.5	213.5	
180.0	124.8	94.69999999999999	90.6	178.2	
99.3	78.5	0.0	169.2	0.0	
180.8	166.4	123.4	83.69999999999999	216.7	
199.9	115.4	150.0	81.0	197.8	
186.0	150.1	150.6	60.4	173.1	
178.2	160.4	140.4	96.19999999999999	193.3	
159.2	85.1	71.1	0.0	171.5	
153.1	90.69999999999999	142.5	75.8	189.4	
184.9	118.19999999999999	159.3	48.8	162.5	
185.9	137.5	157.5	136.5	177.8	
157.9	160.5	104.5	85.1	206.4	
188.4	138.8	101.6	157.6	143.3	
151.4	114.8	147.4	54.5	161.7	
179.6	125.8	133.3	87.9	173.3	
197.5	87.6	137.9	117.4	0.0	
190.6	120.8	192.5	93.19999999999999	184.2	
203.1	153.1	132.2	179.3	212.1	

demande_cumulee_X : 
15.0	64.0	73.0	111.0	40.0	
24.0	78.0	82.0	99.0	19.0	
12.0	57.0	70.0	86.0	14.0	
15.0	78.0	86.0	120.0	22.0	
84.0	110.0	0.0	57.0	0.0	
35.0	52.0	69.0	123.0	3.0	
12.0	77.0	58.0	114.0	18.0	
22.0	54.0	60.0	132.0	31.0	
22.0	58.0	78.0	104.0	29.0	
28.0	119.0	133.0	0.0	56.0	
38.0	90.0	85.0	127.0	3.0	
27.0	82.0	63.0	128.0	26.0	
13.0	51.0	70.0	78.0	38.0	
41.0	54.0	71.0	119.0	25.0	
4.0	77.0	83.0	66.0	40.0	
28.0	101.0	71.0	134.0	45.0	
5.0	90.0	50.0	111.0	10.0	
30.0	123.0	74.0	114.0	0.0	
20.0	95.0	35.0	94.0	3.0	
27.0	51.0	68.0	43.0	18.0	

demande_cumulee_W : 
72.0	104.0	86.0	24.0	17.0	
39.0	96.0	91.0	37.0	39.0	
51.0	96.0	51.0	0.0	41.0	
96.0	88.0	87.0	24.0	26.0	
86.0	78.0	0.0	87.0	0.0	
58.0	55.0	122.0	23.0	24.0	
53.0	45.0	108.0	37.0	36.0	
41.0	104.0	116.0	22.0	16.0	
51.0	92.0	87.0	27.0	34.0	
136.0	72.0	59.0	0.0	69.0	
74.0	65.0	138.0	26.0	40.0	
76.0	86.0	112.0	0.0	52.0	
42.0	73.0	94.0	4.0	37.0	
36.0	130.0	90.0	23.0	31.0	
58.0	115.0	36.0	30.0	31.0	
59.0	112.0	127.0	36.0	45.0	
32.0	62.0	97.0	24.0	51.0	
99.0	82.0	129.0	31.0	0.0	
23.0	60.0	82.0	23.0	59.0	
44.0	47.0	65.0	21.0	30.0	

capacite_residuelle_X : 
142.0	93.0	75.0	52.0	129.0	
130.0	76.0	92.0	42.0	138.0	
129.0	84.0	92.0	79.0	161.0	
135.0	78.0	53.0	42.0	132.0	
57.0	35.0	0.0	117.0	0.0	
131.0	116.0	79.0	36.0	166.0	
151.0	71.0	102.0	36.0	148.0	
138.0	103.0	102.0	16.0	126.0	
132.0	110.0	90.0	50.0	142.0	
116.0	38.0	24.0	0.0	119.0	
109.0	49.0	90.0	29.0	145.0	
136.0	72.0	108.0	8.0	119.0	
140.0	94.0	105.0	87.0	128.0	
112.0	111.0	64.0	38.0	153.0	
144.0	89.0	59.0	106.0	101.0	
110.0	65.0	97.0	11.0	114.0	
137.0	76.0	91.0	42.0	131.0	
145.0	39.0	89.0	64.0	0.0	
142.0	71.0	140.0	50.0	141.0	
150.0	106.0	86.0	128.0	159.0	

capacite_residuelle_W : 
117.1	36.099999999999994	33.400000000000006	76.9	162.7	
137.2	26.19999999999999	53.19999999999999	47.3	146.1	
120.30000000000001	30.299999999999997	89.6	128.5	172.5	
84.0	36.8	7.699999999999989	66.6	152.2	
13.299999999999997	0.5	0.0	82.19999999999999	0.0	
122.80000000000001	111.4	1.4000000000000057	60.69999999999999	192.7	
146.9	70.4	42.0	44.0	161.8	
145.0	46.099999999999994	34.599999999999994	38.4	157.1	
127.19999999999999	68.4	53.400000000000006	69.19999999999999	159.3	
23.19999999999999	13.099999999999994	12.099999999999994	0.0	102.5	
79.1	25.69999999999999	4.5	49.8	149.4	
108.9	32.19999999999999	47.30000000000001	48.8	110.5	
143.9	64.5	63.5	132.5	140.8	
121.9	30.5	14.5	62.099999999999994	175.4	
130.4	23.80000000000001	65.6	127.6	112.30000000000001	
92.4	2.799999999999997	20.400000000000006	18.5	116.69999999999999	
147.6	63.8	36.30000000000001	63.900000000000006	122.30000000000001	
98.5	5.599999999999994	8.900000000000006	86.4	0.0	
167.6	60.8	110.5	70.19999999999999	125.19999999999999	
159.1	106.1	67.19999999999999	158.3	182.1	

min_capacite_X : 
148.0	141.0	141.0	139.0	0.0	148.0	148.0	148.0	154.0	0.0	139.0	136.0	145.0	135.0	141.0	138.0	141.0	0.0	144.0	154.0	

min_capacite_W : 
100.9	84.3	126.3	90.6	0.0	83.69999999999999	81.0	60.4	96.19999999999999	0.0	75.8	48.8	136.5	85.1	101.6	54.5	87.9	0.0	93.19999999999999	132.2	

max_capacite_X : 
169.0	174.0	175.0	162.0	174.0	169.0	166.0	162.0	171.0	175.0	175.0	171.0	175.0	178.0	172.0	168.0	166.0	178.0	175.0	177.0	

max_capacite_W : 
189.1	185.1	213.5	180.0	169.2	216.7	199.9	186.0	193.3	171.5	189.4	184.9	185.9	206.4	188.4	161.7	179.6	197.5	192.5	212.1	

moy_capacite_X : 
158.8	156.0	156.8	152.2	92.0	162.0	157.4	156.8	163.0	126.6	153.0	153.8	160.8	157.6	153.8	155.2	148.6	135.6	158.2	167.2	

moy_capacite_W : 
145.84	142.4	156.04000000000002	133.66	69.4	154.2	148.82	144.04000000000002	153.7	97.38	130.3	134.74	159.04000000000002	142.88	145.94	125.96	139.98000000000002	108.08	156.26	175.96	

med_capacite_X : 
157.0	154.0	162.0	154.0	141.0	166.0	160.0	157.0	168.0	157.0	148.0	154.0	165.0	157.0	148.0	159.0	142.0	163.0	162.0	171.0	

med_capacite_W : 
140.1	144.2	140.6	124.8	78.5	166.4	150.0	150.6	160.4	85.1	142.5	159.3	157.5	157.9	143.3	147.4	133.3	117.4	184.2	179.3	

ecartType_capacite_X : 
6.99714227381436	10.564090116995406	13.6	7.652450587883597	75.9763120979164	7.8230428862431785	7.144228439796701	4.791659420284375	7.429670248402684	64.06434265642628	12.24744871391589	12.448293055676348	10.552724766618335	14.164744967700619	12.781236246936366	11.7881296226331	9.810198774744578	68.09581484937235	12.33531515608742	9.846826900072937	

ecartType_capacite_W : 
33.969256688953315	36.749476186743124	32.911493433145814	38.940344117637174	64.13981602717612	46.220212028938164	46.31640745999197	44.00120907429703	33.75334057541565	62.67342020346425	41.71306749688879	48.06057011730095	20.237549258741787	43.31837485409627	28.152413750866906	39.026380821183	33.57972007030434	64.91956253703502	41.248495730147546	29.971159470397538	

var_capacite_X : 
48.959999999999994	111.6	184.95999999999998	58.56	5772.4	61.2	51.040000000000006	22.96	55.2	4104.24	150.0	154.96	111.35999999999999	200.64000000000001	163.36	138.95999999999998	96.24000000000002	4637.039999999999	152.16	96.96000000000001	

var_capacite_W : 
1153.9103999999995	1350.524	1083.1664	1516.3504	4113.915999999999	2136.308	2145.2096	1936.1063999999994	1139.2880000000002	3927.9576	1739.9800000000002	2309.8184000000006	409.5584000000002	1876.4816000000003	792.5584000000001	1523.0584	1127.5976	4214.5496	1701.4384000000002	898.2704000000001	

covar_capacite_X : 
61.199999999999996	139.5	231.2	73.2	7215.5	76.5	63.80000000000001	28.7	69.0	5130.3	187.5	193.70000000000002	139.2	250.8	204.20000000000002	173.7	120.30000000000003	5796.299999999999	190.2	121.20000000000002	

covar_capacite_W : 
1442.3879999999995	1688.155	1353.958	1895.438	5142.3949999999995	2670.385	2681.512	2420.1329999999994	1424.1100000000004	4909.947	2174.9750000000004	2887.2730000000006	511.9480000000002	2345.6020000000003	990.6980000000001	1903.8229999999999	1409.497	5268.187	2126.7980000000002	1122.8380000000002	

##########	##########	##########	##########	##########	##########	##########	##########	##########	##########	##########	##########	##########	##########	##########	##########	##########	##########	##########	##########	##########	##########	##########	##########	##########	##########	##########	##########	##########	##########	##########	##########	##########	##########	##########	##########	##########	##########	##########	##########	##########	##########	##########	##########	##########	##########	##########	##########	##########	##########	nombre de noeuds : 50
nombre de strates : 20
nombre de centres : 5
titre : fenetre
instances : p7_5
temps de calcul : 0.12117910385131836
valeur objective : 2141.0
nombre de solutions : 3
nombre de noeuds : 1.0
faisability : True
centre : [33, 10, 40, 42, 21]
moy_distances :	47.35
min_distances :	1.0
max_distances :	120.0
var_distances :	507.7547355268637
covar_distances :	507.96206698277524
ecartType_distances :	22.533413756616277
coef_variation	: 0.47592123882508514
distances_centre_x :
-1.0	-1.0	14.0	-1.0	-1.0	-1.0	36.0	-1.0	17.0	-1.0	-1.0	39.0	-1.0	-1.0	23.0	-1.0	17.0	26.0	-1.0	25.0	33.0	-1.0	-1.0	-1.0	-1.0	-1.0	32.0	20.0	24.0	28.0	26.0	20.0	17.0	-1.0	31.0	18.0	31.0	-1.0	-1.0	27.0	-1.0	21.0	0.0	23.0	-1.0	-1.0	24.0	-1.0	-1.0	30.0	
-1.0	-1.0	14.0	-1.0	-1.0	-1.0	36.0	-1.0	17.0	-1.0	-1.0	39.0	-1.0	27.0	-1.0	-1.0	-1.0	26.0	-1.0	-1.0	33.0	-1.0	-1.0	21.0	-1.0	-1.0	32.0	32.0	-1.0	-1.0	-1.0	20.0	17.0	-1.0	31.0	18.0	14.0	-1.0	20.0	27.0	0.0	21.0	-1.0	23.0	19.0	-1.0	-1.0	-1.0	22.0	30.0	
-1.0	-1.0	21.0	-1.0	-1.0	19.0	36.0	-1.0	17.0	-1.0	-1.0	-1.0	21.0	-1.0	-1.0	-1.0	-1.0	26.0	-1.0	25.0	-1.0	-1.0	-1.0	-1.0	-1.0	-1.0	-1.0	-1.0	-1.0	-1.0	26.0	20.0	17.0	-1.0	31.0	18.0	14.0	-1.0	-1.0	27.0	0.0	-1.0	-1.0	23.0	-1.0	-1.0	-1.0	-1.0	22.0	30.0	
-1.0	-1.0	14.0	25.0	-1.0	19.0	36.0	-1.0	17.0	-1.0	-1.0	39.0	-1.0	-1.0	-1.0	10.0	17.0	-1.0	15.0	25.0	33.0	-1.0	23.0	21.0	-1.0	-1.0	-1.0	20.0	-1.0	-1.0	26.0	20.0	17.0	0.0	-1.0	18.0	14.0	-1.0	-1.0	27.0	-1.0	21.0	-1.0	-1.0	19.0	-1.0	-1.0	24.0	22.0	30.0	
-1.0	-1.0	-1.0	-1.0	-1.0	-1.0	-1.0	-1.0	-1.0	-1.0	-1.0	-1.0	-1.0	-1.0	-1.0	-1.0	-1.0	-1.0	-1.0	-1.0	-1.0	-1.0	-1.0	-1.0	-1.0	-1.0	-1.0	-1.0	-1.0	-1.0	-1.0	-1.0	-1.0	-1.0	-1.0	-1.0	-1.0	-1.0	-1.0	-1.0	-1.0	-1.0	-1.0	-1.0	-1.0	-1.0	-1.0	-1.0	-1.0	-1.0	
-1.0	-1.0	14.0	32.0	-1.0	-1.0	36.0	-1.0	33.0	-1.0	-1.0	39.0	-1.0	24.0	23.0	-1.0	-1.0	30.0	15.0	31.0	33.0	18.0	-1.0	-1.0	-1.0	-1.0	-1.0	-1.0	-1.0	27.0	-1.0	20.0	-1.0	0.0	23.0	18.0	31.0	19.0	-1.0	27.0	-1.0	21.0	-1.0	-1.0	19.0	-1.0	-1.0	-1.0	-1.0	-1.0	
17.0	-1.0	14.0	-1.0	-1.0	-1.0	36.0	-1.0	33.0	-1.0	-1.0	39.0	21.0	20.0	-1.0	-1.0	-1.0	26.0	-1.0	25.0	33.0	-1.0	23.0	-1.0	-1.0	-1.0	32.0	-1.0	-1.0	-1.0	26.0	20.0	-1.0	-1.0	23.0	-1.0	14.0	-1.0	-1.0	-1.0	0.0	-1.0	-1.0	23.0	19.0	-1.0	-1.0	-1.0	22.0	30.0	
-1.0	-1.0	22.0	-1.0	-1.0	19.0	36.0	-1.0	17.0	-1.0	0.0	39.0	-1.0	27.0	23.0	-1.0	17.0	26.0	-1.0	25.0	33.0	-1.0	-1.0	21.0	-1.0	-1.0	-1.0	-1.0	24.0	-1.0	-1.0	20.0	17.0	-1.0	23.0	22.0	14.0	4.0	20.0	-1.0	-1.0	21.0	-1.0	23.0	19.0	-1.0	24.0	-1.0	-1.0	30.0	
-1.0	-1.0	14.0	-1.0	8.0	-1.0	36.0	-1.0	-1.0	-1.0	-1.0	39.0	-1.0	-1.0	23.0	10.0	-1.0	26.0	-1.0	-1.0	33.0	0.0	-1.0	-1.0	-1.0	19.0	-1.0	20.0	-1.0	-1.0	26.0	20.0	17.0	-1.0	-1.0	18.0	14.0	-1.0	29.0	27.0	0.0	-1.0	0.0	-1.0	19.0	-1.0	-1.0	-1.0	22.0	-1.0	
-1.0	-1.0	-1.0	-1.0	-1.0	-1.0	39.0	-1.0	-1.0	-1.0	-1.0	39.0	-1.0	-1.0	23.0	10.0	-1.0	-1.0	-1.0	-1.0	-1.0	-1.0	-1.0	21.0	-1.0	-1.0	32.0	-1.0	24.0	-1.0	-1.0	-1.0	-1.0	-1.0	-1.0	-1.0	-1.0	-1.0	-1.0	-1.0	-1.0	-1.0	0.0	23.0	-1.0	-1.0	-1.0	-1.0	22.0	-1.0	
17.0	-1.0	14.0	-1.0	-1.0	19.0	36.0	39.0	17.0	-1.0	0.0	39.0	21.0	-1.0	-1.0	-1.0	-1.0	26.0	15.0	25.0	33.0	0.0	-1.0	-1.0	-1.0	-1.0	32.0	23.0	24.0	-1.0	-1.0	20.0	17.0	-1.0	23.0	18.0	14.0	-1.0	20.0	27.0	0.0	-1.0	-1.0	-1.0	19.0	-1.0	-1.0	-1.0	-1.0	30.0	
-1.0	-1.0	14.0	-1.0	8.0	-1.0	36.0	39.0	33.0	-1.0	0.0	39.0	21.0	27.0	-1.0	-1.0	25.0	26.0	-1.0	25.0	33.0	-1.0	-1.0	-1.0	-1.0	19.0	32.0	-1.0	-1.0	28.0	26.0	20.0	17.0	-1.0	23.0	18.0	-1.0	4.0	20.0	-1.0	0.0	21.0	0.0	23.0	19.0	-1.0	-1.0	-1.0	22.0	30.0	
-1.0	-1.0	14.0	-1.0	-1.0	-1.0	-1.0	-1.0	17.0	-1.0	0.0	39.0	21.0	-1.0	-1.0	-1.0	17.0	26.0	-1.0	25.0	33.0	-1.0	-1.0	-1.0	-1.0	-1.0	32.0	20.0	24.0	-1.0	-1.0	-1.0	-1.0	-1.0	-1.0	18.0	14.0	-1.0	-1.0	27.0	-1.0	-1.0	0.0	23.0	19.0	-1.0	-1.0	-1.0	22.0	-1.0	
-1.0	-1.0	22.0	-1.0	-1.0	-1.0	36.0	-1.0	17.0	8.0	-1.0	39.0	21.0	-1.0	-1.0	-1.0	-1.0	26.0	15.0	25.0	33.0	-1.0	23.0	-1.0	-1.0	-1.0	32.0	20.0	-1.0	28.0	-1.0	20.0	17.0	-1.0	31.0	18.0	14.0	-1.0	-1.0	27.0	0.0	21.0	0.0	23.0	19.0	-1.0	-1.0	-1.0	-1.0	30.0	
-1.0	-1.0	14.0	-1.0	-1.0	19.0	36.0	39.0	17.0	-1.0	-1.0	39.0	-1.0	-1.0	-1.0	10.0	-1.0	-1.0	-1.0	-1.0	33.0	-1.0	-1.0	-1.0	-1.0	-1.0	-1.0	20.0	24.0	-1.0	26.0	20.0	-1.0	0.0	-1.0	18.0	14.0	-1.0	-1.0	27.0	0.0	-1.0	-1.0	23.0	-1.0	-1.0	-1.0	-1.0	22.0	30.0	
-1.0	38.0	14.0	-1.0	-1.0	-1.0	36.0	-1.0	17.0	-1.0	0.0	39.0	-1.0	-1.0	-1.0	10.0	17.0	30.0	15.0	25.0	33.0	-1.0	-1.0	-1.0	-1.0	-1.0	32.0	23.0	24.0	28.0	26.0	-1.0	17.0	-1.0	-1.0	18.0	-1.0	4.0	20.0	27.0	0.0	21.0	0.0	23.0	19.0	37.0	-1.0	-1.0	22.0	-1.0	
-1.0	38.0	-1.0	-1.0	-1.0	-1.0	36.0	39.0	33.0	-1.0	-1.0	39.0	-1.0	-1.0	-1.0	-1.0	-1.0	-1.0	15.0	25.0	33.0	-1.0	-1.0	-1.0	32.0	-1.0	-1.0	-1.0	-1.0	27.0	-1.0	20.0	-1.0	-1.0	23.0	18.0	14.0	4.0	20.0	27.0	0.0	-1.0	0.0	-1.0	19.0	-1.0	-1.0	24.0	22.0	-1.0	
-1.0	-1.0	-1.0	-1.0	-1.0	-1.0	-1.0	-1.0	-1.0	-1.0	-1.0	-1.0	-1.0	-1.0	-1.0	-1.0	-1.0	-1.0	-1.0	-1.0	-1.0	-1.0	-1.0	-1.0	-1.0	-1.0	-1.0	-1.0	-1.0	-1.0	-1.0	-1.0	-1.0	-1.0	-1.0	-1.0	-1.0	-1.0	-1.0	-1.0	-1.0	-1.0	-1.0	-1.0	-1.0	-1.0	-1.0	-1.0	-1.0	-1.0	
-1.0	-1.0	14.0	-1.0	-1.0	-1.0	36.0	-1.0	17.0	-1.0	-1.0	39.0	-1.0	20.0	23.0	-1.0	17.0	26.0	15.0	-1.0	33.0	-1.0	-1.0	-1.0	-1.0	-1.0	32.0	-1.0	-1.0	27.0	-1.0	20.0	17.0	-1.0	-1.0	18.0	14.0	-1.0	20.0	-1.0	-1.0	21.0	-1.0	-1.0	-1.0	-1.0	24.0	24.0	22.0	-1.0	
-1.0	-1.0	14.0	-1.0	-1.0	-1.0	36.0	-1.0	-1.0	-1.0	0.0	39.0	21.0	-1.0	23.0	-1.0	-1.0	26.0	-1.0	25.0	-1.0	-1.0	-1.0	-1.0	-1.0	-1.0	-1.0	20.0	-1.0	-1.0	-1.0	20.0	17.0	-1.0	23.0	18.0	14.0	-1.0	20.0	27.0	-1.0	-1.0	-1.0	23.0	-1.0	-1.0	-1.0	-1.0	22.0	-1.0	

distances_centre_w :
-1.0	-1.0	21.0	-1.0	-1.0	-1.0	56.0	-1.0	43.0	-1.0	-1.0	62.0	-1.0	-1.0	42.0	-1.0	25.0	30.0	-1.0	31.0	51.0	-1.0	-1.0	-1.0	-1.0	-1.0	36.0	23.0	44.0	40.0	28.0	45.0	27.0	-1.0	49.0	18.0	39.0	-1.0	-1.0	31.0	-1.0	33.0	57.0	64.0	-1.0	-1.0	30.0	-1.0	-1.0	35.0	
-1.0	-1.0	55.0	-1.0	-1.0	-1.0	38.0	-1.0	33.0	-1.0	-1.0	62.0	-1.0	54.0	-1.0	-1.0	-1.0	30.0	-1.0	-1.0	51.0	-1.0	-1.0	49.0	-1.0	-1.0	36.0	43.0	-1.0	-1.0	-1.0	45.0	43.0	-1.0	49.0	18.0	31.0	-1.0	29.0	31.0	54.0	33.0	-1.0	64.0	52.0	-1.0	-1.0	-1.0	37.0	35.0	
-1.0	-1.0	22.0	-1.0	-1.0	47.0	39.0	-1.0	33.0	-1.0	-1.0	-1.0	26.0	-1.0	-1.0	-1.0	-1.0	30.0	-1.0	31.0	-1.0	-1.0	-1.0	-1.0	-1.0	-1.0	-1.0	-1.0	-1.0	-1.0	28.0	45.0	27.0	-1.0	49.0	18.0	59.0	-1.0	-1.0	56.0	54.0	-1.0	-1.0	64.0	-1.0	-1.0	-1.0	-1.0	37.0	35.0	
-1.0	-1.0	21.0	32.0	-1.0	47.0	56.0	-1.0	33.0	-1.0	-1.0	62.0	-1.0	-1.0	-1.0	57.0	25.0	-1.0	39.0	31.0	51.0	-1.0	42.0	59.0	-1.0	-1.0	-1.0	23.0	-1.0	-1.0	28.0	45.0	27.0	10.0	-1.0	18.0	31.0	-1.0	-1.0	31.0	-1.0	33.0	-1.0	-1.0	52.0	-1.0	-1.0	62.0	37.0	35.0	
-1.0	-1.0	-1.0	-1.0	-1.0	-1.0	-1.0	-1.0	-1.0	-1.0	-1.0	-1.0	-1.0	-1.0	-1.0	-1.0	-1.0	-1.0	-1.0	-1.0	-1.0	-1.0	-1.0	-1.0	-1.0	-1.0	-1.0	-1.0	-1.0	-1.0	-1.0	-1.0	-1.0	-1.0	-1.0	-1.0	-1.0	-1.0	-1.0	-1.0	-1.0	-1.0	-1.0	-1.0	-1.0	-1.0	-1.0	-1.0	-1.0	-1.0	
-1.0	-1.0	-1.0	-1.0	-1.0	-1.0	-1.0	-1.0	41.0	-1.0	-1.0	62.0	-1.0	-1.0	52.0	-1.0	-1.0	42.0	56.0	41.0	-1.0	-1.0	-1.0	-1.0	-1.0	-1.0	-1.0	-1.0	-1.0	63.0	-1.0	55.0	27.0	-1.0	49.0	-1.0	-1.0	-1.0	-1.0	-1.0	-1.0	-1.0	-1.0	-1.0	66.0	-1.0	-1.0	-1.0	-1.0	-1.0	
24.0	-1.0	22.0	-1.0	-1.0	-1.0	39.0	-1.0	41.0	-1.0	-1.0	62.0	26.0	24.0	-1.0	-1.0	-1.0	30.0	-1.0	31.0	51.0	-1.0	50.0	-1.0	-1.0	-1.0	39.0	-1.0	-1.0	-1.0	57.0	45.0	-1.0	-1.0	49.0	-1.0	31.0	-1.0	-1.0	-1.0	54.0	-1.0	-1.0	64.0	52.0	-1.0	-1.0	-1.0	51.0	35.0	
-1.0	-1.0	55.0	-1.0	-1.0	47.0	38.0	-1.0	33.0	-1.0	10.0	62.0	-1.0	54.0	42.0	-1.0	38.0	30.0	-1.0	31.0	51.0	-1.0	-1.0	57.0	-1.0	-1.0	-1.0	-1.0	57.0	-1.0	-1.0	45.0	27.0	-1.0	31.0	64.0	31.0	19.0	29.0	-1.0	-1.0	58.0	-1.0	64.0	52.0	-1.0	30.0	-1.0	-1.0	35.0	
-1.0	-1.0	22.0	-1.0	21.0	-1.0	39.0	-1.0	-1.0	-1.0	-1.0	62.0	-1.0	-1.0	52.0	57.0	-1.0	30.0	-1.0	-1.0	51.0	18.0	-1.0	-1.0	-1.0	54.0	-1.0	23.0	-1.0	-1.0	57.0	55.0	27.0	-1.0	-1.0	18.0	31.0	-1.0	47.0	31.0	54.0	-1.0	57.0	-1.0	52.0	-1.0	-1.0	-1.0	37.0	-1.0	
-1.0	-1.0	55.0	-1.0	-1.0	-1.0	-1.0	-1.0	41.0	-1.0	-1.0	-1.0	50.0	-1.0	-1.0	-1.0	-1.0	-1.0	-1.0	-1.0	-1.0	-1.0	-1.0	-1.0	-1.0	-1.0	-1.0	-1.0	-1.0	-1.0	-1.0	-1.0	-1.0	-1.0	-1.0	-1.0	59.0	-1.0	-1.0	-1.0	-1.0	-1.0	-1.0	-1.0	-1.0	-1.0	-1.0	-1.0	-1.0	-1.0	
24.0	-1.0	22.0	-1.0	-1.0	47.0	38.0	44.0	33.0	-1.0	10.0	62.0	29.0	-1.0	-1.0	-1.0	-1.0	30.0	56.0	31.0	51.0	18.0	-1.0	-1.0	-1.0	-1.0	47.0	43.0	44.0	-1.0	-1.0	45.0	27.0	-1.0	49.0	18.0	31.0	-1.0	29.0	31.0	54.0	-1.0	-1.0	-1.0	52.0	-1.0	-1.0	-1.0	-1.0	35.0	
-1.0	-1.0	22.0	-1.0	49.0	-1.0	56.0	44.0	49.0	-1.0	10.0	62.0	29.0	54.0	-1.0	-1.0	38.0	30.0	-1.0	47.0	51.0	-1.0	-1.0	-1.0	-1.0	60.0	39.0	-1.0	-1.0	40.0	28.0	45.0	27.0	-1.0	57.0	22.0	-1.0	19.0	29.0	-1.0	54.0	33.0	57.0	64.0	52.0	-1.0	-1.0	-1.0	37.0	35.0	
-1.0	-1.0	21.0	-1.0	-1.0	-1.0	-1.0	-1.0	33.0	-1.0	10.0	62.0	26.0	-1.0	-1.0	-1.0	38.0	30.0	-1.0	31.0	51.0	-1.0	-1.0	-1.0	-1.0	-1.0	36.0	23.0	44.0	-1.0	-1.0	-1.0	-1.0	-1.0	-1.0	22.0	31.0	-1.0	-1.0	31.0	-1.0	-1.0	57.0	64.0	52.0	-1.0	-1.0	-1.0	37.0	-1.0	
-1.0	-1.0	55.0	-1.0	-1.0	-1.0	56.0	-1.0	33.0	18.0	-1.0	62.0	26.0	-1.0	-1.0	-1.0	-1.0	30.0	39.0	31.0	51.0	-1.0	42.0	-1.0	-1.0	-1.0	36.0	23.0	-1.0	40.0	-1.0	45.0	27.0	-1.0	49.0	22.0	31.0	-1.0	-1.0	31.0	54.0	63.0	57.0	64.0	52.0	-1.0	-1.0	-1.0	-1.0	35.0	
-1.0	-1.0	22.0	-1.0	-1.0	47.0	38.0	44.0	33.0	-1.0	-1.0	62.0	-1.0	-1.0	-1.0	57.0	-1.0	-1.0	-1.0	-1.0	51.0	-1.0	-1.0	-1.0	-1.0	-1.0	-1.0	23.0	44.0	-1.0	28.0	45.0	-1.0	10.0	-1.0	18.0	31.0	-1.0	-1.0	31.0	54.0	-1.0	-1.0	64.0	-1.0	-1.0	-1.0	-1.0	37.0	35.0	
-1.0	48.0	55.0	-1.0	-1.0	-1.0	38.0	-1.0	33.0	-1.0	10.0	62.0	-1.0	-1.0	-1.0	57.0	25.0	42.0	64.0	31.0	51.0	-1.0	-1.0	-1.0	-1.0	-1.0	36.0	32.0	44.0	63.0	28.0	-1.0	43.0	-1.0	-1.0	18.0	-1.0	19.0	29.0	31.0	54.0	50.0	57.0	64.0	52.0	42.0	-1.0	-1.0	61.0	-1.0	
-1.0	48.0	-1.0	-1.0	-1.0	-1.0	38.0	44.0	49.0	-1.0	-1.0	62.0	-1.0	-1.0	-1.0	-1.0	-1.0	-1.0	39.0	31.0	51.0	-1.0	-1.0	-1.0	36.0	-1.0	-1.0	-1.0	-1.0	28.0	-1.0	45.0	-1.0	-1.0	31.0	18.0	31.0	19.0	29.0	31.0	54.0	-1.0	57.0	-1.0	52.0	-1.0	-1.0	33.0	61.0	-1.0	
-1.0	-1.0	-1.0	-1.0	-1.0	-1.0	-1.0	-1.0	-1.0	-1.0	-1.0	-1.0	-1.0	-1.0	-1.0	-1.0	-1.0	-1.0	-1.0	-1.0	-1.0	-1.0	-1.0	-1.0	-1.0	-1.0	-1.0	-1.0	-1.0	-1.0	-1.0	-1.0	-1.0	-1.0	-1.0	-1.0	-1.0	-1.0	-1.0	-1.0	-1.0	-1.0	-1.0	-1.0	-1.0	-1.0	-1.0	-1.0	-1.0	-1.0	
-1.0	-1.0	22.0	-1.0	-1.0	-1.0	39.0	-1.0	33.0	-1.0	-1.0	62.0	-1.0	24.0	57.0	-1.0	25.0	30.0	39.0	-1.0	51.0	-1.0	-1.0	-1.0	-1.0	-1.0	36.0	-1.0	-1.0	28.0	-1.0	45.0	27.0	-1.0	-1.0	22.0	31.0	-1.0	29.0	-1.0	-1.0	33.0	-1.0	-1.0	-1.0	-1.0	30.0	53.0	37.0	-1.0	
-1.0	-1.0	22.0	-1.0	-1.0	-1.0	39.0	-1.0	-1.0	-1.0	27.0	62.0	29.0	-1.0	52.0	-1.0	-1.0	30.0	-1.0	31.0	-1.0	-1.0	-1.0	-1.0	-1.0	-1.0	-1.0	23.0	-1.0	-1.0	-1.0	55.0	27.0	-1.0	57.0	22.0	31.0	-1.0	29.0	36.0	-1.0	-1.0	-1.0	64.0	-1.0	-1.0	-1.0	-1.0	37.0	-1.0	

maxX :
39.0	39.0	36.0	39.0	nan	39.0	39.0	39.0	39.0	39.0	39.0	39.0	39.0	39.0	39.0	39.0	39.0	nan	39.0	39.0	

maxW :
64.0	64.0	64.0	62.0	nan	66.0	64.0	64.0	62.0	59.0	62.0	64.0	64.0	64.0	64.0	64.0	62.0	nan	62.0	64.0	

minX :
0.0	0.0	0.0	0.0	nan	0.0	0.0	0.0	0.0	0.0	0.0	0.0	0.0	0.0	0.0	0.0	0.0	nan	14.0	0.0	

minW :
18.0	18.0	18.0	10.0	nan	27.0	22.0	10.0	18.0	41.0	10.0	10.0	10.0	18.0	10.0	10.0	18.0	nan	22.0	22.0	

moyX :
24.08	23.434782608695652	21.833333333333332	21.23076923076923	nan	24.227272727272727	23.61904761904762	21.76923076923077	19.09090909090909	23.3	21.037037037037038	21.6	20.57894736842105	21.73076923076923	21.55	21.20689655172414	23.09090909090909	nan	22.80952380952381	21.555555555555557	

moyW :
38.4	42.26086956521739	38.888888888888886	37.96153846153846	nan	50.36363636363637	41.76190476190476	41.92307692307692	40.68181818181818	51.25	37.03703703703704	41.3	36.78947368421053	41.23076923076923	38.7	42.724137931034484	40.31818181818182	nan	35.857142857142854	37.388888888888886	

medX :
24.0	22.0	21.5	20.5	nan	23.5	23.0	22.0	19.5	23.0	20.0	22.5	21.0	21.5	21.0	22.0	23.5	nan	21.0	21.5	

medW :
36.0	43.0	36.0	34.0	nan	52.0	41.0	40.0	43.0	52.5	35.0	42.0	33.0	39.5	37.5	43.0	38.5	nan	33.0	31.0	

ecartTypeX :
7.959497471574446	8.515081694093652	7.58836829188814	7.948428447995201	nan	8.665143434692911	8.5494427023954	8.097044533502011	10.689455683519034	11.384638773364749	10.250497662648463	10.63516180726305	9.466371446634184	9.403590526649882	10.721357190206845	10.927280982886531	11.377446154200667	nan	6.980374172117599	8.166477700005759	

ecartTypeW :
12.52517464948094	11.512629704898755	13.131340326312165	14.034245942393827	nan	11.23527502817255	12.71259129069534	14.360531051148698	14.769090461428261	6.722164829874376	12.894102819395647	14.005118112080787	14.373143623359802	13.568367319466862	14.366976021418008	14.927171595551648	12.509583103424655	nan	11.33173258002968	13.744246832316943	

varX :
63.3536	72.50661625708884	57.583333333333336	63.1775147928994	nan	75.08471074380166	73.09297052154196	65.56213017751479	114.26446280991739	129.61	105.07270233196161	113.10666666666665	89.61218836565098	88.42751479289942	114.94750000000002	119.40546967895362	129.44628099173553	nan	48.725623582766445	66.69135802469135	

varW :
156.88	132.54064272211718	172.43209876543207	196.9600591715976	nan	126.23140495867769	161.609977324263	206.22485207100593	218.12603305785123	45.1875	166.25788751714677	196.1433333333333	206.58725761772854	184.10059171597635	206.41000000000003	222.82045184304397	156.4896694214876	nan	128.40816326530611	188.9043209876543	

covarX :
65.99333333333334	75.80237154150197	60.970588235294116	65.70461538461538	nan	78.66017316017316	76.74761904761905	68.18461538461538	119.70562770562773	144.01111111111106	109.11396011396012	117.00689655172413	94.5906432748538	91.96461538461541	120.99736842105264	123.66995073891624	135.61038961038957	nan	51.16190476190477	70.61437908496733	

covarW :
163.41666666666666	138.56521739130434	182.57516339869278	204.83846153846153	nan	138.85454545454544	169.69047619047618	214.47384615384618	228.512987012987	60.25	172.65242165242165	202.90689655172412	218.0643274853801	191.4646153846154	217.27368421052634	230.7783251231527	163.94155844155844	nan	134.82857142857142	200.01633986928107	

coef_variationX :
0.33054391493249363	0.3633522800819184	0.347558853063579	0.3743824993620928	nan	0.35766070462147104	0.3619723724804504	0.371949042175004	0.5599238691367113	0.4886111061529935	0.4872595719920924	0.49236860218810413	0.4600027045679016	0.4327315994564548	0.4975107744875566	0.5152701601686331	0.4927240460480604	nan	0.3060289303016066	0.3788572128868651	

coef_variationW :
0.32617642316356615	0.272418192605629	0.3376630369623128	0.3696964483305365	nan	0.22308307817671127	0.30440640490832627	0.3425447773668497	0.3630390951412534	0.13116419180242683	0.34814077612368244	0.33910697607943796	0.3906863073588501	0.32908353573333804	0.3712396904759175	0.3493849687417254	0.3102715087658877	nan	0.3160244145825011	0.36760244128039377	

moy_distances_centre :	53.3
min_distances_centre :	10.0
max_distances_centre :	78.0
med_distances_centre :	62.0
ecartType_distances_centre :	24.339474110999195
var_distances_centre :	592.4100000000001
covar_distances_centre :	623.5894736842105
coef_variation_distances_centre :	0.4566505461725928
capacite_X_temoin : 
157.0	172.0	148.0	163.0	169.0	
154.0	166.0	174.0	141.0	157.0	
141.0	145.0	162.0	165.0	175.0	
150.0	168.0	139.0	162.0	154.0	
141.0	163.0	0.0	174.0	0.0	
166.0	0.0	148.0	159.0	169.0	
163.0	135.0	160.0	150.0	166.0	
160.0	165.0	162.0	148.0	157.0	
154.0	156.0	168.0	154.0	171.0	
144.0	139.0	157.0	0.0	175.0	
147.0	150.0	175.0	156.0	148.0	
163.0	141.0	171.0	136.0	145.0	
153.0	178.0	175.0	165.0	166.0	
153.0	168.0	135.0	157.0	178.0	
148.0	159.0	142.0	172.0	141.0	
138.0	171.0	168.0	145.0	159.0	
142.0	145.0	141.0	153.0	141.0	
175.0	135.0	163.0	178.0	0.0	
162.0	142.0	175.0	144.0	144.0	
177.0	159.0	154.0	171.0	177.0	

capacite_W_temoin : 
185.1	122.6	138.4	151.9	150.7	
152.2	166.8	179.2	83.3	146.1	
167.3	100.5	163.6	157.5	196.5	
180.0	134.4	119.69999999999999	106.6	143.2	
83.3	83.9	0.0	203.2	0.0	
203.8	0.0	85.4	60.699999999999996	202.7	
199.9	100.5	158.0	107.0	161.8	
164.0	116.5	195.6	97.4	157.1	
183.2	122.8	181.4	106.19999999999999	159.3	
167.2	72.69999999999999	128.1	0.0	95.5	
153.1	115.0	153.5	90.8	153.4	
167.9	126.3	171.3	72.8	118.5	
189.9	150.4	181.5	175.5	140.8	
171.9	127.4	125.5	104.1	189.4	
192.4	153.7	122.6	145.6	106.3	
151.4	175.3	154.4	56.5	98.69999999999999	
179.6	152.5	138.3	79.9	122.3	
194.5	105.5	136.9	68.4	0.0	
186.6	106.6	217.5	114.19999999999999	125.19999999999999	
203.1	144.7	156.2	196.3	182.1	

demande_cumulee_X : 
19.0	101.0	54.0	60.0	69.0	
48.0	49.0	47.0	100.0	58.0	
16.0	88.0	47.0	57.0	31.0	
15.0	84.0	61.0	104.0	57.0	
100.0	128.0	0.0	23.0	0.0	
12.0	0.0	107.0	146.0	17.0	
12.0	75.0	50.0	88.0	54.0	
44.0	98.0	15.0	95.0	47.0	
17.0	80.0	37.0	94.0	63.0	
20.0	108.0	76.0	0.0	132.0	
38.0	80.0	74.0	112.0	39.0	
44.0	57.0	51.0	104.0	70.0	
9.0	81.0	46.0	39.0	75.0	
27.0	91.0	50.0	100.0	42.0	
0.0	53.0	62.0	78.0	77.0	
28.0	47.0	64.0	132.0	108.0	
5.0	36.0	45.0	119.0	61.0	
33.0	70.0	75.0	163.0	0.0	
24.0	78.0	10.0	73.0	62.0	
27.0	62.0	44.0	26.0	48.0	

demande_cumulee_W : 
59.0	116.0	56.0	72.0	0.0	
39.0	162.0	42.0	36.0	23.0	
22.0	75.0	35.0	50.0	57.0	
56.0	127.0	80.0	58.0	0.0	
81.0	79.0	0.0	91.0	0.0	
162.0	0.0	84.0	17.0	19.0	
26.0	89.0	74.0	41.0	49.0	
43.0	109.0	58.0	81.0	8.0	
32.0	119.0	63.0	40.0	37.0	
108.0	59.0	123.0	0.0	46.0	
78.0	112.0	90.0	49.0	14.0	
54.0	123.0	71.0	68.0	10.0	
21.0	138.0	49.0	42.0	0.0	
38.0	123.0	85.0	42.0	22.0	
62.0	146.0	41.0	21.0	0.0	
86.0	169.0	72.0	41.0	11.0	
50.0	138.0	25.0	53.0	0.0	
95.0	101.0	122.0	23.0	0.0	
21.0	93.0	69.0	44.0	20.0	
23.0	64.0	43.0	54.0	23.0	

capacite_residuelle_X : 
138.0	71.0	94.0	103.0	100.0	
106.0	117.0	127.0	41.0	99.0	
125.0	57.0	115.0	108.0	144.0	
135.0	84.0	78.0	58.0	97.0	
41.0	35.0	0.0	151.0	0.0	
154.0	0.0	41.0	13.0	152.0	
151.0	60.0	110.0	62.0	112.0	
116.0	67.0	147.0	53.0	110.0	
137.0	76.0	131.0	60.0	108.0	
124.0	31.0	81.0	0.0	43.0	
109.0	70.0	101.0	44.0	109.0	
119.0	84.0	120.0	32.0	75.0	
144.0	97.0	129.0	126.0	91.0	
126.0	77.0	85.0	57.0	136.0	
148.0	106.0	80.0	94.0	64.0	
110.0	124.0	104.0	13.0	51.0	
137.0	109.0	96.0	34.0	80.0	
142.0	65.0	88.0	15.0	0.0	
138.0	64.0	165.0	71.0	82.0	
150.0	97.0	110.0	145.0	129.0	

capacite_residuelle_W : 
126.1	6.599999999999994	82.4	79.9	150.7	
113.19999999999999	4.800000000000011	137.2	47.3	123.1	
145.3	25.5	128.6	107.5	139.5	
124.0	7.400000000000006	39.69999999999999	48.599999999999994	143.2	
2.299999999999997	4.900000000000006	0.0	112.19999999999999	0.0	
41.80000000000001	0.0	1.4000000000000057	43.699999999999996	183.7	
173.9	11.5	84.0	66.0	112.80000000000001	
121.0	7.5	137.6	16.400000000000006	149.1	
151.2	3.799999999999997	118.4	66.19999999999999	122.30000000000001	
59.19999999999999	13.699999999999989	5.099999999999994	0.0	49.5	
75.1	3.0	63.5	41.8	139.4	
113.9	3.299999999999997	100.30000000000001	4.799999999999997	108.5	
168.9	12.400000000000006	132.5	133.5	140.8	
133.9	4.400000000000006	40.5	62.099999999999994	167.4	
130.4	7.699999999999989	81.6	124.6	106.3	
65.4	6.300000000000011	82.4	15.5	87.69999999999999	
129.6	14.5	113.30000000000001	26.900000000000006	122.3	
99.5	4.5	14.900000000000006	45.400000000000006	0.0	
165.6	13.599999999999994	148.5	70.19999999999999	105.19999999999999	
180.1	80.69999999999999	113.19999999999999	142.3	159.1	

min_capacite_X : 
148.0	141.0	141.0	139.0	0.0	0.0	135.0	148.0	154.0	0.0	147.0	136.0	153.0	135.0	141.0	138.0	141.0	0.0	142.0	154.0	

min_capacite_W : 
122.6	83.3	100.5	106.6	0.0	0.0	100.5	97.4	106.19999999999999	0.0	90.8	72.8	140.8	104.1	106.3	56.5	79.9	0.0	106.6	144.7	

max_capacite_X : 
172.0	174.0	175.0	168.0	174.0	169.0	166.0	165.0	171.0	175.0	175.0	171.0	178.0	178.0	172.0	171.0	153.0	178.0	175.0	177.0	

max_capacite_W : 
185.1	179.2	196.5	180.0	203.2	203.8	199.9	195.6	183.2	167.2	153.5	171.3	189.9	189.4	192.4	175.3	179.6	194.5	217.5	203.1	

moy_capacite_X : 
161.8	158.4	157.6	154.6	95.6	128.4	154.8	158.4	160.6	123.0	155.2	151.2	167.4	158.2	152.4	156.2	144.4	130.2	153.4	167.6	

moy_capacite_W : 
149.74	145.52	157.07999999999998	136.77999999999997	74.08	110.52000000000001	145.44	146.12	150.57999999999998	92.7	133.16	131.35999999999999	167.61999999999998	143.66	144.12	127.25999999999999	134.52	101.05999999999999	150.01999999999998	176.48	

med_capacite_X : 
163.0	157.0	162.0	154.0	141.0	159.0	160.0	160.0	156.0	144.0	150.0	145.0	166.0	157.0	148.0	159.0	142.0	163.0	144.0	171.0	

med_capacite_W : 
150.7	152.2	163.6	134.4	83.3	85.4	158.0	157.1	159.3	95.5	153.1	126.3	175.5	127.4	145.6	151.4	138.3	105.5	125.19999999999999	182.1	

ecartType_capacite_X : 
8.611620056644394	11.18212859879549	12.737346662472527	9.991996797437437	78.77715404861996	64.60526294350949	11.26765281680262	5.817215828899594	7.364781055808788	62.747111487302746	10.380751417888785	13.452137376640188	8.777243302996677	14.524462124292244	11.706408501329518	12.82809416865966	4.5431266766402185	66.84728865107394	13.016912076218384	9.457272334029511	

ecartType_capacite_W : 
20.59656282004354	33.17670266919243	31.312515069856655	24.969613533252772	74.60443418457109	80.65485478258577	37.117467586030166	35.04142691158566	31.08468433167691	56.22195300769976	25.865544649204665	36.195668249115116	18.798872306603922	31.77675880262177	29.388392266335362	43.47369779533368	33.17362808014824	65.29173301421858	43.99101726489171	22.602159188891672	

var_capacite_X : 
74.16000000000001	125.04	162.24	99.84	6205.840000000001	4173.84	126.96000000000001	33.839999999999996	54.239999999999995	3937.2	107.76000000000002	180.95999999999998	77.04	210.95999999999998	137.04000000000002	164.56	20.639999999999997	4468.5599999999995	169.44	89.44000000000001	

var_capacite_W : 
424.2183999999999	1100.6936	980.4736	623.4816000000001	5565.8216	6505.205599999999	1377.7064000000003	1227.9015999999997	966.2576000000001	3160.908	669.0264000000001	1310.1264000000003	353.3975999999999	1009.7624000000003	863.6776000000002	1889.9624000000003	1100.4895999999997	4263.010400000001	1935.2096000000006	510.8576000000003	

covar_capacite_X : 
92.70000000000002	156.3	202.8	124.80000000000001	7757.300000000001	5217.3	158.70000000000002	42.3	67.8	4921.5	134.70000000000002	226.2	96.30000000000001	263.7	171.3	205.7	25.799999999999997	5585.7	211.8	111.80000000000001	

covar_capacite_W : 
530.2729999999999	1375.8670000000002	1225.592	779.3520000000001	6957.277	8131.507	1722.1330000000003	1534.8769999999997	1207.8220000000001	3951.1349999999998	836.2830000000001	1637.6580000000004	441.74699999999984	1262.2030000000004	1079.5970000000002	2362.4530000000004	1375.6119999999996	5328.763000000001	2419.0120000000006	638.5720000000003	

##########	##########	##########	##########	##########	##########	##########	##########	##########	##########	##########	##########	##########	##########	##########	##########	##########	##########	##########	##########	##########	##########	##########	##########	##########	##########	##########	##########	##########	##########	##########	##########	##########	##########	##########	##########	##########	##########	##########	##########	##########	##########	##########	##########	##########	##########	##########	##########	##########	##########	nombre de noeuds : 50
nombre de strates : 20
nombre de centres : 5
titre : fenetre
instances : p7_5
temps de calcul : 0.11468815803527832
valeur objective : 2645.0
nombre de solutions : 3
nombre de noeuds : 1.0
faisability : True
centre : [21, 39, 29, 32, 25]
moy_distances :	47.35
min_distances :	1.0
max_distances :	120.0
var_distances :	507.7547355268637
covar_distances :	507.96206698277524
ecartType_distances :	22.533413756616277
coef_variation	: 0.47592123882508514
distances_centre_x :
-1.0	-1.0	15.0	-1.0	-1.0	-1.0	-1.0	-1.0	-1.0	-1.0	-1.0	-1.0	-1.0	-1.0	-1.0	-1.0	-1.0	-1.0	-1.0	-1.0	-1.0	-1.0	-1.0	-1.0	-1.0	-1.0	24.0	-1.0	33.0	-1.0	-1.0	-1.0	-1.0	-1.0	-1.0	-1.0	-1.0	-1.0	-1.0	0.0	-1.0	-1.0	56.0	49.0	-1.0	-1.0	-1.0	-1.0	-1.0	4.0	
-1.0	-1.0	-1.0	-1.0	-1.0	-1.0	-1.0	-1.0	-1.0	-1.0	-1.0	-1.0	-1.0	-1.0	-1.0	-1.0	-1.0	-1.0	-1.0	-1.0	-1.0	-1.0	-1.0	-1.0	-1.0	-1.0	-1.0	-1.0	-1.0	-1.0	-1.0	-1.0	-1.0	-1.0	-1.0	-1.0	-1.0	-1.0	-1.0	-1.0	-1.0	-1.0	-1.0	-1.0	-1.0	-1.0	-1.0	-1.0	-1.0	-1.0	
-1.0	-1.0	15.0	-1.0	-1.0	-1.0	-1.0	-1.0	-1.0	-1.0	-1.0	-1.0	11.0	-1.0	-1.0	-1.0	-1.0	-1.0	-1.0	-1.0	-1.0	-1.0	-1.0	-1.0	-1.0	-1.0	-1.0	-1.0	-1.0	-1.0	-1.0	-1.0	0.0	-1.0	-1.0	-1.0	-1.0	-1.0	-1.0	0.0	-1.0	-1.0	-1.0	49.0	-1.0	-1.0	-1.0	-1.0	50.0	4.0	
-1.0	-1.0	15.0	25.0	-1.0	7.0	24.0	-1.0	17.0	-1.0	-1.0	42.0	-1.0	-1.0	-1.0	50.0	10.0	-1.0	22.0	25.0	50.0	-1.0	23.0	47.0	-1.0	-1.0	-1.0	22.0	-1.0	-1.0	29.0	9.0	0.0	27.0	-1.0	22.0	14.0	-1.0	-1.0	0.0	-1.0	26.0	-1.0	-1.0	38.0	-1.0	-1.0	33.0	37.0	4.0	
-1.0	-1.0	15.0	-1.0	-1.0	7.0	24.0	25.0	17.0	-1.0	-1.0	42.0	-1.0	-1.0	38.0	-1.0	-1.0	26.0	-1.0	-1.0	-1.0	-1.0	-1.0	-1.0	-1.0	-1.0	-1.0	20.0	-1.0	7.0	26.0	-1.0	0.0	-1.0	-1.0	22.0	14.0	-1.0	7.0	0.0	-1.0	26.0	-1.0	49.0	38.0	-1.0	-1.0	-1.0	-1.0	4.0	
-1.0	-1.0	15.0	58.0	-1.0	-1.0	24.0	-1.0	41.0	-1.0	-1.0	42.0	-1.0	37.0	57.0	-1.0	-1.0	38.0	22.0	38.0	50.0	36.0	-1.0	-1.0	-1.0	-1.0	-1.0	-1.0	-1.0	0.0	-1.0	9.0	0.0	27.0	25.0	27.0	50.0	42.0	-1.0	0.0	-1.0	26.0	-1.0	-1.0	38.0	-1.0	-1.0	-1.0	-1.0	-1.0	
16.0	-1.0	19.0	-1.0	-1.0	-1.0	24.0	-1.0	17.0	-1.0	-1.0	42.0	11.0	37.0	-1.0	-1.0	-1.0	26.0	-1.0	38.0	50.0	-1.0	36.0	-1.0	-1.0	-1.0	24.0	-1.0	-1.0	-1.0	26.0	9.0	-1.0	-1.0	25.0	-1.0	14.0	-1.0	-1.0	-1.0	19.0	-1.0	-1.0	49.0	38.0	-1.0	-1.0	-1.0	37.0	4.0	
-1.0	-1.0	15.0	-1.0	-1.0	7.0	24.0	-1.0	17.0	-1.0	17.0	42.0	-1.0	20.0	38.0	-1.0	10.0	26.0	-1.0	25.0	50.0	-1.0	-1.0	36.0	-1.0	-1.0	-1.0	-1.0	33.0	-1.0	-1.0	9.0	0.0	-1.0	25.0	22.0	14.0	4.0	7.0	-1.0	-1.0	26.0	-1.0	49.0	38.0	-1.0	24.0	-1.0	-1.0	4.0	
-1.0	-1.0	15.0	-1.0	8.0	-1.0	24.0	-1.0	-1.0	-1.0	-1.0	42.0	-1.0	-1.0	38.0	50.0	-1.0	26.0	-1.0	-1.0	50.0	0.0	-1.0	-1.0	-1.0	0.0	-1.0	20.0	-1.0	-1.0	29.0	9.0	0.0	-1.0	-1.0	22.0	14.0	-1.0	7.0	0.0	19.0	-1.0	56.0	-1.0	38.0	-1.0	-1.0	-1.0	37.0	-1.0	
-1.0	-1.0	-1.0	-1.0	-1.0	-1.0	-1.0	-1.0	-1.0	-1.0	-1.0	-1.0	-1.0	-1.0	-1.0	-1.0	-1.0	-1.0	-1.0	-1.0	-1.0	-1.0	-1.0	-1.0	-1.0	-1.0	-1.0	-1.0	-1.0	-1.0	-1.0	-1.0	-1.0	-1.0	-1.0	-1.0	-1.0	-1.0	-1.0	-1.0	-1.0	-1.0	-1.0	-1.0	-1.0	-1.0	-1.0	-1.0	-1.0	-1.0	
16.0	-1.0	15.0	-1.0	-1.0	-1.0	63.0	-1.0	41.0	-1.0	17.0	-1.0	11.0	-1.0	-1.0	-1.0	-1.0	-1.0	74.0	-1.0	74.0	-1.0	-1.0	-1.0	-1.0	-1.0	24.0	22.0	40.0	-1.0	-1.0	-1.0	0.0	-1.0	-1.0	-1.0	-1.0	-1.0	7.0	0.0	-1.0	-1.0	-1.0	-1.0	-1.0	-1.0	-1.0	-1.0	-1.0	4.0	
-1.0	-1.0	15.0	-1.0	8.0	-1.0	24.0	25.0	17.0	-1.0	17.0	42.0	11.0	20.0	-1.0	-1.0	10.0	26.0	-1.0	25.0	50.0	-1.0	-1.0	-1.0	-1.0	0.0	24.0	-1.0	-1.0	0.0	26.0	9.0	0.0	-1.0	25.0	45.0	-1.0	4.0	7.0	-1.0	19.0	26.0	56.0	49.0	38.0	-1.0	-1.0	-1.0	37.0	4.0	
-1.0	-1.0	15.0	-1.0	-1.0	-1.0	-1.0	-1.0	17.0	-1.0	17.0	42.0	11.0	-1.0	-1.0	-1.0	10.0	26.0	-1.0	25.0	50.0	-1.0	-1.0	-1.0	-1.0	-1.0	24.0	20.0	33.0	-1.0	-1.0	-1.0	-1.0	-1.0	-1.0	22.0	14.0	-1.0	-1.0	0.0	-1.0	-1.0	56.0	49.0	38.0	-1.0	-1.0	-1.0	37.0	-1.0	
-1.0	-1.0	15.0	-1.0	-1.0	-1.0	24.0	-1.0	17.0	8.0	-1.0	42.0	11.0	-1.0	-1.0	-1.0	-1.0	26.0	22.0	25.0	50.0	-1.0	23.0	-1.0	-1.0	-1.0	24.0	20.0	-1.0	0.0	-1.0	9.0	0.0	-1.0	25.0	22.0	14.0	-1.0	-1.0	0.0	19.0	26.0	56.0	49.0	38.0	-1.0	-1.0	-1.0	-1.0	4.0	
-1.0	-1.0	15.0	-1.0	-1.0	-1.0	-1.0	-1.0	-1.0	-1.0	-1.0	-1.0	-1.0	-1.0	-1.0	50.0	-1.0	-1.0	-1.0	-1.0	-1.0	-1.0	-1.0	-1.0	-1.0	-1.0	-1.0	-1.0	33.0	-1.0	-1.0	-1.0	-1.0	-1.0	-1.0	45.0	-1.0	-1.0	-1.0	0.0	-1.0	-1.0	-1.0	49.0	-1.0	-1.0	-1.0	-1.0	-1.0	4.0	
-1.0	29.0	15.0	-1.0	-1.0	-1.0	24.0	-1.0	17.0	-1.0	17.0	42.0	-1.0	-1.0	-1.0	50.0	10.0	26.0	22.0	25.0	50.0	-1.0	-1.0	-1.0	-1.0	-1.0	24.0	20.0	33.0	0.0	26.0	-1.0	0.0	-1.0	-1.0	22.0	-1.0	4.0	7.0	0.0	19.0	26.0	56.0	49.0	38.0	13.0	-1.0	-1.0	37.0	-1.0	
-1.0	-1.0	-1.0	-1.0	-1.0	-1.0	63.0	-1.0	-1.0	-1.0	-1.0	-1.0	-1.0	-1.0	-1.0	-1.0	-1.0	-1.0	-1.0	-1.0	-1.0	-1.0	-1.0	-1.0	62.0	-1.0	-1.0	-1.0	-1.0	7.0	-1.0	-1.0	-1.0	-1.0	-1.0	45.0	53.0	40.0	41.0	0.0	-1.0	-1.0	56.0	-1.0	-1.0	-1.0	-1.0	38.0	50.0	-1.0	
-1.0	-1.0	15.0	-1.0	-1.0	-1.0	-1.0	-1.0	-1.0	-1.0	17.0	-1.0	11.0	-1.0	-1.0	50.0	-1.0	-1.0	-1.0	-1.0	-1.0	-1.0	-1.0	-1.0	-1.0	-1.0	24.0	-1.0	33.0	7.0	-1.0	-1.0	0.0	27.0	-1.0	27.0	-1.0	-1.0	-1.0	0.0	-1.0	-1.0	-1.0	-1.0	-1.0	-1.0	-1.0	-1.0	-1.0	4.0	
-1.0	-1.0	15.0	-1.0	-1.0	-1.0	24.0	-1.0	17.0	-1.0	-1.0	42.0	-1.0	20.0	38.0	-1.0	10.0	26.0	22.0	-1.0	50.0	-1.0	-1.0	-1.0	-1.0	-1.0	24.0	-1.0	-1.0	0.0	-1.0	9.0	0.0	-1.0	-1.0	22.0	14.0	-1.0	7.0	-1.0	-1.0	26.0	-1.0	-1.0	-1.0	-1.0	24.0	33.0	37.0	-1.0	
-1.0	-1.0	38.0	-1.0	-1.0	-1.0	24.0	-1.0	-1.0	-1.0	17.0	42.0	44.0	-1.0	38.0	-1.0	-1.0	26.0	-1.0	25.0	-1.0	-1.0	-1.0	-1.0	-1.0	-1.0	-1.0	20.0	-1.0	-1.0	-1.0	9.0	0.0	-1.0	25.0	22.0	14.0	-1.0	7.0	0.0	-1.0	-1.0	-1.0	49.0	-1.0	-1.0	-1.0	-1.0	37.0	-1.0	

distances_centre_w :
-1.0	-1.0	-1.0	-1.0	-1.0	-1.0	-1.0	-1.0	41.0	-1.0	-1.0	-1.0	-1.0	-1.0	-1.0	-1.0	47.0	-1.0	-1.0	-1.0	-1.0	-1.0	-1.0	-1.0	-1.0	-1.0	-1.0	22.0	-1.0	7.0	-1.0	-1.0	44.0	-1.0	-1.0	-1.0	-1.0	-1.0	-1.0	-1.0	-1.0	-1.0	-1.0	-1.0	-1.0	-1.0	-1.0	-1.0	-1.0	-1.0	
-1.0	-1.0	-1.0	-1.0	-1.0	-1.0	-1.0	-1.0	-1.0	-1.0	-1.0	-1.0	-1.0	-1.0	-1.0	-1.0	-1.0	-1.0	-1.0	-1.0	-1.0	-1.0	-1.0	-1.0	-1.0	-1.0	-1.0	-1.0	-1.0	-1.0	-1.0	-1.0	-1.0	-1.0	-1.0	-1.0	-1.0	-1.0	-1.0	-1.0	-1.0	-1.0	-1.0	-1.0	-1.0	-1.0	-1.0	-1.0	-1.0	-1.0	
-1.0	-1.0	38.0	-1.0	-1.0	78.0	63.0	-1.0	41.0	-1.0	-1.0	-1.0	16.0	-1.0	-1.0	-1.0	-1.0	61.0	-1.0	60.0	-1.0	-1.0	-1.0	-1.0	-1.0	-1.0	-1.0	-1.0	-1.0	-1.0	60.0	76.0	39.0	-1.0	65.0	27.0	50.0	-1.0	-1.0	7.0	88.0	-1.0	-1.0	55.0	-1.0	-1.0	-1.0	-1.0	56.0	9.0	
-1.0	-1.0	19.0	41.0	-1.0	47.0	38.0	-1.0	41.0	-1.0	-1.0	74.0	-1.0	-1.0	-1.0	57.0	38.0	-1.0	74.0	65.0	51.0	-1.0	36.0	54.0	-1.0	-1.0	-1.0	27.0	-1.0	-1.0	65.0	45.0	39.0	27.0	-1.0	27.0	42.0	-1.0	-1.0	7.0	-1.0	33.0	-1.0	-1.0	52.0	-1.0	-1.0	38.0	43.0	9.0	
-1.0	-1.0	19.0	-1.0	-1.0	47.0	38.0	58.0	41.0	-1.0	-1.0	74.0	-1.0	-1.0	64.0	-1.0	-1.0	38.0	-1.0	-1.0	-1.0	-1.0	-1.0	-1.0	-1.0	-1.0	-1.0	22.0	-1.0	39.0	29.0	-1.0	39.0	-1.0	-1.0	27.0	42.0	-1.0	36.0	7.0	-1.0	33.0	-1.0	55.0	52.0	-1.0	-1.0	-1.0	-1.0	9.0	
-1.0	-1.0	19.0	64.0	-1.0	-1.0	63.0	-1.0	44.0	-1.0	-1.0	89.0	-1.0	50.0	85.0	-1.0	-1.0	66.0	74.0	65.0	74.0	40.0	-1.0	-1.0	-1.0	-1.0	-1.0	-1.0	-1.0	39.0	-1.0	76.0	39.0	27.0	65.0	45.0	54.0	43.0	-1.0	7.0	-1.0	72.0	-1.0	-1.0	81.0	-1.0	-1.0	-1.0	-1.0	-1.0	
46.0	-1.0	38.0	-1.0	-1.0	-1.0	38.0	-1.0	60.0	-1.0	-1.0	74.0	16.0	50.0	-1.0	-1.0	-1.0	38.0	-1.0	60.0	51.0	-1.0	54.0	-1.0	-1.0	-1.0	31.0	-1.0	-1.0	-1.0	29.0	45.0	-1.0	-1.0	31.0	-1.0	42.0	-1.0	-1.0	-1.0	54.0	-1.0	-1.0	55.0	52.0	-1.0	-1.0	-1.0	43.0	9.0	
-1.0	-1.0	19.0	-1.0	-1.0	47.0	38.0	-1.0	41.0	-1.0	28.0	74.0	-1.0	37.0	57.0	-1.0	38.0	38.0	-1.0	38.0	51.0	-1.0	-1.0	45.0	-1.0	-1.0	-1.0	-1.0	40.0	-1.0	-1.0	45.0	39.0	-1.0	65.0	27.0	42.0	40.0	36.0	-1.0	-1.0	33.0	-1.0	55.0	52.0	-1.0	33.0	-1.0	-1.0	9.0	
-1.0	-1.0	19.0	-1.0	37.0	-1.0	38.0	-1.0	-1.0	-1.0	-1.0	74.0	-1.0	-1.0	64.0	57.0	-1.0	38.0	-1.0	-1.0	74.0	36.0	-1.0	-1.0	-1.0	54.0	-1.0	22.0	-1.0	-1.0	60.0	45.0	39.0	-1.0	-1.0	27.0	42.0	-1.0	36.0	7.0	54.0	-1.0	60.0	-1.0	52.0	-1.0	-1.0	-1.0	43.0	-1.0	
-1.0	-1.0	-1.0	-1.0	-1.0	-1.0	-1.0	-1.0	-1.0	-1.0	-1.0	-1.0	-1.0	-1.0	-1.0	-1.0	-1.0	-1.0	-1.0	-1.0	-1.0	-1.0	-1.0	-1.0	-1.0	-1.0	-1.0	-1.0	-1.0	-1.0	-1.0	-1.0	-1.0	-1.0	-1.0	-1.0	-1.0	-1.0	-1.0	-1.0	-1.0	-1.0	-1.0	-1.0	-1.0	-1.0	-1.0	-1.0	-1.0	-1.0	
-1.0	-1.0	19.0	-1.0	-1.0	89.0	69.0	79.0	46.0	-1.0	-1.0	89.0	-1.0	-1.0	-1.0	-1.0	-1.0	61.0	78.0	60.0	89.0	43.0	-1.0	-1.0	-1.0	-1.0	31.0	50.0	73.0	-1.0	-1.0	87.0	39.0	-1.0	71.0	45.0	54.0	-1.0	36.0	7.0	88.0	-1.0	-1.0	-1.0	81.0	-1.0	-1.0	-1.0	-1.0	9.0	
-1.0	-1.0	19.0	-1.0	48.0	-1.0	38.0	58.0	41.0	-1.0	31.0	74.0	16.0	37.0	-1.0	-1.0	38.0	38.0	-1.0	38.0	74.0	-1.0	-1.0	-1.0	-1.0	54.0	31.0	-1.0	-1.0	7.0	29.0	45.0	39.0	-1.0	65.0	70.0	-1.0	40.0	36.0	-1.0	54.0	68.0	63.0	55.0	52.0	-1.0	-1.0	-1.0	43.0	9.0	
-1.0	-1.0	19.0	-1.0	-1.0	-1.0	-1.0	-1.0	41.0	-1.0	27.0	74.0	26.0	-1.0	-1.0	-1.0	38.0	38.0	-1.0	38.0	51.0	-1.0	-1.0	-1.0	-1.0	-1.0	31.0	22.0	40.0	-1.0	-1.0	-1.0	-1.0	-1.0	-1.0	27.0	42.0	-1.0	-1.0	7.0	-1.0	-1.0	57.0	64.0	52.0	-1.0	-1.0	-1.0	43.0	-1.0	
-1.0	-1.0	19.0	-1.0	-1.0	-1.0	38.0	-1.0	41.0	39.0	-1.0	74.0	74.0	-1.0	-1.0	-1.0	-1.0	38.0	39.0	38.0	51.0	-1.0	36.0	-1.0	-1.0	-1.0	31.0	22.0	-1.0	39.0	-1.0	45.0	39.0	-1.0	31.0	70.0	42.0	-1.0	-1.0	7.0	54.0	33.0	63.0	64.0	52.0	-1.0	-1.0	-1.0	-1.0	9.0	
-1.0	-1.0	-1.0	-1.0	-1.0	-1.0	-1.0	-1.0	41.0	-1.0	-1.0	-1.0	-1.0	-1.0	-1.0	-1.0	-1.0	-1.0	-1.0	-1.0	-1.0	-1.0	-1.0	-1.0	-1.0	-1.0	-1.0	22.0	-1.0	-1.0	-1.0	-1.0	-1.0	-1.0	-1.0	-1.0	50.0	-1.0	-1.0	-1.0	-1.0	-1.0	-1.0	-1.0	-1.0	-1.0	-1.0	-1.0	-1.0	-1.0	
-1.0	61.0	19.0	-1.0	-1.0	-1.0	38.0	-1.0	41.0	-1.0	28.0	74.0	-1.0	-1.0	-1.0	57.0	47.0	38.0	74.0	38.0	74.0	-1.0	-1.0	-1.0	-1.0	-1.0	31.0	22.0	44.0	7.0	29.0	-1.0	39.0	-1.0	-1.0	27.0	-1.0	40.0	36.0	7.0	54.0	68.0	57.0	64.0	52.0	19.0	-1.0	-1.0	43.0	-1.0	
-1.0	81.0	-1.0	-1.0	-1.0	-1.0	69.0	79.0	41.0	-1.0	-1.0	89.0	-1.0	-1.0	-1.0	-1.0	-1.0	-1.0	74.0	60.0	74.0	-1.0	-1.0	-1.0	72.0	-1.0	-1.0	-1.0	-1.0	-1.0	-1.0	76.0	-1.0	-1.0	65.0	45.0	54.0	42.0	-1.0	-1.0	88.0	-1.0	-1.0	-1.0	81.0	-1.0	-1.0	45.0	78.0	-1.0	
-1.0	-1.0	38.0	-1.0	-1.0	-1.0	63.0	-1.0	41.0	-1.0	-1.0	-1.0	44.0	-1.0	-1.0	-1.0	-1.0	-1.0	-1.0	60.0	74.0	-1.0	-1.0	-1.0	-1.0	-1.0	-1.0	-1.0	73.0	39.0	-1.0	-1.0	-1.0	27.0	65.0	45.0	-1.0	-1.0	-1.0	44.0	-1.0	72.0	-1.0	-1.0	-1.0	-1.0	-1.0	-1.0	-1.0	-1.0	
-1.0	-1.0	19.0	-1.0	-1.0	-1.0	63.0	-1.0	41.0	-1.0	-1.0	74.0	-1.0	37.0	57.0	-1.0	47.0	38.0	39.0	-1.0	51.0	-1.0	-1.0	-1.0	-1.0	-1.0	31.0	-1.0	-1.0	7.0	-1.0	45.0	39.0	-1.0	-1.0	27.0	42.0	-1.0	36.0	-1.0	-1.0	33.0	-1.0	-1.0	-1.0	-1.0	33.0	38.0	43.0	-1.0	
-1.0	-1.0	72.0	-1.0	-1.0	-1.0	38.0	-1.0	-1.0	-1.0	27.0	74.0	74.0	-1.0	42.0	-1.0	-1.0	66.0	-1.0	65.0	-1.0	-1.0	-1.0	-1.0	-1.0	-1.0	-1.0	63.0	-1.0	-1.0	-1.0	45.0	43.0	-1.0	71.0	70.0	54.0	-1.0	47.0	7.0	-1.0	-1.0	-1.0	55.0	-1.0	-1.0	-1.0	-1.0	56.0	-1.0	

maxX :
56.0	nan	50.0	50.0	49.0	58.0	50.0	50.0	56.0	nan	74.0	56.0	56.0	56.0	50.0	56.0	63.0	50.0	50.0	49.0	

maxW :
47.0	nan	88.0	74.0	74.0	89.0	74.0	74.0	74.0	nan	89.0	74.0	74.0	74.0	50.0	74.0	89.0	74.0	74.0	74.0	

minX :
0.0	nan	0.0	0.0	0.0	0.0	4.0	0.0	0.0	nan	0.0	0.0	0.0	0.0	0.0	0.0	0.0	0.0	0.0	0.0	

minW :
7.0	nan	7.0	7.0	7.0	7.0	9.0	9.0	7.0	nan	7.0	7.0	7.0	7.0	22.0	7.0	41.0	27.0	7.0	7.0	

moyX :
25.857142857142858	nan	18.428571428571427	23.76923076923077	20.35	30.52173913043478	26.714285714285715	22.384615384615383	22.90909090909091	nan	27.2	21.966666666666665	26.63157894736842	21.884615384615383	28.0	24.17241379310345	41.36363636363637	17.916666666666668	21.904761904761905	24.27777777777778	

moyW :
32.2	nan	49.388888888888886	41.88461538461539	38.45	55.69565217391305	43.61904761904762	41.03846153846154	44.45454545454545	nan	58.041666666666664	43.666666666666664	38.78947368421053	41.84615384615385	37.666666666666664	42.3448275862069	67.38888888888889	52.69230769230769	40.0	53.833333333333336	

medX :
24.0	nan	11.0	23.5	21.0	36.0	25.0	23.0	21.0	nan	17.0	22.0	24.0	22.0	33.0	24.0	45.0	16.0	22.0	24.5	

medW :
41.0	nan	55.5	41.0	38.5	63.0	45.0	39.5	42.5	nan	60.5	40.5	38.0	39.0	41.0	40.0	73.0	45.0	39.0	55.5	

ecartTypeX :
19.866904075648534	nan	20.303814862216992	14.134811615592335	13.705017329430854	16.833893257140982	12.74341233042113	13.669384441368132	17.27296650552031	nan	24.658196744017324	15.523065275761601	14.882736471339747	14.931450862259535	19.885385875777505	15.279169876162687	19.624996710006567	14.349554774355271	12.868954010496076	14.433008293320619	

ecartTypeW :
15.328405005087777	nan	22.649843975152795	16.85304565735802	16.74955223282103	21.00814496830817	14.750225794805054	13.14265155669998	16.770448231466492	nan	25.1966915266447	17.628260139774305	15.816643290728585	17.2953802362016	11.67142760000773	18.59787874828177	15.416941939484369	15.091437283769258	13.965944975103511	17.651723239767083	

varX :
394.69387755102036	nan	412.2448979591836	199.79289940828403	187.82750000000001	283.37996219281666	162.39455782312928	186.85207100591717	298.35537190082647	nan	608.0266666666665	240.96555555555557	221.49584487534628	222.94822485207098	395.42857142857144	233.4530321046373	385.1404958677686	205.90972222222217	165.609977324263	208.31172839506175	

varW :
234.96000000000004	nan	513.0154320987654	284.02514792899404	280.5475	441.3421550094519	217.5691609977324	172.72928994082838	281.24793388429754	nan	634.8732638888888	310.7555555555556	250.16620498614955	299.1301775147929	136.2222222222222	345.8810939357906	237.68209876543207	227.75147928994082	195.04761904761904	311.5833333333333	

covarX :
460.4761904761904	nan	480.95238095238085	207.7846153846154	197.7131578947368	296.26086956521743	170.5142857142857	194.32615384615383	312.56277056277054	nan	651.4571428571428	249.2747126436781	233.80116959064327	231.86615384615382	461.3333333333333	241.7906403940886	423.6545454545454	224.62878787878782	173.8904761904762	220.5653594771242	

covarW :
293.70000000000005	nan	543.1928104575163	295.3861538461539	295.3131578947369	461.4031620553361	228.44761904761904	179.63846153846148	294.64069264069263	nan	662.4764492753624	321.47126436781605	264.0643274853801	311.09538461538466	204.33333333333331	358.2339901477831	251.6633986928105	246.7307692307692	204.8	329.9117647058824	

coef_variationX :
0.7683333067930372	nan	1.101757395624178	0.5946684498469267	0.6734652250334572	0.5515378132681519	0.4770261300157642	0.6106597860405008	0.7539786966695372	nan	0.9065513508829899	0.7066645800801943	0.5588379307420063	0.6822807072385728	0.7101923527063395	0.6320911931650754	0.47445046991224665	0.8009053827547128	0.5874957265661251	0.5944946207775083	

coef_variationW :
0.4760374225182539	nan	0.4586020152449385	0.402368399532882	0.4356190437664767	0.3771954209766494	0.3381601983525176	0.320252052928022	0.3772493467201051	nan	0.4341138525767931	0.4037006138879612	0.40775606855338276	0.4133087188798176	0.3098609097347185	0.43920071962554663	0.2287757254004276	0.28640683896204433	0.34914862437758776	0.32789578773561145	

moy_distances_centre :	53.4
min_distances_centre :	7.0
max_distances_centre :	96.0
med_distances_centre :	43.5
ecartType_distances_centre :	26.818650227034173
var_distances_centre :	719.24
covar_distances_centre :	757.0947368421054
coef_variation_distances_centre :	0.5022219143639358
capacite_X_temoin : 
172.0	169.0	153.0	0.0	160.0	
166.0	150.0	163.0	150.0	0.0	
145.0	0.0	178.0	138.0	178.0	
168.0	136.0	144.0	150.0	169.0	
163.0	136.0	168.0	172.0	159.0	
0.0	141.0	168.0	139.0	172.0	
135.0	171.0	136.0	154.0	139.0	
165.0	171.0	138.0	141.0	175.0	
156.0	169.0	139.0	145.0	150.0	
139.0	157.0	141.0	163.0	0.0	
150.0	0.0	175.0	159.0	159.0	
141.0	151.0	145.0	159.0	172.0	
178.0	139.0	154.0	171.0	150.0	
168.0	154.0	135.0	145.0	135.0	
159.0	168.0	157.0	0.0	156.0	
171.0	177.0	157.0	135.0	153.0	
145.0	0.0	159.0	153.0	172.0	
135.0	157.0	0.0	162.0	162.0	
142.0	148.0	153.0	169.0	144.0	
159.0	174.0	147.0	163.0	150.0	

capacite_W_temoin : 
111.6	141.7	183.9	0.0	110.0	
133.8	71.0	131.9	179.0	0.0	
47.5	0.0	231.4	167.4	145.4	
125.4	58.8	187.2	169.0	135.7	
132.9	86.8	218.4	207.6	140.7	
0.0	46.3	205.4	134.7	137.6	
96.5	113.3	168.8	176.2	121.69999999999999	
101.5	112.3	179.4	158.3	176.5	
109.8	97.69999999999999	180.7	170.5	137.0	
113.69999999999999	78.1	60.3	191.9	0.0	
59.0	0.0	214.5	151.7	67.69999999999999	
79.3	83.3	186.5	179.7	143.6	
126.4	138.7	200.2	213.3	101.0	
126.4	94.19999999999999	173.5	175.5	78.5	
123.69999999999999	131.4	204.1	0.0	102.8	
114.3	104.1	202.1	149.5	81.9	
60.5	0.0	190.7	178.9	121.6	
128.5	59.1	0.0	188.6	83.6	
72.6	104.4	196.9	199.7	162.2	
123.69999999999999	184.2	191.1	164.9	160.0	

demande_cumulee_X : 
112.0	78.0	15.0	0.0	98.0	
82.0	124.0	80.0	16.0	0.0	
141.0	0.0	0.0	12.0	86.0	
93.0	118.0	0.0	26.0	84.0	
79.0	90.0	0.0	16.0	66.0	
0.0	137.0	13.0	46.0	86.0	
79.0	109.0	8.0	24.0	59.0	
113.0	110.0	0.0	25.0	51.0	
93.0	122.0	0.0	18.0	58.0	
67.0	126.0	123.0	20.0	0.0	
136.0	0.0	13.0	55.0	139.0	
104.0	113.0	2.0	27.0	80.0	
105.0	42.0	0.0	9.0	94.0	
92.0	106.0	2.0	13.0	97.0	
83.0	87.0	0.0	0.0	100.0	
108.0	126.0	2.0	26.0	117.0	
128.0	0.0	16.0	20.0	102.0	
47.0	145.0	0.0	22.0	127.0	
112.0	88.0	2.0	20.0	25.0	
83.0	42.0	0.0	47.0	35.0	

demande_cumulee_W : 
95.0	83.0	81.0	0.0	44.0	
119.0	50.0	52.0	81.0	0.0	
0.0	0.0	90.0	52.0	97.0	
118.0	44.0	117.0	4.0	38.0	
77.0	44.0	93.0	6.0	31.0	
0.0	15.0	132.0	80.0	55.0	
91.0	64.0	74.0	38.0	12.0	
97.0	75.0	74.0	15.0	38.0	
92.0	62.0	66.0	27.0	44.0	
108.0	76.0	52.0	100.0	0.0	
31.0	0.0	153.0	131.0	28.0	
76.0	72.0	94.0	37.0	47.0	
85.0	71.0	60.0	4.0	30.0	
120.0	65.0	84.0	13.0	28.0	
122.0	45.0	62.0	0.0	41.0	
111.0	68.0	108.0	28.0	64.0	
38.0	0.0	36.0	97.0	95.0	
121.0	54.0	0.0	121.0	45.0	
56.0	70.0	43.0	15.0	63.0	
66.0	38.0	90.0	13.0	0.0	

capacite_residuelle_X : 
60.0	91.0	138.0	0.0	62.0	
84.0	26.0	83.0	134.0	0.0	
4.0	0.0	178.0	126.0	92.0	
75.0	18.0	144.0	124.0	85.0	
84.0	46.0	168.0	156.0	93.0	
0.0	4.0	155.0	93.0	86.0	
56.0	62.0	128.0	130.0	80.0	
52.0	61.0	138.0	116.0	124.0	
63.0	47.0	139.0	127.0	92.0	
72.0	31.0	18.0	143.0	0.0	
14.0	0.0	162.0	104.0	20.0	
37.0	38.0	143.0	132.0	92.0	
73.0	97.0	154.0	162.0	56.0	
76.0	48.0	133.0	132.0	38.0	
76.0	81.0	157.0	0.0	56.0	
63.0	51.0	155.0	109.0	36.0	
17.0	0.0	143.0	133.0	70.0	
88.0	12.0	0.0	140.0	35.0	
30.0	60.0	151.0	149.0	119.0	
76.0	132.0	147.0	116.0	115.0	

capacite_residuelle_W : 
16.599999999999994	58.69999999999999	102.9	0.0	66.0	
14.800000000000011	21.0	79.9	98.0	0.0	
47.5	0.0	141.4	115.4	48.400000000000006	
7.400000000000006	14.799999999999997	70.19999999999999	165.0	97.69999999999999	
55.900000000000006	42.8	125.4	201.6	109.69999999999999	
0.0	31.299999999999997	73.4	54.69999999999999	82.6	
5.5	49.3	94.80000000000001	138.2	109.69999999999999	
4.5	37.3	105.4	143.3	138.5	
17.799999999999997	35.69999999999999	114.69999999999999	143.5	93.0	
5.699999999999989	2.0999999999999943	8.299999999999997	91.9	0.0	
28.0	0.0	61.5	20.69999999999999	39.69999999999999	
3.299999999999997	11.299999999999997	92.5	142.7	96.6	
41.400000000000006	67.69999999999999	140.2	209.3	71.0	
6.400000000000006	29.19999999999999	89.5	162.5	50.5	
1.6999999999999886	86.4	142.1	0.0	61.8	
3.299999999999997	36.099999999999994	94.1	121.5	17.900000000000006	
22.5	0.0	154.7	81.9	26.599999999999994	
7.5	5.100000000000001	0.0	67.6	38.599999999999994	
16.599999999999994	34.400000000000006	153.9	184.7	99.19999999999999	
57.69999999999999	146.2	101.1	151.9	160.0	

min_capacite_X : 
0.0	0.0	0.0	136.0	136.0	0.0	135.0	138.0	139.0	0.0	0.0	141.0	139.0	135.0	0.0	135.0	0.0	0.0	142.0	147.0	

min_capacite_W : 
0.0	0.0	0.0	58.8	86.8	0.0	96.5	101.5	97.69999999999999	0.0	0.0	79.3	101.0	78.5	0.0	81.9	0.0	0.0	72.6	123.69999999999999	

max_capacite_X : 
172.0	166.0	178.0	169.0	172.0	172.0	171.0	175.0	169.0	163.0	175.0	172.0	178.0	168.0	168.0	177.0	172.0	162.0	169.0	174.0	

max_capacite_W : 
183.9	179.0	231.4	187.2	218.4	205.4	176.2	179.4	180.7	191.9	214.5	186.5	213.3	175.5	204.1	202.1	190.7	188.6	199.7	191.1	

moy_capacite_X : 
130.8	125.8	127.8	153.4	159.6	124.0	147.0	158.0	151.8	120.0	128.6	153.6	158.4	147.4	128.0	158.6	125.8	123.2	151.2	158.6	

moy_capacite_W : 
109.44000000000001	103.14000000000001	118.33999999999999	135.21999999999997	157.28000000000003	104.8	135.3	145.6	139.14000000000001	88.8	98.58	134.48	155.92000000000002	129.62	112.4	130.38	110.34	91.96	147.16	164.78	

med_capacite_X : 
160.0	150.0	145.0	150.0	163.0	141.0	139.0	165.0	150.0	141.0	159.0	151.0	154.0	145.0	157.0	157.0	153.0	157.0	148.0	159.0	

med_capacite_W : 
111.6	131.9	145.4	135.7	140.7	134.7	121.69999999999999	158.3	137.0	78.1	67.69999999999999	143.6	138.7	126.4	123.69999999999999	114.3	121.6	83.6	162.2	164.9	

ecartType_capacite_X : 
65.74313652389883	63.24049335670935	65.9890900073641	13.108775686539152	12.59523719506703	63.45076831686122	13.813037319865606	15.466091943344964	10.264501936285072	60.69596362197407	64.8030863462536	11.01998185116473	14.207040508142432	12.499599993599794	64.1404708432983	14.71869559437928	63.51503758953465	62.40320504589488	9.662297863344929	9.645724441429994	

ecartType_capacite_W : 
60.93782405042044	61.95603602555606	83.59946411311498	44.22598331298016	49.20257716827443	72.7949174049947	31.526052718347092	32.595214372665204	32.537277083370086	63.34319221510707	75.49483161117719	45.82210820117293	43.445018126362896	39.77091399502908	65.7624512925119	41.973439220535646	72.03323122004177	63.687945484212314	50.691877061320184	23.58095841987768	

var_capacite_X : 
4322.16	3999.3599999999997	4354.56	171.84	158.64	4026.0	190.8	239.2	105.35999999999999	3684.0	4199.44	121.44000000000001	201.83999999999997	156.23999999999998	4114.0	216.64000000000001	4034.16	3894.16	93.35999999999999	93.03999999999999	

var_capacite_W : 
3713.4184	3838.5504	6988.8704	1955.9376	2420.8936000000003	5299.1	993.8920000000002	1062.4480000000003	1058.6744	4012.3600000000006	5699.469599999999	2099.6655999999994	1887.4696000000004	1581.7256000000002	4324.7	1761.7696	5188.7864	4056.1543999999994	2569.6663999999996	556.0616	

covar_capacite_X : 
5402.7	4999.2	5443.200000000001	214.8	198.29999999999998	5032.5	238.5	299.0	131.7	4605.0	5249.299999999999	151.8	252.29999999999998	195.29999999999998	5142.5	270.8	5042.7	4867.7	116.69999999999999	116.3	

covar_capacite_W : 
4641.773	4798.188	8736.088	2444.922	3026.117	6623.875	1242.3650000000002	1328.0600000000004	1323.343	5015.450000000001	7124.3369999999995	2624.5819999999994	2359.3370000000004	1977.1570000000002	5405.875	2202.212	6485.983	5070.192999999999	3212.0829999999996	695.077	

##########	##########	##########	##########	##########	##########	##########	##########	##########	##########	##########	##########	##########	##########	##########	##########	##########	##########	##########	##########	##########	##########	##########	##########	##########	##########	##########	##########	##########	##########	##########	##########	##########	##########	##########	##########	##########	##########	##########	##########	##########	##########	##########	##########	##########	##########	##########	##########	##########	##########	