nombre de noeuds : 50
nombre de strates : 5
nombre de centres : 5
titre : fenetre
instances : p8_2
temps de calcul : 0.04113197326660156
valeur objective : 646.0
nombre de solutions : 3
nombre de noeuds : 1.0
faisability : True
centre : [6, 9, 41, 24, 47]
moy_distances :	53.19
min_distances :	1.0
max_distances :	130.0
var_distances :	651.3330085797585
covar_distances :	651.5989673419389
ecartType_distances :	25.52122662764779
coef_variation	: 0.47985484127683786
distances_centre_x :
-1.0	-1.0	46.0	5.0	44.0	-1.0	-1.0	63.0	-1.0	0.0	26.0	-1.0	-1.0	29.0	-1.0	45.0	49.0	47.0	49.0	61.0	-1.0	-1.0	-1.0	-1.0	0.0	45.0	15.0	-1.0	30.0	33.0	-1.0	-1.0	29.0	34.0	25.0	28.0	40.0	56.0	27.0	28.0	-1.0	0.0	21.0	35.0	47.0	18.0	27.0	-1.0	19.0	38.0	
31.0	3.0	-1.0	5.0	-1.0	-1.0	0.0	-1.0	8.0	0.0	26.0	54.0	49.0	29.0	-1.0	-1.0	-1.0	47.0	27.0	30.0	3.0	-1.0	-1.0	-1.0	0.0	-1.0	15.0	2.0	30.0	-1.0	-1.0	39.0	-1.0	-1.0	25.0	-1.0	40.0	-1.0	27.0	28.0	-1.0	0.0	-1.0	-1.0	47.0	-1.0	27.0	0.0	-1.0	38.0	
31.0	3.0	-1.0	5.0	-1.0	-1.0	-1.0	63.0	-1.0	0.0	40.0	-1.0	36.0	29.0	29.0	-1.0	51.0	51.0	27.0	30.0	3.0	-1.0	21.0	28.0	-1.0	-1.0	-1.0	2.0	30.0	-1.0	3.0	-1.0	-1.0	34.0	25.0	-1.0	40.0	56.0	-1.0	28.0	24.0	0.0	-1.0	-1.0	47.0	-1.0	27.0	0.0	-1.0	38.0	
36.0	-1.0	41.0	5.0	-1.0	31.0	0.0	63.0	8.0	-1.0	40.0	-1.0	36.0	29.0	-1.0	-1.0	-1.0	47.0	27.0	61.0	-1.0	42.0	-1.0	28.0	0.0	45.0	-1.0	-1.0	30.0	-1.0	3.0	39.0	-1.0	-1.0	25.0	-1.0	-1.0	56.0	-1.0	28.0	24.0	0.0	-1.0	-1.0	47.0	-1.0	27.0	0.0	-1.0	42.0	
31.0	3.0	41.0	5.0	-1.0	-1.0	0.0	-1.0	8.0	0.0	-1.0	54.0	36.0	29.0	29.0	-1.0	49.0	47.0	27.0	30.0	-1.0	-1.0	21.0	28.0	0.0	45.0	15.0	-1.0	-1.0	-1.0	3.0	39.0	29.0	34.0	25.0	-1.0	-1.0	-1.0	-1.0	28.0	-1.0	0.0	-1.0	-1.0	47.0	-1.0	27.0	0.0	19.0	38.0	

distances_centre_w :
-1.0	-1.0	60.0	17.0	50.0	-1.0	-1.0	68.0	-1.0	14.0	40.0	-1.0	-1.0	66.0	-1.0	50.0	64.0	51.0	59.0	70.0	-1.0	-1.0	-1.0	-1.0	13.0	48.0	52.0	-1.0	43.0	69.0	-1.0	-1.0	42.0	53.0	44.0	63.0	62.0	64.0	38.0	53.0	-1.0	43.0	23.0	70.0	67.0	24.0	66.0	-1.0	26.0	42.0	
36.0	10.0	-1.0	17.0	-1.0	-1.0	13.0	-1.0	17.0	14.0	61.0	62.0	50.0	66.0	-1.0	-1.0	-1.0	63.0	49.0	61.0	15.0	-1.0	-1.0	-1.0	13.0	-1.0	58.0	14.0	43.0	-1.0	-1.0	44.0	-1.0	-1.0	44.0	-1.0	51.0	-1.0	38.0	52.0	-1.0	38.0	-1.0	-1.0	54.0	-1.0	40.0	14.0	-1.0	42.0	
36.0	10.0	-1.0	17.0	-1.0	-1.0	-1.0	68.0	-1.0	14.0	61.0	-1.0	49.0	66.0	34.0	-1.0	64.0	63.0	52.0	61.0	15.0	-1.0	49.0	56.0	-1.0	-1.0	-1.0	14.0	60.0	-1.0	41.0	-1.0	-1.0	45.0	44.0	-1.0	51.0	64.0	-1.0	52.0	28.0	38.0	-1.0	-1.0	67.0	-1.0	40.0	14.0	-1.0	42.0	
70.0	-1.0	60.0	17.0	-1.0	62.0	13.0	68.0	17.0	-1.0	61.0	-1.0	49.0	66.0	-1.0	-1.0	-1.0	54.0	49.0	74.0	-1.0	79.0	-1.0	56.0	13.0	48.0	-1.0	-1.0	73.0	-1.0	41.0	44.0	-1.0	-1.0	44.0	-1.0	-1.0	64.0	-1.0	52.0	28.0	38.0	-1.0	-1.0	54.0	-1.0	40.0	14.0	-1.0	71.0	
36.0	10.0	45.0	17.0	-1.0	-1.0	13.0	-1.0	17.0	14.0	-1.0	62.0	49.0	66.0	34.0	-1.0	51.0	51.0	49.0	61.0	-1.0	-1.0	49.0	56.0	13.0	48.0	52.0	-1.0	-1.0	-1.0	41.0	44.0	42.0	45.0	55.0	-1.0	-1.0	-1.0	-1.0	52.0	-1.0	38.0	-1.0	-1.0	54.0	-1.0	40.0	14.0	19.0	42.0	

maxX :
63.0	54.0	63.0	63.0	54.0	

maxW :
70.0	66.0	68.0	79.0	66.0	

minX :
0.0	0.0	0.0	0.0	0.0	

minW :
13.0	10.0	10.0	13.0	10.0	

moyX :
32.09090909090909	22.5	26.7	29.655172413793103	24.59375	

moyW :
48.90909090909091	38.535714285714285	43.833333333333336	48.93103448275862	39.96875	

medX :
30.0	27.0	28.5	30.0	28.0	

medW :
51.0	42.5	47.0	52.0	44.5	

ecartTypeX :
16.48022439602236	17.25336406120764	17.693972608395963	18.30258293825363	16.46181068222752	

ecartTypeW :
16.87810781503596	18.530827872295752	18.134834496686818	19.53410992735485	16.254776942102282	

varX :
271.59779614325066	297.67857142857144	313.07666666666665	334.9845422116528	270.9912109375	

varW :
284.87052341597797	343.3915816326531	328.8722222222222	381.5814506539834	264.2177734375	

covarX :
280.08522727272725	308.7037037037037	323.8724137931034	346.948275862069	279.7328629032258	

covarW :
293.77272727272725	356.10978835978835	340.2126436781609	395.2093596059113	272.7409274193548	

coef_variationX :
0.5135480689978639	0.7668161804981174	0.6626956033107103	0.6171801223364596	0.6693493542964175	

coef_variationW :
0.34509142372750107	0.4808741245822809	0.4137224600004597	0.3992171866760329	0.4066871478868436	

moy_distances_centre :	63.6
min_distances_centre :	13.0
max_distances_centre :	101.0
med_distances_centre :	78.5
ecartType_distances_centre :	31.705520024121984
var_distances_centre :	1005.2400000000001
covar_distances_centre :	1058.1473684210528
coef_variation_distances_centre :	0.4985144657880815
capacite_X_temoin : 
177.0	163.0	153.0	177.0	172.0	
156.0	171.0	163.0	168.0	159.0	
163.0	177.0	163.0	144.0	177.0	
166.0	154.0	162.0	172.0	139.0	
163.0	156.0	168.0	159.0	154.0	

capacite_W_temoin : 
197.1	80.9	104.9	105.1	223.6	
186.8	171.3	137.9	140.4	155.7	
167.9	177.1	149.9	66.19999999999999	183.1	
160.8	189.2	95.6	106.6	164.7	
182.9	139.8	113.4	75.69999999999999	172.2	

demande_cumulee_X : 
33.0	131.0	94.0	125.0	0.0	
16.0	51.0	74.0	78.0	51.0	
44.0	53.0	62.0	121.0	47.0	
55.0	11.0	115.0	117.0	16.0	
29.0	63.0	105.0	131.0	28.0	

demande_cumulee_W : 
95.0	73.0	84.0	31.0	100.0	
68.0	107.0	29.0	11.0	55.0	
61.0	161.0	61.0	8.0	36.0	
66.0	121.0	67.0	4.0	56.0	
105.0	134.0	57.0	21.0	39.0	

capacite_residuelle_X : 
144.0	32.0	59.0	52.0	172.0	
140.0	120.0	89.0	90.0	108.0	
119.0	124.0	101.0	23.0	130.0	
111.0	143.0	47.0	55.0	123.0	
134.0	93.0	63.0	28.0	126.0	

capacite_residuelle_W : 
102.1	7.900000000000006	20.900000000000006	74.1	123.6	
118.80000000000001	64.30000000000001	108.9	129.4	100.69999999999999	
106.9	16.099999999999994	88.9	58.19999999999999	147.1	
94.80000000000001	68.19999999999999	28.599999999999994	102.6	108.69999999999999	
77.9	5.800000000000011	56.400000000000006	54.69999999999999	133.2	

min_capacite_X : 
153.0	156.0	144.0	139.0	154.0	

min_capacite_W : 
80.9	137.9	66.19999999999999	95.6	75.69999999999999	

max_capacite_X : 
177.0	171.0	177.0	172.0	168.0	

max_capacite_W : 
223.6	186.8	183.1	189.2	182.9	

moy_capacite_X : 
168.4	163.4	164.8	158.6	160.0	

moy_capacite_W : 
142.32	158.42	148.83999999999997	143.38000000000002	136.8	

med_capacite_X : 
172.0	163.0	163.0	162.0	159.0	

med_capacite_W : 
105.1	155.7	167.9	160.8	139.8	

ecartType_capacite_X : 
9.243376006633074	5.535341001239218	12.139192724394814	11.412274094149685	5.019960159204453	

ecartType_capacite_W : 
56.85998241294135	18.57152659314791	42.816239909641766	36.03655921422021	39.16156278801958	

var_capacite_X : 
85.44000000000001	30.639999999999997	147.35999999999999	130.24	25.2	

var_capacite_W : 
3233.057599999999	344.90160000000014	1833.2304000000004	1298.6336	1533.6280000000002	

covar_capacite_X : 
106.80000000000001	38.3	184.2	162.8	31.5	

covar_capacite_W : 
4041.321999999999	431.1270000000002	2291.5380000000005	1623.292	1917.0350000000003	

##########	##########	##########	##########	##########	##########	##########	##########	##########	##########	##########	##########	##########	##########	##########	##########	##########	##########	##########	##########	##########	##########	##########	##########	##########	##########	##########	##########	##########	##########	##########	##########	##########	##########	##########	##########	##########	##########	##########	##########	##########	##########	##########	##########	##########	##########	##########	##########	##########	##########	nombre de noeuds : 50
nombre de strates : 5
nombre de centres : 5
titre : fenetre
instances : p8_2
temps de calcul : 0.03673505783081055
valeur objective : 724.0
nombre de solutions : 3
nombre de noeuds : 1.0
faisability : True
centre : [9, 41, 24, 47, 48]
moy_distances :	53.19
min_distances :	1.0
max_distances :	130.0
var_distances :	651.3330085797585
covar_distances :	651.5989673419389
ecartType_distances :	25.52122662764779
coef_variation	: 0.47985484127683786
distances_centre_x :
-1.0	-1.0	53.0	5.0	44.0	-1.0	-1.0	68.0	-1.0	0.0	40.0	-1.0	-1.0	29.0	-1.0	45.0	64.0	49.0	27.0	44.0	-1.0	-1.0	-1.0	-1.0	0.0	48.0	15.0	-1.0	30.0	33.0	-1.0	-1.0	29.0	34.0	25.0	28.0	40.0	56.0	27.0	28.0	-1.0	0.0	10.0	35.0	47.0	9.0	27.0	-1.0	0.0	42.0	
31.0	3.0	-1.0	5.0	-1.0	-1.0	13.0	-1.0	8.0	0.0	29.0	54.0	36.0	29.0	-1.0	-1.0	-1.0	41.0	27.0	30.0	3.0	-1.0	-1.0	-1.0	0.0	-1.0	15.0	2.0	30.0	-1.0	-1.0	39.0	-1.0	-1.0	25.0	-1.0	40.0	-1.0	27.0	28.0	-1.0	0.0	-1.0	-1.0	47.0	-1.0	27.0	0.0	-1.0	42.0	
31.0	3.0	-1.0	5.0	-1.0	-1.0	-1.0	68.0	-1.0	0.0	29.0	-1.0	36.0	29.0	29.0	-1.0	64.0	47.0	27.0	30.0	3.0	-1.0	21.0	28.0	-1.0	-1.0	-1.0	2.0	30.0	-1.0	3.0	-1.0	-1.0	34.0	25.0	-1.0	40.0	56.0	-1.0	28.0	28.0	0.0	-1.0	-1.0	47.0	-1.0	27.0	0.0	-1.0	42.0	
31.0	-1.0	53.0	5.0	-1.0	31.0	13.0	68.0	33.0	-1.0	26.0	-1.0	36.0	29.0	-1.0	-1.0	-1.0	41.0	49.0	30.0	-1.0	42.0	-1.0	28.0	0.0	48.0	-1.0	-1.0	30.0	-1.0	3.0	39.0	-1.0	-1.0	25.0	-1.0	-1.0	56.0	-1.0	28.0	28.0	0.0	-1.0	-1.0	47.0	-1.0	27.0	14.0	-1.0	42.0	
36.0	3.0	46.0	5.0	-1.0	-1.0	13.0	-1.0	8.0	0.0	-1.0	54.0	36.0	29.0	29.0	-1.0	51.0	49.0	27.0	30.0	-1.0	-1.0	21.0	28.0	0.0	48.0	33.0	-1.0	-1.0	-1.0	3.0	39.0	29.0	34.0	25.0	-1.0	-1.0	-1.0	-1.0	28.0	-1.0	0.0	-1.0	-1.0	47.0	-1.0	27.0	0.0	0.0	42.0	

distances_centre_w :
-1.0	-1.0	65.0	74.0	50.0	-1.0	-1.0	77.0	-1.0	14.0	53.0	-1.0	-1.0	47.0	-1.0	50.0	73.0	63.0	34.0	61.0	-1.0	-1.0	-1.0	-1.0	75.0	69.0	33.0	-1.0	49.0	50.0	-1.0	-1.0	53.0	48.0	29.0	37.0	51.0	64.0	38.0	52.0	-1.0	38.0	21.0	70.0	54.0	18.0	54.0	-1.0	19.0	71.0	
70.0	10.0	-1.0	74.0	-1.0	-1.0	86.0	-1.0	17.0	14.0	40.0	62.0	50.0	47.0	-1.0	-1.0	-1.0	49.0	34.0	61.0	15.0	-1.0	-1.0	-1.0	75.0	-1.0	33.0	14.0	49.0	-1.0	-1.0	45.0	-1.0	-1.0	29.0	-1.0	51.0	-1.0	38.0	37.0	-1.0	19.0	-1.0	-1.0	54.0	-1.0	54.0	26.0	-1.0	71.0	
36.0	10.0	-1.0	74.0	-1.0	-1.0	-1.0	77.0	-1.0	14.0	53.0	-1.0	68.0	47.0	53.0	-1.0	73.0	49.0	49.0	44.0	15.0	-1.0	32.0	65.0	-1.0	-1.0	-1.0	14.0	49.0	-1.0	22.0	-1.0	-1.0	48.0	29.0	-1.0	51.0	64.0	-1.0	37.0	74.0	19.0	-1.0	-1.0	59.0	-1.0	54.0	14.0	-1.0	71.0	
50.0	-1.0	65.0	74.0	-1.0	62.0	86.0	77.0	51.0	-1.0	40.0	-1.0	50.0	47.0	-1.0	-1.0	-1.0	47.0	59.0	44.0	-1.0	60.0	-1.0	39.0	75.0	69.0	-1.0	-1.0	49.0	-1.0	22.0	50.0	-1.0	-1.0	29.0	-1.0	-1.0	64.0	-1.0	37.0	74.0	19.0	-1.0	-1.0	54.0	-1.0	54.0	43.0	-1.0	79.0	
70.0	10.0	60.0	74.0	-1.0	-1.0	86.0	-1.0	17.0	14.0	-1.0	62.0	50.0	47.0	53.0	-1.0	64.0	63.0	49.0	44.0	-1.0	-1.0	32.0	39.0	75.0	69.0	76.0	-1.0	-1.0	-1.0	22.0	45.0	53.0	48.0	29.0	-1.0	-1.0	-1.0	-1.0	37.0	-1.0	38.0	-1.0	-1.0	54.0	-1.0	54.0	14.0	19.0	71.0	

maxX :
68.0	54.0	68.0	68.0	54.0	

maxW :
77.0	86.0	77.0	86.0	86.0	

minX :
0.0	0.0	0.0	0.0	0.0	

minW :
14.0	10.0	10.0	19.0	10.0	

moyX :
31.242424242424242	22.535714285714285	27.066666666666666	31.103448275862068	25.625	

moyW :
50.121212121212125	43.714285714285715	45.46666666666667	54.10344827586207	48.0625	

medX :
30.0	27.0	28.5	30.0	28.5	

medW :
51.0	46.0	49.0	51.0	49.5	

ecartTypeX :
18.333658900189654	16.158770601346465	18.554304681723384	16.49105259513778	17.182385602703718	

ecartTypeW :
17.412565257129472	20.708619914796596	20.603775274341242	16.582801284892163	20.320767548249748	

varX :
336.12304866850326	261.1058673469388	344.2622222222223	271.95481569560053	295.234375	

varW :
303.1974288337924	428.84693877551024	424.5155555555555	274.9892984542212	412.93359375	

covarX :
346.62689393939394	270.77645502645504	356.1333333333335	281.667487684729	304.758064516129	

covarW :
312.67234848484844	444.7301587301587	439.1540229885057	284.8103448275862	426.2540322580645	

coef_variationX :
0.586819344040988	0.7170294403133138	0.6855038675513565	0.5302001388680662	0.6705321210811207	

coef_variationW :
0.3474091012607452	0.4737265993580921	0.4531622127787663	0.3065017445901037	0.42279880464498826	

moy_distances_centre :	48.4
min_distances_centre :	14.0
max_distances_centre :	93.0
med_distances_centre :	40.5
ecartType_distances_centre :	28.390843594370352
var_distances_centre :	806.0400000000001
covar_distances_centre :	848.4631578947369
coef_variation_distances_centre :	0.5865876775696354
capacite_X_temoin : 
163.0	153.0	177.0	172.0	156.0	
171.0	163.0	168.0	159.0	175.0	
177.0	163.0	144.0	177.0	135.0	
154.0	162.0	172.0	139.0	157.0	
156.0	168.0	159.0	154.0	177.0	

capacite_W_temoin : 
132.9	80.9	116.1	222.6	131.8	
165.3	128.9	140.4	155.7	226.5	
175.1	107.9	66.19999999999999	184.1	174.5	
167.2	58.6	104.6	180.7	194.1	
158.8	97.4	80.69999999999999	168.2	197.1	

demande_cumulee_X : 
79.0	118.0	114.0	1.0	71.0	
57.0	83.0	78.0	51.0	1.0	
55.0	104.0	121.0	46.0	1.0	
33.0	152.0	119.0	0.0	10.0	
44.0	121.0	126.0	32.0	33.0	

demande_cumulee_W : 
114.0	29.0	84.0	62.0	94.0	
66.0	11.0	33.0	47.0	113.0	
102.0	1.0	26.0	71.0	127.0	
49.0	19.0	44.0	37.0	165.0	
106.0	17.0	51.0	44.0	138.0	

capacite_residuelle_X : 
84.0	35.0	63.0	171.0	85.0	
114.0	80.0	90.0	108.0	174.0	
122.0	59.0	23.0	131.0	134.0	
121.0	10.0	53.0	139.0	147.0	
112.0	47.0	33.0	122.0	144.0	

capacite_residuelle_W : 
18.900000000000006	51.900000000000006	32.099999999999994	160.6	37.80000000000001	
99.30000000000001	117.9	107.4	108.69999999999999	113.5	
73.1	106.9	40.19999999999999	113.1	47.5	
118.19999999999999	39.6	60.599999999999994	143.7	29.099999999999994	
52.80000000000001	80.4	29.69999999999999	124.19999999999999	59.099999999999994	

min_capacite_X : 
153.0	159.0	135.0	139.0	154.0	

min_capacite_W : 
80.9	128.9	66.19999999999999	58.6	80.69999999999999	

max_capacite_X : 
177.0	175.0	177.0	172.0	177.0	

max_capacite_W : 
222.6	226.5	184.1	194.1	197.1	

moy_capacite_X : 
164.2	167.2	159.2	156.8	162.8	

moy_capacite_W : 
136.85999999999999	163.35999999999999	141.56	141.04	140.44	

med_capacite_X : 
163.0	168.0	163.0	157.0	159.0	

med_capacite_W : 
131.8	155.7	174.5	167.2	158.8	

ecartType_capacite_X : 
9.15204895091804	5.67097875150313	17.116074316267735	10.796295661012623	8.565045242145542	

ecartType_capacite_W : 
46.808400955384066	33.952178133368704	46.54406943961819	51.37480316263995	44.1347300886728	

var_capacite_X : 
83.75999999999999	32.16	292.96	116.55999999999999	73.35999999999999	

var_capacite_W : 
2191.0263999999997	1152.7504	2166.3504	2639.3704	1947.8744	

covar_capacite_X : 
104.69999999999999	40.199999999999996	366.2	145.7	91.69999999999999	

covar_capacite_W : 
2738.783	1440.9379999999999	2707.9379999999996	3299.2129999999997	2434.843	

##########	##########	##########	##########	##########	##########	##########	##########	##########	##########	##########	##########	##########	##########	##########	##########	##########	##########	##########	##########	##########	##########	##########	##########	##########	##########	##########	##########	##########	##########	##########	##########	##########	##########	##########	##########	##########	##########	##########	##########	##########	##########	##########	##########	##########	##########	##########	##########	##########	##########	nombre de noeuds : 50
nombre de strates : 5
nombre de centres : 5
titre : fenetre
instances : p8_2
temps de calcul : 0.03730201721191406
valeur objective : 746.0
nombre de solutions : 3
nombre de noeuds : 1.0
faisability : True
centre : [41, 24, 47, 48, 39]
moy_distances :	53.19
min_distances :	1.0
max_distances :	130.0
var_distances :	651.3330085797585
covar_distances :	651.5989673419389
ecartType_distances :	25.52122662764779
coef_variation	: 0.47985484127683786
distances_centre_x :
-1.0	-1.0	53.0	5.0	23.0	-1.0	-1.0	68.0	-1.0	14.0	29.0	-1.0	-1.0	26.0	-1.0	50.0	51.0	47.0	3.0	30.0	-1.0	-1.0	-1.0	-1.0	0.0	48.0	15.0	-1.0	23.0	25.0	-1.0	-1.0	26.0	36.0	8.0	1.0	51.0	64.0	38.0	0.0	-1.0	0.0	10.0	23.0	23.0	9.0	27.0	-1.0	0.0	42.0	
36.0	3.0	-1.0	5.0	-1.0	-1.0	13.0	-1.0	8.0	14.0	29.0	62.0	22.0	26.0	-1.0	-1.0	-1.0	47.0	3.0	12.0	3.0	-1.0	-1.0	-1.0	0.0	-1.0	15.0	2.0	23.0	-1.0	-1.0	39.0	-1.0	-1.0	8.0	-1.0	51.0	-1.0	38.0	0.0	-1.0	0.0	-1.0	-1.0	23.0	-1.0	27.0	0.0	-1.0	42.0	
36.0	3.0	-1.0	5.0	-1.0	-1.0	-1.0	68.0	-1.0	14.0	29.0	-1.0	36.0	26.0	29.0	-1.0	51.0	47.0	3.0	12.0	3.0	-1.0	6.0	5.0	-1.0	-1.0	-1.0	2.0	23.0	-1.0	3.0	-1.0	-1.0	36.0	8.0	-1.0	51.0	64.0	-1.0	0.0	28.0	0.0	-1.0	-1.0	23.0	-1.0	27.0	0.0	-1.0	42.0	
36.0	-1.0	41.0	5.0	-1.0	29.0	13.0	68.0	8.0	-1.0	38.0	-1.0	22.0	26.0	-1.0	-1.0	-1.0	49.0	27.0	12.0	-1.0	34.0	-1.0	5.0	0.0	48.0	-1.0	-1.0	23.0	-1.0	3.0	39.0	-1.0	-1.0	8.0	-1.0	-1.0	64.0	-1.0	0.0	28.0	0.0	-1.0	-1.0	23.0	-1.0	27.0	0.0	-1.0	42.0	
36.0	3.0	53.0	5.0	-1.0	-1.0	13.0	-1.0	8.0	14.0	-1.0	62.0	36.0	26.0	29.0	-1.0	51.0	49.0	3.0	12.0	-1.0	-1.0	6.0	5.0	0.0	48.0	15.0	-1.0	-1.0	-1.0	3.0	39.0	26.0	36.0	8.0	-1.0	-1.0	-1.0	-1.0	0.0	-1.0	0.0	-1.0	-1.0	23.0	-1.0	27.0	0.0	0.0	42.0	

distances_centre_w :
-1.0	-1.0	54.0	75.0	44.0	-1.0	-1.0	88.0	-1.0	19.0	42.0	-1.0	-1.0	29.0	-1.0	54.0	73.0	49.0	52.0	70.0	-1.0	-1.0	-1.0	-1.0	53.0	78.0	33.0	-1.0	30.0	50.0	-1.0	-1.0	29.0	39.0	25.0	28.0	53.0	87.0	43.0	28.0	-1.0	19.0	23.0	35.0	85.0	28.0	54.0	-1.0	19.0	76.0	
50.0	24.0	-1.0	49.0	-1.0	-1.0	66.0	-1.0	33.0	19.0	53.0	70.0	36.0	29.0	-1.0	-1.0	-1.0	54.0	27.0	30.0	41.0	-1.0	-1.0	-1.0	53.0	-1.0	58.0	28.0	30.0	-1.0	-1.0	49.0	-1.0	-1.0	25.0	-1.0	53.0	-1.0	43.0	28.0	-1.0	19.0	-1.0	-1.0	47.0	-1.0	27.0	26.0	-1.0	76.0	
50.0	24.0	-1.0	49.0	-1.0	-1.0	-1.0	88.0	-1.0	38.0	42.0	-1.0	56.0	29.0	49.0	-1.0	73.0	54.0	27.0	30.0	24.0	-1.0	21.0	28.0	-1.0	-1.0	-1.0	28.0	30.0	-1.0	22.0	-1.0	-1.0	39.0	25.0	-1.0	53.0	71.0	-1.0	62.0	68.0	28.0	-1.0	-1.0	47.0	-1.0	27.0	26.0	-1.0	76.0	
76.0	-1.0	53.0	49.0	-1.0	31.0	66.0	88.0	33.0	-1.0	42.0	-1.0	36.0	29.0	-1.0	-1.0	-1.0	63.0	52.0	30.0	-1.0	42.0	-1.0	28.0	53.0	82.0	-1.0	-1.0	30.0	-1.0	22.0	59.0	-1.0	-1.0	25.0	-1.0	-1.0	71.0	-1.0	28.0	88.0	28.0	-1.0	-1.0	47.0	-1.0	54.0	26.0	-1.0	84.0	
50.0	24.0	65.0	49.0	-1.0	-1.0	66.0	-1.0	33.0	19.0	-1.0	78.0	50.0	29.0	56.0	-1.0	73.0	63.0	27.0	30.0	-1.0	-1.0	21.0	28.0	53.0	78.0	23.0	-1.0	-1.0	-1.0	22.0	50.0	53.0	45.0	25.0	-1.0	-1.0	-1.0	-1.0	28.0	-1.0	19.0	-1.0	-1.0	47.0	-1.0	27.0	26.0	19.0	76.0	

maxX :
68.0	62.0	68.0	68.0	62.0	

maxW :
88.0	76.0	88.0	88.0	78.0	

minX :
0.0	0.0	0.0	0.0	0.0	

minW :
19.0	19.0	21.0	22.0	19.0	

moyX :
26.303030303030305	19.678571428571427	22.666666666666668	24.75862068965517	21.1875	

moyW :
47.39393939393939	40.82142857142857	42.8	48.793103448275865	42.25	

medX :
25.0	14.5	23.0	26.0	14.5	

medW :
44.0	38.5	38.5	47.0	39.0	

ecartTypeX :
19.60285206287804	17.466403610991037	19.856708913837885	18.85636300254399	18.70233524857257	

ecartTypeW :
21.072658421898833	15.551879930984393	18.55873558911454	20.635388602650593	19.251623308178456	

varX :
384.27180899908177	305.0752551020408	394.2888888888889	355.56242568370976	349.77734375	

varW :
444.05693296602385	241.86096938775512	344.4266666666666	425.81926278240195	370.625	

covarX :
396.28030303030306	316.37433862433863	407.8850574712643	368.2610837438422	361.06048387096774	

covarW :
457.9337121212121	250.81878306878306	356.30344827586197	441.0270935960591	382.5806451612903	

coef_variationX :
0.7452697212845337	0.8875849384895628	0.8760312756104949	0.7616079764258715	0.8827060884282039	

coef_variationW :
0.44462770327535905	0.380973436629539	0.43361531750267623	0.42291609150308634	0.455659723270496	

moy_distances_centre :	51.4
min_distances_centre :	19.0
max_distances_centre :	93.0
med_distances_centre :	48.0
ecartType_distances_centre :	23.72846391994223
var_distances_centre :	563.0400000000001
covar_distances_centre :	592.6736842105263
coef_variation_distances_centre :	0.4616432669249461
capacite_X_temoin : 
153.0	177.0	177.0	172.0	156.0	
163.0	159.0	168.0	159.0	175.0	
163.0	157.0	144.0	177.0	135.0	
162.0	151.0	172.0	139.0	157.0	
168.0	153.0	159.0	154.0	177.0	

capacite_W_temoin : 
99.9	89.1	208.1	175.6	129.8	
136.9	128.7	203.4	105.69999999999999	226.5	
116.9	104.1	155.2	148.1	157.5	
101.6	56.3	191.6	154.7	197.1	
133.4	68.9	169.7	146.2	180.1	

demande_cumulee_X : 
99.0	141.0	22.0	48.0	73.0	
75.0	78.0	15.0	101.0	1.0	
95.0	100.0	32.0	82.0	18.0	
109.0	140.0	32.0	26.0	7.0	
85.0	130.0	37.0	54.0	50.0	

demande_cumulee_W : 
46.0	80.0	139.0	28.0	90.0	
16.0	68.0	64.0	12.0	110.0	
11.0	101.0	86.0	33.0	96.0	
39.0	53.0	111.0	64.0	47.0	
39.0	63.0	154.0	0.0	100.0	

capacite_residuelle_X : 
54.0	36.0	155.0	124.0	83.0	
88.0	81.0	153.0	58.0	174.0	
68.0	57.0	112.0	95.0	117.0	
53.0	11.0	140.0	113.0	150.0	
83.0	23.0	122.0	100.0	127.0	

capacite_residuelle_W : 
53.900000000000006	9.099999999999994	69.1	147.6	39.80000000000001	
120.9	60.69999999999999	139.4	93.69999999999999	116.5	
105.9	3.0999999999999943	69.19999999999999	115.1	61.5	
62.599999999999994	3.299999999999997	80.6	90.69999999999999	150.1	
94.4	5.900000000000006	15.699999999999989	146.2	80.1	

min_capacite_X : 
153.0	159.0	135.0	139.0	153.0	

min_capacite_W : 
89.1	105.69999999999999	104.1	56.3	68.9	

max_capacite_X : 
177.0	175.0	177.0	172.0	177.0	

max_capacite_W : 
208.1	226.5	157.5	197.1	180.1	

moy_capacite_X : 
167.0	164.8	155.2	156.2	162.2	

moy_capacite_W : 
140.5	160.24	136.35999999999999	140.26	139.66000000000003	

med_capacite_X : 
172.0	163.0	157.0	157.0	159.0	

med_capacite_W : 
129.8	136.9	148.1	154.7	146.2	

ecartType_capacite_X : 
10.411532067856296	6.079473661428265	14.647866738880444	11.01635148313633	9.10823802938856	

ecartType_capacite_W : 
45.180925178663614	46.405413477308876	21.721289096183956	54.072122207289034	39.055683325221686	

var_capacite_X : 
108.4	36.959999999999994	214.56	121.36000000000001	82.96	

var_capacite_W : 
2041.3159999999996	2153.4624000000003	471.81440000000003	2923.7944	1525.3463999999994	

covar_capacite_X : 
135.5	46.199999999999996	268.2	151.70000000000002	103.69999999999999	

covar_capacite_W : 
2551.6449999999995	2691.8280000000004	589.768	3654.7430000000004	1906.6829999999993	

##########	##########	##########	##########	##########	##########	##########	##########	##########	##########	##########	##########	##########	##########	##########	##########	##########	##########	##########	##########	##########	##########	##########	##########	##########	##########	##########	##########	##########	##########	##########	##########	##########	##########	##########	##########	##########	##########	##########	##########	##########	##########	##########	##########	##########	##########	##########	##########	##########	##########	nombre de noeuds : 50
nombre de strates : 5
nombre de centres : 5
titre : fenetre
instances : p8_2
temps de calcul : 0.03676486015319824
valeur objective : 598.0
nombre de solutions : 3
nombre de noeuds : 1.0
faisability : True
centre : [24, 47, 48, 39, 33]
moy_distances :	53.19
min_distances :	1.0
max_distances :	130.0
var_distances :	651.3330085797585
covar_distances :	651.5989673419389
ecartType_distances :	25.52122662764779
coef_variation	: 0.47985484127683786
distances_centre_x :
-1.0	-1.0	17.0	5.0	23.0	-1.0	-1.0	58.0	-1.0	14.0	8.0	-1.0	-1.0	26.0	-1.0	22.0	40.0	16.0	3.0	12.0	-1.0	-1.0	-1.0	-1.0	0.0	43.0	23.0	-1.0	23.0	25.0	-1.0	-1.0	26.0	0.0	8.0	1.0	28.0	48.0	28.0	0.0	-1.0	19.0	10.0	23.0	23.0	9.0	27.0	-1.0	0.0	42.0	
36.0	3.0	-1.0	5.0	-1.0	-1.0	13.0	-1.0	8.0	14.0	8.0	48.0	22.0	26.0	-1.0	-1.0	-1.0	16.0	3.0	12.0	3.0	-1.0	-1.0	-1.0	0.0	-1.0	23.0	2.0	23.0	-1.0	-1.0	14.0	-1.0	-1.0	8.0	-1.0	28.0	-1.0	28.0	0.0	-1.0	19.0	-1.0	-1.0	23.0	-1.0	27.0	0.0	-1.0	42.0	
43.0	3.0	-1.0	5.0	-1.0	-1.0	-1.0	58.0	-1.0	14.0	8.0	-1.0	22.0	26.0	20.0	-1.0	40.0	16.0	3.0	12.0	3.0	-1.0	6.0	5.0	-1.0	-1.0	-1.0	2.0	23.0	-1.0	22.0	-1.0	-1.0	0.0	8.0	-1.0	28.0	48.0	-1.0	0.0	28.0	19.0	-1.0	-1.0	23.0	-1.0	27.0	0.0	-1.0	42.0	
36.0	-1.0	17.0	5.0	-1.0	18.0	13.0	58.0	8.0	-1.0	8.0	-1.0	36.0	26.0	-1.0	-1.0	-1.0	16.0	3.0	12.0	-1.0	34.0	-1.0	5.0	0.0	43.0	-1.0	-1.0	23.0	-1.0	22.0	14.0	-1.0	-1.0	8.0	-1.0	-1.0	48.0	-1.0	0.0	28.0	19.0	-1.0	-1.0	23.0	-1.0	39.0	0.0	-1.0	42.0	
43.0	3.0	17.0	5.0	-1.0	-1.0	13.0	-1.0	8.0	14.0	-1.0	48.0	22.0	26.0	20.0	-1.0	40.0	16.0	3.0	12.0	-1.0	-1.0	6.0	5.0	0.0	43.0	23.0	-1.0	-1.0	-1.0	22.0	14.0	26.0	0.0	8.0	-1.0	-1.0	-1.0	-1.0	0.0	-1.0	19.0	-1.0	-1.0	23.0	-1.0	27.0	0.0	0.0	42.0	

distances_centre_w :
-1.0	-1.0	41.0	45.0	44.0	-1.0	-1.0	68.0	-1.0	19.0	29.0	-1.0	-1.0	47.0	-1.0	50.0	51.0	47.0	52.0	44.0	-1.0	-1.0	-1.0	-1.0	45.0	48.0	33.0	-1.0	34.0	50.0	-1.0	-1.0	29.0	36.0	29.0	37.0	53.0	64.0	38.0	37.0	-1.0	47.0	65.0	52.0	54.0	28.0	27.0	-1.0	26.0	43.0	
50.0	24.0	-1.0	45.0	-1.0	-1.0	53.0	-1.0	33.0	19.0	29.0	62.0	36.0	47.0	-1.0	-1.0	-1.0	49.0	34.0	61.0	24.0	-1.0	-1.0	-1.0	45.0	-1.0	33.0	28.0	30.0	-1.0	-1.0	39.0	-1.0	-1.0	29.0	-1.0	51.0	-1.0	38.0	37.0	-1.0	28.0	-1.0	-1.0	54.0	-1.0	39.0	26.0	-1.0	43.0	
50.0	24.0	-1.0	45.0	-1.0	-1.0	-1.0	68.0	-1.0	19.0	29.0	-1.0	36.0	47.0	29.0	-1.0	51.0	47.0	36.0	44.0	49.0	-1.0	59.0	39.0	-1.0	-1.0	-1.0	28.0	30.0	-1.0	26.0	-1.0	-1.0	36.0	29.0	-1.0	51.0	64.0	-1.0	37.0	41.0	43.0	-1.0	-1.0	54.0	-1.0	39.0	26.0	-1.0	43.0	
43.0	-1.0	60.0	45.0	-1.0	29.0	53.0	68.0	50.0	-1.0	29.0	-1.0	44.0	47.0	-1.0	-1.0	-1.0	47.0	34.0	44.0	-1.0	60.0	-1.0	39.0	45.0	48.0	-1.0	-1.0	30.0	-1.0	26.0	39.0	-1.0	-1.0	32.0	-1.0	-1.0	64.0	-1.0	37.0	41.0	28.0	-1.0	-1.0	54.0	-1.0	57.0	26.0	-1.0	43.0	
50.0	24.0	41.0	45.0	-1.0	-1.0	53.0	-1.0	33.0	19.0	-1.0	62.0	44.0	47.0	29.0	-1.0	51.0	47.0	34.0	44.0	-1.0	-1.0	32.0	39.0	45.0	48.0	33.0	-1.0	-1.0	-1.0	26.0	39.0	29.0	36.0	29.0	-1.0	-1.0	-1.0	-1.0	37.0	-1.0	28.0	-1.0	-1.0	54.0	-1.0	27.0	48.0	26.0	43.0	

maxX :
58.0	48.0	58.0	58.0	48.0	

maxW :
68.0	62.0	68.0	68.0	62.0	

minX :
0.0	0.0	0.0	0.0	0.0	

minW :
19.0	19.0	19.0	26.0	19.0	

moyX :
19.696969696969695	16.214285714285715	18.466666666666665	20.82758620689655	17.125	

moyW :
42.78787878787879	38.785714285714285	40.63333333333333	43.51724137931034	38.8125	

medX :
22.0	14.0	17.5	18.0	15.0	

medW :
44.0	37.5	40.0	44.0	39.0	

ecartTypeX :
14.638026130564247	12.840664042845466	15.547204107348549	15.494312561705012	14.066249500133289	

ecartTypeW :
11.60135199999258	11.343207983059237	11.889724788890428	11.457931117503724	10.205505560725545	

varX :
214.2718089990817	164.8826530612245	241.7155555555556	240.07372175980973	197.859375	

varW :
134.59136822773186	128.6683673469388	141.36555555555555	131.28418549346014	104.15234375	

covarX :
220.96780303030303	170.98941798941797	250.05057471264377	248.6477832512315	204.24193548387098	

covarW :
138.79734848484847	133.43386243386243	146.24022988505746	135.97290640394087	107.51209677419355	

coef_variationX :
0.7431613266286464	0.7919352273120551	0.8419063596037121	0.7439322256447771	0.8213868321245716	

coef_variationW :
0.2711364135975603	0.2924584010365181	0.2926101260596496	0.26329635689984787	0.262943782562977	

moy_distances_centre :	51.4
min_distances_centre :	26.0
max_distances_centre :	93.0
med_distances_centre :	46.5
ecartType_distances_centre :	19.23122460999299
var_distances_centre :	369.84
covar_distances_centre :	389.3052631578947
coef_variation_distances_centre :	0.37414833871581693
capacite_X_temoin : 
153.0	157.0	177.0	172.0	156.0	
163.0	148.0	159.0	159.0	175.0	
163.0	153.0	157.0	177.0	135.0	
162.0	172.0	151.0	139.0	157.0	
168.0	157.0	153.0	154.0	177.0	

capacite_W_temoin : 
163.9	99.1	64.1	209.6	139.8	
154.9	140.4	123.69999999999999	138.7	217.5	
167.9	124.9	85.1	172.1	143.5	
138.6	128.6	93.3	165.7	175.1	
175.4	124.1	59.9	159.2	177.1	

demande_cumulee_X : 
35.0	105.0	166.0	14.0	63.0	
57.0	52.0	83.0	68.0	10.0	
44.0	74.0	119.0	58.0	32.0	
72.0	95.0	103.0	15.0	29.0	
43.0	80.0	139.0	41.0	53.0	

demande_cumulee_W : 
137.0	57.0	14.0	43.0	132.0	
43.0	57.0	10.0	33.0	127.0	
70.0	63.0	20.0	32.0	142.0	
64.0	93.0	51.0	17.0	89.0	
99.0	54.0	32.0	30.0	141.0	

capacite_residuelle_X : 
118.0	52.0	11.0	158.0	93.0	
106.0	96.0	76.0	91.0	165.0	
119.0	79.0	38.0	119.0	103.0	
90.0	77.0	48.0	124.0	128.0	
125.0	77.0	14.0	113.0	124.0	

capacite_residuelle_W : 
26.900000000000006	42.099999999999994	50.099999999999994	166.6	7.800000000000011	
111.9	83.4	113.69999999999999	105.69999999999999	90.5	
97.9	61.900000000000006	65.1	140.1	1.5	
74.6	35.599999999999994	42.3	148.7	86.1	
76.4	70.1	27.9	129.2	36.099999999999994	

min_capacite_X : 
153.0	148.0	135.0	139.0	153.0	

min_capacite_W : 
64.1	123.69999999999999	85.1	93.3	59.9	

max_capacite_X : 
177.0	175.0	177.0	172.0	177.0	

max_capacite_W : 
209.6	217.5	172.1	175.1	177.1	

moy_capacite_X : 
163.0	160.8	157.0	156.2	161.8	

moy_capacite_W : 
135.3	155.04000000000002	138.7	140.26000000000002	139.14	

med_capacite_X : 
157.0	159.0	157.0	157.0	157.0	

med_capacite_W : 
139.8	140.4	143.5	138.6	159.2	

ecartType_capacite_X : 
9.612491872558333	8.68101376568428	13.682105101189656	11.01635148313633	9.282241108697834	

ecartType_capacite_W : 
50.474904655680135	32.756043717152416	31.795093961175837	28.99990344811513	43.962101860579864	

var_capacite_X : 
92.4	75.35999999999999	187.2	121.36000000000001	86.16	

var_capacite_W : 
2547.7160000000003	1072.9584000000002	1010.9280000000001	840.9943999999999	1932.6663999999996	

covar_capacite_X : 
115.5	94.19999999999999	234.0	151.70000000000002	107.69999999999999	

covar_capacite_W : 
3184.6450000000004	1341.1980000000003	1263.66	1051.243	2415.8329999999996	

##########	##########	##########	##########	##########	##########	##########	##########	##########	##########	##########	##########	##########	##########	##########	##########	##########	##########	##########	##########	##########	##########	##########	##########	##########	##########	##########	##########	##########	##########	##########	##########	##########	##########	##########	##########	##########	##########	##########	##########	##########	##########	##########	##########	##########	##########	##########	##########	##########	##########	nombre de noeuds : 50
nombre de strates : 5
nombre de centres : 5
titre : fenetre
instances : p8_2
temps de calcul : 0.0374751091003418
valeur objective : 698.0
nombre de solutions : 3
nombre de noeuds : 1.0
faisability : True
centre : [47, 48, 39, 33, 22]
moy_distances :	53.19
min_distances :	1.0
max_distances :	130.0
var_distances :	651.3330085797585
covar_distances :	651.5989673419389
ecartType_distances :	25.52122662764779
coef_variation	: 0.47985484127683786
distances_centre_x :
-1.0	-1.0	17.0	45.0	23.0	-1.0	-1.0	58.0	-1.0	14.0	8.0	-1.0	-1.0	22.0	-1.0	22.0	40.0	16.0	7.0	12.0	-1.0	-1.0	-1.0	-1.0	45.0	43.0	33.0	-1.0	23.0	23.0	-1.0	-1.0	26.0	0.0	8.0	1.0	28.0	48.0	28.0	0.0	-1.0	19.0	10.0	22.0	23.0	9.0	27.0	-1.0	0.0	43.0	
36.0	3.0	-1.0	45.0	-1.0	-1.0	53.0	-1.0	8.0	14.0	8.0	48.0	22.0	22.0	-1.0	-1.0	-1.0	16.0	3.0	12.0	3.0	-1.0	-1.0	-1.0	45.0	-1.0	17.0	2.0	23.0	-1.0	-1.0	14.0	-1.0	-1.0	8.0	-1.0	28.0	-1.0	28.0	0.0	-1.0	19.0	-1.0	-1.0	23.0	-1.0	27.0	0.0	-1.0	43.0	
36.0	3.0	-1.0	45.0	-1.0	-1.0	-1.0	58.0	-1.0	14.0	8.0	-1.0	28.0	22.0	20.0	-1.0	40.0	16.0	3.0	12.0	3.0	-1.0	0.0	5.0	-1.0	-1.0	-1.0	2.0	23.0	-1.0	20.0	-1.0	-1.0	0.0	8.0	-1.0	28.0	48.0	-1.0	0.0	41.0	19.0	-1.0	-1.0	23.0	-1.0	27.0	0.0	-1.0	43.0	
36.0	-1.0	17.0	45.0	-1.0	18.0	53.0	58.0	8.0	-1.0	8.0	-1.0	22.0	22.0	-1.0	-1.0	-1.0	16.0	3.0	12.0	-1.0	33.0	-1.0	5.0	45.0	43.0	-1.0	-1.0	23.0	-1.0	20.0	14.0	-1.0	-1.0	8.0	-1.0	-1.0	48.0	-1.0	0.0	41.0	19.0	-1.0	-1.0	23.0	-1.0	27.0	0.0	-1.0	43.0	
50.0	3.0	17.0	45.0	-1.0	-1.0	53.0	-1.0	8.0	14.0	-1.0	48.0	22.0	22.0	20.0	-1.0	40.0	16.0	3.0	12.0	-1.0	-1.0	0.0	5.0	45.0	43.0	23.0	-1.0	-1.0	-1.0	20.0	14.0	26.0	0.0	8.0	-1.0	-1.0	-1.0	-1.0	0.0	-1.0	19.0	-1.0	-1.0	23.0	-1.0	27.0	0.0	0.0	43.0	

distances_centre_w :
-1.0	-1.0	53.0	55.0	29.0	-1.0	-1.0	88.0	-1.0	19.0	29.0	-1.0	-1.0	26.0	-1.0	54.0	73.0	49.0	34.0	70.0	-1.0	-1.0	-1.0	-1.0	59.0	78.0	58.0	-1.0	34.0	25.0	-1.0	-1.0	32.0	36.0	8.0	6.0	53.0	64.0	38.0	62.0	-1.0	28.0	26.0	78.0	27.0	33.0	39.0	-1.0	26.0	76.0	
50.0	24.0	-1.0	49.0	-1.0	-1.0	72.0	-1.0	33.0	19.0	29.0	62.0	28.0	26.0	-1.0	-1.0	-1.0	54.0	59.0	12.0	24.0	-1.0	-1.0	-1.0	53.0	-1.0	23.0	28.0	29.0	-1.0	-1.0	49.0	-1.0	-1.0	32.0	-1.0	51.0	-1.0	38.0	6.0	-1.0	21.0	-1.0	-1.0	27.0	-1.0	33.0	26.0	-1.0	76.0	
75.0	24.0	-1.0	49.0	-1.0	-1.0	-1.0	88.0	-1.0	19.0	29.0	-1.0	44.0	26.0	49.0	-1.0	73.0	49.0	7.0	44.0	24.0	-1.0	6.0	7.0	-1.0	-1.0	-1.0	28.0	29.0	-1.0	48.0	-1.0	-1.0	36.0	55.0	-1.0	51.0	71.0	-1.0	6.0	68.0	21.0	-1.0	-1.0	27.0	-1.0	33.0	48.0	-1.0	76.0	
75.0	-1.0	60.0	49.0	-1.0	29.0	72.0	88.0	68.0	-1.0	29.0	-1.0	56.0	26.0	-1.0	-1.0	-1.0	49.0	7.0	44.0	-1.0	34.0	-1.0	7.0	53.0	78.0	-1.0	-1.0	29.0	-1.0	48.0	49.0	-1.0	-1.0	29.0	-1.0	-1.0	64.0	-1.0	6.0	73.0	21.0	-1.0	-1.0	27.0	-1.0	33.0	26.0	-1.0	76.0	
75.0	24.0	53.0	49.0	-1.0	-1.0	72.0	-1.0	33.0	19.0	-1.0	62.0	56.0	26.0	49.0	-1.0	73.0	49.0	7.0	51.0	-1.0	-1.0	6.0	7.0	53.0	78.0	33.0	-1.0	-1.0	-1.0	48.0	49.0	32.0	36.0	8.0	-1.0	-1.0	-1.0	-1.0	6.0	-1.0	21.0	-1.0	-1.0	27.0	-1.0	33.0	26.0	26.0	76.0	

maxX :
58.0	53.0	58.0	58.0	53.0	

maxW :
88.0	76.0	88.0	88.0	78.0	

minX :
0.0	0.0	0.0	0.0	0.0	

minW :
6.0	6.0	6.0	6.0	6.0	

moyX :
22.515151515151516	20.357142857142858	19.833333333333332	24.482758620689655	20.90625	

moyW :
44.39393939393939	36.892857142857146	40.333333333333336	45.0	39.46875	

medX :
22.0	18.0	19.5	22.0	19.5	

medW :
38.0	30.5	40.0	48.0	34.5	

ecartTypeX :
15.097905156959966	15.46011986119283	16.42981706802875	16.462330437228342	16.60075181844184	

ecartTypeW :
21.04819778355669	17.364453193057294	22.37905767055937	22.73535906301323	21.803073715361787	

varX :
227.94674012855833	239.01530612244898	269.93888888888887	271.0083234244947	275.5849609375	

varW :
443.02662993572085	301.5242346938776	500.8222222222222	516.8965517241379	475.3740234375	

covarX :
235.07007575757578	247.86772486772483	279.24712643678157	280.6871921182266	284.47479838709677	

covarW :
456.8712121212121	312.69179894179894	518.0919540229885	535.3571428571428	490.7086693548387	

coef_variationX :
0.6705664470789756	0.7594444844094723	0.8283941378838026	0.6724050460276365	0.7940568881765903	

coef_variationW :
0.4741232265238026	0.4706724970044571	0.5548526695180008	0.5052302014002941	0.5524135858207262	

moy_distances_centre :	38.5
min_distances_centre :	6.0
max_distances_centre :	62.0
med_distances_centre :	38.0
ecartType_distances_centre :	15.14100392972672
var_distances_centre :	229.25
covar_distances_centre :	241.3157894736842
coef_variation_distances_centre :	0.3932728293435512
capacite_X_temoin : 
171.0	157.0	177.0	172.0	156.0	
138.0	148.0	159.0	159.0	175.0	
135.0	153.0	157.0	177.0	135.0	
162.0	172.0	151.0	139.0	157.0	
145.0	157.0	153.0	154.0	177.0	

capacite_W_temoin : 
167.3	64.1	124.1	209.6	134.8	
146.4	97.4	142.7	138.7	217.5	
115.5	84.9	125.1	168.1	163.5	
145.6	73.6	122.3	165.7	194.1	
129.5	85.1	97.9	159.2	194.1	

demande_cumulee_X : 
55.0	140.0	106.0	14.0	68.0	
33.0	95.0	64.0	68.0	10.0	
60.0	114.0	79.0	62.0	12.0	
65.0	150.0	74.0	15.0	10.0	
59.0	119.0	101.0	41.0	36.0	

demande_cumulee_W : 
91.0	44.0	71.0	105.0	72.0	
77.0	15.0	66.0	43.0	69.0	
90.0	32.0	80.0	32.0	93.0	
114.0	19.0	102.0	27.0	52.0	
109.0	26.0	95.0	30.0	96.0	

capacite_residuelle_X : 
116.0	17.0	71.0	158.0	88.0	
105.0	53.0	95.0	91.0	165.0	
75.0	39.0	78.0	115.0	123.0	
97.0	22.0	77.0	124.0	147.0	
86.0	38.0	52.0	113.0	141.0	

capacite_residuelle_W : 
76.30000000000001	20.099999999999994	53.099999999999994	104.6	62.80000000000001	
69.4	82.4	76.69999999999999	95.69999999999999	148.5	
25.5	52.900000000000006	45.099999999999994	136.1	70.5	
31.599999999999994	54.599999999999994	20.299999999999997	138.7	142.1	
20.5	59.099999999999994	2.9000000000000057	129.2	98.1	

min_capacite_X : 
156.0	138.0	135.0	139.0	145.0	

min_capacite_W : 
64.1	97.4	84.9	73.6	85.1	

max_capacite_X : 
177.0	175.0	177.0	172.0	177.0	

max_capacite_W : 
209.6	217.5	168.1	194.1	194.1	

moy_capacite_X : 
166.6	155.8	151.4	156.2	157.2	

moy_capacite_W : 
139.98000000000002	148.54000000000002	131.42000000000002	140.26	133.16	

med_capacite_X : 
171.0	159.0	153.0	157.0	154.0	

med_capacite_W : 
134.8	142.7	125.1	145.6	129.5	

ecartType_capacite_X : 
8.499411744350311	12.383860464330178	15.666524822052912	11.01635148313633	10.665833300778706	

ecartType_capacite_W : 
48.228846140043615	38.746075930344226	31.087129169481052	40.84255623733657	39.89534308663105	

var_capacite_X : 
72.24	153.36000000000004	245.44	121.36000000000001	113.75999999999999	

var_capacite_W : 
2326.0216	1501.2584	966.4095999999997	1668.1144	1591.6383999999998	

covar_capacite_X : 
90.3	191.70000000000005	306.8	151.70000000000002	142.2	

covar_capacite_W : 
2907.527	1876.5729999999999	1208.0119999999997	2085.143	1989.5479999999998	

##########	##########	##########	##########	##########	##########	##########	##########	##########	##########	##########	##########	##########	##########	##########	##########	##########	##########	##########	##########	##########	##########	##########	##########	##########	##########	##########	##########	##########	##########	##########	##########	##########	##########	##########	##########	##########	##########	##########	##########	##########	##########	##########	##########	##########	##########	##########	##########	##########	##########	nombre de noeuds : 50
nombre de strates : 5
nombre de centres : 5
titre : fenetre
instances : p8_2
temps de calcul : 0.03820514678955078
valeur objective : 701.0
nombre de solutions : 3
nombre de noeuds : 1.0
faisability : True
centre : [48, 39, 33, 22, 13]
moy_distances :	53.19
min_distances :	1.0
max_distances :	130.0
var_distances :	651.3330085797585
covar_distances :	651.5989673419389
ecartType_distances :	25.52122662764779
coef_variation	: 0.47985484127683786
distances_centre_x :
-1.0	-1.0	53.0	45.0	23.0	-1.0	-1.0	58.0	-1.0	19.0	8.0	-1.0	-1.0	0.0	-1.0	22.0	40.0	16.0	3.0	16.0	-1.0	-1.0	-1.0	-1.0	45.0	43.0	23.0	-1.0	23.0	5.0	-1.0	-1.0	26.0	0.0	8.0	1.0	28.0	48.0	28.0	0.0	-1.0	19.0	10.0	10.0	23.0	9.0	27.0	-1.0	0.0	43.0	
43.0	24.0	-1.0	45.0	-1.0	-1.0	53.0	-1.0	33.0	19.0	38.0	48.0	28.0	0.0	-1.0	-1.0	-1.0	16.0	7.0	12.0	24.0	-1.0	-1.0	-1.0	45.0	-1.0	14.0	28.0	23.0	-1.0	-1.0	14.0	-1.0	-1.0	8.0	-1.0	28.0	-1.0	28.0	0.0	-1.0	19.0	-1.0	-1.0	23.0	-1.0	27.0	26.0	-1.0	43.0	
50.0	24.0	-1.0	45.0	-1.0	-1.0	-1.0	58.0	-1.0	19.0	8.0	-1.0	28.0	0.0	20.0	-1.0	40.0	16.0	7.0	12.0	24.0	-1.0	0.0	5.0	-1.0	-1.0	-1.0	28.0	23.0	-1.0	20.0	-1.0	-1.0	0.0	8.0	-1.0	28.0	48.0	-1.0	0.0	41.0	19.0	-1.0	-1.0	23.0	-1.0	27.0	58.0	-1.0	43.0	
43.0	-1.0	17.0	45.0	-1.0	18.0	53.0	58.0	33.0	-1.0	8.0	-1.0	28.0	0.0	-1.0	-1.0	-1.0	16.0	28.0	12.0	-1.0	13.0	-1.0	5.0	45.0	43.0	-1.0	-1.0	23.0	-1.0	20.0	14.0	-1.0	-1.0	8.0	-1.0	-1.0	48.0	-1.0	0.0	41.0	19.0	-1.0	-1.0	23.0	-1.0	27.0	26.0	-1.0	43.0	
43.0	24.0	17.0	45.0	-1.0	-1.0	53.0	-1.0	33.0	19.0	-1.0	48.0	22.0	0.0	20.0	-1.0	40.0	16.0	3.0	12.0	-1.0	-1.0	0.0	5.0	45.0	43.0	17.0	-1.0	-1.0	-1.0	20.0	14.0	26.0	0.0	8.0	-1.0	-1.0	-1.0	-1.0	0.0	-1.0	19.0	-1.0	-1.0	23.0	-1.0	27.0	26.0	0.0	43.0	

distances_centre_w :
-1.0	-1.0	80.0	74.0	29.0	-1.0	-1.0	89.0	-1.0	66.0	61.0	-1.0	-1.0	22.0	-1.0	54.0	73.0	49.0	7.0	44.0	-1.0	-1.0	-1.0	-1.0	77.0	82.0	33.0	-1.0	29.0	23.0	-1.0	-1.0	32.0	36.0	29.0	25.0	67.0	71.0	63.0	26.0	-1.0	29.0	26.0	23.0	28.0	28.0	39.0	-1.0	32.0	76.0	
50.0	44.0	-1.0	49.0	-1.0	-1.0	66.0	-1.0	50.0	34.0	61.0	70.0	44.0	22.0	-1.0	-1.0	-1.0	49.0	28.0	16.0	49.0	-1.0	-1.0	-1.0	53.0	-1.0	23.0	48.0	29.0	-1.0	-1.0	49.0	-1.0	-1.0	8.0	-1.0	53.0	-1.0	43.0	6.0	-1.0	21.0	-1.0	-1.0	27.0	-1.0	33.0	48.0	-1.0	76.0	
75.0	44.0	-1.0	49.0	-1.0	-1.0	-1.0	89.0	-1.0	34.0	29.0	-1.0	42.0	63.0	49.0	-1.0	73.0	49.0	34.0	16.0	49.0	-1.0	6.0	7.0	-1.0	-1.0	-1.0	48.0	34.0	-1.0	22.0	-1.0	-1.0	36.0	8.0	-1.0	53.0	71.0	-1.0	6.0	68.0	47.0	-1.0	-1.0	27.0	-1.0	33.0	72.0	-1.0	76.0	
75.0	-1.0	53.0	49.0	-1.0	29.0	72.0	89.0	50.0	-1.0	29.0	-1.0	42.0	22.0	-1.0	-1.0	-1.0	49.0	34.0	12.0	-1.0	33.0	-1.0	7.0	53.0	82.0	-1.0	-1.0	29.0	-1.0	22.0	49.0	-1.0	-1.0	8.0	-1.0	-1.0	71.0	-1.0	6.0	68.0	21.0	-1.0	-1.0	27.0	-1.0	33.0	48.0	-1.0	76.0	
75.0	44.0	53.0	49.0	-1.0	-1.0	66.0	-1.0	50.0	34.0	-1.0	70.0	56.0	22.0	53.0	-1.0	73.0	49.0	28.0	44.0	-1.0	-1.0	22.0	7.0	53.0	78.0	33.0	-1.0	-1.0	-1.0	22.0	49.0	32.0	36.0	29.0	-1.0	-1.0	-1.0	-1.0	6.0	-1.0	29.0	-1.0	-1.0	27.0	-1.0	33.0	48.0	32.0	76.0	

maxX :
58.0	53.0	58.0	58.0	53.0	

maxW :
89.0	76.0	89.0	89.0	78.0	

minX :
0.0	0.0	0.0	0.0	0.0	

minW :
7.0	6.0	6.0	6.0	6.0	

moyX :
21.87878787878788	25.571428571428573	24.066666666666666	26.103448275862068	22.21875	

moyW :
46.121212121212125	41.035714285714285	43.63333333333333	42.689655172413794	43.0625	

medX :
22.0	25.0	23.0	23.0	20.0	

medW :
36.0	46.0	45.5	42.0	44.0	

ecartTypeX :
16.768942388647904	13.96789321323465	17.054683292932246	15.981335725078472	15.875953465461532	

ecartTypeW :
22.45636519841761	17.48771434639829	22.603072554165927	23.284008791407363	19.02455239289482	

varX :
281.1974288337925	195.10204081632656	290.8622222222223	255.40309155766946	252.0458984375	

varW :
504.2883379247016	305.8201530612245	510.89888888888896	542.1450653983353	361.93359375	

covarX :
289.98484848484856	202.32804232804233	300.8919540229885	264.52463054187183	260.17641129032256	

covarW :
520.0473484848485	317.1468253968254	528.5160919540231	561.5073891625615	373.60887096774195	

coef_variationX :
0.7664475052983114	0.5462304608527516	0.7086433501218385	0.6122308269845121	0.7145295511881421	

coef_variationW :
0.486898851214048	0.42615840008629424	0.5180230531894406	0.5454250847744859	0.4417893153647563	

moy_distances_centre :	34.9
min_distances_centre :	6.0
max_distances_centre :	63.0
med_distances_centre :	36.5
ecartType_distances_centre :	14.439182802361081
var_distances_centre :	208.49
covar_distances_centre :	219.46315789473684
coef_variation_distances_centre :	0.4137301662567645
capacite_X_temoin : 
163.0	171.0	157.0	177.0	156.0	
141.0	138.0	148.0	159.0	175.0	
142.0	135.0	153.0	157.0	135.0	
159.0	162.0	172.0	151.0	157.0	
139.0	145.0	157.0	153.0	177.0	

capacite_W_temoin : 
167.9	208.3	70.1	122.1	119.8	
165.3	151.4	94.4	154.7	153.5	
173.6	128.5	84.9	115.1	109.5	
175.7	169.6	69.6	129.3	183.1	
168.7	136.5	81.1	102.9	157.1	

demande_cumulee_X : 
44.0	14.0	134.0	108.0	83.0	
18.0	28.0	98.0	52.0	74.0	
11.0	47.0	114.0	89.0	66.0	
31.0	41.0	154.0	67.0	21.0	
12.0	52.0	123.0	96.0	73.0	

demande_cumulee_W : 
89.0	120.0	33.0	43.0	98.0	
10.0	74.0	68.0	74.0	44.0	
17.0	77.0	84.0	69.0	80.0	
4.0	130.0	11.0	112.0	57.0	
27.0	133.0	41.0	67.0	88.0	

capacite_residuelle_X : 
119.0	157.0	23.0	69.0	73.0	
123.0	110.0	50.0	107.0	101.0	
131.0	88.0	39.0	68.0	69.0	
128.0	121.0	18.0	84.0	136.0	
127.0	93.0	34.0	57.0	104.0	

capacite_residuelle_W : 
78.9	88.30000000000001	37.099999999999994	79.1	21.799999999999997	
155.3	77.4	26.400000000000006	80.69999999999999	109.5	
156.6	51.5	0.9000000000000057	46.099999999999994	29.5	
171.7	39.599999999999994	58.599999999999994	17.30000000000001	126.1	
141.7	3.5	40.099999999999994	35.900000000000006	69.1	

min_capacite_X : 
156.0	138.0	135.0	151.0	139.0	

min_capacite_W : 
70.1	94.4	84.9	69.6	81.1	

max_capacite_X : 
177.0	175.0	157.0	172.0	177.0	

max_capacite_W : 
208.3	165.3	173.6	183.1	168.7	

moy_capacite_X : 
164.8	152.2	144.4	160.2	154.2	

moy_capacite_W : 
137.64000000000001	143.85999999999999	122.32000000000001	145.46	129.26	

med_capacite_X : 
163.0	148.0	142.0	159.0	153.0	

med_capacite_W : 
122.1	153.5	115.1	169.6	136.5	

ecartType_capacite_X : 
8.109253973085316	13.49666625504239	9.112628599915615	6.910861017268398	12.998461447417537	

ecartType_capacite_W : 
46.96788690158416	25.192268655283907	29.2730866155245	42.260743012871885	32.8549296148995	

var_capacite_X : 
65.75999999999999	182.16	83.04	47.76	168.95999999999998	

var_capacite_W : 
2205.982400000001	634.6504	856.9135999999996	1785.9703999999997	1079.4463999999998	

covar_capacite_X : 
82.19999999999999	227.7	103.80000000000001	59.699999999999996	211.2	

covar_capacite_W : 
2757.478000000001	793.313	1071.1419999999996	2232.4629999999997	1349.3079999999998	

##########	##########	##########	##########	##########	##########	##########	##########	##########	##########	##########	##########	##########	##########	##########	##########	##########	##########	##########	##########	##########	##########	##########	##########	##########	##########	##########	##########	##########	##########	##########	##########	##########	##########	##########	##########	##########	##########	##########	##########	##########	##########	##########	##########	##########	##########	##########	##########	##########	##########	nombre de noeuds : 50
nombre de strates : 5
nombre de centres : 5
titre : fenetre
instances : p8_2
temps de calcul : 0.03845095634460449
valeur objective : 694.0
nombre de solutions : 3
nombre de noeuds : 1.0
faisability : True
centre : [39, 33, 22, 13, 46]
moy_distances :	53.19
min_distances :	1.0
max_distances :	130.0
var_distances :	651.3330085797585
covar_distances :	651.5989673419389
ecartType_distances :	25.52122662764779
coef_variation	: 0.47985484127683786
distances_centre_x :
-1.0	-1.0	17.0	23.0	18.0	-1.0	-1.0	58.0	-1.0	34.0	8.0	-1.0	-1.0	0.0	-1.0	22.0	40.0	16.0	3.0	16.0	-1.0	-1.0	-1.0	-1.0	27.0	43.0	23.0	-1.0	5.0	5.0	-1.0	-1.0	2.0	0.0	8.0	1.0	28.0	48.0	28.0	0.0	-1.0	21.0	26.0	10.0	23.0	25.0	0.0	-1.0	32.0	43.0	
43.0	44.0	-1.0	23.0	-1.0	-1.0	40.0	-1.0	50.0	34.0	8.0	48.0	9.0	0.0	-1.0	-1.0	-1.0	16.0	28.0	12.0	49.0	-1.0	-1.0	-1.0	27.0	-1.0	23.0	48.0	5.0	-1.0	-1.0	14.0	-1.0	-1.0	8.0	-1.0	28.0	-1.0	28.0	0.0	-1.0	21.0	-1.0	-1.0	23.0	-1.0	0.0	48.0	-1.0	43.0	
43.0	44.0	-1.0	23.0	-1.0	-1.0	-1.0	58.0	-1.0	34.0	8.0	-1.0	9.0	0.0	20.0	-1.0	40.0	16.0	3.0	12.0	57.0	-1.0	0.0	5.0	-1.0	-1.0	-1.0	48.0	5.0	-1.0	20.0	-1.0	-1.0	0.0	8.0	-1.0	28.0	48.0	-1.0	0.0	41.0	21.0	-1.0	-1.0	23.0	-1.0	0.0	58.0	-1.0	43.0	
43.0	-1.0	46.0	23.0	-1.0	18.0	40.0	58.0	50.0	-1.0	8.0	-1.0	42.0	0.0	-1.0	-1.0	-1.0	16.0	7.0	12.0	-1.0	13.0	-1.0	5.0	27.0	43.0	-1.0	-1.0	5.0	-1.0	20.0	14.0	-1.0	-1.0	8.0	-1.0	-1.0	48.0	-1.0	0.0	41.0	21.0	-1.0	-1.0	23.0	-1.0	0.0	58.0	-1.0	43.0	
43.0	44.0	17.0	23.0	-1.0	-1.0	40.0	-1.0	50.0	34.0	-1.0	48.0	9.0	0.0	20.0	-1.0	40.0	16.0	3.0	12.0	-1.0	-1.0	6.0	5.0	27.0	43.0	14.0	-1.0	-1.0	-1.0	20.0	14.0	2.0	0.0	8.0	-1.0	-1.0	-1.0	-1.0	0.0	-1.0	21.0	-1.0	-1.0	23.0	-1.0	0.0	48.0	32.0	43.0	

distances_centre_w :
-1.0	-1.0	46.0	73.0	29.0	-1.0	-1.0	84.0	-1.0	49.0	43.0	-1.0	-1.0	22.0	-1.0	55.0	77.0	50.0	27.0	51.0	-1.0	-1.0	-1.0	-1.0	59.0	64.0	54.0	-1.0	29.0	47.0	-1.0	-1.0	48.0	63.0	8.0	25.0	64.0	84.0	63.0	26.0	-1.0	29.0	28.0	23.0	28.0	48.0	27.0	-1.0	36.0	76.0	
75.0	56.0	-1.0	45.0	-1.0	-1.0	53.0	-1.0	65.0	49.0	38.0	84.0	22.0	22.0	-1.0	-1.0	-1.0	50.0	36.0	16.0	57.0	-1.0	-1.0	-1.0	45.0	-1.0	50.0	60.0	23.0	-1.0	-1.0	41.0	-1.0	-1.0	8.0	-1.0	64.0	-1.0	63.0	6.0	-1.0	28.0	-1.0	-1.0	27.0	-1.0	27.0	79.0	-1.0	60.0	
75.0	71.0	-1.0	45.0	-1.0	-1.0	-1.0	84.0	-1.0	49.0	38.0	-1.0	22.0	26.0	36.0	-1.0	65.0	50.0	7.0	16.0	79.0	-1.0	22.0	7.0	-1.0	-1.0	-1.0	60.0	29.0	-1.0	48.0	-1.0	-1.0	41.0	8.0	-1.0	64.0	84.0	-1.0	26.0	49.0	28.0	-1.0	-1.0	27.0	-1.0	27.0	79.0	-1.0	60.0	
75.0	-1.0	80.0	45.0	-1.0	21.0	72.0	84.0	65.0	-1.0	38.0	-1.0	44.0	22.0	-1.0	-1.0	-1.0	50.0	27.0	12.0	-1.0	33.0	-1.0	7.0	45.0	64.0	-1.0	-1.0	47.0	-1.0	48.0	41.0	-1.0	-1.0	29.0	-1.0	-1.0	84.0	-1.0	6.0	49.0	28.0	-1.0	-1.0	27.0	-1.0	27.0	79.0	-1.0	60.0	
75.0	76.0	46.0	45.0	-1.0	-1.0	72.0	-1.0	65.0	49.0	-1.0	84.0	22.0	22.0	36.0	-1.0	80.0	50.0	27.0	12.0	-1.0	-1.0	22.0	7.0	45.0	64.0	17.0	-1.0	-1.0	-1.0	48.0	41.0	26.0	41.0	8.0	-1.0	-1.0	-1.0	-1.0	6.0	-1.0	28.0	-1.0	-1.0	27.0	-1.0	27.0	79.0	36.0	60.0	

maxX :
58.0	50.0	58.0	58.0	50.0	

maxW :
84.0	84.0	84.0	84.0	84.0	

minX :
0.0	0.0	0.0	0.0	0.0	

minW :
8.0	6.0	7.0	6.0	6.0	

moyX :
19.78787878787879	25.714285714285715	23.833333333333332	25.24137931034483	22.03125	

moyW :
46.515151515151516	44.607142857142854	44.06666666666667	45.13793103448276	41.96875	

medX :
21.0	25.0	20.5	21.0	20.0	

medW :
48.0	47.0	43.0	45.0	41.0	

ecartTypeX :
15.326264989577929	16.5051012522474	19.464640305492992	18.29576015028655	16.551971889702447	

ecartTypeW :
19.69790207583448	20.579704436504368	23.379383130347033	22.725838458688738	22.943523561944446	

varX :
234.89439853076215	272.41836734693874	378.87222222222226	334.7348394768133	273.9677734375	

varW :
388.00734618916437	423.52423469387753	546.5955555555555	516.4637336504161	526.4052734375	

covarX :
242.2348484848485	282.5079365079364	391.93678160919546	346.6896551724138	282.8054435483871	

covarW :
400.1325757575758	439.21031746031747	565.4436781609195	534.9088669950737	543.3860887096774	

coef_variationX :
0.7745279397489612	0.6418650486985099	0.8166981946360696	0.7248320278118988	0.7512951779723096	

coef_variationW :
0.42347281335670217	0.4613544629480563	0.5305457593876028	0.5034754127593379	0.5466811273136428	

moy_distances_centre :	34.6
min_distances_centre :	6.0
max_distances_centre :	63.0
med_distances_centre :	36.0
ecartType_distances_centre :	14.947909552843836
var_distances_centre :	223.44
covar_distances_centre :	235.2
coef_variation_distances_centre :	0.4320205073076253
capacite_X_temoin : 
163.0	171.0	157.0	177.0	148.0	
141.0	138.0	148.0	159.0	159.0	
142.0	135.0	153.0	157.0	138.0	
159.0	162.0	172.0	151.0	159.0	
139.0	145.0	157.0	153.0	141.0	

capacite_W_temoin : 
167.9	164.3	61.1	179.1	105.4	
167.3	169.4	66.4	154.7	140.7	
173.6	104.5	48.9	156.1	132.4	
174.7	153.6	110.6	152.3	138.7	
163.7	117.5	78.1	134.9	105.3	

demande_cumulee_X : 
44.0	58.0	143.0	51.0	87.0	
16.0	10.0	126.0	52.0	66.0	
11.0	71.0	150.0	48.0	47.0	
32.0	57.0	113.0	44.0	68.0	
17.0	71.0	126.0	64.0	78.0	

demande_cumulee_W : 
104.0	96.0	30.0	49.0	104.0	
6.0	129.0	40.0	40.0	55.0	
50.0	96.0	37.0	56.0	88.0	
16.0	86.0	56.0	29.0	127.0	
13.0	111.0	73.0	69.0	90.0	

capacite_residuelle_X : 
119.0	113.0	14.0	126.0	61.0	
125.0	128.0	22.0	107.0	93.0	
131.0	64.0	3.0	109.0	91.0	
127.0	105.0	59.0	107.0	91.0	
122.0	74.0	31.0	89.0	63.0	

capacite_residuelle_W : 
63.900000000000006	68.30000000000001	31.1	130.1	1.4000000000000057	
161.3	40.400000000000006	26.400000000000006	114.69999999999999	85.69999999999999	
123.6	8.5	11.899999999999999	100.1	44.400000000000006	
158.7	67.6	54.599999999999994	123.30000000000001	11.699999999999989	
150.7	6.5	5.099999999999994	65.9	15.299999999999997	

min_capacite_X : 
148.0	138.0	135.0	151.0	139.0	

min_capacite_W : 
61.1	66.4	48.9	110.6	78.1	

max_capacite_X : 
177.0	159.0	157.0	172.0	157.0	

max_capacite_W : 
179.1	169.4	173.6	174.7	163.7	

moy_capacite_X : 
163.2	149.0	145.0	160.6	147.0	

moy_capacite_W : 
135.56	139.7	123.1	145.98000000000002	119.89999999999998	

med_capacite_X : 
163.0	148.0	142.0	159.0	145.0	

med_capacite_W : 
164.3	154.7	132.4	152.3	117.5	

ecartType_capacite_X : 
10.205880657738458	8.78635305459552	8.555699854482976	6.770524351924303	6.928203230275509	

ecartType_capacite_W : 
45.21396244524472	38.059795059879136	43.7660599094778	21.107287840933044	28.669147179502918	

var_capacite_X : 
104.16	77.2	73.2	45.84	48.0	

var_capacite_W : 
2044.3024	1448.548	1915.4679999999996	445.51759999999996	821.9200000000001	

covar_capacite_X : 
130.2	96.5	91.5	57.300000000000004	60.0	

covar_capacite_W : 
2555.378	1810.685	2394.3349999999996	556.8969999999999	1027.4	

##########	##########	##########	##########	##########	##########	##########	##########	##########	##########	##########	##########	##########	##########	##########	##########	##########	##########	##########	##########	##########	##########	##########	##########	##########	##########	##########	##########	##########	##########	##########	##########	##########	##########	##########	##########	##########	##########	##########	##########	##########	##########	##########	##########	##########	##########	##########	##########	##########	##########	