nombre de noeuds : 100
nombre de strates : 3
nombre de centres : 10
titre : fenetre
instances : pmed2_1
temps de calcul : 0.061360836029052734
valeur objective : 996.0
nombre de solutions : 2
nombre de noeuds : 0.0
faisability : True
centre : [50, 32, 96, 33, 19, 86, 13, 5, 95, 93]
moy_distances :	138.9
min_distances :	1.0
max_distances :	316.0
var_distances :	2680.228723966942
covar_distances :	2680.4994814903257
ecartType_distances :	51.77092546948472
coef_variation	: 0.3727078358616964
distances_centre_x :
-1.0	42.0	86.0	-1.0	22.0	0.0	86.0	-1.0	102.0	54.0	-1.0	-1.0	50.0	0.0	-1.0	-1.0	-1.0	69.0	-1.0	0.0	3.0	80.0	35.0	-1.0	36.0	14.0	5.0	76.0	-1.0	78.0	-1.0	-1.0	0.0	-1.0	-1.0	35.0	33.0	56.0	89.0	53.0	52.0	83.0	-1.0	-1.0	112.0	75.0	116.0	-1.0	97.0	52.0	0.0	27.0	-1.0	85.0	36.0	74.0	50.0	-1.0	-1.0	-1.0	99.0	127.0	-1.0	42.0	80.0	-1.0	63.0	80.0	109.0	-1.0	-1.0	56.0	35.0	-1.0	164.0	116.0	97.0	154.0	67.0	123.0	-1.0	-1.0	40.0	-1.0	27.0	79.0	-1.0	6.0	45.0	46.0	44.0	27.0	5.0	-1.0	11.0	0.0	-1.0	32.0	91.0	-1.0	
66.0	-1.0	-1.0	-1.0	-1.0	0.0	86.0	82.0	102.0	54.0	93.0	-1.0	-1.0	0.0	-1.0	-1.0	60.0	69.0	49.0	0.0	3.0	-1.0	35.0	43.0	36.0	-1.0	5.0	76.0	87.0	78.0	84.0	18.0	0.0	-1.0	-1.0	-1.0	33.0	-1.0	89.0	53.0	52.0	-1.0	57.0	69.0	-1.0	-1.0	116.0	83.0	-1.0	52.0	0.0	27.0	54.0	-1.0	36.0	-1.0	50.0	42.0	133.0	-1.0	-1.0	127.0	100.0	42.0	-1.0	-1.0	63.0	-1.0	109.0	60.0	-1.0	56.0	35.0	129.0	164.0	-1.0	97.0	154.0	67.0	123.0	108.0	107.0	-1.0	-1.0	27.0	-1.0	-1.0	6.0	45.0	46.0	-1.0	-1.0	5.0	0.0	11.0	-1.0	0.0	-1.0	-1.0	98.0	
66.0	42.0	-1.0	68.0	-1.0	0.0	86.0	82.0	102.0	54.0	93.0	83.0	-1.0	0.0	98.0	21.0	-1.0	69.0	49.0	0.0	3.0	-1.0	35.0	43.0	36.0	14.0	5.0	-1.0	-1.0	78.0	84.0	18.0	0.0	0.0	46.0	35.0	-1.0	-1.0	89.0	-1.0	52.0	83.0	-1.0	-1.0	-1.0	-1.0	116.0	83.0	97.0	52.0	-1.0	27.0	-1.0	85.0	36.0	74.0	50.0	42.0	133.0	123.0	-1.0	127.0	100.0	42.0	80.0	68.0	63.0	80.0	109.0	60.0	44.0	56.0	35.0	129.0	164.0	116.0	97.0	154.0	67.0	-1.0	108.0	107.0	-1.0	42.0	27.0	-1.0	0.0	-1.0	-1.0	46.0	44.0	27.0	-1.0	0.0	11.0	-1.0	-1.0	-1.0	-1.0	98.0	

distances_centre_w :
-1.0	94.0	153.0	-1.0	133.0	131.0	161.0	-1.0	145.0	135.0	-1.0	-1.0	103.0	53.0	-1.0	-1.0	-1.0	146.0	-1.0	131.0	134.0	129.0	128.0	-1.0	150.0	145.0	136.0	137.0	-1.0	121.0	-1.0	-1.0	128.0	-1.0	-1.0	141.0	130.0	137.0	161.0	136.0	135.0	125.0	-1.0	-1.0	114.0	155.0	147.0	-1.0	164.0	161.0	102.0	129.0	-1.0	96.0	109.0	116.0	97.0	-1.0	-1.0	-1.0	158.0	133.0	-1.0	141.0	161.0	-1.0	106.0	133.0	160.0	-1.0	-1.0	157.0	130.0	-1.0	166.0	118.0	146.0	168.0	162.0	156.0	-1.0	-1.0	96.0	-1.0	129.0	122.0	-1.0	112.0	145.0	144.0	87.0	157.0	126.0	-1.0	73.0	62.0	-1.0	127.0	107.0	-1.0	
118.0	-1.0	-1.0	-1.0	-1.0	131.0	161.0	93.0	145.0	135.0	160.0	-1.0	-1.0	53.0	-1.0	-1.0	141.0	146.0	155.0	131.0	134.0	-1.0	128.0	120.0	150.0	-1.0	136.0	137.0	160.0	121.0	143.0	110.0	128.0	-1.0	-1.0	-1.0	130.0	-1.0	161.0	136.0	135.0	-1.0	94.0	131.0	-1.0	-1.0	147.0	139.0	-1.0	161.0	102.0	129.0	149.0	-1.0	109.0	-1.0	97.0	89.0	142.0	-1.0	-1.0	133.0	106.0	141.0	-1.0	-1.0	106.0	-1.0	160.0	107.0	-1.0	157.0	130.0	162.0	166.0	-1.0	146.0	168.0	162.0	156.0	164.0	163.0	-1.0	-1.0	129.0	-1.0	-1.0	112.0	145.0	144.0	-1.0	-1.0	126.0	98.0	73.0	-1.0	73.0	-1.0	-1.0	114.0	
118.0	94.0	-1.0	140.0	-1.0	131.0	161.0	93.0	145.0	135.0	160.0	150.0	-1.0	53.0	151.0	142.0	-1.0	146.0	155.0	131.0	134.0	-1.0	128.0	120.0	150.0	145.0	136.0	-1.0	-1.0	121.0	143.0	110.0	128.0	81.0	152.0	141.0	-1.0	-1.0	161.0	-1.0	135.0	125.0	-1.0	-1.0	-1.0	-1.0	147.0	139.0	164.0	161.0	-1.0	129.0	-1.0	96.0	109.0	116.0	97.0	89.0	142.0	153.0	-1.0	133.0	106.0	141.0	161.0	111.0	106.0	133.0	160.0	107.0	126.0	157.0	130.0	162.0	166.0	118.0	146.0	168.0	162.0	-1.0	164.0	163.0	-1.0	104.0	129.0	-1.0	163.0	-1.0	-1.0	144.0	87.0	157.0	-1.0	98.0	73.0	-1.0	-1.0	-1.0	-1.0	114.0	

maxX :
164.0	164.0	164.0	

maxW :
168.0	168.0	168.0	

minX :
0.0	0.0	0.0	

minW :
53.0	53.0	53.0	

moyX :
58.0	60.171875	62.36986301369863	

moyW :
130.75757575757575	131.6875	132.13698630136986	

medX :
52.5	55.0	60.0	

medW :
133.0	135.0	135.0	

ecartTypeX :
39.31381128275097	41.25513403183142	39.85023567738187	

ecartTypeW :
24.866346130475716	25.196028332854368	25.360045735068066	

varX :
1545.5757575757575	1701.986083984375	1588.0412835428788	

varW :
618.3351698806246	634.83984375	643.1319196847439	

covarX :
1569.3538461538462	1729.001736111111	1610.0974124809745	

covarW :
627.8480186480189	644.9166666666666	652.064307458143	

coef_variationX :
0.6778243324612236	0.685621547140278	0.6389341542826437	

coef_variationW :
0.19017136090514453	0.19133196645736586	0.19192238634252218	

moy_distances_centre :	122.06666666666666
min_distances_centre :	11.0
max_distances_centre :	209.0
med_distances_centre :	128.0
ecartType_distances_centre :	45.2609225614228
var_distances_centre :	2048.5511111111114
covar_distances_centre :	2071.568539325843
coef_variation_distances_centre :	0.37078855184125725
capacite_X_temoin : 
88.0	96.0	85.0	88.0	94.0	95.0	97.0	90.0	81.0	99.0	
95.0	89.0	98.0	93.0	97.0	99.0	88.0	90.0	99.0	98.0	
88.0	86.0	90.0	97.0	85.0	98.0	86.0	90.0	90.0	79.0	

capacite_W_temoin : 
102.4	120.8	103.5	111.4	119.2	114.5	107.1	114.0	101.3	126.7	
116.5	112.7	119.4	115.9	124.1	117.7	97.4	115.0	123.7	123.4	
106.4	105.8	107.0	121.1	106.5	120.4	90.8	115.0	110.0	99.7	

demande_cumulee_X : 
12.0	4.0	7.0	3.0	3.0	9.0	19.0	3.0	4.0	2.0	
7.0	3.0	8.0	5.0	2.0	11.0	17.0	2.0	5.0	4.0	
8.0	6.0	10.0	5.0	4.0	7.0	21.0	2.0	7.0	3.0	

demande_cumulee_W : 
32.0	12.0	16.0	4.0	1.0	0.0	1.0	0.0	0.0	0.0	
39.0	8.0	11.0	1.0	2.0	0.0	1.0	0.0	2.0	0.0	
43.0	11.0	12.0	2.0	2.0	0.0	1.0	0.0	2.0	0.0	

capacite_residuelle_X : 
76.0	92.0	78.0	85.0	91.0	86.0	78.0	87.0	77.0	97.0	
88.0	86.0	90.0	88.0	95.0	88.0	71.0	88.0	94.0	94.0	
80.0	80.0	80.0	92.0	81.0	91.0	65.0	88.0	83.0	76.0	

capacite_residuelle_W : 
70.4	108.8	87.5	107.4	118.2	114.5	106.1	114.0	101.3	126.7	
77.5	104.7	108.4	114.9	122.1	117.7	96.4	115.0	121.7	123.4	
63.400000000000006	94.8	95.0	119.1	104.5	120.4	89.8	115.0	108.0	99.7	

min_capacite_X : 
81.0	88.0	79.0	

min_capacite_W : 
101.3	97.4	90.8	

max_capacite_X : 
99.0	99.0	98.0	

max_capacite_W : 
126.7	124.1	121.1	

moy_capacite_X : 
91.3	94.6	88.9	

moy_capacite_W : 
112.08999999999999	116.58000000000001	108.27000000000001	

med_capacite_X : 
92.0	96.0	89.0	

med_capacite_W : 
112.7	117.1	106.75	

ecartType_capacite_X : 
5.514526271584894	4.079215610874227	5.3188344587888805	

ecartType_capacite_W : 
8.116704996487183	7.408481625812403	8.67767826091749	

var_capacite_X : 
30.409999999999997	16.639999999999997	28.290000000000003	

var_capacite_W : 
65.88090000000001	54.88559999999999	75.3021	

covar_capacite_X : 
33.78888888888889	18.488888888888884	31.43333333333333	

covar_capacite_W : 
73.20100000000001	60.98399999999998	83.66900000000001	

##########	##########	##########	##########	##########	##########	##########	##########	##########	##########	##########	##########	##########	##########	##########	##########	##########	##########	##########	##########	##########	##########	##########	##########	##########	##########	##########	##########	##########	##########	##########	##########	##########	##########	##########	##########	##########	##########	##########	##########	##########	##########	##########	##########	##########	##########	##########	##########	##########	##########	##########	##########	##########	##########	##########	##########	##########	##########	##########	##########	##########	##########	##########	##########	##########	##########	##########	##########	##########	##########	##########	##########	##########	##########	##########	##########	##########	##########	##########	##########	##########	##########	##########	##########	##########	##########	##########	##########	##########	##########	##########	##########	##########	##########	##########	##########	##########	##########	##########	##########	nombre de noeuds : 100
nombre de strates : 3
nombre de centres : 10
titre : fenetre
instances : pmed2_1
temps de calcul : 0.05920600891113281
valeur objective : 990.0
nombre de solutions : 2
nombre de noeuds : 0.0
faisability : True
centre : [32, 96, 33, 19, 86, 13, 5, 95, 93, 44]
moy_distances :	138.9
min_distances :	1.0
max_distances :	316.0
var_distances :	2680.228723966942
covar_distances :	2680.4994814903257
ecartType_distances :	51.77092546948472
coef_variation	: 0.3727078358616964
distances_centre_x :
-1.0	42.0	86.0	-1.0	22.0	0.0	86.0	-1.0	102.0	54.0	-1.0	-1.0	50.0	0.0	-1.0	-1.0	-1.0	69.0	-1.0	0.0	3.0	80.0	35.0	-1.0	36.0	14.0	5.0	76.0	-1.0	78.0	-1.0	-1.0	0.0	-1.0	-1.0	35.0	33.0	56.0	103.0	67.0	66.0	83.0	-1.0	-1.0	0.0	61.0	102.0	-1.0	97.0	52.0	68.0	41.0	-1.0	85.0	36.0	74.0	50.0	-1.0	-1.0	-1.0	99.0	133.0	-1.0	59.0	80.0	-1.0	63.0	80.0	109.0	-1.0	-1.0	56.0	35.0	-1.0	164.0	116.0	97.0	56.0	67.0	123.0	-1.0	-1.0	40.0	-1.0	95.0	83.0	-1.0	6.0	45.0	46.0	44.0	27.0	5.0	-1.0	11.0	0.0	-1.0	32.0	91.0	-1.0	
66.0	-1.0	-1.0	-1.0	-1.0	0.0	86.0	82.0	102.0	54.0	93.0	-1.0	-1.0	0.0	-1.0	-1.0	60.0	69.0	49.0	0.0	3.0	-1.0	35.0	43.0	36.0	-1.0	5.0	76.0	87.0	78.0	84.0	18.0	0.0	-1.0	-1.0	-1.0	33.0	-1.0	103.0	67.0	66.0	-1.0	68.0	43.0	-1.0	-1.0	102.0	83.0	-1.0	52.0	68.0	41.0	68.0	-1.0	36.0	-1.0	50.0	42.0	133.0	-1.0	-1.0	133.0	106.0	59.0	-1.0	-1.0	63.0	-1.0	109.0	60.0	-1.0	56.0	35.0	129.0	164.0	-1.0	97.0	56.0	67.0	123.0	108.0	107.0	-1.0	-1.0	95.0	-1.0	-1.0	6.0	45.0	46.0	-1.0	-1.0	5.0	0.0	11.0	-1.0	0.0	-1.0	-1.0	98.0	
66.0	42.0	-1.0	68.0	-1.0	0.0	86.0	82.0	102.0	54.0	93.0	83.0	-1.0	0.0	98.0	21.0	-1.0	69.0	49.0	0.0	3.0	-1.0	35.0	43.0	36.0	14.0	5.0	-1.0	-1.0	78.0	84.0	18.0	0.0	0.0	46.0	35.0	-1.0	-1.0	103.0	-1.0	66.0	83.0	-1.0	-1.0	-1.0	-1.0	102.0	83.0	97.0	52.0	-1.0	41.0	-1.0	85.0	36.0	74.0	50.0	42.0	133.0	123.0	-1.0	133.0	106.0	59.0	80.0	68.0	63.0	80.0	109.0	60.0	44.0	56.0	35.0	129.0	164.0	116.0	97.0	56.0	67.0	-1.0	108.0	107.0	-1.0	42.0	95.0	-1.0	0.0	-1.0	-1.0	46.0	44.0	27.0	-1.0	0.0	11.0	-1.0	-1.0	-1.0	-1.0	98.0	

distances_centre_w :
-1.0	94.0	153.0	-1.0	133.0	131.0	161.0	-1.0	145.0	135.0	-1.0	-1.0	103.0	53.0	-1.0	-1.0	-1.0	146.0	-1.0	131.0	134.0	129.0	128.0	-1.0	150.0	145.0	136.0	137.0	-1.0	121.0	-1.0	-1.0	128.0	-1.0	-1.0	141.0	130.0	137.0	161.0	136.0	135.0	125.0	-1.0	-1.0	112.0	155.0	147.0	-1.0	164.0	161.0	102.0	129.0	-1.0	96.0	109.0	116.0	97.0	-1.0	-1.0	-1.0	158.0	157.0	-1.0	141.0	161.0	-1.0	106.0	133.0	160.0	-1.0	-1.0	157.0	130.0	-1.0	166.0	118.0	146.0	154.0	162.0	156.0	-1.0	-1.0	96.0	-1.0	129.0	122.0	-1.0	112.0	145.0	144.0	87.0	157.0	126.0	-1.0	73.0	62.0	-1.0	127.0	107.0	-1.0	
118.0	-1.0	-1.0	-1.0	-1.0	131.0	161.0	93.0	145.0	135.0	160.0	-1.0	-1.0	53.0	-1.0	-1.0	141.0	146.0	155.0	131.0	134.0	-1.0	128.0	120.0	150.0	-1.0	136.0	137.0	160.0	121.0	143.0	110.0	128.0	-1.0	-1.0	-1.0	130.0	-1.0	161.0	136.0	135.0	-1.0	94.0	69.0	-1.0	-1.0	147.0	139.0	-1.0	161.0	102.0	129.0	149.0	-1.0	109.0	-1.0	97.0	89.0	142.0	-1.0	-1.0	157.0	130.0	141.0	-1.0	-1.0	106.0	-1.0	160.0	107.0	-1.0	157.0	130.0	162.0	166.0	-1.0	146.0	154.0	162.0	156.0	164.0	163.0	-1.0	-1.0	129.0	-1.0	-1.0	112.0	145.0	144.0	-1.0	-1.0	126.0	98.0	73.0	-1.0	73.0	-1.0	-1.0	114.0	
118.0	94.0	-1.0	140.0	-1.0	131.0	161.0	93.0	145.0	135.0	160.0	150.0	-1.0	53.0	151.0	142.0	-1.0	146.0	155.0	131.0	134.0	-1.0	128.0	120.0	150.0	145.0	136.0	-1.0	-1.0	121.0	143.0	110.0	128.0	81.0	152.0	141.0	-1.0	-1.0	161.0	-1.0	135.0	125.0	-1.0	-1.0	-1.0	-1.0	147.0	139.0	164.0	161.0	-1.0	129.0	-1.0	96.0	109.0	116.0	97.0	89.0	142.0	153.0	-1.0	157.0	130.0	141.0	161.0	111.0	106.0	133.0	160.0	107.0	126.0	157.0	130.0	162.0	166.0	118.0	146.0	154.0	162.0	-1.0	164.0	163.0	-1.0	104.0	129.0	-1.0	163.0	-1.0	-1.0	144.0	87.0	157.0	-1.0	98.0	73.0	-1.0	-1.0	-1.0	-1.0	114.0	

maxX :
164.0	164.0	164.0	

maxW :
166.0	166.0	166.0	

minX :
0.0	0.0	0.0	

minW :
53.0	53.0	53.0	

moyX :
57.71212121212121	61.859375	62.73972602739726	

moyW :
130.87878787878788	131.25	132.6027397260274	

medX :
56.0	61.5	63.0	

medW :
133.5	135.5	136.0	

ecartTypeX :
36.91586057736059	38.869118199534384	38.28838924021055	

ecartTypeW :
24.83796894999801	26.133072915369137	25.11984410453948	

varX :
1362.7807621671259	1510.808349609375	1466.0007506098707	

varW :
616.9247015610653	682.9375	631.006567836367	

covarX :
1383.7466200466201	1534.7894345238094	1486.361872146119	

covarW :
626.4158508158508	693.7777777777777	639.7705479452054	

coef_variationX :
0.6396552370978732	0.6283464422253601	0.610273452955321	

coef_variationW :
0.18977841522341615	0.19910912697424105	0.18943684087101054	

moy_distances_centre :	127.77777777777777
min_distances_centre :	11.0
max_distances_centre :	227.0
med_distances_centre :	131.0
ecartType_distances_centre :	47.88685223820783
var_distances_centre :	2293.1506172839504
covar_distances_centre :	2318.9163545568035
coef_variation_distances_centre :	0.3747666696903222
capacite_X_temoin : 
88.0	96.0	85.0	88.0	94.0	98.0	97.0	90.0	81.0	99.0	
95.0	89.0	98.0	93.0	97.0	76.0	88.0	90.0	99.0	98.0	
88.0	86.0	90.0	97.0	85.0	93.0	86.0	90.0	90.0	79.0	

capacite_W_temoin : 
103.4	119.8	103.5	105.4	119.2	123.4	106.1	116.0	101.3	126.7	
117.5	110.7	119.4	108.9	124.1	94.8	97.4	116.0	123.7	123.4	
106.4	103.8	107.0	117.1	106.5	118.9	90.8	116.0	110.0	99.7	

demande_cumulee_X : 
11.0	5.0	7.0	9.0	3.0	4.0	20.0	1.0	4.0	2.0	
6.0	5.0	8.0	12.0	2.0	4.0	17.0	1.0	5.0	4.0	
8.0	8.0	10.0	9.0	4.0	2.0	21.0	1.0	7.0	3.0	

demande_cumulee_W : 
32.0	11.0	17.0	3.0	1.0	0.0	2.0	0.0	0.0	0.0	
39.0	6.0	12.0	1.0	2.0	0.0	2.0	0.0	2.0	0.0	
42.0	9.0	14.0	2.0	2.0	0.0	2.0	0.0	2.0	0.0	

capacite_residuelle_X : 
77.0	91.0	78.0	79.0	91.0	94.0	77.0	89.0	77.0	97.0	
89.0	84.0	90.0	81.0	95.0	72.0	71.0	89.0	94.0	94.0	
80.0	78.0	80.0	88.0	81.0	91.0	65.0	89.0	83.0	76.0	

capacite_residuelle_W : 
71.4	108.8	86.5	102.4	118.2	123.4	104.1	116.0	101.3	126.7	
78.5	104.7	107.4	107.9	122.1	94.8	95.4	116.0	121.7	123.4	
64.4	94.8	93.0	115.1	104.5	118.9	88.8	116.0	108.0	99.7	

min_capacite_X : 
81.0	76.0	79.0	

min_capacite_W : 
101.3	94.8	90.8	

max_capacite_X : 
99.0	99.0	97.0	

max_capacite_W : 
126.7	124.1	118.9	

moy_capacite_X : 
91.6	92.3	88.4	

moy_capacite_W : 
112.47999999999999	113.59	107.62	

med_capacite_X : 
92.0	94.0	89.0	

med_capacite_W : 
111.05	116.75	106.75	

ecartType_capacite_X : 
5.782732917920384	6.634003316248794	4.6303347611160905	

ecartType_capacite_W : 
9.008307277174774	10.046337641150629	8.101580092796715	

var_capacite_X : 
33.440000000000005	44.01	21.440000000000005	

var_capacite_W : 
81.1496	100.9289	65.63560000000001	

covar_capacite_X : 
37.15555555555556	48.899999999999984	23.822222222222226	

covar_capacite_W : 
90.16622222222223	112.14322222222222	72.92844444444445	

##########	##########	##########	##########	##########	##########	##########	##########	##########	##########	##########	##########	##########	##########	##########	##########	##########	##########	##########	##########	##########	##########	##########	##########	##########	##########	##########	##########	##########	##########	##########	##########	##########	##########	##########	##########	##########	##########	##########	##########	##########	##########	##########	##########	##########	##########	##########	##########	##########	##########	##########	##########	##########	##########	##########	##########	##########	##########	##########	##########	##########	##########	##########	##########	##########	##########	##########	##########	##########	##########	##########	##########	##########	##########	##########	##########	##########	##########	##########	##########	##########	##########	##########	##########	##########	##########	##########	##########	##########	##########	##########	##########	##########	##########	##########	##########	##########	##########	##########	##########	nombre de noeuds : 100
nombre de strates : 3
nombre de centres : 10
titre : fenetre
instances : pmed2_1
temps de calcul : 0.05998110771179199
valeur objective : 990.0
nombre de solutions : 2
nombre de noeuds : 0.0
faisability : True
centre : [96, 33, 19, 86, 13, 5, 95, 93, 44, 51]
moy_distances :	138.9
min_distances :	1.0
max_distances :	316.0
var_distances :	2680.228723966942
covar_distances :	2680.4994814903257
ecartType_distances :	51.77092546948472
coef_variation	: 0.3727078358616964
distances_centre_x :
-1.0	42.0	86.0	-1.0	22.0	0.0	86.0	-1.0	134.0	95.0	-1.0	-1.0	50.0	0.0	-1.0	-1.0	-1.0	69.0	-1.0	0.0	3.0	80.0	35.0	-1.0	36.0	14.0	5.0	76.0	-1.0	78.0	-1.0	-1.0	41.0	-1.0	-1.0	35.0	33.0	56.0	62.0	26.0	25.0	77.0	-1.0	-1.0	0.0	61.0	102.0	-1.0	97.0	52.0	27.0	0.0	-1.0	85.0	36.0	74.0	50.0	-1.0	-1.0	-1.0	99.0	133.0	-1.0	59.0	80.0	-1.0	63.0	80.0	109.0	-1.0	-1.0	56.0	35.0	-1.0	164.0	116.0	97.0	56.0	67.0	123.0	-1.0	-1.0	40.0	-1.0	54.0	83.0	-1.0	6.0	45.0	46.0	44.0	27.0	5.0	-1.0	11.0	0.0	-1.0	32.0	91.0	-1.0	
66.0	-1.0	-1.0	-1.0	-1.0	0.0	86.0	82.0	134.0	95.0	93.0	-1.0	-1.0	0.0	-1.0	-1.0	60.0	69.0	49.0	0.0	3.0	-1.0	35.0	43.0	36.0	-1.0	5.0	76.0	87.0	78.0	119.0	48.0	41.0	-1.0	-1.0	-1.0	33.0	-1.0	62.0	26.0	25.0	-1.0	68.0	43.0	-1.0	-1.0	102.0	83.0	-1.0	52.0	27.0	0.0	27.0	-1.0	36.0	-1.0	50.0	42.0	133.0	-1.0	-1.0	133.0	106.0	59.0	-1.0	-1.0	63.0	-1.0	109.0	60.0	-1.0	56.0	35.0	129.0	164.0	-1.0	97.0	56.0	67.0	123.0	108.0	107.0	-1.0	-1.0	54.0	-1.0	-1.0	6.0	45.0	46.0	-1.0	-1.0	5.0	0.0	11.0	-1.0	0.0	-1.0	-1.0	98.0	
66.0	42.0	-1.0	68.0	-1.0	0.0	86.0	82.0	134.0	95.0	93.0	83.0	-1.0	0.0	98.0	21.0	-1.0	69.0	49.0	0.0	3.0	-1.0	35.0	43.0	36.0	14.0	5.0	-1.0	-1.0	78.0	119.0	48.0	41.0	0.0	46.0	35.0	-1.0	-1.0	62.0	-1.0	25.0	77.0	-1.0	-1.0	-1.0	-1.0	102.0	83.0	97.0	52.0	-1.0	0.0	-1.0	85.0	36.0	74.0	50.0	42.0	133.0	123.0	-1.0	133.0	106.0	59.0	80.0	68.0	63.0	80.0	109.0	60.0	44.0	56.0	35.0	129.0	164.0	116.0	97.0	56.0	67.0	-1.0	108.0	107.0	-1.0	42.0	54.0	-1.0	0.0	-1.0	-1.0	46.0	44.0	27.0	-1.0	0.0	11.0	-1.0	-1.0	-1.0	-1.0	98.0	

distances_centre_w :
-1.0	94.0	153.0	-1.0	133.0	131.0	142.0	-1.0	145.0	135.0	-1.0	-1.0	103.0	53.0	-1.0	-1.0	-1.0	146.0	-1.0	131.0	134.0	129.0	128.0	-1.0	150.0	145.0	136.0	137.0	-1.0	121.0	-1.0	-1.0	128.0	-1.0	-1.0	141.0	130.0	124.0	161.0	136.0	135.0	83.0	-1.0	-1.0	112.0	75.0	147.0	-1.0	164.0	161.0	102.0	129.0	-1.0	96.0	109.0	116.0	97.0	-1.0	-1.0	-1.0	158.0	157.0	-1.0	141.0	161.0	-1.0	106.0	133.0	160.0	-1.0	-1.0	157.0	130.0	-1.0	166.0	118.0	146.0	154.0	162.0	156.0	-1.0	-1.0	96.0	-1.0	129.0	122.0	-1.0	112.0	145.0	144.0	87.0	157.0	126.0	-1.0	73.0	62.0	-1.0	127.0	107.0	-1.0	
118.0	-1.0	-1.0	-1.0	-1.0	131.0	142.0	93.0	145.0	135.0	160.0	-1.0	-1.0	53.0	-1.0	-1.0	141.0	146.0	155.0	131.0	134.0	-1.0	128.0	120.0	150.0	-1.0	136.0	137.0	160.0	121.0	143.0	110.0	128.0	-1.0	-1.0	-1.0	130.0	-1.0	161.0	136.0	135.0	-1.0	94.0	69.0	-1.0	-1.0	147.0	139.0	-1.0	161.0	102.0	129.0	149.0	-1.0	109.0	-1.0	97.0	89.0	142.0	-1.0	-1.0	157.0	130.0	141.0	-1.0	-1.0	106.0	-1.0	160.0	107.0	-1.0	157.0	130.0	157.0	166.0	-1.0	146.0	154.0	162.0	156.0	164.0	163.0	-1.0	-1.0	129.0	-1.0	-1.0	112.0	145.0	144.0	-1.0	-1.0	126.0	98.0	73.0	-1.0	73.0	-1.0	-1.0	114.0	
118.0	94.0	-1.0	140.0	-1.0	131.0	142.0	93.0	145.0	135.0	160.0	150.0	-1.0	53.0	151.0	142.0	-1.0	146.0	155.0	131.0	134.0	-1.0	128.0	120.0	150.0	145.0	136.0	-1.0	-1.0	121.0	143.0	110.0	128.0	122.0	152.0	141.0	-1.0	-1.0	161.0	-1.0	135.0	83.0	-1.0	-1.0	-1.0	-1.0	147.0	139.0	164.0	161.0	-1.0	129.0	-1.0	96.0	109.0	116.0	97.0	89.0	142.0	153.0	-1.0	157.0	130.0	141.0	161.0	111.0	106.0	133.0	160.0	107.0	126.0	157.0	130.0	157.0	166.0	118.0	146.0	154.0	162.0	-1.0	164.0	163.0	-1.0	104.0	129.0	-1.0	163.0	-1.0	-1.0	144.0	87.0	157.0	-1.0	98.0	73.0	-1.0	-1.0	-1.0	-1.0	114.0	

maxX :
164.0	164.0	164.0	

maxW :
166.0	166.0	166.0	

minX :
0.0	0.0	0.0	

minW :
53.0	53.0	53.0	

moyX :
55.621212121212125	60.171875	62.863013698630134	

moyW :
128.54545454545453	130.875	132.26027397260273	

medX :
53.0	56.0	60.0	

medW :
132.0	135.5	136.0	

ecartTypeX :
37.73342106405711	40.390498065564564	39.006256986133714	

ecartTypeW :
25.93183478075585	25.813937611298282	24.806112479856555	

varX :
1423.811065197429	1631.392333984375	1521.4880840683054	

varW :
672.4600550964187	666.359375	615.3432163632951	

covarX :
1445.715850815851	1657.2874503968253	1542.6198630136987	

covarW :
682.8055944055944	676.936507936508	623.8896499238964	

coef_variationX :
0.6783998338947886	0.6712521101522025	0.620496134231371	

coef_variationW :
0.20173280239626193	0.19724116608441858	0.18755527820088333	

moy_distances_centre :	129.22222222222223
min_distances_centre :	11.0
max_distances_centre :	227.0
med_distances_centre :	129.0
ecartType_distances_centre :	44.53008415736185
var_distances_centre :	1982.9283950617285
covar_distances_centre :	2005.208489388265
coef_variation_distances_centre :	0.34460082322979935
capacite_X_temoin : 
88.0	96.0	85.0	94.0	98.0	86.0	97.0	90.0	81.0	99.0	
95.0	89.0	98.0	97.0	76.0	84.0	88.0	90.0	99.0	98.0	
88.0	86.0	90.0	85.0	93.0	97.0	86.0	90.0	90.0	79.0	

capacite_W_temoin : 
104.4	119.8	103.5	119.2	123.4	102.8	106.1	116.0	101.3	125.7	
117.5	110.7	119.4	124.1	94.8	100.2	97.4	116.0	121.7	122.4	
107.4	103.8	107.0	106.5	118.9	119.1	90.8	116.0	108.0	98.7	

demande_cumulee_X : 
10.0	5.0	7.0	3.0	4.0	9.0	20.0	1.0	4.0	3.0	
6.0	5.0	8.0	2.0	4.0	9.0	17.0	1.0	7.0	5.0	
7.0	8.0	10.0	4.0	2.0	7.0	21.0	1.0	9.0	4.0	

demande_cumulee_W : 
33.0	11.0	16.0	1.0	0.0	2.0	2.0	1.0	0.0	0.0	
39.0	6.0	12.0	2.0	0.0	2.0	2.0	0.0	1.0	0.0	
43.0	9.0	13.0	2.0	0.0	3.0	2.0	0.0	1.0	0.0	

capacite_residuelle_X : 
78.0	91.0	78.0	91.0	94.0	77.0	77.0	89.0	77.0	96.0	
89.0	84.0	90.0	95.0	72.0	75.0	71.0	89.0	92.0	93.0	
81.0	78.0	80.0	81.0	91.0	90.0	65.0	89.0	81.0	75.0	

capacite_residuelle_W : 
71.4	108.8	87.5	118.2	123.4	100.8	104.1	115.0	101.3	125.7	
78.5	104.7	107.4	122.1	94.8	98.2	95.4	116.0	120.7	122.4	
64.4	94.8	94.0	104.5	118.9	116.1	88.8	116.0	107.0	98.7	

min_capacite_X : 
81.0	76.0	79.0	

min_capacite_W : 
101.3	94.8	90.8	

max_capacite_X : 
99.0	99.0	97.0	

max_capacite_W : 
125.7	124.1	119.1	

moy_capacite_X : 
91.4	91.4	88.4	

moy_capacite_W : 
112.21999999999998	112.42	107.62	

med_capacite_X : 
92.0	92.5	89.0	

med_capacite_W : 
111.05	116.75	107.2	

ecartType_capacite_X : 
5.936328831862332	7.073895673530958	4.6303347611160905	

ecartType_capacite_W : 
8.998866595299656	10.47776693766377	8.415200532369981	

var_capacite_X : 
35.24	50.040000000000006	21.440000000000005	

var_capacite_W : 
80.97960000000003	109.7836	70.81560000000002	

covar_capacite_X : 
39.15555555555556	55.60000000000001	23.822222222222226	

covar_capacite_W : 
89.97733333333338	121.98177777777778	78.68400000000001	

##########	##########	##########	##########	##########	##########	##########	##########	##########	##########	##########	##########	##########	##########	##########	##########	##########	##########	##########	##########	##########	##########	##########	##########	##########	##########	##########	##########	##########	##########	##########	##########	##########	##########	##########	##########	##########	##########	##########	##########	##########	##########	##########	##########	##########	##########	##########	##########	##########	##########	##########	##########	##########	##########	##########	##########	##########	##########	##########	##########	##########	##########	##########	##########	##########	##########	##########	##########	##########	##########	##########	##########	##########	##########	##########	##########	##########	##########	##########	##########	##########	##########	##########	##########	##########	##########	##########	##########	##########	##########	##########	##########	##########	##########	##########	##########	##########	##########	##########	##########	nombre de noeuds : 100
nombre de strates : 3
nombre de centres : 10
titre : fenetre
instances : pmed2_1
temps de calcul : 0.06456589698791504
valeur objective : 990.0
nombre de solutions : 4
nombre de noeuds : 1.0
faisability : True
centre : [33, 19, 86, 13, 5, 95, 93, 44, 51, 41]
moy_distances :	138.9
min_distances :	1.0
max_distances :	316.0
var_distances :	2680.228723966942
covar_distances :	2680.4994814903257
ecartType_distances :	51.77092546948472
coef_variation	: 0.3727078358616964
distances_centre_x :
-1.0	42.0	86.0	-1.0	22.0	0.0	86.0	-1.0	143.0	95.0	-1.0	-1.0	50.0	0.0	-1.0	-1.0	-1.0	69.0	-1.0	0.0	3.0	80.0	35.0	-1.0	36.0	14.0	5.0	76.0	-1.0	78.0	-1.0	-1.0	41.0	-1.0	-1.0	35.0	33.0	56.0	62.0	26.0	25.0	0.0	-1.0	-1.0	0.0	61.0	102.0	-1.0	97.0	52.0	27.0	0.0	-1.0	96.0	47.0	74.0	50.0	-1.0	-1.0	-1.0	99.0	133.0	-1.0	59.0	80.0	-1.0	63.0	80.0	109.0	-1.0	-1.0	56.0	35.0	-1.0	164.0	116.0	97.0	56.0	67.0	123.0	-1.0	-1.0	40.0	-1.0	54.0	83.0	-1.0	6.0	45.0	46.0	44.0	27.0	5.0	-1.0	11.0	0.0	-1.0	32.0	91.0	-1.0	
66.0	-1.0	-1.0	-1.0	-1.0	0.0	86.0	93.0	143.0	95.0	93.0	-1.0	-1.0	0.0	-1.0	-1.0	60.0	69.0	49.0	0.0	3.0	-1.0	35.0	43.0	36.0	-1.0	5.0	76.0	98.0	78.0	119.0	48.0	41.0	-1.0	-1.0	-1.0	33.0	-1.0	62.0	26.0	25.0	-1.0	68.0	43.0	-1.0	-1.0	102.0	83.0	-1.0	52.0	27.0	0.0	27.0	-1.0	47.0	-1.0	50.0	42.0	133.0	-1.0	-1.0	133.0	106.0	59.0	-1.0	-1.0	63.0	-1.0	109.0	60.0	-1.0	56.0	35.0	129.0	164.0	-1.0	97.0	56.0	67.0	123.0	108.0	107.0	-1.0	-1.0	54.0	-1.0	-1.0	6.0	45.0	46.0	-1.0	-1.0	5.0	0.0	11.0	-1.0	11.0	-1.0	-1.0	98.0	
66.0	42.0	-1.0	15.0	-1.0	0.0	86.0	93.0	143.0	95.0	93.0	83.0	-1.0	0.0	98.0	21.0	-1.0	69.0	49.0	0.0	3.0	-1.0	35.0	43.0	36.0	14.0	5.0	-1.0	-1.0	78.0	119.0	48.0	41.0	0.0	46.0	35.0	-1.0	-1.0	62.0	-1.0	25.0	0.0	-1.0	-1.0	-1.0	-1.0	102.0	83.0	97.0	52.0	-1.0	0.0	-1.0	96.0	47.0	74.0	50.0	42.0	133.0	123.0	-1.0	133.0	106.0	59.0	80.0	68.0	63.0	80.0	109.0	60.0	44.0	56.0	35.0	129.0	164.0	116.0	97.0	56.0	67.0	-1.0	108.0	107.0	-1.0	42.0	54.0	-1.0	0.0	-1.0	-1.0	46.0	44.0	27.0	-1.0	0.0	11.0	-1.0	-1.0	-1.0	-1.0	98.0	

distances_centre_w :
-1.0	94.0	153.0	-1.0	133.0	131.0	142.0	-1.0	145.0	135.0	-1.0	-1.0	103.0	53.0	-1.0	-1.0	-1.0	146.0	-1.0	131.0	134.0	129.0	128.0	-1.0	150.0	145.0	136.0	137.0	-1.0	121.0	-1.0	-1.0	128.0	-1.0	-1.0	141.0	130.0	151.0	161.0	136.0	135.0	83.0	-1.0	-1.0	112.0	75.0	147.0	-1.0	164.0	161.0	102.0	129.0	-1.0	103.0	109.0	116.0	97.0	-1.0	-1.0	-1.0	158.0	157.0	-1.0	141.0	161.0	-1.0	106.0	133.0	160.0	-1.0	-1.0	157.0	130.0	-1.0	166.0	118.0	146.0	154.0	162.0	156.0	-1.0	-1.0	96.0	-1.0	129.0	122.0	-1.0	112.0	145.0	144.0	87.0	157.0	126.0	-1.0	73.0	62.0	-1.0	127.0	107.0	-1.0	
118.0	-1.0	-1.0	-1.0	-1.0	131.0	142.0	126.0	145.0	135.0	160.0	-1.0	-1.0	53.0	-1.0	-1.0	141.0	146.0	155.0	131.0	134.0	-1.0	128.0	120.0	150.0	-1.0	136.0	137.0	160.0	121.0	143.0	110.0	128.0	-1.0	-1.0	-1.0	130.0	-1.0	161.0	136.0	135.0	-1.0	94.0	69.0	-1.0	-1.0	147.0	139.0	-1.0	161.0	102.0	129.0	149.0	-1.0	109.0	-1.0	97.0	89.0	142.0	-1.0	-1.0	157.0	130.0	141.0	-1.0	-1.0	106.0	-1.0	160.0	107.0	-1.0	157.0	130.0	157.0	166.0	-1.0	146.0	154.0	162.0	156.0	164.0	163.0	-1.0	-1.0	129.0	-1.0	-1.0	112.0	145.0	144.0	-1.0	-1.0	126.0	98.0	73.0	-1.0	73.0	-1.0	-1.0	114.0	
118.0	94.0	-1.0	68.0	-1.0	131.0	142.0	93.0	145.0	135.0	160.0	150.0	-1.0	53.0	151.0	142.0	-1.0	146.0	155.0	131.0	134.0	-1.0	128.0	120.0	150.0	145.0	136.0	-1.0	-1.0	121.0	143.0	110.0	128.0	122.0	152.0	141.0	-1.0	-1.0	161.0	-1.0	135.0	83.0	-1.0	-1.0	-1.0	-1.0	147.0	139.0	164.0	161.0	-1.0	129.0	-1.0	96.0	109.0	116.0	97.0	89.0	142.0	153.0	-1.0	157.0	130.0	141.0	161.0	111.0	106.0	133.0	160.0	107.0	126.0	157.0	130.0	157.0	166.0	118.0	146.0	154.0	162.0	-1.0	164.0	163.0	-1.0	104.0	129.0	-1.0	163.0	-1.0	-1.0	144.0	87.0	157.0	-1.0	98.0	73.0	-1.0	-1.0	-1.0	-1.0	114.0	

maxX :
164.0	164.0	164.0	

maxW :
166.0	166.0	166.0	

minX :
0.0	0.0	0.0	

minW :
53.0	53.0	53.0	

moyX :
54.92424242424242	61.0	61.657534246575345	

moyW :
129.06060606060606	131.390625	131.27397260273972	

medX :
51.0	56.0	56.0	

medW :
133.0	135.5	135.0	

ecartTypeX :
38.63673499524443	40.59595115279355	40.378422007095246	

ecartTypeW :
25.94918039686522	25.378150781910314	25.88661275321408	

varX :
1492.7972910927456	1648.03125	1630.4169637830735	

varW :
673.3599632690542	644.050537109375	670.1167198348659	

covarX :
1515.7634032634035	1674.1904761904761	1653.061643835616	

covarW :
683.7193473193473	654.2735615079365	679.4238964992389	

coef_variationX :
0.7034550371547952	0.6655073959474354	0.6548822054027889	

coef_variationW :
0.2010619753689956	0.19315039244170057	0.19719531785292999	

moy_distances_centre :	137.24444444444444
min_distances_centre :	36.0
max_distances_centre :	227.0
med_distances_centre :	136.0
ecartType_distances_centre :	40.90485195646412
var_distances_centre :	1673.2069135802465
covar_distances_centre :	1692.006991260924
coef_variation_distances_centre :	0.2980437723511796
capacite_X_temoin : 
88.0	96.0	85.0	94.0	83.0	98.0	86.0	97.0	90.0	81.0	
95.0	89.0	98.0	97.0	98.0	76.0	84.0	88.0	90.0	99.0	
88.0	86.0	90.0	85.0	85.0	93.0	97.0	86.0	90.0	90.0	

capacite_W_temoin : 
104.4	119.8	103.5	119.2	106.9	123.4	102.8	106.1	116.0	99.3	
117.5	110.7	119.4	124.1	127.4	94.8	99.2	97.4	116.0	117.7	
107.4	103.8	107.0	106.5	108.5	118.9	119.1	90.8	116.0	106.0	

demande_cumulee_X : 
10.0	5.0	7.0	3.0	1.0	4.0	9.0	20.0	1.0	6.0	
6.0	5.0	8.0	2.0	0.0	4.0	10.0	17.0	1.0	11.0	
7.0	8.0	10.0	4.0	2.0	2.0	7.0	21.0	1.0	11.0	

demande_cumulee_W : 
32.0	11.0	16.0	1.0	1.0	0.0	2.0	2.0	1.0	0.0	
38.0	6.0	12.0	2.0	0.0	0.0	2.0	3.0	0.0	1.0	
43.0	9.0	12.0	2.0	0.0	0.0	3.0	2.0	0.0	2.0	

capacite_residuelle_X : 
78.0	91.0	78.0	91.0	82.0	94.0	77.0	77.0	89.0	75.0	
89.0	84.0	90.0	95.0	98.0	72.0	74.0	71.0	89.0	88.0	
81.0	78.0	80.0	81.0	83.0	91.0	90.0	65.0	89.0	79.0	

capacite_residuelle_W : 
72.4	108.8	87.5	118.2	105.9	123.4	100.8	104.1	115.0	99.3	
79.5	104.7	107.4	122.1	127.4	94.8	97.2	94.4	116.0	116.7	
64.4	94.8	95.0	104.5	108.5	118.9	116.1	88.8	116.0	104.0	

min_capacite_X : 
81.0	76.0	85.0	

min_capacite_W : 
99.3	94.8	90.8	

max_capacite_X : 
98.0	99.0	97.0	

max_capacite_W : 
123.4	127.4	119.1	

moy_capacite_X : 
89.8	91.4	89.0	

moy_capacite_W : 
110.13999999999999	112.42	108.4	

med_capacite_X : 
89.0	92.5	89.0	

med_capacite_W : 
106.5	116.75	107.2	

ecartType_capacite_X : 
5.8275209137333865	7.073895673530958	3.6606010435446255	

ecartType_capacite_W : 
8.128985176514965	10.907960395967708	7.910499352126894	

var_capacite_X : 
33.96	50.040000000000006	13.4	

var_capacite_W : 
66.08040000000003	118.9836	62.576	

covar_capacite_X : 
37.733333333333334	55.6	14.888888888888888	

covar_capacite_W : 
73.42266666666669	132.204	69.52888888888889	

##########	##########	##########	##########	##########	##########	##########	##########	##########	##########	##########	##########	##########	##########	##########	##########	##########	##########	##########	##########	##########	##########	##########	##########	##########	##########	##########	##########	##########	##########	##########	##########	##########	##########	##########	##########	##########	##########	##########	##########	##########	##########	##########	##########	##########	##########	##########	##########	##########	##########	##########	##########	##########	##########	##########	##########	##########	##########	##########	##########	##########	##########	##########	##########	##########	##########	##########	##########	##########	##########	##########	##########	##########	##########	##########	##########	##########	##########	##########	##########	##########	##########	##########	##########	##########	##########	##########	##########	##########	##########	##########	##########	##########	##########	##########	##########	##########	##########	##########	##########	nombre de noeuds : 100
nombre de strates : 3
nombre de centres : 10
titre : fenetre
instances : pmed2_1
temps de calcul : 0.059552907943725586
valeur objective : 990.0
nombre de solutions : 2
nombre de noeuds : 0.0
faisability : True
centre : [19, 86, 13, 5, 95, 93, 44, 51, 41, 54]
moy_distances :	138.9
min_distances :	1.0
max_distances :	316.0
var_distances :	2680.228723966942
covar_distances :	2680.4994814903257
ecartType_distances :	51.77092546948472
coef_variation	: 0.3727078358616964
distances_centre_x :
-1.0	42.0	86.0	-1.0	22.0	0.0	53.0	-1.0	98.0	95.0	-1.0	-1.0	50.0	0.0	-1.0	-1.0	-1.0	69.0	-1.0	0.0	3.0	80.0	35.0	-1.0	36.0	14.0	5.0	76.0	-1.0	121.0	-1.0	-1.0	41.0	-1.0	-1.0	35.0	33.0	118.0	62.0	26.0	25.0	0.0	-1.0	-1.0	0.0	61.0	102.0	-1.0	97.0	52.0	27.0	0.0	-1.0	49.0	0.0	71.0	50.0	-1.0	-1.0	-1.0	99.0	133.0	-1.0	59.0	80.0	-1.0	106.0	80.0	109.0	-1.0	-1.0	56.0	35.0	-1.0	164.0	116.0	97.0	56.0	67.0	123.0	-1.0	-1.0	40.0	-1.0	54.0	83.0	-1.0	6.0	45.0	46.0	44.0	27.0	5.0	-1.0	11.0	0.0	-1.0	32.0	60.0	-1.0	
66.0	-1.0	-1.0	-1.0	-1.0	0.0	53.0	46.0	98.0	95.0	93.0	-1.0	-1.0	0.0	-1.0	-1.0	60.0	69.0	49.0	0.0	3.0	-1.0	35.0	43.0	36.0	-1.0	5.0	76.0	98.0	121.0	119.0	48.0	41.0	-1.0	-1.0	-1.0	33.0	-1.0	62.0	26.0	25.0	-1.0	68.0	43.0	-1.0	-1.0	102.0	83.0	-1.0	52.0	27.0	0.0	27.0	-1.0	0.0	-1.0	50.0	42.0	133.0	-1.0	-1.0	133.0	106.0	59.0	-1.0	-1.0	106.0	-1.0	109.0	60.0	-1.0	56.0	35.0	129.0	164.0	-1.0	97.0	56.0	67.0	123.0	108.0	107.0	-1.0	-1.0	54.0	-1.0	-1.0	6.0	45.0	46.0	-1.0	-1.0	5.0	0.0	11.0	-1.0	11.0	-1.0	-1.0	67.0	
66.0	42.0	-1.0	15.0	-1.0	0.0	53.0	46.0	98.0	95.0	93.0	83.0	-1.0	0.0	98.0	21.0	-1.0	69.0	49.0	0.0	3.0	-1.0	35.0	43.0	36.0	14.0	5.0	-1.0	-1.0	121.0	119.0	48.0	41.0	113.0	46.0	35.0	-1.0	-1.0	62.0	-1.0	25.0	0.0	-1.0	-1.0	-1.0	-1.0	102.0	83.0	97.0	52.0	-1.0	0.0	-1.0	49.0	0.0	71.0	50.0	42.0	133.0	123.0	-1.0	133.0	106.0	59.0	80.0	111.0	106.0	80.0	109.0	60.0	44.0	56.0	35.0	129.0	164.0	116.0	97.0	56.0	67.0	-1.0	108.0	107.0	-1.0	42.0	54.0	-1.0	0.0	-1.0	-1.0	46.0	44.0	27.0	-1.0	0.0	11.0	-1.0	-1.0	-1.0	-1.0	67.0	

distances_centre_w :
-1.0	94.0	153.0	-1.0	133.0	131.0	86.0	-1.0	145.0	146.0	-1.0	-1.0	103.0	53.0	-1.0	-1.0	-1.0	146.0	-1.0	131.0	134.0	129.0	128.0	-1.0	150.0	145.0	136.0	137.0	-1.0	138.0	-1.0	-1.0	128.0	-1.0	-1.0	141.0	130.0	151.0	161.0	136.0	135.0	83.0	-1.0	-1.0	112.0	158.0	147.0	-1.0	164.0	161.0	102.0	129.0	-1.0	96.0	109.0	116.0	97.0	-1.0	-1.0	-1.0	158.0	157.0	-1.0	141.0	161.0	-1.0	123.0	133.0	160.0	-1.0	-1.0	157.0	130.0	-1.0	166.0	118.0	146.0	154.0	162.0	156.0	-1.0	-1.0	96.0	-1.0	129.0	122.0	-1.0	112.0	145.0	144.0	87.0	157.0	126.0	-1.0	73.0	62.0	-1.0	127.0	107.0	-1.0	
118.0	-1.0	-1.0	-1.0	-1.0	131.0	86.0	93.0	145.0	146.0	160.0	-1.0	-1.0	53.0	-1.0	-1.0	141.0	146.0	155.0	131.0	134.0	-1.0	128.0	120.0	150.0	-1.0	136.0	137.0	160.0	138.0	125.0	110.0	128.0	-1.0	-1.0	-1.0	130.0	-1.0	161.0	136.0	135.0	-1.0	94.0	69.0	-1.0	-1.0	147.0	139.0	-1.0	161.0	102.0	129.0	149.0	-1.0	109.0	-1.0	97.0	89.0	142.0	-1.0	-1.0	157.0	130.0	141.0	-1.0	-1.0	123.0	-1.0	160.0	107.0	-1.0	157.0	130.0	157.0	166.0	-1.0	146.0	154.0	162.0	156.0	164.0	163.0	-1.0	-1.0	129.0	-1.0	-1.0	112.0	145.0	144.0	-1.0	-1.0	126.0	98.0	73.0	-1.0	73.0	-1.0	-1.0	114.0	
118.0	94.0	-1.0	68.0	-1.0	131.0	86.0	93.0	145.0	146.0	160.0	150.0	-1.0	53.0	151.0	142.0	-1.0	146.0	155.0	131.0	134.0	-1.0	128.0	120.0	150.0	145.0	136.0	-1.0	-1.0	138.0	125.0	110.0	128.0	122.0	152.0	141.0	-1.0	-1.0	161.0	-1.0	135.0	83.0	-1.0	-1.0	-1.0	-1.0	147.0	139.0	164.0	161.0	-1.0	129.0	-1.0	96.0	109.0	116.0	97.0	89.0	142.0	153.0	-1.0	157.0	130.0	141.0	161.0	128.0	123.0	133.0	160.0	107.0	126.0	157.0	130.0	157.0	166.0	118.0	146.0	154.0	162.0	-1.0	164.0	163.0	-1.0	104.0	129.0	-1.0	163.0	-1.0	-1.0	144.0	87.0	157.0	-1.0	98.0	73.0	-1.0	-1.0	-1.0	-1.0	114.0	

maxX :
164.0	164.0	164.0	

maxW :
166.0	166.0	166.0	

minX :
0.0	0.0	0.0	

minW :
53.0	53.0	53.0	

moyX :
54.04545454545455	59.171875	61.50684931506849	

moyW :
130.04545454545453	130.421875	131.1095890410959	

medX :
50.0	53.5	54.0	

medW :
133.5	135.5	135.0	

ecartTypeX :
39.29007578379582	40.7103160634301	40.56556447998763	

ecartTypeW :
25.868216029540267	26.226063305124065	26.151592656303933	

varX :
1543.7100550964187	1657.329833984375	1645.565021580034	

varW :
669.1646005509641	687.806396484375	683.9057984612498	

covarX :
1567.4594405594405	1683.6366567460316	1668.420091324201	

covarW :
679.4594405594405	698.7239583333333	693.4044901065449	

coef_variationX :
0.7269820582367603	0.6880011164667352	0.6595292220577054	

coef_variationW :
0.19891672584756587	0.2010863845127519	0.19946361549578803	

moy_distances_centre :	127.91111111111111
min_distances_centre :	36.0
max_distances_centre :	227.0
med_distances_centre :	129.0
ecartType_distances_centre :	39.813354667454774
var_distances_centre :	1585.103209876543
covar_distances_centre :	1602.913358302122
coef_variation_distances_centre :	0.31125798471776667
capacite_X_temoin : 
88.0	96.0	85.0	83.0	98.0	86.0	82.0	97.0	90.0	81.0	
95.0	89.0	98.0	98.0	76.0	84.0	89.0	88.0	90.0	99.0	
88.0	86.0	90.0	85.0	93.0	97.0	95.0	86.0	90.0	90.0	

capacite_W_temoin : 
105.4	118.8	104.5	106.9	123.4	103.8	100.6	105.1	116.0	101.3	
118.5	109.7	119.4	127.4	94.8	100.2	110.7	97.4	116.0	119.7	
109.4	101.8	108.0	108.5	118.9	120.1	116.5	89.8	116.0	108.0	

demande_cumulee_X : 
9.0	6.0	6.0	1.0	4.0	8.0	6.0	21.0	1.0	4.0	
5.0	6.0	8.0	0.0	4.0	9.0	5.0	17.0	1.0	9.0	
5.0	10.0	9.0	2.0	2.0	6.0	7.0	22.0	1.0	9.0	

demande_cumulee_W : 
34.0	9.0	18.0	1.0	0.0	0.0	2.0	2.0	0.0	0.0	
40.0	4.0	14.0	0.0	0.0	2.0	1.0	2.0	0.0	1.0	
45.0	6.0	15.0	0.0	0.0	3.0	1.0	2.0	0.0	1.0	

capacite_residuelle_X : 
79.0	90.0	79.0	82.0	94.0	78.0	76.0	76.0	89.0	77.0	
90.0	83.0	90.0	98.0	72.0	75.0	84.0	71.0	89.0	90.0	
83.0	76.0	81.0	83.0	91.0	91.0	88.0	64.0	89.0	81.0	

capacite_residuelle_W : 
71.4	109.8	86.5	105.9	123.4	103.8	98.6	103.1	116.0	101.3	
78.5	105.7	105.4	127.4	94.8	98.2	109.7	95.4	116.0	118.7	
64.4	95.8	93.0	108.5	118.9	117.1	115.5	87.8	116.0	107.0	

min_capacite_X : 
81.0	76.0	85.0	

min_capacite_W : 
100.6	94.8	89.8	

max_capacite_X : 
98.0	99.0	97.0	

max_capacite_W : 
123.4	127.4	120.1	

moy_capacite_X : 
88.6	90.6	90.0	

moy_capacite_W : 
108.58	111.38	109.7	

med_capacite_X : 
87.0	89.5	90.0	

med_capacite_W : 
105.25	113.35	108.95	

ecartType_capacite_X : 
6.069596362197408	6.843975452907469	3.794733192202055	

ecartType_capacite_W : 
7.485693020689536	10.299689315702684	8.628209547756708	

var_capacite_X : 
36.84	46.84	14.4	

var_capacite_W : 
56.03560000000003	106.08360000000005	74.446	

covar_capacite_X : 
40.93333333333334	52.04444444444445	16.0	

covar_capacite_W : 
62.26177777777781	117.8706666666667	82.71777777777778	

##########	##########	##########	##########	##########	##########	##########	##########	##########	##########	##########	##########	##########	##########	##########	##########	##########	##########	##########	##########	##########	##########	##########	##########	##########	##########	##########	##########	##########	##########	##########	##########	##########	##########	##########	##########	##########	##########	##########	##########	##########	##########	##########	##########	##########	##########	##########	##########	##########	##########	##########	##########	##########	##########	##########	##########	##########	##########	##########	##########	##########	##########	##########	##########	##########	##########	##########	##########	##########	##########	##########	##########	##########	##########	##########	##########	##########	##########	##########	##########	##########	##########	##########	##########	##########	##########	##########	##########	##########	##########	##########	##########	##########	##########	##########	##########	##########	##########	##########	##########	nombre de noeuds : 100
nombre de strates : 3
nombre de centres : 10
titre : fenetre
instances : pmed2_1
temps de calcul : 0.059988975524902344
valeur objective : 1050.0
nombre de solutions : 2
nombre de noeuds : 0.0
faisability : True
centre : [86, 13, 5, 95, 93, 44, 51, 41, 54, 26]
moy_distances :	138.9
min_distances :	1.0
max_distances :	316.0
var_distances :	2680.228723966942
covar_distances :	2680.4994814903257
ecartType_distances :	51.77092546948472
coef_variation	: 0.3727078358616964
distances_centre_x :
-1.0	42.0	81.0	-1.0	22.0	0.0	53.0	-1.0	98.0	95.0	-1.0	-1.0	50.0	0.0	-1.0	-1.0	-1.0	69.0	-1.0	53.0	50.0	80.0	35.0	-1.0	31.0	9.0	0.0	71.0	-1.0	121.0	-1.0	-1.0	41.0	-1.0	-1.0	35.0	33.0	118.0	62.0	26.0	25.0	0.0	-1.0	-1.0	0.0	61.0	102.0	-1.0	97.0	52.0	27.0	0.0	-1.0	49.0	0.0	71.0	59.0	-1.0	-1.0	-1.0	99.0	133.0	-1.0	59.0	80.0	-1.0	106.0	80.0	109.0	-1.0	-1.0	56.0	63.0	-1.0	164.0	116.0	97.0	56.0	67.0	123.0	-1.0	-1.0	40.0	-1.0	54.0	83.0	-1.0	6.0	45.0	46.0	49.0	27.0	5.0	-1.0	11.0	0.0	-1.0	65.0	60.0	-1.0	
66.0	-1.0	-1.0	-1.0	-1.0	0.0	53.0	46.0	98.0	95.0	93.0	-1.0	-1.0	0.0	-1.0	-1.0	60.0	69.0	49.0	53.0	50.0	-1.0	35.0	43.0	31.0	-1.0	0.0	71.0	98.0	121.0	119.0	48.0	41.0	-1.0	-1.0	-1.0	33.0	-1.0	62.0	26.0	25.0	-1.0	68.0	43.0	-1.0	-1.0	102.0	83.0	-1.0	52.0	27.0	0.0	27.0	-1.0	0.0	-1.0	59.0	51.0	142.0	-1.0	-1.0	133.0	106.0	59.0	-1.0	-1.0	106.0	-1.0	109.0	63.0	-1.0	56.0	63.0	157.0	164.0	-1.0	97.0	56.0	67.0	123.0	108.0	107.0	-1.0	-1.0	54.0	-1.0	-1.0	6.0	45.0	46.0	-1.0	-1.0	5.0	0.0	11.0	-1.0	11.0	-1.0	-1.0	67.0	
66.0	42.0	-1.0	15.0	-1.0	0.0	53.0	46.0	98.0	95.0	93.0	83.0	-1.0	0.0	98.0	21.0	-1.0	69.0	49.0	53.0	50.0	-1.0	35.0	43.0	31.0	9.0	0.0	-1.0	-1.0	121.0	119.0	48.0	41.0	113.0	46.0	35.0	-1.0	-1.0	62.0	-1.0	25.0	0.0	-1.0	-1.0	-1.0	-1.0	102.0	83.0	97.0	52.0	-1.0	0.0	-1.0	49.0	0.0	71.0	59.0	51.0	142.0	123.0	-1.0	133.0	106.0	59.0	80.0	111.0	106.0	80.0	109.0	63.0	44.0	56.0	63.0	157.0	164.0	116.0	97.0	56.0	67.0	-1.0	108.0	107.0	-1.0	42.0	54.0	-1.0	0.0	-1.0	-1.0	46.0	49.0	27.0	-1.0	0.0	11.0	-1.0	-1.0	-1.0	-1.0	67.0	

distances_centre_w :
-1.0	94.0	86.0	-1.0	27.0	5.0	86.0	-1.0	145.0	146.0	-1.0	-1.0	145.0	151.0	-1.0	-1.0	-1.0	146.0	-1.0	131.0	134.0	129.0	128.0	-1.0	36.0	14.0	5.0	76.0	-1.0	152.0	-1.0	-1.0	128.0	-1.0	-1.0	141.0	130.0	151.0	161.0	136.0	135.0	83.0	-1.0	-1.0	112.0	158.0	147.0	-1.0	164.0	161.0	102.0	129.0	-1.0	96.0	109.0	116.0	97.0	-1.0	-1.0	-1.0	147.0	154.0	-1.0	141.0	161.0	-1.0	146.0	146.0	169.0	-1.0	-1.0	157.0	130.0	-1.0	186.0	158.0	146.0	163.0	162.0	156.0	-1.0	-1.0	96.0	-1.0	129.0	122.0	-1.0	164.0	145.0	144.0	87.0	157.0	10.0	-1.0	73.0	62.0	-1.0	127.0	107.0	-1.0	
118.0	-1.0	-1.0	-1.0	-1.0	5.0	86.0	93.0	145.0	146.0	160.0	-1.0	-1.0	151.0	-1.0	-1.0	146.0	146.0	155.0	131.0	134.0	-1.0	128.0	120.0	36.0	-1.0	5.0	76.0	160.0	152.0	125.0	110.0	128.0	-1.0	-1.0	-1.0	130.0	-1.0	161.0	136.0	135.0	-1.0	94.0	69.0	-1.0	-1.0	147.0	139.0	-1.0	161.0	102.0	129.0	149.0	-1.0	109.0	-1.0	97.0	89.0	172.0	-1.0	-1.0	154.0	127.0	141.0	-1.0	-1.0	146.0	-1.0	169.0	107.0	-1.0	157.0	130.0	162.0	186.0	-1.0	146.0	163.0	162.0	156.0	164.0	163.0	-1.0	-1.0	129.0	-1.0	-1.0	164.0	145.0	144.0	-1.0	-1.0	10.0	98.0	73.0	-1.0	73.0	-1.0	-1.0	114.0	
118.0	94.0	-1.0	68.0	-1.0	5.0	86.0	93.0	145.0	146.0	160.0	150.0	-1.0	151.0	117.0	142.0	-1.0	146.0	155.0	131.0	134.0	-1.0	128.0	120.0	36.0	14.0	5.0	-1.0	-1.0	152.0	125.0	110.0	128.0	122.0	152.0	141.0	-1.0	-1.0	161.0	-1.0	135.0	83.0	-1.0	-1.0	-1.0	-1.0	147.0	139.0	164.0	161.0	-1.0	129.0	-1.0	96.0	109.0	116.0	97.0	89.0	172.0	153.0	-1.0	154.0	127.0	141.0	161.0	151.0	146.0	146.0	169.0	107.0	126.0	157.0	130.0	162.0	186.0	158.0	146.0	163.0	162.0	-1.0	164.0	163.0	-1.0	104.0	129.0	-1.0	163.0	-1.0	-1.0	144.0	87.0	157.0	-1.0	98.0	73.0	-1.0	-1.0	-1.0	-1.0	114.0	

maxX :
164.0	164.0	164.0	

maxW :
186.0	186.0	186.0	

minX :
0.0	0.0	0.0	

minW :
5.0	5.0	5.0	

moyX :
56.31818181818182	61.84375	63.917808219178085	

moyW :
121.77272727272727	125.90625	127.57534246575342	

medX :
53.5	56.0	56.0	

medW :
134.5	135.5	139.0	

ecartTypeX :
38.13379916974517	40.503556460359135	40.33345714241602	

ecartTypeW :
42.73164871208333	39.66843784342282	37.63593364850998	

varX :
1454.1866391184572	1640.5380859375	1626.7877650591104	

varW :
1825.9938016528924	1573.5849609375	1416.463501595046	

covarX :
1476.5587412587417	1666.578373015873	1649.38203957382	

covarW :
1854.0860139860142	1598.5625	1436.136605783866	

coef_variationX :
0.6771134638695671	0.6549337072923155	0.631020653964074	

coef_variationW :
0.3509131286546597	0.31506329386684795	0.2950094659445108	

moy_distances_centre :	126.17777777777778
min_distances_centre :	5.0
max_distances_centre :	227.0
med_distances_centre :	129.0
ecartType_distances_centre :	44.10305551968978
var_distances_centre :	1945.0795061728393
covar_distances_centre :	1966.9343320848943
coef_variation_distances_centre :	0.3495310846047975
capacite_X_temoin : 
88.0	96.0	96.0	83.0	98.0	86.0	82.0	97.0	90.0	81.0	
95.0	89.0	75.0	98.0	76.0	84.0	89.0	88.0	90.0	99.0	
88.0	86.0	93.0	85.0	93.0	97.0	95.0	86.0	90.0	90.0	

capacite_W_temoin : 
110.4	116.8	119.8	106.9	123.4	102.8	100.6	105.1	116.0	98.3	
121.5	107.7	94.5	127.4	94.8	98.2	110.7	96.4	116.0	116.7	
112.4	99.8	117.9	108.5	118.9	118.1	116.5	88.8	116.0	104.0	

demande_cumulee_X : 
4.0	8.0	5.0	1.0	4.0	9.0	6.0	21.0	1.0	7.0	
2.0	8.0	3.0	0.0	4.0	11.0	5.0	18.0	1.0	12.0	
2.0	12.0	3.0	2.0	2.0	8.0	7.0	23.0	1.0	13.0	

demande_cumulee_W : 
39.0	8.0	5.0	1.0	1.0	3.0	5.0	2.0	0.0	2.0	
43.0	4.0	4.0	0.0	0.0	6.0	3.0	2.0	0.0	2.0	
48.0	6.0	2.0	0.0	1.0	6.0	4.0	4.0	0.0	2.0	

capacite_residuelle_X : 
84.0	88.0	91.0	82.0	94.0	77.0	76.0	76.0	89.0	74.0	
93.0	81.0	72.0	98.0	72.0	73.0	84.0	70.0	89.0	87.0	
86.0	74.0	90.0	83.0	91.0	89.0	88.0	63.0	89.0	77.0	

capacite_residuelle_W : 
71.4	108.8	114.8	105.9	122.4	99.8	95.6	103.1	116.0	96.3	
78.5	103.7	90.5	127.4	94.8	92.2	107.7	94.4	116.0	114.7	
64.4	93.8	115.9	108.5	117.9	112.1	112.5	84.8	116.0	102.0	

min_capacite_X : 
81.0	75.0	85.0	

min_capacite_W : 
98.3	94.5	88.8	

max_capacite_X : 
98.0	99.0	97.0	

max_capacite_W : 
123.4	127.4	118.9	

moy_capacite_X : 
89.7	88.3	90.3	

moy_capacite_W : 
110.00999999999999	108.39000000000001	110.09	

med_capacite_X : 
89.0	89.0	90.0	

med_capacite_W : 
108.65	109.2	114.2	

ecartType_capacite_X : 
6.3095166217389425	7.7723870207292185	3.9000000000000004	

ecartType_capacite_W : 
8.177462931741118	11.363313777239455	9.396217324008637	

var_capacite_X : 
39.809999999999995	60.41000000000001	15.210000000000003	

var_capacite_W : 
66.87090000000003	129.12490000000003	88.28890000000003	

covar_capacite_X : 
44.23333333333333	67.1222222222222	16.900000000000002	

covar_capacite_W : 
74.30100000000003	143.4721111111111	98.09877777777781	

##########	##########	##########	##########	##########	##########	##########	##########	##########	##########	##########	##########	##########	##########	##########	##########	##########	##########	##########	##########	##########	##########	##########	##########	##########	##########	##########	##########	##########	##########	##########	##########	##########	##########	##########	##########	##########	##########	##########	##########	##########	##########	##########	##########	##########	##########	##########	##########	##########	##########	##########	##########	##########	##########	##########	##########	##########	##########	##########	##########	##########	##########	##########	##########	##########	##########	##########	##########	##########	##########	##########	##########	##########	##########	##########	##########	##########	##########	##########	##########	##########	##########	##########	##########	##########	##########	##########	##########	##########	##########	##########	##########	##########	##########	##########	##########	##########	##########	##########	##########	nombre de noeuds : 100
nombre de strates : 3
nombre de centres : 10
titre : fenetre
instances : pmed2_1
temps de calcul : 0.06296682357788086
valeur objective : 1176.0
nombre de solutions : 2
nombre de noeuds : 0.0
faisability : True
centre : [13, 5, 95, 93, 44, 51, 41, 54, 26, 91]
moy_distances :	138.9
min_distances :	1.0
max_distances :	316.0
var_distances :	2680.228723966942
covar_distances :	2680.4994814903257
ecartType_distances :	51.77092546948472
coef_variation	: 0.3727078358616964
distances_centre_x :
-1.0	42.0	81.0	-1.0	22.0	0.0	53.0	-1.0	98.0	95.0	-1.0	-1.0	50.0	0.0	-1.0	-1.0	-1.0	91.0	-1.0	53.0	50.0	102.0	57.0	-1.0	31.0	9.0	0.0	71.0	-1.0	121.0	-1.0	-1.0	41.0	-1.0	-1.0	80.0	59.0	124.0	62.0	26.0	25.0	0.0	-1.0	-1.0	0.0	61.0	102.0	-1.0	133.0	94.0	27.0	0.0	-1.0	49.0	0.0	71.0	59.0	-1.0	-1.0	-1.0	99.0	133.0	-1.0	69.0	102.0	-1.0	106.0	80.0	169.0	-1.0	-1.0	90.0	63.0	-1.0	186.0	138.0	119.0	56.0	142.0	149.0	-1.0	-1.0	40.0	-1.0	54.0	89.0	-1.0	98.0	107.0	106.0	49.0	0.0	5.0	-1.0	11.0	0.0	-1.0	65.0	60.0	-1.0	
66.0	-1.0	-1.0	-1.0	-1.0	0.0	53.0	46.0	98.0	95.0	93.0	-1.0	-1.0	0.0	-1.0	-1.0	110.0	91.0	94.0	53.0	50.0	-1.0	57.0	65.0	31.0	-1.0	0.0	71.0	98.0	121.0	119.0	48.0	41.0	-1.0	-1.0	-1.0	59.0	-1.0	62.0	26.0	25.0	-1.0	68.0	43.0	-1.0	-1.0	102.0	83.0	-1.0	94.0	27.0	0.0	27.0	-1.0	0.0	-1.0	59.0	51.0	142.0	-1.0	-1.0	133.0	106.0	69.0	-1.0	-1.0	106.0	-1.0	169.0	69.0	-1.0	90.0	63.0	157.0	186.0	-1.0	119.0	56.0	142.0	149.0	108.0	107.0	-1.0	-1.0	54.0	-1.0	-1.0	98.0	107.0	106.0	-1.0	-1.0	5.0	0.0	11.0	-1.0	11.0	-1.0	-1.0	67.0	
66.0	42.0	-1.0	15.0	-1.0	0.0	53.0	46.0	98.0	95.0	93.0	83.0	-1.0	0.0	98.0	71.0	-1.0	91.0	94.0	53.0	50.0	-1.0	57.0	65.0	31.0	9.0	0.0	-1.0	-1.0	121.0	119.0	48.0	41.0	122.0	91.0	80.0	-1.0	-1.0	62.0	-1.0	25.0	0.0	-1.0	-1.0	-1.0	-1.0	102.0	83.0	133.0	94.0	-1.0	0.0	-1.0	49.0	0.0	71.0	59.0	51.0	142.0	145.0	-1.0	133.0	106.0	69.0	102.0	111.0	106.0	80.0	169.0	69.0	66.0	90.0	63.0	157.0	186.0	138.0	119.0	56.0	142.0	-1.0	108.0	107.0	-1.0	42.0	54.0	-1.0	92.0	-1.0	-1.0	106.0	49.0	0.0	-1.0	0.0	11.0	-1.0	-1.0	-1.0	-1.0	67.0	

distances_centre_w :
-1.0	94.0	86.0	-1.0	186.0	184.0	86.0	-1.0	145.0	182.0	-1.0	-1.0	183.0	184.0	-1.0	-1.0	-1.0	146.0	-1.0	131.0	134.0	173.0	128.0	-1.0	36.0	14.0	5.0	76.0	-1.0	181.0	-1.0	-1.0	128.0	-1.0	-1.0	141.0	130.0	151.0	172.0	136.0	135.0	83.0	-1.0	-1.0	112.0	173.0	176.0	-1.0	180.0	161.0	102.0	129.0	-1.0	96.0	109.0	116.0	97.0	-1.0	-1.0	-1.0	183.0	181.0	-1.0	141.0	173.0	-1.0	166.0	172.0	174.0	-1.0	-1.0	157.0	130.0	-1.0	206.0	165.0	146.0	168.0	162.0	156.0	-1.0	-1.0	96.0	-1.0	129.0	122.0	-1.0	169.0	145.0	144.0	87.0	27.0	179.0	-1.0	73.0	62.0	-1.0	127.0	107.0	-1.0	
118.0	-1.0	-1.0	-1.0	-1.0	184.0	86.0	93.0	145.0	182.0	160.0	-1.0	-1.0	184.0	-1.0	-1.0	181.0	146.0	155.0	131.0	134.0	-1.0	128.0	120.0	36.0	-1.0	5.0	76.0	160.0	181.0	181.0	110.0	128.0	-1.0	-1.0	-1.0	130.0	-1.0	172.0	136.0	135.0	-1.0	94.0	69.0	-1.0	-1.0	176.0	139.0	-1.0	161.0	102.0	129.0	149.0	-1.0	109.0	-1.0	97.0	89.0	180.0	-1.0	-1.0	181.0	173.0	141.0	-1.0	-1.0	166.0	-1.0	174.0	107.0	-1.0	157.0	130.0	184.0	206.0	-1.0	146.0	168.0	162.0	156.0	164.0	163.0	-1.0	-1.0	129.0	-1.0	-1.0	169.0	145.0	144.0	-1.0	-1.0	179.0	98.0	73.0	-1.0	73.0	-1.0	-1.0	114.0	
118.0	94.0	-1.0	68.0	-1.0	184.0	86.0	93.0	145.0	182.0	160.0	150.0	-1.0	184.0	167.0	142.0	-1.0	146.0	155.0	131.0	134.0	-1.0	128.0	120.0	36.0	14.0	5.0	-1.0	-1.0	181.0	181.0	110.0	128.0	169.0	152.0	141.0	-1.0	-1.0	172.0	-1.0	135.0	83.0	-1.0	-1.0	-1.0	-1.0	176.0	139.0	180.0	161.0	-1.0	129.0	-1.0	96.0	109.0	116.0	97.0	89.0	180.0	153.0	-1.0	181.0	173.0	141.0	173.0	171.0	166.0	172.0	174.0	107.0	126.0	157.0	130.0	184.0	206.0	165.0	146.0	168.0	162.0	-1.0	164.0	163.0	-1.0	104.0	129.0	-1.0	163.0	-1.0	-1.0	144.0	87.0	27.0	-1.0	98.0	73.0	-1.0	-1.0	-1.0	-1.0	114.0	

maxX :
186.0	186.0	186.0	

maxW :
206.0	206.0	206.0	

minX :
0.0	0.0	0.0	

minW :
5.0	5.0	5.0	

moyX :
67.03030303030303	72.75	74.6027397260274	

moyW :
133.75757575757575	137.390625	135.43835616438355	

medX :
61.5	67.5	71.0	

medW :
141.0	144.5	144.0	

ecartTypeX :
45.706232482966264	44.974645635068654	44.43518898228252	

ecartTypeW :
44.45939945819843	39.42501473822648	42.21763129094706	

varX :
2089.0596877869607	2022.71875	1974.486019891162	

varW :
1976.638200183655	1554.331787109375	1782.3283918183524	

covarX :
2121.199067599068	2054.8253968253966	2001.9094368340943	

covarW :
2007.048018648019	1579.0037202380952	1807.0829528158292	

coef_variationX :
0.6818741735704732	0.6182081874236242	0.595624090287665	

coef_variationW :
0.3323878980789643	0.2869556400826219	0.31171104321221155	

moy_distances_centre :	118.6
min_distances_centre :	5.0
max_distances_centre :	227.0
med_distances_centre :	121.0
ecartType_distances_centre :	46.66399992380517
var_distances_centre :	2177.528888888889
covar_distances_centre :	2201.9955056179783
coef_variation_distances_centre :	0.3934569976712072
capacite_X_temoin : 
88.0	96.0	96.0	83.0	98.0	86.0	82.0	99.0	90.0	81.0	
95.0	89.0	75.0	98.0	76.0	84.0	89.0	89.0	90.0	99.0	
88.0	86.0	93.0	85.0	93.0	97.0	95.0	75.0	90.0	90.0	

capacite_W_temoin : 
111.4	116.8	119.8	106.9	123.4	98.8	88.6	127.7	116.0	93.3	
121.5	107.7	94.5	127.4	94.8	95.2	101.7	115.7	116.0	110.7	
113.4	99.8	117.9	108.5	118.9	114.1	101.5	96.5	116.0	100.0	

demande_cumulee_X : 
3.0	8.0	5.0	1.0	4.0	13.0	18.0	1.0	1.0	12.0	
2.0	8.0	3.0	0.0	4.0	14.0	14.0	0.0	1.0	18.0	
1.0	12.0	3.0	2.0	2.0	12.0	22.0	1.0	1.0	17.0	

demande_cumulee_W : 
52.0	8.0	0.0	1.0	2.0	2.0	1.0	0.0	0.0	0.0	
54.0	6.0	1.0	0.0	2.0	1.0	0.0	0.0	0.0	0.0	
61.0	6.0	0.0	0.0	2.0	1.0	2.0	0.0	0.0	1.0	

capacite_residuelle_X : 
85.0	88.0	91.0	82.0	94.0	73.0	64.0	98.0	89.0	69.0	
93.0	81.0	72.0	98.0	72.0	70.0	75.0	89.0	89.0	81.0	
87.0	74.0	90.0	83.0	91.0	85.0	73.0	74.0	89.0	73.0	

capacite_residuelle_W : 
59.400000000000006	108.8	119.8	105.9	121.4	96.8	87.6	127.7	116.0	93.3	
67.5	101.7	93.5	127.4	92.8	94.2	101.7	115.7	116.0	110.7	
52.400000000000006	93.8	117.9	108.5	116.9	113.1	99.5	96.5	116.0	99.0	

min_capacite_X : 
81.0	75.0	75.0	

min_capacite_W : 
88.6	94.5	96.5	

max_capacite_X : 
99.0	99.0	97.0	

max_capacite_W : 
127.7	127.4	118.9	

moy_capacite_X : 
89.9	88.4	89.2	

moy_capacite_W : 
110.27000000000001	108.52000000000001	108.66	

med_capacite_X : 
89.0	89.0	90.0	

med_capacite_W : 
113.7	109.2	110.95	

ecartType_capacite_X : 
6.564297372910524	7.774316690230724	5.963220606350229	

ecartType_capacite_W : 
12.4268298451375	11.165106358651494	8.054961204127554	

var_capacite_X : 
43.09	60.44	35.559999999999995	

var_capacite_W : 
154.42610000000008	124.65960000000004	64.88240000000003	

covar_capacite_X : 
47.87777777777777	67.15555555555557	39.511111111111106	

covar_capacite_W : 
171.5845555555556	138.51066666666668	72.09155555555559	

##########	##########	##########	##########	##########	##########	##########	##########	##########	##########	##########	##########	##########	##########	##########	##########	##########	##########	##########	##########	##########	##########	##########	##########	##########	##########	##########	##########	##########	##########	##########	##########	##########	##########	##########	##########	##########	##########	##########	##########	##########	##########	##########	##########	##########	##########	##########	##########	##########	##########	##########	##########	##########	##########	##########	##########	##########	##########	##########	##########	##########	##########	##########	##########	##########	##########	##########	##########	##########	##########	##########	##########	##########	##########	##########	##########	##########	##########	##########	##########	##########	##########	##########	##########	##########	##########	##########	##########	##########	##########	##########	##########	##########	##########	##########	##########	##########	##########	##########	##########	nombre de noeuds : 100
nombre de strates : 3
nombre de centres : 10
titre : fenetre
instances : pmed2_1
temps de calcul : 0.05568385124206543
valeur objective : 1176.0
nombre de solutions : 2
nombre de noeuds : 0.0
faisability : True
centre : [5, 95, 93, 44, 51, 41, 54, 26, 91, 8]
moy_distances :	138.9
min_distances :	1.0
max_distances :	316.0
var_distances :	2680.228723966942
covar_distances :	2680.4994814903257
ecartType_distances :	51.77092546948472
coef_variation	: 0.3727078358616964
distances_centre_x :
-1.0	42.0	81.0	-1.0	22.0	0.0	53.0	-1.0	0.0	48.0	-1.0	-1.0	145.0	146.0	-1.0	-1.0	-1.0	91.0	-1.0	93.0	96.0	102.0	57.0	-1.0	31.0	9.0	0.0	71.0	-1.0	129.0	-1.0	-1.0	41.0	-1.0	-1.0	80.0	59.0	124.0	62.0	26.0	25.0	0.0	-1.0	-1.0	0.0	61.0	102.0	-1.0	133.0	94.0	27.0	0.0	-1.0	49.0	0.0	71.0	59.0	-1.0	-1.0	-1.0	99.0	139.0	-1.0	69.0	102.0	-1.0	114.0	140.0	169.0	-1.0	-1.0	90.0	63.0	-1.0	186.0	138.0	119.0	56.0	142.0	149.0	-1.0	-1.0	40.0	-1.0	54.0	89.0	-1.0	98.0	107.0	106.0	49.0	0.0	5.0	-1.0	11.0	0.0	-1.0	65.0	60.0	-1.0	
66.0	-1.0	-1.0	-1.0	-1.0	0.0	53.0	46.0	0.0	48.0	120.0	-1.0	-1.0	146.0	-1.0	-1.0	110.0	91.0	94.0	93.0	96.0	-1.0	57.0	65.0	31.0	-1.0	0.0	71.0	98.0	129.0	78.0	48.0	41.0	-1.0	-1.0	-1.0	59.0	-1.0	62.0	26.0	25.0	-1.0	68.0	43.0	-1.0	-1.0	102.0	83.0	-1.0	94.0	27.0	0.0	27.0	-1.0	0.0	-1.0	59.0	51.0	142.0	-1.0	-1.0	139.0	127.0	69.0	-1.0	-1.0	114.0	-1.0	169.0	69.0	-1.0	90.0	63.0	157.0	186.0	-1.0	119.0	56.0	142.0	149.0	108.0	107.0	-1.0	-1.0	54.0	-1.0	-1.0	98.0	107.0	106.0	-1.0	-1.0	5.0	0.0	11.0	-1.0	11.0	-1.0	-1.0	67.0	
66.0	42.0	-1.0	15.0	-1.0	0.0	53.0	46.0	0.0	48.0	120.0	112.0	-1.0	146.0	167.0	71.0	-1.0	91.0	94.0	93.0	96.0	-1.0	57.0	65.0	31.0	9.0	0.0	-1.0	-1.0	129.0	78.0	48.0	41.0	122.0	91.0	80.0	-1.0	-1.0	62.0	-1.0	25.0	0.0	-1.0	-1.0	-1.0	-1.0	102.0	83.0	133.0	94.0	-1.0	0.0	-1.0	49.0	0.0	71.0	59.0	51.0	142.0	145.0	-1.0	139.0	127.0	69.0	102.0	119.0	114.0	140.0	169.0	69.0	66.0	90.0	63.0	157.0	186.0	138.0	119.0	56.0	142.0	-1.0	108.0	107.0	-1.0	42.0	54.0	-1.0	92.0	-1.0	-1.0	106.0	49.0	0.0	-1.0	0.0	11.0	-1.0	-1.0	-1.0	-1.0	67.0	

distances_centre_w :
-1.0	94.0	86.0	-1.0	167.0	145.0	86.0	-1.0	145.0	182.0	-1.0	-1.0	183.0	184.0	-1.0	-1.0	-1.0	146.0	-1.0	131.0	134.0	173.0	128.0	-1.0	36.0	14.0	5.0	76.0	-1.0	181.0	-1.0	-1.0	128.0	-1.0	-1.0	141.0	130.0	151.0	172.0	136.0	135.0	83.0	-1.0	-1.0	112.0	173.0	176.0	-1.0	180.0	161.0	102.0	129.0	-1.0	96.0	109.0	116.0	97.0	-1.0	-1.0	-1.0	183.0	180.0	-1.0	141.0	173.0	-1.0	166.0	184.0	185.0	-1.0	-1.0	157.0	130.0	-1.0	206.0	158.0	185.0	168.0	170.0	178.0	-1.0	-1.0	96.0	-1.0	129.0	122.0	-1.0	169.0	145.0	144.0	87.0	27.0	150.0	-1.0	73.0	62.0	-1.0	127.0	107.0	-1.0	
118.0	-1.0	-1.0	-1.0	-1.0	145.0	86.0	93.0	145.0	182.0	160.0	-1.0	-1.0	184.0	-1.0	-1.0	181.0	146.0	155.0	131.0	134.0	-1.0	128.0	120.0	36.0	-1.0	5.0	76.0	160.0	181.0	181.0	110.0	128.0	-1.0	-1.0	-1.0	130.0	-1.0	172.0	136.0	135.0	-1.0	94.0	69.0	-1.0	-1.0	176.0	139.0	-1.0	161.0	102.0	129.0	149.0	-1.0	109.0	-1.0	97.0	89.0	180.0	-1.0	-1.0	180.0	173.0	141.0	-1.0	-1.0	166.0	-1.0	185.0	107.0	-1.0	157.0	130.0	184.0	206.0	-1.0	185.0	168.0	170.0	178.0	164.0	163.0	-1.0	-1.0	129.0	-1.0	-1.0	169.0	145.0	144.0	-1.0	-1.0	150.0	98.0	73.0	-1.0	73.0	-1.0	-1.0	114.0	
118.0	94.0	-1.0	68.0	-1.0	145.0	86.0	93.0	145.0	182.0	160.0	150.0	-1.0	184.0	190.0	142.0	-1.0	146.0	155.0	131.0	134.0	-1.0	128.0	120.0	36.0	14.0	5.0	-1.0	-1.0	181.0	181.0	110.0	128.0	183.0	152.0	141.0	-1.0	-1.0	172.0	-1.0	135.0	83.0	-1.0	-1.0	-1.0	-1.0	176.0	139.0	180.0	161.0	-1.0	129.0	-1.0	96.0	109.0	116.0	97.0	89.0	180.0	153.0	-1.0	180.0	173.0	141.0	173.0	171.0	166.0	184.0	185.0	107.0	126.0	157.0	130.0	184.0	206.0	158.0	185.0	168.0	170.0	-1.0	164.0	163.0	-1.0	104.0	129.0	-1.0	163.0	-1.0	-1.0	144.0	87.0	27.0	-1.0	98.0	73.0	-1.0	-1.0	-1.0	-1.0	114.0	

maxX :
186.0	186.0	186.0	

maxW :
206.0	206.0	206.0	

minX :
0.0	0.0	0.0	

minW :
5.0	5.0	5.0	

moyX :
71.03030303030303	74.5625	78.46575342465754	

moyW :
133.71212121212122	137.5625	136.26027397260273	

medX :
64.0	68.5	71.0	

medW :
141.0	144.5	144.0	

ecartTypeX :
48.631879336367014	46.41385669980464	47.60829966544795	

ecartTypeW :
44.49949443073896	39.643282454282215	43.048245440916375	

varX :
2365.0596877869607	2154.24609375	2266.5501970350915	

varW :
1980.205004591368	1571.58984375	1853.1514355413774	

covarX :
2401.4452214452217	2188.440476190476	2298.0300608828	

covarW :
2010.6696969696968	1596.5357142857142	1878.889649923896	

coef_variationX :
0.6846638302474878	0.6224825709948653	0.6067398525799058	

coef_variationW :
0.33280075155000244	0.2881837888543914	0.3159266027130688	

moy_distances_centre :	116.4888888888889
min_distances_centre :	5.0
max_distances_centre :	220.0
med_distances_centre :	121.0
ecartType_distances_centre :	45.90939009359013
var_distances_centre :	2107.6720987654317
covar_distances_centre :	2131.353807740324
coef_variation_distances_centre :	0.3941096059159779
capacite_X_temoin : 
88.0	91.0	96.0	83.0	98.0	86.0	82.0	99.0	90.0	81.0	
95.0	90.0	75.0	98.0	76.0	84.0	89.0	89.0	90.0	99.0	
88.0	81.0	93.0	85.0	93.0	97.0	95.0	75.0	90.0	90.0	

capacite_W_temoin : 
111.4	116.3	119.8	106.9	123.4	99.8	89.6	127.7	116.0	85.3	
121.5	113.0	94.5	127.4	94.8	95.2	102.7	115.7	116.0	105.7	
113.4	101.3	117.9	108.5	118.9	114.1	101.5	96.5	116.0	92.0	

demande_cumulee_X : 
3.0	2.0	5.0	1.0	4.0	12.0	17.0	1.0	1.0	20.0	
2.0	4.0	3.0	0.0	4.0	14.0	13.0	0.0	1.0	23.0	
1.0	4.0	3.0	2.0	2.0	12.0	22.0	1.0	1.0	25.0	

demande_cumulee_W : 
52.0	5.0	1.0	2.0	2.0	2.0	1.0	1.0	0.0	0.0	
55.0	3.0	1.0	1.0	1.0	1.0	1.0	1.0	0.0	0.0	
61.0	4.0	1.0	1.0	2.0	1.0	1.0	0.0	0.0	2.0	

capacite_residuelle_X : 
85.0	89.0	91.0	82.0	94.0	74.0	65.0	98.0	89.0	61.0	
93.0	86.0	72.0	98.0	72.0	70.0	76.0	89.0	89.0	76.0	
87.0	77.0	90.0	83.0	91.0	85.0	73.0	74.0	89.0	65.0	

capacite_residuelle_W : 
59.400000000000006	111.3	118.8	104.9	121.4	97.8	88.6	126.7	116.0	85.3	
66.5	110.0	93.5	126.4	93.8	94.2	101.7	114.7	116.0	105.7	
52.400000000000006	97.3	116.9	107.5	116.9	113.1	100.5	96.5	116.0	90.0	

min_capacite_X : 
81.0	75.0	75.0	

min_capacite_W : 
85.3	94.5	92.0	

max_capacite_X : 
99.0	99.0	97.0	

max_capacite_W : 
127.7	127.4	118.9	

moy_capacite_X : 
89.4	88.5	88.7	

moy_capacite_W : 
109.62	108.65	108.00999999999999	

med_capacite_X : 
89.0	89.5	90.0	

med_capacite_W : 
113.7	109.35	110.95	

ecartType_capacite_X : 
6.26418390534633	7.787810988975015	6.403905058634146	

ecartType_capacite_W : 
13.435013956077606	11.208858104195986	9.070992227975946	

var_capacite_X : 
39.24	60.65	41.010000000000005	

var_capacite_W : 
180.49960000000004	125.63850000000002	82.28290000000003	

covar_capacite_X : 
43.6	67.38888888888889	45.56666666666667	

covar_capacite_W : 
200.55511111111113	139.59833333333336	91.42544444444447	

##########	##########	##########	##########	##########	##########	##########	##########	##########	##########	##########	##########	##########	##########	##########	##########	##########	##########	##########	##########	##########	##########	##########	##########	##########	##########	##########	##########	##########	##########	##########	##########	##########	##########	##########	##########	##########	##########	##########	##########	##########	##########	##########	##########	##########	##########	##########	##########	##########	##########	##########	##########	##########	##########	##########	##########	##########	##########	##########	##########	##########	##########	##########	##########	##########	##########	##########	##########	##########	##########	##########	##########	##########	##########	##########	##########	##########	##########	##########	##########	##########	##########	##########	##########	##########	##########	##########	##########	##########	##########	##########	##########	##########	##########	##########	##########	##########	##########	##########	##########	nombre de noeuds : 100
nombre de strates : 3
nombre de centres : 10
titre : fenetre
instances : pmed2_1
temps de calcul : 0.05600690841674805
valeur objective : 1176.0
nombre de solutions : 2
nombre de noeuds : 0.0
faisability : True
centre : [95, 93, 44, 51, 41, 54, 26, 91, 8, 89]
moy_distances :	138.9
min_distances :	1.0
max_distances :	316.0
var_distances :	2680.228723966942
covar_distances :	2680.4994814903257
ecartType_distances :	51.77092546948472
coef_variation	: 0.3727078358616964
distances_centre_x :
-1.0	42.0	81.0	-1.0	27.0	5.0	53.0	-1.0	0.0	48.0	-1.0	-1.0	145.0	146.0	-1.0	-1.0	-1.0	91.0	-1.0	93.0	96.0	102.0	57.0	-1.0	31.0	9.0	0.0	71.0	-1.0	129.0	-1.0	-1.0	41.0	-1.0	-1.0	80.0	59.0	124.0	62.0	26.0	25.0	0.0	-1.0	-1.0	0.0	61.0	102.0	-1.0	131.0	86.0	27.0	0.0	-1.0	49.0	0.0	71.0	59.0	-1.0	-1.0	-1.0	99.0	139.0	-1.0	69.0	102.0	-1.0	114.0	140.0	65.0	-1.0	-1.0	162.0	63.0	-1.0	186.0	138.0	119.0	56.0	101.0	149.0	-1.0	-1.0	40.0	-1.0	54.0	89.0	-1.0	40.0	1.0	0.0	49.0	0.0	10.0	-1.0	11.0	0.0	-1.0	65.0	60.0	-1.0	
66.0	-1.0	-1.0	-1.0	-1.0	5.0	53.0	46.0	0.0	48.0	120.0	-1.0	-1.0	146.0	-1.0	-1.0	106.0	91.0	94.0	93.0	96.0	-1.0	57.0	65.0	31.0	-1.0	0.0	71.0	98.0	129.0	78.0	48.0	41.0	-1.0	-1.0	-1.0	59.0	-1.0	62.0	26.0	25.0	-1.0	68.0	43.0	-1.0	-1.0	102.0	83.0	-1.0	86.0	27.0	0.0	27.0	-1.0	0.0	-1.0	59.0	51.0	142.0	-1.0	-1.0	139.0	127.0	69.0	-1.0	-1.0	114.0	-1.0	65.0	69.0	-1.0	162.0	63.0	157.0	186.0	-1.0	119.0	56.0	101.0	149.0	108.0	107.0	-1.0	-1.0	54.0	-1.0	-1.0	40.0	1.0	0.0	-1.0	-1.0	10.0	0.0	11.0	-1.0	11.0	-1.0	-1.0	67.0	
66.0	42.0	-1.0	15.0	-1.0	5.0	53.0	46.0	0.0	48.0	120.0	112.0	-1.0	146.0	163.0	67.0	-1.0	91.0	94.0	93.0	96.0	-1.0	57.0	65.0	31.0	9.0	0.0	-1.0	-1.0	129.0	78.0	48.0	41.0	122.0	91.0	80.0	-1.0	-1.0	62.0	-1.0	25.0	0.0	-1.0	-1.0	-1.0	-1.0	102.0	83.0	131.0	86.0	-1.0	0.0	-1.0	49.0	0.0	71.0	59.0	51.0	142.0	145.0	-1.0	139.0	127.0	69.0	102.0	119.0	114.0	140.0	65.0	69.0	66.0	162.0	63.0	157.0	186.0	138.0	119.0	56.0	101.0	-1.0	108.0	107.0	-1.0	42.0	54.0	-1.0	46.0	-1.0	-1.0	0.0	49.0	0.0	-1.0	0.0	11.0	-1.0	-1.0	-1.0	-1.0	67.0	

distances_centre_w :
-1.0	99.0	87.0	-1.0	167.0	145.0	59.0	-1.0	150.0	172.0	-1.0	-1.0	163.0	178.0	-1.0	-1.0	-1.0	180.0	-1.0	136.0	139.0	168.0	155.0	-1.0	181.0	159.0	150.0	116.0	-1.0	143.0	-1.0	-1.0	102.0	-1.0	-1.0	178.0	157.0	151.0	172.0	169.0	168.0	88.0	-1.0	-1.0	107.0	168.0	176.0	-1.0	175.0	166.0	170.0	143.0	-1.0	147.0	98.0	169.0	102.0	-1.0	-1.0	-1.0	183.0	180.0	-1.0	179.0	168.0	-1.0	158.0	184.0	185.0	-1.0	-1.0	195.0	135.0	-1.0	206.0	158.0	185.0	163.0	170.0	157.0	-1.0	-1.0	185.0	-1.0	147.0	95.0	-1.0	184.0	150.0	149.0	92.0	172.0	150.0	-1.0	156.0	145.0	-1.0	132.0	158.0	-1.0	
123.0	-1.0	-1.0	-1.0	-1.0	145.0	59.0	52.0	150.0	172.0	165.0	-1.0	-1.0	178.0	-1.0	-1.0	176.0	180.0	160.0	136.0	139.0	-1.0	155.0	163.0	181.0	-1.0	150.0	116.0	165.0	143.0	186.0	120.0	102.0	-1.0	-1.0	-1.0	157.0	-1.0	172.0	169.0	168.0	-1.0	89.0	173.0	-1.0	-1.0	176.0	144.0	-1.0	166.0	170.0	143.0	170.0	-1.0	98.0	-1.0	102.0	94.0	185.0	-1.0	-1.0	180.0	153.0	179.0	-1.0	-1.0	158.0	-1.0	185.0	183.0	-1.0	195.0	135.0	179.0	206.0	-1.0	185.0	163.0	170.0	157.0	162.0	163.0	-1.0	-1.0	147.0	-1.0	-1.0	184.0	150.0	149.0	-1.0	-1.0	150.0	181.0	156.0	-1.0	134.0	-1.0	-1.0	165.0	
123.0	99.0	-1.0	73.0	-1.0	145.0	59.0	52.0	150.0	172.0	165.0	130.0	-1.0	178.0	167.0	169.0	-1.0	180.0	160.0	136.0	139.0	-1.0	155.0	163.0	181.0	159.0	150.0	-1.0	-1.0	143.0	186.0	120.0	102.0	183.0	157.0	178.0	-1.0	-1.0	172.0	-1.0	168.0	88.0	-1.0	-1.0	-1.0	-1.0	176.0	144.0	175.0	166.0	-1.0	143.0	-1.0	147.0	98.0	169.0	102.0	94.0	185.0	148.0	-1.0	180.0	153.0	179.0	168.0	163.0	158.0	184.0	185.0	183.0	164.0	195.0	135.0	179.0	206.0	158.0	185.0	163.0	170.0	-1.0	162.0	163.0	-1.0	105.0	147.0	-1.0	178.0	-1.0	-1.0	149.0	92.0	172.0	-1.0	181.0	156.0	-1.0	-1.0	-1.0	-1.0	165.0	

maxX :
186.0	186.0	186.0	

maxW :
206.0	206.0	206.0	

minX :
0.0	0.0	0.0	

minW :
59.0	52.0	52.0	

moyX :
65.9090909090909	69.171875	75.20547945205479	

moyW :
152.63636363636363	154.078125	152.42465753424656	

medX :
60.5	65.0	67.0	

medW :
158.0	162.5	163.0	

ecartTypeX :
48.29101405611082	46.50489043083937	47.46706396814982	

ecartTypeW :
30.218716036557076	30.607037940388402	32.3939440510736	

varX :
2332.022038567493	2162.704833984375	2253.122161756427	

varW :
913.1707988980718	936.790771484375	1049.367611184087	

covarX :
2367.899300699301	2197.033482142857	2284.415525114155	

covarW :
927.2195804195804	951.6604662698412	1063.9421613394215	

coef_variationX :
0.7326912477478883	0.6723092359552111	0.6311649671539048	

coef_variationW :
0.19797848505189272	0.19864622535086277	0.21252430266274586	

moy_distances_centre :	131.3111111111111
min_distances_centre :	32.0
max_distances_centre :	224.0
med_distances_centre :	136.0
ecartType_distances_centre :	44.25573269694232
var_distances_centre :	1958.5698765432096
covar_distances_centre :	1980.5762796504366
coef_variation_distances_centre :	0.3370296109938068
capacite_X_temoin : 
91.0	96.0	83.0	98.0	86.0	82.0	93.0	99.0	90.0	81.0	
90.0	75.0	98.0	76.0	84.0	89.0	81.0	89.0	90.0	99.0	
81.0	93.0	85.0	93.0	97.0	95.0	87.0	75.0	90.0	90.0	

capacite_W_temoin : 
116.3	115.8	106.9	123.4	101.8	91.6	113.9	127.7	116.0	89.3	
113.0	91.5	127.4	94.8	97.2	104.7	98.3	115.7	116.0	109.7	
101.3	115.9	108.5	118.9	116.1	105.5	105.1	96.5	116.0	95.0	

demande_cumulee_X : 
2.0	9.0	1.0	4.0	10.0	15.0	7.0	1.0	1.0	16.0	
4.0	6.0	0.0	4.0	12.0	11.0	7.0	0.0	1.0	19.0	
4.0	5.0	2.0	2.0	10.0	18.0	8.0	1.0	1.0	22.0	

demande_cumulee_W : 
34.0	20.0	6.0	2.0	2.0	1.0	1.0	0.0	0.0	0.0	
34.0	22.0	4.0	1.0	1.0	1.0	1.0	0.0	0.0	0.0	
37.0	27.0	3.0	2.0	1.0	2.0	0.0	0.0	1.0	0.0	

capacite_residuelle_X : 
89.0	87.0	82.0	94.0	76.0	67.0	86.0	98.0	89.0	65.0	
86.0	69.0	98.0	72.0	72.0	78.0	74.0	89.0	89.0	80.0	
77.0	88.0	83.0	91.0	87.0	77.0	79.0	74.0	89.0	68.0	

capacite_residuelle_W : 
82.3	95.8	100.9	121.4	99.8	90.6	112.9	127.7	116.0	89.3	
79.0	69.5	123.4	93.8	96.2	103.7	97.3	115.7	116.0	109.7	
64.3	88.9	105.5	116.9	115.1	103.5	105.1	96.5	115.0	95.0	

min_capacite_X : 
81.0	75.0	75.0	

min_capacite_W : 
89.3	91.5	95.0	

max_capacite_X : 
99.0	99.0	97.0	

max_capacite_W : 
127.7	127.4	118.9	

moy_capacite_X : 
89.9	87.1	88.6	

moy_capacite_W : 
110.27000000000001	106.83	107.88	

med_capacite_X : 
90.5	89.0	90.0	

med_capacite_W : 
114.85	107.2	107.0	

ecartType_capacite_X : 
6.331666447310692	7.7517739905133975	6.421837743200928	

ecartType_capacite_W : 
12.085367185154123	10.871802978347246	8.19595021946815	

var_capacite_X : 
40.09	60.09000000000001	41.239999999999995	

var_capacite_W : 
146.05610000000007	118.19610000000003	67.17360000000002	

covar_capacite_X : 
44.54444444444444	66.76666666666665	45.822222222222216	

covar_capacite_W : 
162.2845555555556	131.329	74.63733333333336	

##########	##########	##########	##########	##########	##########	##########	##########	##########	##########	##########	##########	##########	##########	##########	##########	##########	##########	##########	##########	##########	##########	##########	##########	##########	##########	##########	##########	##########	##########	##########	##########	##########	##########	##########	##########	##########	##########	##########	##########	##########	##########	##########	##########	##########	##########	##########	##########	##########	##########	##########	##########	##########	##########	##########	##########	##########	##########	##########	##########	##########	##########	##########	##########	##########	##########	##########	##########	##########	##########	##########	##########	##########	##########	##########	##########	##########	##########	##########	##########	##########	##########	##########	##########	##########	##########	##########	##########	##########	##########	##########	##########	##########	##########	##########	##########	##########	##########	##########	##########	nombre de noeuds : 100
nombre de strates : 3
nombre de centres : 10
titre : fenetre
instances : pmed2_1
temps de calcul : 0.06012105941772461
valeur objective : 1176.0
nombre de solutions : 3
nombre de noeuds : 1.0
faisability : True
centre : [93, 44, 51, 41, 54, 26, 91, 8, 89, 9]
moy_distances :	138.9
min_distances :	1.0
max_distances :	316.0
var_distances :	2680.228723966942
covar_distances :	2680.4994814903257
ecartType_distances :	51.77092546948472
coef_variation	: 0.3727078358616964
distances_centre_x :
-1.0	64.0	81.0	-1.0	27.0	5.0	53.0	-1.0	0.0	0.0	-1.0	-1.0	115.0	151.0	-1.0	-1.0	-1.0	91.0	-1.0	98.0	101.0	102.0	57.0	-1.0	31.0	9.0	0.0	71.0	-1.0	95.0	-1.0	-1.0	41.0	-1.0	-1.0	80.0	59.0	124.0	62.0	26.0	25.0	0.0	-1.0	-1.0	0.0	61.0	102.0	-1.0	131.0	86.0	27.0	0.0	-1.0	49.0	0.0	71.0	67.0	-1.0	-1.0	-1.0	99.0	132.0	-1.0	69.0	102.0	-1.0	110.0	136.0	65.0	-1.0	-1.0	170.0	63.0	-1.0	186.0	138.0	119.0	56.0	101.0	155.0	-1.0	-1.0	66.0	-1.0	54.0	89.0	-1.0	40.0	1.0	0.0	57.0	0.0	10.0	-1.0	25.0	36.0	-1.0	66.0	60.0	-1.0	
88.0	-1.0	-1.0	-1.0	-1.0	5.0	53.0	46.0	0.0	0.0	72.0	-1.0	-1.0	151.0	-1.0	-1.0	106.0	91.0	94.0	98.0	101.0	-1.0	57.0	65.0	31.0	-1.0	0.0	71.0	123.0	95.0	30.0	59.0	41.0	-1.0	-1.0	-1.0	59.0	-1.0	62.0	26.0	25.0	-1.0	68.0	43.0	-1.0	-1.0	102.0	109.0	-1.0	86.0	27.0	0.0	27.0	-1.0	0.0	-1.0	67.0	59.0	150.0	-1.0	-1.0	132.0	105.0	69.0	-1.0	-1.0	110.0	-1.0	65.0	77.0	-1.0	170.0	63.0	157.0	186.0	-1.0	119.0	56.0	101.0	155.0	114.0	115.0	-1.0	-1.0	54.0	-1.0	-1.0	40.0	1.0	0.0	-1.0	-1.0	10.0	0.0	25.0	-1.0	36.0	-1.0	-1.0	67.0	
88.0	64.0	-1.0	15.0	-1.0	5.0	53.0	46.0	0.0	0.0	72.0	82.0	-1.0	151.0	163.0	67.0	-1.0	91.0	94.0	98.0	101.0	-1.0	57.0	65.0	31.0	9.0	0.0	-1.0	-1.0	95.0	30.0	59.0	41.0	122.0	91.0	80.0	-1.0	-1.0	62.0	-1.0	25.0	0.0	-1.0	-1.0	-1.0	-1.0	102.0	109.0	131.0	86.0	-1.0	0.0	-1.0	49.0	0.0	71.0	67.0	59.0	150.0	145.0	-1.0	132.0	105.0	69.0	102.0	115.0	110.0	136.0	65.0	77.0	66.0	170.0	63.0	157.0	186.0	138.0	119.0	56.0	101.0	-1.0	114.0	115.0	-1.0	78.0	54.0	-1.0	46.0	-1.0	-1.0	0.0	57.0	0.0	-1.0	0.0	25.0	-1.0	-1.0	-1.0	-1.0	67.0	

distances_centre_w :
-1.0	152.0	87.0	-1.0	167.0	145.0	59.0	-1.0	48.0	48.0	-1.0	-1.0	163.0	151.0	-1.0	-1.0	-1.0	180.0	-1.0	136.0	139.0	168.0	155.0	-1.0	181.0	159.0	150.0	184.0	-1.0	143.0	-1.0	-1.0	102.0	-1.0	-1.0	178.0	157.0	151.0	157.0	169.0	168.0	172.0	-1.0	-1.0	168.0	168.0	176.0	-1.0	175.0	166.0	170.0	143.0	-1.0	147.0	98.0	169.0	155.0	-1.0	-1.0	-1.0	183.0	180.0	-1.0	179.0	165.0	-1.0	158.0	184.0	185.0	-1.0	-1.0	195.0	158.0	-1.0	206.0	158.0	185.0	163.0	170.0	157.0	-1.0	-1.0	185.0	-1.0	147.0	95.0	-1.0	184.0	150.0	149.0	145.0	172.0	150.0	-1.0	156.0	145.0	-1.0	161.0	158.0	-1.0	
158.0	-1.0	-1.0	-1.0	-1.0	145.0	59.0	52.0	48.0	48.0	120.0	-1.0	-1.0	151.0	-1.0	-1.0	176.0	180.0	160.0	136.0	139.0	-1.0	155.0	163.0	181.0	-1.0	150.0	184.0	172.0	143.0	78.0	120.0	102.0	-1.0	-1.0	-1.0	157.0	-1.0	157.0	169.0	168.0	-1.0	150.0	173.0	-1.0	-1.0	176.0	144.0	-1.0	166.0	170.0	143.0	170.0	-1.0	98.0	-1.0	155.0	147.0	185.0	-1.0	-1.0	180.0	153.0	179.0	-1.0	-1.0	158.0	-1.0	185.0	183.0	-1.0	195.0	158.0	179.0	206.0	-1.0	185.0	163.0	170.0	157.0	162.0	163.0	-1.0	-1.0	147.0	-1.0	-1.0	184.0	150.0	149.0	-1.0	-1.0	150.0	181.0	156.0	-1.0	134.0	-1.0	-1.0	165.0	
158.0	152.0	-1.0	73.0	-1.0	145.0	59.0	52.0	48.0	48.0	120.0	130.0	-1.0	151.0	167.0	169.0	-1.0	180.0	160.0	136.0	139.0	-1.0	155.0	163.0	181.0	159.0	150.0	-1.0	-1.0	143.0	78.0	120.0	102.0	183.0	157.0	178.0	-1.0	-1.0	157.0	-1.0	168.0	172.0	-1.0	-1.0	-1.0	-1.0	176.0	144.0	175.0	166.0	-1.0	143.0	-1.0	147.0	98.0	169.0	155.0	147.0	185.0	148.0	-1.0	180.0	153.0	179.0	165.0	163.0	158.0	184.0	185.0	183.0	164.0	195.0	158.0	179.0	206.0	158.0	185.0	163.0	170.0	-1.0	162.0	163.0	-1.0	162.0	147.0	-1.0	178.0	-1.0	-1.0	149.0	145.0	172.0	-1.0	181.0	156.0	-1.0	-1.0	-1.0	-1.0	165.0	

maxX :
186.0	186.0	186.0	

maxW :
206.0	206.0	206.0	

minX :
0.0	0.0	0.0	

minW :
48.0	48.0	48.0	

moyX :
66.16666666666667	68.96875	74.64383561643835	

moyW :
154.95454545454547	152.1875	152.24657534246575	

medX :
63.5	65.0	69.0	

medW :
158.5	158.0	159.0	

ecartTypeX :
47.16688082187168	46.963738920974976	47.207896327828514	

ecartTypeW :
31.2978999286678	34.161324531551756	33.6837755432354	

varX :
2224.7146464646466	2205.5927734375	2228.585475699005	

varW :
979.5585399449038	1166.99609375	1134.596734847063	

covarX :
2258.941025641026	2240.6021825396824	2259.5380517503804	

covarW :
994.6286713286714	1185.5198412698412	1150.3550228310498	

coef_variationX :
0.7128495842096475	0.6809422951840504	0.6324419952159078	

coef_variationW :
0.2019811670374572	0.22446866221964193	0.2212448816498276	

moy_distances_centre :	143.15555555555557
min_distances_centre :	32.0
max_distances_centre :	224.0
med_distances_centre :	142.0
ecartType_distances_centre :	42.77847618477496
var_distances_centre :	1829.998024691358
covar_distances_centre :	1850.5598002496886
coef_variation_distances_centre :	0.2988251208188254
capacite_X_temoin : 
91.0	86.0	96.0	83.0	98.0	86.0	82.0	93.0	99.0	90.0	
90.0	83.0	75.0	98.0	76.0	84.0	89.0	81.0	89.0	90.0	
81.0	92.0	93.0	85.0	93.0	97.0	95.0	87.0	75.0	90.0	

capacite_W_temoin : 
117.3	103.8	116.8	106.9	123.4	98.8	90.6	109.9	127.7	114.0	
116.0	96.9	92.5	127.4	94.8	95.2	101.7	92.3	115.7	115.0	
104.3	106.6	116.9	108.5	118.9	114.1	104.5	97.1	96.5	114.0	

demande_cumulee_X : 
1.0	8.0	8.0	1.0	4.0	13.0	16.0	11.0	1.0	3.0	
1.0	11.0	5.0	0.0	4.0	14.0	14.0	13.0	0.0	2.0	
1.0	13.0	4.0	2.0	2.0	12.0	19.0	16.0	1.0	3.0	

demande_cumulee_W : 
35.0	12.0	9.0	3.0	2.0	3.0	1.0	1.0	0.0	0.0	
36.0	10.0	11.0	1.0	1.0	2.0	1.0	1.0	0.0	1.0	
40.0	12.0	13.0	1.0	2.0	2.0	2.0	0.0	0.0	1.0	

capacite_residuelle_X : 
90.0	78.0	88.0	82.0	94.0	73.0	66.0	82.0	98.0	87.0	
89.0	72.0	70.0	98.0	72.0	70.0	75.0	68.0	89.0	88.0	
80.0	79.0	89.0	83.0	91.0	85.0	76.0	71.0	74.0	87.0	

capacite_residuelle_W : 
82.3	91.8	107.8	103.9	121.4	95.8	89.6	108.9	127.7	114.0	
80.0	86.9	81.5	126.4	93.8	93.2	100.7	91.3	115.7	114.0	
64.3	94.6	103.9	107.5	116.9	112.1	102.5	97.1	96.5	113.0	

min_capacite_X : 
82.0	75.0	75.0	

min_capacite_W : 
90.6	92.3	96.5	

max_capacite_X : 
99.0	98.0	97.0	

max_capacite_W : 
127.7	127.4	118.9	

moy_capacite_X : 
90.4	85.5	88.8	

moy_capacite_W : 
110.92	104.75	108.14000000000001	

med_capacite_X : 
90.5	86.5	91.0	

med_capacite_W : 
111.95	99.30000000000001	107.55	

ecartType_capacite_X : 
5.782732917920384	6.711929677819934	6.49307323229917	

ecartType_capacite_W : 
10.722760838515427	11.96137533898172	7.417843352349794	

var_capacite_X : 
33.440000000000005	45.05	42.16	

var_capacite_W : 
114.97760000000005	143.07450000000003	55.02440000000003	

covar_capacite_X : 
37.15555555555556	50.05555555555555	46.84444444444444	

covar_capacite_W : 
127.75288888888895	158.9716666666667	61.13822222222225	

##########	##########	##########	##########	##########	##########	##########	##########	##########	##########	##########	##########	##########	##########	##########	##########	##########	##########	##########	##########	##########	##########	##########	##########	##########	##########	##########	##########	##########	##########	##########	##########	##########	##########	##########	##########	##########	##########	##########	##########	##########	##########	##########	##########	##########	##########	##########	##########	##########	##########	##########	##########	##########	##########	##########	##########	##########	##########	##########	##########	##########	##########	##########	##########	##########	##########	##########	##########	##########	##########	##########	##########	##########	##########	##########	##########	##########	##########	##########	##########	##########	##########	##########	##########	##########	##########	##########	##########	##########	##########	##########	##########	##########	##########	##########	##########	##########	##########	##########	##########	nombre de noeuds : 100
nombre de strates : 3
nombre de centres : 10
titre : fenetre
instances : pmed2_1
temps de calcul : 0.06086111068725586
valeur objective : 1173.0
nombre de solutions : 3
nombre de noeuds : 1.0
faisability : True
centre : [44, 51, 41, 54, 26, 91, 8, 89, 9, 52]
moy_distances :	138.9
min_distances :	1.0
max_distances :	316.0
var_distances :	2680.228723966942
covar_distances :	2680.4994814903257
ecartType_distances :	51.77092546948472
coef_variation	: 0.3727078358616964
distances_centre_x :
-1.0	64.0	81.0	-1.0	27.0	5.0	53.0	-1.0	0.0	0.0	-1.0	-1.0	115.0	151.0	-1.0	-1.0	-1.0	71.0	-1.0	98.0	101.0	102.0	57.0	-1.0	31.0	9.0	0.0	71.0	-1.0	95.0	-1.0	-1.0	41.0	-1.0	-1.0	80.0	59.0	124.0	62.0	26.0	25.0	0.0	-1.0	-1.0	0.0	61.0	102.0	-1.0	131.0	86.0	27.0	0.0	-1.0	49.0	0.0	71.0	67.0	-1.0	-1.0	-1.0	147.0	132.0	-1.0	69.0	102.0	-1.0	110.0	136.0	65.0	-1.0	-1.0	170.0	63.0	-1.0	186.0	138.0	119.0	56.0	101.0	155.0	-1.0	-1.0	66.0	-1.0	54.0	89.0	-1.0	40.0	1.0	0.0	57.0	0.0	10.0	-1.0	58.0	47.0	-1.0	66.0	60.0	-1.0	
88.0	-1.0	-1.0	-1.0	-1.0	5.0	53.0	46.0	0.0	0.0	72.0	-1.0	-1.0	151.0	-1.0	-1.0	106.0	71.0	94.0	98.0	101.0	-1.0	57.0	65.0	31.0	-1.0	0.0	71.0	123.0	95.0	30.0	59.0	41.0	-1.0	-1.0	-1.0	59.0	-1.0	62.0	26.0	25.0	-1.0	68.0	43.0	-1.0	-1.0	102.0	109.0	-1.0	86.0	27.0	0.0	0.0	-1.0	0.0	-1.0	67.0	59.0	150.0	-1.0	-1.0	132.0	105.0	69.0	-1.0	-1.0	110.0	-1.0	65.0	77.0	-1.0	170.0	63.0	157.0	186.0	-1.0	119.0	56.0	101.0	155.0	114.0	115.0	-1.0	-1.0	54.0	-1.0	-1.0	40.0	1.0	0.0	-1.0	-1.0	10.0	83.0	58.0	-1.0	36.0	-1.0	-1.0	67.0	
88.0	64.0	-1.0	15.0	-1.0	5.0	53.0	46.0	0.0	0.0	72.0	82.0	-1.0	151.0	163.0	67.0	-1.0	71.0	94.0	98.0	101.0	-1.0	57.0	65.0	31.0	9.0	0.0	-1.0	-1.0	95.0	30.0	59.0	41.0	122.0	91.0	80.0	-1.0	-1.0	62.0	-1.0	25.0	0.0	-1.0	-1.0	-1.0	-1.0	102.0	109.0	131.0	86.0	-1.0	0.0	-1.0	49.0	0.0	71.0	67.0	59.0	150.0	125.0	-1.0	132.0	105.0	69.0	102.0	115.0	110.0	136.0	65.0	77.0	66.0	170.0	63.0	157.0	186.0	138.0	119.0	56.0	101.0	-1.0	114.0	115.0	-1.0	84.0	54.0	-1.0	46.0	-1.0	-1.0	0.0	57.0	0.0	-1.0	83.0	58.0	-1.0	-1.0	-1.0	-1.0	67.0	

distances_centre_w :
-1.0	152.0	87.0	-1.0	167.0	145.0	59.0	-1.0	48.0	48.0	-1.0	-1.0	163.0	151.0	-1.0	-1.0	-1.0	180.0	-1.0	136.0	139.0	168.0	155.0	-1.0	181.0	159.0	150.0	184.0	-1.0	143.0	-1.0	-1.0	102.0	-1.0	-1.0	178.0	157.0	151.0	157.0	169.0	168.0	172.0	-1.0	-1.0	168.0	168.0	176.0	-1.0	175.0	166.0	170.0	143.0	-1.0	147.0	98.0	169.0	155.0	-1.0	-1.0	-1.0	183.0	180.0	-1.0	179.0	165.0	-1.0	158.0	184.0	185.0	-1.0	-1.0	195.0	158.0	-1.0	205.0	158.0	185.0	163.0	170.0	157.0	-1.0	-1.0	185.0	-1.0	147.0	95.0	-1.0	184.0	150.0	149.0	145.0	172.0	150.0	-1.0	156.0	145.0	-1.0	161.0	158.0	-1.0	
158.0	-1.0	-1.0	-1.0	-1.0	145.0	59.0	52.0	48.0	48.0	120.0	-1.0	-1.0	151.0	-1.0	-1.0	176.0	180.0	160.0	136.0	139.0	-1.0	155.0	163.0	181.0	-1.0	150.0	184.0	172.0	143.0	78.0	120.0	102.0	-1.0	-1.0	-1.0	157.0	-1.0	157.0	169.0	168.0	-1.0	150.0	173.0	-1.0	-1.0	176.0	144.0	-1.0	166.0	170.0	143.0	170.0	-1.0	98.0	-1.0	155.0	147.0	185.0	-1.0	-1.0	180.0	153.0	179.0	-1.0	-1.0	158.0	-1.0	185.0	183.0	-1.0	195.0	158.0	179.0	205.0	-1.0	185.0	163.0	170.0	157.0	162.0	163.0	-1.0	-1.0	147.0	-1.0	-1.0	184.0	150.0	149.0	-1.0	-1.0	150.0	181.0	156.0	-1.0	134.0	-1.0	-1.0	165.0	
158.0	152.0	-1.0	73.0	-1.0	145.0	59.0	52.0	48.0	48.0	120.0	130.0	-1.0	151.0	186.0	169.0	-1.0	180.0	160.0	136.0	139.0	-1.0	155.0	163.0	181.0	159.0	150.0	-1.0	-1.0	143.0	78.0	120.0	102.0	183.0	157.0	178.0	-1.0	-1.0	157.0	-1.0	168.0	172.0	-1.0	-1.0	-1.0	-1.0	176.0	144.0	175.0	166.0	-1.0	143.0	-1.0	147.0	98.0	169.0	155.0	147.0	185.0	148.0	-1.0	180.0	153.0	179.0	165.0	163.0	158.0	184.0	185.0	183.0	164.0	195.0	158.0	179.0	205.0	158.0	185.0	163.0	170.0	-1.0	162.0	163.0	-1.0	162.0	147.0	-1.0	178.0	-1.0	-1.0	149.0	145.0	172.0	-1.0	181.0	156.0	-1.0	-1.0	-1.0	-1.0	165.0	

maxX :
186.0	186.0	186.0	

maxW :
205.0	205.0	205.0	

minX :
0.0	0.0	0.0	

minW :
48.0	48.0	48.0	

moyX :
67.25757575757575	70.046875	75.76712328767124	

moyW :
154.93939393939394	152.171875	152.4931506849315	

medX :
63.5	66.0	71.0	

medW :
158.5	158.0	159.0	

ecartTypeX :
47.58479213580634	46.3048423788957	45.67800362332178	

ecartTypeW :
31.273417305048724	34.13692771742025	33.84822015825062	

varX :
2264.3124426078966	2144.138427734375	2086.480015012198	

varW :
978.026629935721	1165.329833984375	1145.7020078814037	

covarX :
2299.1480186480185	2178.172371031746	2115.4589041095896	

covarW :
993.0731934731937	1183.827132936508	1161.6145357686453	

coef_variationX :
0.7075008517601303	0.66105507745914	0.6028736692284378	

coef_variationW :
0.2018429045700387	0.2243313865812605	0.221965511278503	

moy_distances_centre :	144.11111111111111
min_distances_centre :	27.0
max_distances_centre :	224.0
med_distances_centre :	149.0
ecartType_distances_centre :	45.78365658044957
var_distances_centre :	2096.1432098765436
covar_distances_centre :	2119.6953807740324
coef_variation_distances_centre :	0.3176969230717395
capacite_X_temoin : 
91.0	86.0	96.0	83.0	98.0	86.0	98.0	82.0	93.0	99.0	
90.0	83.0	75.0	98.0	76.0	84.0	75.0	89.0	81.0	89.0	
81.0	92.0	93.0	85.0	93.0	97.0	85.0	95.0	87.0	75.0	

capacite_W_temoin : 
117.3	103.8	116.8	106.9	123.4	97.8	126.4	89.6	109.9	127.7	
116.0	96.9	92.5	127.4	94.8	95.2	95.5	101.7	92.3	115.7	
104.3	106.6	116.9	108.5	117.9	114.1	108.5	104.5	97.1	96.5	

demande_cumulee_X : 
1.0	8.0	8.0	1.0	4.0	14.0	1.0	17.0	11.0	1.0	
1.0	11.0	5.0	0.0	4.0	14.0	2.0	14.0	13.0	0.0	
1.0	13.0	4.0	2.0	3.0	12.0	2.0	19.0	16.0	1.0	

demande_cumulee_W : 
35.0	12.0	9.0	3.0	1.0	2.0	1.0	2.0	1.0	0.0	
37.0	10.0	11.0	1.0	0.0	1.0	1.0	2.0	1.0	0.0	
41.0	12.0	13.0	1.0	1.0	2.0	2.0	1.0	0.0	0.0	

capacite_residuelle_X : 
90.0	78.0	88.0	82.0	94.0	72.0	97.0	65.0	82.0	98.0	
89.0	72.0	70.0	98.0	72.0	70.0	73.0	75.0	68.0	89.0	
80.0	79.0	89.0	83.0	90.0	85.0	83.0	76.0	71.0	74.0	

capacite_residuelle_W : 
82.3	91.8	107.8	103.9	122.4	95.8	125.4	87.6	108.9	127.7	
79.0	86.9	81.5	126.4	94.8	94.2	94.5	99.7	91.3	115.7	
63.3	94.6	103.9	107.5	116.9	112.1	106.5	103.5	97.1	96.5	

min_capacite_X : 
82.0	75.0	75.0	

min_capacite_W : 
89.6	92.3	96.5	

max_capacite_X : 
99.0	98.0	97.0	

max_capacite_W : 
127.7	127.4	117.9	

moy_capacite_X : 
91.2	84.0	88.3	

moy_capacite_W : 
111.96	102.8	107.49000000000001	

med_capacite_X : 
92.0	83.5	89.5	

med_capacite_W : 
113.35	96.2	107.55	

ecartType_capacite_X : 
6.20966987850401	7.197221686178632	6.573431371817918	

ecartType_capacite_W : 
11.983254983517629	11.718446996082717	7.009201095702707	

var_capacite_X : 
38.56000000000001	51.8	43.21	

var_capacite_W : 
143.59840000000008	137.32200000000003	49.12890000000003	

covar_capacite_X : 
42.84444444444444	57.55555555555555	48.01111111111111	

covar_capacite_W : 
159.55377777777784	152.58	54.5876666666667	

##########	##########	##########	##########	##########	##########	##########	##########	##########	##########	##########	##########	##########	##########	##########	##########	##########	##########	##########	##########	##########	##########	##########	##########	##########	##########	##########	##########	##########	##########	##########	##########	##########	##########	##########	##########	##########	##########	##########	##########	##########	##########	##########	##########	##########	##########	##########	##########	##########	##########	##########	##########	##########	##########	##########	##########	##########	##########	##########	##########	##########	##########	##########	##########	##########	##########	##########	##########	##########	##########	##########	##########	##########	##########	##########	##########	##########	##########	##########	##########	##########	##########	##########	##########	##########	##########	##########	##########	##########	##########	##########	##########	##########	##########	##########	##########	##########	##########	##########	##########	nombre de noeuds : 100
nombre de strates : 3
nombre de centres : 10
titre : fenetre
instances : pmed2_1
temps de calcul : 0.062355995178222656
valeur objective : 1173.0
nombre de solutions : 2
nombre de noeuds : 0.0
faisability : True
centre : [51, 41, 54, 26, 91, 8, 89, 9, 52, 6]
moy_distances :	138.9
min_distances :	1.0
max_distances :	316.0
var_distances :	2680.228723966942
covar_distances :	2680.4994814903257
ecartType_distances :	51.77092546948472
coef_variation	: 0.3727078358616964
distances_centre_x :
-1.0	64.0	81.0	-1.0	27.0	5.0	0.0	-1.0	0.0	0.0	-1.0	-1.0	115.0	151.0	-1.0	-1.0	-1.0	71.0	-1.0	98.0	101.0	102.0	57.0	-1.0	31.0	9.0	0.0	71.0	-1.0	95.0	-1.0	-1.0	41.0	-1.0	-1.0	80.0	59.0	124.0	62.0	26.0	25.0	0.0	-1.0	-1.0	107.0	158.0	149.0	-1.0	131.0	86.0	27.0	0.0	-1.0	49.0	0.0	71.0	67.0	-1.0	-1.0	-1.0	147.0	132.0	-1.0	69.0	102.0	-1.0	110.0	136.0	65.0	-1.0	-1.0	170.0	63.0	-1.0	186.0	138.0	119.0	163.0	101.0	155.0	-1.0	-1.0	66.0	-1.0	54.0	36.0	-1.0	40.0	1.0	0.0	57.0	0.0	10.0	-1.0	58.0	47.0	-1.0	66.0	60.0	-1.0	
88.0	-1.0	-1.0	-1.0	-1.0	5.0	0.0	7.0	0.0	0.0	72.0	-1.0	-1.0	151.0	-1.0	-1.0	106.0	71.0	94.0	98.0	101.0	-1.0	57.0	65.0	31.0	-1.0	0.0	71.0	123.0	95.0	30.0	59.0	41.0	-1.0	-1.0	-1.0	59.0	-1.0	62.0	26.0	25.0	-1.0	84.0	64.0	-1.0	-1.0	149.0	109.0	-1.0	86.0	27.0	0.0	0.0	-1.0	0.0	-1.0	67.0	59.0	150.0	-1.0	-1.0	132.0	105.0	69.0	-1.0	-1.0	110.0	-1.0	65.0	77.0	-1.0	170.0	63.0	157.0	186.0	-1.0	119.0	163.0	101.0	155.0	114.0	115.0	-1.0	-1.0	54.0	-1.0	-1.0	40.0	1.0	0.0	-1.0	-1.0	10.0	83.0	58.0	-1.0	36.0	-1.0	-1.0	67.0	
88.0	64.0	-1.0	15.0	-1.0	5.0	0.0	7.0	0.0	0.0	72.0	82.0	-1.0	178.0	163.0	67.0	-1.0	71.0	94.0	98.0	101.0	-1.0	57.0	65.0	31.0	9.0	0.0	-1.0	-1.0	95.0	30.0	59.0	41.0	122.0	91.0	80.0	-1.0	-1.0	62.0	-1.0	25.0	0.0	-1.0	-1.0	-1.0	-1.0	149.0	109.0	131.0	86.0	-1.0	0.0	-1.0	49.0	0.0	71.0	67.0	59.0	150.0	125.0	-1.0	132.0	105.0	69.0	102.0	115.0	110.0	136.0	65.0	77.0	66.0	170.0	63.0	157.0	186.0	138.0	119.0	163.0	101.0	-1.0	114.0	115.0	-1.0	89.0	54.0	-1.0	46.0	-1.0	-1.0	0.0	57.0	0.0	-1.0	83.0	58.0	-1.0	-1.0	-1.0	-1.0	67.0	

distances_centre_w :
-1.0	142.0	154.0	-1.0	108.0	86.0	59.0	-1.0	59.0	107.0	-1.0	-1.0	163.0	151.0	-1.0	-1.0	-1.0	121.0	-1.0	175.0	178.0	155.0	110.0	-1.0	122.0	100.0	91.0	162.0	-1.0	143.0	-1.0	-1.0	161.0	-1.0	-1.0	133.0	112.0	151.0	157.0	168.0	167.0	169.0	-1.0	-1.0	168.0	168.0	176.0	-1.0	186.0	154.0	115.0	142.0	-1.0	102.0	53.0	124.0	148.0	-1.0	-1.0	-1.0	183.0	180.0	-1.0	134.0	155.0	-1.0	158.0	184.0	185.0	-1.0	-1.0	195.0	146.0	-1.0	205.0	174.0	172.0	188.0	186.0	157.0	-1.0	-1.0	140.0	-1.0	88.0	95.0	-1.0	125.0	164.0	165.0	149.0	113.0	91.0	-1.0	111.0	100.0	-1.0	143.0	113.0	-1.0	
151.0	-1.0	-1.0	-1.0	-1.0	86.0	59.0	52.0	59.0	107.0	179.0	-1.0	-1.0	151.0	-1.0	-1.0	163.0	121.0	147.0	175.0	178.0	-1.0	110.0	118.0	122.0	-1.0	91.0	162.0	176.0	143.0	137.0	148.0	161.0	-1.0	-1.0	-1.0	112.0	-1.0	157.0	168.0	167.0	-1.0	172.0	155.0	-1.0	-1.0	176.0	183.0	-1.0	154.0	115.0	142.0	165.0	-1.0	53.0	-1.0	148.0	151.0	185.0	-1.0	-1.0	180.0	153.0	134.0	-1.0	-1.0	158.0	-1.0	185.0	138.0	-1.0	195.0	146.0	179.0	205.0	-1.0	172.0	188.0	186.0	157.0	162.0	163.0	-1.0	-1.0	88.0	-1.0	-1.0	125.0	164.0	165.0	-1.0	-1.0	91.0	136.0	111.0	-1.0	89.0	-1.0	-1.0	120.0	
151.0	142.0	-1.0	154.0	-1.0	86.0	59.0	52.0	59.0	107.0	179.0	130.0	-1.0	204.0	186.0	124.0	-1.0	121.0	147.0	175.0	178.0	-1.0	110.0	118.0	122.0	100.0	91.0	-1.0	-1.0	143.0	137.0	148.0	161.0	183.0	144.0	133.0	-1.0	-1.0	157.0	-1.0	167.0	169.0	-1.0	-1.0	-1.0	-1.0	176.0	183.0	186.0	154.0	-1.0	142.0	-1.0	102.0	53.0	124.0	148.0	151.0	185.0	175.0	-1.0	180.0	153.0	134.0	155.0	163.0	158.0	184.0	185.0	138.0	119.0	195.0	146.0	179.0	205.0	174.0	172.0	188.0	186.0	-1.0	162.0	163.0	-1.0	142.0	88.0	-1.0	119.0	-1.0	-1.0	165.0	149.0	113.0	-1.0	136.0	111.0	-1.0	-1.0	-1.0	-1.0	120.0	

maxX :
186.0	186.0	186.0	

maxW :
205.0	205.0	205.0	

minX :
0.0	0.0	0.0	

minW :
53.0	52.0	52.0	

moyX :
71.07575757575758	71.59375	77.05479452054794	

moyW :
141.5	143.578125	145.17808219178082	

medX :
65.5	67.0	71.0	

medW :
150.0	152.0	149.0	

ecartTypeX :
51.208519238578816	49.7235227124698	49.386618566681896	

ecartTypeW :
35.187054265436714	36.25939735412566	35.52400017034728	

varX :
2622.3124426078966	2472.4287109375	2439.038093450929	

varW :
1238.128787878788	1314.743896484375	1261.9545881028334	

covarX :
2662.655710955711	2511.673611111111	2472.9136225266357	

covarW :
1257.1769230769232	1335.6128472222222	1279.4817351598172	

coef_variationX :
0.7204779939770202	0.6945232329982687	0.6409285609542718	

coef_variationW :
0.24867176159319232	0.25254123742126916	0.2446925846796897	

moy_distances_centre :	134.66666666666666
min_distances_centre :	27.0
max_distances_centre :	224.0
med_distances_centre :	142.0
ecartType_distances_centre :	47.34131388121796
var_distances_centre :	2241.2
covar_distances_centre :	2266.38202247191
coef_variation_distances_centre :	0.35154441000904424
capacite_X_temoin : 
86.0	91.0	86.0	96.0	83.0	86.0	98.0	82.0	93.0	99.0	
93.0	90.0	83.0	75.0	98.0	84.0	75.0	89.0	81.0	89.0	
80.0	81.0	92.0	93.0	85.0	97.0	85.0	95.0	87.0	75.0	

capacite_W_temoin : 
109.8	117.3	103.8	114.8	106.9	97.8	125.4	90.6	109.9	127.7	
118.9	116.0	96.9	90.5	127.4	94.2	94.5	103.7	92.3	115.7	
102.0	104.3	106.6	115.9	107.5	114.1	107.5	106.5	97.1	96.5	

demande_cumulee_X : 
2.0	1.0	8.0	10.0	1.0	14.0	2.0	16.0	11.0	1.0	
2.0	1.0	11.0	7.0	0.0	15.0	3.0	12.0	13.0	0.0	
2.0	1.0	13.0	5.0	3.0	12.0	3.0	17.0	16.0	1.0	

demande_cumulee_W : 
46.0	8.0	2.0	1.0	1.0	3.0	1.0	2.0	2.0	0.0	
46.0	9.0	1.0	2.0	0.0	1.0	1.0	2.0	2.0	0.0	
51.0	13.0	1.0	2.0	0.0	2.0	2.0	1.0	1.0	0.0	

capacite_residuelle_X : 
84.0	90.0	78.0	86.0	82.0	72.0	96.0	66.0	82.0	98.0	
91.0	89.0	72.0	68.0	98.0	69.0	72.0	77.0	68.0	89.0	
78.0	80.0	79.0	88.0	82.0	85.0	82.0	78.0	71.0	74.0	

capacite_residuelle_W : 
63.8	109.3	101.8	113.8	105.9	94.8	124.4	88.6	107.9	127.7	
72.9	107.0	95.9	88.5	127.4	93.2	93.5	101.7	90.3	115.7	
51.0	91.3	105.6	113.9	107.5	112.1	105.5	105.5	96.1	96.5	

min_capacite_X : 
82.0	75.0	75.0	

min_capacite_W : 
90.6	90.5	96.5	

max_capacite_X : 
99.0	98.0	97.0	

max_capacite_W : 
127.7	127.4	115.9	

moy_capacite_X : 
90.0	85.7	87.0	

moy_capacite_W : 
110.4	105.00999999999999	105.8	

med_capacite_X : 
88.5	86.5	86.0	

med_capacite_W : 
109.85	100.30000000000001	106.55	

ecartType_capacite_X : 
5.932958789676531	7.114070564732964	6.797058187186572	

ecartType_capacite_W : 
10.947511132673036	12.63403735945086	5.972269250460834	

var_capacite_X : 
35.2	50.61	46.2	

var_capacite_W : 
119.84800000000004	159.61890000000002	35.66800000000001	

covar_capacite_X : 
39.11111111111111	56.23333333333333	51.33333333333333	

covar_capacite_W : 
133.16444444444448	177.35433333333336	39.631111111111125	

##########	##########	##########	##########	##########	##########	##########	##########	##########	##########	##########	##########	##########	##########	##########	##########	##########	##########	##########	##########	##########	##########	##########	##########	##########	##########	##########	##########	##########	##########	##########	##########	##########	##########	##########	##########	##########	##########	##########	##########	##########	##########	##########	##########	##########	##########	##########	##########	##########	##########	##########	##########	##########	##########	##########	##########	##########	##########	##########	##########	##########	##########	##########	##########	##########	##########	##########	##########	##########	##########	##########	##########	##########	##########	##########	##########	##########	##########	##########	##########	##########	##########	##########	##########	##########	##########	##########	##########	##########	##########	##########	##########	##########	##########	##########	##########	##########	##########	##########	##########	