nombre de noeuds : 50
nombre de strates : 10
nombre de centres : 5
titre : intelligent
instances : alea50_5_2
temps de calcul : 0.05885004997253418
valeur objective : 746.0
nombre de solutions : 2
nombre de noeuds : 0.0
faisability : True
centre : [46, 9, 20, 4, 49]
moy_distances :	32.42
min_distances :	10.0
max_distances :	59.0
var_distances :	81.08245297792587
covar_distances :	81.11556137032191
ecartType_distances :	9.00457955586633
coef_variation	: 0.2777651580362675
distances_centre_x :
21.0	31.0	-1.0	-1.0	0.0	-1.0	18.0	-1.0	-1.0	0.0	24.0	20.0	21.0	13.0	22.0	-1.0	26.0	27.0	21.0	28.0	0.0	28.0	27.0	27.0	34.0	-1.0	-1.0	-1.0	-1.0	-1.0	32.0	22.0	-1.0	25.0	31.0	-1.0	16.0	25.0	-1.0	-1.0	-1.0	21.0	-1.0	31.0	15.0	-1.0	-1.0	18.0	29.0	0.0	
21.0	-1.0	15.0	12.0	0.0	-1.0	18.0	29.0	16.0	0.0	24.0	-1.0	21.0	13.0	22.0	17.0	26.0	-1.0	-1.0	-1.0	0.0	37.0	27.0	27.0	34.0	25.0	-1.0	22.0	23.0	37.0	32.0	22.0	19.0	25.0	-1.0	-1.0	-1.0	-1.0	-1.0	24.0	-1.0	-1.0	-1.0	-1.0	15.0	-1.0	-1.0	18.0	29.0	0.0	
21.0	-1.0	-1.0	-1.0	0.0	-1.0	18.0	-1.0	-1.0	0.0	-1.0	-1.0	21.0	13.0	22.0	-1.0	26.0	-1.0	-1.0	-1.0	-1.0	-1.0	27.0	27.0	34.0	-1.0	-1.0	22.0	23.0	-1.0	32.0	22.0	19.0	-1.0	31.0	-1.0	16.0	25.0	19.0	24.0	-1.0	21.0	21.0	31.0	15.0	-1.0	-1.0	18.0	29.0	-1.0	
21.0	-1.0	15.0	-1.0	0.0	-1.0	18.0	-1.0	-1.0	0.0	24.0	-1.0	21.0	-1.0	22.0	17.0	-1.0	-1.0	-1.0	-1.0	0.0	34.0	27.0	27.0	34.0	25.0	-1.0	-1.0	23.0	-1.0	-1.0	22.0	19.0	25.0	31.0	-1.0	-1.0	25.0	19.0	-1.0	-1.0	21.0	-1.0	31.0	15.0	25.0	-1.0	18.0	29.0	-1.0	
21.0	-1.0	-1.0	-1.0	0.0	16.0	18.0	-1.0	16.0	0.0	24.0	-1.0	21.0	-1.0	22.0	17.0	26.0	-1.0	-1.0	-1.0	-1.0	37.0	27.0	27.0	-1.0	25.0	17.0	-1.0	23.0	37.0	-1.0	-1.0	19.0	25.0	31.0	10.0	16.0	25.0	-1.0	24.0	-1.0	21.0	-1.0	31.0	15.0	25.0	-1.0	18.0	29.0	-1.0	
21.0	-1.0	-1.0	-1.0	0.0	-1.0	18.0	29.0	-1.0	0.0	24.0	20.0	21.0	13.0	22.0	17.0	26.0	-1.0	-1.0	-1.0	-1.0	28.0	27.0	27.0	34.0	25.0	-1.0	-1.0	-1.0	-1.0	32.0	22.0	19.0	25.0	31.0	-1.0	-1.0	25.0	-1.0	24.0	-1.0	-1.0	-1.0	31.0	-1.0	-1.0	0.0	-1.0	29.0	-1.0	
21.0	-1.0	-1.0	-1.0	0.0	-1.0	18.0	-1.0	-1.0	0.0	24.0	-1.0	21.0	-1.0	22.0	17.0	26.0	-1.0	-1.0	-1.0	-1.0	37.0	27.0	27.0	34.0	25.0	-1.0	22.0	23.0	37.0	-1.0	22.0	-1.0	-1.0	-1.0	-1.0	16.0	25.0	19.0	24.0	10.0	21.0	-1.0	31.0	15.0	-1.0	0.0	18.0	-1.0	-1.0	
21.0	-1.0	-1.0	-1.0	0.0	-1.0	18.0	-1.0	-1.0	0.0	24.0	-1.0	21.0	-1.0	22.0	17.0	26.0	-1.0	21.0	-1.0	-1.0	37.0	27.0	27.0	-1.0	25.0	-1.0	-1.0	-1.0	37.0	-1.0	22.0	19.0	25.0	31.0	-1.0	16.0	25.0	19.0	24.0	10.0	-1.0	-1.0	31.0	-1.0	-1.0	0.0	18.0	29.0	-1.0	
21.0	31.0	15.0	-1.0	0.0	-1.0	18.0	-1.0	-1.0	0.0	-1.0	20.0	21.0	-1.0	22.0	-1.0	26.0	-1.0	-1.0	-1.0	-1.0	37.0	27.0	-1.0	34.0	25.0	-1.0	22.0	-1.0	37.0	32.0	22.0	19.0	25.0	31.0	-1.0	16.0	25.0	19.0	-1.0	-1.0	21.0	-1.0	31.0	15.0	-1.0	-1.0	-1.0	-1.0	-1.0	
21.0	-1.0	-1.0	-1.0	0.0	-1.0	18.0	-1.0	-1.0	0.0	-1.0	20.0	21.0	-1.0	22.0	17.0	26.0	-1.0	21.0	-1.0	0.0	-1.0	27.0	-1.0	34.0	25.0	-1.0	-1.0	23.0	-1.0	-1.0	22.0	19.0	25.0	31.0	10.0	-1.0	-1.0	-1.0	24.0	-1.0	-1.0	-1.0	31.0	-1.0	25.0	0.0	18.0	29.0	-1.0	

distances_centre_w :
35.0	32.0	-1.0	-1.0	26.0	-1.0	30.0	-1.0	-1.0	12.0	32.0	28.0	31.0	33.0	34.0	-1.0	33.0	33.0	33.0	34.0	16.0	38.0	33.0	28.0	39.0	-1.0	-1.0	-1.0	-1.0	-1.0	33.0	31.0	-1.0	28.0	33.0	-1.0	31.0	33.0	-1.0	-1.0	-1.0	30.0	-1.0	32.0	30.0	-1.0	-1.0	30.0	30.0	33.0	
37.0	-1.0	33.0	35.0	26.0	-1.0	37.0	30.0	31.0	12.0	32.0	-1.0	31.0	33.0	34.0	30.0	33.0	-1.0	-1.0	-1.0	16.0	38.0	33.0	37.0	39.0	31.0	-1.0	33.0	26.0	38.0	33.0	36.0	36.0	28.0	-1.0	-1.0	-1.0	-1.0	-1.0	35.0	-1.0	-1.0	-1.0	-1.0	30.0	-1.0	-1.0	36.0	36.0	33.0	
35.0	-1.0	-1.0	-1.0	26.0	-1.0	30.0	-1.0	-1.0	12.0	-1.0	-1.0	31.0	33.0	34.0	-1.0	33.0	-1.0	-1.0	-1.0	-1.0	-1.0	33.0	28.0	39.0	-1.0	-1.0	33.0	26.0	-1.0	33.0	31.0	24.0	-1.0	33.0	-1.0	31.0	33.0	31.0	33.0	-1.0	30.0	32.0	32.0	30.0	-1.0	-1.0	30.0	30.0	-1.0	
35.0	-1.0	33.0	-1.0	26.0	-1.0	30.0	-1.0	-1.0	12.0	32.0	-1.0	31.0	-1.0	34.0	30.0	-1.0	-1.0	-1.0	-1.0	16.0	38.0	33.0	28.0	39.0	31.0	-1.0	-1.0	26.0	-1.0	-1.0	31.0	24.0	28.0	33.0	-1.0	-1.0	33.0	31.0	-1.0	-1.0	30.0	-1.0	32.0	30.0	31.0	-1.0	30.0	30.0	-1.0	
37.0	-1.0	-1.0	-1.0	26.0	28.0	37.0	-1.0	31.0	12.0	32.0	-1.0	31.0	-1.0	34.0	30.0	33.0	-1.0	-1.0	-1.0	-1.0	38.0	33.0	37.0	-1.0	31.0	41.0	-1.0	26.0	38.0	-1.0	-1.0	36.0	28.0	33.0	26.0	31.0	33.0	-1.0	35.0	-1.0	36.0	-1.0	32.0	30.0	35.0	-1.0	36.0	36.0	-1.0	
35.0	-1.0	-1.0	-1.0	26.0	-1.0	30.0	30.0	-1.0	12.0	32.0	28.0	31.0	33.0	34.0	30.0	33.0	-1.0	-1.0	-1.0	-1.0	38.0	33.0	28.0	39.0	31.0	-1.0	-1.0	-1.0	-1.0	33.0	31.0	24.0	28.0	33.0	-1.0	-1.0	33.0	-1.0	33.0	-1.0	-1.0	-1.0	32.0	-1.0	-1.0	26.0	-1.0	30.0	-1.0	
37.0	-1.0	-1.0	-1.0	26.0	-1.0	37.0	-1.0	-1.0	12.0	32.0	-1.0	31.0	-1.0	34.0	30.0	33.0	-1.0	-1.0	-1.0	-1.0	38.0	33.0	37.0	39.0	31.0	-1.0	33.0	26.0	38.0	-1.0	36.0	-1.0	-1.0	-1.0	-1.0	31.0	33.0	31.0	35.0	17.0	36.0	-1.0	32.0	30.0	-1.0	26.0	36.0	-1.0	-1.0	
37.0	-1.0	-1.0	-1.0	26.0	-1.0	37.0	-1.0	-1.0	12.0	32.0	-1.0	31.0	-1.0	34.0	30.0	33.0	-1.0	33.0	-1.0	-1.0	38.0	33.0	37.0	-1.0	31.0	-1.0	-1.0	-1.0	38.0	-1.0	36.0	36.0	28.0	33.0	-1.0	31.0	33.0	31.0	35.0	17.0	-1.0	-1.0	32.0	-1.0	-1.0	26.0	36.0	36.0	-1.0	
37.0	32.0	33.0	-1.0	26.0	-1.0	37.0	-1.0	-1.0	12.0	-1.0	37.0	31.0	-1.0	34.0	-1.0	33.0	-1.0	-1.0	-1.0	-1.0	38.0	33.0	-1.0	39.0	31.0	-1.0	33.0	-1.0	38.0	33.0	36.0	36.0	28.0	33.0	-1.0	31.0	33.0	31.0	-1.0	-1.0	36.0	-1.0	32.0	30.0	-1.0	-1.0	-1.0	-1.0	-1.0	
35.0	-1.0	-1.0	-1.0	26.0	-1.0	30.0	-1.0	-1.0	12.0	-1.0	28.0	31.0	-1.0	34.0	30.0	33.0	-1.0	33.0	-1.0	16.0	-1.0	33.0	-1.0	39.0	31.0	-1.0	-1.0	26.0	-1.0	-1.0	31.0	24.0	28.0	33.0	26.0	-1.0	-1.0	-1.0	33.0	-1.0	-1.0	-1.0	32.0	-1.0	31.0	26.0	30.0	30.0	-1.0	

maxX :
34.0	37.0	34.0	34.0	37.0	34.0	37.0	37.0	37.0	34.0	

maxW :
39.0	39.0	39.0	39.0	41.0	39.0	39.0	38.0	39.0	39.0	

minX :
0.0	0.0	0.0	0.0	0.0	0.0	0.0	0.0	0.0	0.0	

minW :
12.0	12.0	12.0	12.0	12.0	12.0	12.0	12.0	12.0	12.0	

moyX :
21.06451612903226	20.3125	21.37037037037037	21.0	21.387096774193548	21.85185185185185	20.785714285714285	21.142857142857142	22.666666666666668	19.576923076923077	

moyW :
30.774193548387096	32.125	30.59259259259259	29.892857142857142	32.32258064516129	30.59259259259259	31.785714285714285	31.857142857142858	32.7037037037037	29.26923076923077	

medX :
22.0	22.0	22.0	22.0	22.0	24.0	22.0	22.0	22.0	21.5	

medW :
32.0	33.0	31.0	31.0	33.0	31.0	33.0	33.0	33.0	30.5	

ecartTypeX :
9.564502529501294	9.862927747378057	7.963565868648747	8.843884085303566	8.27618978623204	9.08683909392	9.405003010773205	9.356870225035893	8.894442709417556	9.664260395606219	

ecartTypeW :
5.166328186466763	5.721396245672904	4.684562980204309	5.446750575961294	5.287764920682423	4.923558328261886	5.990213106495001	5.8230716349110905	5.097674232321557	5.509137111742304	

varX :
91.47970863683663	97.27734375	63.418381344307264	78.21428571428571	68.49531737773154	82.57064471879286	88.45408163265304	87.55102040816325	79.11111111111111	93.39792899408286	

varW :
26.690946930280955	32.734375	21.945130315500684	29.667091836734695	27.960457856399586	24.24142661179698	35.88265306122449	33.90816326530612	25.986282578875173	30.350591715976336	

covarX :
94.52903225806452	100.41532258064515	65.85754985754986	81.1111111111111	70.7784946236559	85.74643874643876	91.73015873015872	90.79365079365077	82.15384615384615	97.13384615384619	

covarW :
27.580645161290327	33.79032258064516	22.789173789173788	30.765873015873012	28.89247311827957	25.17378917378917	37.21164021164021	35.164021164021165	26.98575498575499	31.564615384615397	

coef_variationX :
0.45405754734232784	0.4855595198709197	0.3726451966265445	0.42113733739540793	0.3869711664754046	0.41583839921328813	0.4524743716523192	0.4425546728057517	0.3924018842390098	0.4936557373001212	

coef_variationW :
0.16787858886841683	0.17809793760849504	0.15312736133839752	0.18220909931531212	0.16359352549017478	0.16093955794560644	0.18845614267624722	0.18278700199272482	0.15587452352512124	0.1882228185352167	

moy_distances_centre :	34.6
min_distances_centre :	12.0
max_distances_centre :	49.0
med_distances_centre :	38.0
ecartType_distances_centre :	12.150720143267229
var_distances_centre :	147.64
covar_distances_centre :	155.41052631578944
coef_variation_distances_centre :	0.3511768827533881
capacite_X_temoin : 
46.0	44.0	46.0	46.0	45.0	
45.0	46.0	47.0	48.0	47.0	
37.0	44.0	37.0	44.0	39.0	
44.0	47.0	46.0	46.0	46.0	
49.0	49.0	37.0	49.0	40.0	
44.0	44.0	48.0	46.0	47.0	
39.0	41.0	49.0	41.0	38.0	
48.0	43.0	38.0	45.0	44.0	
41.0	47.0	44.0	44.0	44.0	
37.0	39.0	45.0	40.0	40.0	

capacite_W_temoin : 
48.8	53.2	55.8	55.8	50.5	
47.5	54.8	55.1	59.4	54.1	
40.1	53.2	43.1	54.2	43.7	
50.2	58.1	52.8	56.8	51.8	
53.7	59.7	42.1	59.7	45.0	
48.2	53.2	58.4	57.8	53.1	
42.7	49.3	56.7	49.3	44.4	
53.4	52.9	43.4	54.5	51.2	
43.3	58.1	51.2	56.2	50.2	
41.1	47.7	52.5	47.0	47.0	

demande_cumulee_X : 
11.0	4.0	4.0	4.0	8.0	
11.0	5.0	6.0	3.0	7.0	
8.0	4.0	5.0	3.0	7.0	
7.0	3.0	7.0	3.0	8.0	
10.0	4.0	6.0	4.0	7.0	
9.0	4.0	4.0	2.0	8.0	
8.0	4.0	7.0	4.0	5.0	
9.0	3.0	6.0	4.0	6.0	
10.0	3.0	6.0	1.0	7.0	
7.0	3.0	6.0	5.0	5.0	

demande_cumulee_W : 
2.0	9.0	8.0	5.0	7.0	
9.0	10.0	5.0	4.0	4.0	
2.0	6.0	7.0	7.0	5.0	
5.0	6.0	4.0	6.0	7.0	
8.0	9.0	8.0	4.0	2.0	
4.0	5.0	6.0	5.0	7.0	
7.0	7.0	6.0	6.0	2.0	
7.0	9.0	6.0	4.0	2.0	
6.0	8.0	6.0	5.0	2.0	
4.0	5.0	5.0	5.0	7.0	

capacite_residuelle_X : 
35.0	40.0	42.0	42.0	37.0	
34.0	41.0	41.0	45.0	40.0	
29.0	40.0	32.0	41.0	32.0	
37.0	44.0	39.0	43.0	38.0	
39.0	45.0	31.0	45.0	33.0	
35.0	40.0	44.0	44.0	39.0	
31.0	37.0	42.0	37.0	33.0	
39.0	40.0	32.0	41.0	38.0	
31.0	44.0	38.0	43.0	37.0	
30.0	36.0	39.0	35.0	35.0	

capacite_residuelle_W : 
46.8	44.2	47.8	50.8	43.5	
38.5	44.8	50.1	55.4	50.1	
38.1	47.2	36.1	47.2	38.7	
45.2	52.1	48.8	50.8	44.8	
45.7	50.7	34.1	55.7	43.0	
44.2	48.2	52.4	52.8	46.1	
35.7	42.3	50.7	43.3	42.4	
46.4	43.9	37.4	50.5	49.2	
37.3	50.1	45.2	51.2	48.2	
37.1	42.7	47.5	42.0	40.0	

min_capacite_X : 
44.0	45.0	37.0	44.0	37.0	44.0	38.0	38.0	41.0	37.0	

min_capacite_W : 
48.8	47.5	40.1	50.2	42.1	48.2	42.7	43.4	43.3	41.1	

max_capacite_X : 
46.0	48.0	44.0	47.0	49.0	48.0	49.0	48.0	47.0	45.0	

max_capacite_W : 
55.8	59.4	54.2	58.1	59.7	58.4	56.7	54.5	58.1	52.5	

moy_capacite_X : 
45.4	46.6	40.2	45.8	44.8	45.8	41.6	43.6	44.0	40.2	

moy_capacite_W : 
52.82000000000001	54.18000000000001	46.86	53.94000000000001	52.04	54.14000000000001	48.480000000000004	51.08	51.8	47.06	

med_capacite_X : 
46.0	47.0	39.0	46.0	49.0	46.0	41.0	44.0	44.0	40.0	

med_capacite_W : 
53.2	54.8	43.7	52.8	53.7	53.2	49.3	52.9	51.2	47.0	

ecartType_capacite_X : 
0.7999999999999999	1.019803902718557	3.1874754901018454	0.9797958971132711	5.230678732248808	1.5999999999999999	3.8781438859330635	3.2619012860600183	1.8973665961010275	2.6381811916545836	

ecartType_capacite_W : 
2.8088431782497216	3.823820079449345	5.725242352948913	3.0117104774529704	7.327646279672622	3.7092317263821606	4.877868386908363	3.9846706262876985	5.181119570131538	3.6202762325546374	

var_capacite_X : 
0.6399999999999999	1.04	10.16	0.9599999999999997	27.360000000000003	2.5599999999999996	15.040000000000001	10.64	3.6	6.959999999999999	

var_capacite_W : 
7.889599999999997	14.621599999999995	32.778400000000005	9.070399999999998	53.694400000000016	13.758399999999984	23.7936	15.877600000000001	26.844000000000015	13.106399999999999	

covar_capacite_X : 
0.7999999999999999	1.3	12.7	1.1999999999999997	34.2	3.1999999999999997	18.8	13.3	4.5	8.7	

covar_capacite_W : 
9.861999999999997	18.276999999999994	40.973000000000006	11.337999999999997	67.11800000000002	17.19799999999998	29.742	19.847	33.55500000000002	16.383	

##########	##########	##########	##########	##########	##########	##########	##########	##########	##########	##########	##########	##########	##########	##########	##########	##########	##########	##########	##########	##########	##########	##########	##########	##########	##########	##########	##########	##########	##########	##########	##########	##########	##########	##########	##########	##########	##########	##########	##########	##########	##########	##########	##########	##########	##########	##########	##########	##########	##########	nombre de noeuds : 50
nombre de strates : 10
nombre de centres : 5
titre : intelligent
instances : alea50_5_2
temps de calcul : 0.06201314926147461
valeur objective : 741.0
nombre de solutions : 2
nombre de noeuds : 0.0
faisability : True
centre : [46, 20, 4, 49, 28]
moy_distances :	32.42
min_distances :	10.0
max_distances :	59.0
var_distances :	81.08245297792587
covar_distances :	81.11556137032191
ecartType_distances :	9.00457955586633
coef_variation	: 0.2777651580362675
distances_centre_x :
21.0	25.0	-1.0	-1.0	0.0	-1.0	14.0	-1.0	-1.0	12.0	24.0	20.0	21.0	13.0	22.0	-1.0	23.0	22.0	21.0	28.0	0.0	34.0	24.0	28.0	35.0	-1.0	-1.0	-1.0	-1.0	-1.0	16.0	22.0	-1.0	25.0	28.0	-1.0	10.0	25.0	-1.0	-1.0	-1.0	21.0	-1.0	31.0	13.0	-1.0	-1.0	18.0	13.0	0.0	
21.0	-1.0	15.0	12.0	0.0	-1.0	14.0	25.0	28.0	12.0	24.0	-1.0	21.0	13.0	22.0	17.0	23.0	-1.0	-1.0	-1.0	0.0	34.0	24.0	28.0	35.0	35.0	-1.0	22.0	0.0	36.0	16.0	22.0	19.0	25.0	-1.0	-1.0	-1.0	-1.0	-1.0	24.0	-1.0	-1.0	-1.0	-1.0	13.0	-1.0	-1.0	18.0	13.0	0.0	
21.0	-1.0	-1.0	-1.0	0.0	-1.0	14.0	-1.0	-1.0	12.0	-1.0	-1.0	21.0	13.0	22.0	-1.0	23.0	-1.0	-1.0	-1.0	-1.0	-1.0	24.0	28.0	35.0	-1.0	-1.0	22.0	0.0	-1.0	16.0	22.0	19.0	-1.0	28.0	-1.0	10.0	25.0	19.0	24.0	-1.0	21.0	21.0	31.0	13.0	-1.0	-1.0	18.0	13.0	-1.0	
21.0	-1.0	15.0	-1.0	0.0	-1.0	14.0	-1.0	-1.0	12.0	24.0	-1.0	21.0	-1.0	22.0	17.0	-1.0	-1.0	-1.0	-1.0	0.0	34.0	24.0	28.0	35.0	35.0	-1.0	-1.0	0.0	-1.0	-1.0	22.0	19.0	25.0	28.0	-1.0	-1.0	25.0	19.0	-1.0	-1.0	21.0	-1.0	31.0	13.0	25.0	-1.0	18.0	13.0	-1.0	
21.0	-1.0	-1.0	-1.0	0.0	16.0	14.0	-1.0	28.0	12.0	24.0	-1.0	21.0	-1.0	22.0	17.0	23.0	-1.0	-1.0	-1.0	-1.0	34.0	24.0	28.0	-1.0	25.0	17.0	-1.0	0.0	36.0	-1.0	-1.0	19.0	25.0	28.0	10.0	10.0	25.0	-1.0	24.0	-1.0	21.0	-1.0	31.0	13.0	25.0	-1.0	18.0	13.0	-1.0	
21.0	-1.0	-1.0	-1.0	0.0	-1.0	14.0	25.0	-1.0	12.0	24.0	20.0	21.0	13.0	22.0	17.0	23.0	-1.0	-1.0	-1.0	-1.0	34.0	24.0	28.0	35.0	35.0	-1.0	-1.0	-1.0	-1.0	16.0	22.0	19.0	25.0	28.0	-1.0	-1.0	25.0	-1.0	24.0	-1.0	-1.0	-1.0	31.0	-1.0	-1.0	0.0	-1.0	13.0	-1.0	
21.0	-1.0	-1.0	-1.0	0.0	-1.0	14.0	-1.0	-1.0	12.0	24.0	-1.0	21.0	-1.0	22.0	17.0	23.0	-1.0	-1.0	-1.0	-1.0	34.0	24.0	28.0	35.0	35.0	-1.0	22.0	0.0	36.0	-1.0	22.0	-1.0	-1.0	-1.0	-1.0	10.0	25.0	19.0	24.0	10.0	21.0	-1.0	31.0	13.0	-1.0	0.0	18.0	-1.0	-1.0	
21.0	-1.0	-1.0	-1.0	0.0	-1.0	14.0	-1.0	-1.0	12.0	24.0	-1.0	21.0	-1.0	22.0	17.0	23.0	-1.0	21.0	-1.0	-1.0	34.0	24.0	28.0	-1.0	25.0	-1.0	-1.0	-1.0	36.0	-1.0	22.0	19.0	25.0	28.0	-1.0	10.0	25.0	19.0	24.0	10.0	-1.0	-1.0	31.0	-1.0	-1.0	0.0	18.0	13.0	-1.0	
21.0	25.0	15.0	-1.0	0.0	-1.0	14.0	-1.0	-1.0	12.0	-1.0	20.0	21.0	-1.0	22.0	-1.0	23.0	-1.0	-1.0	-1.0	-1.0	34.0	24.0	-1.0	35.0	35.0	-1.0	22.0	-1.0	36.0	16.0	22.0	19.0	25.0	28.0	-1.0	10.0	25.0	19.0	-1.0	-1.0	21.0	-1.0	31.0	13.0	-1.0	-1.0	-1.0	-1.0	-1.0	
21.0	-1.0	-1.0	-1.0	0.0	-1.0	14.0	-1.0	-1.0	12.0	-1.0	20.0	21.0	-1.0	22.0	17.0	23.0	-1.0	21.0	-1.0	0.0	-1.0	24.0	-1.0	35.0	35.0	-1.0	-1.0	0.0	-1.0	-1.0	22.0	19.0	25.0	28.0	10.0	-1.0	-1.0	-1.0	24.0	-1.0	-1.0	-1.0	31.0	-1.0	25.0	0.0	18.0	13.0	-1.0	

distances_centre_w :
35.0	31.0	-1.0	-1.0	26.0	-1.0	18.0	-1.0	-1.0	35.0	32.0	32.0	34.0	29.0	36.0	-1.0	33.0	27.0	35.0	34.0	16.0	37.0	27.0	33.0	39.0	-1.0	-1.0	-1.0	-1.0	-1.0	32.0	34.0	-1.0	26.0	33.0	-1.0	16.0	33.0	-1.0	-1.0	-1.0	25.0	-1.0	32.0	31.0	-1.0	-1.0	30.0	30.0	33.0	
35.0	-1.0	33.0	36.0	26.0	-1.0	18.0	29.0	31.0	35.0	32.0	-1.0	36.0	29.0	36.0	30.0	33.0	-1.0	-1.0	-1.0	16.0	37.0	27.0	33.0	39.0	38.0	-1.0	23.0	26.0	37.0	32.0	36.0	30.0	26.0	-1.0	-1.0	-1.0	-1.0	-1.0	29.0	-1.0	-1.0	-1.0	-1.0	31.0	-1.0	-1.0	36.0	30.0	33.0	
35.0	-1.0	-1.0	-1.0	26.0	-1.0	18.0	-1.0	-1.0	35.0	-1.0	-1.0	34.0	29.0	36.0	-1.0	33.0	-1.0	-1.0	-1.0	-1.0	-1.0	27.0	33.0	39.0	-1.0	-1.0	23.0	26.0	-1.0	32.0	34.0	30.0	-1.0	33.0	-1.0	16.0	33.0	20.0	29.0	-1.0	25.0	32.0	32.0	31.0	-1.0	-1.0	30.0	30.0	-1.0	
35.0	-1.0	33.0	-1.0	26.0	-1.0	18.0	-1.0	-1.0	35.0	32.0	-1.0	34.0	-1.0	36.0	30.0	-1.0	-1.0	-1.0	-1.0	16.0	37.0	27.0	33.0	39.0	38.0	-1.0	-1.0	26.0	-1.0	-1.0	34.0	30.0	26.0	33.0	-1.0	-1.0	33.0	20.0	-1.0	-1.0	25.0	-1.0	32.0	31.0	35.0	-1.0	30.0	30.0	-1.0	
35.0	-1.0	-1.0	-1.0	26.0	31.0	18.0	-1.0	31.0	35.0	32.0	-1.0	36.0	-1.0	36.0	30.0	33.0	-1.0	-1.0	-1.0	-1.0	37.0	27.0	33.0	-1.0	25.0	34.0	-1.0	26.0	37.0	-1.0	-1.0	30.0	26.0	33.0	26.0	16.0	33.0	-1.0	29.0	-1.0	36.0	-1.0	32.0	31.0	35.0	-1.0	36.0	30.0	-1.0	
35.0	-1.0	-1.0	-1.0	26.0	-1.0	18.0	29.0	-1.0	35.0	32.0	32.0	34.0	29.0	36.0	30.0	33.0	-1.0	-1.0	-1.0	-1.0	37.0	27.0	33.0	39.0	38.0	-1.0	-1.0	-1.0	-1.0	32.0	34.0	30.0	26.0	33.0	-1.0	-1.0	33.0	-1.0	29.0	-1.0	-1.0	-1.0	32.0	-1.0	-1.0	26.0	-1.0	30.0	-1.0	
35.0	-1.0	-1.0	-1.0	26.0	-1.0	18.0	-1.0	-1.0	35.0	32.0	-1.0	36.0	-1.0	36.0	30.0	33.0	-1.0	-1.0	-1.0	-1.0	37.0	27.0	33.0	39.0	38.0	-1.0	23.0	26.0	37.0	-1.0	36.0	-1.0	-1.0	-1.0	-1.0	16.0	33.0	20.0	29.0	35.0	36.0	-1.0	32.0	31.0	-1.0	26.0	36.0	-1.0	-1.0	
35.0	-1.0	-1.0	-1.0	26.0	-1.0	18.0	-1.0	-1.0	35.0	32.0	-1.0	36.0	-1.0	36.0	30.0	33.0	-1.0	35.0	-1.0	-1.0	37.0	27.0	33.0	-1.0	25.0	-1.0	-1.0	-1.0	37.0	-1.0	36.0	30.0	26.0	33.0	-1.0	16.0	33.0	20.0	29.0	35.0	-1.0	-1.0	32.0	-1.0	-1.0	26.0	36.0	30.0	-1.0	
35.0	31.0	33.0	-1.0	26.0	-1.0	18.0	-1.0	-1.0	35.0	-1.0	36.0	36.0	-1.0	36.0	-1.0	33.0	-1.0	-1.0	-1.0	-1.0	37.0	27.0	-1.0	39.0	38.0	-1.0	23.0	-1.0	37.0	32.0	36.0	30.0	26.0	33.0	-1.0	16.0	33.0	20.0	-1.0	-1.0	36.0	-1.0	32.0	31.0	-1.0	-1.0	-1.0	-1.0	-1.0	
35.0	-1.0	-1.0	-1.0	26.0	-1.0	18.0	-1.0	-1.0	35.0	-1.0	32.0	34.0	-1.0	36.0	30.0	33.0	-1.0	35.0	-1.0	16.0	-1.0	27.0	-1.0	39.0	38.0	-1.0	-1.0	26.0	-1.0	-1.0	34.0	30.0	26.0	33.0	26.0	-1.0	-1.0	-1.0	29.0	-1.0	-1.0	-1.0	32.0	-1.0	35.0	26.0	30.0	30.0	-1.0	

maxX :
35.0	36.0	35.0	35.0	36.0	35.0	36.0	36.0	36.0	35.0	

maxW :
39.0	39.0	39.0	39.0	37.0	39.0	39.0	37.0	39.0	39.0	

minX :
0.0	0.0	0.0	0.0	0.0	0.0	0.0	0.0	0.0	0.0	

minW :
16.0	16.0	16.0	16.0	16.0	18.0	16.0	16.0	16.0	16.0	

moyX :
19.64516129032258	19.09375	19.074074074074073	20.035714285714285	20.129032258064516	21.14814814814815	20.035714285714285	20.214285714285715	21.77777777777778	18.46153846153846	

moyW :
30.451612903225808	31.1875	29.666666666666668	30.5	30.806451612903224	31.40740740740741	31.107142857142858	30.607142857142858	31.296296296296298	30.423076923076923	

medX :
21.0	21.0	21.0	21.0	21.0	22.0	21.5	21.5	22.0	21.0	

medW :
32.0	32.0	31.0	32.0	32.0	32.0	33.0	32.5	33.0	31.0	

ecartTypeX :
8.852003188988151	9.827764798645722	7.939241151935562	9.355984115821819	8.357889591177562	8.6611251672769	9.904840601793587	8.465717178534774	8.184598604756843	9.880948137434714	

ecartTypeW :
5.558130978952219	5.370274085184107	5.450110430413654	5.660010095902152	5.076316640513618	4.365345510565206	6.114031202980601	5.665303457477465	6.096840801928516	5.421985705816905	

varX :
78.35796045785641	96.5849609375	63.03155006858711	87.5344387755102	69.85431841831424	75.01508916323732	98.10586734693877	71.66836734693877	66.98765432098766	97.63313609467454	

varW :
30.89281997918835	28.83984375	29.703703703703702	32.035714285714285	25.768990634755465	19.056241426611795	37.381377551020414	32.09566326530612	37.17146776406035	29.397928994082843	

covarX :
80.96989247311829	99.70060483870968	65.45584045584047	90.77645502645501	72.18279569892472	77.90028490028492	101.73941798941797	74.32275132275132	69.56410256410258	101.53846153846153	

covarW :
31.922580645161297	29.77016129032258	30.846153846153847	33.22222222222222	26.627956989247313	19.789173789173795	38.76587301587302	33.28439153439153	38.60113960113961	30.573846153846166	

coef_variationX :
0.45059457940662184	0.5147110860174519	0.41623206039273825	0.4669653391141015	0.41521566879247507	0.4095453231461932	0.4943592457223181	0.4187987296801655	0.37582340532046726	0.535218024111047	

coef_variationW :
0.1825233690122021	0.17219315703997137	0.18371158754203326	0.18557410150498857	0.16478095901143683	0.1389909537562035	0.19654750135873345	0.18509742918246094	0.1948102978131005	0.17821950486882368	

moy_distances_centre :	32.1
min_distances_centre :	16.0
max_distances_centre :	47.0
med_distances_centre :	30.5
ecartType_distances_centre :	9.42814934120159
var_distances_centre :	88.88999999999999
covar_distances_centre :	93.56842105263156
coef_variation_distances_centre :	0.2937118174829156
capacite_X_temoin : 
46.0	46.0	45.0	46.0	45.0	
45.0	47.0	46.0	48.0	47.0	
37.0	37.0	44.0	44.0	39.0	
44.0	46.0	48.0	46.0	46.0	
49.0	37.0	44.0	49.0	40.0	
44.0	48.0	39.0	46.0	47.0	
39.0	49.0	38.0	41.0	38.0	
48.0	38.0	39.0	45.0	44.0	
41.0	44.0	46.0	44.0	44.0	
37.0	45.0	38.0	40.0	40.0	

capacite_W_temoin : 
53.8	55.8	47.5	54.8	53.5	
51.5	55.1	49.8	57.4	57.1	
44.1	43.1	47.2	53.2	46.7	
52.2	51.8	55.4	55.8	55.8	
56.7	43.1	47.2	57.7	49.0	
51.2	57.4	42.7	55.8	57.1	
45.7	56.7	41.4	48.3	46.4	
56.4	44.4	42.7	52.5	54.2	
48.3	51.2	49.8	55.2	53.2	
43.1	51.5	42.4	47.0	50.0	

demande_cumulee_X : 
6.0	4.0	11.0	5.0	5.0	
7.0	6.0	10.0	5.0	4.0	
4.0	5.0	10.0	4.0	4.0	
5.0	8.0	7.0	4.0	4.0	
7.0	5.0	10.0	6.0	3.0	
6.0	5.0	8.0	4.0	4.0	
5.0	7.0	8.0	5.0	3.0	
6.0	5.0	8.0	6.0	3.0	
5.0	6.0	10.0	2.0	4.0	
5.0	7.0	7.0	5.0	2.0	

demande_cumulee_W : 
8.0	9.0	9.0	3.0	2.0	
12.0	9.0	7.0	2.0	2.0	
6.0	8.0	10.0	2.0	1.0	
7.0	7.0	9.0	3.0	2.0	
10.0	11.0	7.0	2.0	1.0	
7.0	7.0	9.0	3.0	1.0	
11.0	7.0	6.0	3.0	1.0	
9.0	9.0	7.0	2.0	1.0	
9.0	8.0	5.0	4.0	1.0	
6.0	6.0	9.0	3.0	2.0	

capacite_residuelle_X : 
40.0	42.0	34.0	41.0	40.0	
38.0	41.0	36.0	43.0	43.0	
33.0	32.0	34.0	40.0	35.0	
39.0	38.0	41.0	42.0	42.0	
42.0	32.0	34.0	43.0	37.0	
38.0	43.0	31.0	42.0	43.0	
34.0	42.0	30.0	36.0	35.0	
42.0	33.0	31.0	39.0	41.0	
36.0	38.0	36.0	42.0	40.0	
32.0	38.0	31.0	35.0	38.0	

capacite_residuelle_W : 
45.8	46.8	38.5	51.8	51.5	
39.5	46.1	42.8	55.4	55.1	
38.1	35.1	37.2	51.2	45.7	
45.2	44.8	46.4	52.8	53.8	
46.7	32.1	40.2	55.7	48.0	
44.2	50.4	33.7	52.8	56.1	
34.7	49.7	35.4	45.3	45.4	
47.4	35.4	35.7	50.5	53.2	
39.3	43.2	44.8	51.2	52.2	
37.1	45.5	33.4	44.0	48.0	

min_capacite_X : 
45.0	45.0	37.0	44.0	37.0	39.0	38.0	38.0	41.0	37.0	

min_capacite_W : 
47.5	49.8	43.1	51.8	43.1	42.7	41.4	42.7	48.3	42.4	

max_capacite_X : 
46.0	48.0	44.0	48.0	49.0	48.0	49.0	48.0	46.0	45.0	

max_capacite_W : 
55.8	57.4	53.2	55.8	57.7	57.4	56.7	56.4	55.2	51.5	

moy_capacite_X : 
45.6	46.6	40.2	46.0	43.8	44.8	41.0	42.8	43.8	40.0	

moy_capacite_W : 
53.08	54.17999999999999	46.86	54.2	50.739999999999995	52.84000000000001	47.7	50.04	51.54	46.8	

med_capacite_X : 
46.0	47.0	39.0	46.0	44.0	46.0	39.0	44.0	44.0	40.0	

med_capacite_W : 
53.8	55.1	46.7	55.4	49.0	55.8	46.4	52.5	51.2	47.0	

ecartType_capacite_X : 
0.4898979485566356	1.019803902718557	3.1874754901018454	1.2649110640673518	4.791659420284375	3.1874754901018454	4.147288270665544	3.762977544445356	1.5999999999999999	2.756809750418044	

ecartType_capacite_W : 
2.9047547228638764	3.0367087446773695	3.5239750282883677	1.8066543665017931	5.619466166816916	5.5355577858062315	5.034679731621468	5.467942940448445	2.4409834083827793	3.6171812229967135	

var_capacite_X : 
0.24	1.04	10.16	1.6	22.96	10.16	17.2	14.160000000000002	2.5599999999999996	7.6	

var_capacite_W : 
8.437599999999994	9.221600000000006	12.418400000000002	3.263999999999996	31.578400000000006	30.642399999999988	25.348000000000013	29.89839999999999	5.958400000000011	13.084	

covar_capacite_X : 
0.3	1.3	12.7	2.0	28.700000000000003	12.7	21.5	17.700000000000003	3.1999999999999997	9.5	

covar_capacite_W : 
10.546999999999993	11.527000000000006	15.523000000000003	4.079999999999995	39.473000000000006	38.30299999999998	31.685000000000016	37.37299999999999	7.448000000000014	16.355	

##########	##########	##########	##########	##########	##########	##########	##########	##########	##########	##########	##########	##########	##########	##########	##########	##########	##########	##########	##########	##########	##########	##########	##########	##########	##########	##########	##########	##########	##########	##########	##########	##########	##########	##########	##########	##########	##########	##########	##########	##########	##########	##########	##########	##########	##########	##########	##########	##########	##########	nombre de noeuds : 50
nombre de strates : 10
nombre de centres : 5
titre : intelligent
instances : alea50_5_2
temps de calcul : 0.0569150447845459
valeur objective : 742.0
nombre de solutions : 2
nombre de noeuds : 0.0
faisability : True
centre : [46, 4, 49, 28, 11]
moy_distances :	32.42
min_distances :	10.0
max_distances :	59.0
var_distances :	81.08245297792587
covar_distances :	81.11556137032191
ecartType_distances :	9.00457955586633
coef_variation	: 0.2777651580362675
distances_centre_x :
21.0	25.0	-1.0	-1.0	0.0	-1.0	14.0	-1.0	-1.0	12.0	24.0	0.0	21.0	13.0	22.0	-1.0	23.0	10.0	21.0	28.0	16.0	34.0	23.0	28.0	35.0	-1.0	-1.0	-1.0	-1.0	-1.0	16.0	20.0	-1.0	25.0	28.0	-1.0	10.0	25.0	-1.0	-1.0	-1.0	25.0	-1.0	32.0	13.0	-1.0	-1.0	18.0	13.0	0.0	
21.0	-1.0	15.0	12.0	0.0	-1.0	14.0	21.0	33.0	12.0	24.0	-1.0	21.0	13.0	22.0	24.0	23.0	-1.0	-1.0	-1.0	16.0	34.0	23.0	28.0	35.0	31.0	-1.0	18.0	0.0	36.0	16.0	20.0	24.0	25.0	-1.0	-1.0	-1.0	-1.0	-1.0	24.0	-1.0	-1.0	-1.0	-1.0	13.0	-1.0	-1.0	18.0	13.0	0.0	
21.0	-1.0	-1.0	-1.0	0.0	-1.0	14.0	-1.0	-1.0	12.0	-1.0	-1.0	21.0	13.0	22.0	-1.0	23.0	-1.0	-1.0	-1.0	-1.0	-1.0	23.0	28.0	35.0	-1.0	-1.0	18.0	0.0	-1.0	16.0	20.0	24.0	-1.0	28.0	-1.0	10.0	25.0	16.0	24.0	-1.0	25.0	21.0	32.0	13.0	-1.0	-1.0	18.0	13.0	-1.0	
21.0	-1.0	15.0	-1.0	0.0	-1.0	14.0	-1.0	-1.0	12.0	24.0	-1.0	21.0	-1.0	22.0	24.0	-1.0	-1.0	-1.0	-1.0	16.0	34.0	23.0	28.0	35.0	31.0	-1.0	-1.0	0.0	-1.0	-1.0	20.0	24.0	25.0	28.0	-1.0	-1.0	25.0	16.0	-1.0	-1.0	25.0	-1.0	32.0	13.0	31.0	-1.0	18.0	13.0	-1.0	
21.0	-1.0	-1.0	-1.0	0.0	16.0	14.0	-1.0	28.0	12.0	24.0	-1.0	21.0	-1.0	22.0	24.0	23.0	-1.0	-1.0	-1.0	-1.0	34.0	23.0	28.0	-1.0	25.0	17.0	-1.0	0.0	36.0	-1.0	-1.0	24.0	25.0	28.0	10.0	10.0	25.0	-1.0	24.0	-1.0	25.0	-1.0	32.0	13.0	31.0	-1.0	18.0	13.0	-1.0	
21.0	-1.0	-1.0	-1.0	0.0	-1.0	14.0	21.0	-1.0	12.0	24.0	0.0	21.0	13.0	22.0	24.0	23.0	-1.0	-1.0	-1.0	-1.0	34.0	23.0	28.0	35.0	31.0	-1.0	-1.0	-1.0	-1.0	16.0	20.0	24.0	25.0	28.0	-1.0	-1.0	25.0	-1.0	24.0	-1.0	-1.0	-1.0	32.0	-1.0	-1.0	0.0	-1.0	13.0	-1.0	
-1.0	-1.0	-1.0	-1.0	-1.0	-1.0	14.0	-1.0	-1.0	12.0	24.0	-1.0	-1.0	-1.0	22.0	24.0	23.0	-1.0	-1.0	-1.0	-1.0	30.0	24.0	28.0	35.0	25.0	-1.0	23.0	0.0	36.0	-1.0	31.0	-1.0	-1.0	-1.0	-1.0	10.0	25.0	19.0	-1.0	17.0	25.0	-1.0	32.0	13.0	-1.0	0.0	18.0	-1.0	-1.0	
21.0	-1.0	-1.0	-1.0	0.0	-1.0	14.0	-1.0	-1.0	12.0	24.0	-1.0	21.0	-1.0	22.0	24.0	23.0	-1.0	21.0	-1.0	-1.0	34.0	23.0	28.0	-1.0	25.0	-1.0	-1.0	-1.0	36.0	-1.0	20.0	24.0	25.0	28.0	-1.0	10.0	25.0	16.0	24.0	17.0	-1.0	-1.0	32.0	-1.0	-1.0	0.0	18.0	13.0	-1.0	
21.0	25.0	15.0	-1.0	0.0	-1.0	14.0	-1.0	-1.0	12.0	-1.0	0.0	21.0	-1.0	22.0	-1.0	23.0	-1.0	-1.0	-1.0	-1.0	34.0	23.0	-1.0	35.0	31.0	-1.0	18.0	-1.0	36.0	16.0	20.0	24.0	25.0	28.0	-1.0	10.0	25.0	16.0	-1.0	-1.0	25.0	-1.0	32.0	13.0	-1.0	-1.0	-1.0	-1.0	-1.0	
21.0	-1.0	-1.0	-1.0	0.0	-1.0	14.0	-1.0	-1.0	12.0	-1.0	0.0	21.0	-1.0	22.0	24.0	23.0	-1.0	21.0	-1.0	16.0	-1.0	23.0	-1.0	35.0	31.0	-1.0	-1.0	0.0	-1.0	-1.0	20.0	24.0	25.0	28.0	10.0	-1.0	-1.0	-1.0	24.0	-1.0	-1.0	-1.0	32.0	-1.0	31.0	0.0	18.0	13.0	-1.0	

distances_centre_w :
35.0	31.0	-1.0	-1.0	26.0	-1.0	18.0	-1.0	-1.0	28.0	34.0	32.0	34.0	27.0	30.0	-1.0	31.0	27.0	35.0	34.0	36.0	35.0	27.0	33.0	39.0	-1.0	-1.0	-1.0	-1.0	-1.0	32.0	34.0	-1.0	26.0	29.0	-1.0	16.0	33.0	-1.0	-1.0	-1.0	30.0	-1.0	33.0	35.0	-1.0	-1.0	22.0	26.0	33.0	
35.0	-1.0	33.0	25.0	26.0	-1.0	18.0	29.0	38.0	28.0	34.0	-1.0	34.0	27.0	30.0	30.0	31.0	-1.0	-1.0	-1.0	36.0	35.0	27.0	33.0	39.0	38.0	-1.0	23.0	26.0	37.0	32.0	36.0	35.0	26.0	-1.0	-1.0	-1.0	-1.0	-1.0	28.0	-1.0	-1.0	-1.0	-1.0	35.0	-1.0	-1.0	36.0	26.0	33.0	
35.0	-1.0	-1.0	-1.0	26.0	-1.0	18.0	-1.0	-1.0	28.0	-1.0	-1.0	34.0	27.0	30.0	-1.0	31.0	-1.0	-1.0	-1.0	-1.0	-1.0	27.0	33.0	39.0	-1.0	-1.0	23.0	26.0	-1.0	32.0	34.0	35.0	-1.0	29.0	-1.0	16.0	33.0	23.0	28.0	-1.0	30.0	30.0	33.0	35.0	-1.0	-1.0	22.0	26.0	-1.0	
35.0	-1.0	33.0	-1.0	26.0	-1.0	18.0	-1.0	-1.0	28.0	34.0	-1.0	34.0	-1.0	30.0	30.0	-1.0	-1.0	-1.0	-1.0	36.0	35.0	27.0	33.0	39.0	38.0	-1.0	-1.0	26.0	-1.0	-1.0	34.0	35.0	26.0	29.0	-1.0	-1.0	33.0	23.0	-1.0	-1.0	30.0	-1.0	33.0	35.0	35.0	-1.0	22.0	26.0	-1.0	
35.0	-1.0	-1.0	-1.0	26.0	23.0	18.0	-1.0	28.0	28.0	34.0	-1.0	34.0	-1.0	30.0	30.0	31.0	-1.0	-1.0	-1.0	-1.0	35.0	27.0	33.0	-1.0	31.0	29.0	-1.0	26.0	37.0	-1.0	-1.0	35.0	26.0	29.0	30.0	16.0	33.0	-1.0	28.0	-1.0	36.0	-1.0	36.0	35.0	35.0	-1.0	36.0	26.0	-1.0	
35.0	-1.0	-1.0	-1.0	26.0	-1.0	18.0	29.0	-1.0	28.0	34.0	32.0	34.0	27.0	30.0	30.0	31.0	-1.0	-1.0	-1.0	-1.0	35.0	27.0	33.0	39.0	38.0	-1.0	-1.0	-1.0	-1.0	32.0	34.0	35.0	26.0	29.0	-1.0	-1.0	33.0	-1.0	28.0	-1.0	-1.0	-1.0	33.0	-1.0	-1.0	26.0	-1.0	26.0	-1.0	
35.0	-1.0	-1.0	-1.0	26.0	-1.0	30.0	-1.0	-1.0	35.0	35.0	-1.0	34.0	-1.0	-1.0	34.0	29.0	-1.0	-1.0	-1.0	-1.0	-1.0	-1.0	33.0	39.0	25.0	-1.0	33.0	23.0	-1.0	-1.0	-1.0	-1.0	-1.0	-1.0	-1.0	33.0	-1.0	23.0	33.0	35.0	30.0	-1.0	33.0	36.0	-1.0	-1.0	-1.0	-1.0	-1.0	
35.0	-1.0	-1.0	-1.0	26.0	-1.0	18.0	-1.0	-1.0	28.0	34.0	-1.0	34.0	-1.0	30.0	30.0	31.0	-1.0	35.0	-1.0	-1.0	35.0	27.0	33.0	-1.0	25.0	-1.0	-1.0	-1.0	37.0	-1.0	36.0	35.0	26.0	29.0	-1.0	16.0	33.0	23.0	28.0	28.0	-1.0	-1.0	36.0	-1.0	-1.0	26.0	36.0	26.0	-1.0	
35.0	31.0	33.0	-1.0	26.0	-1.0	18.0	-1.0	-1.0	28.0	-1.0	32.0	34.0	-1.0	30.0	-1.0	31.0	-1.0	-1.0	-1.0	-1.0	35.0	27.0	-1.0	39.0	38.0	-1.0	23.0	-1.0	37.0	32.0	36.0	35.0	26.0	29.0	-1.0	16.0	33.0	23.0	-1.0	-1.0	30.0	-1.0	36.0	35.0	-1.0	-1.0	-1.0	-1.0	-1.0	
35.0	-1.0	-1.0	-1.0	26.0	-1.0	18.0	-1.0	-1.0	28.0	-1.0	32.0	34.0	-1.0	30.0	30.0	31.0	-1.0	35.0	-1.0	36.0	-1.0	27.0	-1.0	39.0	38.0	-1.0	-1.0	26.0	-1.0	-1.0	34.0	35.0	26.0	29.0	30.0	-1.0	-1.0	-1.0	28.0	-1.0	-1.0	-1.0	33.0	-1.0	35.0	26.0	22.0	26.0	-1.0	

maxX :
35.0	36.0	35.0	35.0	36.0	35.0	36.0	36.0	36.0	35.0	

maxW :
39.0	39.0	39.0	39.0	37.0	39.0	39.0	37.0	39.0	39.0	

minX :
0.0	0.0	0.0	0.0	0.0	0.0	0.0	0.0	0.0	0.0	

minW :
16.0	18.0	16.0	18.0	16.0	18.0	23.0	16.0	16.0	18.0	

moyX :
19.193548387096776	19.65625	19.074074074074073	21.071428571428573	20.838709677419356	20.48148148148148	21.25	20.714285714285715	20.88888888888889	18.76923076923077	

moyW :
30.35483870967742	31.21875	29.0	30.821428571428573	30.193548387096776	30.666666666666668	31.7	29.857142857142858	30.666666666666668	30.346153846153847	

medX :
21.0	21.0	21.0	22.5	23.0	23.0	23.5	22.5	22.0	21.0	

medW :
32.0	32.5	30.0	33.0	30.0	31.0	33.0	30.0	32.0	30.0	

ecartTypeX :
9.088877835694284	9.214829674904468	8.091723828272412	8.659959466370712	8.617674164905923	9.35065999005723	9.310612224768036	8.348897030904924	9.09755088464832	10.00502832159791	

ecartTypeW :
5.102487610244156	4.973268385830389	5.340273262532407	5.021763857938559	5.1079909240245085	4.422166387140534	4.337049688440288	5.369984608346429	5.715476066494082	4.922025128028782	

varX :
82.6077003121748	84.9130859375	65.47599451303155	74.99489795918369	74.26430801248699	87.43484224965707	86.6875	69.70408163265306	82.76543209876543	100.10059171597631	

varW :
26.035379812695115	24.7333984375	28.51851851851852	25.21811224489796	26.091571279916757	19.555555555555557	18.81	28.836734693877553	32.666666666666664	24.226331360946745	

covarX :
85.36129032258061	87.65221774193549	67.994301994302	77.77248677248676	76.73978494623655	90.79772079772081	90.45652173913044	72.28571428571428	85.94871794871794	104.10461538461536	

covarW :
26.903225806451612	25.53125	29.615384615384617	26.152116402116402	26.961290322580645	20.30769230769231	19.799999999999997	29.904761904761905	33.923076923076934	25.195384615384615	

coef_variationX :
0.4735381729521391	0.46879896597288234	0.42422629779292265	0.41098112721759306	0.4135416394923895	0.4565421694964651	0.43814645763614285	0.4030502014919618	0.4355210529884834	0.5330547876261181	

coef_variationW :
0.168094703419308	0.15930389223881125	0.18414735388042783	0.16293092470716067	0.16917491308200827	0.14420107784153913	0.13681544758486713	0.17985594382021533	0.18637421955958963	0.16219601182350865	

moy_distances_centre :	29.8
min_distances_centre :	20.0
max_distances_centre :	38.0
med_distances_centre :	30.0
ecartType_distances_centre :	5.793099343184096
var_distances_centre :	33.56
covar_distances_centre :	35.32631578947368
coef_variation_distances_centre :	0.19439930681825826
capacite_X_temoin : 
46.0	42.0	45.0	46.0	45.0	
45.0	41.0	46.0	48.0	47.0	
37.0	46.0	44.0	44.0	39.0	
44.0	41.0	48.0	46.0	46.0	
49.0	42.0	44.0	49.0	40.0	
44.0	47.0	39.0	46.0	47.0	
39.0	0.0	38.0	41.0	38.0	
48.0	49.0	39.0	45.0	44.0	
41.0	42.0	46.0	44.0	44.0	
37.0	49.0	38.0	40.0	40.0	

capacite_W_temoin : 
53.8	49.6	49.5	53.8	53.5	
50.5	49.3	49.8	57.4	56.1	
44.1	54.8	48.2	51.2	47.7	
51.2	49.3	55.4	52.8	55.8	
56.7	51.6	48.2	54.7	49.0	
50.2	57.1	43.7	53.8	58.1	
46.7	0.0	37.4	47.3	43.4	
56.4	59.7	43.7	50.5	54.2	
47.3	48.6	50.8	53.2	55.2	
42.1	60.7	42.4	44.0	50.0	

demande_cumulee_X : 
6.0	5.0	9.0	6.0	5.0	
8.0	4.0	10.0	5.0	5.0	
4.0	5.0	9.0	6.0	3.0	
6.0	4.0	7.0	7.0	4.0	
7.0	3.0	9.0	9.0	3.0	
7.0	4.0	7.0	6.0	3.0	
4.0	0.0	12.0	6.0	6.0	
6.0	4.0	7.0	8.0	3.0	
6.0	6.0	9.0	4.0	2.0	
6.0	3.0	7.0	8.0	2.0	

demande_cumulee_W : 
8.0	13.0	6.0	1.0	3.0	
11.0	14.0	5.0	1.0	1.0	
6.0	12.0	6.0	0.0	3.0	
7.0	11.0	6.0	1.0	3.0	
11.0	15.0	4.0	0.0	1.0	
7.0	11.0	6.0	1.0	2.0	
8.0	0.0	8.0	7.0	5.0	
9.0	13.0	5.0	0.0	1.0	
8.0	9.0	6.0	2.0	2.0	
6.0	12.0	5.0	1.0	2.0	

capacite_residuelle_X : 
40.0	37.0	36.0	40.0	40.0	
37.0	37.0	36.0	43.0	42.0	
33.0	41.0	35.0	38.0	36.0	
38.0	37.0	41.0	39.0	42.0	
42.0	39.0	35.0	40.0	37.0	
37.0	43.0	32.0	40.0	44.0	
35.0	0.0	26.0	35.0	32.0	
42.0	45.0	32.0	37.0	41.0	
35.0	36.0	37.0	40.0	42.0	
31.0	46.0	31.0	32.0	38.0	

capacite_residuelle_W : 
45.8	36.6	43.5	52.8	50.5	
39.5	35.3	44.8	56.4	55.1	
38.1	42.8	42.2	51.2	44.7	
44.2	38.3	49.4	51.8	52.8	
45.7	36.6	44.2	54.7	48.0	
43.2	46.1	37.7	52.8	56.1	
38.7	0.0	29.4	40.3	38.4	
47.4	46.7	38.7	50.5	53.2	
39.3	39.6	44.8	51.2	53.2	
36.1	48.7	37.4	43.0	48.0	

min_capacite_X : 
42.0	41.0	37.0	41.0	40.0	39.0	0.0	39.0	41.0	37.0	

min_capacite_W : 
49.5	49.3	44.1	49.3	48.2	43.7	0.0	43.7	47.3	42.1	

max_capacite_X : 
46.0	48.0	46.0	48.0	49.0	47.0	41.0	49.0	46.0	49.0	

max_capacite_W : 
53.8	57.4	54.8	55.8	56.7	58.1	47.3	59.7	55.2	60.7	

moy_capacite_X : 
44.8	45.4	42.0	45.0	44.8	44.6	31.2	45.0	43.4	40.8	

moy_capacite_W : 
52.04	52.620000000000005	49.2	52.9	52.04	52.580000000000005	34.959999999999994	52.9	51.019999999999996	47.84	

med_capacite_X : 
45.0	46.0	44.0	46.0	44.0	46.0	38.0	45.0	44.0	40.0	

med_capacite_W : 
53.5	50.5	48.2	52.8	51.6	53.8	43.4	54.2	50.8	44.0	

ecartType_capacite_X : 
1.4696938456699067	2.4166091947189146	3.40587727318528	2.3664319132398464	3.6551333764994136	3.0066592756745814	15.63841424185969	3.521363372331802	1.7435595774162693	4.261455150532504	

ecartType_capacite_W : 
2.036271101793667	3.418420687978588	3.5949965229468566	2.470627450669161	3.2549039924397163	5.2327430664996335	17.82970555000839	5.487804661246607	2.897171033957093	7.033235386363804	

var_capacite_X : 
2.1599999999999997	5.840000000000002	11.6	5.6	13.360000000000003	9.04	244.56	12.4	3.04	18.160000000000004	

var_capacite_W : 
4.1463999999999945	11.685600000000004	12.923999999999989	6.103999999999997	10.594400000000004	27.38159999999999	317.89840000000004	30.115999999999993	8.39360000000001	49.46640000000001	

covar_capacite_X : 
2.6999999999999997	7.300000000000002	14.5	7.0	16.700000000000003	11.299999999999999	305.7	15.5	3.8	22.700000000000006	

covar_capacite_W : 
5.182999999999994	14.607000000000006	16.154999999999987	7.629999999999997	13.243000000000006	34.22699999999999	397.37300000000005	37.64499999999999	10.492000000000013	61.83300000000001	

##########	##########	##########	##########	##########	##########	##########	##########	##########	##########	##########	##########	##########	##########	##########	##########	##########	##########	##########	##########	##########	##########	##########	##########	##########	##########	##########	##########	##########	##########	##########	##########	##########	##########	##########	##########	##########	##########	##########	##########	##########	##########	##########	##########	##########	##########	##########	##########	##########	##########	nombre de noeuds : 50
nombre de strates : 10
nombre de centres : 5
titre : intelligent
instances : alea50_5_2
temps de calcul : 0.053212881088256836
valeur objective : 750.0
nombre de solutions : 2
nombre de noeuds : 0.0
faisability : True
centre : [46, 4, 49, 28, 24]
moy_distances :	32.42
min_distances :	10.0
max_distances :	59.0
var_distances :	81.08245297792587
covar_distances :	81.11556137032191
ecartType_distances :	9.00457955586633
coef_variation	: 0.2777651580362675
distances_centre_x :
21.0	25.0	-1.0	-1.0	0.0	-1.0	14.0	-1.0	-1.0	12.0	24.0	20.0	21.0	13.0	22.0	-1.0	23.0	22.0	21.0	14.0	16.0	22.0	24.0	28.0	0.0	-1.0	-1.0	-1.0	-1.0	-1.0	16.0	31.0	-1.0	25.0	28.0	-1.0	10.0	19.0	-1.0	-1.0	-1.0	25.0	-1.0	32.0	13.0	-1.0	-1.0	18.0	13.0	0.0	
21.0	-1.0	15.0	12.0	0.0	-1.0	14.0	25.0	18.0	12.0	24.0	-1.0	21.0	13.0	22.0	24.0	23.0	-1.0	-1.0	-1.0	16.0	22.0	24.0	28.0	0.0	31.0	-1.0	23.0	0.0	36.0	16.0	31.0	24.0	25.0	-1.0	-1.0	-1.0	-1.0	-1.0	24.0	-1.0	-1.0	-1.0	-1.0	13.0	-1.0	-1.0	18.0	13.0	0.0	
-1.0	-1.0	-1.0	-1.0	-1.0	-1.0	14.0	-1.0	-1.0	12.0	-1.0	-1.0	-1.0	13.0	22.0	-1.0	23.0	-1.0	-1.0	-1.0	-1.0	-1.0	24.0	28.0	35.0	-1.0	-1.0	23.0	0.0	-1.0	16.0	31.0	24.0	-1.0	28.0	-1.0	10.0	25.0	19.0	-1.0	-1.0	25.0	21.0	32.0	13.0	-1.0	-1.0	18.0	13.0	-1.0	
-1.0	-1.0	15.0	-1.0	-1.0	-1.0	14.0	-1.0	-1.0	12.0	24.0	-1.0	-1.0	-1.0	22.0	24.0	-1.0	-1.0	-1.0	-1.0	16.0	30.0	24.0	28.0	35.0	25.0	-1.0	-1.0	0.0	-1.0	-1.0	31.0	24.0	-1.0	28.0	-1.0	-1.0	25.0	19.0	-1.0	-1.0	25.0	-1.0	32.0	13.0	31.0	-1.0	18.0	13.0	-1.0	
21.0	-1.0	-1.0	-1.0	0.0	16.0	14.0	-1.0	18.0	12.0	24.0	-1.0	21.0	-1.0	22.0	24.0	23.0	-1.0	-1.0	-1.0	-1.0	22.0	24.0	28.0	-1.0	31.0	17.0	-1.0	0.0	36.0	-1.0	-1.0	24.0	25.0	28.0	10.0	10.0	19.0	-1.0	24.0	-1.0	25.0	-1.0	32.0	13.0	31.0	-1.0	18.0	13.0	-1.0	
21.0	-1.0	-1.0	-1.0	0.0	-1.0	14.0	25.0	-1.0	12.0	24.0	20.0	21.0	13.0	22.0	24.0	23.0	-1.0	-1.0	-1.0	-1.0	22.0	24.0	28.0	0.0	31.0	-1.0	-1.0	-1.0	-1.0	16.0	31.0	24.0	25.0	28.0	-1.0	-1.0	19.0	-1.0	24.0	-1.0	-1.0	-1.0	32.0	-1.0	-1.0	0.0	-1.0	13.0	-1.0	
21.0	-1.0	-1.0	-1.0	0.0	-1.0	14.0	-1.0	-1.0	12.0	24.0	-1.0	21.0	-1.0	22.0	24.0	23.0	-1.0	-1.0	-1.0	-1.0	22.0	24.0	28.0	0.0	31.0	-1.0	23.0	0.0	36.0	-1.0	31.0	-1.0	-1.0	-1.0	-1.0	10.0	19.0	19.0	24.0	17.0	25.0	-1.0	32.0	13.0	-1.0	0.0	18.0	-1.0	-1.0	
21.0	-1.0	-1.0	-1.0	0.0	-1.0	14.0	-1.0	-1.0	12.0	24.0	-1.0	21.0	-1.0	22.0	24.0	23.0	-1.0	21.0	-1.0	-1.0	22.0	24.0	28.0	-1.0	31.0	-1.0	-1.0	-1.0	36.0	-1.0	31.0	24.0	25.0	28.0	-1.0	10.0	19.0	19.0	24.0	17.0	-1.0	-1.0	32.0	-1.0	-1.0	0.0	18.0	13.0	-1.0	
21.0	25.0	15.0	-1.0	0.0	-1.0	14.0	-1.0	-1.0	12.0	-1.0	20.0	21.0	-1.0	22.0	-1.0	23.0	-1.0	-1.0	-1.0	-1.0	22.0	24.0	-1.0	0.0	31.0	-1.0	23.0	-1.0	36.0	16.0	31.0	24.0	25.0	28.0	-1.0	10.0	19.0	19.0	-1.0	-1.0	25.0	-1.0	32.0	13.0	-1.0	-1.0	-1.0	-1.0	-1.0	
21.0	-1.0	-1.0	-1.0	0.0	-1.0	14.0	-1.0	-1.0	12.0	-1.0	20.0	21.0	-1.0	22.0	24.0	23.0	-1.0	21.0	-1.0	16.0	-1.0	24.0	-1.0	0.0	31.0	-1.0	-1.0	0.0	-1.0	-1.0	31.0	24.0	25.0	28.0	10.0	-1.0	-1.0	-1.0	24.0	-1.0	-1.0	-1.0	32.0	-1.0	31.0	0.0	18.0	13.0	-1.0	

distances_centre_w :
35.0	31.0	-1.0	-1.0	26.0	-1.0	18.0	-1.0	-1.0	34.0	30.0	32.0	31.0	34.0	40.0	-1.0	28.0	27.0	31.0	28.0	41.0	30.0	27.0	33.0	35.0	-1.0	-1.0	-1.0	-1.0	-1.0	32.0	34.0	-1.0	26.0	31.0	-1.0	16.0	25.0	-1.0	-1.0	-1.0	30.0	-1.0	33.0	24.0	-1.0	-1.0	30.0	29.0	28.0	
35.0	-1.0	33.0	17.0	26.0	-1.0	18.0	29.0	31.0	34.0	30.0	-1.0	33.0	34.0	40.0	30.0	28.0	-1.0	-1.0	-1.0	41.0	34.0	27.0	33.0	35.0	38.0	-1.0	33.0	26.0	37.0	32.0	36.0	28.0	26.0	-1.0	-1.0	-1.0	-1.0	-1.0	29.0	-1.0	-1.0	-1.0	-1.0	24.0	-1.0	-1.0	36.0	36.0	33.0	
35.0	-1.0	-1.0	-1.0	26.0	-1.0	30.0	-1.0	-1.0	35.0	-1.0	-1.0	34.0	34.0	-1.0	-1.0	29.0	-1.0	-1.0	-1.0	-1.0	-1.0	-1.0	33.0	39.0	-1.0	-1.0	33.0	23.0	-1.0	-1.0	34.0	35.0	-1.0	31.0	-1.0	33.0	-1.0	23.0	33.0	-1.0	30.0	36.0	33.0	15.0	-1.0	-1.0	20.0	29.0	-1.0	
35.0	-1.0	-1.0	-1.0	26.0	-1.0	30.0	-1.0	-1.0	35.0	35.0	-1.0	34.0	-1.0	-1.0	34.0	-1.0	-1.0	-1.0	-1.0	41.0	-1.0	-1.0	33.0	39.0	25.0	-1.0	-1.0	23.0	-1.0	-1.0	34.0	35.0	28.0	31.0	-1.0	-1.0	-1.0	23.0	-1.0	-1.0	30.0	-1.0	33.0	15.0	-1.0	-1.0	20.0	29.0	-1.0	
35.0	-1.0	-1.0	-1.0	26.0	35.0	18.0	-1.0	31.0	34.0	30.0	-1.0	33.0	-1.0	40.0	30.0	28.0	-1.0	-1.0	-1.0	-1.0	34.0	27.0	33.0	-1.0	38.0	34.0	-1.0	26.0	37.0	-1.0	-1.0	28.0	26.0	31.0	28.0	16.0	33.0	-1.0	29.0	-1.0	36.0	-1.0	33.0	24.0	35.0	-1.0	36.0	36.0	-1.0	
35.0	-1.0	-1.0	-1.0	26.0	-1.0	18.0	29.0	-1.0	34.0	30.0	32.0	31.0	34.0	40.0	30.0	28.0	-1.0	-1.0	-1.0	-1.0	30.0	27.0	33.0	35.0	38.0	-1.0	-1.0	-1.0	-1.0	32.0	34.0	28.0	26.0	31.0	-1.0	-1.0	25.0	-1.0	29.0	-1.0	-1.0	-1.0	33.0	-1.0	-1.0	26.0	-1.0	29.0	-1.0	
35.0	-1.0	-1.0	-1.0	26.0	-1.0	18.0	-1.0	-1.0	34.0	30.0	-1.0	33.0	-1.0	40.0	30.0	28.0	-1.0	-1.0	-1.0	-1.0	34.0	27.0	33.0	35.0	38.0	-1.0	33.0	26.0	37.0	-1.0	36.0	-1.0	-1.0	-1.0	-1.0	16.0	33.0	23.0	29.0	35.0	36.0	-1.0	33.0	24.0	-1.0	26.0	36.0	-1.0	-1.0	
35.0	-1.0	-1.0	-1.0	26.0	-1.0	18.0	-1.0	-1.0	34.0	30.0	-1.0	33.0	-1.0	40.0	30.0	28.0	-1.0	31.0	-1.0	-1.0	34.0	27.0	33.0	-1.0	38.0	-1.0	-1.0	-1.0	37.0	-1.0	36.0	28.0	26.0	31.0	-1.0	16.0	33.0	23.0	29.0	35.0	-1.0	-1.0	33.0	-1.0	-1.0	26.0	36.0	36.0	-1.0	
35.0	31.0	33.0	-1.0	26.0	-1.0	18.0	-1.0	-1.0	34.0	-1.0	32.0	33.0	-1.0	40.0	-1.0	28.0	-1.0	-1.0	-1.0	-1.0	34.0	27.0	-1.0	35.0	38.0	-1.0	33.0	-1.0	37.0	32.0	36.0	28.0	26.0	31.0	-1.0	16.0	33.0	23.0	-1.0	-1.0	36.0	-1.0	33.0	24.0	-1.0	-1.0	-1.0	-1.0	-1.0	
35.0	-1.0	-1.0	-1.0	26.0	-1.0	18.0	-1.0	-1.0	34.0	-1.0	32.0	31.0	-1.0	40.0	30.0	28.0	-1.0	31.0	-1.0	41.0	-1.0	27.0	-1.0	35.0	38.0	-1.0	-1.0	26.0	-1.0	-1.0	34.0	28.0	26.0	31.0	28.0	-1.0	-1.0	-1.0	29.0	-1.0	-1.0	-1.0	33.0	-1.0	34.0	26.0	30.0	29.0	-1.0	

maxX :
32.0	36.0	35.0	35.0	36.0	32.0	36.0	36.0	36.0	32.0	

maxW :
41.0	41.0	39.0	41.0	40.0	40.0	40.0	40.0	40.0	41.0	

minX :
0.0	0.0	0.0	0.0	0.0	0.0	0.0	0.0	0.0	0.0	

minW :
16.0	17.0	15.0	15.0	16.0	18.0	16.0	16.0	16.0	18.0	

moyX :
18.451612903225808	18.375	20.391304347826086	22.0	20.161290322580644	19.85185185185185	19.035714285714285	20.821428571428573	20.40740740740741	18.653846153846153	

moyW :
29.967741935483872	31.3125	30.565217391304348	30.363636363636363	30.967741935483872	30.48148148148148	30.857142857142858	30.785714285714285	30.814814814814813	30.76923076923077	

medX :
21.0	21.0	22.0	24.0	22.0	22.0	21.5	22.0	22.0	21.0	

medW :
30.0	33.0	33.0	32.0	33.0	30.0	33.0	32.0	33.0	30.5	

ecartTypeX :
8.170911070445193	9.033790732577327	8.041950501208905	7.984359711335656	8.328330097086411	8.77160276626588	9.748560856634697	8.324033926908667	8.451426613121725	9.801657268396024	

ecartTypeW :
5.121012191831473	5.451132336496703	5.593677229939266	6.161061409039064	5.385068190587161	4.391661883787152	5.792324266489512	5.602022229626056	5.7027416216012705	4.862000951710917	

varX :
66.76378772112382	81.609375	64.67296786389416	63.75	69.36108220603536	76.94101508916326	95.03443877551021	69.28954081632654	71.42661179698217	96.0724852071006	

varW :
26.224765868886582	29.71484375	31.289224952741023	37.95867768595042	28.998959417273674	19.286694101508917	33.55102040816327	31.382653061224488	32.521262002743484	23.639053254437865	

covarX :
68.98924731182795	84.24193548387096	67.61264822134389	66.52173913043478	71.67311827956989	79.90028490028492	98.55423280423283	71.8558201058201	74.17378917378917	99.91538461538461	

covarW :
27.0989247311828	30.673387096774192	32.71146245059289	39.76623376623377	29.965591397849465	20.02849002849003	34.79365079365079	32.544973544973544	33.77207977207977	24.584615384615375	

coef_variationX :
0.4428290964751765	0.4916348698001266	0.39438136786312333	0.36292544142434796	0.413085172815486	0.44185312442010966	0.5121195196731173	0.3997820753918399	0.4141352423852751	0.525449667996488	

coef_variationW :
0.17088415279523753	0.1740880586505933	0.18300793213172564	0.20290920808212487	0.17389282698771039	0.14407639229921398	0.18771421233993787	0.1819682394774125	0.18506493243177202	0.15801503093060482	

moy_distances_centre :	33.6
min_distances_centre :	23.0
max_distances_centre :	46.0
med_distances_centre :	34.0
ecartType_distances_centre :	7.310266752998826
var_distances_centre :	53.44
covar_distances_centre :	56.252631578947366
coef_variation_distances_centre :	0.21756746288686982
capacite_X_temoin : 
46.0	43.0	45.0	46.0	45.0	
45.0	49.0	46.0	48.0	47.0	
37.0	0.0	44.0	44.0	39.0	
44.0	0.0	48.0	46.0	46.0	
49.0	49.0	44.0	49.0	40.0	
44.0	37.0	39.0	46.0	47.0	
39.0	41.0	38.0	41.0	38.0	
48.0	49.0	39.0	45.0	44.0	
41.0	49.0	46.0	44.0	44.0	
37.0	48.0	38.0	40.0	40.0	

capacite_W_temoin : 
55.8	51.9	47.5	53.8	52.5	
51.5	60.7	48.8	57.4	55.1	
44.1	0.0	45.2	51.2	45.7	
53.2	0.0	52.4	52.8	52.8	
56.7	60.7	46.2	55.7	50.0	
51.2	45.1	42.7	53.8	57.1	
45.7	50.3	39.4	47.3	45.4	
56.4	61.7	42.7	50.5	53.2	
48.3	60.7	48.8	53.2	53.2	
42.1	61.4	42.4	44.0	48.0	

demande_cumulee_X : 
4.0	4.0	11.0	6.0	6.0	
7.0	3.0	11.0	5.0	6.0	
4.0	0.0	12.0	6.0	5.0	
4.0	0.0	10.0	7.0	7.0	
7.0	3.0	11.0	8.0	2.0	
6.0	3.0	8.0	6.0	4.0	
5.0	3.0	10.0	6.0	4.0	
6.0	2.0	8.0	8.0	4.0	
5.0	3.0	11.0	4.0	4.0	
6.0	1.0	7.0	8.0	4.0	

demande_cumulee_W : 
8.0	4.0	11.0	1.0	7.0	
14.0	6.0	8.0	4.0	0.0	
4.0	0.0	7.0	6.0	10.0	
6.0	0.0	9.0	3.0	10.0	
13.0	6.0	6.0	4.0	2.0	
7.0	4.0	9.0	2.0	5.0	
13.0	5.0	6.0	3.0	1.0	
11.0	5.0	6.0	3.0	3.0	
12.0	5.0	5.0	3.0	2.0	
6.0	3.0	9.0	2.0	6.0	

capacite_residuelle_X : 
42.0	39.0	34.0	40.0	39.0	
38.0	46.0	35.0	43.0	41.0	
33.0	0.0	32.0	38.0	34.0	
40.0	0.0	38.0	39.0	39.0	
42.0	46.0	33.0	41.0	38.0	
38.0	34.0	31.0	40.0	43.0	
34.0	38.0	28.0	35.0	34.0	
42.0	47.0	31.0	37.0	40.0	
36.0	46.0	35.0	40.0	40.0	
31.0	47.0	31.0	32.0	36.0	

capacite_residuelle_W : 
47.8	47.9	36.5	52.8	45.5	
37.5	54.7	40.8	53.4	55.1	
40.1	0.0	38.2	45.2	35.7	
47.2	0.0	43.4	49.8	42.8	
43.7	54.7	40.2	51.7	48.0	
44.2	41.1	33.7	51.8	52.1	
32.7	45.3	33.4	44.3	44.4	
45.4	56.7	36.7	47.5	50.2	
36.3	55.7	43.8	50.2	51.2	
36.1	58.4	33.4	42.0	42.0	

min_capacite_X : 
43.0	45.0	0.0	0.0	40.0	37.0	38.0	39.0	41.0	37.0	

min_capacite_W : 
47.5	48.8	0.0	0.0	46.2	42.7	39.4	42.7	48.3	42.1	

max_capacite_X : 
46.0	49.0	44.0	48.0	49.0	47.0	41.0	49.0	49.0	48.0	

max_capacite_W : 
55.8	60.7	51.2	53.2	60.7	57.1	50.3	61.7	60.7	61.4	

moy_capacite_X : 
45.0	47.0	32.8	36.8	46.2	42.6	39.4	45.0	44.8	40.6	

moy_capacite_W : 
52.3	54.7	37.239999999999995	42.239999999999995	53.86	49.980000000000004	45.62	52.9	52.839999999999996	47.58	

med_capacite_X : 
45.0	47.0	39.0	46.0	49.0	44.0	39.0	45.0	44.0	40.0	

med_capacite_W : 
52.5	55.1	45.2	52.8	55.7	51.2	45.7	53.2	53.2	44.0	

ecartType_capacite_X : 
1.0954451150103321	1.4142135623730951	16.630093204789926	18.443427013437606	3.655133376499413	3.9293765408777004	1.3564659966250536	3.521363372331802	2.6381811916545836	3.878143885933063	

ecartType_capacite_W : 
2.7473623714391944	4.207136793592527	18.78133115623065	21.12151509717047	5.134432782693723	5.358880480100297	3.562807881432845	6.31791104717374	4.44908979455349	7.222852622060067	

var_capacite_X : 
1.2	2.0	276.56000000000006	340.16	13.36	15.440000000000001	1.8399999999999999	12.4	6.959999999999999	15.039999999999997	

var_capacite_W : 
7.547999999999995	17.70000000000001	352.73840000000007	446.1184	26.3624	28.717599999999994	12.693599999999998	39.91599999999999	19.79440000000002	52.16959999999999	

covar_capacite_X : 
1.5	2.5	345.70000000000005	425.20000000000005	16.7	19.3	2.3	15.5	8.7	18.799999999999997	

covar_capacite_W : 
9.434999999999993	22.125000000000014	440.92300000000006	557.648	32.953	35.89699999999999	15.866999999999997	49.89499999999999	24.743000000000027	65.21199999999999	

##########	##########	##########	##########	##########	##########	##########	##########	##########	##########	##########	##########	##########	##########	##########	##########	##########	##########	##########	##########	##########	##########	##########	##########	##########	##########	##########	##########	##########	##########	##########	##########	##########	##########	##########	##########	##########	##########	##########	##########	##########	##########	##########	##########	##########	##########	##########	##########	##########	##########	nombre de noeuds : 50
nombre de strates : 10
nombre de centres : 5
titre : intelligent
instances : alea50_5_2
temps de calcul : 0.05011105537414551
valeur objective : 744.0
nombre de solutions : 2
nombre de noeuds : 0.0
faisability : True
centre : [46, 4, 49, 28, 3]
moy_distances :	32.42
min_distances :	10.0
max_distances :	59.0
var_distances :	81.08245297792587
covar_distances :	81.11556137032191
ecartType_distances :	9.00457955586633
coef_variation	: 0.2777651580362675
distances_centre_x :
21.0	25.0	-1.0	-1.0	0.0	-1.0	14.0	-1.0	-1.0	12.0	24.0	20.0	21.0	13.0	22.0	-1.0	23.0	15.0	21.0	28.0	16.0	30.0	24.0	25.0	35.0	-1.0	-1.0	-1.0	-1.0	-1.0	16.0	24.0	-1.0	25.0	28.0	-1.0	10.0	25.0	-1.0	-1.0	-1.0	25.0	-1.0	32.0	13.0	-1.0	-1.0	18.0	13.0	0.0	
21.0	-1.0	15.0	0.0	0.0	-1.0	14.0	25.0	19.0	12.0	24.0	-1.0	21.0	13.0	22.0	24.0	23.0	-1.0	-1.0	-1.0	16.0	30.0	24.0	25.0	35.0	31.0	-1.0	23.0	0.0	25.0	16.0	24.0	24.0	25.0	-1.0	-1.0	-1.0	-1.0	-1.0	12.0	-1.0	-1.0	-1.0	-1.0	13.0	-1.0	-1.0	18.0	13.0	0.0	
21.0	-1.0	-1.0	-1.0	0.0	-1.0	14.0	-1.0	-1.0	12.0	-1.0	-1.0	21.0	13.0	22.0	-1.0	23.0	-1.0	-1.0	-1.0	-1.0	-1.0	24.0	28.0	35.0	-1.0	-1.0	23.0	0.0	-1.0	16.0	31.0	24.0	-1.0	28.0	-1.0	10.0	25.0	19.0	24.0	-1.0	25.0	21.0	32.0	13.0	-1.0	-1.0	18.0	13.0	-1.0	
21.0	-1.0	15.0	-1.0	0.0	-1.0	14.0	-1.0	-1.0	12.0	24.0	-1.0	21.0	-1.0	22.0	24.0	-1.0	-1.0	-1.0	-1.0	16.0	30.0	24.0	25.0	35.0	25.0	-1.0	-1.0	0.0	-1.0	-1.0	24.0	24.0	25.0	28.0	-1.0	-1.0	25.0	19.0	-1.0	-1.0	25.0	-1.0	32.0	13.0	23.0	-1.0	18.0	13.0	-1.0	
21.0	-1.0	-1.0	-1.0	0.0	16.0	14.0	-1.0	19.0	12.0	24.0	-1.0	21.0	-1.0	22.0	24.0	23.0	-1.0	-1.0	-1.0	-1.0	30.0	24.0	25.0	-1.0	25.0	17.0	-1.0	0.0	25.0	-1.0	-1.0	24.0	25.0	28.0	10.0	10.0	25.0	-1.0	12.0	-1.0	25.0	-1.0	32.0	13.0	23.0	-1.0	18.0	13.0	-1.0	
21.0	-1.0	-1.0	-1.0	0.0	-1.0	14.0	25.0	-1.0	12.0	24.0	20.0	21.0	13.0	22.0	24.0	23.0	-1.0	-1.0	-1.0	-1.0	30.0	24.0	28.0	35.0	25.0	-1.0	-1.0	-1.0	-1.0	16.0	31.0	24.0	25.0	28.0	-1.0	-1.0	25.0	-1.0	24.0	-1.0	-1.0	-1.0	32.0	-1.0	-1.0	0.0	-1.0	13.0	-1.0	
21.0	-1.0	-1.0	-1.0	0.0	-1.0	14.0	-1.0	-1.0	12.0	24.0	-1.0	21.0	-1.0	22.0	24.0	23.0	-1.0	-1.0	-1.0	-1.0	30.0	24.0	25.0	35.0	25.0	-1.0	23.0	0.0	25.0	-1.0	24.0	-1.0	-1.0	-1.0	-1.0	10.0	25.0	19.0	12.0	17.0	25.0	-1.0	32.0	13.0	-1.0	0.0	18.0	-1.0	-1.0	
21.0	-1.0	-1.0	-1.0	0.0	-1.0	14.0	-1.0	-1.0	12.0	24.0	-1.0	21.0	-1.0	22.0	24.0	23.0	-1.0	21.0	-1.0	-1.0	30.0	24.0	25.0	-1.0	25.0	-1.0	-1.0	-1.0	25.0	-1.0	24.0	24.0	25.0	28.0	-1.0	10.0	25.0	19.0	12.0	17.0	-1.0	-1.0	32.0	-1.0	-1.0	0.0	18.0	13.0	-1.0	
21.0	25.0	15.0	-1.0	0.0	-1.0	14.0	-1.0	-1.0	12.0	-1.0	20.0	21.0	-1.0	22.0	-1.0	23.0	-1.0	-1.0	-1.0	-1.0	30.0	24.0	-1.0	35.0	25.0	-1.0	23.0	-1.0	25.0	16.0	24.0	24.0	25.0	28.0	-1.0	10.0	25.0	19.0	-1.0	-1.0	25.0	-1.0	32.0	13.0	-1.0	-1.0	-1.0	-1.0	-1.0	
21.0	-1.0	-1.0	-1.0	0.0	-1.0	14.0	-1.0	-1.0	12.0	-1.0	20.0	21.0	-1.0	22.0	24.0	23.0	-1.0	21.0	-1.0	16.0	-1.0	24.0	-1.0	35.0	25.0	-1.0	-1.0	0.0	-1.0	-1.0	24.0	24.0	25.0	28.0	10.0	-1.0	-1.0	-1.0	12.0	-1.0	-1.0	-1.0	32.0	-1.0	23.0	0.0	18.0	13.0	-1.0	

distances_centre_w :
33.0	31.0	-1.0	-1.0	12.0	-1.0	29.0	-1.0	-1.0	35.0	35.0	25.0	33.0	26.0	40.0	-1.0	29.0	27.0	35.0	34.0	36.0	34.0	28.0	33.0	37.0	-1.0	-1.0	-1.0	-1.0	-1.0	20.0	34.0	-1.0	32.0	29.0	-1.0	27.0	33.0	-1.0	-1.0	-1.0	30.0	-1.0	33.0	30.0	-1.0	-1.0	30.0	30.0	21.0	
33.0	-1.0	33.0	12.0	12.0	-1.0	29.0	26.0	31.0	35.0	35.0	-1.0	33.0	26.0	40.0	30.0	29.0	-1.0	-1.0	-1.0	36.0	34.0	28.0	33.0	37.0	38.0	-1.0	27.0	17.0	36.0	20.0	34.0	34.0	32.0	-1.0	-1.0	-1.0	-1.0	-1.0	24.0	-1.0	-1.0	-1.0	-1.0	30.0	-1.0	-1.0	30.0	30.0	21.0	
35.0	-1.0	-1.0	-1.0	26.0	-1.0	30.0	-1.0	-1.0	35.0	-1.0	-1.0	34.0	34.0	40.0	-1.0	29.0	-1.0	-1.0	-1.0	-1.0	-1.0	27.0	33.0	39.0	-1.0	-1.0	33.0	23.0	-1.0	32.0	34.0	35.0	-1.0	31.0	-1.0	33.0	33.0	23.0	33.0	-1.0	30.0	36.0	33.0	15.0	-1.0	-1.0	20.0	29.0	-1.0	
33.0	-1.0	33.0	-1.0	12.0	-1.0	29.0	-1.0	-1.0	35.0	35.0	-1.0	33.0	-1.0	40.0	30.0	-1.0	-1.0	-1.0	-1.0	36.0	34.0	28.0	33.0	37.0	38.0	-1.0	-1.0	17.0	-1.0	-1.0	34.0	34.0	32.0	29.0	-1.0	-1.0	33.0	23.0	-1.0	-1.0	30.0	-1.0	33.0	30.0	35.0	-1.0	30.0	30.0	-1.0	
33.0	-1.0	-1.0	-1.0	12.0	28.0	29.0	-1.0	31.0	35.0	35.0	-1.0	31.0	-1.0	40.0	30.0	29.0	-1.0	-1.0	-1.0	-1.0	34.0	28.0	28.0	-1.0	38.0	29.0	-1.0	17.0	36.0	-1.0	-1.0	30.0	32.0	29.0	31.0	27.0	33.0	-1.0	24.0	-1.0	30.0	-1.0	33.0	30.0	31.0	-1.0	30.0	30.0	-1.0	
35.0	-1.0	-1.0	-1.0	26.0	-1.0	30.0	30.0	-1.0	35.0	35.0	32.0	34.0	34.0	40.0	34.0	29.0	-1.0	-1.0	-1.0	-1.0	34.0	27.0	33.0	39.0	25.0	-1.0	-1.0	-1.0	-1.0	32.0	34.0	35.0	28.0	31.0	-1.0	-1.0	33.0	-1.0	33.0	-1.0	-1.0	-1.0	33.0	-1.0	-1.0	26.0	-1.0	29.0	-1.0	
33.0	-1.0	-1.0	-1.0	12.0	-1.0	29.0	-1.0	-1.0	35.0	35.0	-1.0	33.0	-1.0	40.0	30.0	29.0	-1.0	-1.0	-1.0	-1.0	34.0	28.0	33.0	37.0	38.0	-1.0	27.0	17.0	36.0	-1.0	34.0	-1.0	-1.0	-1.0	-1.0	27.0	33.0	23.0	24.0	35.0	30.0	-1.0	33.0	30.0	-1.0	26.0	30.0	-1.0	-1.0	
33.0	-1.0	-1.0	-1.0	12.0	-1.0	29.0	-1.0	-1.0	35.0	35.0	-1.0	31.0	-1.0	40.0	30.0	29.0	-1.0	31.0	-1.0	-1.0	34.0	28.0	28.0	-1.0	38.0	-1.0	-1.0	-1.0	36.0	-1.0	31.0	30.0	32.0	29.0	-1.0	27.0	33.0	23.0	24.0	35.0	-1.0	-1.0	33.0	-1.0	-1.0	26.0	30.0	30.0	-1.0	
33.0	31.0	33.0	-1.0	12.0	-1.0	29.0	-1.0	-1.0	35.0	-1.0	25.0	33.0	-1.0	40.0	-1.0	29.0	-1.0	-1.0	-1.0	-1.0	34.0	28.0	-1.0	37.0	38.0	-1.0	27.0	-1.0	36.0	20.0	34.0	34.0	32.0	29.0	-1.0	27.0	33.0	23.0	-1.0	-1.0	30.0	-1.0	33.0	30.0	-1.0	-1.0	-1.0	-1.0	-1.0	
33.0	-1.0	-1.0	-1.0	12.0	-1.0	29.0	-1.0	-1.0	35.0	-1.0	25.0	33.0	-1.0	40.0	30.0	29.0	-1.0	35.0	-1.0	36.0	-1.0	28.0	-1.0	37.0	38.0	-1.0	-1.0	17.0	-1.0	-1.0	34.0	34.0	32.0	29.0	31.0	-1.0	-1.0	-1.0	24.0	-1.0	-1.0	-1.0	33.0	-1.0	35.0	26.0	30.0	30.0	-1.0	

maxX :
35.0	35.0	35.0	35.0	32.0	35.0	35.0	32.0	35.0	35.0	

maxW :
40.0	40.0	40.0	40.0	40.0	40.0	40.0	40.0	40.0	40.0	

minX :
0.0	0.0	0.0	0.0	0.0	0.0	0.0	0.0	0.0	0.0	

minW :
12.0	12.0	15.0	12.0	12.0	25.0	12.0	12.0	12.0	12.0	

moyX :
19.93548387096774	18.34375	19.814814814814813	20.607142857142858	19.35483870967742	21.444444444444443	19.392857142857142	19.928571428571427	21.333333333333332	18.73076923076923	

moyW :
30.35483870967742	29.53125	30.925925925925927	31.285714285714285	30.096774193548388	32.074074074074076	30.392857142857142	30.428571428571427	30.555555555555557	30.576923076923077	

medX :
21.0	21.0	21.0	23.5	22.0	24.0	22.5	22.5	23.0	21.0	

medW :
31.0	30.5	33.0	33.0	30.0	33.0	31.5	30.5	32.0	31.5	

ecartTypeX :
8.01987645255561	8.900875571397457	8.40650998636721	7.988112979896556	7.672945294351736	8.32369813347913	8.861390110692428	7.690107613163865	7.195677714974301	8.907894909347345	

ecartTypeW :
5.462767744065122	6.841894725695507	5.530561058712096	5.768492888448562	5.25083611596795	3.660863346118983	6.019843885696976	5.226502322836204	5.730576425878946	6.064861447609354	

varX :
64.31841831425598	79.2255859375	70.66941015089162	63.80994897959183	58.87408949011445	69.28395061728395	78.52423469387756	59.13775510204083	51.77777777777778	79.35059171597634	

varW :
29.84183142559834	46.8115234375	30.587105624142662	33.275510204081634	27.571279916753387	13.401920438957474	36.23852040816327	27.316326530612237	32.839506172839506	36.782544378698226	

covarX :
66.46236559139784	81.78125	73.38746438746438	66.17328042328043	60.836559139784924	71.94871794871797	81.43253968253968	61.328042328042315	53.76923076923075	82.52461538461539	

covarW :
30.83655913978495	48.32157258064516	31.763532763532766	34.507936507936506	28.490322580645167	13.917378917378915	37.58068783068782	28.32804232804232	34.1025641025641	38.253846153846155	

coef_variationX :
0.40229153726411643	0.4852266069586348	0.42425377501292466	0.38763806488232855	0.3964355068748397	0.38815172643166934	0.4569409265182099	0.38588353614442333	0.3372973928894204	0.47557549824031	

coef_variationW :
0.1799636557555991	0.2316832076425992	0.17883251327572047	0.1843810512289495	0.1744650799517754	0.1141377717612154	0.1980677189183494	0.17176298713546212	0.18754613757422003	0.19834766998470843	

moy_distances_centre :	26.2
min_distances_centre :	12.0
max_distances_centre :	38.0
med_distances_centre :	26.0
ecartType_distances_centre :	8.072174428244226
var_distances_centre :	65.16
covar_distances_centre :	68.58947368421053
coef_variation_distances_centre :	0.30809826062000867
capacite_X_temoin : 
49.0	46.0	45.0	46.0	45.0	
44.0	45.0	46.0	48.0	47.0	
0.0	37.0	44.0	44.0	39.0	
40.0	44.0	48.0	46.0	46.0	
47.0	49.0	44.0	49.0	40.0	
0.0	44.0	39.0	46.0	47.0	
43.0	39.0	38.0	41.0	38.0	
40.0	48.0	39.0	45.0	44.0	
44.0	41.0	46.0	44.0	44.0	
43.0	37.0	38.0	40.0	40.0	

capacite_W_temoin : 
60.7	54.8	46.5	54.8	52.5	
51.2	53.5	47.8	58.4	56.1	
0.0	44.1	45.2	51.2	45.7	
49.0	53.2	52.4	54.8	53.8	
56.1	58.7	46.2	57.7	48.0	
0.0	52.2	40.7	53.8	55.1	
51.9	47.7	38.4	48.3	44.4	
48.0	58.4	42.7	51.5	52.2	
55.2	49.3	47.8	53.2	52.2	
52.9	44.1	41.4	45.0	48.0	

demande_cumulee_X : 
3.0	5.0	12.0	5.0	6.0	
6.0	5.0	12.0	4.0	5.0	
0.0	4.0	12.0	6.0	5.0	
3.0	4.0	10.0	5.0	6.0	
5.0	5.0	11.0	6.0	4.0	
0.0	5.0	10.0	6.0	6.0	
4.0	3.0	11.0	5.0	5.0	
4.0	4.0	8.0	7.0	5.0	
2.0	4.0	12.0	4.0	5.0	
3.0	4.0	8.0	7.0	4.0	

demande_cumulee_W : 
20.0	5.0	4.0	1.0	1.0	
19.0	7.0	5.0	1.0	0.0	
0.0	4.0	7.0	6.0	10.0	
15.0	6.0	5.0	1.0	1.0	
15.0	6.0	5.0	3.0	2.0	
0.0	6.0	8.0	4.0	9.0	
13.0	6.0	7.0	1.0	1.0	
9.0	6.0	7.0	2.0	4.0	
17.0	5.0	3.0	1.0	1.0	
17.0	5.0	2.0	1.0	1.0	

capacite_residuelle_X : 
46.0	41.0	33.0	41.0	39.0	
38.0	40.0	34.0	44.0	42.0	
0.0	33.0	32.0	38.0	34.0	
37.0	40.0	38.0	41.0	40.0	
42.0	44.0	33.0	43.0	36.0	
0.0	39.0	29.0	40.0	41.0	
39.0	36.0	27.0	36.0	33.0	
36.0	44.0	31.0	38.0	39.0	
42.0	37.0	34.0	40.0	39.0	
40.0	33.0	30.0	33.0	36.0	

capacite_residuelle_W : 
40.7	49.8	42.5	53.8	51.5	
32.2	46.5	42.8	57.4	56.1	
0.0	40.1	38.2	45.2	35.7	
34.0	47.2	47.4	53.8	52.8	
41.1	52.7	41.2	54.7	46.0	
0.0	46.2	32.7	49.8	46.1	
38.9	41.7	31.4	47.3	43.4	
39.0	52.4	35.7	49.5	48.2	
38.2	44.3	44.8	52.2	51.2	
35.9	39.1	39.4	44.0	47.0	

min_capacite_X : 
45.0	44.0	0.0	40.0	40.0	0.0	38.0	39.0	41.0	37.0	

min_capacite_W : 
46.5	47.8	0.0	49.0	46.2	0.0	38.4	42.7	47.8	41.4	

max_capacite_X : 
49.0	48.0	44.0	48.0	49.0	47.0	43.0	48.0	46.0	43.0	

max_capacite_W : 
60.7	58.4	51.2	54.8	58.7	55.1	51.9	58.4	55.2	52.9	

moy_capacite_X : 
46.2	46.0	32.8	44.8	45.8	35.2	39.8	43.2	43.8	39.6	

moy_capacite_W : 
53.86	53.4	37.239999999999995	52.64	53.339999999999996	40.36	46.14	50.56	51.54	46.28	

med_capacite_X : 
46.0	46.0	39.0	46.0	47.0	44.0	39.0	44.0	44.0	40.0	

med_capacite_W : 
54.8	53.5	45.2	53.2	56.1	52.2	47.7	51.5	52.2	45.0	

ecartType_capacite_X : 
1.4696938456699067	1.4142135623730951	16.630093204789926	2.7129319932501073	3.4292856398964493	17.814600753314682	1.9390719429665315	3.3105890714493698	1.5999999999999999	2.0591260281974	

ecartType_capacite_W : 
4.573226432181114	3.70135110466435	18.78133115623065	1.9815145722401328	5.193303380315847	20.818895263678137	4.543390804234212	5.164726517445042	2.668032983304369	3.9239775738400953	

var_capacite_X : 
2.1599999999999997	2.0	276.56000000000006	7.359999999999999	11.76	317.36	3.7599999999999993	10.959999999999999	2.5599999999999996	4.24	

var_capacite_W : 
20.914400000000004	13.700000000000003	352.73840000000007	3.9263999999999966	26.9704	433.4264	20.642400000000002	26.67439999999999	7.118400000000014	15.3976	

covar_capacite_X : 
2.6999999999999997	2.5	345.70000000000005	9.2	14.7	396.70000000000005	4.699999999999999	13.7	3.1999999999999997	5.300000000000001	

covar_capacite_W : 
26.143000000000004	17.125000000000004	440.92300000000006	4.907999999999996	33.713	541.783	25.803	33.34299999999999	8.898000000000017	19.247	

##########	##########	##########	##########	##########	##########	##########	##########	##########	##########	##########	##########	##########	##########	##########	##########	##########	##########	##########	##########	##########	##########	##########	##########	##########	##########	##########	##########	##########	##########	##########	##########	##########	##########	##########	##########	##########	##########	##########	##########	##########	##########	##########	##########	##########	##########	##########	##########	##########	##########	nombre de noeuds : 50
nombre de strates : 10
nombre de centres : 5
titre : intelligent
instances : alea50_5_2
temps de calcul : 0.05793190002441406
valeur objective : 726.0
nombre de solutions : 3
nombre de noeuds : 0.0
faisability : True
centre : [46, 4, 49, 28, 43]
moy_distances :	32.42
min_distances :	10.0
max_distances :	59.0
var_distances :	81.08245297792587
covar_distances :	81.11556137032191
ecartType_distances :	9.00457955586633
coef_variation	: 0.2777651580362675
distances_centre_x :
-1.0	-1.0	-1.0	-1.0	-1.0	-1.0	-1.0	-1.0	-1.0	12.0	24.0	20.0	-1.0	13.0	22.0	-1.0	-1.0	-1.0	21.0	-1.0	16.0	-1.0	-1.0	28.0	-1.0	-1.0	-1.0	-1.0	-1.0	-1.0	-1.0	31.0	-1.0	-1.0	-1.0	-1.0	-1.0	25.0	-1.0	-1.0	-1.0	-1.0	-1.0	32.0	-1.0	-1.0	-1.0	18.0	-1.0	0.0	
21.0	-1.0	15.0	12.0	0.0	-1.0	14.0	22.0	28.0	12.0	24.0	-1.0	21.0	13.0	10.0	24.0	23.0	-1.0	-1.0	-1.0	16.0	28.0	21.0	28.0	35.0	23.0	-1.0	18.0	0.0	32.0	16.0	31.0	24.0	25.0	-1.0	-1.0	-1.0	-1.0	-1.0	24.0	-1.0	-1.0	-1.0	-1.0	13.0	-1.0	-1.0	18.0	13.0	0.0	
21.0	-1.0	-1.0	-1.0	0.0	-1.0	14.0	-1.0	-1.0	12.0	-1.0	-1.0	21.0	13.0	10.0	-1.0	23.0	-1.0	-1.0	-1.0	-1.0	-1.0	21.0	28.0	35.0	-1.0	-1.0	18.0	0.0	-1.0	16.0	31.0	24.0	-1.0	17.0	-1.0	10.0	25.0	19.0	24.0	-1.0	25.0	21.0	0.0	13.0	-1.0	-1.0	18.0	13.0	-1.0	
21.0	-1.0	15.0	-1.0	0.0	-1.0	14.0	-1.0	-1.0	12.0	24.0	-1.0	21.0	-1.0	10.0	24.0	-1.0	-1.0	-1.0	-1.0	16.0	28.0	21.0	28.0	35.0	23.0	-1.0	-1.0	0.0	-1.0	-1.0	31.0	24.0	25.0	17.0	-1.0	-1.0	25.0	19.0	-1.0	-1.0	25.0	-1.0	0.0	13.0	31.0	-1.0	18.0	13.0	-1.0	
21.0	-1.0	-1.0	-1.0	0.0	16.0	14.0	-1.0	28.0	12.0	24.0	-1.0	21.0	-1.0	10.0	24.0	23.0	-1.0	-1.0	-1.0	-1.0	28.0	21.0	28.0	-1.0	23.0	17.0	-1.0	0.0	32.0	-1.0	-1.0	24.0	25.0	17.0	10.0	10.0	25.0	-1.0	24.0	-1.0	25.0	-1.0	0.0	13.0	31.0	-1.0	18.0	13.0	-1.0	
21.0	-1.0	-1.0	-1.0	0.0	-1.0	14.0	22.0	-1.0	12.0	24.0	20.0	21.0	13.0	10.0	24.0	23.0	-1.0	-1.0	-1.0	-1.0	28.0	21.0	28.0	35.0	23.0	-1.0	-1.0	-1.0	-1.0	16.0	31.0	24.0	25.0	17.0	-1.0	-1.0	25.0	-1.0	24.0	-1.0	-1.0	-1.0	0.0	-1.0	-1.0	0.0	-1.0	13.0	-1.0	
21.0	-1.0	-1.0	-1.0	0.0	-1.0	14.0	-1.0	-1.0	12.0	24.0	-1.0	21.0	-1.0	10.0	24.0	23.0	-1.0	-1.0	-1.0	-1.0	28.0	21.0	28.0	35.0	23.0	-1.0	18.0	0.0	32.0	-1.0	31.0	-1.0	-1.0	-1.0	-1.0	10.0	25.0	19.0	24.0	17.0	25.0	-1.0	0.0	13.0	-1.0	0.0	18.0	-1.0	-1.0	
21.0	-1.0	-1.0	-1.0	0.0	-1.0	14.0	-1.0	-1.0	12.0	24.0	-1.0	21.0	-1.0	10.0	24.0	23.0	-1.0	21.0	-1.0	-1.0	28.0	21.0	28.0	-1.0	23.0	-1.0	-1.0	-1.0	32.0	-1.0	31.0	24.0	25.0	17.0	-1.0	10.0	25.0	19.0	24.0	17.0	-1.0	-1.0	0.0	-1.0	-1.0	0.0	18.0	13.0	-1.0	
-1.0	-1.0	15.0	-1.0	-1.0	-1.0	-1.0	-1.0	-1.0	12.0	-1.0	20.0	-1.0	-1.0	22.0	-1.0	-1.0	-1.0	-1.0	-1.0	-1.0	-1.0	-1.0	-1.0	-1.0	25.0	-1.0	-1.0	-1.0	-1.0	-1.0	31.0	24.0	-1.0	-1.0	-1.0	-1.0	25.0	19.0	-1.0	-1.0	-1.0	-1.0	32.0	-1.0	-1.0	-1.0	-1.0	-1.0	-1.0	
21.0	-1.0	-1.0	-1.0	0.0	-1.0	14.0	-1.0	-1.0	12.0	-1.0	20.0	21.0	-1.0	10.0	24.0	23.0	-1.0	21.0	-1.0	16.0	-1.0	21.0	-1.0	35.0	23.0	-1.0	-1.0	0.0	-1.0	-1.0	31.0	24.0	25.0	17.0	10.0	-1.0	-1.0	-1.0	24.0	-1.0	-1.0	-1.0	0.0	-1.0	31.0	0.0	18.0	13.0	-1.0	

distances_centre_w :
35.0	-1.0	-1.0	-1.0	-1.0	-1.0	30.0	-1.0	-1.0	-1.0	-1.0	-1.0	-1.0	-1.0	-1.0	-1.0	29.0	30.0	31.0	34.0	-1.0	-1.0	-1.0	-1.0	39.0	-1.0	-1.0	-1.0	-1.0	-1.0	-1.0	-1.0	-1.0	28.0	31.0	-1.0	33.0	-1.0	-1.0	-1.0	-1.0	30.0	-1.0	33.0	15.0	-1.0	-1.0	20.0	29.0	-1.0	
31.0	-1.0	33.0	17.0	26.0	-1.0	18.0	29.0	28.0	35.0	35.0	-1.0	34.0	34.0	22.0	30.0	23.0	-1.0	-1.0	-1.0	31.0	30.0	27.0	33.0	38.0	31.0	-1.0	23.0	26.0	36.0	32.0	34.0	30.0	26.0	-1.0	-1.0	-1.0	-1.0	-1.0	29.0	-1.0	-1.0	-1.0	-1.0	15.0	-1.0	-1.0	30.0	28.0	33.0	
31.0	-1.0	-1.0	-1.0	26.0	-1.0	18.0	-1.0	-1.0	35.0	-1.0	-1.0	34.0	34.0	22.0	-1.0	38.0	-1.0	-1.0	-1.0	-1.0	-1.0	27.0	33.0	38.0	-1.0	-1.0	23.0	26.0	-1.0	32.0	34.0	30.0	-1.0	28.0	-1.0	16.0	33.0	23.0	29.0	-1.0	33.0	24.0	32.0	15.0	-1.0	-1.0	30.0	28.0	-1.0	
31.0	-1.0	33.0	-1.0	26.0	-1.0	18.0	-1.0	-1.0	35.0	35.0	-1.0	34.0	-1.0	22.0	30.0	-1.0	-1.0	-1.0	-1.0	31.0	28.0	27.0	33.0	38.0	31.0	-1.0	-1.0	26.0	-1.0	-1.0	34.0	30.0	26.0	28.0	-1.0	-1.0	33.0	23.0	-1.0	-1.0	33.0	-1.0	32.0	15.0	35.0	-1.0	30.0	28.0	-1.0	
31.0	-1.0	-1.0	-1.0	26.0	20.0	18.0	-1.0	28.0	35.0	34.0	-1.0	31.0	-1.0	22.0	30.0	23.0	-1.0	-1.0	-1.0	-1.0	28.0	27.0	33.0	-1.0	31.0	33.0	-1.0	26.0	36.0	-1.0	-1.0	30.0	26.0	28.0	23.0	16.0	27.0	-1.0	29.0	-1.0	30.0	-1.0	32.0	15.0	34.0	-1.0	30.0	28.0	-1.0	
31.0	-1.0	-1.0	-1.0	26.0	-1.0	18.0	29.0	-1.0	35.0	35.0	32.0	34.0	34.0	22.0	30.0	23.0	-1.0	-1.0	-1.0	-1.0	30.0	27.0	33.0	38.0	31.0	-1.0	-1.0	-1.0	-1.0	32.0	34.0	30.0	26.0	28.0	-1.0	-1.0	33.0	-1.0	29.0	-1.0	-1.0	-1.0	32.0	-1.0	-1.0	26.0	-1.0	28.0	-1.0	
31.0	-1.0	-1.0	-1.0	26.0	-1.0	18.0	-1.0	-1.0	35.0	35.0	-1.0	34.0	-1.0	22.0	30.0	23.0	-1.0	-1.0	-1.0	-1.0	30.0	27.0	33.0	38.0	31.0	-1.0	23.0	26.0	36.0	-1.0	34.0	-1.0	-1.0	-1.0	-1.0	16.0	33.0	23.0	29.0	35.0	33.0	-1.0	32.0	15.0	-1.0	26.0	30.0	-1.0	-1.0	
31.0	-1.0	-1.0	-1.0	26.0	-1.0	18.0	-1.0	-1.0	35.0	34.0	-1.0	31.0	-1.0	22.0	30.0	23.0	-1.0	31.0	-1.0	-1.0	30.0	27.0	33.0	-1.0	31.0	-1.0	-1.0	-1.0	36.0	-1.0	34.0	30.0	26.0	28.0	-1.0	16.0	27.0	23.0	29.0	34.0	-1.0	-1.0	32.0	-1.0	-1.0	26.0	30.0	28.0	-1.0	
35.0	-1.0	-1.0	-1.0	26.0	-1.0	30.0	-1.0	-1.0	-1.0	-1.0	-1.0	-1.0	-1.0	-1.0	-1.0	29.0	-1.0	-1.0	-1.0	-1.0	-1.0	-1.0	-1.0	39.0	-1.0	-1.0	33.0	-1.0	-1.0	-1.0	-1.0	35.0	28.0	31.0	-1.0	33.0	-1.0	-1.0	-1.0	-1.0	30.0	-1.0	33.0	36.0	-1.0	-1.0	-1.0	-1.0	-1.0	
31.0	-1.0	-1.0	-1.0	26.0	-1.0	18.0	-1.0	-1.0	35.0	-1.0	32.0	34.0	-1.0	22.0	30.0	38.0	-1.0	31.0	-1.0	31.0	-1.0	27.0	-1.0	38.0	31.0	-1.0	-1.0	26.0	-1.0	-1.0	34.0	30.0	26.0	28.0	23.0	-1.0	-1.0	-1.0	29.0	-1.0	-1.0	-1.0	32.0	-1.0	35.0	26.0	30.0	28.0	-1.0	

maxX :
32.0	35.0	35.0	35.0	32.0	35.0	35.0	32.0	32.0	35.0	

maxW :
39.0	38.0	38.0	38.0	36.0	38.0	38.0	36.0	39.0	38.0	

minX :
0.0	0.0	0.0	0.0	0.0	0.0	0.0	0.0	12.0	0.0	

minW :
15.0	15.0	15.0	15.0	15.0	18.0	15.0	16.0	26.0	18.0	

moyX :
20.153846153846153	18.875	17.48148148148148	19.035714285714285	18.612903225806452	19.037037037037038	18.428571428571427	18.75	22.5	17.46153846153846	

moyW :
29.8	28.96875	28.59259259259259	29.464285714285715	27.741935483870968	29.85185185185185	28.714285714285715	28.607142857142858	32.15384615384615	29.653846153846153	

medX :
21.0	21.0	18.0	21.0	21.0	21.0	21.0	21.0	23.0	20.5	

medW :
30.0	30.0	30.0	30.5	28.0	30.0	30.0	30.0	33.0	30.0	

ecartTypeX :
8.355984993230935	8.71690168580557	8.638288455176884	8.97807704059944	8.601115529131873	8.842161129671451	9.700620640779977	8.571651782807926	6.020797289396148	9.55240915738324	

ecartTypeW :
5.611892134862655	5.491381742102802	6.075203147094231	5.199465239378969	5.29739888658383	4.377583501360706	6.058389359611436	4.813220526501429	3.4606836551390745	4.632180975708525	

varX :
69.82248520710058	75.984375	74.62002743484224	80.60586734693878	73.97918834547346	78.18381344307271	94.10204081632654	73.47321428571429	36.25	91.24852071005918	

varW :
31.493333333333332	30.1552734375	36.90809327846365	27.0344387755102	28.0624349635796	19.16323731138546	36.704081632653065	23.167091836734695	11.976331360946745	21.457100591715978	

covarX :
75.64102564102564	78.43548387096774	77.49002849002848	83.59126984126985	76.44516129032257	81.19088319088318	97.58730158730158	76.19444444444444	40.27777777777778	94.89846153846153	

covarW :
33.74285714285714	31.128024193548388	38.327635327635335	28.03571428571429	28.997849462365593	19.900284900284902	38.06349206349206	24.025132275132272	12.974358974358973	22.31538461538462	

coef_variationX :
0.414609942412222	0.4618226058704938	0.4941393819698641	0.47164382202023325	0.4621049937661838	0.4644714990294342	0.5263902673291461	0.45715476174975606	0.2675909906398288	0.5470542689250314	

coef_variationW :
0.18831852801552534	0.18956226078456273	0.21247472146573088	0.17646669903346804	0.19095275056290548	0.14664361605054477	0.21098868416557237	0.16825240292389515	0.10762891750432528	0.1562084375725313	

moy_distances_centre :	32.5
min_distances_centre :	23.0
max_distances_centre :	45.0
med_distances_centre :	32.5
ecartType_distances_centre :	6.74166151627327
var_distances_centre :	45.45
covar_distances_centre :	47.84210526315789
coef_variation_distances_centre :	0.20743573896225445
capacite_X_temoin : 
46.0	45.0	0.0	46.0	45.0	
45.0	46.0	41.0	48.0	47.0	
37.0	44.0	38.0	44.0	39.0	
44.0	48.0	49.0	46.0	46.0	
49.0	44.0	41.0	49.0	40.0	
44.0	39.0	46.0	46.0	47.0	
39.0	38.0	42.0	41.0	38.0	
48.0	39.0	48.0	45.0	44.0	
41.0	46.0	0.0	44.0	44.0	
37.0	38.0	41.0	40.0	40.0	

capacite_W_temoin : 
54.8	45.5	0.0	53.8	51.5	
52.5	52.8	46.3	57.4	54.1	
44.1	48.2	44.4	53.2	45.7	
53.2	55.4	58.7	54.8	52.8	
57.7	50.2	46.3	56.7	48.0	
52.2	45.7	52.8	54.8	56.1	
46.7	42.4	47.6	48.3	44.4	
57.4	46.7	55.4	51.5	52.2	
49.3	46.8	0.0	53.2	51.2	
43.1	43.4	48.3	46.0	48.0	

demande_cumulee_X : 
5.0	13.0	0.0	6.0	7.0	
6.0	7.0	7.0	5.0	7.0	
4.0	9.0	5.0	4.0	5.0	
4.0	7.0	5.0	5.0	7.0	
6.0	7.0	7.0	7.0	4.0	
5.0	5.0	7.0	5.0	5.0	
4.0	7.0	7.0	5.0	5.0	
5.0	4.0	7.0	7.0	5.0	
4.0	13.0	0.0	4.0	6.0	
5.0	6.0	5.0	6.0	4.0	

demande_cumulee_W : 
7.0	9.0	0.0	4.0	11.0	
9.0	16.0	4.0	2.0	1.0	
6.0	12.0	5.0	2.0	2.0	
8.0	11.0	5.0	3.0	1.0	
6.0	11.0	7.0	3.0	4.0	
8.0	14.0	3.0	2.0	0.0	
8.0	14.0	3.0	2.0	1.0	
6.0	12.0	6.0	2.0	2.0	
9.0	5.0	0.0	6.0	7.0	
7.0	10.0	5.0	2.0	2.0	

capacite_residuelle_X : 
41.0	32.0	0.0	40.0	38.0	
39.0	39.0	34.0	43.0	40.0	
33.0	35.0	33.0	40.0	34.0	
40.0	41.0	44.0	41.0	39.0	
43.0	37.0	34.0	42.0	36.0	
39.0	34.0	39.0	41.0	42.0	
35.0	31.0	35.0	36.0	33.0	
43.0	35.0	41.0	38.0	39.0	
37.0	33.0	0.0	40.0	38.0	
32.0	32.0	36.0	34.0	36.0	

capacite_residuelle_W : 
47.8	36.5	0.0	49.8	40.5	
43.5	36.8	42.3	55.4	53.1	
38.1	36.2	39.4	51.2	43.7	
45.2	44.4	53.7	51.8	51.8	
51.7	39.2	39.3	53.7	44.0	
44.2	31.700000000000003	49.8	52.8	56.1	
38.7	28.4	44.6	46.3	43.4	
51.4	34.7	49.4	49.5	50.2	
40.3	41.8	0.0	47.2	44.2	
36.1	33.4	43.3	44.0	46.0	

min_capacite_X : 
0.0	41.0	37.0	44.0	40.0	39.0	38.0	39.0	0.0	37.0	

min_capacite_W : 
0.0	46.3	44.1	52.8	46.3	45.7	42.4	46.7	0.0	43.1	

max_capacite_X : 
46.0	48.0	44.0	49.0	49.0	47.0	42.0	48.0	46.0	41.0	

max_capacite_W : 
54.8	57.4	53.2	58.7	57.7	56.1	48.3	57.4	53.2	48.3	

moy_capacite_X : 
36.4	45.4	40.4	46.6	44.6	44.4	39.6	44.8	35.0	39.2	

moy_capacite_W : 
41.12	52.620000000000005	47.120000000000005	54.980000000000004	51.779999999999994	52.32000000000001	45.88	52.64	40.1	45.760000000000005	

med_capacite_X : 
45.0	46.0	39.0	46.0	44.0	46.0	39.0	45.0	44.0	40.0	

med_capacite_W : 
51.5	52.8	45.7	54.8	50.2	52.8	46.7	52.2	49.3	46.0	

ecartType_capacite_X : 
18.20549367636044	2.4166091947189146	3.0066592756745814	1.7435595774162693	3.8262252939417984	2.870540018881465	1.624807680927192	3.3105890714493693	17.57270610919104	1.4696938456699067	

ecartType_capacite_W : 
20.812054199429713	3.6063277721249913	3.3665412517894397	2.0960916010518256	4.605822402134066	3.5918797307259593	2.1811923344813042	3.6620212997742088	20.16115076080728	2.1987269043698894	

var_capacite_X : 
331.44	5.840000000000001	9.04	3.04	14.64	8.24	2.6399999999999997	10.959999999999997	308.8	2.1599999999999997	

var_capacite_W : 
433.1415999999999	13.005600000000005	11.333600000000008	4.393600000000005	21.213600000000017	12.901599999999991	4.757600000000002	13.410399999999987	406.47200000000004	4.834399999999997	

covar_capacite_X : 
414.3	7.300000000000001	11.299999999999999	3.8	18.3	10.3	3.3	13.699999999999998	386.0	2.6999999999999997	

covar_capacite_W : 
541.4269999999999	16.257000000000005	14.167000000000009	5.492000000000006	26.51700000000002	16.12699999999999	5.947000000000002	16.762999999999984	508.09000000000003	6.042999999999996	

##########	##########	##########	##########	##########	##########	##########	##########	##########	##########	##########	##########	##########	##########	##########	##########	##########	##########	##########	##########	##########	##########	##########	##########	##########	##########	##########	##########	##########	##########	##########	##########	##########	##########	##########	##########	##########	##########	##########	##########	##########	##########	##########	##########	##########	##########	##########	##########	##########	##########	nombre de noeuds : 50
nombre de strates : 10
nombre de centres : 5
titre : intelligent
instances : alea50_5_2
temps de calcul : 0.04843401908874512
valeur objective : 756.0
nombre de solutions : 1
nombre de noeuds : 0.0
faisability : True
centre : [46, 4, 49, 28, 15]
moy_distances :	32.42
min_distances :	10.0
max_distances :	59.0
var_distances :	81.08245297792587
covar_distances :	81.11556137032191
ecartType_distances :	9.00457955586633
coef_variation	: 0.2777651580362675
distances_centre_x :
-1.0	25.0	-1.0	-1.0	-1.0	-1.0	14.0	-1.0	-1.0	12.0	24.0	20.0	-1.0	13.0	22.0	-1.0	23.0	22.0	21.0	-1.0	16.0	30.0	24.0	28.0	35.0	-1.0	-1.0	-1.0	-1.0	-1.0	16.0	31.0	-1.0	-1.0	28.0	-1.0	10.0	25.0	-1.0	-1.0	-1.0	25.0	-1.0	32.0	13.0	-1.0	-1.0	18.0	13.0	0.0	
21.0	-1.0	15.0	12.0	0.0	-1.0	14.0	25.0	33.0	12.0	15.0	-1.0	21.0	13.0	22.0	0.0	23.0	-1.0	-1.0	-1.0	16.0	34.0	24.0	28.0	35.0	31.0	-1.0	23.0	0.0	36.0	16.0	31.0	24.0	25.0	-1.0	-1.0	-1.0	-1.0	-1.0	24.0	-1.0	-1.0	-1.0	-1.0	13.0	-1.0	-1.0	18.0	13.0	0.0	
21.0	-1.0	-1.0	-1.0	0.0	-1.0	14.0	-1.0	-1.0	12.0	-1.0	-1.0	21.0	13.0	22.0	-1.0	23.0	-1.0	-1.0	-1.0	-1.0	-1.0	24.0	28.0	35.0	-1.0	-1.0	23.0	0.0	-1.0	16.0	31.0	24.0	-1.0	27.0	-1.0	10.0	25.0	12.0	24.0	-1.0	25.0	21.0	32.0	13.0	-1.0	-1.0	18.0	13.0	-1.0	
21.0	-1.0	15.0	-1.0	0.0	-1.0	14.0	-1.0	-1.0	12.0	15.0	-1.0	21.0	-1.0	22.0	0.0	-1.0	-1.0	-1.0	-1.0	16.0	34.0	24.0	28.0	35.0	31.0	-1.0	-1.0	0.0	-1.0	-1.0	31.0	24.0	25.0	27.0	-1.0	-1.0	25.0	12.0	-1.0	-1.0	25.0	-1.0	32.0	13.0	31.0	-1.0	18.0	13.0	-1.0	
21.0	-1.0	-1.0	-1.0	0.0	16.0	14.0	-1.0	33.0	12.0	15.0	-1.0	21.0	-1.0	22.0	0.0	23.0	-1.0	-1.0	-1.0	-1.0	34.0	24.0	28.0	-1.0	31.0	17.0	-1.0	0.0	36.0	-1.0	-1.0	24.0	25.0	27.0	10.0	10.0	25.0	-1.0	24.0	-1.0	25.0	-1.0	32.0	13.0	31.0	-1.0	18.0	13.0	-1.0	
21.0	-1.0	-1.0	-1.0	0.0	-1.0	14.0	25.0	-1.0	12.0	15.0	20.0	21.0	13.0	22.0	0.0	23.0	-1.0	-1.0	-1.0	-1.0	34.0	24.0	28.0	35.0	31.0	-1.0	-1.0	-1.0	-1.0	16.0	31.0	24.0	25.0	27.0	-1.0	-1.0	25.0	-1.0	24.0	-1.0	-1.0	-1.0	32.0	-1.0	-1.0	0.0	-1.0	13.0	-1.0	
21.0	-1.0	-1.0	-1.0	0.0	-1.0	14.0	-1.0	-1.0	12.0	15.0	-1.0	21.0	-1.0	22.0	0.0	23.0	-1.0	-1.0	-1.0	-1.0	34.0	24.0	28.0	35.0	31.0	-1.0	23.0	0.0	36.0	-1.0	31.0	-1.0	-1.0	-1.0	-1.0	10.0	25.0	12.0	24.0	17.0	25.0	-1.0	32.0	13.0	-1.0	0.0	18.0	-1.0	-1.0	
21.0	-1.0	-1.0	-1.0	0.0	-1.0	14.0	-1.0	-1.0	12.0	15.0	-1.0	21.0	-1.0	22.0	0.0	23.0	-1.0	21.0	-1.0	-1.0	34.0	24.0	28.0	-1.0	31.0	-1.0	-1.0	-1.0	36.0	-1.0	31.0	24.0	25.0	27.0	-1.0	10.0	25.0	12.0	24.0	17.0	-1.0	-1.0	32.0	-1.0	-1.0	0.0	18.0	13.0	-1.0	
-1.0	25.0	15.0	-1.0	-1.0	-1.0	14.0	-1.0	-1.0	12.0	-1.0	20.0	-1.0	-1.0	22.0	-1.0	23.0	-1.0	-1.0	-1.0	-1.0	30.0	24.0	-1.0	35.0	25.0	-1.0	23.0	-1.0	36.0	16.0	31.0	24.0	-1.0	28.0	-1.0	10.0	25.0	19.0	-1.0	-1.0	25.0	-1.0	32.0	13.0	-1.0	-1.0	-1.0	-1.0	-1.0	
21.0	-1.0	-1.0	-1.0	0.0	-1.0	14.0	-1.0	-1.0	12.0	-1.0	20.0	21.0	-1.0	22.0	0.0	23.0	-1.0	21.0	-1.0	16.0	-1.0	24.0	-1.0	35.0	31.0	-1.0	-1.0	0.0	-1.0	-1.0	31.0	24.0	25.0	27.0	10.0	-1.0	-1.0	-1.0	24.0	-1.0	-1.0	-1.0	32.0	-1.0	31.0	0.0	18.0	13.0	-1.0	

distances_centre_w :
35.0	-1.0	-1.0	-1.0	26.0	-1.0	30.0	-1.0	-1.0	35.0	35.0	32.0	34.0	34.0	-1.0	-1.0	29.0	-1.0	31.0	34.0	41.0	-1.0	-1.0	33.0	39.0	-1.0	-1.0	-1.0	-1.0	-1.0	-1.0	34.0	-1.0	28.0	31.0	-1.0	33.0	-1.0	-1.0	-1.0	-1.0	30.0	-1.0	33.0	15.0	-1.0	-1.0	20.0	29.0	-1.0	
30.0	-1.0	33.0	17.0	30.0	-1.0	18.0	29.0	34.0	35.0	35.0	-1.0	32.0	26.0	40.0	30.0	31.0	-1.0	-1.0	-1.0	17.0	38.0	27.0	33.0	39.0	38.0	-1.0	24.0	26.0	37.0	32.0	36.0	30.0	26.0	-1.0	-1.0	-1.0	-1.0	-1.0	29.0	-1.0	-1.0	-1.0	-1.0	36.0	-1.0	-1.0	36.0	22.0	33.0	
30.0	-1.0	-1.0	-1.0	30.0	-1.0	18.0	-1.0	-1.0	35.0	-1.0	-1.0	32.0	26.0	40.0	-1.0	31.0	-1.0	-1.0	-1.0	-1.0	-1.0	27.0	33.0	39.0	-1.0	-1.0	24.0	26.0	-1.0	32.0	34.0	30.0	-1.0	28.0	-1.0	16.0	33.0	23.0	29.0	-1.0	34.0	36.0	34.0	15.0	-1.0	-1.0	34.0	22.0	-1.0	
30.0	-1.0	33.0	-1.0	30.0	-1.0	18.0	-1.0	-1.0	35.0	35.0	-1.0	32.0	-1.0	40.0	30.0	-1.0	-1.0	-1.0	-1.0	17.0	38.0	27.0	33.0	39.0	38.0	-1.0	-1.0	26.0	-1.0	-1.0	34.0	30.0	26.0	28.0	-1.0	-1.0	33.0	23.0	-1.0	-1.0	34.0	-1.0	34.0	15.0	35.0	-1.0	34.0	22.0	-1.0	
30.0	-1.0	-1.0	-1.0	30.0	18.0	18.0	-1.0	34.0	35.0	35.0	-1.0	32.0	-1.0	40.0	30.0	31.0	-1.0	-1.0	-1.0	-1.0	38.0	27.0	33.0	-1.0	38.0	26.0	-1.0	26.0	37.0	-1.0	-1.0	30.0	26.0	28.0	29.0	16.0	33.0	-1.0	29.0	-1.0	36.0	-1.0	34.0	36.0	35.0	-1.0	36.0	22.0	-1.0	
30.0	-1.0	-1.0	-1.0	30.0	-1.0	18.0	29.0	-1.0	35.0	35.0	28.0	32.0	26.0	40.0	30.0	31.0	-1.0	-1.0	-1.0	-1.0	38.0	27.0	33.0	39.0	38.0	-1.0	-1.0	-1.0	-1.0	32.0	34.0	30.0	26.0	28.0	-1.0	-1.0	33.0	-1.0	29.0	-1.0	-1.0	-1.0	34.0	-1.0	-1.0	26.0	-1.0	22.0	-1.0	
30.0	-1.0	-1.0	-1.0	30.0	-1.0	18.0	-1.0	-1.0	35.0	35.0	-1.0	32.0	-1.0	40.0	30.0	31.0	-1.0	-1.0	-1.0	-1.0	38.0	27.0	33.0	39.0	38.0	-1.0	24.0	26.0	37.0	-1.0	36.0	-1.0	-1.0	-1.0	-1.0	16.0	33.0	23.0	29.0	24.0	36.0	-1.0	34.0	36.0	-1.0	26.0	36.0	-1.0	-1.0	
30.0	-1.0	-1.0	-1.0	30.0	-1.0	18.0	-1.0	-1.0	35.0	35.0	-1.0	32.0	-1.0	40.0	30.0	31.0	-1.0	31.0	-1.0	-1.0	38.0	27.0	33.0	-1.0	38.0	-1.0	-1.0	-1.0	37.0	-1.0	36.0	30.0	26.0	28.0	-1.0	16.0	33.0	23.0	29.0	24.0	-1.0	-1.0	34.0	-1.0	-1.0	26.0	36.0	22.0	-1.0	
35.0	-1.0	-1.0	-1.0	26.0	-1.0	30.0	-1.0	-1.0	35.0	-1.0	32.0	34.0	-1.0	-1.0	-1.0	29.0	-1.0	-1.0	-1.0	-1.0	-1.0	-1.0	-1.0	39.0	25.0	-1.0	33.0	-1.0	-1.0	-1.0	-1.0	35.0	28.0	31.0	-1.0	33.0	-1.0	23.0	-1.0	-1.0	30.0	-1.0	33.0	36.0	-1.0	-1.0	-1.0	-1.0	-1.0	
30.0	-1.0	-1.0	-1.0	30.0	-1.0	18.0	-1.0	-1.0	35.0	-1.0	28.0	32.0	-1.0	40.0	30.0	31.0	-1.0	31.0	-1.0	17.0	-1.0	27.0	-1.0	39.0	38.0	-1.0	-1.0	26.0	-1.0	-1.0	34.0	30.0	26.0	28.0	29.0	-1.0	-1.0	-1.0	29.0	-1.0	-1.0	-1.0	34.0	-1.0	35.0	26.0	34.0	22.0	-1.0	

maxX :
35.0	36.0	35.0	35.0	36.0	35.0	36.0	36.0	36.0	35.0	

maxW :
41.0	40.0	40.0	40.0	40.0	40.0	40.0	40.0	39.0	40.0	

minX :
0.0	0.0	0.0	0.0	0.0	0.0	0.0	0.0	10.0	0.0	

minW :
15.0	17.0	15.0	15.0	16.0	18.0	16.0	16.0	23.0	17.0	

moyX :
20.76923076923077	19.28125	19.51851851851852	20.142857142857142	20.129032258064516	20.555555555555557	19.5	20.0	22.91304347826087	19.03846153846154	

moyW :
31.347826086956523	30.59375	29.296296296296298	30.321428571428573	30.580645161290324	30.85185185185185	31.142857142857142	30.285714285714285	31.5	29.96153846153846	

medX :
22.0	21.0	21.0	21.5	22.0	23.0	21.5	21.5	24.0	21.0	

medW :
33.0	31.5	30.0	32.5	31.0	30.0	32.5	30.5	32.5	30.0	

ecartTypeX :
7.870625487350429	10.084748308088804	8.499979827297938	9.793271326033304	9.687843847746219	9.6006687009902	10.651961589974201	9.665845613735584	7.101212655034539	10.218688645473845	

ecartTypeW :
5.4342608445193346	6.117900860385039	6.32347076998662	6.470005362266333	5.998785863975428	4.994098025586125	6.145348332067839	5.891017028718646	4.044887033170532	5.522546578351257	

varX :
61.946745562130175	101.7021484375	72.24965706447188	95.90816326530613	93.85431841831425	92.17283950617283	113.46428571428571	93.42857142857143	50.42722117202268	104.42159763313609	

varW :
29.53119092627599	37.4287109375	39.98628257887517	41.8609693877551	35.98543184183142	24.941015089163237	37.765306122448976	34.704081632653065	16.36111111111111	30.49852071005917	

covarX :
64.42461538461541	104.98286290322581	75.02849002849003	99.4603174603175	96.98279569892473	95.71794871794873	117.66666666666666	96.88888888888889	52.719367588932805	108.59846153846152	

covarW :
30.873517786561262	38.636088709677416	41.52421652421653	43.411375661375644	37.184946236559135	25.9002849002849	39.16402116402116	35.98941798941799	17.323529411764707	31.71846153846154	

coef_variationX :
0.37895604198353916	0.523033947907361	0.435482837451697	0.4861907750512988	0.481287114230982	0.4670595584265502	0.5462544405114975	0.4832922806867792	0.3099200968990406	0.5367392015804443	

coef_variationW :
0.1733536746517957	0.19997224467039965	0.21584539922836754	0.21338062443281192	0.19616282888527242	0.16187352543916614	0.19732769873612327	0.19451471321240812	0.12840911216414388	0.18432119516961834	

moy_distances_centre :	29.3
min_distances_centre :	23.0
max_distances_centre :	38.0
med_distances_centre :	29.0
ecartType_distances_centre :	4.539823785126467
var_distances_centre :	20.61
covar_distances_centre :	21.69473684210526
coef_variation_distances_centre :	0.1549427913012446
capacite_X_temoin : 
46.0	0.0	45.0	46.0	45.0	
45.0	42.0	46.0	48.0	47.0	
37.0	40.0	44.0	44.0	39.0	
44.0	46.0	48.0	46.0	46.0	
49.0	42.0	44.0	49.0	40.0	
44.0	44.0	39.0	46.0	47.0	
39.0	41.0	38.0	41.0	38.0	
48.0	48.0	39.0	45.0	44.0	
41.0	0.0	46.0	44.0	44.0	
37.0	43.0	38.0	40.0	40.0	

capacite_W_temoin : 
54.8	0.0	45.5	53.8	51.5	
50.5	52.6	47.8	57.4	56.1	
44.1	50.0	46.2	51.2	46.7	
51.2	55.8	55.4	52.8	55.8	
55.7	51.6	47.2	55.7	50.0	
50.2	54.2	43.7	53.8	57.1	
44.7	50.3	39.4	47.3	46.4	
55.4	58.4	44.7	50.5	54.2	
49.3	0.0	46.8	53.2	51.2	
42.1	53.9	43.4	44.0	48.0	

demande_cumulee_X : 
5.0	0.0	13.0	6.0	7.0	
8.0	2.0	12.0	5.0	5.0	
4.0	2.0	11.0	6.0	4.0	
6.0	4.0	7.0	7.0	4.0	
8.0	3.0	10.0	8.0	2.0	
7.0	3.0	7.0	6.0	4.0	
6.0	3.0	10.0	6.0	3.0	
7.0	4.0	6.0	8.0	3.0	
4.0	0.0	13.0	4.0	6.0	
6.0	2.0	6.0	8.0	4.0	

demande_cumulee_W : 
8.0	0.0	9.0	4.0	10.0	
12.0	11.0	6.0	2.0	1.0	
7.0	11.0	6.0	1.0	2.0	
8.0	10.0	7.0	1.0	2.0	
11.0	12.0	6.0	2.0	0.0	
8.0	10.0	7.0	1.0	1.0	
12.0	8.0	5.0	2.0	1.0	
10.0	9.0	7.0	1.0	1.0	
9.0	0.0	5.0	6.0	7.0	
7.0	11.0	5.0	1.0	2.0	

capacite_residuelle_X : 
41.0	0.0	32.0	40.0	38.0	
37.0	40.0	34.0	43.0	42.0	
33.0	38.0	33.0	38.0	35.0	
38.0	42.0	41.0	39.0	42.0	
41.0	39.0	34.0	41.0	38.0	
37.0	41.0	32.0	40.0	43.0	
33.0	38.0	28.0	35.0	35.0	
41.0	44.0	33.0	37.0	41.0	
37.0	0.0	33.0	40.0	38.0	
31.0	41.0	32.0	32.0	36.0	

capacite_residuelle_W : 
46.8	0.0	36.5	49.8	41.5	
38.5	41.6	41.8	55.4	55.1	
37.1	39.0	40.2	50.2	44.7	
43.2	45.8	48.4	51.8	53.8	
44.7	39.6	41.2	53.7	50.0	
42.2	44.2	36.7	52.8	56.1	
32.7	42.3	34.4	45.3	45.4	
45.4	49.4	37.7	49.5	53.2	
40.3	0.0	41.8	47.2	44.2	
35.1	42.9	38.4	43.0	46.0	

min_capacite_X : 
0.0	42.0	37.0	44.0	40.0	39.0	38.0	39.0	0.0	37.0	

min_capacite_W : 
0.0	47.8	44.1	51.2	47.2	43.7	39.4	44.7	0.0	42.1	

max_capacite_X : 
46.0	48.0	44.0	48.0	49.0	47.0	41.0	48.0	46.0	43.0	

max_capacite_W : 
54.8	57.4	51.2	55.8	55.7	57.1	50.3	58.4	53.2	53.9	

moy_capacite_X : 
36.4	45.6	40.8	46.0	44.8	44.0	39.4	44.8	35.0	39.6	

moy_capacite_W : 
41.12	52.879999999999995	47.64	54.2	52.04	51.80000000000001	45.62	52.64	40.1	46.28	

med_capacite_X : 
45.0	46.0	40.0	46.0	44.0	44.0	39.0	45.0	44.0	40.0	

med_capacite_W : 
51.5	52.6	46.7	55.4	51.6	53.8	46.4	54.2	49.3	44.0	

ecartType_capacite_X : 
18.20549367636044	2.0591260281974	2.7856776554368237	1.2649110640673518	3.6551333764994136	2.756809750418044	1.3564659966250536	3.3105890714493698	17.57270610919104	2.0591260281974	

ecartType_capacite_W : 
20.812054199429713	3.5312320796005467	2.597383298629603	1.8718974330876126	3.3036949011674794	4.604780125043973	3.6018883936068864	4.7085454229517625	20.16115076080728	4.289242357340046	

var_capacite_X : 
331.44	4.24	7.76	1.6	13.360000000000003	7.6	1.8399999999999999	10.959999999999999	308.8	4.24	

var_capacite_W : 
433.1415999999999	12.469600000000003	6.746399999999999	3.5039999999999933	10.9144	21.20399999999999	12.973599999999996	22.17039999999999	406.47200000000004	18.397599999999994	

covar_capacite_X : 
414.3	5.3	9.7	2.0	16.700000000000003	9.5	2.3	13.7	386.0	5.300000000000001	

covar_capacite_W : 
541.4269999999999	15.587000000000005	8.432999999999998	4.379999999999992	13.643	26.50499999999999	16.216999999999995	27.712999999999987	508.09000000000003	22.996999999999993	

##########	##########	##########	##########	##########	##########	##########	##########	##########	##########	##########	##########	##########	##########	##########	##########	##########	##########	##########	##########	##########	##########	##########	##########	##########	##########	##########	##########	##########	##########	##########	##########	##########	##########	##########	##########	##########	##########	##########	##########	##########	##########	##########	##########	##########	##########	##########	##########	##########	##########	