nombre de noeuds : 30
nombre de strates : 3
nombre de centres : 6
titre : intelligent
instances : alea30_6_1
temps de calcul : 0.012157917022705078
valeur objective : 208.0
nombre de solutions : 2
nombre de noeuds : 0.0
faisability : True
centre : [15, 14, 8, 2, 20, 27]
moy_distances :	32.23
min_distances :	10.0
max_distances :	56.0
var_distances :	102.40567578279826
covar_distances :	102.52351890797982
ecartType_distances :	10.119568952420764
coef_variation	: 0.31400331652065283
distances_centre_x :
12.0	-1.0	0.0	11.0	15.0	10.0	28.0	26.0	0.0	15.0	12.0	20.0	16.0	-1.0	0.0	0.0	-1.0	12.0	-1.0	10.0	0.0	-1.0	24.0	-1.0	10.0	20.0	-1.0	0.0	-1.0	-1.0	
-1.0	-1.0	0.0	11.0	15.0	10.0	28.0	26.0	0.0	-1.0	12.0	20.0	16.0	31.0	0.0	-1.0	12.0	12.0	31.0	-1.0	0.0	11.0	-1.0	22.0	10.0	20.0	-1.0	-1.0	15.0	24.0	
-1.0	38.0	0.0	11.0	15.0	10.0	28.0	-1.0	0.0	15.0	12.0	20.0	-1.0	31.0	0.0	0.0	12.0	-1.0	-1.0	10.0	0.0	11.0	24.0	-1.0	10.0	20.0	27.0	0.0	-1.0	-1.0	

distances_centre_w :
22.0	-1.0	27.0	27.0	27.0	21.0	30.0	34.0	27.0	21.0	18.0	32.0	30.0	-1.0	19.0	22.0	-1.0	27.0	-1.0	21.0	22.0	-1.0	27.0	-1.0	22.0	25.0	-1.0	26.0	-1.0	-1.0	
-1.0	-1.0	27.0	29.0	27.0	29.0	30.0	34.0	27.0	-1.0	18.0	32.0	30.0	34.0	19.0	-1.0	28.0	27.0	37.0	-1.0	31.0	16.0	-1.0	27.0	22.0	25.0	-1.0	-1.0	26.0	30.0	
-1.0	40.0	27.0	29.0	27.0	29.0	35.0	-1.0	27.0	30.0	38.0	36.0	-1.0	34.0	38.0	22.0	34.0	-1.0	-1.0	37.0	31.0	16.0	27.0	-1.0	22.0	25.0	34.0	26.0	-1.0	-1.0	

maxX :
28.0	31.0	38.0	

maxW :
34.0	37.0	40.0	

minX :
0.0	0.0	0.0	

minW :
18.0	16.0	16.0	

moyX :
11.476190476190476	14.818181818181818	13.363636363636363	

moyW :
25.095238095238095	27.5	30.181818181818183	

medX :
12.0	13.5	11.5	

medW :
26.0	27.5	29.5	

ecartTypeX :
8.808107994337337	9.51380032869173	10.965008206046981	

ecartTypeW :
4.219058368254607	5.069965034844467	5.989660512737865	

varX :
77.58276643990932	90.51239669421486	120.23140495867766	

varW :
17.800453514739225	25.704545454545453	35.87603305785123	

covarX :
81.46190476190478	94.8225108225108	125.95670995670993	

covarW :
18.69047619047619	26.928571428571427	37.584415584415574	

coef_variationX :
0.7675114849837514	0.6420356050037364	0.82051081813957	

coef_variationW :
0.16812187046175853	0.18436236490343516	0.19845260734974854	

moy_distances_centre :	30.4
min_distances_centre :	18.0
max_distances_centre :	40.0
med_distances_centre :	31.0
ecartType_distances_centre :	7.409903283219469
var_distances_centre :	54.906666666666666
covar_distances_centre :	56.80000000000001
coef_variation_distances_centre :	0.24374681852695623
capacite_X_temoin : 
29.0	24.0	28.0	29.0	25.0	29.0	
26.0	27.0	27.0	26.0	24.0	26.0	
25.0	29.0	27.0	28.0	29.0	22.0	

capacite_W_temoin : 
31.7	26.2	33.4	35.7	30.5	34.7	
27.8	30.1	33.1	32.8	26.2	30.8	
26.5	33.7	32.1	34.4	35.7	23.6	

demande_cumulee_X : 
6.0	5.0	3.0	2.0	2.0	3.0	
6.0	5.0	2.0	1.0	5.0	3.0	
6.0	4.0	3.0	2.0	2.0	5.0	

demande_cumulee_W : 
5.0	7.0	2.0	5.0	2.0	0.0	
9.0	6.0	2.0	3.0	2.0	0.0	
11.0	9.0	1.0	1.0	0.0	0.0	

capacite_residuelle_X : 
23.0	19.0	25.0	27.0	23.0	26.0	
20.0	22.0	25.0	25.0	19.0	23.0	
19.0	25.0	24.0	26.0	27.0	17.0	

capacite_residuelle_W : 
26.7	19.2	31.4	30.700000000000003	28.5	34.7	
18.8	24.1	31.1	29.799999999999997	24.2	30.8	
15.5	24.700000000000003	31.1	33.4	35.7	23.6	

min_capacite_X : 
24.0	24.0	22.0	

min_capacite_W : 
26.2	26.2	23.6	

max_capacite_X : 
29.0	27.0	29.0	

max_capacite_W : 
35.7	33.1	35.7	

moy_capacite_X : 
27.333333333333332	26.0	26.666666666666668	

moy_capacite_W : 
32.03333333333333	30.133333333333336	31.000000000000004	

med_capacite_X : 
28.5	26.0	27.5	

med_capacite_W : 
32.55	30.450000000000003	32.900000000000006	

ecartType_capacite_X : 
2.0548046676563256	1.0	2.494438257849294	

ecartType_capacite_W : 
3.1335106332816065	2.4924329925240163	4.418898807018177	

var_capacite_X : 
4.222222222222222	1.0	6.222222222222222	

var_capacite_W : 
9.818888888888894	6.2122222222222225	19.526666666666667	

covar_capacite_X : 
5.066666666666667	1.2000000000000002	7.466666666666668	

covar_capacite_W : 
11.782666666666675	7.454666666666667	23.432000000000002	

##########	##########	##########	##########	##########	##########	##########	##########	##########	##########	##########	##########	##########	##########	##########	##########	##########	##########	##########	##########	##########	##########	##########	##########	##########	##########	##########	##########	##########	##########	nombre de noeuds : 30
nombre de strates : 3
nombre de centres : 6
titre : intelligent
instances : alea30_6_1
temps de calcul : 0.013226985931396484
valeur objective : 214.0
nombre de solutions : 2
nombre de noeuds : 0.0
faisability : True
centre : [15, 14, 8, 20, 27, 3]
moy_distances :	32.23
min_distances :	10.0
max_distances :	56.0
var_distances :	102.40567578279826
covar_distances :	102.52351890797982
ecartType_distances :	10.119568952420764
coef_variation	: 0.31400331652065283
distances_centre_x :
12.0	-1.0	22.0	0.0	20.0	10.0	30.0	26.0	0.0	15.0	18.0	20.0	16.0	-1.0	0.0	0.0	-1.0	19.0	-1.0	10.0	0.0	-1.0	27.0	-1.0	10.0	20.0	-1.0	0.0	-1.0	-1.0	
-1.0	-1.0	22.0	0.0	20.0	10.0	30.0	26.0	0.0	-1.0	18.0	20.0	16.0	13.0	0.0	-1.0	12.0	19.0	37.0	-1.0	0.0	11.0	-1.0	22.0	10.0	20.0	-1.0	-1.0	15.0	24.0	
-1.0	29.0	22.0	0.0	20.0	10.0	30.0	-1.0	0.0	15.0	18.0	20.0	-1.0	13.0	0.0	0.0	12.0	-1.0	-1.0	10.0	0.0	11.0	27.0	-1.0	10.0	20.0	33.0	0.0	-1.0	-1.0	

distances_centre_w :
22.0	-1.0	27.0	29.0	27.0	21.0	35.0	34.0	29.0	26.0	38.0	32.0	35.0	-1.0	11.0	27.0	-1.0	27.0	-1.0	24.0	22.0	-1.0	32.0	-1.0	29.0	32.0	-1.0	26.0	-1.0	-1.0	
-1.0	-1.0	27.0	29.0	27.0	35.0	35.0	37.0	29.0	-1.0	38.0	32.0	35.0	34.0	11.0	-1.0	32.0	27.0	38.0	-1.0	34.0	30.0	-1.0	28.0	29.0	32.0	-1.0	-1.0	29.0	30.0	
-1.0	38.0	27.0	29.0	27.0	21.0	35.0	-1.0	29.0	26.0	38.0	32.0	-1.0	34.0	11.0	27.0	32.0	-1.0	-1.0	24.0	33.0	30.0	32.0	-1.0	29.0	32.0	34.0	26.0	-1.0	-1.0	

maxX :
30.0	37.0	33.0	

maxW :
38.0	38.0	38.0	

minX :
0.0	0.0	0.0	

minW :
11.0	11.0	11.0	

moyX :
13.095238095238095	15.681818181818182	13.636363636363637	

moyW :
27.857142857142858	30.818181818181817	29.363636363636363	

medX :
15.0	17.0	12.5	

medW :
27.0	31.0	29.5	

ecartTypeX :
9.753655050701383	9.720579685465657	10.520739062120262	

ecartTypeW :
5.865847190756517	5.548434370788047	5.80395989073177	

varX :
95.13378684807259	94.48966942148762	110.68595041322314	

varW :
34.40816326530612	30.78512396694215	33.68595041322314	

covarX :
99.89047619047619	98.9891774891775	115.95670995670994	

covarW :
36.128571428571426	32.25108225108225	35.290043290043286	

coef_variationX :
0.7448245675081057	0.6198630524065056	0.7715208645554859	

coef_variationW :
0.2105688735143365	0.18003769344739975	0.19765807677414696	

moy_distances_centre :	29.6
min_distances_centre :	11.0
max_distances_centre :	44.0
med_distances_centre :	31.0
ecartType_distances_centre :	8.897939836464019
var_distances_centre :	79.17333333333333
covar_distances_centre :	81.90344827586205
coef_variation_distances_centre :	0.3006060755562168
capacite_X_temoin : 
23.0	24.0	28.0	29.0	25.0	29.0	
28.0	27.0	27.0	26.0	24.0	26.0	
24.0	29.0	27.0	28.0	29.0	22.0	

capacite_W_temoin : 
28.9	25.2	33.4	32.7	29.5	34.7	
35.4	29.1	33.1	28.8	26.2	30.8	
29.2	31.7	32.1	30.4	36.7	24.6	

demande_cumulee_X : 
1.0	6.0	3.0	5.0	3.0	3.0	
1.0	6.0	2.0	5.0	5.0	3.0	
2.0	6.0	3.0	6.0	1.0	4.0	

demande_cumulee_W : 
6.0	8.0	3.0	1.0	3.0	0.0	
8.0	6.0	4.0	2.0	2.0	0.0	
7.0	9.0	2.0	1.0	2.0	1.0	

capacite_residuelle_X : 
22.0	18.0	25.0	24.0	22.0	26.0	
27.0	21.0	25.0	21.0	19.0	23.0	
22.0	23.0	24.0	22.0	28.0	18.0	

capacite_residuelle_W : 
22.9	17.2	30.4	31.700000000000003	26.5	34.7	
27.4	23.1	29.1	26.8	24.2	30.8	
22.2	22.7	30.1	29.4	34.7	23.6	

min_capacite_X : 
23.0	24.0	22.0	

min_capacite_W : 
25.2	26.2	24.6	

max_capacite_X : 
29.0	28.0	29.0	

max_capacite_W : 
34.7	35.4	36.7	

moy_capacite_X : 
26.333333333333332	26.333333333333332	26.5	

moy_capacite_W : 
30.73333333333333	30.566666666666666	30.783333333333335	

med_capacite_X : 
26.5	26.5	27.5	

med_capacite_W : 
31.1	29.950000000000003	31.049999999999997	

ecartType_capacite_X : 
2.4267032964268394	1.247219128924647	2.6299556396765835	

ecartType_capacite_W : 
3.220075913528887	3.004810957263183	3.616359433955032	

var_capacite_X : 
5.888888888888889	1.5555555555555556	6.916666666666667	

var_capacite_W : 
10.368888888888895	9.028888888888886	13.07805555555556	

covar_capacite_X : 
7.066666666666667	1.866666666666667	8.3	

covar_capacite_W : 
12.442666666666675	10.834666666666664	15.693666666666672	

##########	##########	##########	##########	##########	##########	##########	##########	##########	##########	##########	##########	##########	##########	##########	##########	##########	##########	##########	##########	##########	##########	##########	##########	##########	##########	##########	##########	##########	##########	nombre de noeuds : 30
nombre de strates : 3
nombre de centres : 6
titre : intelligent
instances : alea30_6_1
temps de calcul : 0.011692047119140625
valeur objective : 208.0
nombre de solutions : 2
nombre de noeuds : 0.0
faisability : True
centre : [15, 14, 8, 20, 27, 22]
moy_distances :	32.23
min_distances :	10.0
max_distances :	56.0
var_distances :	102.40567578279826
covar_distances :	102.52351890797982
ecartType_distances :	10.119568952420764
coef_variation	: 0.31400331652065283
distances_centre_x :
12.0	-1.0	22.0	11.0	20.0	10.0	29.0	26.0	0.0	15.0	18.0	20.0	16.0	-1.0	0.0	0.0	-1.0	13.0	-1.0	10.0	0.0	-1.0	0.0	-1.0	10.0	20.0	-1.0	0.0	-1.0	-1.0	
-1.0	-1.0	22.0	11.0	20.0	10.0	29.0	26.0	0.0	-1.0	18.0	20.0	16.0	32.0	0.0	-1.0	12.0	13.0	35.0	-1.0	0.0	11.0	-1.0	22.0	10.0	20.0	-1.0	-1.0	15.0	18.0	
-1.0	16.0	22.0	11.0	20.0	10.0	29.0	-1.0	0.0	15.0	18.0	20.0	-1.0	32.0	0.0	0.0	12.0	-1.0	-1.0	10.0	0.0	11.0	0.0	-1.0	10.0	20.0	33.0	0.0	-1.0	-1.0	

distances_centre_w :
22.0	-1.0	27.0	29.0	27.0	21.0	30.0	28.0	19.0	21.0	36.0	32.0	32.0	-1.0	19.0	22.0	-1.0	27.0	-1.0	29.0	22.0	-1.0	27.0	-1.0	29.0	32.0	-1.0	26.0	-1.0	-1.0	
-1.0	-1.0	27.0	29.0	27.0	21.0	35.0	34.0	19.0	-1.0	36.0	32.0	35.0	34.0	19.0	-1.0	34.0	27.0	37.0	-1.0	33.0	30.0	-1.0	32.0	29.0	32.0	-1.0	-1.0	19.0	30.0	
-1.0	38.0	27.0	29.0	27.0	21.0	30.0	-1.0	19.0	21.0	36.0	32.0	-1.0	34.0	19.0	31.0	28.0	-1.0	-1.0	29.0	33.0	30.0	27.0	-1.0	29.0	32.0	34.0	26.0	-1.0	-1.0	

maxX :
29.0	35.0	33.0	

maxW :
36.0	37.0	38.0	

minX :
0.0	0.0	0.0	

minW :
19.0	19.0	19.0	

moyX :
12.0	16.363636363636363	13.136363636363637	

moyW :
26.523809523809526	29.59090909090909	28.727272727272727	

medX :
12.0	17.0	11.5	

medW :
27.0	31.0	29.0	

ecartTypeX :
9.039595439746499	9.359222260546762	10.29693447119735	

ecartTypeW :
4.625180023462125	5.532212206778266	5.082785726725223	

varX :
81.71428571428571	87.59504132231403	106.02685950413225	

varW :
21.392290249433103	30.605371900826448	25.834710743801654	

covarX :
85.80000000000001	91.76623376623374	111.07575757575759	

covarW :
22.461904761904762	32.06277056277057	27.064935064935064	

coef_variationX :
0.753299619978875	0.5719524714778577	0.783849682928518	

coef_variationW :
0.17437842099228837	0.18695648010617796	0.17693241453790334	

moy_distances_centre :	31.8
min_distances_centre :	18.0
max_distances_centre :	46.0
med_distances_centre :	32.0
ecartType_distances_centre :	8.533854150773065
var_distances_centre :	72.82666666666667
covar_distances_centre :	75.33793103448275
coef_variation_distances_centre :	0.26836019342053663
capacite_X_temoin : 
24.0	28.0	29.0	25.0	26.0	29.0	
27.0	27.0	26.0	24.0	23.0	26.0	
29.0	27.0	28.0	29.0	26.0	22.0	

capacite_W_temoin : 
26.2	33.4	32.7	30.5	30.8	34.7	
30.1	32.1	29.8	28.2	25.9	30.8	
33.7	31.1	30.4	36.7	30.8	24.6	

demande_cumulee_X : 
5.0	3.0	5.0	2.0	3.0	3.0	
5.0	3.0	4.0	3.0	4.0	3.0	
4.0	4.0	6.0	1.0	3.0	4.0	

demande_cumulee_W : 
8.0	6.0	2.0	2.0	3.0	0.0	
11.0	5.0	3.0	2.0	1.0	0.0	
10.0	7.0	2.0	1.0	1.0	1.0	

capacite_residuelle_X : 
19.0	25.0	24.0	23.0	23.0	26.0	
22.0	24.0	22.0	21.0	19.0	23.0	
25.0	23.0	22.0	28.0	23.0	18.0	

capacite_residuelle_W : 
18.2	27.4	30.700000000000003	28.5	27.8	34.7	
19.1	27.1	26.8	26.2	24.9	30.8	
23.700000000000003	24.1	28.4	35.7	29.8	23.6	

min_capacite_X : 
24.0	23.0	22.0	

min_capacite_W : 
26.2	25.9	24.6	

max_capacite_X : 
29.0	27.0	29.0	

max_capacite_W : 
34.7	32.1	36.7	

moy_capacite_X : 
26.833333333333332	25.5	26.833333333333332	

moy_capacite_W : 
31.383333333333336	29.483333333333334	31.216666666666672	

med_capacite_X : 
27.0	26.0	27.5	

med_capacite_W : 
31.75	29.950000000000003	30.950000000000003	

ecartType_capacite_X : 
1.950783318453271	1.5	2.4094720491334933	

ecartType_capacite_W : 
2.7321643841874206	1.9810911695886753	3.6712471389918115	

var_capacite_X : 
3.805555555555556	2.25	5.805555555555556	

var_capacite_W : 
7.464722222222227	3.9247222222222256	13.478055555555562	

covar_capacite_X : 
4.566666666666667	2.7	6.966666666666668	

covar_capacite_W : 
8.957666666666674	4.709666666666671	16.173666666666673	

##########	##########	##########	##########	##########	##########	##########	##########	##########	##########	##########	##########	##########	##########	##########	##########	##########	##########	##########	##########	##########	##########	##########	##########	##########	##########	##########	##########	##########	##########	nombre de noeuds : 30
nombre de strates : 3
nombre de centres : 6
titre : intelligent
instances : alea30_6_1
temps de calcul : 0.016688823699951172
valeur objective : 215.0
nombre de solutions : 2
nombre de noeuds : 0.0
faisability : True
centre : [15, 14, 8, 20, 27, 29]
moy_distances :	32.23
min_distances :	10.0
max_distances :	56.0
var_distances :	102.40567578279826
covar_distances :	102.52351890797982
ecartType_distances :	10.119568952420764
coef_variation	: 0.31400331652065283
distances_centre_x :
30.0	-1.0	22.0	11.0	20.0	10.0	30.0	10.0	0.0	15.0	18.0	20.0	14.0	-1.0	0.0	0.0	-1.0	19.0	-1.0	10.0	0.0	-1.0	18.0	-1.0	10.0	20.0	-1.0	0.0	-1.0	-1.0	
-1.0	-1.0	22.0	11.0	20.0	10.0	30.0	10.0	0.0	-1.0	18.0	20.0	14.0	31.0	0.0	-1.0	12.0	19.0	37.0	-1.0	0.0	11.0	-1.0	22.0	10.0	20.0	-1.0	-1.0	15.0	0.0	
-1.0	34.0	22.0	11.0	20.0	10.0	30.0	-1.0	0.0	15.0	18.0	20.0	-1.0	31.0	0.0	0.0	12.0	-1.0	-1.0	10.0	0.0	11.0	18.0	-1.0	10.0	20.0	32.0	0.0	-1.0	-1.0	

distances_centre_w :
34.0	-1.0	27.0	29.0	27.0	21.0	35.0	26.0	19.0	21.0	38.0	32.0	16.0	-1.0	19.0	22.0	-1.0	27.0	-1.0	29.0	22.0	-1.0	27.0	-1.0	29.0	35.0	-1.0	26.0	-1.0	-1.0	
-1.0	-1.0	27.0	29.0	20.0	21.0	31.0	26.0	19.0	-1.0	38.0	32.0	16.0	34.0	19.0	-1.0	34.0	27.0	38.0	-1.0	33.0	30.0	-1.0	32.0	29.0	32.0	-1.0	-1.0	19.0	30.0	
-1.0	38.0	27.0	29.0	20.0	21.0	31.0	-1.0	19.0	34.0	38.0	32.0	-1.0	34.0	19.0	31.0	34.0	-1.0	-1.0	29.0	33.0	30.0	27.0	-1.0	29.0	32.0	34.0	26.0	-1.0	-1.0	

maxX :
30.0	37.0	34.0	

maxW :
38.0	38.0	38.0	

minX :
0.0	0.0	0.0	

minW :
16.0	16.0	19.0	

moyX :
13.19047619047619	15.090909090909092	14.727272727272727	

moyW :
26.714285714285715	28.0	29.40909090909091	

medX :
14.0	14.5	13.5	

medW :
27.0	29.5	30.5	

ecartTypeX :
9.209824193653455	9.954026553515877	10.686362669656967	

ecartTypeW :
5.799366608624125	6.2885176747350044	5.490976820774333	

varX :
84.82086167800453	99.08264462809916	114.198347107438	

varW :
33.63265306122449	39.54545454545455	30.150826446280995	

covarX :
89.06190476190476	103.80086580086578	119.63636363636361	

covarW :
35.31428571428571	41.42857142857142	31.58658008658009	

coef_variationX :
0.6982177186524281	0.6596041692088834	0.725617218310041	

coef_variationW :
0.21708858962764105	0.22458991695482158	0.18671018555956	

moy_distances_centre :	30.266666666666666
min_distances_centre :	18.0
max_distances_centre :	40.0
med_distances_centre :	31.0
ecartType_distances_centre :	7.150446761489025
var_distances_centre :	51.12888888888889
covar_distances_centre :	52.8919540229885
coef_variation_distances_centre :	0.23624824101835987
capacite_X_temoin : 
24.0	28.0	29.0	25.0	29.0	23.0	
27.0	27.0	26.0	24.0	26.0	22.0	
29.0	27.0	28.0	29.0	22.0	29.0	

capacite_W_temoin : 
28.2	32.4	33.7	30.5	33.7	25.9	
32.1	32.1	29.8	26.2	30.8	24.6	
33.7	31.1	32.4	35.7	24.6	33.7	

demande_cumulee_X : 
3.0	4.0	4.0	2.0	4.0	4.0	
3.0	3.0	4.0	5.0	3.0	4.0	
4.0	4.0	4.0	2.0	4.0	4.0	

demande_cumulee_W : 
10.0	4.0	3.0	3.0	1.0	0.0	
12.0	4.0	3.0	2.0	1.0	0.0	
11.0	6.0	2.0	1.0	2.0	0.0	

capacite_residuelle_X : 
21.0	24.0	25.0	23.0	25.0	19.0	
24.0	24.0	22.0	19.0	23.0	18.0	
25.0	23.0	24.0	27.0	18.0	25.0	

capacite_residuelle_W : 
18.2	28.4	30.700000000000003	27.5	32.7	25.9	
20.1	28.1	26.8	24.2	29.8	24.6	
22.700000000000003	25.1	30.4	34.7	22.6	33.7	

min_capacite_X : 
23.0	22.0	22.0	

min_capacite_W : 
25.9	24.6	24.6	

max_capacite_X : 
29.0	27.0	29.0	

max_capacite_W : 
33.7	32.1	35.7	

moy_capacite_X : 
26.333333333333332	25.333333333333332	27.333333333333332	

moy_capacite_W : 
30.733333333333334	29.266666666666666	31.866666666666674	

med_capacite_X : 
26.5	26.0	28.5	

med_capacite_W : 
31.45	30.3	33.05	

ecartType_capacite_X : 
2.4267032964268394	1.7950549357115015	2.494438257849294	

ecartType_capacite_W : 
2.8929031938329524	2.8830924754891623	3.537733109712427	

var_capacite_X : 
5.888888888888889	3.2222222222222228	6.222222222222221	

var_capacite_W : 
8.368888888888897	8.312222222222225	12.51555555555556	

covar_capacite_X : 
7.066666666666667	3.866666666666667	7.466666666666666	

covar_capacite_W : 
10.042666666666676	9.974666666666671	15.018666666666673	

##########	##########	##########	##########	##########	##########	##########	##########	##########	##########	##########	##########	##########	##########	##########	##########	##########	##########	##########	##########	##########	##########	##########	##########	##########	##########	##########	##########	##########	##########	nombre de noeuds : 30
nombre de strates : 3
nombre de centres : 6
titre : intelligent
instances : alea30_6_1
temps de calcul : 0.013327836990356445
valeur objective : 202.0
nombre de solutions : 3
nombre de noeuds : 1.0
faisability : True
centre : [14, 8, 20, 27, 29, 6]
moy_distances :	32.23
min_distances :	10.0
max_distances :	56.0
var_distances :	102.40567578279826
covar_distances :	102.52351890797982
ecartType_distances :	10.119568952420764
coef_variation	: 0.31400331652065283
distances_centre_x :
12.0	-1.0	27.0	11.0	20.0	12.0	0.0	10.0	0.0	15.0	25.0	20.0	14.0	-1.0	0.0	22.0	-1.0	16.0	-1.0	10.0	0.0	-1.0	18.0	-1.0	10.0	20.0	-1.0	0.0	-1.0	-1.0	
-1.0	-1.0	27.0	11.0	20.0	12.0	0.0	10.0	0.0	-1.0	25.0	20.0	14.0	13.0	0.0	-1.0	12.0	16.0	19.0	-1.0	0.0	11.0	-1.0	22.0	10.0	20.0	-1.0	-1.0	15.0	0.0	
-1.0	34.0	27.0	11.0	20.0	12.0	0.0	-1.0	0.0	15.0	25.0	20.0	-1.0	13.0	0.0	22.0	12.0	-1.0	-1.0	10.0	0.0	11.0	18.0	-1.0	10.0	20.0	10.0	0.0	-1.0	-1.0	

distances_centre_w :
22.0	-1.0	28.0	29.0	27.0	21.0	30.0	26.0	19.0	23.0	38.0	32.0	16.0	-1.0	19.0	30.0	-1.0	27.0	-1.0	23.0	18.0	-1.0	27.0	-1.0	25.0	32.0	-1.0	26.0	-1.0	-1.0	
-1.0	-1.0	28.0	29.0	27.0	21.0	30.0	26.0	19.0	-1.0	38.0	32.0	16.0	25.0	19.0	-1.0	19.0	27.0	38.0	-1.0	18.0	25.0	-1.0	28.0	25.0	32.0	-1.0	-1.0	19.0	24.0	
-1.0	37.0	28.0	29.0	27.0	32.0	30.0	-1.0	19.0	23.0	38.0	33.0	-1.0	31.0	30.0	30.0	19.0	-1.0	-1.0	29.0	33.0	30.0	29.0	-1.0	25.0	35.0	34.0	31.0	-1.0	-1.0	

maxX :
27.0	27.0	34.0	

maxW :
38.0	38.0	38.0	

minX :
0.0	0.0	0.0	

minW :
16.0	16.0	19.0	

moyX :
12.476190476190476	12.590909090909092	13.181818181818182	

moyW :
25.61904761904762	25.681818181818183	29.636363636363637	

medX :
12.0	12.5	12.0	

medW :
26.0	25.5	30.0	

ecartTypeX :
8.392848699759348	8.222248591524489	9.340217846575507	

ecartTypeW :
5.268741518447134	5.972561226417506	4.800998518731235	

varX :
70.43990929705217	67.60537190082643	87.23966942148762	

varW :
27.75963718820861	35.671487603305785	23.049586776859506	

covarX :
73.96190476190479	70.82467532467531	91.3939393939394	

covarW :
29.147619047619045	37.37012987012987	24.147186147186147	

coef_variationX :
0.672709246927276	0.6530305740560965	0.708568250429866	

coef_variationW :
0.20565719681670966	0.2325599061613896	0.161996882533876	

moy_distances_centre :	30.533333333333335
min_distances_centre :	18.0
max_distances_centre :	42.0
med_distances_centre :	31.0
ecartType_distances_centre :	6.621849355647477
var_distances_centre :	43.8488888888889
covar_distances_centre :	45.360919540229894
coef_variation_distances_centre :	0.21687279549063787
capacite_X_temoin : 
28.0	24.0	28.0	25.0	29.0	23.0	
24.0	27.0	27.0	24.0	26.0	22.0	
22.0	29.0	27.0	29.0	22.0	29.0	

capacite_W_temoin : 
33.4	27.2	33.4	28.5	34.7	25.9	
27.2	30.1	33.1	27.2	30.8	24.6	
25.6	32.7	32.1	34.7	24.6	33.7	

demande_cumulee_X : 
3.0	4.0	3.0	4.0	3.0	4.0	
4.0	5.0	2.0	4.0	3.0	4.0	
3.0	5.0	3.0	3.0	4.0	4.0	

demande_cumulee_W : 
4.0	9.0	5.0	2.0	1.0	0.0	
5.0	8.0	4.0	4.0	1.0	0.0	
11.0	4.0	5.0	2.0	0.0	0.0	

capacite_residuelle_X : 
25.0	20.0	25.0	21.0	26.0	19.0	
20.0	22.0	25.0	20.0	23.0	18.0	
19.0	24.0	24.0	26.0	18.0	25.0	

capacite_residuelle_W : 
29.4	18.2	28.4	26.5	33.7	25.9	
22.2	22.1	29.1	23.2	29.8	24.6	
14.600000000000001	28.700000000000003	27.1	32.7	24.6	33.7	

min_capacite_X : 
23.0	22.0	22.0	

min_capacite_W : 
25.9	24.6	24.6	

max_capacite_X : 
29.0	27.0	29.0	

max_capacite_W : 
34.7	33.1	34.7	

moy_capacite_X : 
26.166666666666668	25.0	26.333333333333332	

moy_capacite_W : 
30.516666666666666	28.833333333333332	30.566666666666674	

med_capacite_X : 
26.5	25.0	28.0	

med_capacite_W : 
30.95	28.65	32.400000000000006	

ecartType_capacite_X : 
2.266911751455907	1.8257418583505538	3.144660377352201	

ecartType_capacite_W : 
3.428029884480136	2.7968235951204043	3.9596576731946027	

var_capacite_X : 
5.138888888888889	3.3333333333333335	9.888888888888888	

var_capacite_W : 
11.751388888888892	7.822222222222224	15.678888888888894	

covar_capacite_X : 
6.166666666666668	4.0	11.866666666666667	

covar_capacite_W : 
14.101666666666672	9.386666666666668	18.814666666666675	

##########	##########	##########	##########	##########	##########	##########	##########	##########	##########	##########	##########	##########	##########	##########	##########	##########	##########	##########	##########	##########	##########	##########	##########	##########	##########	##########	##########	##########	##########	nombre de noeuds : 30
nombre de strates : 3
nombre de centres : 6
titre : intelligent
instances : alea30_6_1
temps de calcul : 0.012449979782104492
valeur objective : 206.0
nombre de solutions : 2
nombre de noeuds : 0.0
faisability : True
centre : [14, 8, 20, 29, 6, 5]
moy_distances :	32.23
min_distances :	10.0
max_distances :	56.0
var_distances :	102.40567578279826
covar_distances :	102.52351890797982
ecartType_distances :	10.119568952420764
coef_variation	: 0.31400331652065283
distances_centre_x :
12.0	-1.0	27.0	11.0	20.0	0.0	0.0	10.0	0.0	15.0	25.0	32.0	14.0	-1.0	0.0	10.0	-1.0	16.0	-1.0	10.0	0.0	-1.0	18.0	-1.0	10.0	20.0	-1.0	18.0	-1.0	-1.0	
-1.0	-1.0	27.0	11.0	20.0	0.0	0.0	10.0	0.0	-1.0	25.0	32.0	14.0	13.0	0.0	-1.0	18.0	16.0	19.0	-1.0	0.0	11.0	-1.0	22.0	10.0	20.0	-1.0	-1.0	15.0	0.0	
-1.0	34.0	27.0	11.0	20.0	0.0	0.0	-1.0	0.0	15.0	25.0	32.0	-1.0	13.0	0.0	10.0	18.0	-1.0	-1.0	10.0	0.0	11.0	18.0	-1.0	10.0	20.0	10.0	18.0	-1.0	-1.0	

distances_centre_w :
24.0	-1.0	29.0	29.0	30.0	32.0	32.0	27.0	21.0	24.0	28.0	33.0	31.0	-1.0	30.0	30.0	-1.0	31.0	-1.0	11.0	12.0	-1.0	29.0	-1.0	31.0	32.0	-1.0	30.0	-1.0	-1.0	
-1.0	-1.0	29.0	29.0	30.0	32.0	32.0	27.0	21.0	-1.0	28.0	33.0	31.0	25.0	30.0	-1.0	30.0	31.0	38.0	-1.0	12.0	13.0	-1.0	28.0	31.0	32.0	-1.0	-1.0	27.0	30.0	
-1.0	37.0	29.0	29.0	30.0	32.0	32.0	-1.0	21.0	24.0	28.0	33.0	-1.0	34.0	30.0	30.0	30.0	-1.0	-1.0	11.0	12.0	13.0	29.0	-1.0	31.0	32.0	34.0	30.0	-1.0	-1.0	

maxX :
32.0	32.0	34.0	

maxW :
33.0	38.0	37.0	

minX :
0.0	0.0	0.0	

minW :
11.0	12.0	11.0	

moyX :
12.761904761904763	12.863636363636363	13.727272727272727	

moyW :
27.428571428571427	28.136363636363637	27.772727272727273	

medX :
12.0	13.5	12.0	

medW :
30.0	30.0	30.0	

ecartTypeX :
9.122994297011845	9.52172374838169	9.991732119297518	

ecartTypeW :
5.932729465563438	5.87208693384879	7.044868010776086	

varX :
83.22902494331065	90.66322314049586	99.83471074380166	

varW :
35.19727891156463	34.48140495867768	49.630165289256205	

covarX :
87.39047619047619	94.98051948051948	104.58874458874459	

covarW :
36.95714285714286	36.123376623376615	51.993506493506494	

coef_variationX :
0.7148614934225699	0.7402046730190713	0.7278745252468392	

coef_variationW :
0.21629742843200034	0.2087009895713625	0.2536613686367821	

moy_distances_centre :	30.4
min_distances_centre :	12.0
max_distances_centre :	42.0
med_distances_centre :	33.0
ecartType_distances_centre :	7.812809993849845
var_distances_centre :	61.04000000000001
covar_distances_centre :	63.144827586206915
coef_variation_distances_centre :	0.2570003287450607
capacite_X_temoin : 
22.0	28.0	24.0	28.0	25.0	23.0	
26.0	24.0	27.0	27.0	24.0	22.0	
26.0	22.0	29.0	27.0	29.0	29.0	

capacite_W_temoin : 
26.6	33.4	27.2	33.4	29.5	23.9	
32.8	27.2	30.1	33.1	26.2	23.6	
31.8	25.6	31.7	32.1	33.7	33.7	

demande_cumulee_X : 
2.0	3.0	4.0	3.0	3.0	6.0	
1.0	4.0	5.0	2.0	5.0	5.0	
2.0	3.0	6.0	3.0	4.0	4.0	

demande_cumulee_W : 
14.0	5.0	1.0	1.0	0.0	0.0	
13.0	5.0	2.0	1.0	1.0	0.0	
13.0	6.0	2.0	1.0	0.0	0.0	

capacite_residuelle_X : 
20.0	25.0	20.0	25.0	22.0	17.0	
25.0	20.0	22.0	25.0	19.0	17.0	
24.0	19.0	23.0	24.0	25.0	25.0	

capacite_residuelle_W : 
12.600000000000001	28.4	26.2	32.4	29.5	23.9	
19.799999999999997	22.2	28.1	32.1	25.2	23.6	
18.8	19.6	29.7	31.1	33.7	33.7	

min_capacite_X : 
22.0	22.0	22.0	

min_capacite_W : 
23.9	23.6	25.6	

max_capacite_X : 
28.0	27.0	29.0	

max_capacite_W : 
33.4	33.1	33.7	

moy_capacite_X : 
25.0	25.0	27.0	

moy_capacite_W : 
29.0	28.83333333333333	31.433333333333337	

med_capacite_X : 
24.5	25.0	28.0	

med_capacite_W : 
28.35	28.65	31.950000000000003	

ecartType_capacite_X : 
2.309401076758503	1.8257418583505538	2.516611478423583	

ecartType_capacite_W : 
3.5114099732158874	3.4769079494414123	2.7371923977357207	

var_capacite_X : 
5.333333333333333	3.3333333333333335	6.333333333333333	

var_capacite_W : 
12.329999999999998	12.088888888888887	7.492222222222224	

covar_capacite_X : 
6.4	4.0	7.6000000000000005	

covar_capacite_W : 
14.796	14.506666666666664	8.990666666666668	

##########	##########	##########	##########	##########	##########	##########	##########	##########	##########	##########	##########	##########	##########	##########	##########	##########	##########	##########	##########	##########	##########	##########	##########	##########	##########	##########	##########	##########	##########	nombre de noeuds : 30
nombre de strates : 3
nombre de centres : 6
titre : intelligent
instances : alea30_6_1
temps de calcul : 0.011739969253540039
valeur objective : 207.0
nombre de solutions : 2
nombre de noeuds : 0.0
faisability : True
centre : [14, 8, 20, 29, 6, 19]
moy_distances :	32.23
min_distances :	10.0
max_distances :	56.0
var_distances :	102.40567578279826
covar_distances :	102.52351890797982
ecartType_distances :	10.119568952420764
coef_variation	: 0.31400331652065283
distances_centre_x :
12.0	-1.0	27.0	11.0	20.0	11.0	0.0	10.0	0.0	15.0	25.0	32.0	14.0	-1.0	0.0	21.0	-1.0	16.0	-1.0	0.0	0.0	-1.0	18.0	-1.0	10.0	20.0	-1.0	18.0	-1.0	-1.0	
-1.0	-1.0	27.0	11.0	20.0	11.0	0.0	10.0	0.0	-1.0	25.0	32.0	14.0	13.0	0.0	-1.0	18.0	16.0	19.0	-1.0	0.0	11.0	-1.0	22.0	10.0	20.0	-1.0	-1.0	15.0	0.0	
-1.0	34.0	-1.0	-1.0	20.0	12.0	-1.0	-1.0	-1.0	-1.0	-1.0	32.0	-1.0	-1.0	-1.0	22.0	18.0	-1.0	-1.0	-1.0	0.0	-1.0	18.0	-1.0	-1.0	20.0	-1.0	18.0	-1.0	-1.0	

distances_centre_w :
12.0	-1.0	28.0	29.0	27.0	32.0	30.0	26.0	19.0	23.0	32.0	33.0	28.0	-1.0	30.0	30.0	-1.0	27.0	-1.0	10.0	23.0	-1.0	29.0	-1.0	25.0	32.0	-1.0	31.0	-1.0	-1.0	
-1.0	-1.0	28.0	29.0	27.0	32.0	30.0	26.0	19.0	-1.0	32.0	33.0	28.0	25.0	30.0	-1.0	19.0	27.0	38.0	-1.0	23.0	30.0	-1.0	28.0	25.0	32.0	-1.0	-1.0	19.0	30.0	
-1.0	-1.0	-1.0	-1.0	-1.0	-1.0	-1.0	-1.0	-1.0	-1.0	-1.0	-1.0	-1.0	-1.0	-1.0	-1.0	-1.0	-1.0	-1.0	-1.0	-1.0	-1.0	-1.0	-1.0	-1.0	-1.0	-1.0	-1.0	-1.0	-1.0	

maxX :
32.0	32.0	nan	

maxW :
33.0	38.0	nan	

minX :
0.0	0.0	nan	

minW :
10.0	19.0	nan	

moyX :
13.333333333333334	13.363636363636363	nan	

moyW :
26.476190476190474	27.727272727272727	nan	

medX :
14.0	13.5	nan	

medW :
28.0	28.0	nan	

ecartTypeX :
9.249624617007738	9.113154600732916	nan	

ecartTypeW :
6.068019584510628	4.672762645780508	nan	

varX :
85.55555555555556	83.04958677685951	nan	

varW :
36.82086167800453	21.834710743801654	nan	

covarX :
89.83333333333334	87.00432900432902	nan	

covarW :
38.661904761904765	22.874458874458874	nan	

coef_variationX :
0.6937218462755803	0.6819367388303542	nan	

coef_variationW :
0.2291877900624518	0.16852586591339536	nan	

moy_distances_centre :	29.8
min_distances_centre :	10.0
max_distances_centre :	43.0
med_distances_centre :	30.0
ecartType_distances_centre :	8.27204126359792
var_distances_centre :	68.42666666666668
covar_distances_centre :	70.78620689655173
coef_variation_distances_centre :	0.2775852773019436
capacite_X_temoin : 
28.0	24.0	28.0	29.0	25.0	23.0	
24.0	27.0	27.0	27.0	24.0	22.0	
22.0	29.0	27.0	0.0	29.0	29.0	

capacite_W_temoin : 
33.4	28.2	33.4	34.7	28.5	24.9	
27.2	30.1	33.1	34.1	26.2	23.6	
25.6	31.7	32.1	0.0	31.7	33.7	

demande_cumulee_X : 
3.0	3.0	3.0	3.0	4.0	5.0	
4.0	5.0	2.0	1.0	5.0	5.0	
3.0	6.0	3.0	0.0	6.0	4.0	

demande_cumulee_W : 
10.0	5.0	3.0	2.0	0.0	1.0	
9.0	6.0	4.0	2.0	1.0	0.0	
12.0	4.0	6.0	0.0	0.0	0.0	

capacite_residuelle_X : 
25.0	21.0	25.0	26.0	21.0	18.0	
20.0	22.0	25.0	26.0	19.0	17.0	
19.0	23.0	24.0	0.0	23.0	25.0	

capacite_residuelle_W : 
23.4	23.2	30.4	32.7	28.5	23.9	
18.2	24.1	29.1	32.1	25.2	23.6	
13.600000000000001	27.7	26.1	0.0	31.7	33.7	

min_capacite_X : 
23.0	22.0	0.0	

min_capacite_W : 
24.9	23.6	0.0	

max_capacite_X : 
29.0	27.0	29.0	

max_capacite_W : 
34.7	34.1	33.7	

moy_capacite_X : 
26.166666666666668	25.166666666666668	22.666666666666668	

moy_capacite_W : 
30.516666666666666	29.049999999999997	25.8	

med_capacite_X : 
26.5	25.5	28.0	

med_capacite_W : 
30.95	28.65	31.7	

ecartType_capacite_X : 
2.266911751455907	1.950783318453271	10.434983894999018	

ecartType_capacite_W : 
3.5380864256763935	3.7473323845103472	11.813833698959312	

var_capacite_X : 
5.138888888888889	3.805555555555556	108.88888888888887	

var_capacite_W : 
12.518055555555557	14.042500000000004	139.56666666666666	

covar_capacite_X : 
6.166666666666668	4.566666666666667	130.66666666666666	

covar_capacite_W : 
15.02166666666667	16.851000000000006	167.48000000000002	

##########	##########	##########	##########	##########	##########	##########	##########	##########	##########	##########	##########	##########	##########	##########	##########	##########	##########	##########	##########	##########	##########	##########	##########	##########	##########	##########	##########	##########	##########	nombre de noeuds : 30
nombre de strates : 3
nombre de centres : 6
titre : intelligent
instances : alea30_6_1
temps de calcul : 0.012241840362548828
valeur objective : 200.0
nombre de solutions : 2
nombre de noeuds : 0.0
faisability : True
centre : [14, 8, 20, 29, 6, 9]
moy_distances :	32.23
min_distances :	10.0
max_distances :	56.0
var_distances :	102.40567578279826
covar_distances :	102.52351890797982
ecartType_distances :	10.119568952420764
coef_variation	: 0.31400331652065283
distances_centre_x :
12.0	-1.0	27.0	11.0	20.0	12.0	0.0	10.0	0.0	0.0	23.0	27.0	14.0	-1.0	0.0	21.0	-1.0	16.0	-1.0	10.0	0.0	-1.0	18.0	-1.0	10.0	20.0	-1.0	18.0	-1.0	-1.0	
-1.0	-1.0	-1.0	11.0	20.0	12.0	-1.0	10.0	-1.0	-1.0	-1.0	32.0	14.0	-1.0	0.0	-1.0	18.0	-1.0	-1.0	-1.0	0.0	-1.0	-1.0	22.0	-1.0	20.0	-1.0	-1.0	15.0	0.0	
-1.0	34.0	27.0	11.0	20.0	12.0	0.0	-1.0	0.0	0.0	23.0	27.0	-1.0	13.0	0.0	21.0	13.0	-1.0	-1.0	10.0	0.0	11.0	18.0	-1.0	10.0	20.0	10.0	18.0	-1.0	-1.0	

distances_centre_w :
12.0	-1.0	28.0	26.0	27.0	21.0	23.0	26.0	19.0	23.0	25.0	32.0	16.0	-1.0	19.0	22.0	-1.0	27.0	-1.0	23.0	24.0	-1.0	27.0	-1.0	25.0	32.0	-1.0	26.0	-1.0	-1.0	
-1.0	-1.0	-1.0	-1.0	-1.0	-1.0	30.0	-1.0	19.0	-1.0	-1.0	-1.0	-1.0	-1.0	-1.0	-1.0	-1.0	-1.0	38.0	-1.0	24.0	30.0	-1.0	-1.0	-1.0	32.0	-1.0	-1.0	-1.0	-1.0	
-1.0	37.0	28.0	29.0	27.0	32.0	23.0	-1.0	34.0	23.0	25.0	33.0	-1.0	25.0	30.0	30.0	19.0	-1.0	-1.0	29.0	33.0	30.0	29.0	-1.0	25.0	32.0	34.0	31.0	-1.0	-1.0	

maxX :
27.0	32.0	34.0	

maxW :
32.0	38.0	37.0	

minX :
0.0	0.0	0.0	

minW :
12.0	19.0	19.0	

moyX :
12.80952380952381	13.384615384615385	13.545454545454545	

moyW :
23.952380952380953	28.833333333333332	29.0	

medX :
12.0	14.0	12.5	

medW :
25.0	30.0	29.5	

ecartTypeX :
8.704782744582744	9.152876483870745	9.5808866202326	

ecartTypeW :
4.674919815723764	6.011562932290477	4.242640687119285	

varX :
75.77324263038548	83.77514792899409	91.79338842975206	

varW :
21.85487528344671	36.138888888888886	18.0	

covarX :
79.56190476190477	90.75641025641023	96.16450216450215	

covarW :
22.94761904761905	43.36666666666667	18.857142857142858	

coef_variationX :
0.6795555302462365	0.6838355993696533	0.7073137773326081	

coef_variationW :
0.19517557878767205	0.20849351210255992	0.1462979547282512	

moy_distances_centre :	31.0
min_distances_centre :	15.0
max_distances_centre :	49.0
med_distances_centre :	33.0
ecartType_distances_centre :	8.294576541331088
var_distances_centre :	68.8
covar_distances_centre :	71.17241379310344
coef_variation_distances_centre :	0.2675669852042286
capacite_X_temoin : 
28.0	24.0	26.0	28.0	25.0	23.0	
24.0	27.0	0.0	27.0	24.0	22.0	
22.0	29.0	27.0	27.0	29.0	29.0	

capacite_W_temoin : 
34.4	27.2	29.8	34.4	28.5	24.9	
27.2	30.1	0.0	33.1	25.2	23.6	
26.6	31.7	30.1	33.1	34.7	33.7	

demande_cumulee_X : 
2.0	4.0	4.0	2.0	4.0	5.0	
4.0	5.0	0.0	2.0	6.0	5.0	
2.0	6.0	5.0	2.0	3.0	4.0	

demande_cumulee_W : 
4.0	8.0	2.0	2.0	3.0	2.0	
9.0	7.0	0.0	4.0	1.0	1.0	
13.0	4.0	2.0	3.0	0.0	0.0	

capacite_residuelle_X : 
26.0	20.0	22.0	26.0	21.0	18.0	
20.0	22.0	0.0	25.0	18.0	17.0	
20.0	23.0	22.0	25.0	26.0	25.0	

capacite_residuelle_W : 
30.4	19.2	27.8	32.4	25.5	22.9	
18.2	23.1	0.0	29.1	24.2	22.6	
13.600000000000001	27.7	28.1	30.1	34.7	33.7	

min_capacite_X : 
23.0	0.0	22.0	

min_capacite_W : 
24.9	0.0	26.6	

max_capacite_X : 
28.0	27.0	29.0	

max_capacite_W : 
34.4	33.1	34.7	

moy_capacite_X : 
25.666666666666668	20.666666666666668	27.166666666666668	

moy_capacite_W : 
29.866666666666664	23.200000000000003	31.649999999999995	

med_capacite_X : 
25.5	24.0	28.0	

med_capacite_W : 
29.15	26.2	32.4	

ecartType_capacite_X : 
1.8856180831641267	9.410396142328736	2.4776781245530843	

ecartType_capacite_W : 
3.529715128574668	10.832205069452232	2.6930466018990464	

var_capacite_X : 
3.555555555555556	88.55555555555556	6.138888888888889	

var_capacite_W : 
12.458888888888888	117.33666666666666	7.252500000000002	

covar_capacite_X : 
4.2666666666666675	106.26666666666668	7.366666666666667	

covar_capacite_W : 
14.950666666666667	140.804	8.703000000000003	

##########	##########	##########	##########	##########	##########	##########	##########	##########	##########	##########	##########	##########	##########	##########	##########	##########	##########	##########	##########	##########	##########	##########	##########	##########	##########	##########	##########	##########	##########	