nombre de noeuds : 35
nombre de strates : 7
nombre de centres : 7
titre : intelligent
instances : alea35_7_2
temps de calcul : 0.03310513496398926
valeur objective : 496.0
nombre de solutions : 3
nombre de noeuds : 1.0
faisability : True
centre : [32, 2, 20, 13, 1, 5, 11]
moy_distances :	32.56
min_distances :	10.0
max_distances :	58.0
var_distances :	95.7218670997811
covar_distances :	95.80237329582798
ecartType_distances :	9.78375526573417
coef_variation	: 0.3004714763658424
distances_centre_x :
-1.0	-1.0	-1.0	-1.0	-1.0	-1.0	-1.0	30.0	-1.0	-1.0	-1.0	-1.0	-1.0	0.0	-1.0	22.0	-1.0	-1.0	25.0	-1.0	0.0	-1.0	-1.0	-1.0	-1.0	-1.0	-1.0	-1.0	-1.0	-1.0	24.0	13.0	0.0	-1.0	18.0	
-1.0	-1.0	0.0	-1.0	19.0	0.0	-1.0	30.0	-1.0	-1.0	-1.0	0.0	-1.0	0.0	-1.0	22.0	14.0	-1.0	25.0	27.0	0.0	33.0	12.0	-1.0	30.0	-1.0	-1.0	16.0	-1.0	12.0	-1.0	13.0	0.0	32.0	-1.0	
29.0	0.0	0.0	-1.0	19.0	0.0	29.0	30.0	-1.0	-1.0	10.0	0.0	24.0	-1.0	-1.0	-1.0	-1.0	-1.0	25.0	27.0	0.0	-1.0	-1.0	19.0	-1.0	20.0	-1.0	16.0	29.0	12.0	-1.0	13.0	-1.0	32.0	18.0	
-1.0	0.0	0.0	16.0	19.0	0.0	-1.0	30.0	-1.0	-1.0	-1.0	0.0	24.0	-1.0	-1.0	22.0	14.0	20.0	25.0	27.0	0.0	33.0	12.0	19.0	-1.0	-1.0	15.0	16.0	-1.0	12.0	-1.0	13.0	-1.0	32.0	-1.0	
29.0	-1.0	0.0	16.0	-1.0	0.0	-1.0	30.0	-1.0	-1.0	-1.0	-1.0	-1.0	-1.0	21.0	-1.0	14.0	20.0	25.0	27.0	0.0	33.0	12.0	19.0	30.0	20.0	15.0	16.0	-1.0	12.0	-1.0	-1.0	-1.0	32.0	-1.0	
29.0	0.0	-1.0	-1.0	-1.0	0.0	-1.0	-1.0	12.0	-1.0	-1.0	-1.0	24.0	0.0	-1.0	-1.0	-1.0	20.0	25.0	27.0	0.0	33.0	12.0	-1.0	-1.0	-1.0	-1.0	-1.0	29.0	12.0	-1.0	13.0	0.0	32.0	18.0	
29.0	0.0	0.0	-1.0	-1.0	-1.0	-1.0	30.0	-1.0	11.0	-1.0	-1.0	24.0	-1.0	21.0	22.0	-1.0	-1.0	25.0	27.0	0.0	33.0	12.0	19.0	-1.0	20.0	15.0	16.0	-1.0	12.0	-1.0	-1.0	0.0	-1.0	18.0	

distances_centre_w :
-1.0	-1.0	-1.0	-1.0	-1.0	28.0	-1.0	35.0	-1.0	-1.0	-1.0	-1.0	-1.0	33.0	-1.0	-1.0	-1.0	30.0	-1.0	-1.0	-1.0	38.0	-1.0	-1.0	-1.0	-1.0	-1.0	-1.0	31.0	-1.0	-1.0	-1.0	-1.0	34.0	-1.0	
-1.0	-1.0	30.0	-1.0	38.0	28.0	-1.0	35.0	-1.0	-1.0	-1.0	22.0	-1.0	33.0	-1.0	23.0	26.0	-1.0	32.0	30.0	28.0	38.0	24.0	-1.0	33.0	-1.0	-1.0	32.0	-1.0	24.0	-1.0	24.0	28.0	34.0	-1.0	
31.0	30.0	30.0	-1.0	38.0	28.0	36.0	35.0	-1.0	-1.0	27.0	22.0	29.0	-1.0	-1.0	-1.0	-1.0	-1.0	32.0	30.0	28.0	-1.0	-1.0	23.0	-1.0	28.0	-1.0	32.0	31.0	24.0	-1.0	24.0	-1.0	34.0	21.0	
-1.0	30.0	30.0	16.0	38.0	28.0	-1.0	35.0	-1.0	-1.0	-1.0	22.0	29.0	-1.0	-1.0	23.0	26.0	30.0	32.0	30.0	28.0	38.0	24.0	23.0	-1.0	-1.0	27.0	32.0	-1.0	24.0	-1.0	24.0	-1.0	34.0	-1.0	
33.0	-1.0	30.0	16.0	-1.0	28.0	-1.0	35.0	-1.0	-1.0	-1.0	-1.0	-1.0	-1.0	29.0	-1.0	26.0	30.0	32.0	30.0	28.0	38.0	24.0	23.0	33.0	28.0	27.0	32.0	-1.0	24.0	-1.0	-1.0	-1.0	34.0	-1.0	
33.0	30.0	-1.0	-1.0	-1.0	28.0	-1.0	-1.0	22.0	-1.0	-1.0	-1.0	29.0	33.0	-1.0	-1.0	-1.0	30.0	32.0	30.0	28.0	38.0	24.0	-1.0	-1.0	-1.0	-1.0	-1.0	29.0	24.0	-1.0	24.0	28.0	34.0	21.0	
33.0	30.0	30.0	-1.0	-1.0	-1.0	-1.0	35.0	-1.0	17.0	-1.0	-1.0	29.0	-1.0	29.0	23.0	-1.0	-1.0	32.0	30.0	28.0	38.0	24.0	23.0	-1.0	28.0	27.0	32.0	-1.0	24.0	-1.0	-1.0	28.0	-1.0	21.0	

maxX :
30.0	33.0	32.0	33.0	33.0	33.0	33.0	

maxW :
38.0	38.0	38.0	38.0	38.0	38.0	38.0	

minX :
0.0	0.0	0.0	0.0	0.0	0.0	0.0	

minW :
28.0	22.0	21.0	16.0	16.0	21.0	17.0	

moyX :
14.666666666666666	15.0	16.761904761904763	15.863636363636363	18.55	15.88888888888889	16.7	

moyW :
32.714285714285715	29.57894736842105	29.19047619047619	28.318181818181817	29.0	28.72222222222222	28.05	

medX :
18.0	14.0	19.0	16.0	19.5	15.5	18.5	

medW :
33.0	30.0	30.0	28.5	29.5	29.0	28.5	

ecartTypeX :
11.264496832477201	12.021909822880625	11.109432979850359	10.450295578879595	10.121635243378414	11.798723513296252	10.203430795570673	

ecartTypeW :
3.103651568914347	4.815717572083315	4.499937011400934	5.28622879527864	4.8270073544588685	4.343648690975973	4.862869523234198	

varX :
126.88888888888889	144.52631578947367	123.41950113378682	109.2086776859504	102.44749999999999	139.20987654320984	104.10999999999999	

varW :
9.632653061224488	23.191135734072024	20.249433106575967	27.944214876033058	23.3	18.867283950617285	23.6475	

covarX :
142.75	152.55555555555554	129.59047619047618	114.40909090909089	107.83947368421052	147.39869281045753	109.58947368421052	

covarW :
11.238095238095235	24.47953216374269	21.261904761904766	29.27489177489177	24.52631578947368	19.977124183006538	24.892105263157895	

coef_variationX :
0.7680338749416273	0.8014606548587083	0.6627786720933453	0.6587578874938427	0.5456407139287555	0.7425770043333305	0.6109838799742918	

coef_variationW :
0.09487144533799313	0.16280895706331494	0.1541577116466878	0.18667260593279306	0.1664485294640989	0.15122954823514026	0.1733643323791158	

moy_distances_centre :	36.142857142857146
min_distances_centre :	22.0
max_distances_centre :	50.0
med_distances_centre :	35.0
ecartType_distances_centre :	6.798359145766714
var_distances_centre :	46.217687074829925
covar_distances_centre :	47.34494773519165
coef_variation_distances_centre :	0.18809689336113436
capacite_X_temoin : 
29.0	28.0	32.0	0.0	30.0	27.0	32.0	
29.0	33.0	34.0	27.0	28.0	31.0	29.0	
29.0	29.0	28.0	32.0	30.0	33.0	34.0	
32.0	29.0	28.0	32.0	29.0	27.0	28.0	
33.0	32.0	26.0	32.0	31.0	29.0	27.0	
28.0	30.0	28.0	28.0	26.0	28.0	27.0	
27.0	29.0	30.0	32.0	34.0	33.0	33.0	

capacite_W_temoin : 
36.7	29.4	38.6	0.0	36.0	34.1	36.6	
37.7	36.9	40.2	34.1	33.4	39.3	33.7	
35.7	33.7	31.4	38.6	36.0	41.9	41.2	
40.6	29.7	32.4	39.6	34.7	34.1	33.4	
41.9	31.6	29.8	40.6	38.3	36.7	34.1	
35.4	33.0	33.4	35.4	31.8	35.4	31.1	
33.1	31.7	36.0	40.6	42.2	41.9	37.9	

demande_cumulee_X : 
1.0	7.0	3.0	0.0	3.0	1.0	5.0	
0.0	6.0	4.0	1.0	3.0	1.0	4.0	
2.0	4.0	5.0	3.0	3.0	1.0	3.0	
1.0	8.0	4.0	2.0	3.0	1.0	3.0	
1.0	10.0	4.0	1.0	2.0	1.0	1.0	
1.0	6.0	3.0	1.0	2.0	1.0	4.0	
2.0	6.0	3.0	1.0	2.0	1.0	5.0	

demande_cumulee_W : 
6.0	5.0	2.0	0.0	0.0	4.0	3.0	
6.0	5.0	2.0	0.0	1.0	3.0	2.0	
5.0	7.0	3.0	0.0	2.0	2.0	2.0	
6.0	6.0	4.0	0.0	1.0	3.0	2.0	
5.0	4.0	6.0	0.0	0.0	3.0	2.0	
2.0	8.0	2.0	0.0	1.0	3.0	2.0	
5.0	7.0	6.0	0.0	0.0	1.0	1.0	

capacite_residuelle_X : 
28.0	21.0	29.0	0.0	27.0	26.0	27.0	
29.0	27.0	30.0	26.0	25.0	30.0	25.0	
27.0	25.0	23.0	29.0	27.0	32.0	31.0	
31.0	21.0	24.0	30.0	26.0	26.0	25.0	
32.0	22.0	22.0	31.0	29.0	28.0	26.0	
27.0	24.0	25.0	27.0	24.0	27.0	23.0	
25.0	23.0	27.0	31.0	32.0	32.0	28.0	

capacite_residuelle_W : 
30.700000000000003	24.4	36.6	0.0	36.0	30.1	33.6	
31.700000000000003	31.9	38.2	34.1	32.4	36.3	31.700000000000003	
30.700000000000003	26.700000000000003	28.4	38.6	34.0	39.9	39.2	
34.6	23.7	28.4	39.6	33.7	31.1	31.4	
36.9	27.6	23.8	40.6	38.3	33.7	32.1	
33.4	25.0	31.4	35.4	30.8	32.4	29.1	
28.1	24.7	30.0	40.6	42.2	40.9	36.9	

min_capacite_X : 
0.0	27.0	28.0	27.0	26.0	26.0	27.0	

min_capacite_W : 
0.0	33.4	31.4	29.7	29.8	31.1	31.7	

max_capacite_X : 
32.0	34.0	34.0	32.0	33.0	30.0	34.0	

max_capacite_W : 
38.6	40.2	41.9	40.6	41.9	35.4	42.2	

moy_capacite_X : 
25.428571428571427	30.142857142857142	30.714285714285715	29.285714285714285	30.0	27.857142857142858	31.142857142857142	

moy_capacite_W : 
30.199999999999996	36.471428571428575	36.92857142857143	34.92857142857143	36.14285714285714	33.642857142857146	37.62857142857143	

med_capacite_X : 
29.0	29.0	30.0	29.0	31.0	28.0	32.0	

med_capacite_W : 
36.0	36.9	36.0	34.1	36.7	33.4	37.9	

ecartType_capacite_X : 
10.526933386823167	2.415933503612538	2.1189138534559038	1.8294640678379568	2.5071326821120348	1.124858267715973	2.356060357495806	

ecartType_capacite_W : 
12.622542193574615	2.572777424004919	3.5679983527039303	3.601473621296978	4.192120889361422	1.67319808652015	3.897880114594997	

var_capacite_X : 
110.81632653061226	5.836734693877553	4.489795918367347	3.346938775510204	6.285714285714286	1.2653061224489797	5.551020408163266	

var_capacite_W : 
159.32857142857145	6.619183673469387	12.730612244897959	12.970612244897966	17.5738775510204	2.799591836734691	15.193469387755105	

covar_capacite_X : 
129.28571428571428	6.809523809523811	5.238095238095237	3.904761904761904	7.333333333333333	1.4761904761904763	6.476190476190476	

covar_capacite_W : 
185.88333333333335	7.722380952380952	14.852380952380951	15.13238095238096	20.50285714285713	3.2661904761904723	17.72571428571429	

##########	##########	##########	##########	##########	##########	##########	##########	##########	##########	##########	##########	##########	##########	##########	##########	##########	##########	##########	##########	##########	##########	##########	##########	##########	##########	##########	##########	##########	##########	##########	##########	##########	##########	##########	nombre de noeuds : 35
nombre de strates : 7
nombre de centres : 7
titre : intelligent
instances : alea35_7_2
temps de calcul : 0.0334930419921875
valeur objective : 475.0
nombre de solutions : 3
nombre de noeuds : 1.0
faisability : True
centre : [32, 2, 20, 13, 1, 5, 16]
moy_distances :	32.56
min_distances :	10.0
max_distances :	58.0
var_distances :	95.7218670997811
covar_distances :	95.80237329582798
ecartType_distances :	9.78375526573417
coef_variation	: 0.3004714763658424
distances_centre_x :
-1.0	0.0	0.0	-1.0	-1.0	0.0	-1.0	16.0	-1.0	-1.0	-1.0	-1.0	-1.0	0.0	-1.0	22.0	-1.0	20.0	20.0	26.0	0.0	33.0	-1.0	-1.0	-1.0	-1.0	15.0	16.0	29.0	10.0	10.0	13.0	0.0	21.0	18.0	
-1.0	-1.0	0.0	-1.0	19.0	0.0	-1.0	16.0	-1.0	-1.0	-1.0	21.0	-1.0	0.0	-1.0	22.0	0.0	-1.0	20.0	26.0	0.0	33.0	12.0	-1.0	30.0	-1.0	-1.0	16.0	-1.0	10.0	-1.0	13.0	0.0	21.0	-1.0	
29.0	0.0	0.0	-1.0	19.0	0.0	29.0	16.0	-1.0	-1.0	10.0	21.0	10.0	-1.0	-1.0	-1.0	-1.0	-1.0	20.0	26.0	0.0	-1.0	-1.0	23.0	-1.0	16.0	-1.0	16.0	29.0	10.0	-1.0	13.0	-1.0	21.0	18.0	
-1.0	0.0	0.0	16.0	19.0	0.0	-1.0	16.0	-1.0	-1.0	-1.0	21.0	10.0	-1.0	-1.0	22.0	0.0	20.0	20.0	26.0	0.0	33.0	12.0	23.0	-1.0	-1.0	15.0	16.0	-1.0	10.0	-1.0	13.0	-1.0	21.0	-1.0	
-1.0	-1.0	-1.0	-1.0	-1.0	-1.0	-1.0	-1.0	-1.0	-1.0	-1.0	-1.0	-1.0	-1.0	-1.0	-1.0	-1.0	-1.0	25.0	-1.0	0.0	-1.0	-1.0	-1.0	-1.0	-1.0	-1.0	-1.0	-1.0	-1.0	-1.0	-1.0	-1.0	-1.0	-1.0	
29.0	0.0	-1.0	-1.0	-1.0	0.0	-1.0	-1.0	12.0	-1.0	-1.0	-1.0	10.0	0.0	-1.0	-1.0	-1.0	20.0	20.0	26.0	0.0	33.0	12.0	-1.0	-1.0	-1.0	-1.0	-1.0	29.0	10.0	-1.0	13.0	0.0	21.0	18.0	
29.0	0.0	0.0	-1.0	-1.0	-1.0	-1.0	16.0	-1.0	11.0	-1.0	-1.0	10.0	-1.0	21.0	22.0	-1.0	-1.0	20.0	26.0	0.0	33.0	12.0	23.0	-1.0	16.0	15.0	16.0	-1.0	10.0	-1.0	-1.0	0.0	-1.0	18.0	

distances_centre_w :
-1.0	30.0	30.0	-1.0	-1.0	22.0	-1.0	30.0	-1.0	-1.0	-1.0	-1.0	-1.0	14.0	-1.0	23.0	-1.0	32.0	32.0	30.0	28.0	35.0	-1.0	-1.0	-1.0	-1.0	27.0	32.0	33.0	24.0	32.0	24.0	28.0	32.0	21.0	
-1.0	-1.0	30.0	-1.0	30.0	22.0	-1.0	30.0	-1.0	-1.0	-1.0	22.0	-1.0	14.0	-1.0	23.0	26.0	-1.0	32.0	30.0	28.0	35.0	24.0	-1.0	33.0	-1.0	-1.0	32.0	-1.0	24.0	-1.0	24.0	28.0	32.0	-1.0	
29.0	30.0	26.0	-1.0	30.0	22.0	35.0	30.0	-1.0	-1.0	27.0	22.0	29.0	-1.0	-1.0	-1.0	-1.0	-1.0	28.0	27.0	28.0	-1.0	-1.0	34.0	-1.0	20.0	-1.0	27.0	31.0	24.0	-1.0	24.0	-1.0	32.0	21.0	
-1.0	30.0	30.0	20.0	30.0	22.0	-1.0	30.0	-1.0	-1.0	-1.0	22.0	29.0	-1.0	-1.0	23.0	26.0	32.0	32.0	30.0	28.0	35.0	24.0	34.0	-1.0	-1.0	27.0	32.0	-1.0	24.0	-1.0	24.0	-1.0	32.0	-1.0	
-1.0	-1.0	-1.0	20.0	-1.0	28.0	-1.0	35.0	-1.0	-1.0	-1.0	-1.0	-1.0	-1.0	-1.0	-1.0	-1.0	30.0	-1.0	-1.0	-1.0	38.0	-1.0	-1.0	-1.0	-1.0	-1.0	-1.0	-1.0	-1.0	-1.0	-1.0	-1.0	34.0	-1.0	
29.0	30.0	-1.0	-1.0	-1.0	22.0	-1.0	-1.0	22.0	-1.0	-1.0	-1.0	29.0	14.0	-1.0	-1.0	-1.0	32.0	32.0	30.0	28.0	35.0	24.0	-1.0	-1.0	-1.0	-1.0	-1.0	33.0	24.0	-1.0	24.0	28.0	32.0	21.0	
29.0	30.0	30.0	-1.0	-1.0	-1.0	-1.0	30.0	-1.0	17.0	-1.0	-1.0	29.0	-1.0	29.0	23.0	-1.0	-1.0	32.0	30.0	28.0	35.0	24.0	34.0	-1.0	20.0	27.0	32.0	-1.0	24.0	-1.0	-1.0	28.0	-1.0	21.0	

maxX :
33.0	33.0	29.0	33.0	25.0	33.0	33.0	

maxW :
35.0	35.0	35.0	35.0	38.0	35.0	35.0	

minX :
0.0	0.0	0.0	0.0	0.0	0.0	0.0	

minW :
14.0	14.0	20.0	20.0	20.0	14.0	17.0	

moyX :
13.45	13.631578947368421	15.523809523809524	14.227272727272727	12.5	14.055555555555555	14.9	

moyW :
27.95	27.31578947368421	27.428571428571427	28.0	30.833333333333332	27.166666666666668	27.6	

medX :
15.5	16.0	16.0	16.0	12.5	12.5	16.0	

medW :
30.0	28.0	28.0	29.5	32.0	28.5	29.0	

ecartTypeX :
10.351207659012546	10.727291934303238	9.43962795684866	9.229063865566795	12.5	10.834472874539665	9.491575211733824	

ecartTypeW :
5.044551516240071	4.9952886390335465	4.030495994190253	4.177863742936748	5.842849380986034	5.188127472091127	4.608687448721165	

varX :
107.1475	115.07479224376732	89.10657596371883	85.17561983471073	156.25	117.3858024691358	90.09	

varW :
25.4475	24.952908587257618	16.244897959183675	17.454545454545453	34.138888888888886	26.916666666666664	21.240000000000002	

covarX :
112.78684210526315	121.46783625730995	93.56190476190477	89.23160173160171	312.5	124.2908496732026	94.83157894736843	

covarW :
26.78684210526316	26.339181286549707	17.05714285714286	18.285714285714285	40.96666666666667	28.499999999999996	22.35789473684211	

coef_variationX :
0.7696065173987023	0.7869441959527472	0.6080741935393309	0.6486881950238642	1.0	0.7708320622202134	0.6370184705861627	

coef_variationW :
0.18048484852379504	0.18287183842319343	0.14694516645485298	0.14920941939059815	0.1894978177617092	0.19097401737758748	0.16698142930149149	

moy_distances_centre :	32.476190476190474
min_distances_centre :	14.0
max_distances_centre :	50.0
med_distances_centre :	33.0
ecartType_distances_centre :	8.2382328642509
var_distances_centre :	67.86848072562358
covar_distances_centre :	69.52380952380955
coef_variation_distances_centre :	0.2536699269050864
capacite_X_temoin : 
29.0	28.0	32.0	30.0	26.0	27.0	32.0	
29.0	33.0	34.0	28.0	31.0	31.0	29.0	
29.0	29.0	28.0	30.0	31.0	33.0	34.0	
32.0	29.0	28.0	29.0	33.0	27.0	28.0	
33.0	32.0	26.0	31.0	0.0	29.0	27.0	
28.0	30.0	28.0	26.0	30.0	28.0	27.0	
27.0	29.0	30.0	34.0	29.0	33.0	33.0	

capacite_W_temoin : 
36.7	31.4	39.6	38.0	27.8	34.1	37.6	
37.7	38.9	41.2	35.4	33.3	39.3	34.7	
36.7	35.7	32.4	38.0	31.299999999999997	40.9	42.2	
39.6	32.7	32.4	37.7	34.9	34.1	34.4	
40.9	32.6	28.8	38.3	0.0	36.7	34.1	
35.4	34.0	35.4	32.8	33.0	35.4	32.1	
34.1	32.7	37.0	44.2	30.7	41.9	38.9	

demande_cumulee_X : 
1.0	5.0	2.0	1.0	6.0	1.0	4.0	
0.0	4.0	3.0	1.0	7.0	1.0	3.0	
1.0	2.0	4.0	1.0	9.0	2.0	2.0	
2.0	5.0	4.0	0.0	8.0	1.0	2.0	
2.0	9.0	5.0	2.0	0.0	1.0	1.0	
1.0	5.0	1.0	1.0	6.0	1.0	3.0	
1.0	5.0	2.0	0.0	7.0	1.0	4.0	

demande_cumulee_W : 
6.0	6.0	2.0	1.0	5.0	0.0	0.0	
6.0	6.0	2.0	1.0	4.0	0.0	0.0	
3.0	7.0	2.0	3.0	5.0	0.0	1.0	
5.0	7.0	3.0	1.0	5.0	0.0	1.0	
4.0	5.0	5.0	0.0	0.0	3.0	3.0	
2.0	7.0	3.0	1.0	5.0	0.0	0.0	
6.0	6.0	5.0	1.0	2.0	0.0	0.0	

capacite_residuelle_X : 
28.0	23.0	30.0	29.0	20.0	26.0	28.0	
29.0	29.0	31.0	27.0	24.0	30.0	26.0	
28.0	27.0	24.0	29.0	22.0	31.0	32.0	
30.0	24.0	24.0	29.0	25.0	26.0	26.0	
31.0	23.0	21.0	29.0	0.0	28.0	26.0	
27.0	25.0	27.0	25.0	24.0	27.0	24.0	
26.0	24.0	28.0	34.0	22.0	32.0	29.0	

capacite_residuelle_W : 
30.700000000000003	25.4	37.6	37.0	22.8	34.1	37.6	
31.700000000000003	32.9	39.2	34.4	29.299999999999997	39.3	34.7	
33.7	28.700000000000003	30.4	35.0	26.299999999999997	40.9	41.2	
34.6	25.700000000000003	29.4	36.7	29.9	34.1	33.4	
36.9	27.6	23.8	38.3	0.0	33.7	31.1	
33.4	27.0	32.4	31.799999999999997	28.0	35.4	32.1	
28.1	26.700000000000003	32.0	43.2	28.7	41.9	38.9	

min_capacite_X : 
26.0	28.0	28.0	27.0	0.0	26.0	27.0	

min_capacite_W : 
27.8	33.3	31.299999999999997	32.4	0.0	32.1	30.7	

max_capacite_X : 
32.0	34.0	34.0	33.0	33.0	30.0	34.0	

max_capacite_W : 
39.6	41.2	42.2	39.6	40.9	35.4	44.2	

moy_capacite_X : 
29.142857142857142	30.714285714285715	30.571428571428573	29.428571428571427	25.428571428571427	28.142857142857142	30.714285714285715	

moy_capacite_W : 
35.028571428571425	37.214285714285715	36.74285714285715	35.11428571428572	30.2	34.01428571428572	37.07142857142857	

med_capacite_X : 
29.0	31.0	30.0	29.0	29.0	28.0	30.0	

med_capacite_W : 
36.7	37.7	36.7	34.4	34.1	34.0	37.0	

ecartType_capacite_X : 
2.166535841157586	2.0503857277724746	2.0603150145508513	2.0603150145508513	10.648368659190986	1.355261854357877	2.4327694808466287	

ecartType_capacite_W : 
3.8806164038035753	2.62538626895634	3.745800369502261	2.4374627155704194	12.858126946465747	1.3054047773212183	4.567185530878879	

var_capacite_X : 
4.693877551020408	4.204081632653061	4.244897959183674	4.244897959183674	113.38775510204083	1.836734693877551	5.918367346938775	

var_capacite_W : 
15.059183673469393	6.892653061224493	14.031020408163274	5.941224489795922	165.33142857142857	1.7040816326530597	20.859183673469385	

covar_capacite_X : 
5.476190476190475	4.904761904761904	4.9523809523809526	4.9523809523809526	132.28571428571428	2.142857142857143	6.904761904761905	

covar_capacite_W : 
17.569047619047623	8.041428571428575	16.36952380952382	6.931428571428576	192.88666666666666	1.9880952380952364	24.335714285714282	

##########	##########	##########	##########	##########	##########	##########	##########	##########	##########	##########	##########	##########	##########	##########	##########	##########	##########	##########	##########	##########	##########	##########	##########	##########	##########	##########	##########	##########	##########	##########	##########	##########	##########	##########	nombre de noeuds : 35
nombre de strates : 7
nombre de centres : 7
titre : intelligent
instances : alea35_7_2
temps de calcul : 0.027875900268554688
valeur objective : 477.0
nombre de solutions : 2
nombre de noeuds : 0.0
faisability : True
centre : [32, 2, 20, 13, 5, 16, 4]
moy_distances :	32.56
min_distances :	10.0
max_distances :	58.0
var_distances :	95.7218670997811
covar_distances :	95.80237329582798
ecartType_distances :	9.78375526573417
coef_variation	: 0.3004714763658424
distances_centre_x :
-1.0	30.0	0.0	-1.0	-1.0	0.0	-1.0	16.0	-1.0	-1.0	-1.0	-1.0	-1.0	0.0	-1.0	20.0	-1.0	20.0	20.0	26.0	0.0	33.0	-1.0	-1.0	-1.0	-1.0	15.0	11.0	29.0	10.0	10.0	13.0	0.0	21.0	18.0	
-1.0	-1.0	-1.0	-1.0	19.0	0.0	-1.0	16.0	-1.0	-1.0	-1.0	21.0	-1.0	0.0	-1.0	22.0	0.0	-1.0	20.0	26.0	0.0	-1.0	-1.0	-1.0	-1.0	-1.0	-1.0	16.0	-1.0	10.0	-1.0	13.0	0.0	21.0	-1.0	
29.0	-1.0	-1.0	-1.0	19.0	0.0	29.0	16.0	-1.0	-1.0	10.0	21.0	10.0	-1.0	-1.0	-1.0	-1.0	-1.0	20.0	26.0	0.0	-1.0	-1.0	23.0	-1.0	16.0	-1.0	16.0	-1.0	10.0	-1.0	13.0	-1.0	21.0	18.0	
-1.0	30.0	0.0	16.0	0.0	0.0	-1.0	16.0	-1.0	-1.0	-1.0	21.0	10.0	-1.0	-1.0	20.0	0.0	20.0	20.0	26.0	0.0	33.0	12.0	23.0	-1.0	-1.0	15.0	11.0	-1.0	10.0	-1.0	13.0	-1.0	21.0	-1.0	
-1.0	-1.0	-1.0	-1.0	-1.0	-1.0	-1.0	-1.0	-1.0	-1.0	-1.0	-1.0	-1.0	-1.0	-1.0	-1.0	-1.0	-1.0	25.0	-1.0	0.0	-1.0	-1.0	-1.0	-1.0	-1.0	-1.0	-1.0	-1.0	-1.0	-1.0	-1.0	-1.0	-1.0	-1.0	
10.0	30.0	-1.0	-1.0	-1.0	0.0	-1.0	-1.0	12.0	-1.0	-1.0	-1.0	10.0	0.0	-1.0	-1.0	-1.0	20.0	20.0	26.0	0.0	33.0	12.0	-1.0	-1.0	-1.0	-1.0	-1.0	29.0	10.0	-1.0	13.0	0.0	21.0	18.0	
10.0	30.0	0.0	-1.0	-1.0	-1.0	-1.0	16.0	-1.0	11.0	-1.0	-1.0	10.0	-1.0	21.0	20.0	-1.0	-1.0	20.0	26.0	0.0	33.0	12.0	23.0	-1.0	16.0	15.0	11.0	-1.0	10.0	-1.0	-1.0	0.0	-1.0	18.0	

distances_centre_w :
-1.0	34.0	26.0	-1.0	-1.0	19.0	-1.0	19.0	-1.0	-1.0	-1.0	-1.0	-1.0	14.0	-1.0	33.0	-1.0	32.0	32.0	27.0	28.0	35.0	-1.0	-1.0	-1.0	-1.0	27.0	16.0	33.0	24.0	20.0	24.0	28.0	32.0	34.0	
-1.0	-1.0	26.0	-1.0	30.0	22.0	-1.0	30.0	-1.0	-1.0	-1.0	35.0	-1.0	14.0	-1.0	-1.0	-1.0	-1.0	-1.0	-1.0	28.0	35.0	24.0	-1.0	36.0	-1.0	-1.0	27.0	-1.0	-1.0	-1.0	-1.0	-1.0	-1.0	-1.0	
31.0	34.0	26.0	-1.0	30.0	22.0	35.0	30.0	-1.0	-1.0	-1.0	35.0	-1.0	-1.0	-1.0	-1.0	-1.0	-1.0	28.0	-1.0	28.0	-1.0	-1.0	34.0	-1.0	28.0	-1.0	27.0	31.0	24.0	-1.0	-1.0	-1.0	-1.0	-1.0	
-1.0	34.0	26.0	33.0	19.0	19.0	-1.0	19.0	-1.0	-1.0	-1.0	35.0	29.0	-1.0	-1.0	33.0	26.0	32.0	32.0	27.0	28.0	35.0	24.0	34.0	-1.0	-1.0	27.0	16.0	-1.0	24.0	-1.0	24.0	-1.0	32.0	-1.0	
-1.0	-1.0	28.0	-1.0	-1.0	-1.0	-1.0	-1.0	-1.0	-1.0	-1.0	-1.0	-1.0	-1.0	-1.0	-1.0	-1.0	30.0	-1.0	34.0	-1.0	38.0	-1.0	-1.0	-1.0	-1.0	-1.0	-1.0	-1.0	-1.0	-1.0	-1.0	-1.0	34.0	-1.0	
33.0	34.0	-1.0	-1.0	-1.0	19.0	-1.0	-1.0	22.0	-1.0	-1.0	-1.0	29.0	14.0	-1.0	-1.0	-1.0	32.0	32.0	27.0	28.0	35.0	24.0	-1.0	-1.0	-1.0	-1.0	-1.0	33.0	24.0	-1.0	24.0	28.0	32.0	34.0	
33.0	34.0	26.0	-1.0	-1.0	-1.0	-1.0	19.0	-1.0	17.0	-1.0	-1.0	29.0	-1.0	22.0	33.0	-1.0	-1.0	32.0	27.0	28.0	35.0	24.0	34.0	-1.0	23.0	27.0	16.0	-1.0	24.0	-1.0	-1.0	28.0	-1.0	34.0	

maxX :
33.0	26.0	29.0	33.0	25.0	33.0	33.0	

maxW :
35.0	36.0	35.0	35.0	38.0	35.0	35.0	

minX :
0.0	0.0	0.0	0.0	0.0	0.0	0.0	

minW :
14.0	14.0	22.0	16.0	28.0	14.0	16.0	

moyX :
14.6	12.266666666666667	16.5	14.409090909090908	12.5	14.666666666666666	15.1	

moyW :
26.85	27.90909090909091	29.533333333333335	27.636363636363637	32.8	28.0	27.25	

medX :
15.5	16.0	17.0	15.5	12.5	12.5	15.5	

medW :
27.5	28.0	30.0	27.5	34.0	28.5	27.5	

ecartTypeX :
10.437432634513144	9.405435780559145	8.132581932503902	9.721854905825193	12.5	10.424330514074594	9.004998611882181	

ecartTypeW :
6.310903263400573	6.200506510901794	3.80992854992788	5.685271677728935	3.4871191548325386	5.686240703077327	5.734762418792953	

varX :
108.93999999999998	88.46222222222222	66.13888888888889	94.51446280991736	156.25	108.66666666666667	81.09	

varW :
39.8275	38.446280991735534	14.515555555555556	32.32231404958679	12.16	32.333333333333336	32.8875	

covarX :
114.67368421052632	94.78095238095239	70.02941176470588	99.01515151515154	312.5	115.05882352941177	85.3578947368421	

covarW :
41.92368421052631	42.29090909090909	15.552380952380952	33.86147186147187	15.200000000000001	34.23529411764706	34.618421052631575	

coef_variationX :
0.7148926461995304	0.7667474821107998	0.49288375348508495	0.6747028641266696	1.0	0.7107498077778133	0.5963575239657074	

coef_variationW :
0.23504295208195802	0.22216798573263755	0.12900435270636162	0.20571706728624436	0.10631460837904082	0.20308002510990453	0.2104499970199249	

moy_distances_centre :	31.666666666666668
min_distances_centre :	14.0
max_distances_centre :	47.0
med_distances_centre :	33.0
ecartType_distances_centre :	8.230797758785702
var_distances_centre :	67.74603174603173
covar_distances_centre :	69.39837398373983
coef_variation_distances_centre :	0.2599199292248116
capacite_X_temoin : 
28.0	32.0	32.0	30.0	26.0	27.0	32.0	
33.0	0.0	34.0	28.0	31.0	31.0	29.0	
29.0	0.0	28.0	30.0	31.0	33.0	34.0	
29.0	26.0	28.0	29.0	33.0	27.0	28.0	
32.0	33.0	26.0	31.0	0.0	29.0	27.0	
30.0	34.0	28.0	26.0	30.0	28.0	27.0	
29.0	32.0	30.0	34.0	29.0	33.0	33.0	

capacite_W_temoin : 
30.4	39.6	40.6	38.0	27.8	34.1	38.6	
38.9	0.0	41.2	35.4	33.3	39.3	34.7	
34.7	0.0	31.4	38.0	32.3	40.9	42.2	
30.7	30.8	34.4	37.7	34.9	34.1	35.4	
31.6	38.9	30.8	39.3	0.0	36.7	34.1	
33.0	43.2	35.4	32.8	34.0	35.4	32.1	
31.7	38.6	38.0	44.2	31.7	41.9	39.9	

demande_cumulee_X : 
6.0	2.0	1.0	1.0	6.0	1.0	3.0	
4.0	0.0	3.0	1.0	7.0	1.0	3.0	
3.0	0.0	5.0	1.0	8.0	2.0	2.0	
7.0	3.0	2.0	0.0	8.0	1.0	1.0	
10.0	4.0	3.0	1.0	0.0	1.0	1.0	
6.0	1.0	1.0	1.0	5.0	1.0	3.0	
6.0	3.0	1.0	0.0	6.0	1.0	3.0	

demande_cumulee_W : 
8.0	3.0	3.0	0.0	5.0	1.0	0.0	
8.0	0.0	2.0	3.0	6.0	0.0	0.0	
6.0	0.0	2.0	6.0	5.0	1.0	1.0	
8.0	2.0	6.0	1.0	4.0	1.0	0.0	
5.0	3.0	6.0	1.0	0.0	1.0	4.0	
9.0	1.0	2.0	1.0	4.0	1.0	0.0	
9.0	3.0	4.0	0.0	3.0	1.0	0.0	

capacite_residuelle_X : 
22.0	30.0	31.0	29.0	20.0	26.0	29.0	
29.0	0.0	31.0	27.0	24.0	30.0	26.0	
26.0	0.0	23.0	29.0	23.0	31.0	32.0	
22.0	23.0	26.0	29.0	25.0	26.0	27.0	
22.0	29.0	23.0	30.0	0.0	28.0	26.0	
24.0	33.0	27.0	25.0	25.0	27.0	24.0	
23.0	29.0	29.0	34.0	23.0	32.0	30.0	

capacite_residuelle_W : 
22.4	36.6	37.6	38.0	22.8	33.1	38.6	
30.9	0.0	39.2	32.4	27.299999999999997	39.3	34.7	
28.700000000000003	0.0	29.4	32.0	27.299999999999997	39.9	41.2	
22.7	28.8	28.4	36.7	30.9	33.1	35.4	
26.6	35.9	24.8	38.3	0.0	35.7	30.1	
24.0	42.2	33.4	31.799999999999997	30.0	34.4	32.1	
22.7	35.6	34.0	44.2	28.7	40.9	39.9	

min_capacite_X : 
26.0	0.0	0.0	26.0	0.0	26.0	29.0	

min_capacite_W : 
27.8	0.0	0.0	30.7	0.0	32.1	31.7	

max_capacite_X : 
32.0	34.0	34.0	33.0	33.0	34.0	34.0	

max_capacite_W : 
40.6	41.2	42.2	37.7	39.3	43.2	44.2	

moy_capacite_X : 
29.571428571428573	26.571428571428573	26.428571428571427	28.571428571428573	25.428571428571427	29.0	31.428571428571427	

moy_capacite_W : 
35.58571428571428	31.82857142857143	31.357142857142858	34.00000000000001	30.2	35.128571428571426	38.0	

med_capacite_X : 
30.0	31.0	30.0	28.0	29.0	28.0	32.0	

med_capacite_W : 
38.0	35.4	34.7	34.4	34.1	34.0	38.6	

ecartType_capacite_X : 
2.381904571504724	11.017611134090767	10.965623464225994	2.060315014550851	10.648368659190986	2.449489742783178	1.9166296949998198	

ecartType_capacite_W : 
4.565218996915255	13.25504909574507	13.352887022540656	2.3225601637601807	12.707253271824156	3.4988627890111004	4.423960733486292	

var_capacite_X : 
5.6734693877551035	121.38775510204083	120.24489795918369	4.244897959183673	113.38775510204083	6.0	3.673469387755102	

var_capacite_W : 
20.841224489795923	175.69632653061223	178.29959183673466	5.394285714285718	161.4742857142857	12.242040816326536	19.571428571428577	

covar_capacite_X : 
6.61904761904762	141.61904761904762	140.28571428571428	4.952380952380952	132.28571428571428	7.0	4.285714285714286	

covar_capacite_W : 
24.31476190476191	204.9790476190476	208.01619047619045	6.293333333333337	188.38666666666666	14.282380952380958	22.833333333333336	

##########	##########	##########	##########	##########	##########	##########	##########	##########	##########	##########	##########	##########	##########	##########	##########	##########	##########	##########	##########	##########	##########	##########	##########	##########	##########	##########	##########	##########	##########	##########	##########	##########	##########	##########	nombre de noeuds : 35
nombre de strates : 7
nombre de centres : 7
titre : intelligent
instances : alea35_7_2
temps de calcul : 0.03096604347229004
valeur objective : 473.0
nombre de solutions : 3
nombre de noeuds : 1.0
faisability : True
centre : [32, 2, 20, 13, 5, 16, 0]
moy_distances :	32.56
min_distances :	10.0
max_distances :	58.0
var_distances :	95.7218670997811
covar_distances :	95.80237329582798
ecartType_distances :	9.78375526573417
coef_variation	: 0.3004714763658424
distances_centre_x :
-1.0	30.0	0.0	-1.0	-1.0	0.0	-1.0	13.0	-1.0	-1.0	-1.0	-1.0	-1.0	0.0	-1.0	22.0	-1.0	20.0	20.0	26.0	0.0	33.0	-1.0	-1.0	-1.0	-1.0	15.0	16.0	29.0	10.0	10.0	13.0	0.0	21.0	18.0	
-1.0	-1.0	0.0	-1.0	19.0	0.0	-1.0	16.0	-1.0	-1.0	-1.0	21.0	-1.0	0.0	-1.0	22.0	0.0	-1.0	20.0	26.0	0.0	33.0	12.0	-1.0	30.0	-1.0	-1.0	16.0	-1.0	10.0	-1.0	13.0	0.0	21.0	-1.0	
0.0	30.0	0.0	-1.0	10.0	0.0	23.0	13.0	-1.0	-1.0	10.0	21.0	10.0	-1.0	-1.0	-1.0	-1.0	-1.0	20.0	26.0	0.0	-1.0	-1.0	23.0	-1.0	16.0	-1.0	16.0	29.0	10.0	-1.0	13.0	-1.0	21.0	18.0	
-1.0	30.0	0.0	16.0	19.0	0.0	-1.0	16.0	-1.0	-1.0	-1.0	21.0	10.0	-1.0	-1.0	22.0	0.0	20.0	20.0	26.0	0.0	33.0	12.0	23.0	-1.0	-1.0	15.0	16.0	-1.0	10.0	-1.0	13.0	-1.0	21.0	-1.0	
-1.0	-1.0	-1.0	-1.0	-1.0	-1.0	-1.0	-1.0	-1.0	-1.0	-1.0	-1.0	-1.0	-1.0	-1.0	-1.0	-1.0	-1.0	25.0	-1.0	0.0	-1.0	-1.0	-1.0	-1.0	-1.0	-1.0	-1.0	-1.0	-1.0	-1.0	-1.0	-1.0	-1.0	-1.0	
0.0	30.0	-1.0	-1.0	-1.0	0.0	-1.0	-1.0	12.0	-1.0	-1.0	-1.0	10.0	0.0	-1.0	-1.0	-1.0	20.0	20.0	26.0	0.0	33.0	12.0	-1.0	-1.0	-1.0	-1.0	-1.0	29.0	10.0	-1.0	13.0	0.0	21.0	18.0	
0.0	30.0	0.0	-1.0	-1.0	-1.0	-1.0	13.0	-1.0	11.0	-1.0	-1.0	10.0	-1.0	12.0	22.0	-1.0	-1.0	20.0	26.0	0.0	33.0	12.0	23.0	-1.0	16.0	15.0	16.0	-1.0	10.0	-1.0	-1.0	0.0	-1.0	18.0	

distances_centre_w :
-1.0	34.0	33.0	-1.0	-1.0	29.0	-1.0	30.0	-1.0	-1.0	-1.0	-1.0	-1.0	31.0	-1.0	27.0	-1.0	32.0	29.0	27.0	28.0	33.0	-1.0	-1.0	-1.0	-1.0	27.0	21.0	33.0	24.0	23.0	24.0	28.0	32.0	34.0	
-1.0	-1.0	26.0	-1.0	30.0	22.0	-1.0	30.0	-1.0	-1.0	-1.0	35.0	-1.0	14.0	-1.0	33.0	26.0	-1.0	32.0	27.0	28.0	35.0	24.0	-1.0	36.0	-1.0	-1.0	27.0	-1.0	24.0	-1.0	24.0	28.0	32.0	-1.0	
29.0	34.0	26.0	-1.0	19.0	29.0	29.0	30.0	-1.0	-1.0	21.0	35.0	29.0	-1.0	-1.0	-1.0	-1.0	-1.0	29.0	27.0	28.0	-1.0	-1.0	27.0	-1.0	29.0	-1.0	21.0	31.0	24.0	-1.0	24.0	-1.0	32.0	34.0	
-1.0	34.0	26.0	33.0	30.0	22.0	-1.0	30.0	-1.0	-1.0	-1.0	35.0	29.0	-1.0	-1.0	33.0	26.0	32.0	32.0	27.0	28.0	35.0	24.0	34.0	-1.0	-1.0	27.0	27.0	-1.0	24.0	-1.0	24.0	-1.0	32.0	-1.0	
-1.0	-1.0	-1.0	-1.0	-1.0	-1.0	-1.0	-1.0	-1.0	-1.0	-1.0	-1.0	-1.0	-1.0	-1.0	-1.0	-1.0	30.0	-1.0	34.0	-1.0	-1.0	-1.0	-1.0	37.0	-1.0	-1.0	-1.0	-1.0	-1.0	-1.0	-1.0	-1.0	34.0	-1.0	
33.0	34.0	-1.0	-1.0	-1.0	29.0	-1.0	-1.0	22.0	-1.0	-1.0	-1.0	29.0	31.0	-1.0	-1.0	-1.0	32.0	29.0	27.0	28.0	33.0	24.0	-1.0	-1.0	-1.0	-1.0	-1.0	33.0	24.0	-1.0	24.0	28.0	32.0	34.0	
33.0	34.0	33.0	-1.0	-1.0	-1.0	-1.0	30.0	-1.0	17.0	-1.0	-1.0	29.0	-1.0	21.0	27.0	-1.0	-1.0	29.0	27.0	28.0	33.0	24.0	27.0	-1.0	29.0	27.0	21.0	-1.0	24.0	-1.0	-1.0	28.0	-1.0	34.0	

maxX :
33.0	33.0	30.0	33.0	25.0	33.0	33.0	

maxW :
34.0	36.0	35.0	35.0	37.0	34.0	34.0	

minX :
0.0	0.0	0.0	0.0	0.0	0.0	0.0	

minW :
21.0	14.0	19.0	22.0	30.0	22.0	17.0	

moyX :
14.8	13.631578947368421	14.714285714285714	15.590909090909092	12.5	14.11111111111111	14.35	

moyW :
28.95	28.05263157894737	27.952380952380953	29.272727272727273	33.75	29.22222222222222	27.75	

medX :
15.5	16.0	16.0	16.0	12.5	12.5	14.0	

medW :
29.0	28.0	29.0	29.5	34.0	29.0	28.0	

ecartTypeX :
10.471867073258712	10.727291934303238	9.217699625967306	9.242486338589215	12.5	10.913238081893878	9.483011125164833	

ecartTypeW :
3.7745860700214533	5.216105466024146	4.21421845520716	3.9101478486557397	2.48746859276655	3.720148676174046	4.515251930955791	

varX :
109.66	115.07479224376732	84.96598639455782	85.42355371900827	156.25	119.09876543209877	89.9275	

varW :
14.247499999999999	27.20775623268698	17.759637188208618	15.289256198347111	6.1875	13.839506172839506	20.3875	

covarX :
115.43157894736842	121.46783625730995	89.21428571428572	89.49134199134198	312.5	126.10457516339869	94.66052631578945	

covarW :
14.99736842105263	28.71929824561403	18.64761904761905	16.01731601731602	8.25	14.653594771241828	21.460526315789473	

coef_variationX :
0.7075585860309941	0.7869441959527472	0.6264456056482636	0.592812534836626	1.0	0.7733790766696449	0.6608370122066085	

coef_variationW :
0.13038293851542154	0.1859399697081778	0.1507642036786207	0.13357647930190414	0.07370277311900889	0.12730546800595596	0.16271178129570418	

moy_distances_centre :	31.571428571428573
min_distances_centre :	14.0
max_distances_centre :	47.0
med_distances_centre :	31.0
ecartType_distances_centre :	7.706345119577815
var_distances_centre :	59.38775510204081
covar_distances_centre :	60.83623693379791
coef_variation_distances_centre :	0.24409237935314346
capacite_X_temoin : 
30.0	28.0	32.0	30.0	26.0	27.0	32.0	
0.0	33.0	34.0	28.0	31.0	31.0	29.0	
29.0	29.0	28.0	30.0	31.0	33.0	34.0	
0.0	29.0	28.0	29.0	33.0	27.0	28.0	
30.0	32.0	26.0	31.0	0.0	29.0	27.0	
34.0	30.0	28.0	26.0	30.0	28.0	27.0	
30.0	29.0	30.0	34.0	29.0	33.0	33.0	

capacite_W_temoin : 
37.0	31.4	39.6	38.0	28.8	34.1	37.6	
0.0	38.9	41.2	35.4	33.3	39.3	34.7	
33.7	34.7	33.4	38.0	33.3	41.9	42.2	
0.0	30.7	32.4	37.7	34.9	34.1	34.4	
35.0	33.6	28.8	39.3	0.0	36.7	34.1	
42.2	34.0	35.4	32.8	34.0	35.4	32.1	
36.0	32.7	37.0	44.2	32.7	41.9	38.9	

demande_cumulee_X : 
2.0	5.0	2.0	1.0	5.0	1.0	4.0	
0.0	4.0	3.0	1.0	7.0	1.0	3.0	
4.0	3.0	3.0	1.0	7.0	1.0	2.0	
0.0	7.0	4.0	0.0	8.0	1.0	2.0	
4.0	8.0	5.0	1.0	0.0	1.0	1.0	
2.0	5.0	1.0	1.0	5.0	1.0	3.0	
3.0	5.0	2.0	0.0	5.0	1.0	4.0	

demande_cumulee_W : 
7.0	7.0	2.0	1.0	2.0	1.0	0.0	
0.0	8.0	2.0	3.0	6.0	0.0	0.0	
6.0	6.0	3.0	2.0	1.0	2.0	1.0	
0.0	8.0	4.0	3.0	6.0	1.0	0.0	
7.0	4.0	4.0	1.0	0.0	1.0	3.0	
3.0	9.0	2.0	1.0	2.0	1.0	0.0	
7.0	8.0	3.0	1.0	0.0	1.0	0.0	

capacite_residuelle_X : 
28.0	23.0	30.0	29.0	21.0	26.0	28.0	
0.0	29.0	31.0	27.0	24.0	30.0	26.0	
25.0	26.0	25.0	29.0	24.0	32.0	32.0	
0.0	22.0	24.0	29.0	25.0	26.0	26.0	
26.0	24.0	21.0	30.0	0.0	28.0	26.0	
32.0	25.0	27.0	25.0	25.0	27.0	24.0	
27.0	24.0	28.0	34.0	24.0	32.0	29.0	

capacite_residuelle_W : 
30.0	24.4	37.6	37.0	26.8	33.1	37.6	
0.0	30.9	39.2	32.4	27.299999999999997	39.3	34.7	
27.700000000000003	28.700000000000003	30.4	36.0	32.3	39.9	41.2	
0.0	22.7	28.4	34.7	28.9	33.1	34.4	
28.0	29.6	24.8	38.3	0.0	35.7	31.1	
39.2	25.0	33.4	31.799999999999997	32.0	34.4	32.1	
29.0	24.700000000000003	34.0	43.2	32.7	40.9	38.9	

min_capacite_X : 
26.0	0.0	28.0	0.0	0.0	26.0	29.0	

min_capacite_W : 
28.8	0.0	33.3	0.0	0.0	32.1	32.7	

max_capacite_X : 
32.0	34.0	34.0	33.0	32.0	34.0	34.0	

max_capacite_W : 
39.6	41.2	42.2	37.7	39.3	42.2	44.2	

moy_capacite_X : 
29.285714285714285	26.571428571428573	30.571428571428573	24.857142857142858	25.0	29.0	31.142857142857142	

moy_capacite_W : 
35.214285714285715	31.82857142857143	36.74285714285715	29.17142857142857	29.64285714285714	35.128571428571426	37.62857142857143	

med_capacite_X : 
30.0	31.0	30.0	28.0	29.0	28.0	30.0	

med_capacite_W : 
37.0	35.4	34.7	34.1	34.1	34.0	37.0	

ecartType_capacite_X : 
2.1852940772540506	11.017611134090767	2.0603150145508513	10.301575072754254	10.392304845413264	2.449489742783178	1.958758457257441	

ecartType_capacite_W : 
3.641204106739799	13.25504909574507	3.67262348537202	12.076626099999274	12.459632778681396	3.1005595281747307	4.047473386734807	

var_capacite_X : 
4.775510204081633	121.38775510204083	4.244897959183674	106.12244897959182	108.0	6.0	3.8367346938775504	

var_capacite_W : 
13.258367346938778	175.69632653061223	13.488163265306126	145.84489795918367	155.24244897959187	9.613469387755108	16.382040816326526	

covar_capacite_X : 
5.571428571428571	141.61904761904762	4.9523809523809526	123.8095238095238	126.0	7.0	4.476190476190475	

covar_capacite_W : 
15.46809523809524	204.9790476190476	15.73619047619048	170.15238095238095	181.1161904761905	11.215714285714293	19.112380952380946	

##########	##########	##########	##########	##########	##########	##########	##########	##########	##########	##########	##########	##########	##########	##########	##########	##########	##########	##########	##########	##########	##########	##########	##########	##########	##########	##########	##########	##########	##########	##########	##########	##########	##########	##########	nombre de noeuds : 35
nombre de strates : 7
nombre de centres : 7
titre : intelligent
instances : alea35_7_2
temps de calcul : 0.02869701385498047
valeur objective : 477.0
nombre de solutions : 3
nombre de noeuds : 1.0
faisability : True
centre : [32, 2, 20, 13, 5, 16, 14]
moy_distances :	32.56
min_distances :	10.0
max_distances :	58.0
var_distances :	95.7218670997811
covar_distances :	95.80237329582798
ecartType_distances :	9.78375526573417
coef_variation	: 0.3004714763658424
distances_centre_x :
-1.0	30.0	0.0	-1.0	-1.0	0.0	-1.0	16.0	-1.0	-1.0	-1.0	-1.0	-1.0	0.0	-1.0	15.0	-1.0	20.0	20.0	26.0	0.0	33.0	-1.0	-1.0	-1.0	-1.0	15.0	16.0	29.0	10.0	10.0	13.0	0.0	21.0	18.0	
-1.0	-1.0	0.0	-1.0	19.0	0.0	-1.0	16.0	-1.0	-1.0	-1.0	21.0	-1.0	0.0	-1.0	15.0	0.0	-1.0	20.0	26.0	0.0	33.0	12.0	-1.0	30.0	-1.0	-1.0	16.0	-1.0	10.0	-1.0	13.0	0.0	21.0	-1.0	
-1.0	-1.0	-1.0	-1.0	-1.0	-1.0	29.0	16.0	-1.0	-1.0	-1.0	21.0	10.0	-1.0	-1.0	-1.0	-1.0	-1.0	20.0	26.0	0.0	-1.0	-1.0	-1.0	-1.0	16.0	-1.0	-1.0	-1.0	10.0	-1.0	13.0	-1.0	21.0	18.0	
-1.0	30.0	0.0	16.0	19.0	0.0	-1.0	16.0	-1.0	-1.0	-1.0	21.0	10.0	-1.0	-1.0	15.0	0.0	20.0	20.0	26.0	0.0	33.0	12.0	15.0	-1.0	-1.0	15.0	16.0	-1.0	10.0	-1.0	13.0	-1.0	21.0	-1.0	
-1.0	-1.0	-1.0	-1.0	-1.0	-1.0	-1.0	-1.0	-1.0	-1.0	-1.0	-1.0	-1.0	-1.0	-1.0	-1.0	-1.0	-1.0	-1.0	-1.0	0.0	-1.0	-1.0	-1.0	-1.0	-1.0	-1.0	-1.0	-1.0	-1.0	-1.0	-1.0	-1.0	-1.0	-1.0	
12.0	30.0	-1.0	-1.0	-1.0	0.0	-1.0	-1.0	12.0	-1.0	-1.0	-1.0	10.0	0.0	-1.0	-1.0	-1.0	20.0	20.0	26.0	0.0	33.0	12.0	-1.0	-1.0	-1.0	-1.0	-1.0	29.0	10.0	-1.0	13.0	0.0	21.0	18.0	
-1.0	-1.0	-1.0	-1.0	-1.0	-1.0	-1.0	16.0	-1.0	11.0	-1.0	-1.0	10.0	-1.0	-1.0	22.0	-1.0	-1.0	20.0	26.0	0.0	-1.0	-1.0	-1.0	-1.0	16.0	-1.0	-1.0	-1.0	10.0	-1.0	-1.0	0.0	-1.0	18.0	

distances_centre_w :
-1.0	34.0	21.0	-1.0	-1.0	29.0	-1.0	30.0	-1.0	-1.0	-1.0	-1.0	-1.0	14.0	-1.0	33.0	-1.0	33.0	32.0	27.0	28.0	35.0	-1.0	-1.0	-1.0	-1.0	27.0	27.0	33.0	24.0	32.0	24.0	28.0	32.0	34.0	
-1.0	-1.0	21.0	-1.0	22.0	29.0	-1.0	30.0	-1.0	-1.0	-1.0	34.0	-1.0	14.0	-1.0	33.0	26.0	-1.0	32.0	27.0	28.0	35.0	24.0	-1.0	36.0	-1.0	-1.0	27.0	-1.0	24.0	-1.0	24.0	28.0	32.0	-1.0	
29.0	34.0	26.0	-1.0	30.0	22.0	35.0	-1.0	-1.0	-1.0	-1.0	-1.0	-1.0	-1.0	-1.0	-1.0	-1.0	-1.0	-1.0	-1.0	-1.0	-1.0	-1.0	34.0	-1.0	-1.0	-1.0	-1.0	31.0	-1.0	-1.0	-1.0	-1.0	-1.0	-1.0	
-1.0	34.0	21.0	33.0	22.0	29.0	-1.0	30.0	-1.0	-1.0	-1.0	34.0	29.0	-1.0	-1.0	33.0	26.0	33.0	32.0	27.0	28.0	35.0	24.0	23.0	-1.0	-1.0	27.0	27.0	-1.0	24.0	-1.0	24.0	-1.0	32.0	-1.0	
-1.0	-1.0	-1.0	-1.0	-1.0	-1.0	-1.0	-1.0	-1.0	-1.0	-1.0	-1.0	-1.0	-1.0	-1.0	-1.0	-1.0	-1.0	-1.0	-1.0	-1.0	38.0	-1.0	-1.0	37.0	-1.0	-1.0	-1.0	-1.0	-1.0	-1.0	-1.0	-1.0	34.0	-1.0	
33.0	34.0	-1.0	-1.0	-1.0	29.0	-1.0	-1.0	22.0	-1.0	-1.0	-1.0	29.0	14.0	-1.0	-1.0	-1.0	33.0	32.0	27.0	28.0	35.0	24.0	-1.0	-1.0	-1.0	-1.0	-1.0	33.0	24.0	-1.0	24.0	28.0	32.0	34.0	
29.0	34.0	26.0	-1.0	-1.0	-1.0	-1.0	-1.0	-1.0	-1.0	-1.0	-1.0	-1.0	-1.0	-1.0	-1.0	-1.0	-1.0	-1.0	-1.0	-1.0	35.0	-1.0	34.0	-1.0	-1.0	-1.0	-1.0	-1.0	-1.0	-1.0	-1.0	-1.0	-1.0	-1.0	

maxX :
33.0	33.0	29.0	33.0	0.0	33.0	26.0	

maxW :
35.0	36.0	35.0	35.0	38.0	35.0	35.0	

minX :
0.0	0.0	0.0	0.0	0.0	0.0	0.0	

minW :
14.0	14.0	22.0	21.0	34.0	14.0	26.0	

moyX :
14.6	13.263157894736842	16.666666666666668	14.909090909090908	0.0	14.777777777777779	13.545454545454545	

moyW :
28.85	27.68421052631579	30.125	28.5	36.333333333333336	28.61111111111111	31.6	

medX :
15.5	15.0	17.0	15.5	0.0	12.5	16.0	

medW :
29.5	28.0	30.5	28.5	37.0	29.0	34.0	

ecartTypeX :
10.34117981663601	10.552336260469367	7.475887164001934	8.979315072629634	0.0	10.38458021168114	7.969985016110431	

ecartTypeW :
5.0722283071644165	5.351366097883176	4.166458328124739	4.229227309611489	1.699673171197595	5.292960617533955	3.49857113690718	

varX :
106.93999999999998	111.35180055401662	55.888888888888886	80.62809917355372	0.0	107.83950617283949	63.52066115702478	

varW :
25.727500000000003	28.63711911357341	17.359375	17.886363636363637	2.888888888888889	28.01543209876543	12.239999999999998	

covarX :
112.56842105263158	117.53801169590643	60.969696969696976	84.46753246753246	nan	114.18300653594771	69.87272727272726	

covarW :
27.081578947368424	30.228070175438592	19.83928571428571	18.738095238095237	4.333333333333333	29.66339869281046	15.299999999999999	

coef_variationX :
0.7082999874408227	0.7956126545591983	0.44855322984011603	0.6022711329202803	nan	0.7027159541739116	0.5883881555517768	

coef_variationW :
0.175813806140881	0.19330029631136947	0.13830567064314486	0.14839394068812242	0.04677999553754848	0.18499668177788584	0.11071427648440442	

moy_distances_centre :	30.095238095238095
min_distances_centre :	14.0
max_distances_centre :	42.0
med_distances_centre :	31.0
ecartType_distances_centre :	6.893093589167708
var_distances_centre :	47.51473922902495
covar_distances_centre :	48.673635307781645
coef_variation_distances_centre :	0.22904266672867385
capacite_X_temoin : 
28.0	32.0	30.0	34.0	26.0	27.0	32.0	
33.0	34.0	28.0	33.0	31.0	31.0	29.0	
29.0	28.0	30.0	0.0	31.0	33.0	34.0	
29.0	28.0	29.0	26.0	33.0	27.0	28.0	
32.0	26.0	31.0	31.0	0.0	29.0	27.0	
30.0	28.0	26.0	28.0	30.0	28.0	27.0	
29.0	30.0	34.0	0.0	29.0	33.0	33.0	

capacite_W_temoin : 
30.4	39.6	38.0	43.2	27.8	34.1	38.6	
38.9	41.2	35.4	41.9	33.3	39.3	35.7	
34.7	31.4	38.0	0.0	32.3	40.9	42.2	
30.7	33.4	37.7	31.8	34.9	34.1	35.4	
32.6	30.8	39.3	34.3	0.0	36.7	35.1	
33.0	35.4	32.8	35.4	34.0	35.4	32.1	
31.7	36.0	44.2	0.0	31.7	41.9	38.9	

demande_cumulee_X : 
6.0	2.0	1.0	1.0	6.0	1.0	3.0	
4.0	3.0	1.0	1.0	7.0	1.0	2.0	
3.0	5.0	1.0	0.0	8.0	2.0	2.0	
7.0	3.0	0.0	2.0	8.0	1.0	1.0	
9.0	3.0	1.0	6.0	0.0	1.0	0.0	
6.0	1.0	1.0	1.0	5.0	1.0	3.0	
6.0	3.0	0.0	0.0	6.0	1.0	4.0	

demande_cumulee_W : 
8.0	3.0	2.0	3.0	3.0	1.0	0.0	
7.0	2.0	3.0	4.0	3.0	0.0	0.0	
7.0	2.0	4.0	0.0	6.0	1.0	1.0	
7.0	5.0	3.0	5.0	1.0	1.0	0.0	
5.0	6.0	2.0	4.0	0.0	0.0	3.0	
9.0	2.0	1.0	2.0	3.0	1.0	0.0	
8.0	5.0	2.0	0.0	4.0	1.0	0.0	

capacite_residuelle_X : 
22.0	30.0	29.0	33.0	20.0	26.0	29.0	
29.0	31.0	27.0	32.0	24.0	30.0	27.0	
26.0	23.0	29.0	0.0	23.0	31.0	32.0	
22.0	25.0	29.0	24.0	25.0	26.0	27.0	
23.0	23.0	30.0	25.0	0.0	28.0	27.0	
24.0	27.0	25.0	27.0	25.0	27.0	24.0	
23.0	27.0	34.0	0.0	23.0	32.0	29.0	

capacite_residuelle_W : 
22.4	36.6	36.0	40.2	24.8	33.1	38.6	
31.9	39.2	32.4	37.9	30.299999999999997	39.3	35.7	
27.700000000000003	29.4	34.0	0.0	26.299999999999997	39.9	41.2	
23.7	28.4	34.7	26.8	33.9	33.1	35.4	
27.6	24.8	37.3	30.299999999999997	0.0	36.7	32.1	
24.0	33.4	31.799999999999997	33.4	31.0	34.4	32.1	
23.7	31.0	42.2	0.0	27.7	40.9	38.9	

min_capacite_X : 
26.0	28.0	0.0	26.0	0.0	26.0	0.0	

min_capacite_W : 
27.8	33.3	0.0	30.7	0.0	32.1	0.0	

max_capacite_X : 
34.0	34.0	34.0	33.0	32.0	30.0	34.0	

max_capacite_W : 
43.2	41.9	42.2	37.7	39.3	35.4	44.2	

moy_capacite_X : 
29.857142857142858	31.285714285714285	26.428571428571427	28.571428571428573	25.142857142857142	28.142857142857142	26.857142857142858	

moy_capacite_W : 
35.957142857142856	37.957142857142856	31.357142857142858	34.0	29.828571428571426	34.01428571428571	32.05714285714286	

med_capacite_X : 
30.0	31.0	30.0	28.0	29.0	28.0	30.0	

med_capacite_W : 
38.0	38.9	34.7	34.1	34.3	34.0	36.0	

ecartType_capacite_X : 
2.747912008810192	2.0503857277724746	10.965623464225994	2.060315014550851	10.466662333722402	1.355261854357877	11.128195482371684	

ecartType_capacite_W : 
5.039233825793403	2.9779461488257515	13.352887022540656	2.1567170819160713	12.438846327500942	1.3054047773212183	13.80795393375625	

var_capacite_X : 
7.551020408163266	4.204081632653061	120.24489795918369	4.244897959183673	109.55102040816327	1.8367346938775515	123.83673469387755	

var_capacite_W : 
25.393877551020413	8.868163265306125	178.2995918367347	4.651428571428574	154.72489795918366	1.7040816326530597	190.65959183673473	

covar_capacite_X : 
8.80952380952381	4.904761904761904	140.28571428571428	4.952380952380952	127.80952380952381	2.1428571428571432	144.47619047619045	

covar_capacite_W : 
29.62619047619048	10.346190476190479	208.01619047619047	5.426666666666669	180.51238095238094	1.9880952380952364	222.43619047619052	

##########	##########	##########	##########	##########	##########	##########	##########	##########	##########	##########	##########	##########	##########	##########	##########	##########	##########	##########	##########	##########	##########	##########	##########	##########	##########	##########	##########	##########	##########	##########	##########	##########	##########	##########	nombre de noeuds : 35
nombre de strates : 7
nombre de centres : 7
titre : intelligent
instances : alea35_7_2
temps de calcul : 0.027584075927734375
valeur objective : 463.0
nombre de solutions : 2
nombre de noeuds : 0.0
faisability : True
centre : [32, 2, 13, 5, 16, 14, 15]
moy_distances :	32.56
min_distances :	10.0
max_distances :	58.0
var_distances :	95.7218670997811
covar_distances :	95.80237329582798
ecartType_distances :	9.78375526573417
coef_variation	: 0.3004714763658424
distances_centre_x :
-1.0	-1.0	-1.0	-1.0	-1.0	-1.0	-1.0	16.0	-1.0	-1.0	-1.0	-1.0	-1.0	-1.0	-1.0	-1.0	-1.0	-1.0	20.0	26.0	19.0	-1.0	-1.0	-1.0	-1.0	-1.0	-1.0	-1.0	-1.0	10.0	10.0	13.0	0.0	21.0	18.0	
-1.0	-1.0	0.0	-1.0	19.0	0.0	-1.0	16.0	-1.0	-1.0	-1.0	21.0	-1.0	0.0	-1.0	0.0	0.0	-1.0	20.0	25.0	19.0	31.0	12.0	-1.0	30.0	-1.0	-1.0	16.0	-1.0	10.0	-1.0	13.0	0.0	21.0	-1.0	
27.0	23.0	-1.0	-1.0	-1.0	-1.0	23.0	16.0	-1.0	-1.0	-1.0	21.0	10.0	-1.0	-1.0	-1.0	-1.0	-1.0	20.0	25.0	19.0	-1.0	-1.0	-1.0	-1.0	16.0	-1.0	-1.0	-1.0	10.0	-1.0	13.0	-1.0	21.0	18.0	
-1.0	23.0	0.0	16.0	19.0	0.0	-1.0	16.0	-1.0	-1.0	-1.0	21.0	10.0	-1.0	-1.0	0.0	0.0	18.0	20.0	25.0	19.0	31.0	12.0	15.0	-1.0	-1.0	15.0	16.0	-1.0	10.0	-1.0	13.0	-1.0	21.0	-1.0	
-1.0	-1.0	-1.0	-1.0	-1.0	-1.0	-1.0	-1.0	-1.0	-1.0	-1.0	-1.0	-1.0	-1.0	-1.0	-1.0	-1.0	-1.0	-1.0	-1.0	-1.0	-1.0	-1.0	-1.0	-1.0	-1.0	-1.0	-1.0	-1.0	-1.0	-1.0	-1.0	-1.0	-1.0	-1.0	
12.0	23.0	-1.0	-1.0	-1.0	0.0	-1.0	-1.0	12.0	-1.0	-1.0	-1.0	10.0	0.0	-1.0	-1.0	-1.0	18.0	20.0	25.0	19.0	31.0	12.0	-1.0	-1.0	-1.0	-1.0	-1.0	29.0	10.0	-1.0	13.0	0.0	21.0	18.0	
27.0	23.0	-1.0	-1.0	-1.0	-1.0	-1.0	16.0	-1.0	11.0	-1.0	-1.0	10.0	-1.0	15.0	0.0	-1.0	-1.0	20.0	25.0	19.0	31.0	-1.0	-1.0	-1.0	16.0	-1.0	-1.0	-1.0	10.0	-1.0	-1.0	0.0	-1.0	18.0	

distances_centre_w :
-1.0	-1.0	-1.0	-1.0	-1.0	-1.0	-1.0	-1.0	-1.0	-1.0	-1.0	-1.0	-1.0	14.0	-1.0	-1.0	-1.0	-1.0	-1.0	-1.0	-1.0	35.0	-1.0	-1.0	-1.0	-1.0	-1.0	-1.0	33.0	-1.0	-1.0	-1.0	-1.0	-1.0	-1.0	
-1.0	-1.0	21.0	-1.0	22.0	29.0	-1.0	30.0	-1.0	-1.0	-1.0	33.0	-1.0	14.0	-1.0	15.0	26.0	-1.0	28.0	27.0	28.0	33.0	24.0	-1.0	36.0	-1.0	-1.0	27.0	-1.0	24.0	-1.0	24.0	28.0	32.0	-1.0	
-1.0	-1.0	26.0	-1.0	20.0	22.0	35.0	27.0	-1.0	-1.0	-1.0	33.0	-1.0	-1.0	-1.0	-1.0	-1.0	-1.0	-1.0	-1.0	-1.0	-1.0	-1.0	30.0	-1.0	-1.0	-1.0	-1.0	31.0	-1.0	-1.0	-1.0	-1.0	-1.0	-1.0	
-1.0	30.0	21.0	27.0	22.0	29.0	-1.0	30.0	-1.0	-1.0	-1.0	33.0	29.0	-1.0	-1.0	15.0	26.0	20.0	28.0	27.0	28.0	33.0	24.0	23.0	-1.0	-1.0	27.0	27.0	-1.0	24.0	-1.0	24.0	-1.0	32.0	-1.0	
-1.0	-1.0	-1.0	-1.0	-1.0	-1.0	-1.0	-1.0	-1.0	-1.0	-1.0	-1.0	-1.0	-1.0	-1.0	-1.0	-1.0	-1.0	-1.0	-1.0	31.0	-1.0	-1.0	-1.0	37.0	-1.0	-1.0	-1.0	-1.0	-1.0	-1.0	-1.0	-1.0	34.0	-1.0	
29.0	30.0	-1.0	-1.0	-1.0	29.0	-1.0	-1.0	22.0	-1.0	-1.0	-1.0	29.0	14.0	-1.0	-1.0	-1.0	20.0	28.0	27.0	28.0	33.0	24.0	-1.0	-1.0	-1.0	-1.0	-1.0	31.0	24.0	-1.0	24.0	28.0	32.0	34.0	
-1.0	-1.0	26.0	-1.0	-1.0	-1.0	-1.0	-1.0	-1.0	-1.0	-1.0	-1.0	-1.0	-1.0	-1.0	22.0	-1.0	-1.0	-1.0	-1.0	-1.0	-1.0	-1.0	30.0	-1.0	-1.0	-1.0	-1.0	-1.0	-1.0	-1.0	-1.0	-1.0	-1.0	-1.0	

maxX :
26.0	31.0	27.0	31.0	nan	31.0	31.0	

maxW :
35.0	36.0	35.0	33.0	nan	34.0	30.0	

minX :
0.0	0.0	10.0	0.0	nan	0.0	0.0	

minW :
14.0	14.0	20.0	15.0	nan	14.0	22.0	

moyX :
15.3	13.31578947368421	18.714285714285715	14.545454545454545	nan	15.166666666666666	16.066666666666666	

moyW :
27.333333333333332	26.36842105263158	28.0	26.318181818181817	nan	27.0	26.0	

medX :
17.0	16.0	19.5	16.0	nan	15.5	16.0	

medW :
33.0	27.0	28.5	27.0	nan	28.0	26.0	

ecartTypeX :
6.972087205421344	10.3773672331917	5.0487420134492265	8.310602607662055	nan	9.02619644270067	8.621420352174512	

ecartTypeW :
9.46337971105226	5.565027321215285	4.898979485566356	4.331558229345979	nan	4.83045891539648	3.265986323710904	

varX :
48.61000000000001	107.68975069252078	25.48979591836735	69.06611570247934	nan	81.47222222222223	74.3288888888889	

varW :
89.55555555555556	30.969529085872576	24.0	18.76239669421487	nan	23.333333333333332	10.666666666666666	

covarX :
54.01111111111111	113.67251461988303	27.450549450549456	72.35497835497836	nan	86.26470588235294	79.63809523809523	

covarW :
134.33333333333334	32.69005847953216	27.428571428571427	19.65584415584415	nan	24.705882352941178	16.0	

coef_variationX :
0.45569197421054536	0.7793279740341593	0.26978010758888993	0.5713539292767663	nan	0.5951338313868574	0.5366029264838909	

coef_variationW :
0.3462212089409364	0.2110489403255298	0.17496355305594127	0.16458425051055534	nan	0.17890588575542518	0.12561485860426555	

moy_distances_centre :	29.61904761904762
min_distances_centre :	14.0
max_distances_centre :	39.0
med_distances_centre :	33.0
ecartType_distances_centre :	7.273410089570486
var_distances_centre :	52.902494331065746
covar_distances_centre :	54.19279907084783
coef_variation_distances_centre :	0.24556529241315145
capacite_X_temoin : 
28.0	32.0	30.0	34.0	0.0	26.0	32.0	
33.0	34.0	28.0	33.0	30.0	31.0	29.0	
29.0	28.0	30.0	0.0	28.0	31.0	34.0	
29.0	28.0	29.0	26.0	29.0	33.0	28.0	
32.0	26.0	31.0	31.0	26.0	0.0	27.0	
30.0	28.0	26.0	28.0	27.0	30.0	27.0	
29.0	30.0	34.0	0.0	26.0	29.0	33.0	

capacite_W_temoin : 
30.4	39.6	38.0	43.2	0.0	26.8	38.6	
39.9	41.2	35.4	42.9	36.0	33.3	35.7	
35.7	32.4	38.0	0.0	32.4	32.3	42.2	
33.7	33.4	37.7	32.8	32.7	34.9	35.4	
35.6	29.8	39.3	34.3	30.8	0.0	35.1	
36.0	35.4	32.8	35.4	31.1	34.0	32.1	
34.7	37.0	44.2	0.0	27.8	31.7	39.9	

demande_cumulee_X : 
6.0	2.0	1.0	1.0	0.0	7.0	3.0	
3.0	3.0	1.0	0.0	3.0	7.0	2.0	
2.0	4.0	1.0	0.0	4.0	8.0	2.0	
4.0	3.0	0.0	1.0	5.0	8.0	1.0	
6.0	4.0	1.0	6.0	3.0	0.0	0.0	
3.0	1.0	1.0	1.0	4.0	5.0	3.0	
3.0	2.0	0.0	0.0	6.0	6.0	3.0	

demande_cumulee_W : 
8.0	3.0	2.0	4.0	0.0	3.0	0.0	
7.0	2.0	3.0	4.0	1.0	2.0	0.0	
8.0	3.0	2.0	0.0	4.0	3.0	1.0	
9.0	4.0	3.0	5.0	1.0	0.0	0.0	
7.0	5.0	2.0	3.0	0.0	0.0	3.0	
10.0	3.0	2.0	1.0	0.0	1.0	1.0	
9.0	5.0	3.0	0.0	1.0	1.0	1.0	

capacite_residuelle_X : 
22.0	30.0	29.0	33.0	0.0	19.0	29.0	
30.0	31.0	27.0	33.0	27.0	24.0	27.0	
27.0	24.0	29.0	0.0	24.0	23.0	32.0	
25.0	25.0	29.0	25.0	24.0	25.0	27.0	
26.0	22.0	30.0	25.0	23.0	0.0	27.0	
27.0	27.0	25.0	27.0	23.0	25.0	24.0	
26.0	28.0	34.0	0.0	20.0	23.0	30.0	

capacite_residuelle_W : 
22.4	36.6	36.0	39.2	0.0	23.8	38.6	
32.9	39.2	32.4	38.9	35.0	31.299999999999997	35.7	
27.700000000000003	29.4	36.0	0.0	28.4	29.299999999999997	41.2	
24.700000000000003	29.4	34.7	27.799999999999997	31.700000000000003	34.9	35.4	
28.6	24.8	37.3	31.299999999999997	30.8	0.0	32.1	
26.0	32.4	30.799999999999997	34.4	31.1	33.0	31.1	
25.700000000000003	32.0	41.2	0.0	26.8	30.7	38.9	

min_capacite_X : 
0.0	28.0	0.0	26.0	0.0	26.0	0.0	

min_capacite_W : 
0.0	33.3	0.0	32.7	0.0	31.1	0.0	

max_capacite_X : 
34.0	34.0	34.0	33.0	32.0	30.0	34.0	

max_capacite_W : 
43.2	42.9	42.2	37.7	39.3	36.0	44.2	

moy_capacite_X : 
26.0	31.142857142857142	25.714285714285715	28.857142857142858	24.714285714285715	28.0	25.857142857142858	

moy_capacite_W : 
30.942857142857143	37.771428571428565	30.428571428571427	34.371428571428574	29.271428571428572	33.82857142857143	30.75714285714286	

med_capacite_X : 
30.0	31.0	29.0	29.0	27.0	28.0	29.0	

med_capacite_W : 
38.0	36.0	32.4	33.7	34.3	34.0	34.7	

ecartType_capacite_X : 
10.90216230190795	2.0995626366712954	10.673254768201627	1.9587584572574412	10.360836779696426	1.4142135623730951	10.842094834863016	

ecartType_capacite_W : 
13.672376441241678	3.287080461318779	12.877745397802064	1.6507264943604907	12.301650793486944	1.7392233781730486	13.493157752077494	

var_capacite_X : 
118.85714285714286	4.408163265306122	113.91836734693878	3.8367346938775513	107.3469387755102	2.0	117.55102040816327	

var_capacite_W : 
186.93387755102043	10.804897959183677	165.83632653061224	2.724897959183675	151.33061224489796	3.0248979591836713	182.06530612244896	

covar_capacite_X : 
138.66666666666666	5.142857142857142	132.9047619047619	4.476190476190476	125.23809523809521	2.333333333333333	137.14285714285714	

covar_capacite_W : 
218.08952380952383	12.605714285714289	193.47571428571428	3.179047619047621	176.55238095238093	3.529047619047616	212.4095238095238	

##########	##########	##########	##########	##########	##########	##########	##########	##########	##########	##########	##########	##########	##########	##########	##########	##########	##########	##########	##########	##########	##########	##########	##########	##########	##########	##########	##########	##########	##########	##########	##########	##########	##########	##########	nombre de noeuds : 35
nombre de strates : 7
nombre de centres : 7
titre : intelligent
instances : alea35_7_2
temps de calcul : 0.028300046920776367
valeur objective : 444.0
nombre de solutions : 2
nombre de noeuds : 0.0
faisability : True
centre : [32, 2, 5, 16, 14, 15, 8]
moy_distances :	32.56
min_distances :	10.0
max_distances :	58.0
var_distances :	95.7218670997811
covar_distances :	95.80237329582798
ecartType_distances :	9.78375526573417
coef_variation	: 0.3004714763658424
distances_centre_x :
-1.0	-1.0	-1.0	-1.0	-1.0	-1.0	-1.0	16.0	-1.0	-1.0	-1.0	-1.0	-1.0	14.0	-1.0	-1.0	-1.0	-1.0	20.0	26.0	19.0	-1.0	-1.0	-1.0	-1.0	-1.0	-1.0	-1.0	-1.0	10.0	10.0	-1.0	0.0	21.0	18.0	
-1.0	-1.0	0.0	-1.0	19.0	0.0	-1.0	16.0	-1.0	-1.0	-1.0	21.0	-1.0	14.0	-1.0	0.0	0.0	-1.0	20.0	25.0	19.0	24.0	12.0	-1.0	18.0	-1.0	-1.0	16.0	-1.0	10.0	-1.0	12.0	0.0	21.0	-1.0	
27.0	23.0	-1.0	-1.0	-1.0	-1.0	23.0	16.0	-1.0	-1.0	-1.0	21.0	10.0	-1.0	-1.0	-1.0	-1.0	-1.0	20.0	25.0	19.0	-1.0	-1.0	-1.0	-1.0	16.0	-1.0	-1.0	-1.0	10.0	-1.0	-1.0	-1.0	21.0	18.0	
-1.0	23.0	-1.0	-1.0	-1.0	-1.0	-1.0	16.0	-1.0	-1.0	-1.0	21.0	10.0	-1.0	-1.0	0.0	0.0	18.0	20.0	25.0	19.0	31.0	-1.0	15.0	-1.0	-1.0	-1.0	-1.0	-1.0	10.0	-1.0	13.0	-1.0	21.0	-1.0	
-1.0	-1.0	-1.0	-1.0	-1.0	-1.0	-1.0	-1.0	-1.0	-1.0	-1.0	-1.0	-1.0	-1.0	-1.0	-1.0	-1.0	-1.0	-1.0	-1.0	-1.0	-1.0	-1.0	-1.0	-1.0	-1.0	-1.0	-1.0	-1.0	-1.0	-1.0	-1.0	-1.0	-1.0	-1.0	
12.0	23.0	-1.0	-1.0	-1.0	0.0	-1.0	-1.0	0.0	-1.0	-1.0	-1.0	10.0	14.0	-1.0	-1.0	-1.0	18.0	20.0	25.0	19.0	24.0	12.0	-1.0	-1.0	-1.0	-1.0	-1.0	29.0	10.0	-1.0	12.0	0.0	21.0	18.0	
27.0	23.0	-1.0	-1.0	-1.0	-1.0	-1.0	16.0	-1.0	11.0	-1.0	-1.0	10.0	-1.0	15.0	0.0	-1.0	-1.0	20.0	25.0	19.0	-1.0	-1.0	-1.0	-1.0	16.0	-1.0	-1.0	-1.0	10.0	-1.0	-1.0	0.0	-1.0	18.0	

distances_centre_w :
-1.0	36.0	-1.0	-1.0	-1.0	-1.0	-1.0	-1.0	-1.0	-1.0	-1.0	-1.0	-1.0	-1.0	-1.0	-1.0	-1.0	-1.0	-1.0	-1.0	-1.0	-1.0	-1.0	-1.0	-1.0	-1.0	-1.0	-1.0	31.0	-1.0	-1.0	-1.0	-1.0	-1.0	-1.0	
-1.0	-1.0	12.0	-1.0	22.0	22.0	-1.0	24.0	-1.0	-1.0	-1.0	33.0	-1.0	22.0	-1.0	15.0	22.0	-1.0	22.0	26.0	28.0	31.0	24.0	-1.0	30.0	-1.0	-1.0	28.0	-1.0	24.0	-1.0	24.0	25.0	32.0	-1.0	
-1.0	-1.0	-1.0	-1.0	20.0	22.0	-1.0	27.0	-1.0	-1.0	-1.0	33.0	-1.0	-1.0	-1.0	-1.0	-1.0	-1.0	25.0	-1.0	-1.0	-1.0	-1.0	30.0	-1.0	-1.0	-1.0	28.0	31.0	-1.0	-1.0	-1.0	-1.0	-1.0	-1.0	
-1.0	-1.0	21.0	27.0	22.0	29.0	-1.0	24.0	-1.0	-1.0	-1.0	33.0	-1.0	-1.0	-1.0	15.0	-1.0	-1.0	22.0	-1.0	-1.0	-1.0	-1.0	-1.0	-1.0	-1.0	-1.0	29.0	-1.0	-1.0	-1.0	-1.0	-1.0	-1.0	-1.0	
-1.0	-1.0	-1.0	-1.0	-1.0	-1.0	-1.0	-1.0	-1.0	-1.0	-1.0	-1.0	-1.0	-1.0	-1.0	-1.0	-1.0	-1.0	-1.0	-1.0	31.0	-1.0	-1.0	-1.0	37.0	-1.0	-1.0	-1.0	-1.0	-1.0	-1.0	-1.0	-1.0	34.0	-1.0	
29.0	30.0	-1.0	-1.0	-1.0	29.0	-1.0	-1.0	12.0	-1.0	-1.0	-1.0	29.0	22.0	-1.0	-1.0	-1.0	20.0	22.0	27.0	28.0	31.0	24.0	-1.0	-1.0	-1.0	-1.0	-1.0	31.0	24.0	-1.0	24.0	28.0	32.0	34.0	
-1.0	-1.0	-1.0	-1.0	-1.0	-1.0	-1.0	27.0	-1.0	-1.0	-1.0	-1.0	-1.0	-1.0	-1.0	22.0	-1.0	-1.0	25.0	-1.0	-1.0	31.0	-1.0	30.0	-1.0	-1.0	-1.0	28.0	-1.0	-1.0	-1.0	-1.0	-1.0	-1.0	-1.0	

maxX :
26.0	25.0	27.0	31.0	nan	29.0	27.0	

maxW :
36.0	33.0	33.0	33.0	nan	34.0	31.0	

minX :
0.0	0.0	10.0	0.0	nan	0.0	0.0	

minW :
31.0	12.0	20.0	15.0	nan	12.0	22.0	

moyX :
15.4	13.0	19.153846153846153	16.133333333333333	nan	14.833333333333334	15.0	

moyW :
33.5	24.526315789473685	27.0	24.666666666666668	nan	26.444444444444443	27.166666666666668	

medX :
17.0	16.0	20.0	18.0	nan	16.0	16.0	

medW :
33.5	24.0	27.5	24.0	nan	28.0	27.5	

ecartTypeX :
6.945502141674136	8.626763740336171	4.9744911428383825	8.277412370756668	nan	8.460693430998036	7.91021039994693	

ecartTypeW :
2.5	5.1643353987520335	4.183300132670378	5.0990195135927845	nan	5.13400668984352	3.0230595245361758	

varX :
48.24	74.42105263157895	24.745562130177515	68.51555555555554	nan	71.58333333333333	62.57142857142857	

varW :
6.25	26.670360110803326	17.5	26.0	nan	26.358024691358022	9.13888888888889	

covarX :
53.6	78.55555555555556	26.807692307692307	73.40952380952379	nan	75.79411764705883	67.38461538461539	

covarW :
12.5	28.152046783625735	20.0	29.250000000000004	nan	27.90849673202614	10.966666666666669	

coef_variationX :
0.45100663257624257	0.6635972107950902	0.25971238898353	0.5130627502535124	nan	0.5703838268088564	0.527347359996462	

coef_variationW :
0.07462686567164178	0.21056303127958934	0.15493704195075472	0.2067170073078156	nan	0.19414311012013313	0.11127826470685309	

moy_distances_centre :	28.666666666666668
min_distances_centre :	12.0
max_distances_centre :	39.0
med_distances_centre :	30.0
ecartType_distances_centre :	7.180219742846005
var_distances_centre :	51.55555555555555
covar_distances_centre :	52.81300813008129
coef_variation_distances_centre :	0.25047278172718623
capacite_X_temoin : 
28.0	32.0	31.0	34.0	0.0	26.0	32.0	
33.0	34.0	28.0	33.0	30.0	31.0	29.0	
29.0	28.0	31.0	0.0	28.0	31.0	34.0	
29.0	28.0	0.0	26.0	29.0	33.0	28.0	
32.0	26.0	0.0	31.0	26.0	0.0	27.0	
30.0	28.0	33.0	28.0	27.0	30.0	27.0	
29.0	30.0	27.0	0.0	26.0	29.0	33.0	

capacite_W_temoin : 
32.4	39.6	37.3	43.2	0.0	25.8	39.6	
40.9	41.2	33.4	42.9	37.0	32.3	36.7	
34.7	32.4	39.3	0.0	32.4	32.3	43.2	
33.7	33.4	0.0	32.8	32.7	34.9	35.4	
35.6	28.8	0.0	34.3	30.8	0.0	35.1	
37.0	35.4	38.9	35.4	33.1	33.0	33.1	
34.7	37.0	34.1	0.0	28.8	31.7	39.9	

demande_cumulee_X : 
4.0	2.0	3.0	1.0	0.0	8.0	2.0	
2.0	3.0	3.0	0.0	2.0	8.0	1.0	
3.0	4.0	1.0	0.0	4.0	8.0	1.0	
4.0	3.0	0.0	1.0	5.0	8.0	1.0	
6.0	5.0	0.0	6.0	3.0	0.0	0.0	
2.0	1.0	4.0	1.0	2.0	6.0	2.0	
3.0	2.0	1.0	0.0	5.0	6.0	3.0	

demande_cumulee_W : 
8.0	2.0	4.0	4.0	0.0	0.0	2.0	
4.0	3.0	3.0	4.0	2.0	3.0	0.0	
7.0	4.0	2.0	0.0	4.0	2.0	2.0	
9.0	4.0	0.0	8.0	1.0	0.0	0.0	
7.0	5.0	0.0	4.0	1.0	0.0	3.0	
10.0	3.0	1.0	2.0	1.0	0.0	1.0	
7.0	5.0	2.0	0.0	3.0	1.0	2.0	

capacite_residuelle_X : 
24.0	30.0	28.0	33.0	0.0	18.0	30.0	
31.0	31.0	25.0	33.0	28.0	23.0	28.0	
26.0	24.0	30.0	0.0	24.0	23.0	33.0	
25.0	25.0	0.0	25.0	24.0	25.0	27.0	
26.0	21.0	0.0	25.0	23.0	0.0	27.0	
28.0	27.0	29.0	27.0	25.0	24.0	25.0	
26.0	28.0	26.0	0.0	21.0	23.0	30.0	

capacite_residuelle_W : 
24.4	37.6	33.3	39.2	0.0	25.8	37.6	
36.9	38.2	30.4	38.9	35.0	29.299999999999997	36.7	
27.700000000000003	28.4	37.3	0.0	28.4	30.299999999999997	41.2	
24.700000000000003	29.4	0.0	24.799999999999997	31.700000000000003	34.9	35.4	
28.6	23.8	0.0	30.299999999999997	29.8	0.0	32.1	
27.0	32.4	37.9	33.4	32.1	33.0	32.1	
27.700000000000003	32.0	32.1	0.0	25.8	30.7	37.9	

min_capacite_X : 
0.0	28.0	0.0	0.0	0.0	27.0	0.0	

min_capacite_W : 
0.0	32.3	0.0	0.0	0.0	33.0	0.0	

max_capacite_X : 
34.0	34.0	34.0	33.0	32.0	33.0	33.0	

max_capacite_W : 
43.2	42.9	43.2	35.4	35.6	38.9	39.9	

moy_capacite_X : 
26.142857142857142	31.142857142857142	25.857142857142858	24.714285714285715	20.285714285714285	29.0	24.857142857142858	

moy_capacite_W : 
31.12857142857143	37.771428571428565	30.614285714285707	28.985714285714288	23.514285714285712	35.128571428571426	29.45714285714286	

med_capacite_X : 
31.0	31.0	29.0	28.0	26.0	28.0	29.0	

med_capacite_W : 
37.3	37.0	32.4	33.4	30.8	35.4	34.1	

ecartType_capacite_X : 
10.960038730752363	2.0995626366712954	10.736168130317678	10.277774713488542	13.013336957733408	2.0	10.356896548795348	

ecartType_capacite_W : 
13.765040011951008	3.753746427890137	13.07663440442298	11.870422855800472	15.04036745100413	2.091967143769768	12.468114434469248	

var_capacite_X : 
120.12244897959185	4.408163265306122	115.26530612244899	105.63265306122449	169.34693877551018	4.0	107.26530612244899	

var_capacite_W : 
189.47632653061223	14.090612244897965	170.99836734693875	140.9069387755102	226.21265306122447	4.376326530612241	155.4538775510204	

covar_capacite_X : 
140.14285714285717	5.142857142857142	134.47619047619048	123.23809523809524	197.57142857142856	4.666666666666666	125.14285714285714	

covar_capacite_W : 
221.05571428571426	16.439047619047624	199.4980952380952	164.39142857142855	263.91476190476186	5.105714285714281	181.36285714285714	

##########	##########	##########	##########	##########	##########	##########	##########	##########	##########	##########	##########	##########	##########	##########	##########	##########	##########	##########	##########	##########	##########	##########	##########	##########	##########	##########	##########	##########	##########	##########	##########	##########	##########	##########	nombre de noeuds : 35
nombre de strates : 7
nombre de centres : 7
titre : intelligent
instances : alea35_7_2
temps de calcul : 0.03291893005371094
valeur objective : 455.0
nombre de solutions : 3
nombre de noeuds : 0.0
faisability : True
centre : [32, 2, 5, 16, 14, 15, 29]
moy_distances :	32.56
min_distances :	10.0
max_distances :	58.0
var_distances :	95.7218670997811
covar_distances :	95.80237329582798
ecartType_distances :	9.78375526573417
coef_variation	: 0.3004714763658424
distances_centre_x :
-1.0	-1.0	-1.0	-1.0	-1.0	-1.0	-1.0	16.0	-1.0	-1.0	-1.0	-1.0	-1.0	14.0	-1.0	-1.0	-1.0	-1.0	20.0	26.0	19.0	-1.0	-1.0	-1.0	-1.0	-1.0	15.0	-1.0	29.0	0.0	10.0	13.0	0.0	21.0	18.0	
-1.0	-1.0	0.0	-1.0	19.0	0.0	-1.0	16.0	-1.0	-1.0	-1.0	21.0	-1.0	14.0	-1.0	0.0	0.0	-1.0	20.0	25.0	19.0	31.0	12.0	-1.0	26.0	-1.0	-1.0	16.0	-1.0	0.0	-1.0	13.0	0.0	21.0	-1.0	
-1.0	-1.0	-1.0	-1.0	-1.0	-1.0	-1.0	-1.0	-1.0	-1.0	-1.0	-1.0	-1.0	-1.0	-1.0	-1.0	-1.0	-1.0	-1.0	-1.0	-1.0	-1.0	-1.0	-1.0	-1.0	-1.0	-1.0	-1.0	-1.0	-1.0	-1.0	13.0	-1.0	-1.0	18.0	
-1.0	23.0	0.0	16.0	19.0	0.0	-1.0	16.0	-1.0	-1.0	-1.0	21.0	10.0	-1.0	-1.0	0.0	0.0	18.0	20.0	25.0	19.0	31.0	12.0	15.0	-1.0	-1.0	15.0	16.0	-1.0	0.0	-1.0	13.0	-1.0	21.0	-1.0	
-1.0	-1.0	-1.0	-1.0	-1.0	-1.0	-1.0	-1.0	-1.0	-1.0	-1.0	-1.0	-1.0	-1.0	-1.0	-1.0	10.0	-1.0	-1.0	-1.0	-1.0	-1.0	12.0	-1.0	26.0	-1.0	15.0	-1.0	-1.0	0.0	-1.0	-1.0	-1.0	31.0	-1.0	
12.0	23.0	-1.0	-1.0	-1.0	0.0	-1.0	-1.0	12.0	-1.0	-1.0	-1.0	10.0	14.0	-1.0	-1.0	-1.0	18.0	20.0	25.0	19.0	31.0	12.0	-1.0	-1.0	-1.0	-1.0	-1.0	29.0	0.0	-1.0	13.0	0.0	21.0	18.0	
-1.0	-1.0	-1.0	-1.0	-1.0	-1.0	-1.0	-1.0	-1.0	11.0	-1.0	-1.0	-1.0	-1.0	-1.0	-1.0	-1.0	-1.0	-1.0	-1.0	-1.0	-1.0	-1.0	-1.0	-1.0	-1.0	-1.0	-1.0	-1.0	-1.0	-1.0	-1.0	0.0	-1.0	18.0	

distances_centre_w :
-1.0	-1.0	-1.0	-1.0	-1.0	-1.0	-1.0	-1.0	-1.0	-1.0	-1.0	-1.0	-1.0	24.0	-1.0	-1.0	-1.0	-1.0	-1.0	-1.0	-1.0	35.0	-1.0	-1.0	-1.0	-1.0	-1.0	-1.0	-1.0	-1.0	-1.0	-1.0	-1.0	-1.0	34.0	
-1.0	-1.0	21.0	-1.0	22.0	29.0	-1.0	24.0	-1.0	-1.0	-1.0	31.0	-1.0	24.0	-1.0	15.0	26.0	-1.0	22.0	27.0	28.0	33.0	28.0	-1.0	30.0	-1.0	-1.0	29.0	-1.0	24.0	-1.0	24.0	28.0	31.0	-1.0	
-1.0	-1.0	-1.0	-1.0	-1.0	-1.0	-1.0	-1.0	-1.0	-1.0	-1.0	-1.0	-1.0	-1.0	-1.0	-1.0	-1.0	-1.0	25.0	-1.0	-1.0	-1.0	-1.0	-1.0	-1.0	-1.0	-1.0	-1.0	31.0	-1.0	-1.0	-1.0	-1.0	-1.0	-1.0	
-1.0	30.0	21.0	27.0	22.0	29.0	-1.0	24.0	-1.0	-1.0	-1.0	31.0	29.0	-1.0	-1.0	15.0	26.0	20.0	22.0	27.0	28.0	33.0	12.0	23.0	-1.0	-1.0	23.0	29.0	-1.0	24.0	-1.0	24.0	-1.0	31.0	-1.0	
-1.0	-1.0	-1.0	-1.0	-1.0	-1.0	-1.0	-1.0	-1.0	-1.0	-1.0	-1.0	-1.0	-1.0	-1.0	-1.0	-1.0	-1.0	-1.0	-1.0	29.0	-1.0	-1.0	-1.0	-1.0	-1.0	-1.0	-1.0	-1.0	-1.0	-1.0	-1.0	-1.0	-1.0	-1.0	
29.0	30.0	-1.0	-1.0	-1.0	29.0	-1.0	-1.0	30.0	-1.0	-1.0	-1.0	29.0	24.0	-1.0	-1.0	-1.0	20.0	22.0	27.0	28.0	33.0	12.0	-1.0	-1.0	-1.0	-1.0	-1.0	29.0	24.0	-1.0	24.0	28.0	31.0	34.0	
-1.0	-1.0	-1.0	-1.0	-1.0	-1.0	-1.0	-1.0	-1.0	-1.0	-1.0	-1.0	-1.0	-1.0	-1.0	22.0	-1.0	-1.0	-1.0	-1.0	-1.0	-1.0	-1.0	-1.0	-1.0	-1.0	-1.0	-1.0	-1.0	-1.0	-1.0	-1.0	-1.0	-1.0	-1.0	

maxX :
29.0	31.0	18.0	31.0	31.0	31.0	18.0	

maxW :
35.0	33.0	31.0	33.0	29.0	34.0	22.0	

minX :
0.0	0.0	13.0	0.0	0.0	0.0	0.0	

minW :
24.0	15.0	25.0	12.0	29.0	12.0	22.0	

moyX :
15.461538461538462	13.31578947368421	15.5	14.090909090909092	15.666666666666666	15.38888888888889	9.666666666666666	

moyW :
31.0	26.105263157894736	28.0	25.0	29.0	26.833333333333332	22.0	

medX :
16.0	16.0	15.5	16.0	13.5	16.0	11.0	

medW :
34.0	27.0	28.0	25.0	29.0	28.5	22.0	

ecartTypeX :
8.233285021698247	10.047532462612779	2.5	8.805520432242755	10.274023338281626	8.945134548947012	7.408703590297623	

ecartTypeW :
4.96655480858378	4.228907247705403	3.0	5.072205903477571	0.0	5.068968775248517	0.0	

varX :
67.7869822485207	100.95290858725762	6.25	77.53719008264464	105.55555555555554	80.01543209876544	54.88888888888889	

varW :
24.666666666666668	17.88365650969529	9.0	25.727272727272727	0.0	25.694444444444446	0.0	

covarX :
73.43589743589743	106.56140350877193	12.5	81.22943722943724	126.66666666666666	84.72222222222224	82.33333333333334	

covarW :
37.0	18.877192982456137	18.0	26.952380952380953	nan	27.205882352941178	nan	

coef_variationX :
0.5325010213038667	0.7545577738721059	0.16129032258064516	0.6249079016430342	0.6557887237201039	0.5812722811590115	0.7664176127894093	

coef_variationW :
0.16021144543818644	0.1619944308596828	0.10714285714285714	0.20288823613910284	0.0	0.18890566864280187	0.0	

moy_distances_centre :	27.142857142857142
min_distances_centre :	10.0
max_distances_centre :	40.0
med_distances_centre :	28.0
ecartType_distances_centre :	8.37959945789952
var_distances_centre :	70.21768707482993
covar_distances_centre :	71.93031358885018
coef_variation_distances_centre :	0.30872208529103495
capacite_X_temoin : 
28.0	32.0	34.0	0.0	26.0	30.0	32.0	
33.0	34.0	33.0	30.0	31.0	31.0	29.0	
29.0	28.0	0.0	28.0	31.0	0.0	34.0	
29.0	28.0	26.0	29.0	33.0	32.0	28.0	
32.0	26.0	31.0	26.0	0.0	29.0	27.0	
30.0	28.0	28.0	27.0	30.0	28.0	27.0	
29.0	30.0	0.0	26.0	29.0	0.0	33.0	

capacite_W_temoin : 
32.4	39.6	43.2	0.0	26.8	36.0	38.6	
40.9	41.2	42.9	36.0	33.3	38.3	35.7	
34.7	32.4	0.0	32.4	32.3	0.0	42.2	
33.7	33.4	32.8	32.7	35.9	40.6	35.4	
39.6	30.8	34.3	30.8	0.0	31.7	35.1	
38.0	35.4	35.4	31.1	34.0	33.4	32.1	
34.7	37.0	0.0	27.8	31.7	0.0	39.9	

demande_cumulee_X : 
4.0	2.0	1.0	0.0	7.0	3.0	3.0	
2.0	3.0	0.0	3.0	7.0	2.0	2.0	
3.0	4.0	0.0	4.0	8.0	0.0	2.0	
4.0	3.0	1.0	5.0	7.0	1.0	1.0	
2.0	3.0	6.0	3.0	0.0	6.0	0.0	
1.0	1.0	1.0	4.0	5.0	3.0	3.0	
3.0	2.0	0.0	6.0	6.0	0.0	3.0	

demande_cumulee_W : 
9.0	2.0	6.0	0.0	1.0	2.0	0.0	
7.0	1.0	7.0	1.0	0.0	3.0	0.0	
7.0	4.0	0.0	4.0	4.0	0.0	2.0	
8.0	2.0	8.0	0.0	1.0	3.0	0.0	
10.0	3.0	4.0	2.0	0.0	1.0	0.0	
10.0	2.0	2.0	1.0	0.0	3.0	0.0	
9.0	5.0	0.0	4.0	1.0	0.0	1.0	

capacite_residuelle_X : 
24.0	30.0	33.0	0.0	19.0	27.0	29.0	
31.0	31.0	33.0	27.0	24.0	29.0	27.0	
26.0	24.0	0.0	24.0	23.0	0.0	32.0	
25.0	25.0	25.0	24.0	26.0	31.0	27.0	
30.0	23.0	25.0	23.0	0.0	23.0	27.0	
29.0	27.0	27.0	23.0	25.0	25.0	24.0	
26.0	28.0	0.0	20.0	23.0	0.0	30.0	

capacite_residuelle_W : 
23.4	37.6	37.2	0.0	25.8	34.0	38.6	
33.9	40.2	35.9	35.0	33.3	35.3	35.7	
27.700000000000003	28.4	0.0	28.4	28.299999999999997	0.0	40.2	
25.700000000000003	31.4	24.799999999999997	32.7	34.9	37.6	35.4	
29.6	27.8	30.299999999999997	28.8	0.0	30.7	35.1	
28.0	33.4	33.4	30.1	34.0	30.4	32.1	
25.700000000000003	32.0	0.0	23.8	30.7	0.0	38.9	

min_capacite_X : 
0.0	29.0	0.0	26.0	0.0	27.0	0.0	

min_capacite_W : 
0.0	33.3	0.0	32.7	0.0	31.1	0.0	

max_capacite_X : 
34.0	34.0	34.0	33.0	32.0	30.0	33.0	

max_capacite_W : 
43.2	42.9	42.2	40.6	39.6	38.0	39.9	

moy_capacite_X : 
26.0	31.571428571428573	21.428571428571427	29.285714285714285	24.428571428571427	28.285714285714285	21.0	

moy_capacite_W : 
30.942857142857143	38.32857142857143	24.857142857142858	34.92857142857143	28.9	34.2	24.442857142857143	

med_capacite_X : 
30.0	31.0	28.0	29.0	27.0	28.0	29.0	

med_capacite_W : 
36.0	38.3	32.4	33.7	31.7	34.0	31.7	

ecartType_capacite_X : 
10.90216230190795	1.6781914463529615	13.688964719877132	2.249716535431946	10.210039077260364	1.1605769149479943	13.416407864998739	

ecartType_capacite_W : 
13.554847013191274	3.2375980010381977	16.04723893855327	2.5821996634731437	12.144134386608211	2.138757984037865	15.8594592902656	

var_capacite_X : 
118.85714285714286	2.816326530612245	187.3877551020408	5.061224489795919	104.24489795918366	1.3469387755102038	180.0	

var_capacite_W : 
183.7338775510204	10.482040816326533	257.51387755102036	6.667755102040817	147.48000000000002	4.574285714285712	251.52244897959184	

covar_capacite_X : 
138.66666666666666	3.2857142857142856	218.61904761904762	5.904761904761905	121.6190476190476	1.5714285714285712	210.0	

covar_capacite_W : 
214.35619047619048	12.229047619047622	300.4328571428571	7.7790476190476205	172.06	5.336666666666663	293.4428571428571	

##########	##########	##########	##########	##########	##########	##########	##########	##########	##########	##########	##########	##########	##########	##########	##########	##########	##########	##########	##########	##########	##########	##########	##########	##########	##########	##########	##########	##########	##########	##########	##########	##########	##########	##########	nombre de noeuds : 35
nombre de strates : 7
nombre de centres : 7
titre : intelligent
instances : alea35_7_2
temps de calcul : 0.02598714828491211
valeur objective : 448.0
nombre de solutions : 2
nombre de noeuds : 0.0
faisability : True
centre : [32, 2, 5, 16, 14, 15, 6]
moy_distances :	32.56
min_distances :	10.0
max_distances :	58.0
var_distances :	95.7218670997811
covar_distances :	95.80237329582798
ecartType_distances :	9.78375526573417
coef_variation	: 0.3004714763658424
distances_centre_x :
-1.0	-1.0	-1.0	-1.0	-1.0	-1.0	-1.0	16.0	-1.0	-1.0	-1.0	-1.0	-1.0	14.0	-1.0	-1.0	-1.0	-1.0	-1.0	26.0	19.0	-1.0	-1.0	-1.0	-1.0	-1.0	-1.0	-1.0	-1.0	10.0	10.0	13.0	0.0	21.0	18.0	
-1.0	-1.0	-1.0	-1.0	-1.0	-1.0	-1.0	16.0	-1.0	-1.0	-1.0	21.0	-1.0	14.0	-1.0	0.0	0.0	-1.0	20.0	25.0	19.0	31.0	-1.0	-1.0	-1.0	-1.0	-1.0	-1.0	-1.0	10.0	-1.0	13.0	0.0	21.0	-1.0	
27.0	23.0	-1.0	-1.0	-1.0	-1.0	23.0	16.0	-1.0	-1.0	-1.0	21.0	10.0	-1.0	-1.0	-1.0	-1.0	-1.0	20.0	25.0	19.0	-1.0	-1.0	-1.0	-1.0	16.0	-1.0	-1.0	-1.0	10.0	-1.0	13.0	-1.0	21.0	18.0	
-1.0	23.0	0.0	16.0	19.0	0.0	-1.0	16.0	-1.0	-1.0	-1.0	21.0	10.0	-1.0	-1.0	0.0	0.0	16.0	15.0	25.0	19.0	29.0	12.0	15.0	-1.0	-1.0	15.0	16.0	-1.0	10.0	-1.0	13.0	-1.0	21.0	-1.0	
-1.0	-1.0	-1.0	-1.0	-1.0	-1.0	-1.0	-1.0	-1.0	-1.0	-1.0	-1.0	-1.0	-1.0	-1.0	-1.0	-1.0	-1.0	-1.0	-1.0	-1.0	-1.0	-1.0	-1.0	-1.0	-1.0	-1.0	-1.0	-1.0	-1.0	-1.0	-1.0	-1.0	-1.0	-1.0	
12.0	23.0	-1.0	-1.0	-1.0	0.0	-1.0	-1.0	12.0	-1.0	-1.0	-1.0	10.0	14.0	-1.0	-1.0	-1.0	16.0	15.0	25.0	19.0	29.0	12.0	-1.0	-1.0	-1.0	-1.0	-1.0	29.0	10.0	-1.0	13.0	0.0	21.0	18.0	
-1.0	23.0	-1.0	-1.0	-1.0	-1.0	-1.0	16.0	-1.0	11.0	-1.0	-1.0	10.0	-1.0	15.0	0.0	-1.0	-1.0	-1.0	25.0	19.0	-1.0	-1.0	-1.0	-1.0	16.0	-1.0	-1.0	-1.0	10.0	-1.0	-1.0	0.0	-1.0	18.0	

distances_centre_w :
-1.0	36.0	-1.0	-1.0	-1.0	-1.0	-1.0	-1.0	-1.0	-1.0	-1.0	-1.0	-1.0	-1.0	-1.0	-1.0	-1.0	-1.0	-1.0	-1.0	-1.0	-1.0	-1.0	-1.0	-1.0	-1.0	-1.0	-1.0	31.0	-1.0	-1.0	-1.0	-1.0	-1.0	-1.0	
-1.0	-1.0	21.0	-1.0	22.0	29.0	-1.0	24.0	-1.0	-1.0	-1.0	33.0	-1.0	-1.0	-1.0	15.0	-1.0	-1.0	22.0	-1.0	-1.0	-1.0	-1.0	-1.0	36.0	-1.0	-1.0	29.0	-1.0	-1.0	-1.0	-1.0	-1.0	-1.0	-1.0	
-1.0	-1.0	26.0	-1.0	20.0	22.0	35.0	27.0	-1.0	-1.0	-1.0	33.0	-1.0	-1.0	-1.0	-1.0	-1.0	-1.0	25.0	-1.0	-1.0	-1.0	-1.0	30.0	-1.0	-1.0	-1.0	28.0	31.0	-1.0	-1.0	-1.0	-1.0	-1.0	-1.0	
-1.0	30.0	21.0	27.0	22.0	29.0	-1.0	24.0	-1.0	-1.0	-1.0	29.0	29.0	-1.0	-1.0	23.0	26.0	20.0	22.0	27.0	28.0	31.0	24.0	23.0	-1.0	-1.0	27.0	29.0	-1.0	24.0	-1.0	24.0	-1.0	25.0	-1.0	
-1.0	-1.0	-1.0	-1.0	-1.0	-1.0	-1.0	-1.0	-1.0	-1.0	-1.0	-1.0	-1.0	-1.0	-1.0	-1.0	-1.0	-1.0	-1.0	-1.0	-1.0	-1.0	-1.0	-1.0	37.0	-1.0	-1.0	-1.0	-1.0	-1.0	-1.0	-1.0	-1.0	-1.0	-1.0	
29.0	30.0	-1.0	-1.0	-1.0	29.0	-1.0	-1.0	25.0	-1.0	-1.0	-1.0	29.0	34.0	-1.0	-1.0	-1.0	20.0	22.0	27.0	28.0	31.0	24.0	-1.0	-1.0	-1.0	-1.0	-1.0	31.0	24.0	-1.0	24.0	28.0	25.0	32.0	
-1.0	-1.0	26.0	-1.0	-1.0	-1.0	-1.0	27.0	-1.0	-1.0	-1.0	-1.0	-1.0	-1.0	-1.0	-1.0	-1.0	-1.0	20.0	-1.0	-1.0	31.0	-1.0	-1.0	-1.0	-1.0	-1.0	28.0	-1.0	-1.0	-1.0	-1.0	-1.0	-1.0	-1.0	

maxX :
26.0	31.0	27.0	29.0	nan	29.0	25.0	

maxW :
36.0	36.0	35.0	31.0	nan	34.0	31.0	

minX :
0.0	0.0	10.0	0.0	nan	0.0	0.0	

minW :
31.0	15.0	20.0	20.0	nan	20.0	20.0	

moyX :
14.7	14.615384615384615	18.714285714285715	14.136363636363637	nan	15.444444444444445	13.583333333333334	

moyW :
33.5	25.666666666666668	27.7	25.636363636363637	nan	27.333333333333332	26.4	

medX :
15.0	16.0	19.5	15.5	nan	14.5	15.5	

medW :
33.5	24.0	27.5	25.5	nan	28.0	27.0	

ecartTypeX :
6.797793759742936	9.499299257868053	5.0487420134492265	8.018702312522864	nan	7.98068656349135	7.543853274171113	

ecartTypeW :
2.5	6.2182527020592095	4.473253849269008	3.0828772650569403	nan	3.6209268304000717	3.6110940170535577	

varX :
46.209999999999994	90.23668639053254	25.48979591836735	64.29958677685951	nan	63.69135802469137	56.90972222222222	

varW :
6.25	38.666666666666664	20.009999999999998	9.50413223140496	nan	13.11111111111111	13.040000000000001	

covarX :
51.344444444444434	97.75641025641025	27.450549450549456	67.36147186147186	nan	67.43790849673204	62.08333333333333	

covarW :
12.5	43.5	22.233333333333334	9.956709956709956	nan	13.882352941176471	16.3	

coef_variationX :
0.4624349496423766	0.6499520544857089	0.26978010758888993	0.5672393918826463	nan	0.5167351012332528	0.5553757011659715	

coef_variationW :
0.07462686567164178	0.24226958579451466	0.1614893086378703	0.12025407771498703	nan	0.13247293281951483	0.13678386428233175	

moy_distances_centre :	30.952380952380953
min_distances_centre :	15.0
max_distances_centre :	51.0
med_distances_centre :	33.0
ecartType_distances_centre :	8.014725676178761
var_distances_centre :	64.23582766439911
covar_distances_centre :	65.80255516840886
coef_variation_distances_centre :	0.2589372910765446
capacite_X_temoin : 
28.0	32.0	32.0	34.0	0.0	26.0	32.0	
33.0	34.0	0.0	33.0	30.0	31.0	29.0	
29.0	28.0	0.0	0.0	28.0	31.0	34.0	
29.0	28.0	28.0	26.0	29.0	33.0	28.0	
32.0	26.0	28.0	31.0	26.0	0.0	27.0	
30.0	28.0	33.0	28.0	27.0	30.0	27.0	
29.0	30.0	28.0	0.0	26.0	29.0	33.0	

capacite_W_temoin : 
32.4	39.6	38.6	43.2	0.0	26.8	38.6	
39.9	41.2	0.0	42.9	36.0	32.3	35.7	
34.7	32.4	0.0	0.0	32.4	32.3	42.2	
33.7	33.4	33.4	32.8	34.7	35.9	35.4	
36.6	28.8	32.4	35.3	32.8	0.0	35.1	
36.0	35.4	39.9	35.4	33.1	34.0	32.1	
34.7	37.0	33.4	0.0	29.8	32.7	39.9	

demande_cumulee_X : 
4.0	2.0	3.0	1.0	0.0	7.0	3.0	
3.0	3.0	0.0	0.0	3.0	8.0	2.0	
3.0	4.0	0.0	0.0	4.0	8.0	2.0	
4.0	3.0	3.0	1.0	3.0	7.0	1.0	
5.0	5.0	4.0	5.0	1.0	0.0	0.0	
3.0	1.0	3.0	1.0	2.0	5.0	3.0	
3.0	2.0	3.0	0.0	4.0	5.0	3.0	

demande_cumulee_W : 
7.0	2.0	3.0	6.0	0.0	0.0	2.0	
8.0	2.0	0.0	7.0	1.0	1.0	0.0	
7.0	4.0	0.0	0.0	4.0	4.0	2.0	
7.0	4.0	3.0	7.0	1.0	0.0	0.0	
6.0	5.0	1.0	5.0	2.0	0.0	1.0	
7.0	3.0	2.0	2.0	2.0	0.0	2.0	
7.0	5.0	3.0	0.0	2.0	3.0	0.0	

capacite_residuelle_X : 
24.0	30.0	29.0	33.0	0.0	19.0	29.0	
30.0	31.0	0.0	33.0	27.0	23.0	27.0	
26.0	24.0	0.0	0.0	24.0	23.0	32.0	
25.0	25.0	25.0	25.0	26.0	26.0	27.0	
27.0	21.0	24.0	26.0	25.0	0.0	27.0	
27.0	27.0	30.0	27.0	25.0	25.0	24.0	
26.0	28.0	25.0	0.0	22.0	24.0	30.0	

capacite_residuelle_W : 
25.4	37.6	35.6	37.2	0.0	26.8	36.6	
31.9	39.2	0.0	35.9	35.0	31.299999999999997	35.7	
27.700000000000003	28.4	0.0	0.0	28.4	28.299999999999997	40.2	
26.700000000000003	29.4	30.4	25.799999999999997	33.7	35.9	35.4	
30.6	23.8	31.4	30.299999999999997	30.799999999999997	0.0	34.1	
29.0	32.4	37.9	33.4	31.1	34.0	30.1	
27.700000000000003	32.0	30.4	0.0	27.8	29.700000000000003	39.9	

min_capacite_X : 
0.0	0.0	0.0	26.0	0.0	27.0	0.0	

min_capacite_W : 
0.0	0.0	0.0	32.8	0.0	32.1	0.0	

max_capacite_X : 
34.0	34.0	34.0	33.0	32.0	33.0	33.0	

max_capacite_W : 
43.2	42.9	42.2	35.9	36.6	39.9	39.9	

moy_capacite_X : 
26.285714285714285	27.142857142857142	21.428571428571427	28.714285714285715	24.285714285714285	29.0	25.0	

moy_capacite_W : 
31.314285714285717	32.57142857142857	24.857142857142858	34.18571428571429	28.71428571428572	35.128571428571426	29.642857142857146	

med_capacite_X : 
32.0	31.0	28.0	28.0	27.0	28.0	29.0	

med_capacite_W : 
38.6	36.0	32.4	33.7	32.8	35.4	33.4	

ecartType_capacite_X : 
11.028719466067875	11.204955172072902	13.688964719877132	1.979486637221574	10.151907431108496	2.0	10.392304845413264	

ecartType_capacite_W : 
13.722913952471567	13.718362489297151	16.04723893855327	1.073616813031768	11.959028695798784	2.3371009426908644	12.461925687338	

var_capacite_X : 
121.63265306122447	125.55102040816327	187.3877551020408	3.9183673469387754	103.06122448979592	4.0	108.0	

var_capacite_W : 
188.3183673469388	188.19346938775513	257.51387755102036	1.1526530612244905	143.01836734693876	5.462040816326526	155.2995918367347	

covar_capacite_X : 
141.90476190476187	146.47619047619048	218.61904761904762	4.571428571428571	120.23809523809524	4.666666666666666	126.0	

covar_capacite_W : 
219.7047619047619	219.55904761904765	300.4328571428571	1.3447619047619055	166.8547619047619	6.372380952380947	181.18285714285713	

##########	##########	##########	##########	##########	##########	##########	##########	##########	##########	##########	##########	##########	##########	##########	##########	##########	##########	##########	##########	##########	##########	##########	##########	##########	##########	##########	##########	##########	##########	##########	##########	##########	##########	##########	