nombre de noeuds : 20
nombre de strates : 4
nombre de centres : 4
titre : intelligent
instances : alea20_4_2
temps de calcul : 0.0058519840240478516
valeur objective : 380.0
nombre de solutions : 2
nombre de noeuds : 0.0
faisability : True
centre : [15, 10, 11, 4]
moy_distances :	34.14
min_distances :	10.0
max_distances :	60.0
var_distances :	139.844432132964
covar_distances :	140.21341480349952
ecartType_distances :	11.82558379670805
coef_variation	: 0.3464170399899059
distances_centre_x :
22.0	32.0	47.0	38.0	0.0	-1.0	25.0	10.0	-1.0	-1.0	0.0	0.0	13.0	19.0	-1.0	0.0	26.0	30.0	11.0	10.0	
-1.0	32.0	47.0	-1.0	0.0	12.0	-1.0	10.0	-1.0	-1.0	0.0	-1.0	13.0	-1.0	-1.0	0.0	26.0	30.0	-1.0	-1.0	
22.0	-1.0	47.0	-1.0	-1.0	12.0	25.0	10.0	17.0	18.0	0.0	0.0	-1.0	19.0	35.0	0.0	26.0	30.0	11.0	10.0	
-1.0	-1.0	-1.0	-1.0	-1.0	-1.0	25.0	-1.0	17.0	-1.0	0.0	0.0	13.0	19.0	35.0	0.0	26.0	30.0	11.0	10.0	

distances_centre_w :
32.0	39.0	54.0	40.0	17.0	-1.0	34.0	30.0	-1.0	-1.0	39.0	24.0	30.0	26.0	-1.0	26.0	30.0	41.0	28.0	27.0	
-1.0	39.0	54.0	-1.0	17.0	16.0	-1.0	30.0	-1.0	-1.0	24.0	-1.0	30.0	-1.0	-1.0	39.0	30.0	40.0	-1.0	-1.0	
40.0	-1.0	54.0	-1.0	-1.0	16.0	40.0	30.0	41.0	44.0	17.0	11.0	-1.0	26.0	42.0	26.0	30.0	40.0	22.0	16.0	
-1.0	-1.0	-1.0	-1.0	-1.0	-1.0	34.0	-1.0	34.0	-1.0	24.0	24.0	30.0	26.0	42.0	26.0	30.0	40.0	28.0	27.0	

maxX :
47.0	47.0	47.0	35.0	

maxW :
54.0	54.0	54.0	42.0	

minX :
0.0	0.0	0.0	0.0	

minW :
17.0	16.0	11.0	24.0	

moyX :
17.6875	17.0	17.625	15.5	

moyW :
32.3125	31.9	30.9375	30.416666666666668	

medX :
16.0	12.5	17.5	15.0	

medW :
30.0	30.0	30.0	29.0	

ecartTypeX :
14.15856079373889	15.270887335056859	12.717483045005407	11.485498102680033	

ecartTypeW :
8.453688174400568	10.96767979109529	12.095808933262793	5.707572942055922	

varX :
200.46484375	233.2	161.734375	131.91666666666666	

varW :
71.46484375	120.29	146.30859375	32.57638888888889	

covarX :
213.82916666666665	259.1111111111111	172.51666666666665	143.9090909090909	

covarW :
76.22916666666667	133.65555555555557	156.0625	35.53787878787879	

coef_variationX :
0.8004840024728701	0.8982874902974622	0.7215593217024344	0.7409998775922602	

coef_variationW :
0.26162284485572357	0.3438144135139589	0.3909756422872822	0.18764623371142758	

moy_distances_centre :	22.0
min_distances_centre :	11.0
max_distances_centre :	39.0
med_distances_centre :	20.5
ecartType_distances_centre :	9.16515138991168
var_distances_centre :	84.0
covar_distances_centre :	91.63636363636364
coef_variation_distances_centre :	0.4165977904505309
capacite_X_temoin : 
16.0	15.0	17.0	15.0	
17.0	18.0	19.0	19.0	
15.0	19.0	15.0	17.0	
18.0	16.0	17.0	18.0	

capacite_W_temoin : 
13.8	16.5	21.1	14.5	
17.1	22.4	24.7	20.7	
15.5	21.7	18.5	14.1	
19.4	18.8	21.1	18.4	

demande_cumulee_X : 
7.0	3.0	1.0	5.0	
5.0	1.0	0.0	4.0	
4.0	3.0	1.0	8.0	
4.0	2.0	1.0	5.0	

demande_cumulee_W : 
6.0	6.0	1.0	3.0	
3.0	5.0	1.0	1.0	
9.0	1.0	5.0	1.0	
6.0	4.0	1.0	1.0	

capacite_residuelle_X : 
9.0	12.0	16.0	10.0	
12.0	17.0	19.0	15.0	
11.0	16.0	14.0	9.0	
14.0	14.0	16.0	13.0	

capacite_residuelle_W : 
7.800000000000001	10.5	20.1	11.5	
14.100000000000001	17.4	23.7	19.7	
6.5	20.7	13.5	13.1	
13.399999999999999	14.8	20.1	17.4	

min_capacite_X : 
15.0	17.0	15.0	16.0	

min_capacite_W : 
13.8	17.1	14.1	18.4	

max_capacite_X : 
17.0	19.0	19.0	18.0	

max_capacite_W : 
21.1	24.7	21.7	21.1	

moy_capacite_X : 
15.75	18.25	16.5	17.25	

moy_capacite_W : 
16.475	21.225	17.45	19.425	

med_capacite_X : 
15.5	18.5	16.0	17.5	

med_capacite_W : 
15.5	21.549999999999997	17.0	19.1	

ecartType_capacite_X : 
0.82915619758885	0.82915619758885	1.6583123951777	0.82915619758885	

ecartType_capacite_W : 
2.848135354929608	2.7725214156070996	2.9236107812087435	1.0304731922762482	

var_capacite_X : 
0.6875	0.6875	2.75	0.6875	

var_capacite_W : 
8.111875000000003	7.686874999999995	8.5475	1.0618750000000017	

covar_capacite_X : 
0.9166666666666666	0.9166666666666666	3.6666666666666665	0.9166666666666666	

covar_capacite_W : 
10.815833333333337	10.24916666666666	11.396666666666665	1.4158333333333355	

##########	##########	##########	##########	##########	##########	##########	##########	##########	##########	##########	##########	##########	##########	##########	##########	##########	##########	##########	##########	nombre de noeuds : 20
nombre de strates : 4
nombre de centres : 4
titre : intelligent
instances : alea20_4_2
temps de calcul : 0.0052869319915771484
valeur objective : 289.0
nombre de solutions : 2
nombre de noeuds : 0.0
faisability : True
centre : [15, 10, 4, 14]
moy_distances :	34.14
min_distances :	10.0
max_distances :	60.0
var_distances :	139.844432132964
covar_distances :	140.21341480349952
ecartType_distances :	11.82558379670805
coef_variation	: 0.3464170399899059
distances_centre_x :
22.0	23.0	29.0	12.0	0.0	-1.0	10.0	10.0	-1.0	-1.0	0.0	11.0	13.0	19.0	-1.0	0.0	26.0	12.0	11.0	10.0	
-1.0	23.0	29.0	-1.0	0.0	12.0	-1.0	10.0	-1.0	-1.0	0.0	-1.0	13.0	-1.0	-1.0	0.0	26.0	12.0	-1.0	-1.0	
22.0	-1.0	29.0	-1.0	-1.0	12.0	10.0	10.0	17.0	18.0	0.0	11.0	-1.0	19.0	0.0	0.0	26.0	12.0	11.0	10.0	
-1.0	-1.0	-1.0	-1.0	-1.0	-1.0	10.0	-1.0	17.0	-1.0	0.0	11.0	13.0	19.0	0.0	0.0	26.0	12.0	11.0	10.0	

distances_centre_w :
28.0	32.0	47.0	38.0	17.0	-1.0	25.0	30.0	-1.0	-1.0	17.0	24.0	18.0	26.0	-1.0	26.0	27.0	30.0	28.0	27.0	
-1.0	32.0	47.0	-1.0	26.0	16.0	-1.0	30.0	-1.0	-1.0	17.0	-1.0	18.0	-1.0	-1.0	26.0	27.0	30.0	-1.0	-1.0	
28.0	-1.0	47.0	-1.0	-1.0	16.0	25.0	30.0	33.0	34.0	17.0	24.0	-1.0	26.0	35.0	26.0	27.0	30.0	28.0	27.0	
-1.0	-1.0	-1.0	-1.0	-1.0	-1.0	25.0	-1.0	33.0	-1.0	17.0	24.0	18.0	26.0	35.0	26.0	27.0	30.0	28.0	27.0	

maxX :
29.0	29.0	29.0	26.0	

maxW :
47.0	47.0	47.0	35.0	

minX :
0.0	0.0	0.0	0.0	

minW :
17.0	16.0	16.0	17.0	

moyX :
13.0	12.5	12.9375	10.75	

moyW :
27.5	26.9	28.3125	26.333333333333332	

medX :
11.5	12.0	11.5	11.0	

medW :
27.0	26.5	27.5	26.5	

ecartTypeX :
8.609587678861281	10.200490184299968	8.392472445590752	7.606192652481704	

ecartTypeW :
7.322909257938405	8.642337646724988	6.97064155942622	5.005552472560402	

varX :
74.125	104.05	70.43359375	57.854166666666664	

varW :
53.625	74.69	48.58984375	25.055555555555557	

covarX :
79.06666666666666	115.6111111111111	75.12916666666666	63.11363636363637	

covarW :
57.199999999999996	82.98888888888888	51.829166666666666	27.333333333333332	

coef_variationX :
0.6622759752970216	0.8160392147439974	0.6486935223645025	0.707552804882019	

coef_variationW :
0.26628760937957835	0.32127649244330814	0.24620367538812254	0.1900842711098887	

moy_distances_centre :	33.833333333333336
min_distances_centre :	17.0
max_distances_centre :	44.0
med_distances_centre :	37.0
ecartType_distances_centre :	9.51168871558685
var_distances_centre :	90.47222222222221
covar_distances_centre :	98.69696969696969
coef_variation_distances_centre :	0.2811336566183305
capacite_X_temoin : 
16.0	15.0	15.0	15.0	
17.0	18.0	17.0	19.0	
15.0	19.0	18.0	17.0	
18.0	16.0	16.0	18.0	

capacite_W_temoin : 
15.8	17.5	14.5	15.5	
20.1	22.4	19.1	20.7	
16.5	21.7	19.4	16.1	
19.4	18.8	17.8	20.4	

demande_cumulee_X : 
5.0	2.0	5.0	4.0	
2.0	1.0	3.0	4.0	
3.0	3.0	4.0	6.0	
4.0	2.0	3.0	3.0	

demande_cumulee_W : 
7.0	6.0	0.0	3.0	
7.0	1.0	0.0	2.0	
7.0	4.0	2.0	3.0	
4.0	4.0	1.0	3.0	

capacite_residuelle_X : 
11.0	13.0	10.0	11.0	
15.0	17.0	14.0	15.0	
12.0	16.0	14.0	11.0	
14.0	14.0	13.0	15.0	

capacite_residuelle_W : 
8.8	11.5	14.5	12.5	
13.100000000000001	21.4	19.1	18.7	
9.5	17.7	17.4	13.100000000000001	
15.399999999999999	14.8	16.8	17.4	

min_capacite_X : 
15.0	17.0	15.0	16.0	

min_capacite_W : 
14.5	19.1	16.1	17.8	

max_capacite_X : 
16.0	19.0	19.0	18.0	

max_capacite_W : 
17.5	22.4	21.7	20.4	

moy_capacite_X : 
15.25	17.75	17.25	17.0	

moy_capacite_W : 
15.825	20.575	18.425	19.1	

med_capacite_X : 
15.0	17.5	17.5	17.0	

med_capacite_W : 
15.65	20.4	17.95	19.1	

ecartType_capacite_X : 
0.4330127018922193	0.82915619758885	1.479019945774904	1.0	

ecartType_capacite_W : 
1.080219885023415	1.198697209473684	2.2796655456447983	0.9433981132056595	

var_capacite_X : 
0.1875	0.6875	2.1875	1.0	

var_capacite_W : 
1.166875	1.4368749999999972	5.196874999999997	0.8899999999999983	

covar_capacite_X : 
0.25	0.9166666666666666	2.9166666666666665	1.3333333333333333	

covar_capacite_W : 
1.5558333333333334	1.9158333333333295	6.929166666666662	1.1866666666666643	

##########	##########	##########	##########	##########	##########	##########	##########	##########	##########	##########	##########	##########	##########	##########	##########	##########	##########	##########	##########	nombre de noeuds : 20
nombre de strates : 4
nombre de centres : 4
titre : intelligent
instances : alea20_4_2
temps de calcul : 0.005518913269042969
valeur objective : 292.0
nombre de solutions : 2
nombre de noeuds : 0.0
faisability : True
centre : [15, 10, 4, 17]
moy_distances :	34.14
min_distances :	10.0
max_distances :	60.0
var_distances :	139.844432132964
covar_distances :	140.21341480349952
ecartType_distances :	11.82558379670805
coef_variation	: 0.3464170399899059
distances_centre_x :
18.0	32.0	17.0	24.0	0.0	-1.0	22.0	10.0	-1.0	-1.0	0.0	11.0	13.0	19.0	-1.0	0.0	26.0	0.0	11.0	10.0	
-1.0	32.0	17.0	-1.0	0.0	12.0	-1.0	10.0	-1.0	-1.0	0.0	-1.0	13.0	-1.0	-1.0	0.0	26.0	0.0	-1.0	-1.0	
18.0	-1.0	17.0	-1.0	-1.0	12.0	22.0	10.0	17.0	18.0	0.0	11.0	-1.0	19.0	12.0	0.0	26.0	0.0	11.0	10.0	
-1.0	-1.0	-1.0	-1.0	-1.0	-1.0	22.0	-1.0	17.0	-1.0	0.0	11.0	13.0	19.0	12.0	0.0	26.0	0.0	11.0	10.0	

distances_centre_w :
22.0	35.0	47.0	38.0	30.0	-1.0	25.0	30.0	-1.0	-1.0	17.0	24.0	30.0	26.0	-1.0	26.0	30.0	30.0	28.0	27.0	
-1.0	35.0	47.0	-1.0	17.0	16.0	-1.0	30.0	-1.0	-1.0	17.0	-1.0	28.0	-1.0	-1.0	26.0	30.0	30.0	-1.0	-1.0	
22.0	-1.0	47.0	-1.0	-1.0	16.0	25.0	30.0	34.0	22.0	17.0	24.0	-1.0	26.0	35.0	26.0	27.0	30.0	28.0	27.0	
-1.0	-1.0	-1.0	-1.0	-1.0	-1.0	25.0	-1.0	34.0	-1.0	17.0	24.0	18.0	26.0	35.0	26.0	27.0	30.0	28.0	27.0	

maxX :
32.0	32.0	26.0	26.0	

maxW :
47.0	47.0	47.0	35.0	

minX :
0.0	0.0	0.0	0.0	

minW :
17.0	16.0	16.0	17.0	

moyX :
13.3125	11.0	12.6875	11.75	

moyW :
29.0625	27.6	27.25	26.416666666666668	

medX :
12.0	11.0	12.0	11.5	

medW :
29.0	29.0	26.5	26.5	

ecartTypeX :
9.712870005822172	10.917875251164945	7.505987193567545	8.206958429690422	

ecartTypeW :
6.628242131213977	9.00222194794152	7.145802963978226	5.122797629767894	

varX :
94.33984375	119.2	56.33984375	67.35416666666667	

varW :
43.93359375	81.03999999999999	51.0625	26.243055555555557	

covarX :
100.62916666666666	132.44444444444443	60.09583333333333	73.47727272727273	

covarW :
46.8625	90.04444444444445	54.46666666666667	28.628787878787875	

coef_variationX :
0.7296052586533087	0.9925341137422677	0.5916049019560626	0.6984645472076955	

coef_variationW :
0.2280685464503734	0.32616746188193907	0.26223130143039364	0.1939229386662925	

moy_distances_centre :	32.0
min_distances_centre :	17.0
max_distances_centre :	40.0
med_distances_centre :	34.5
ecartType_distances_centre :	8.582928793055823
var_distances_centre :	73.66666666666667
covar_distances_centre :	80.36363636363636
coef_variation_distances_centre :	0.26821652478299446
capacite_X_temoin : 
16.0	15.0	15.0	15.0	
17.0	18.0	19.0	17.0	
15.0	19.0	17.0	17.0	
18.0	16.0	18.0	16.0	

capacite_W_temoin : 
14.8	18.5	15.5	14.5	
19.1	22.4	20.7	20.1	
16.5	22.7	16.1	17.1	
19.4	18.8	20.4	17.8	

demande_cumulee_X : 
6.0	1.0	4.0	5.0	
3.0	1.0	4.0	2.0	
3.0	2.0	6.0	5.0	
4.0	2.0	3.0	3.0	

demande_cumulee_W : 
7.0	6.0	1.0	2.0	
7.0	1.0	0.0	2.0	
8.0	5.0	2.0	1.0	
5.0	4.0	3.0	0.0	

capacite_residuelle_X : 
10.0	14.0	11.0	10.0	
14.0	17.0	15.0	15.0	
12.0	17.0	11.0	12.0	
14.0	14.0	15.0	13.0	

capacite_residuelle_W : 
7.800000000000001	12.5	14.5	12.5	
12.100000000000001	21.4	20.7	18.1	
8.5	17.7	14.100000000000001	16.1	
14.399999999999999	14.8	17.4	17.8	

min_capacite_X : 
15.0	17.0	15.0	16.0	

min_capacite_W : 
14.5	19.1	16.1	17.8	

max_capacite_X : 
16.0	19.0	19.0	18.0	

max_capacite_W : 
18.5	22.4	22.7	20.4	

moy_capacite_X : 
15.25	17.75	17.0	17.0	

moy_capacite_W : 
15.825	20.575000000000003	18.1	19.1	

med_capacite_X : 
15.0	17.5	17.0	17.0	

med_capacite_W : 
15.15	20.4	16.8	19.1	

ecartType_capacite_X : 
0.4330127018922193	0.82915619758885	1.4142135623730951	1.0	

ecartType_capacite_W : 
1.5864661988205107	1.198697209473684	2.6795522013948516	0.9433981132056595	

var_capacite_X : 
0.1875	0.6875	2.0	1.0	

var_capacite_W : 
2.5168749999999998	1.4368749999999975	7.179999999999996	0.8899999999999983	

covar_capacite_X : 
0.25	0.9166666666666666	2.6666666666666665	1.3333333333333333	

covar_capacite_W : 
3.355833333333333	1.91583333333333	9.573333333333327	1.1866666666666643	

##########	##########	##########	##########	##########	##########	##########	##########	##########	##########	##########	##########	##########	##########	##########	##########	##########	##########	##########	##########	nombre de noeuds : 20
nombre de strates : 4
nombre de centres : 4
titre : intelligent
instances : alea20_4_2
temps de calcul : 0.005712985992431641
valeur objective : 252.0
nombre de solutions : 2
nombre de noeuds : 0.0
faisability : True
centre : [15, 4, 17, 8]
moy_distances :	34.14
min_distances :	10.0
max_distances :	60.0
var_distances :	139.844432132964
covar_distances :	140.21341480349952
ecartType_distances :	11.82558379670805
coef_variation	: 0.3464170399899059
distances_centre_x :
18.0	22.0	17.0	21.0	0.0	-1.0	22.0	10.0	-1.0	-1.0	17.0	11.0	13.0	19.0	-1.0	0.0	26.0	0.0	11.0	10.0	
-1.0	22.0	17.0	-1.0	0.0	12.0	-1.0	10.0	-1.0	-1.0	17.0	-1.0	13.0	-1.0	-1.0	0.0	26.0	0.0	-1.0	-1.0	
18.0	-1.0	17.0	-1.0	-1.0	12.0	22.0	10.0	0.0	18.0	17.0	11.0	-1.0	19.0	12.0	0.0	26.0	0.0	11.0	10.0	
-1.0	-1.0	-1.0	-1.0	-1.0	-1.0	22.0	-1.0	0.0	-1.0	17.0	11.0	13.0	19.0	12.0	0.0	26.0	0.0	11.0	10.0	

distances_centre_w :
28.0	32.0	38.0	24.0	26.0	-1.0	25.0	30.0	-1.0	-1.0	17.0	15.0	21.0	26.0	-1.0	26.0	30.0	30.0	34.0	29.0	
-1.0	32.0	38.0	-1.0	26.0	16.0	-1.0	30.0	-1.0	-1.0	17.0	-1.0	21.0	-1.0	-1.0	26.0	30.0	30.0	-1.0	-1.0	
28.0	-1.0	38.0	-1.0	-1.0	16.0	25.0	30.0	34.0	22.0	17.0	15.0	-1.0	26.0	33.0	26.0	30.0	30.0	34.0	29.0	
-1.0	-1.0	-1.0	-1.0	-1.0	-1.0	25.0	-1.0	34.0	-1.0	17.0	15.0	21.0	26.0	33.0	26.0	30.0	30.0	34.0	29.0	

maxX :
26.0	26.0	26.0	26.0	

maxW :
38.0	38.0	38.0	34.0	

minX :
0.0	0.0	0.0	0.0	

minW :
15.0	16.0	15.0	15.0	

moyX :
13.5625	11.7	12.6875	11.75	

moyW :
26.9375	26.6	27.0625	26.666666666666668	

medX :
15.0	12.5	12.0	11.5	

medW :
27.0	28.0	28.5	27.5	

ecartTypeX :
7.9684436215612395	8.843641783790206	7.505987193567545	8.206958429690422	

ecartTypeW :
5.716956686034974	6.560487786742691	6.533268228842284	6.059886320899281	

varX :
63.49609375	78.21000000000001	56.33984375	67.35416666666667	

varW :
32.68359375	43.040000000000006	42.68359375	36.72222222222222	

covarX :
67.72916666666667	86.89999999999999	60.09583333333333	73.47727272727273	

covarW :
34.8625	47.82222222222223	45.52916666666667	40.06060606060606	

coef_variationX :
0.5875350135713356	0.7558668191273681	0.5916049019560626	0.6984645472076955	

coef_variationW :
0.21223041061846773	0.24663487920085303	0.2414140685022553	0.22724573703372303	

moy_distances_centre :	35.333333333333336
min_distances_centre :	26.0
max_distances_centre :	45.0
med_distances_centre :	35.5
ecartType_distances_centre :	6.262764742685312
var_distances_centre :	39.22222222222222
covar_distances_centre :	42.78787878787879
coef_variation_distances_centre :	0.17724805875524466
capacite_X_temoin : 
16.0	19.0	15.0	15.0	
17.0	15.0	19.0	17.0	
15.0	15.0	17.0	17.0	
18.0	15.0	18.0	16.0	

capacite_W_temoin : 
15.8	21.7	15.5	15.5	
19.1	18.5	20.7	20.1	
16.5	17.5	16.1	17.1	
18.4	18.5	20.4	17.8	

demande_cumulee_X : 
5.0	3.0	4.0	4.0	
3.0	1.0	4.0	2.0	
3.0	2.0	6.0	5.0	
5.0	1.0	3.0	3.0	

demande_cumulee_W : 
7.0	2.0	6.0	1.0	
6.0	3.0	1.0	0.0	
8.0	2.0	5.0	1.0	
5.0	3.0	4.0	0.0	

capacite_residuelle_X : 
11.0	16.0	11.0	11.0	
14.0	14.0	15.0	15.0	
12.0	13.0	11.0	12.0	
13.0	14.0	15.0	13.0	

capacite_residuelle_W : 
8.8	19.7	9.5	14.5	
13.100000000000001	15.5	19.7	20.1	
8.5	15.5	11.100000000000001	16.1	
13.399999999999999	15.5	16.4	17.8	

min_capacite_X : 
15.0	15.0	15.0	15.0	

min_capacite_W : 
15.5	18.5	16.1	17.8	

max_capacite_X : 
19.0	19.0	17.0	18.0	

max_capacite_W : 
21.7	20.7	17.5	20.4	

moy_capacite_X : 
16.25	17.0	16.0	16.75	

moy_capacite_W : 
17.125	19.6	16.8	18.775	

med_capacite_X : 
15.5	17.0	16.0	17.0	

med_capacite_W : 
15.65	19.6	16.8	18.45	

ecartType_capacite_X : 
1.6393596310755	1.4142135623730951	1.0	1.299038105676658	

ecartType_capacite_W : 
2.6442153845706287	0.8544003745317529	0.5385164807134502	0.9756408150543922	

var_capacite_X : 
2.6875	2.0	1.0	1.6875	

var_capacite_W : 
6.991874999999998	0.7299999999999995	0.28999999999999976	0.9518749999999987	

covar_capacite_X : 
3.583333333333333	2.6666666666666665	1.3333333333333333	2.25	

covar_capacite_W : 
9.322499999999996	0.9733333333333327	0.3866666666666663	1.2691666666666648	

##########	##########	##########	##########	##########	##########	##########	##########	##########	##########	##########	##########	##########	##########	##########	##########	##########	##########	##########	##########	nombre de noeuds : 20
nombre de strates : 4
nombre de centres : 4
titre : intelligent
instances : alea20_4_2
temps de calcul : 0.0062448978424072266
valeur objective : 281.0
nombre de solutions : 2
nombre de noeuds : 0.0
faisability : True
centre : [4, 17, 8, 0]
moy_distances :	34.14
min_distances :	10.0
max_distances :	60.0
var_distances :	139.844432132964
covar_distances :	140.21341480349952
ecartType_distances :	11.82558379670805
coef_variation	: 0.3464170399899059
distances_centre_x :
0.0	22.0	17.0	21.0	0.0	-1.0	22.0	30.0	-1.0	-1.0	17.0	11.0	13.0	26.0	-1.0	26.0	30.0	0.0	11.0	10.0	
-1.0	22.0	17.0	-1.0	0.0	16.0	-1.0	30.0	-1.0	-1.0	17.0	-1.0	13.0	-1.0	-1.0	26.0	30.0	0.0	-1.0	-1.0	
0.0	-1.0	17.0	-1.0	-1.0	16.0	22.0	30.0	0.0	22.0	22.0	11.0	-1.0	26.0	12.0	26.0	30.0	0.0	11.0	10.0	
-1.0	-1.0	-1.0	-1.0	-1.0	-1.0	22.0	-1.0	0.0	-1.0	17.0	11.0	13.0	26.0	12.0	26.0	30.0	0.0	11.0	10.0	

distances_centre_w :
18.0	32.0	35.0	24.0	30.0	-1.0	34.0	38.0	-1.0	-1.0	17.0	40.0	28.0	41.0	-1.0	28.0	30.0	18.0	41.0	33.0	
-1.0	32.0	35.0	-1.0	30.0	16.0	-1.0	38.0	-1.0	-1.0	17.0	-1.0	28.0	-1.0	-1.0	28.0	30.0	18.0	-1.0	-1.0	
18.0	-1.0	35.0	-1.0	-1.0	16.0	34.0	38.0	34.0	40.0	40.0	40.0	-1.0	41.0	30.0	28.0	30.0	18.0	41.0	33.0	
-1.0	-1.0	-1.0	-1.0	-1.0	-1.0	34.0	-1.0	34.0	-1.0	17.0	40.0	28.0	41.0	30.0	28.0	30.0	18.0	41.0	33.0	

maxX :
30.0	30.0	30.0	30.0	

maxW :
41.0	38.0	41.0	41.0	

minX :
0.0	0.0	0.0	0.0	

minW :
17.0	16.0	16.0	17.0	

moyX :
16.0	17.1	15.9375	14.833333333333334	

moyW :
30.4375	27.2	32.25	31.166666666666668	

medX :
17.0	17.0	16.5	12.5	

medW :
31.0	29.0	34.0	31.5	

ecartTypeX :
9.855201672213513	10.192644406629714	9.908763482392745	9.308001336962135	

ecartTypeW :
7.7376413557362556	7.291090453423274	8.212033852828421	7.570043299450509	

varX :
97.125	103.88999999999999	98.18359375	86.6388888888889	

varW :
59.87109375	53.160000000000004	67.4375	57.30555555555555	

covarX :
103.6	115.43333333333331	104.72916666666667	94.51515151515153	

covarW :
63.8625	59.06666666666666	71.93333333333334	62.515151515151516	

coef_variationX :
0.6159501045133445	0.5960610764110944	0.6217263361501331	0.6275057081098069	

coef_variationW :
0.25421408971618087	0.268054796081738	0.2546367086148348	0.24288908982194146	

moy_distances_centre :	32.166666666666664
min_distances_centre :	18.0
max_distances_centre :	45.0
med_distances_centre :	33.0
ecartType_distances_centre :	7.924995618645828
var_distances_centre :	62.805555555555564
covar_distances_centre :	68.51515151515153
coef_variation_distances_centre :	0.24637292078691694
capacite_X_temoin : 
16.0	16.0	19.0	15.0	
15.0	17.0	15.0	17.0	
17.0	15.0	15.0	17.0	
15.0	18.0	15.0	16.0	

capacite_W_temoin : 
19.8	11.8	21.7	16.5	
18.5	17.1	17.5	20.1	
18.1	13.5	18.5	17.1	
19.5	16.4	17.5	17.8	

demande_cumulee_X : 
1.0	9.0	3.0	3.0	
1.0	5.0	2.0	2.0	
4.0	6.0	1.0	5.0	
0.0	7.0	2.0	3.0	

demande_cumulee_W : 
6.0	3.0	2.0	5.0	
5.0	3.0	0.0	2.0	
7.0	4.0	2.0	3.0	
5.0	3.0	2.0	2.0	

capacite_residuelle_X : 
15.0	7.0	16.0	12.0	
14.0	12.0	13.0	15.0	
13.0	9.0	14.0	12.0	
15.0	11.0	13.0	13.0	

capacite_residuelle_W : 
13.8	8.8	19.7	11.5	
13.5	14.100000000000001	17.5	18.1	
11.100000000000001	9.5	16.5	14.100000000000001	
14.5	13.399999999999999	15.5	15.8	

min_capacite_X : 
15.0	15.0	15.0	15.0	

min_capacite_W : 
11.8	17.1	13.5	16.4	

max_capacite_X : 
19.0	17.0	17.0	18.0	

max_capacite_W : 
21.7	20.1	18.5	19.5	

moy_capacite_X : 
16.5	16.0	16.0	16.0	

moy_capacite_W : 
17.45	18.3	16.8	17.8	

med_capacite_X : 
16.0	16.0	16.0	15.5	

med_capacite_W : 
18.15	18.0	17.6	17.65	

ecartType_capacite_X : 
1.5	1.0	1.0	1.224744871391589	

ecartType_capacite_W : 
3.7553295461250795	1.1575836902790226	1.9723082923316022	1.111305538544644	

var_capacite_X : 
2.25	1.0	1.0	1.5	

var_capacite_W : 
14.102499999999997	1.3400000000000003	3.8900000000000006	1.235000000000001	

covar_capacite_X : 
3.0	1.3333333333333333	1.3333333333333333	2.0	

covar_capacite_W : 
18.803333333333327	1.786666666666667	5.186666666666667	1.6466666666666678	

##########	##########	##########	##########	##########	##########	##########	##########	##########	##########	##########	##########	##########	##########	##########	##########	##########	##########	##########	##########	nombre de noeuds : 20
nombre de strates : 4
nombre de centres : 4
titre : intelligent
instances : alea20_4_2
temps de calcul : 0.005674123764038086
valeur objective : 291.0
nombre de solutions : 2
nombre de noeuds : 0.0
faisability : True
centre : [4, 17, 0, 16]
moy_distances :	34.14
min_distances :	10.0
max_distances :	60.0
var_distances :	139.844432132964
covar_distances :	140.21341480349952
ecartType_distances :	11.82558379670805
coef_variation	: 0.3464170399899059
distances_centre_x :
-1.0	-1.0	17.0	24.0	-1.0	-1.0	22.0	-1.0	-1.0	-1.0	-1.0	-1.0	-1.0	-1.0	-1.0	-1.0	-1.0	0.0	-1.0	-1.0	
-1.0	32.0	17.0	-1.0	0.0	14.0	-1.0	30.0	-1.0	-1.0	17.0	-1.0	13.0	-1.0	-1.0	26.0	0.0	0.0	-1.0	-1.0	
0.0	-1.0	17.0	-1.0	-1.0	14.0	22.0	30.0	34.0	22.0	17.0	11.0	-1.0	26.0	12.0	26.0	0.0	0.0	11.0	10.0	
-1.0	-1.0	-1.0	-1.0	-1.0	-1.0	22.0	-1.0	34.0	-1.0	17.0	11.0	13.0	26.0	12.0	26.0	0.0	0.0	11.0	10.0	

distances_centre_w :
-1.0	35.0	-1.0	-1.0	-1.0	-1.0	-1.0	-1.0	-1.0	-1.0	-1.0	41.0	28.0	-1.0	-1.0	-1.0	-1.0	-1.0	41.0	40.0	
-1.0	35.0	35.0	-1.0	30.0	16.0	-1.0	32.0	-1.0	-1.0	27.0	-1.0	28.0	-1.0	-1.0	26.0	30.0	18.0	-1.0	-1.0	
32.0	-1.0	35.0	-1.0	-1.0	16.0	34.0	32.0	36.0	40.0	22.0	40.0	-1.0	40.0	30.0	28.0	30.0	18.0	41.0	35.0	
-1.0	-1.0	-1.0	-1.0	-1.0	-1.0	34.0	-1.0	34.0	-1.0	27.0	40.0	28.0	40.0	30.0	26.0	30.0	18.0	41.0	35.0	

maxX :
24.0	32.0	34.0	34.0	

maxW :
41.0	35.0	41.0	41.0	

minX :
0.0	0.0	0.0	0.0	

minW :
28.0	16.0	16.0	18.0	

moyX :
15.75	14.9	15.75	15.166666666666666	

moyW :
37.0	27.7	31.8125	31.916666666666668	

medX :
19.5	15.5	15.5	12.5	

medW :
40.0	29.0	33.0	32.0	

ecartTypeX :
9.443913383762052	11.50173899895142	10.207227831296802	9.898091847534161	

ecartTypeW :
5.019960159204453	6.0835844697020525	7.443275068812115	6.499465790013481	

varX :
89.1875	132.29000000000002	104.1875	97.97222222222223	

varW :
25.2	37.01	55.40234375	42.243055555555564	

covarX :
118.91666666666666	146.98888888888888	111.13333333333333	106.87878787878789	

covarW :
31.5	41.12222222222221	59.09583333333333	46.08333333333334	

coef_variationX :
0.5996135481753684	0.7719287918759342	0.6480779575426541	0.6526214404967579	

coef_variationW :
0.13567459889741765	0.21962398807588637	0.23397328310607826	0.20363861483070958	

moy_distances_centre :	31.333333333333332
min_distances_centre :	18.0
max_distances_centre :	48.0
med_distances_centre :	30.0
ecartType_distances_centre :	8.768630958643937
var_distances_centre :	76.8888888888889
covar_distances_centre :	83.87878787878789
coef_variation_distances_centre :	0.2798499242120406
capacite_X_temoin : 
16.0	16.0	0.0	15.0	
15.0	17.0	19.0	17.0	
17.0	15.0	15.0	17.0	
15.0	18.0	18.0	16.0	

capacite_W_temoin : 
19.8	9.8	0.0	15.5	
19.5	17.1	21.7	20.1	
20.1	12.5	17.5	17.1	
19.5	16.4	21.4	17.8	

demande_cumulee_X : 
1.0	11.0	0.0	4.0	
0.0	5.0	3.0	2.0	
2.0	7.0	2.0	5.0	
0.0	7.0	2.0	3.0	

demande_cumulee_W : 
10.0	1.0	0.0	5.0	
4.0	1.0	3.0	2.0	
9.0	3.0	4.0	0.0	
6.0	2.0	2.0	2.0	

capacite_residuelle_X : 
15.0	5.0	0.0	11.0	
15.0	12.0	16.0	15.0	
15.0	8.0	13.0	12.0	
15.0	11.0	16.0	13.0	

capacite_residuelle_W : 
9.8	8.8	0.0	10.5	
15.5	16.1	18.7	18.1	
11.100000000000001	9.5	13.5	17.1	
13.5	14.399999999999999	19.4	15.8	

min_capacite_X : 
0.0	15.0	15.0	15.0	

min_capacite_W : 
0.0	17.1	12.5	16.4	

max_capacite_X : 
16.0	19.0	17.0	18.0	

max_capacite_W : 
19.8	21.7	20.1	21.4	

moy_capacite_X : 
11.75	17.0	16.0	16.75	

moy_capacite_W : 
11.275	19.6	16.8	18.775	

med_capacite_X : 
15.5	17.0	16.0	17.0	

med_capacite_W : 
12.65	19.8	17.3	18.65	

ecartType_capacite_X : 
6.796138609534093	1.4142135623730951	1.0	1.299038105676658	

ecartType_capacite_W : 
7.413290430031728	1.6522711641858299	2.736786436680802	1.8713297411199339	

var_capacite_X : 
46.1875	2.0	1.0	1.6875	

var_capacite_W : 
54.956875000000004	2.7299999999999978	7.490000000000002	3.501874999999999	

covar_capacite_X : 
61.58333333333333	2.6666666666666665	1.3333333333333333	2.25	

covar_capacite_W : 
73.27583333333334	3.639999999999997	9.986666666666668	4.669166666666666	

##########	##########	##########	##########	##########	##########	##########	##########	##########	##########	##########	##########	##########	##########	##########	##########	##########	##########	##########	##########	