nombre de noeuds : 45
nombre de strates : 9
nombre de centres : 4
titre : intelligent
instances : alea45_4_2
temps de calcul : 0.019609928131103516
valeur objective : 681.0
nombre de solutions : 2
nombre de noeuds : 0.0
faisability : True
centre : [37, 27, 8, 6]
moy_distances :	30.84
min_distances :	10.0
max_distances :	55.0
var_distances :	78.81966023875114
covar_distances :	78.85948826312644
ecartType_distances :	8.878043716875421
coef_variation	: 0.2878799672367976
distances_centre_x :
13.0	24.0	28.0	20.0	-1.0	28.0	-1.0	-1.0	0.0	-1.0	22.0	23.0	21.0	29.0	14.0	12.0	-1.0	-1.0	28.0	20.0	-1.0	-1.0	31.0	-1.0	24.0	30.0	25.0	-1.0	-1.0	10.0	-1.0	-1.0	-1.0	25.0	-1.0	-1.0	22.0	0.0	10.0	24.0	15.0	-1.0	-1.0	-1.0	18.0	
13.0	24.0	28.0	20.0	-1.0	-1.0	0.0	-1.0	0.0	31.0	-1.0	-1.0	21.0	29.0	14.0	12.0	-1.0	-1.0	28.0	20.0	-1.0	-1.0	-1.0	-1.0	24.0	30.0	25.0	0.0	-1.0	10.0	17.0	-1.0	-1.0	-1.0	38.0	18.0	22.0	0.0	10.0	24.0	15.0	13.0	-1.0	-1.0	18.0	
13.0	-1.0	28.0	20.0	-1.0	28.0	-1.0	-1.0	0.0	-1.0	22.0	23.0	21.0	29.0	14.0	-1.0	14.0	-1.0	28.0	-1.0	-1.0	-1.0	31.0	-1.0	24.0	-1.0	25.0	0.0	26.0	10.0	-1.0	-1.0	-1.0	-1.0	38.0	18.0	22.0	-1.0	10.0	24.0	15.0	-1.0	28.0	-1.0	18.0	
13.0	-1.0	28.0	20.0	-1.0	-1.0	0.0	-1.0	0.0	31.0	-1.0	-1.0	21.0	29.0	14.0	12.0	-1.0	-1.0	28.0	20.0	31.0	-1.0	31.0	20.0	24.0	30.0	25.0	0.0	26.0	10.0	-1.0	-1.0	-1.0	-1.0	38.0	18.0	-1.0	0.0	10.0	24.0	15.0	13.0	28.0	-1.0	18.0	
13.0	24.0	28.0	20.0	-1.0	28.0	0.0	-1.0	-1.0	31.0	22.0	-1.0	21.0	29.0	14.0	-1.0	14.0	36.0	28.0	-1.0	-1.0	-1.0	31.0	-1.0	24.0	30.0	25.0	0.0	26.0	-1.0	-1.0	-1.0	-1.0	25.0	38.0	18.0	22.0	0.0	10.0	24.0	15.0	-1.0	-1.0	23.0	18.0	
-1.0	24.0	28.0	20.0	32.0	-1.0	0.0	-1.0	-1.0	-1.0	22.0	-1.0	21.0	29.0	14.0	12.0	14.0	-1.0	28.0	20.0	-1.0	-1.0	31.0	-1.0	24.0	-1.0	25.0	-1.0	26.0	-1.0	-1.0	17.0	22.0	-1.0	38.0	-1.0	22.0	0.0	10.0	24.0	15.0	13.0	-1.0	-1.0	18.0	
13.0	24.0	-1.0	20.0	-1.0	-1.0	-1.0	-1.0	-1.0	-1.0	22.0	-1.0	21.0	29.0	14.0	-1.0	14.0	-1.0	28.0	20.0	-1.0	14.0	-1.0	20.0	24.0	-1.0	25.0	-1.0	26.0	10.0	-1.0	-1.0	-1.0	25.0	38.0	-1.0	-1.0	0.0	10.0	24.0	15.0	-1.0	28.0	-1.0	18.0	
13.0	24.0	-1.0	20.0	-1.0	-1.0	0.0	10.0	-1.0	31.0	22.0	-1.0	-1.0	29.0	14.0	12.0	-1.0	-1.0	28.0	20.0	-1.0	-1.0	31.0	-1.0	24.0	30.0	25.0	-1.0	-1.0	10.0	-1.0	-1.0	-1.0	-1.0	38.0	18.0	22.0	0.0	10.0	24.0	15.0	13.0	-1.0	-1.0	18.0	
13.0	24.0	-1.0	20.0	-1.0	-1.0	-1.0	-1.0	-1.0	31.0	22.0	-1.0	-1.0	29.0	14.0	12.0	-1.0	36.0	28.0	-1.0	-1.0	-1.0	31.0	-1.0	24.0	30.0	25.0	-1.0	26.0	10.0	-1.0	-1.0	22.0	-1.0	-1.0	18.0	-1.0	0.0	10.0	24.0	15.0	13.0	-1.0	-1.0	18.0	

distances_centre_w :
29.0	30.0	35.0	29.0	-1.0	35.0	-1.0	-1.0	30.0	-1.0	36.0	35.0	28.0	31.0	30.0	30.0	-1.0	-1.0	32.0	25.0	-1.0	-1.0	32.0	-1.0	25.0	33.0	35.0	-1.0	-1.0	30.0	-1.0	-1.0	-1.0	31.0	-1.0	-1.0	23.0	30.0	25.0	28.0	20.0	-1.0	-1.0	-1.0	19.0	
29.0	38.0	36.0	32.0	-1.0	-1.0	18.0	-1.0	18.0	31.0	-1.0	-1.0	36.0	30.0	30.0	30.0	-1.0	-1.0	32.0	32.0	-1.0	-1.0	-1.0	-1.0	25.0	38.0	35.0	32.0	-1.0	35.0	36.0	-1.0	-1.0	-1.0	39.0	32.0	38.0	30.0	25.0	34.0	38.0	16.0	-1.0	-1.0	34.0	
29.0	-1.0	36.0	32.0	-1.0	35.0	-1.0	-1.0	18.0	-1.0	36.0	36.0	36.0	30.0	30.0	-1.0	32.0	-1.0	32.0	-1.0	-1.0	-1.0	35.0	-1.0	25.0	-1.0	35.0	32.0	29.0	35.0	-1.0	-1.0	-1.0	-1.0	39.0	32.0	38.0	-1.0	25.0	34.0	38.0	-1.0	37.0	-1.0	34.0	
29.0	-1.0	36.0	32.0	-1.0	-1.0	18.0	-1.0	18.0	31.0	-1.0	-1.0	36.0	30.0	30.0	30.0	-1.0	-1.0	32.0	32.0	32.0	-1.0	35.0	30.0	25.0	38.0	35.0	32.0	29.0	35.0	-1.0	-1.0	-1.0	-1.0	39.0	32.0	-1.0	30.0	25.0	34.0	38.0	16.0	37.0	-1.0	34.0	
29.0	38.0	36.0	32.0	-1.0	35.0	18.0	-1.0	-1.0	31.0	36.0	-1.0	36.0	30.0	30.0	-1.0	32.0	38.0	32.0	-1.0	-1.0	-1.0	35.0	-1.0	25.0	38.0	35.0	32.0	29.0	-1.0	-1.0	-1.0	-1.0	31.0	39.0	32.0	38.0	30.0	25.0	34.0	38.0	-1.0	-1.0	38.0	34.0	
-1.0	38.0	36.0	32.0	40.0	-1.0	18.0	-1.0	-1.0	-1.0	36.0	-1.0	36.0	30.0	30.0	30.0	32.0	-1.0	32.0	32.0	-1.0	-1.0	35.0	-1.0	25.0	-1.0	35.0	-1.0	29.0	-1.0	-1.0	35.0	27.0	-1.0	39.0	-1.0	38.0	30.0	25.0	34.0	38.0	16.0	-1.0	-1.0	34.0	
29.0	38.0	-1.0	32.0	-1.0	-1.0	-1.0	-1.0	-1.0	-1.0	36.0	-1.0	36.0	30.0	30.0	-1.0	32.0	-1.0	32.0	32.0	-1.0	29.0	-1.0	30.0	25.0	-1.0	35.0	-1.0	29.0	35.0	-1.0	-1.0	-1.0	31.0	39.0	-1.0	-1.0	30.0	25.0	34.0	38.0	-1.0	37.0	-1.0	34.0	
29.0	38.0	-1.0	32.0	-1.0	-1.0	18.0	24.0	-1.0	31.0	36.0	-1.0	-1.0	30.0	30.0	30.0	-1.0	-1.0	32.0	32.0	-1.0	-1.0	35.0	-1.0	25.0	38.0	35.0	-1.0	-1.0	35.0	-1.0	-1.0	-1.0	-1.0	39.0	32.0	38.0	30.0	25.0	34.0	38.0	16.0	-1.0	-1.0	34.0	
29.0	30.0	-1.0	32.0	-1.0	-1.0	-1.0	-1.0	-1.0	31.0	36.0	-1.0	-1.0	30.0	30.0	30.0	-1.0	38.0	32.0	-1.0	-1.0	-1.0	35.0	-1.0	25.0	35.0	35.0	-1.0	29.0	35.0	-1.0	-1.0	27.0	-1.0	-1.0	32.0	-1.0	30.0	25.0	34.0	20.0	16.0	-1.0	-1.0	34.0	

maxX :
31.0	38.0	38.0	38.0	38.0	38.0	38.0	38.0	36.0	

maxW :
36.0	39.0	39.0	39.0	39.0	40.0	39.0	39.0	38.0	

minX :
0.0	0.0	0.0	0.0	0.0	0.0	0.0	0.0	0.0	

minW :
19.0	16.0	18.0	16.0	18.0	16.0	25.0	16.0	16.0	

moyX :
19.846153846153847	18.0	20.346153846153847	19.233333333333334	21.233333333333334	20.333333333333332	20.083333333333332	19.26923076923077	20.625	

moyW :
29.46153846153846	31.392857142857142	32.69230769230769	31.0	32.86666666666667	31.925925925925927	32.416666666666664	31.384615384615383	30.416666666666668	

medX :
22.0	19.0	22.0	20.0	23.5	22.0	20.5	20.0	22.0	

medW :
30.0	32.0	34.0	32.0	33.0	32.0	32.0	32.0	30.5	

ecartTypeX :
8.291294357950242	9.92831448793946	8.866281449715101	10.275158825482402	9.583608691696233	8.692269873603532	7.793783135009311	9.217699080104587	8.370645634198913	

ecartTypeW :
4.396071403762938	6.061230931763222	4.6473253744594505	5.680375574437544	4.659995231280345	5.785844321534373	3.773997291408084	5.798387860013154	4.990964057396349	

varX :
68.74556213017752	98.57142857142857	78.61094674556213	105.5788888888889	91.84555555555556	75.55555555555556	60.743055555555564	84.96597633136095	70.06770833333333	

varW :
19.325443786982248	36.73852040816326	21.597633136094675	32.266666666666666	21.715555555555557	33.47599451303155	14.243055555555555	33.62130177514793	24.909722222222225	

covarX :
71.49538461538461	102.22222222222221	81.75538461538461	109.21954022988506	95.01264367816093	78.46153846153845	63.3840579710145	88.3646153846154	73.11413043478261	

covarW :
20.098461538461542	38.099206349206355	22.461538461538463	33.37931034482759	22.464367816091954	34.763532763532766	14.862318840579709	34.96615384615385	25.992753623188403	

coef_variationX :
0.41777839788121374	0.5515730271077478	0.4357718670937479	0.534237027321442	0.45134734811756194	0.42748868230837045	0.3880721892950694	0.4783636249156073	0.4058494852944928	

coef_variationW :
0.149213911877071	0.1930767532302278	0.14215348204228906	0.18323792175604983	0.14178484476512207	0.1812271423218423	0.11642151027479951	0.18475255436316423	0.16408648955823613	

moy_distances_centre :	25.166666666666668
min_distances_centre :	14.0
max_distances_centre :	32.0
med_distances_centre :	28.5
ecartType_distances_centre :	6.693695209341068
var_distances_centre :	44.805555555555564
covar_distances_centre :	48.87878787878789
coef_variation_distances_centre :	0.2659746440797775
capacite_X_temoin : 
44.0	44.0	38.0	43.0	
37.0	42.0	44.0	38.0	
37.0	44.0	33.0	40.0	
36.0	42.0	38.0	41.0	
42.0	36.0	44.0	40.0	
39.0	36.0	43.0	42.0	
38.0	36.0	43.0	44.0	
40.0	36.0	40.0	40.0	
43.0	40.0	33.0	37.0	

capacite_W_temoin : 
53.2	51.2	39.4	49.9	
44.1	47.6	47.2	42.4	
44.1	50.2	33.9	46.0	
43.8	47.6	37.4	45.3	
47.6	41.8	45.2	46.0	
42.7	42.8	48.9	46.6	
46.4	41.8	46.9	50.2	
47.0	40.8	42.0	47.0	
50.9	48.0	33.9	42.1	

demande_cumulee_X : 
4.0	6.0	10.0	6.0	
4.0	7.0	10.0	7.0	
4.0	7.0	9.0	6.0	
3.0	7.0	12.0	8.0	
7.0	5.0	12.0	6.0	
8.0	4.0	7.0	8.0	
3.0	5.0	9.0	7.0	
5.0	6.0	10.0	5.0	
5.0	4.0	9.0	6.0	

demande_cumulee_W : 
2.0	6.0	4.0	14.0	
5.0	13.0	5.0	5.0	
5.0	11.0	4.0	6.0	
6.0	12.0	4.0	8.0	
5.0	12.0	5.0	8.0	
5.0	12.0	4.0	6.0	
4.0	9.0	4.0	7.0	
6.0	10.0	4.0	6.0	
5.0	8.0	4.0	7.0	

capacite_residuelle_X : 
40.0	38.0	28.0	37.0	
33.0	35.0	34.0	31.0	
33.0	37.0	24.0	34.0	
33.0	35.0	26.0	33.0	
35.0	31.0	32.0	34.0	
31.0	32.0	36.0	34.0	
35.0	31.0	34.0	37.0	
35.0	30.0	30.0	35.0	
38.0	36.0	24.0	31.0	

capacite_residuelle_W : 
51.2	45.2	35.4	35.9	
39.1	34.6	42.2	37.4	
39.1	39.2	29.9	40.0	
37.8	35.6	33.4	37.3	
42.6	29.799999999999997	40.2	38.0	
37.7	30.799999999999997	44.9	40.6	
42.4	32.8	42.9	43.2	
41.0	30.799999999999997	38.0	41.0	
45.9	40.0	29.9	35.1	

min_capacite_X : 
38.0	37.0	33.0	36.0	36.0	36.0	36.0	36.0	33.0	

min_capacite_W : 
39.4	42.4	33.9	37.4	41.8	42.7	41.8	40.8	33.9	

max_capacite_X : 
44.0	44.0	44.0	42.0	44.0	43.0	44.0	40.0	43.0	

max_capacite_W : 
53.2	47.6	50.2	47.6	47.6	48.9	50.2	47.0	50.9	

moy_capacite_X : 
42.25	40.25	38.5	39.25	40.5	40.0	40.25	39.0	38.25	

moy_capacite_W : 
48.425000000000004	45.325	43.550000000000004	43.525000000000006	45.150000000000006	45.25	46.325	44.2	43.725	

med_capacite_X : 
43.5	40.0	38.5	39.5	41.0	40.5	40.5	40.0	38.5	

med_capacite_W : 
50.55	45.650000000000006	45.05	44.55	45.6	44.7	46.65	44.5	45.05	

ecartType_capacite_X : 
2.48746859276655	2.8613807855648994	4.031128874149275	2.384848003542364	2.958039891549808	2.7386127875258306	3.344772040064913	1.7320508075688772	3.6996621467371855	

ecartType_capacite_W : 
5.341523659032132	2.1649191670822274	5.992703897240378	3.786406607853943	2.1183720164314876	2.629163365026981	2.9928038692837875	2.8319604517012595	6.4986056196695	

var_capacite_X : 
6.1875	8.1875	16.25	5.6875	8.75	7.5	11.1875	3.0	13.6875	

var_capacite_W : 
28.531875000000017	4.686875000000006	35.912500000000016	14.336875000000004	4.487500000000007	6.912499999999998	8.95687500000001	8.020000000000003	42.231875	

covar_capacite_X : 
8.25	10.916666666666666	21.666666666666664	7.583333333333333	11.666666666666666	10.0	14.916666666666666	4.0	18.25	

covar_capacite_W : 
38.04250000000002	6.2491666666666745	47.883333333333354	19.115833333333338	5.983333333333342	9.216666666666663	11.942500000000013	10.693333333333337	56.30916666666667	

##########	##########	##########	##########	##########	##########	##########	##########	##########	##########	##########	##########	##########	##########	##########	##########	##########	##########	##########	##########	##########	##########	##########	##########	##########	##########	##########	##########	##########	##########	##########	##########	##########	##########	##########	##########	##########	##########	##########	##########	##########	##########	##########	##########	##########	nombre de noeuds : 45
nombre de strates : 9
nombre de centres : 4
titre : intelligent
instances : alea45_4_2
temps de calcul : 0.02050304412841797
valeur objective : 648.0
nombre de solutions : 2
nombre de noeuds : 0.0
faisability : True
centre : [37, 8, 6, 39]
moy_distances :	30.84
min_distances :	10.0
max_distances :	55.0
var_distances :	78.81966023875114
covar_distances :	78.85948826312644
ecartType_distances :	8.878043716875421
coef_variation	: 0.2878799672367976
distances_centre_x :
13.0	10.0	35.0	29.0	-1.0	11.0	-1.0	-1.0	0.0	-1.0	29.0	23.0	21.0	20.0	14.0	12.0	-1.0	-1.0	31.0	20.0	-1.0	-1.0	31.0	-1.0	25.0	33.0	11.0	-1.0	-1.0	17.0	-1.0	-1.0	-1.0	29.0	-1.0	-1.0	22.0	0.0	10.0	0.0	15.0	-1.0	-1.0	-1.0	19.0	
13.0	10.0	35.0	29.0	-1.0	-1.0	0.0	-1.0	0.0	26.0	-1.0	-1.0	21.0	20.0	14.0	12.0	-1.0	-1.0	31.0	20.0	-1.0	-1.0	-1.0	-1.0	25.0	33.0	11.0	14.0	-1.0	17.0	27.0	-1.0	-1.0	-1.0	32.0	18.0	22.0	0.0	10.0	0.0	15.0	13.0	-1.0	-1.0	19.0	
13.0	-1.0	35.0	29.0	-1.0	11.0	-1.0	-1.0	0.0	-1.0	29.0	23.0	21.0	20.0	14.0	-1.0	14.0	-1.0	31.0	-1.0	-1.0	-1.0	31.0	-1.0	25.0	-1.0	11.0	14.0	22.0	17.0	-1.0	-1.0	-1.0	-1.0	32.0	18.0	22.0	-1.0	10.0	0.0	15.0	-1.0	28.0	-1.0	19.0	
13.0	-1.0	35.0	29.0	-1.0	-1.0	0.0	-1.0	0.0	26.0	-1.0	-1.0	21.0	20.0	14.0	12.0	-1.0	-1.0	31.0	20.0	26.0	-1.0	31.0	27.0	25.0	33.0	11.0	14.0	22.0	17.0	-1.0	-1.0	-1.0	-1.0	32.0	18.0	-1.0	0.0	10.0	0.0	15.0	13.0	28.0	-1.0	19.0	
13.0	10.0	35.0	29.0	-1.0	11.0	0.0	-1.0	-1.0	26.0	29.0	-1.0	21.0	20.0	14.0	-1.0	14.0	35.0	31.0	-1.0	-1.0	-1.0	31.0	-1.0	25.0	33.0	11.0	14.0	22.0	-1.0	-1.0	-1.0	-1.0	29.0	32.0	18.0	22.0	0.0	10.0	0.0	15.0	-1.0	-1.0	28.0	19.0	
-1.0	10.0	35.0	29.0	28.0	-1.0	0.0	-1.0	-1.0	-1.0	29.0	-1.0	21.0	20.0	14.0	12.0	14.0	-1.0	31.0	20.0	-1.0	-1.0	31.0	-1.0	25.0	-1.0	11.0	-1.0	22.0	-1.0	-1.0	17.0	22.0	-1.0	32.0	-1.0	22.0	0.0	10.0	0.0	15.0	13.0	-1.0	-1.0	19.0	
13.0	10.0	-1.0	29.0	-1.0	-1.0	-1.0	-1.0	-1.0	-1.0	29.0	-1.0	21.0	20.0	14.0	-1.0	14.0	-1.0	31.0	20.0	-1.0	14.0	-1.0	27.0	25.0	-1.0	11.0	-1.0	22.0	17.0	-1.0	-1.0	-1.0	29.0	32.0	-1.0	-1.0	0.0	10.0	0.0	15.0	-1.0	28.0	-1.0	19.0	
13.0	10.0	-1.0	29.0	-1.0	-1.0	0.0	18.0	-1.0	26.0	29.0	-1.0	-1.0	20.0	14.0	12.0	-1.0	-1.0	31.0	20.0	-1.0	-1.0	31.0	-1.0	25.0	33.0	11.0	-1.0	-1.0	17.0	-1.0	-1.0	-1.0	-1.0	32.0	18.0	22.0	0.0	10.0	0.0	15.0	13.0	-1.0	-1.0	19.0	
13.0	10.0	-1.0	29.0	-1.0	-1.0	-1.0	-1.0	-1.0	26.0	29.0	-1.0	-1.0	20.0	14.0	12.0	-1.0	35.0	31.0	-1.0	-1.0	-1.0	31.0	-1.0	25.0	33.0	11.0	-1.0	22.0	17.0	-1.0	-1.0	22.0	-1.0	-1.0	18.0	-1.0	0.0	10.0	0.0	15.0	13.0	-1.0	-1.0	19.0	

distances_centre_w :
29.0	24.0	36.0	34.0	-1.0	28.0	-1.0	-1.0	18.0	-1.0	36.0	29.0	31.0	29.0	30.0	24.0	-1.0	-1.0	32.0	28.0	-1.0	-1.0	32.0	-1.0	27.0	35.0	25.0	-1.0	-1.0	24.0	-1.0	-1.0	-1.0	32.0	-1.0	-1.0	26.0	30.0	25.0	30.0	30.0	-1.0	-1.0	-1.0	34.0	
29.0	24.0	36.0	34.0	-1.0	-1.0	29.0	-1.0	18.0	31.0	-1.0	-1.0	31.0	29.0	30.0	24.0	-1.0	-1.0	32.0	28.0	-1.0	-1.0	-1.0	-1.0	27.0	35.0	25.0	32.0	-1.0	24.0	34.0	-1.0	-1.0	-1.0	38.0	32.0	26.0	30.0	25.0	30.0	30.0	16.0	-1.0	-1.0	34.0	
29.0	-1.0	36.0	34.0	-1.0	28.0	-1.0	-1.0	18.0	-1.0	36.0	29.0	31.0	29.0	30.0	-1.0	32.0	-1.0	32.0	-1.0	-1.0	-1.0	32.0	-1.0	27.0	-1.0	25.0	32.0	29.0	24.0	-1.0	-1.0	-1.0	-1.0	38.0	32.0	26.0	-1.0	25.0	30.0	30.0	-1.0	35.0	-1.0	34.0	
29.0	-1.0	36.0	34.0	-1.0	-1.0	29.0	-1.0	18.0	31.0	-1.0	-1.0	31.0	29.0	30.0	24.0	-1.0	-1.0	32.0	28.0	34.0	-1.0	32.0	30.0	27.0	35.0	25.0	32.0	29.0	24.0	-1.0	-1.0	-1.0	-1.0	38.0	32.0	-1.0	30.0	25.0	30.0	30.0	16.0	35.0	-1.0	34.0	
29.0	24.0	36.0	34.0	-1.0	28.0	29.0	-1.0	-1.0	31.0	36.0	-1.0	31.0	29.0	30.0	-1.0	32.0	36.0	32.0	-1.0	-1.0	-1.0	32.0	-1.0	27.0	35.0	25.0	32.0	29.0	-1.0	-1.0	-1.0	-1.0	32.0	38.0	32.0	26.0	30.0	25.0	30.0	30.0	-1.0	-1.0	31.0	34.0	
-1.0	24.0	36.0	34.0	32.0	-1.0	29.0	-1.0	-1.0	-1.0	36.0	-1.0	31.0	29.0	30.0	24.0	32.0	-1.0	32.0	28.0	-1.0	-1.0	32.0	-1.0	27.0	-1.0	25.0	-1.0	29.0	-1.0	-1.0	27.0	27.0	-1.0	38.0	-1.0	26.0	30.0	25.0	30.0	30.0	16.0	-1.0	-1.0	34.0	
29.0	24.0	-1.0	30.0	-1.0	-1.0	-1.0	-1.0	-1.0	-1.0	36.0	-1.0	31.0	29.0	30.0	-1.0	32.0	-1.0	32.0	28.0	-1.0	14.0	-1.0	30.0	27.0	-1.0	25.0	-1.0	26.0	24.0	-1.0	-1.0	-1.0	32.0	38.0	-1.0	-1.0	30.0	25.0	28.0	30.0	-1.0	35.0	-1.0	26.0	
29.0	24.0	-1.0	30.0	-1.0	-1.0	29.0	24.0	-1.0	31.0	36.0	-1.0	-1.0	29.0	30.0	24.0	-1.0	-1.0	32.0	28.0	-1.0	-1.0	32.0	-1.0	27.0	35.0	25.0	-1.0	-1.0	24.0	-1.0	-1.0	-1.0	-1.0	38.0	32.0	26.0	30.0	25.0	30.0	30.0	16.0	-1.0	-1.0	26.0	
29.0	24.0	-1.0	34.0	-1.0	-1.0	-1.0	-1.0	-1.0	31.0	36.0	-1.0	-1.0	29.0	30.0	24.0	-1.0	36.0	32.0	-1.0	-1.0	-1.0	32.0	-1.0	27.0	35.0	25.0	-1.0	29.0	24.0	-1.0	-1.0	27.0	-1.0	-1.0	32.0	-1.0	30.0	25.0	30.0	30.0	16.0	-1.0	-1.0	34.0	

maxX :
35.0	35.0	35.0	35.0	35.0	35.0	32.0	33.0	35.0	

maxW :
36.0	38.0	38.0	38.0	38.0	38.0	38.0	38.0	36.0	

minX :
0.0	0.0	0.0	0.0	0.0	0.0	0.0	0.0	0.0	

minW :
18.0	16.0	18.0	16.0	24.0	16.0	14.0	16.0	16.0	

moyX :
18.46153846153846	17.392857142857142	19.384615384615383	18.733333333333334	19.9	18.59259259259259	18.75	18.0	18.958333333333332	

moyW :
29.153846153846153	29.035714285714285	30.115384615384617	29.633333333333333	30.833333333333332	29.37037037037037	28.791666666666668	28.53846153846154	29.208333333333332	

medX :
19.5	17.5	19.5	19.5	20.5	20.0	19.5	18.0	18.5	

medW :
29.5	30.0	30.0	30.0	31.0	30.0	29.5	29.0	30.0	

ecartTypeX :
10.004732607931759	10.033299150166643	9.04721343872892	10.135526078546139	10.21551108200988	9.6657442443395	8.865899089582888	9.607689228305228	9.48454517740425	

ecartTypeW :
4.212548175413252	4.96762477632594	4.2816866112183405	4.799189746428268	3.435921354681384	4.481634524475857	4.707964587330236	4.474120190527959	4.573284438514136	

varX :
100.09467455621302	100.6670918367347	81.85207100591717	102.72888888888887	104.35666666666665	93.42661179698217	78.60416666666667	92.3076923076923	89.95659722222223	

varW :
17.745562130177515	24.67729591836735	18.332840236686394	23.032222222222224	11.805555555555555	20.08504801097394	22.164930555555554	20.01775147928994	20.914930555555557	

covarX :
104.09846153846155	104.39550264550265	85.12615384615385	106.27126436781606	107.95517241379306	97.01994301994303	82.02173913043478	96.0	93.8677536231884	

covarW :
18.455384615384613	25.591269841269842	19.066153846153846	23.826436781609196	12.21264367816092	20.85754985754986	23.128623188405797	20.818461538461538	21.824275362318836	

coef_variationX :
0.5419230162629703	0.5768631954921274	0.4667213281883967	0.5410423173601141	0.5133422654276322	0.5198707063688576	0.47284795144442066	0.5337605126836238	0.5002837016652791	

coef_variationW :
0.1444937368875258	0.17108670816374702	0.1421760560557814	0.1619524098907177	0.1114352871788557	0.15259033059375554	0.1635183069405581	0.15677510101580447	0.1565746455411402	

moy_distances_centre :	28.166666666666668
min_distances_centre :	18.0
max_distances_centre :	34.0
med_distances_centre :	29.5
ecartType_distances_centre :	4.913134324327891
var_distances_centre :	24.138888888888886
covar_distances_centre :	26.333333333333332
coef_variation_distances_centre :	0.17443080441400796
capacite_X_temoin : 
44.0	44.0	43.0	40.0	
37.0	42.0	38.0	39.0	
37.0	44.0	40.0	42.0	
36.0	42.0	41.0	44.0	
42.0	36.0	40.0	38.0	
39.0	36.0	42.0	36.0	
38.0	36.0	44.0	42.0	
40.0	36.0	40.0	37.0	
43.0	40.0	37.0	37.0	

capacite_W_temoin : 
53.2	50.2	48.9	44.0	
44.1	47.6	40.4	42.7	
43.1	51.2	46.0	45.6	
42.8	47.6	44.3	47.2	
46.6	41.8	46.0	38.4	
43.7	43.8	46.6	37.8	
46.4	43.8	50.2	43.6	
48.0	41.8	44.0	39.1	
52.9	48.0	41.1	38.1	

demande_cumulee_X : 
4.0	7.0	7.0	8.0	
4.0	7.0	9.0	8.0	
5.0	6.0	6.0	9.0	
4.0	7.0	9.0	10.0	
8.0	5.0	6.0	11.0	
7.0	3.0	8.0	9.0	
3.0	3.0	7.0	11.0	
4.0	5.0	8.0	9.0	
3.0	4.0	7.0	10.0	

demande_cumulee_W : 
5.0	6.0	7.0	8.0	
5.0	8.0	7.0	8.0	
6.0	8.0	5.0	7.0	
6.0	9.0	9.0	6.0	
5.0	9.0	10.0	6.0	
5.0	8.0	8.0	6.0	
4.0	6.0	7.0	7.0	
5.0	6.0	6.0	9.0	
7.0	6.0	7.0	4.0	

capacite_residuelle_X : 
40.0	37.0	36.0	32.0	
33.0	35.0	29.0	31.0	
32.0	38.0	34.0	33.0	
32.0	35.0	32.0	34.0	
34.0	31.0	34.0	27.0	
32.0	33.0	34.0	27.0	
35.0	33.0	37.0	31.0	
36.0	31.0	32.0	28.0	
40.0	36.0	30.0	27.0	

capacite_residuelle_W : 
48.2	44.2	41.9	36.0	
39.1	39.6	33.4	34.7	
37.1	43.2	41.0	38.6	
36.8	38.6	35.3	41.2	
41.6	32.8	36.0	32.4	
38.7	35.8	38.6	31.799999999999997	
42.4	37.8	43.2	36.6	
43.0	35.8	38.0	30.1	
45.9	42.0	34.1	34.1	

min_capacite_X : 
40.0	37.0	37.0	36.0	36.0	36.0	36.0	36.0	37.0	

min_capacite_W : 
44.0	40.4	43.1	42.8	38.4	37.8	43.6	39.1	38.1	

max_capacite_X : 
44.0	42.0	44.0	44.0	42.0	42.0	44.0	40.0	43.0	

max_capacite_W : 
53.2	47.6	51.2	47.6	46.6	46.6	50.2	48.0	52.9	

moy_capacite_X : 
42.75	39.0	40.75	40.75	39.0	38.25	40.0	38.25	39.25	

moy_capacite_W : 
49.075	43.7	46.475	45.474999999999994	43.2	42.974999999999994	45.99999999999999	43.225	45.025	

med_capacite_X : 
43.5	38.5	41.0	41.5	39.0	37.5	40.0	38.5	38.5	

med_capacite_W : 
49.55	43.400000000000006	45.8	45.75	43.9	43.75	45.099999999999994	42.9	44.55	

ecartType_capacite_X : 
1.6393596310755	1.8708286933869707	2.5860201081971503	2.947456530637899	2.23606797749979	2.48746859276655	3.1622776601683795	1.7853571071357126	2.48746859276655	

ecartType_capacite_W : 
3.3191678173903783	2.6105554964413233	2.945653577731096	2.001718012108601	3.3316662497915375	3.2065362932610024	2.664582518894847	3.25758729737209	5.792829619451964	

var_capacite_X : 
2.6875	3.5	6.6875	8.6875	5.0	6.1875	10.0	3.1875	6.1875	

var_capacite_W : 
11.016875000000008	6.815000000000004	8.676875000000004	4.00687500000001	11.100000000000009	10.28187500000001	7.100000000000007	10.611874999999998	33.556874999999984	

covar_capacite_X : 
3.583333333333333	4.666666666666666	8.916666666666666	11.583333333333332	6.666666666666666	8.25	13.333333333333332	4.25	8.25	

covar_capacite_W : 
14.689166666666676	9.086666666666671	11.569166666666671	5.342500000000013	14.800000000000011	13.709166666666679	9.466666666666676	14.149166666666662	44.74249999999998	

##########	##########	##########	##########	##########	##########	##########	##########	##########	##########	##########	##########	##########	##########	##########	##########	##########	##########	##########	##########	##########	##########	##########	##########	##########	##########	##########	##########	##########	##########	##########	##########	##########	##########	##########	##########	##########	##########	##########	##########	##########	##########	##########	##########	##########	nombre de noeuds : 45
nombre de strates : 9
nombre de centres : 4
titre : intelligent
instances : alea45_4_2
temps de calcul : 0.023382902145385742
valeur objective : 666.0
nombre de solutions : 2
nombre de noeuds : 0.0
faisability : True
centre : [37, 8, 39, 24]
moy_distances :	30.84
min_distances :	10.0
max_distances :	55.0
var_distances :	78.81966023875114
covar_distances :	78.85948826312644
ecartType_distances :	8.878043716875421
coef_variation	: 0.2878799672367976
distances_centre_x :
13.0	10.0	35.0	25.0	-1.0	11.0	-1.0	-1.0	0.0	-1.0	29.0	23.0	21.0	20.0	20.0	12.0	-1.0	-1.0	31.0	20.0	-1.0	-1.0	32.0	-1.0	0.0	33.0	11.0	-1.0	-1.0	17.0	-1.0	-1.0	-1.0	31.0	-1.0	-1.0	23.0	0.0	10.0	0.0	15.0	-1.0	-1.0	-1.0	19.0	
13.0	10.0	35.0	25.0	-1.0	-1.0	18.0	-1.0	0.0	26.0	-1.0	-1.0	21.0	20.0	20.0	12.0	-1.0	-1.0	31.0	20.0	-1.0	-1.0	-1.0	-1.0	0.0	33.0	11.0	24.0	-1.0	17.0	27.0	-1.0	-1.0	-1.0	32.0	18.0	23.0	0.0	10.0	0.0	15.0	13.0	-1.0	-1.0	19.0	
13.0	-1.0	35.0	25.0	-1.0	11.0	-1.0	-1.0	0.0	-1.0	29.0	23.0	21.0	20.0	20.0	-1.0	32.0	-1.0	31.0	-1.0	-1.0	-1.0	32.0	-1.0	0.0	-1.0	11.0	24.0	22.0	17.0	-1.0	-1.0	-1.0	-1.0	32.0	18.0	23.0	-1.0	10.0	0.0	15.0	-1.0	28.0	-1.0	19.0	
13.0	-1.0	35.0	25.0	-1.0	-1.0	18.0	-1.0	0.0	26.0	-1.0	-1.0	21.0	20.0	20.0	12.0	-1.0	-1.0	31.0	20.0	26.0	-1.0	32.0	27.0	0.0	33.0	11.0	24.0	22.0	17.0	-1.0	-1.0	-1.0	-1.0	32.0	18.0	-1.0	0.0	10.0	0.0	15.0	13.0	28.0	-1.0	19.0	
13.0	10.0	35.0	25.0	-1.0	11.0	18.0	-1.0	-1.0	26.0	29.0	-1.0	21.0	20.0	20.0	-1.0	32.0	35.0	31.0	-1.0	-1.0	-1.0	32.0	-1.0	0.0	33.0	11.0	24.0	22.0	-1.0	-1.0	-1.0	-1.0	31.0	32.0	18.0	23.0	0.0	10.0	0.0	15.0	-1.0	-1.0	30.0	19.0	
-1.0	10.0	35.0	25.0	28.0	-1.0	18.0	-1.0	-1.0	-1.0	29.0	-1.0	21.0	20.0	20.0	12.0	32.0	-1.0	31.0	20.0	-1.0	-1.0	32.0	-1.0	0.0	-1.0	11.0	-1.0	22.0	-1.0	-1.0	25.0	29.0	-1.0	32.0	-1.0	23.0	0.0	10.0	0.0	15.0	13.0	-1.0	-1.0	19.0	
13.0	10.0	-1.0	25.0	-1.0	-1.0	-1.0	-1.0	-1.0	-1.0	29.0	-1.0	21.0	20.0	20.0	-1.0	32.0	-1.0	31.0	20.0	-1.0	14.0	-1.0	27.0	0.0	-1.0	11.0	-1.0	22.0	17.0	-1.0	-1.0	-1.0	31.0	32.0	-1.0	-1.0	0.0	10.0	0.0	15.0	-1.0	28.0	-1.0	19.0	
13.0	10.0	-1.0	25.0	-1.0	-1.0	18.0	18.0	-1.0	26.0	29.0	-1.0	-1.0	20.0	20.0	12.0	-1.0	-1.0	31.0	20.0	-1.0	-1.0	32.0	-1.0	0.0	33.0	11.0	-1.0	-1.0	17.0	-1.0	-1.0	-1.0	-1.0	32.0	18.0	23.0	0.0	10.0	0.0	15.0	13.0	-1.0	-1.0	19.0	
13.0	10.0	-1.0	25.0	-1.0	-1.0	-1.0	-1.0	-1.0	26.0	29.0	-1.0	-1.0	20.0	20.0	12.0	-1.0	35.0	31.0	-1.0	-1.0	-1.0	32.0	-1.0	0.0	33.0	11.0	-1.0	22.0	17.0	-1.0	-1.0	29.0	-1.0	-1.0	18.0	-1.0	0.0	10.0	0.0	15.0	13.0	-1.0	-1.0	19.0	

distances_centre_w :
29.0	32.0	36.0	32.0	-1.0	16.0	-1.0	-1.0	30.0	-1.0	40.0	29.0	31.0	29.0	30.0	30.0	-1.0	-1.0	31.0	28.0	-1.0	-1.0	32.0	-1.0	27.0	35.0	18.0	-1.0	-1.0	34.0	-1.0	-1.0	-1.0	32.0	-1.0	-1.0	26.0	30.0	25.0	30.0	30.0	-1.0	-1.0	-1.0	26.0	
29.0	32.0	36.0	32.0	-1.0	-1.0	34.0	-1.0	30.0	31.0	-1.0	-1.0	31.0	29.0	30.0	30.0	-1.0	-1.0	31.0	28.0	-1.0	-1.0	-1.0	-1.0	27.0	35.0	18.0	32.0	-1.0	34.0	34.0	-1.0	-1.0	-1.0	38.0	34.0	26.0	30.0	25.0	30.0	30.0	35.0	-1.0	-1.0	26.0	
29.0	-1.0	36.0	32.0	-1.0	16.0	-1.0	-1.0	30.0	-1.0	40.0	29.0	31.0	29.0	30.0	-1.0	36.0	-1.0	31.0	-1.0	-1.0	-1.0	32.0	-1.0	27.0	-1.0	18.0	32.0	26.0	34.0	-1.0	-1.0	-1.0	-1.0	38.0	34.0	26.0	-1.0	25.0	30.0	30.0	-1.0	36.0	-1.0	26.0	
29.0	-1.0	36.0	32.0	-1.0	-1.0	34.0	-1.0	30.0	31.0	-1.0	-1.0	31.0	29.0	30.0	30.0	-1.0	-1.0	31.0	28.0	32.0	-1.0	32.0	30.0	27.0	35.0	18.0	32.0	26.0	34.0	-1.0	-1.0	-1.0	-1.0	38.0	34.0	-1.0	30.0	25.0	30.0	30.0	35.0	36.0	-1.0	26.0	
29.0	32.0	36.0	32.0	-1.0	16.0	34.0	-1.0	-1.0	31.0	40.0	-1.0	31.0	29.0	30.0	-1.0	36.0	38.0	31.0	-1.0	-1.0	-1.0	32.0	-1.0	27.0	35.0	18.0	32.0	26.0	-1.0	-1.0	-1.0	-1.0	32.0	38.0	34.0	26.0	30.0	25.0	30.0	30.0	-1.0	-1.0	31.0	26.0	
-1.0	32.0	36.0	32.0	32.0	-1.0	34.0	-1.0	-1.0	-1.0	40.0	-1.0	31.0	29.0	30.0	30.0	36.0	-1.0	31.0	28.0	-1.0	-1.0	32.0	-1.0	27.0	-1.0	18.0	-1.0	26.0	-1.0	-1.0	29.0	34.0	-1.0	38.0	-1.0	26.0	30.0	25.0	30.0	30.0	35.0	-1.0	-1.0	26.0	
29.0	32.0	-1.0	32.0	-1.0	-1.0	-1.0	-1.0	-1.0	-1.0	40.0	-1.0	31.0	29.0	22.0	-1.0	36.0	-1.0	31.0	28.0	-1.0	14.0	-1.0	30.0	27.0	-1.0	18.0	-1.0	26.0	30.0	-1.0	-1.0	-1.0	32.0	38.0	-1.0	-1.0	30.0	25.0	30.0	30.0	-1.0	36.0	-1.0	26.0	
29.0	32.0	-1.0	32.0	-1.0	-1.0	29.0	29.0	-1.0	31.0	40.0	-1.0	-1.0	29.0	22.0	30.0	-1.0	-1.0	31.0	28.0	-1.0	-1.0	32.0	-1.0	27.0	35.0	18.0	-1.0	-1.0	30.0	-1.0	-1.0	-1.0	-1.0	38.0	32.0	26.0	30.0	25.0	30.0	30.0	30.0	-1.0	-1.0	26.0	
29.0	32.0	-1.0	32.0	-1.0	-1.0	-1.0	-1.0	-1.0	31.0	40.0	-1.0	-1.0	29.0	30.0	30.0	-1.0	38.0	31.0	-1.0	-1.0	-1.0	32.0	-1.0	27.0	35.0	18.0	-1.0	26.0	34.0	-1.0	-1.0	34.0	-1.0	-1.0	34.0	-1.0	30.0	25.0	30.0	30.0	35.0	-1.0	-1.0	26.0	

maxX :
35.0	35.0	35.0	35.0	35.0	35.0	32.0	33.0	35.0	

maxW :
40.0	38.0	40.0	38.0	40.0	40.0	40.0	40.0	40.0	

minX :
0.0	0.0	0.0	0.0	0.0	0.0	0.0	0.0	0.0	

minW :
16.0	18.0	16.0	18.0	16.0	18.0	14.0	18.0	18.0	

moyX :
17.73076923076923	17.607142857142858	19.653846153846153	18.933333333333334	20.866666666666667	19.703703703703702	18.625	17.884615384615383	18.333333333333332	

moyW :
29.53846153846154	30.607142857142858	30.115384615384617	30.7	30.566666666666666	30.62962962962963	29.25	29.653846153846153	30.75	

medX :
19.5	18.5	20.5	20.0	21.5	20.0	20.0	18.0	18.5	

medW :
30.0	30.5	30.0	30.5	31.0	30.0	30.0	30.0	30.5	

ecartTypeX :
10.526734069858268	9.857336954610748	9.872036294084213	9.976416635690837	10.30771016709768	9.980777134497334	9.809912079116714	9.410824058893866	10.208928554075703	

ecartTypeW :
4.813688568357543	3.940080544085051	5.344493377997172	3.8914436053132437	5.14900206080967	4.440121354265394	5.673402858955108	4.322946891009096	4.4464405239847	

varX :
110.8121301775148	97.16709183673468	97.45710059171597	99.52888888888887	106.24888888888887	99.6159122085048	96.234375	88.56360946745562	104.22222222222221	

varW :
23.171597633136095	15.524234693877549	28.563609467455624	15.143333333333336	26.512222222222228	19.71467764060356	32.1875	18.687869822485208	19.770833333333332	

covarX :
115.24461538461541	100.76587301587301	101.35538461538461	102.96091954022985	109.91264367816092	103.44729344729345	100.41847826086956	92.10615384615384	108.75362318840578	

covarW :
24.09846153846154	16.099206349206348	29.70615384615385	15.66551724137931	27.426436781609194	20.47293447293447	33.58695652173913	19.43538461538462	20.630434782608695	

coef_variationX :
0.5936986677143492	0.5598487519860059	0.5022953887400969	0.5269234138569104	0.4939797204679399	0.5065432004350151	0.5267066888116356	0.5261966140456785	0.5568506484041292	

coef_variationW :
0.16296341507460432	0.12873075289892816	0.17746721306248592	0.12675712069424247	0.1684515396120939	0.1449616403448194	0.19396249090444814	0.14578031020264137	0.1445996918369008	

moy_distances_centre :	30.0
min_distances_centre :	25.0
max_distances_centre :	40.0
med_distances_centre :	29.0
ecartType_distances_centre :	4.795831523312719
var_distances_centre :	23.0
covar_distances_centre :	25.09090909090909
coef_variation_distances_centre :	0.15986105077709065
capacite_X_temoin : 
44.0	42.0	43.0	40.0	
42.0	33.0	38.0	39.0	
44.0	35.0	40.0	42.0	
42.0	43.0	41.0	44.0	
36.0	36.0	40.0	38.0	
36.0	42.0	42.0	36.0	
36.0	40.0	44.0	42.0	
36.0	39.0	40.0	37.0	
40.0	44.0	37.0	37.0	

capacite_W_temoin : 
50.2	52.6	48.9	42.0	
46.6	39.9	41.4	41.7	
50.2	43.5	47.0	42.6	
46.6	52.9	46.3	45.2	
39.8	44.8	46.0	34.4	
40.8	51.6	47.6	35.8	
42.8	50.0	51.2	42.6	
40.8	48.7	45.0	37.1	
47.0	55.2	43.1	36.1	

demande_cumulee_X : 
7.0	2.0	7.0	10.0	
8.0	3.0	8.0	9.0	
7.0	2.0	5.0	12.0	
8.0	3.0	7.0	12.0	
7.0	2.0	6.0	15.0	
6.0	3.0	7.0	11.0	
4.0	2.0	6.0	12.0	
6.0	2.0	7.0	11.0	
5.0	2.0	5.0	12.0	

demande_cumulee_W : 
7.0	5.0	6.0	8.0	
9.0	7.0	4.0	8.0	
7.0	5.0	7.0	7.0	
9.0	5.0	8.0	8.0	
8.0	6.0	9.0	7.0	
8.0	4.0	6.0	9.0	
6.0	4.0	7.0	7.0	
8.0	5.0	5.0	8.0	
7.0	7.0	6.0	4.0	

capacite_residuelle_X : 
37.0	40.0	36.0	30.0	
34.0	30.0	30.0	30.0	
37.0	33.0	35.0	30.0	
34.0	40.0	34.0	32.0	
29.0	34.0	34.0	23.0	
30.0	39.0	35.0	25.0	
32.0	38.0	38.0	30.0	
30.0	37.0	33.0	26.0	
35.0	42.0	32.0	25.0	

capacite_residuelle_W : 
43.2	47.6	42.9	34.0	
37.6	32.9	37.4	33.7	
43.2	38.5	40.0	35.6	
37.6	47.9	38.3	37.2	
31.799999999999997	38.8	37.0	27.4	
32.8	47.6	41.6	26.799999999999997	
36.8	46.0	44.2	35.6	
32.8	43.7	40.0	29.1	
40.0	48.2	37.1	32.1	

min_capacite_X : 
40.0	33.0	35.0	41.0	36.0	36.0	36.0	36.0	37.0	

min_capacite_W : 
42.0	39.9	42.6	45.2	34.4	35.8	42.6	37.1	36.1	

max_capacite_X : 
44.0	42.0	44.0	44.0	40.0	42.0	44.0	40.0	44.0	

max_capacite_W : 
52.6	46.6	50.2	52.9	46.0	51.6	51.2	48.7	55.2	

moy_capacite_X : 
42.25	38.0	40.25	42.5	37.5	39.0	40.5	38.0	39.5	

moy_capacite_W : 
48.425000000000004	42.400000000000006	45.824999999999996	47.75	41.25	43.95	46.65	42.9	45.35	

med_capacite_X : 
42.5	38.5	41.0	42.5	37.0	39.0	41.0	38.0	38.5	

med_capacite_W : 
49.55	41.55	45.25	46.45	42.3	44.2	46.4	42.9	45.05	

ecartType_capacite_X : 
1.479019945774904	3.24037034920393	3.344772040064913	1.118033988749895	1.6583123951777	3.0	2.958039891549808	1.5811388300841898	2.8722813232690143	

ecartType_capacite_W : 
3.9397810852888773	2.518928343562001	3.0136149389064295	3.018691769624715	4.58775544247947	6.0866657539247235	3.973348713616766	4.361765697512879	6.8987317675062565	

var_capacite_X : 
2.1875	10.5	11.1875	1.25	2.75	9.0	8.75	2.5	8.25	

var_capacite_W : 
15.521875000000005	6.345000000000005	9.081875000000004	9.112499999999994	21.0475	37.04750000000003	15.787500000000009	19.025000000000006	47.5925	

covar_capacite_X : 
2.9166666666666665	14.0	14.916666666666666	1.6666666666666665	3.6666666666666665	12.0	11.666666666666666	3.333333333333333	11.0	

covar_capacite_W : 
20.69583333333334	8.460000000000006	12.10916666666667	12.149999999999991	28.063333333333333	49.396666666666704	21.05000000000001	25.366666666666674	63.45666666666666	

##########	##########	##########	##########	##########	##########	##########	##########	##########	##########	##########	##########	##########	##########	##########	##########	##########	##########	##########	##########	##########	##########	##########	##########	##########	##########	##########	##########	##########	##########	##########	##########	##########	##########	##########	##########	##########	##########	##########	##########	##########	##########	##########	##########	##########	nombre de noeuds : 45
nombre de strates : 9
nombre de centres : 4
titre : intelligent
instances : alea45_4_2
temps de calcul : 0.02125692367553711
valeur objective : 638.0
nombre de solutions : 2
nombre de noeuds : 0.0
faisability : True
centre : [37, 8, 39, 20]
moy_distances :	30.84
min_distances :	10.0
max_distances :	55.0
var_distances :	78.81966023875114
covar_distances :	78.85948826312644
ecartType_distances :	8.878043716875421
coef_variation	: 0.2878799672367976
distances_centre_x :
13.0	10.0	35.0	16.0	-1.0	11.0	-1.0	-1.0	0.0	-1.0	29.0	23.0	15.0	20.0	20.0	12.0	-1.0	-1.0	26.0	20.0	-1.0	-1.0	21.0	-1.0	25.0	33.0	11.0	-1.0	-1.0	17.0	-1.0	-1.0	-1.0	31.0	-1.0	-1.0	23.0	0.0	10.0	0.0	15.0	-1.0	-1.0	-1.0	13.0	
13.0	10.0	35.0	16.0	-1.0	-1.0	18.0	-1.0	0.0	26.0	-1.0	-1.0	15.0	20.0	20.0	12.0	-1.0	-1.0	26.0	20.0	-1.0	-1.0	-1.0	-1.0	25.0	33.0	11.0	24.0	-1.0	17.0	27.0	-1.0	-1.0	-1.0	31.0	18.0	23.0	0.0	10.0	0.0	15.0	13.0	-1.0	-1.0	13.0	
13.0	-1.0	35.0	16.0	-1.0	11.0	-1.0	-1.0	0.0	-1.0	29.0	23.0	15.0	20.0	20.0	-1.0	32.0	-1.0	26.0	-1.0	-1.0	-1.0	21.0	-1.0	25.0	-1.0	11.0	24.0	11.0	17.0	-1.0	-1.0	-1.0	-1.0	31.0	18.0	23.0	-1.0	10.0	0.0	15.0	-1.0	28.0	-1.0	13.0	
13.0	-1.0	35.0	16.0	-1.0	-1.0	18.0	-1.0	0.0	26.0	-1.0	-1.0	15.0	20.0	20.0	12.0	-1.0	-1.0	26.0	20.0	0.0	-1.0	21.0	27.0	25.0	33.0	11.0	24.0	11.0	17.0	-1.0	-1.0	-1.0	-1.0	31.0	18.0	-1.0	0.0	10.0	0.0	15.0	13.0	28.0	-1.0	13.0	
13.0	10.0	35.0	16.0	-1.0	11.0	18.0	-1.0	-1.0	26.0	29.0	-1.0	15.0	20.0	20.0	-1.0	32.0	35.0	26.0	-1.0	-1.0	-1.0	21.0	-1.0	25.0	33.0	11.0	24.0	11.0	-1.0	-1.0	-1.0	-1.0	31.0	31.0	18.0	23.0	0.0	10.0	0.0	15.0	-1.0	-1.0	29.0	13.0	
-1.0	10.0	35.0	16.0	28.0	-1.0	18.0	-1.0	-1.0	-1.0	29.0	-1.0	15.0	20.0	20.0	12.0	32.0	-1.0	26.0	20.0	-1.0	-1.0	21.0	-1.0	25.0	-1.0	11.0	-1.0	11.0	-1.0	-1.0	24.0	27.0	-1.0	31.0	-1.0	23.0	0.0	10.0	0.0	15.0	13.0	-1.0	-1.0	13.0	
13.0	10.0	-1.0	16.0	-1.0	-1.0	-1.0	-1.0	-1.0	-1.0	29.0	-1.0	15.0	20.0	20.0	-1.0	32.0	-1.0	26.0	20.0	-1.0	16.0	-1.0	27.0	25.0	-1.0	11.0	-1.0	11.0	17.0	-1.0	-1.0	-1.0	31.0	31.0	-1.0	-1.0	0.0	10.0	0.0	15.0	-1.0	28.0	-1.0	13.0	
13.0	10.0	-1.0	16.0	-1.0	-1.0	18.0	18.0	-1.0	26.0	29.0	-1.0	-1.0	20.0	20.0	12.0	-1.0	-1.0	26.0	20.0	-1.0	-1.0	21.0	-1.0	25.0	33.0	11.0	-1.0	-1.0	17.0	-1.0	-1.0	-1.0	-1.0	31.0	18.0	23.0	0.0	10.0	0.0	15.0	13.0	-1.0	-1.0	13.0	
13.0	10.0	-1.0	16.0	-1.0	-1.0	-1.0	-1.0	-1.0	26.0	29.0	-1.0	-1.0	20.0	20.0	12.0	-1.0	35.0	26.0	-1.0	-1.0	-1.0	21.0	-1.0	25.0	33.0	11.0	-1.0	11.0	17.0	-1.0	-1.0	27.0	-1.0	-1.0	18.0	-1.0	0.0	10.0	0.0	15.0	13.0	-1.0	-1.0	13.0	

distances_centre_w :
29.0	36.0	36.0	30.0	-1.0	28.0	-1.0	-1.0	30.0	-1.0	33.0	29.0	31.0	29.0	30.0	24.0	-1.0	-1.0	32.0	27.0	-1.0	-1.0	32.0	-1.0	27.0	35.0	25.0	-1.0	-1.0	25.0	-1.0	-1.0	-1.0	32.0	-1.0	-1.0	26.0	32.0	25.0	26.0	30.0	-1.0	-1.0	-1.0	26.0	
29.0	36.0	36.0	30.0	-1.0	-1.0	33.0	-1.0	30.0	27.0	-1.0	-1.0	31.0	29.0	30.0	24.0	-1.0	-1.0	32.0	27.0	-1.0	-1.0	-1.0	-1.0	27.0	35.0	25.0	31.0	-1.0	25.0	34.0	-1.0	-1.0	-1.0	32.0	32.0	26.0	32.0	25.0	26.0	30.0	35.0	-1.0	-1.0	26.0	
29.0	-1.0	36.0	30.0	-1.0	28.0	-1.0	-1.0	30.0	-1.0	33.0	29.0	31.0	29.0	30.0	-1.0	36.0	-1.0	32.0	-1.0	-1.0	-1.0	32.0	-1.0	27.0	-1.0	25.0	31.0	26.0	25.0	-1.0	-1.0	-1.0	-1.0	32.0	32.0	26.0	-1.0	25.0	26.0	30.0	-1.0	28.0	-1.0	26.0	
29.0	-1.0	36.0	30.0	-1.0	-1.0	33.0	-1.0	30.0	27.0	-1.0	-1.0	31.0	29.0	30.0	24.0	-1.0	-1.0	32.0	27.0	34.0	-1.0	32.0	30.0	27.0	35.0	25.0	31.0	26.0	25.0	-1.0	-1.0	-1.0	-1.0	32.0	32.0	-1.0	32.0	25.0	26.0	30.0	35.0	28.0	-1.0	26.0	
29.0	36.0	36.0	30.0	-1.0	28.0	33.0	-1.0	-1.0	27.0	33.0	-1.0	31.0	29.0	30.0	-1.0	36.0	38.0	32.0	-1.0	-1.0	-1.0	32.0	-1.0	27.0	35.0	25.0	31.0	26.0	-1.0	-1.0	-1.0	-1.0	32.0	32.0	32.0	26.0	32.0	25.0	26.0	30.0	-1.0	-1.0	31.0	26.0	
-1.0	36.0	36.0	30.0	32.0	-1.0	33.0	-1.0	-1.0	-1.0	33.0	-1.0	31.0	29.0	30.0	24.0	36.0	-1.0	32.0	27.0	-1.0	-1.0	32.0	-1.0	27.0	-1.0	25.0	-1.0	26.0	-1.0	-1.0	29.0	27.0	-1.0	32.0	-1.0	26.0	32.0	25.0	26.0	30.0	35.0	-1.0	-1.0	26.0	
29.0	36.0	-1.0	30.0	-1.0	-1.0	-1.0	-1.0	-1.0	-1.0	33.0	-1.0	31.0	29.0	30.0	-1.0	36.0	-1.0	32.0	27.0	-1.0	32.0	-1.0	30.0	27.0	-1.0	25.0	-1.0	26.0	25.0	-1.0	-1.0	-1.0	32.0	32.0	-1.0	-1.0	32.0	25.0	26.0	30.0	-1.0	28.0	-1.0	26.0	
29.0	36.0	-1.0	30.0	-1.0	-1.0	33.0	27.0	-1.0	27.0	33.0	-1.0	-1.0	29.0	30.0	24.0	-1.0	-1.0	32.0	27.0	-1.0	-1.0	32.0	-1.0	27.0	35.0	25.0	-1.0	-1.0	25.0	-1.0	-1.0	-1.0	-1.0	32.0	32.0	26.0	32.0	25.0	26.0	30.0	30.0	-1.0	-1.0	26.0	
29.0	36.0	-1.0	30.0	-1.0	-1.0	-1.0	-1.0	-1.0	27.0	33.0	-1.0	-1.0	29.0	30.0	24.0	-1.0	38.0	32.0	-1.0	-1.0	-1.0	32.0	-1.0	27.0	35.0	25.0	-1.0	26.0	25.0	-1.0	-1.0	27.0	-1.0	-1.0	32.0	-1.0	32.0	25.0	26.0	30.0	35.0	-1.0	-1.0	26.0	

maxX :
35.0	35.0	35.0	35.0	35.0	35.0	32.0	33.0	35.0	

maxW :
36.0	36.0	36.0	36.0	38.0	36.0	36.0	36.0	38.0	

minX :
0.0	0.0	0.0	0.0	0.0	0.0	0.0	0.0	0.0	

minW :
24.0	24.0	25.0	24.0	25.0	24.0	25.0	24.0	24.0	

moyX :
17.26923076923077	17.535714285714285	18.73076923076923	17.266666666666666	20.033333333333335	18.703703703703702	18.166666666666668	17.615384615384617	17.541666666666668	

moyW :
29.423076923076923	29.821428571428573	29.384615384615383	29.633333333333333	30.533333333333335	29.88888888888889	29.541666666666668	29.23076923076923	29.625	

medX :
16.5	17.5	19.0	17.5	20.0	20.0	16.5	18.0	16.5	

medW :
29.5	30.0	29.5	30.0	31.0	30.0	30.0	29.5	29.5	

ecartTypeX :
9.366707377760433	9.04544930123565	8.790544274335534	9.440809758113383	9.495554515432765	8.860293510792612	8.924062353485038	8.048300934296263	8.906828684903635	

ecartTypeW :
3.3874551024339667	3.5461606142475857	3.0893977889266466	3.2709156040608707	3.5188381921057728	3.6038388311615233	3.1882488227168775	3.2852548467788654	3.8709656418005056	

varX :
87.73520710059172	81.82015306122449	77.27366863905326	89.1288888888889	90.16555555555557	78.50480109739368	79.6388888888889	64.77514792899409	79.33159722222223	

varW :
11.474852071005916	12.575255102040815	9.544378698224854	10.69888888888889	12.382222222222223	12.987654320987653	10.164930555555555	10.792899408284025	14.984375	

covarX :
91.24461538461539	84.8505291005291	80.36461538461538	92.20229885057472	93.27471264367819	81.52421652421651	83.1014492753623	67.36615384615384	82.78079710144927	

covarW :
11.933846153846153	13.04100529100529	9.926153846153843	11.067816091954025	12.809195402298851	13.487179487179487	10.606884057971014	11.224615384615388	15.63586956521739	

coef_variationX :
0.542392854836907	0.5158301027181226	0.469310371935778	0.5467650439061805	0.4739877461946471	0.4737186629532684	0.4912327901000938	0.4568904460517529	0.5077527041275232	

coef_variationW :
0.11512919302389953	0.11891317029812262	0.10513657396870787	0.11037960418653107	0.11524579231787464	0.12057453338458628	0.1079237965376658	0.11239029738980329	0.13066550689621959	

moy_distances_centre :	30.0
min_distances_centre :	26.0
max_distances_centre :	34.0
med_distances_centre :	30.0
ecartType_distances_centre :	2.581988897471611
var_distances_centre :	6.666666666666667
covar_distances_centre :	7.272727272727273
coef_variation_distances_centre :	0.08606629658238704
capacite_X_temoin : 
44.0	38.0	43.0	40.0	
42.0	42.0	38.0	39.0	
44.0	37.0	40.0	42.0	
42.0	43.0	41.0	44.0	
36.0	36.0	40.0	38.0	
36.0	40.0	42.0	36.0	
36.0	35.0	44.0	42.0	
36.0	38.0	40.0	37.0	
40.0	42.0	37.0	37.0	

capacite_W_temoin : 
50.2	44.4	49.9	44.0	
46.6	49.6	42.4	42.7	
50.2	40.1	49.0	46.6	
46.6	47.9	47.3	49.2	
39.8	38.8	47.0	39.4	
41.8	44.0	48.6	38.8	
41.8	38.5	53.2	46.6	
40.8	44.4	45.0	40.1	
48.0	49.6	43.1	38.1	

demande_cumulee_X : 
7.0	5.0	6.0	8.0	
8.0	5.0	7.0	8.0	
7.0	8.0	3.0	8.0	
8.0	8.0	6.0	8.0	
7.0	8.0	5.0	10.0	
5.0	8.0	6.0	8.0	
5.0	7.0	4.0	8.0	
6.0	5.0	7.0	8.0	
4.0	5.0	5.0	10.0	

demande_cumulee_W : 
3.0	7.0	8.0	8.0	
3.0	8.0	6.0	11.0	
3.0	4.0	10.0	9.0	
4.0	8.0	7.0	11.0	
3.0	9.0	10.0	8.0	
3.0	7.0	6.0	11.0	
3.0	8.0	7.0	6.0	
4.0	9.0	4.0	9.0	
3.0	6.0	8.0	7.0	

capacite_residuelle_X : 
37.0	33.0	37.0	32.0	
34.0	37.0	31.0	31.0	
37.0	29.0	37.0	34.0	
34.0	35.0	35.0	36.0	
29.0	28.0	35.0	28.0	
31.0	32.0	36.0	28.0	
31.0	28.0	40.0	34.0	
30.0	33.0	33.0	29.0	
36.0	37.0	32.0	27.0	

capacite_residuelle_W : 
47.2	37.4	41.9	36.0	
43.6	41.6	36.4	31.700000000000003	
47.2	36.1	39.0	37.6	
42.6	39.9	40.3	38.2	
36.8	29.799999999999997	37.0	31.4	
38.8	37.0	42.6	27.799999999999997	
38.8	30.5	46.2	40.6	
36.8	35.4	41.0	31.1	
45.0	43.6	35.1	31.1	

min_capacite_X : 
38.0	38.0	37.0	41.0	36.0	36.0	35.0	36.0	37.0	

min_capacite_W : 
44.0	42.4	40.1	46.6	38.8	38.8	38.5	40.1	38.1	

max_capacite_X : 
44.0	42.0	44.0	44.0	40.0	42.0	44.0	40.0	42.0	

max_capacite_W : 
50.2	49.6	50.2	49.2	47.0	48.6	53.2	45.0	49.6	

moy_capacite_X : 
41.25	40.25	40.75	42.5	37.5	38.5	39.25	37.75	39.0	

moy_capacite_W : 
47.125	45.325	46.475	47.75	41.25	43.3	45.025	42.574999999999996	44.699999999999996	

med_capacite_X : 
41.5	40.5	41.0	42.5	37.0	38.0	39.0	37.5	38.5	

med_capacite_W : 
47.15	44.650000000000006	47.8	47.599999999999994	39.599999999999994	42.9	44.2	42.599999999999994	45.55	

ecartType_capacite_X : 
2.384848003542364	1.7853571071357126	2.5860201081971503	1.118033988749895	1.6583123951777	2.598076211353316	3.832427429188973	1.479019945774904	2.1213203435596424	

ecartType_capacite_W : 
2.930337011335045	2.9726881773909626	3.9021628617985695	0.9552486587271408	3.338787204959311	3.573513677041129	5.529183936169968	2.149854646249369	4.500555521266235	

var_capacite_X : 
5.6875	3.1875	6.6875	1.25	2.75	6.75	14.6875	2.1875	4.5	

var_capacite_W : 
8.586875000000004	8.836875000000003	15.226875000000001	0.9125000000000016	11.147500000000006	12.770000000000012	30.571875000000016	4.621874999999999	20.254999999999995	

covar_capacite_X : 
7.583333333333333	4.25	8.916666666666666	1.6666666666666665	3.6666666666666665	9.0	19.583333333333332	2.9166666666666665	6.0	

covar_capacite_W : 
11.449166666666672	11.782500000000002	20.302500000000002	1.2166666666666688	14.86333333333334	17.02666666666668	40.76250000000002	6.162499999999999	27.00666666666666	

##########	##########	##########	##########	##########	##########	##########	##########	##########	##########	##########	##########	##########	##########	##########	##########	##########	##########	##########	##########	##########	##########	##########	##########	##########	##########	##########	##########	##########	##########	##########	##########	##########	##########	##########	##########	##########	##########	##########	##########	##########	##########	##########	##########	##########	nombre de noeuds : 45
nombre de strates : 9
nombre de centres : 4
titre : intelligent
instances : alea45_4_2
temps de calcul : 0.022341012954711914
valeur objective : 611.0
nombre de solutions : 2
nombre de noeuds : 0.0
faisability : True
centre : [37, 39, 20, 2]
moy_distances :	30.84
min_distances :	10.0
max_distances :	55.0
var_distances :	78.81966023875114
covar_distances :	78.85948826312644
ecartType_distances :	8.878043716875421
coef_variation	: 0.2878799672367976
distances_centre_x :
22.0	10.0	0.0	16.0	-1.0	11.0	-1.0	-1.0	30.0	-1.0	29.0	26.0	15.0	20.0	20.0	12.0	-1.0	-1.0	26.0	25.0	-1.0	-1.0	21.0	-1.0	25.0	28.0	11.0	-1.0	-1.0	17.0	-1.0	-1.0	-1.0	31.0	-1.0	-1.0	21.0	0.0	10.0	0.0	20.0	-1.0	-1.0	-1.0	13.0	
22.0	10.0	0.0	16.0	-1.0	-1.0	29.0	-1.0	30.0	26.0	-1.0	-1.0	15.0	20.0	20.0	12.0	-1.0	-1.0	26.0	25.0	-1.0	-1.0	-1.0	-1.0	25.0	28.0	11.0	24.0	-1.0	17.0	27.0	-1.0	-1.0	-1.0	31.0	32.0	21.0	0.0	10.0	0.0	20.0	13.0	-1.0	-1.0	13.0	
22.0	-1.0	0.0	16.0	-1.0	11.0	-1.0	-1.0	30.0	-1.0	29.0	26.0	15.0	20.0	20.0	-1.0	27.0	-1.0	26.0	-1.0	-1.0	-1.0	21.0	-1.0	25.0	-1.0	11.0	24.0	11.0	17.0	-1.0	-1.0	-1.0	-1.0	31.0	32.0	21.0	-1.0	10.0	0.0	20.0	-1.0	18.0	-1.0	13.0	
22.0	-1.0	0.0	16.0	-1.0	-1.0	29.0	-1.0	30.0	26.0	-1.0	-1.0	15.0	20.0	20.0	12.0	-1.0	-1.0	26.0	25.0	0.0	-1.0	21.0	27.0	25.0	28.0	11.0	24.0	11.0	17.0	-1.0	-1.0	-1.0	-1.0	31.0	32.0	-1.0	0.0	10.0	0.0	20.0	13.0	18.0	-1.0	13.0	
22.0	10.0	0.0	16.0	-1.0	11.0	29.0	-1.0	-1.0	26.0	29.0	-1.0	15.0	20.0	20.0	-1.0	27.0	34.0	26.0	-1.0	-1.0	-1.0	21.0	-1.0	25.0	28.0	11.0	24.0	11.0	-1.0	-1.0	-1.0	-1.0	31.0	31.0	32.0	21.0	0.0	10.0	0.0	20.0	-1.0	-1.0	29.0	13.0	
-1.0	10.0	0.0	16.0	12.0	-1.0	29.0	-1.0	-1.0	-1.0	29.0	-1.0	15.0	20.0	20.0	12.0	27.0	-1.0	26.0	25.0	-1.0	-1.0	21.0	-1.0	25.0	-1.0	11.0	-1.0	11.0	-1.0	-1.0	24.0	27.0	-1.0	31.0	-1.0	21.0	0.0	10.0	0.0	20.0	13.0	-1.0	-1.0	13.0	
22.0	10.0	-1.0	16.0	-1.0	-1.0	-1.0	-1.0	-1.0	-1.0	29.0	-1.0	15.0	20.0	20.0	-1.0	27.0	-1.0	26.0	25.0	-1.0	14.0	-1.0	27.0	25.0	-1.0	11.0	-1.0	11.0	17.0	-1.0	-1.0	-1.0	31.0	31.0	-1.0	-1.0	0.0	10.0	0.0	20.0	-1.0	18.0	-1.0	13.0	
22.0	10.0	-1.0	16.0	-1.0	-1.0	29.0	18.0	-1.0	26.0	29.0	-1.0	-1.0	20.0	20.0	12.0	-1.0	-1.0	26.0	25.0	-1.0	-1.0	21.0	-1.0	25.0	28.0	11.0	-1.0	-1.0	17.0	-1.0	-1.0	-1.0	-1.0	31.0	32.0	21.0	0.0	10.0	0.0	20.0	13.0	-1.0	-1.0	13.0	
22.0	10.0	-1.0	16.0	-1.0	-1.0	-1.0	-1.0	-1.0	26.0	29.0	-1.0	-1.0	20.0	20.0	12.0	-1.0	34.0	26.0	-1.0	-1.0	-1.0	21.0	-1.0	25.0	28.0	11.0	-1.0	11.0	17.0	-1.0	-1.0	27.0	-1.0	-1.0	32.0	-1.0	0.0	10.0	0.0	20.0	13.0	-1.0	-1.0	13.0	

distances_centre_w :
29.0	32.0	36.0	29.0	-1.0	28.0	-1.0	-1.0	30.0	-1.0	33.0	29.0	31.0	22.0	30.0	24.0	-1.0	-1.0	31.0	28.0	-1.0	-1.0	29.0	-1.0	27.0	35.0	25.0	-1.0	-1.0	30.0	-1.0	-1.0	-1.0	32.0	-1.0	-1.0	26.0	28.0	26.0	26.0	30.0	-1.0	-1.0	-1.0	26.0	
29.0	32.0	36.0	29.0	-1.0	-1.0	33.0	-1.0	30.0	27.0	-1.0	-1.0	31.0	22.0	30.0	24.0	-1.0	-1.0	32.0	28.0	-1.0	-1.0	-1.0	-1.0	27.0	35.0	25.0	28.0	-1.0	30.0	34.0	-1.0	-1.0	-1.0	32.0	34.0	26.0	28.0	26.0	26.0	30.0	24.0	-1.0	-1.0	26.0	
29.0	-1.0	36.0	29.0	-1.0	28.0	-1.0	-1.0	30.0	-1.0	33.0	29.0	31.0	22.0	30.0	-1.0	36.0	-1.0	32.0	-1.0	-1.0	-1.0	29.0	-1.0	27.0	-1.0	25.0	28.0	26.0	30.0	-1.0	-1.0	-1.0	-1.0	32.0	34.0	26.0	-1.0	26.0	26.0	30.0	-1.0	28.0	-1.0	26.0	
29.0	-1.0	36.0	29.0	-1.0	-1.0	33.0	-1.0	30.0	27.0	-1.0	-1.0	31.0	22.0	30.0	24.0	-1.0	-1.0	32.0	28.0	32.0	-1.0	29.0	30.0	27.0	35.0	25.0	28.0	26.0	30.0	-1.0	-1.0	-1.0	-1.0	32.0	34.0	-1.0	28.0	26.0	26.0	30.0	24.0	28.0	-1.0	26.0	
29.0	32.0	36.0	29.0	-1.0	28.0	34.0	-1.0	-1.0	27.0	33.0	-1.0	31.0	22.0	30.0	-1.0	36.0	35.0	32.0	-1.0	-1.0	-1.0	29.0	-1.0	27.0	35.0	25.0	28.0	26.0	-1.0	-1.0	-1.0	-1.0	32.0	32.0	34.0	26.0	28.0	26.0	26.0	30.0	-1.0	-1.0	31.0	26.0	
-1.0	32.0	36.0	29.0	28.0	-1.0	33.0	-1.0	-1.0	-1.0	33.0	-1.0	31.0	22.0	30.0	24.0	36.0	-1.0	31.0	28.0	-1.0	-1.0	29.0	-1.0	27.0	-1.0	25.0	-1.0	26.0	-1.0	-1.0	29.0	27.0	-1.0	32.0	-1.0	26.0	28.0	26.0	26.0	30.0	24.0	-1.0	-1.0	26.0	
29.0	32.0	-1.0	29.0	-1.0	-1.0	-1.0	-1.0	-1.0	-1.0	33.0	-1.0	31.0	22.0	30.0	-1.0	36.0	-1.0	31.0	28.0	-1.0	14.0	-1.0	30.0	27.0	-1.0	25.0	-1.0	26.0	30.0	-1.0	-1.0	-1.0	32.0	32.0	-1.0	-1.0	28.0	26.0	26.0	30.0	-1.0	28.0	-1.0	26.0	
29.0	32.0	-1.0	29.0	-1.0	-1.0	33.0	18.0	-1.0	27.0	33.0	-1.0	-1.0	22.0	30.0	24.0	-1.0	-1.0	32.0	28.0	-1.0	-1.0	29.0	-1.0	27.0	35.0	25.0	-1.0	-1.0	30.0	-1.0	-1.0	-1.0	-1.0	32.0	34.0	26.0	28.0	26.0	26.0	30.0	24.0	-1.0	-1.0	26.0	
29.0	32.0	-1.0	29.0	-1.0	-1.0	-1.0	-1.0	-1.0	27.0	33.0	-1.0	-1.0	22.0	30.0	24.0	-1.0	35.0	32.0	-1.0	-1.0	-1.0	29.0	-1.0	27.0	35.0	25.0	-1.0	26.0	30.0	-1.0	-1.0	27.0	-1.0	-1.0	34.0	-1.0	32.0	34.0	26.0	30.0	24.0	-1.0	-1.0	26.0	

maxX :
31.0	32.0	32.0	32.0	34.0	31.0	31.0	32.0	34.0	

maxW :
36.0	36.0	36.0	36.0	36.0	36.0	36.0	35.0	35.0	

minX :
0.0	0.0	0.0	0.0	0.0	0.0	0.0	0.0	0.0	

minW :
22.0	22.0	22.0	22.0	22.0	22.0	14.0	18.0	22.0	

moyX :
17.653846153846153	18.678571428571427	19.076923076923077	18.066666666666666	19.733333333333334	17.333333333333332	18.25	19.03846153846154	18.458333333333332	

moyW :
28.923076923076923	29.071428571428573	29.153846153846153	28.9	29.833333333333332	28.666666666666668	28.375	28.26923076923077	29.083333333333332	

medX :
20.0	20.0	20.0	20.0	21.0	20.0	19.0	20.0	20.0	

medW :
29.0	29.0	29.0	29.0	29.5	28.0	29.0	28.5	29.0	

ecartTypeX :
8.935419183022773	9.153662699505949	8.407519879996977	9.430211497569335	9.639963116573055	8.865246335697199	8.511022265274601	8.473854672919018	8.9627895893088	

ecartTypeW :
3.185581421669024	3.524694226135808	3.2897545815912457	3.2898834832457715	3.5691580083948216	3.4747768380248645	4.221102739016587	3.8785176818320712	3.661928757119972	

varX :
79.84171597633137	83.78954081632654	70.68639053254438	88.92888888888888	92.92888888888888	78.59259259259261	72.4375	71.80621301775147	80.33159722222221	

varW :
10.147928994082841	12.423469387755102	10.822485207100593	10.82333333333333	12.738888888888889	12.074074074074074	17.817708333333332	15.042899408284025	13.409722222222223	

covarX :
83.03538461538463	86.89285714285715	73.51384615384616	91.99540229885056	96.13333333333333	81.61538461538464	75.58695652173913	74.67846153846155	83.82427536231884	

covarW :
10.553846153846152	12.883597883597885	11.255384615384612	11.196551724137926	13.178160919540232	12.538461538461542	18.592391304347824	15.644615384615381	13.992753623188406	

coef_variationX :
0.5061457489293946	0.4900622477746971	0.44071676790306735	0.5219674260647233	0.4885116444209318	0.5114565193671461	0.4663573843986083	0.4450913565573625	0.4855687362153752	

coef_variationW :
0.1101397831960035	0.12124255323317275	0.11284118617595303	0.1138367987282274	0.11963658128697727	0.12121314551249526	0.14876133000939512	0.13719926493555626	0.12591159050269246	

moy_distances_centre :	33.166666666666664
min_distances_centre :	26.0
max_distances_centre :	40.0
med_distances_centre :	34.0
ecartType_distances_centre :	4.9805175991613115
var_distances_centre :	24.805555555555557
covar_distances_centre :	27.060606060606062
coef_variation_distances_centre :	0.1501663597737079
capacite_X_temoin : 
34.0	38.0	43.0	40.0	
38.0	42.0	38.0	39.0	
40.0	37.0	40.0	42.0	
38.0	43.0	41.0	44.0	
38.0	36.0	40.0	38.0	
36.0	40.0	42.0	36.0	
44.0	35.0	44.0	42.0	
39.0	38.0	40.0	37.0	
43.0	42.0	37.0	37.0	

capacite_W_temoin : 
40.2	43.4	48.9	43.0	
45.4	49.6	39.4	41.7	
47.0	40.1	49.0	44.6	
45.4	47.9	45.3	47.2	
43.4	38.8	46.0	39.4	
42.8	44.0	45.6	40.8	
54.2	39.5	50.2	46.6	
47.7	44.4	43.0	39.1	
52.9	49.6	42.1	38.1	

demande_cumulee_X : 
4.0	6.0	7.0	9.0	
4.0	5.0	10.0	9.0	
5.0	8.0	3.0	10.0	
4.0	8.0	8.0	10.0	
6.0	8.0	6.0	10.0	
4.0	8.0	9.0	6.0	
3.0	6.0	7.0	8.0	
3.0	5.0	9.0	9.0	
3.0	5.0	6.0	10.0	

demande_cumulee_W : 
4.0	5.0	5.0	12.0	
5.0	7.0	5.0	11.0	
4.0	6.0	9.0	7.0	
2.0	8.0	12.0	8.0	
6.0	7.0	8.0	9.0	
2.0	7.0	5.0	13.0	
4.0	6.0	4.0	10.0	
6.0	7.0	4.0	9.0	
5.0	6.0	7.0	6.0	

capacite_residuelle_X : 
30.0	32.0	36.0	31.0	
34.0	37.0	28.0	30.0	
35.0	29.0	37.0	32.0	
34.0	35.0	33.0	34.0	
32.0	28.0	34.0	28.0	
32.0	32.0	33.0	30.0	
41.0	29.0	37.0	34.0	
36.0	33.0	31.0	28.0	
40.0	37.0	31.0	27.0	

capacite_residuelle_W : 
36.2	38.4	43.9	31.0	
40.4	42.6	34.4	30.700000000000003	
43.0	34.1	40.0	37.6	
43.4	39.9	33.3	39.2	
37.4	31.799999999999997	38.0	30.4	
40.8	37.0	40.6	27.799999999999997	
50.2	33.5	46.2	36.6	
41.7	37.4	39.0	30.1	
47.9	43.6	35.1	32.1	

min_capacite_X : 
34.0	38.0	37.0	38.0	36.0	36.0	35.0	37.0	37.0	

min_capacite_W : 
40.2	39.4	40.1	45.3	38.8	40.8	39.5	39.1	38.1	

max_capacite_X : 
43.0	42.0	42.0	44.0	40.0	42.0	44.0	40.0	43.0	

max_capacite_W : 
48.9	49.6	49.0	47.9	46.0	45.6	54.2	47.7	52.9	

moy_capacite_X : 
38.75	39.25	39.75	41.5	38.0	38.5	41.25	38.5	39.75	

moy_capacite_W : 
43.875	44.025000000000006	45.175	46.45	41.9	43.3	47.625	43.55	45.675	

med_capacite_X : 
39.0	38.5	40.0	42.0	38.0	38.0	43.0	38.5	39.5	

med_capacite_W : 
43.2	43.55	45.8	46.3	41.4	43.4	48.400000000000006	43.7	45.85	

ecartType_capacite_X : 
3.2691742076555053	1.6393596310755	1.7853571071357126	2.29128784747792	1.4142135623730951	2.598076211353316	3.6996621467371855	1.118033988749895	2.7726341266023544	

ecartType_capacite_W : 
3.152280920222687	3.8654721574472637	3.3184145310675093	1.1280514172678489	2.9546573405388323	1.7521415467935249	5.406650996689171	3.0842341026582276	5.86872004784689	

var_capacite_X : 
10.6875	2.6875	3.1875	5.25	2.0	6.75	13.6875	1.25	7.6875	

var_capacite_W : 
9.936874999999992	14.941875000000003	11.011874999999996	1.2725000000000024	8.730000000000006	3.0700000000000056	29.23187500000001	9.512500000000003	34.441874999999996	

covar_capacite_X : 
14.25	3.583333333333333	4.25	7.0	2.6666666666666665	9.0	18.25	1.6666666666666665	10.25	

covar_capacite_W : 
13.249166666666655	19.922500000000003	14.682499999999994	1.6966666666666699	11.640000000000008	4.093333333333341	38.97583333333334	12.683333333333337	45.92249999999999	

##########	##########	##########	##########	##########	##########	##########	##########	##########	##########	##########	##########	##########	##########	##########	##########	##########	##########	##########	##########	##########	##########	##########	##########	##########	##########	##########	##########	##########	##########	##########	##########	##########	##########	##########	##########	##########	##########	##########	##########	##########	##########	##########	##########	##########	nombre de noeuds : 45
nombre de strates : 9
nombre de centres : 4
titre : intelligent
instances : alea45_4_2
temps de calcul : 0.020378828048706055
valeur objective : 653.0
nombre de solutions : 2
nombre de noeuds : 0.0
faisability : True
centre : [37, 39, 20, 18]
moy_distances :	30.84
min_distances :	10.0
max_distances :	55.0
var_distances :	78.81966023875114
covar_distances :	78.85948826312644
ecartType_distances :	8.878043716875421
coef_variation	: 0.2878799672367976
distances_centre_x :
29.0	10.0	36.0	16.0	-1.0	11.0	-1.0	-1.0	30.0	-1.0	29.0	23.0	11.0	11.0	20.0	12.0	-1.0	-1.0	0.0	25.0	-1.0	-1.0	21.0	-1.0	25.0	35.0	11.0	-1.0	-1.0	17.0	-1.0	-1.0	-1.0	23.0	-1.0	-1.0	23.0	0.0	10.0	0.0	20.0	-1.0	-1.0	-1.0	13.0	
29.0	10.0	36.0	16.0	-1.0	-1.0	29.0	-1.0	30.0	26.0	-1.0	-1.0	11.0	11.0	20.0	12.0	-1.0	-1.0	0.0	25.0	-1.0	-1.0	-1.0	-1.0	25.0	35.0	11.0	24.0	-1.0	17.0	27.0	-1.0	-1.0	-1.0	27.0	32.0	23.0	0.0	10.0	0.0	20.0	13.0	-1.0	-1.0	13.0	
29.0	-1.0	36.0	16.0	-1.0	11.0	-1.0	-1.0	30.0	-1.0	29.0	23.0	11.0	11.0	20.0	-1.0	28.0	-1.0	0.0	-1.0	-1.0	-1.0	21.0	-1.0	25.0	-1.0	11.0	24.0	11.0	17.0	-1.0	-1.0	-1.0	-1.0	27.0	32.0	23.0	-1.0	10.0	0.0	20.0	-1.0	28.0	-1.0	13.0	
29.0	-1.0	36.0	16.0	-1.0	-1.0	29.0	-1.0	30.0	26.0	-1.0	-1.0	11.0	11.0	20.0	12.0	-1.0	-1.0	0.0	25.0	0.0	-1.0	21.0	27.0	25.0	35.0	11.0	24.0	11.0	17.0	-1.0	-1.0	-1.0	-1.0	27.0	32.0	-1.0	0.0	10.0	0.0	20.0	13.0	28.0	-1.0	13.0	
29.0	10.0	36.0	16.0	-1.0	11.0	29.0	-1.0	-1.0	26.0	29.0	-1.0	11.0	11.0	20.0	-1.0	28.0	35.0	0.0	-1.0	-1.0	-1.0	21.0	-1.0	25.0	35.0	11.0	24.0	11.0	-1.0	-1.0	-1.0	-1.0	23.0	27.0	32.0	23.0	0.0	10.0	0.0	20.0	-1.0	-1.0	25.0	13.0	
-1.0	10.0	36.0	16.0	28.0	-1.0	29.0	-1.0	-1.0	-1.0	29.0	-1.0	11.0	11.0	20.0	12.0	28.0	-1.0	0.0	25.0	-1.0	-1.0	21.0	-1.0	25.0	-1.0	11.0	-1.0	11.0	-1.0	-1.0	22.0	26.0	-1.0	27.0	-1.0	23.0	0.0	10.0	0.0	20.0	13.0	-1.0	-1.0	13.0	
29.0	10.0	-1.0	16.0	-1.0	-1.0	-1.0	-1.0	-1.0	-1.0	29.0	-1.0	11.0	11.0	20.0	-1.0	28.0	-1.0	0.0	25.0	-1.0	14.0	-1.0	27.0	25.0	-1.0	11.0	-1.0	11.0	17.0	-1.0	-1.0	-1.0	23.0	27.0	-1.0	-1.0	0.0	10.0	0.0	20.0	-1.0	28.0	-1.0	13.0	
29.0	10.0	-1.0	16.0	-1.0	-1.0	29.0	18.0	-1.0	26.0	29.0	-1.0	-1.0	11.0	20.0	12.0	-1.0	-1.0	0.0	25.0	-1.0	-1.0	21.0	-1.0	25.0	35.0	11.0	-1.0	-1.0	17.0	-1.0	-1.0	-1.0	-1.0	27.0	32.0	23.0	0.0	10.0	0.0	20.0	13.0	-1.0	-1.0	13.0	
29.0	10.0	-1.0	16.0	-1.0	-1.0	-1.0	-1.0	-1.0	26.0	29.0	-1.0	-1.0	11.0	20.0	12.0	-1.0	35.0	0.0	-1.0	-1.0	-1.0	21.0	-1.0	25.0	35.0	11.0	-1.0	11.0	17.0	-1.0	-1.0	26.0	-1.0	-1.0	32.0	-1.0	0.0	10.0	0.0	20.0	13.0	-1.0	-1.0	13.0	

distances_centre_w :
34.0	25.0	37.0	30.0	-1.0	29.0	-1.0	-1.0	30.0	-1.0	30.0	29.0	21.0	22.0	30.0	24.0	-1.0	-1.0	32.0	35.0	-1.0	-1.0	25.0	-1.0	27.0	35.0	34.0	-1.0	-1.0	18.0	-1.0	-1.0	-1.0	32.0	-1.0	-1.0	26.0	32.0	22.0	26.0	36.0	-1.0	-1.0	-1.0	19.0	
34.0	25.0	37.0	30.0	-1.0	-1.0	34.0	-1.0	30.0	27.0	-1.0	-1.0	21.0	22.0	30.0	24.0	-1.0	-1.0	32.0	35.0	-1.0	-1.0	-1.0	-1.0	27.0	35.0	34.0	28.0	-1.0	18.0	34.0	-1.0	-1.0	-1.0	32.0	38.0	26.0	32.0	22.0	26.0	36.0	23.0	-1.0	-1.0	19.0	
34.0	-1.0	37.0	30.0	-1.0	29.0	-1.0	-1.0	30.0	-1.0	30.0	29.0	21.0	22.0	30.0	-1.0	36.0	-1.0	32.0	-1.0	-1.0	-1.0	25.0	-1.0	27.0	-1.0	34.0	28.0	22.0	18.0	-1.0	-1.0	-1.0	-1.0	32.0	38.0	26.0	-1.0	22.0	26.0	36.0	-1.0	28.0	-1.0	19.0	
34.0	-1.0	37.0	30.0	-1.0	-1.0	34.0	-1.0	30.0	27.0	-1.0	-1.0	21.0	22.0	30.0	24.0	-1.0	-1.0	32.0	35.0	26.0	-1.0	25.0	30.0	27.0	35.0	34.0	28.0	22.0	18.0	-1.0	-1.0	-1.0	-1.0	32.0	38.0	-1.0	32.0	22.0	26.0	36.0	23.0	28.0	-1.0	19.0	
34.0	25.0	37.0	30.0	-1.0	29.0	34.0	-1.0	-1.0	27.0	30.0	-1.0	21.0	22.0	30.0	-1.0	36.0	38.0	32.0	-1.0	-1.0	-1.0	25.0	-1.0	27.0	35.0	34.0	28.0	22.0	-1.0	-1.0	-1.0	-1.0	32.0	32.0	38.0	26.0	32.0	22.0	26.0	36.0	-1.0	-1.0	31.0	19.0	
-1.0	25.0	37.0	30.0	32.0	-1.0	34.0	-1.0	-1.0	-1.0	30.0	-1.0	21.0	22.0	30.0	24.0	36.0	-1.0	32.0	35.0	-1.0	-1.0	25.0	-1.0	27.0	-1.0	34.0	-1.0	22.0	-1.0	-1.0	27.0	27.0	-1.0	32.0	-1.0	26.0	32.0	22.0	26.0	36.0	23.0	-1.0	-1.0	19.0	
34.0	25.0	-1.0	29.0	-1.0	-1.0	-1.0	-1.0	-1.0	-1.0	30.0	-1.0	21.0	22.0	30.0	-1.0	36.0	-1.0	26.0	28.0	-1.0	14.0	-1.0	28.0	27.0	-1.0	25.0	-1.0	22.0	18.0	-1.0	-1.0	-1.0	31.0	31.0	-1.0	-1.0	28.0	22.0	26.0	22.0	-1.0	28.0	-1.0	19.0	
34.0	25.0	-1.0	30.0	-1.0	-1.0	34.0	30.0	-1.0	27.0	30.0	-1.0	-1.0	22.0	30.0	24.0	-1.0	-1.0	32.0	35.0	-1.0	-1.0	25.0	-1.0	27.0	35.0	25.0	-1.0	-1.0	18.0	-1.0	-1.0	-1.0	-1.0	32.0	38.0	26.0	32.0	22.0	26.0	30.0	23.0	-1.0	-1.0	19.0	
34.0	25.0	-1.0	30.0	-1.0	-1.0	-1.0	-1.0	-1.0	27.0	30.0	-1.0	-1.0	22.0	30.0	24.0	-1.0	38.0	32.0	-1.0	-1.0	-1.0	25.0	-1.0	27.0	35.0	25.0	-1.0	22.0	18.0	-1.0	-1.0	27.0	-1.0	-1.0	38.0	-1.0	32.0	22.0	26.0	30.0	23.0	-1.0	-1.0	19.0	

maxX :
36.0	36.0	36.0	36.0	36.0	36.0	29.0	35.0	35.0	

maxW :
37.0	38.0	38.0	38.0	38.0	37.0	36.0	38.0	38.0	

minX :
0.0	0.0	0.0	0.0	0.0	0.0	0.0	0.0	0.0	

minW :
18.0	18.0	18.0	18.0	19.0	19.0	14.0	18.0	18.0	

moyX :
17.73076923076923	19.0	19.46153846153846	18.633333333333333	19.7	17.666666666666668	16.875	18.153846153846153	17.583333333333332	

moyW :
28.46153846153846	28.964285714285715	28.5	28.566666666666666	29.666666666666668	28.37037037037037	25.916666666666668	28.115384615384617	27.541666666666668	

medX :
18.5	20.0	20.5	20.0	22.0	20.0	16.5	19.0	16.5	

medW :
29.5	30.0	29.0	29.0	30.0	27.0	26.5	28.5	27.0	

ecartTypeX :
9.901661446862542	10.173494974687902	9.344808386852149	10.499153405023769	10.318753154653264	9.525793444156804	9.234502783943848	9.650397790495111	10.295292883427628	

ecartTypeW :
5.2640344956694225	5.615553292019426	5.4789808148259445	5.487460452907357	5.274677451960662	5.129061340362012	5.081967029496442	5.071238075786009	5.369506236351925	

varX :
98.04289940828403	103.5	87.32544378698225	110.23222222222222	106.47666666666669	90.74074074074075	85.27604166666667	93.1301775147929	105.99305555555556	

varW :
27.710059171597628	31.534438775510207	30.01923076923077	30.11222222222222	27.822222222222226	26.307270233196157	25.82638888888889	25.717455621301777	28.831597222222218	

covarX :
101.9646153846154	107.33333333333333	90.81846153846156	114.0333333333333	110.14827586206899	94.23076923076924	88.9836956521739	96.85538461538461	110.60144927536233	

covarW :
28.818461538461534	32.702380952380956	31.220000000000002	31.150574712643675	28.781609195402304	27.319088319088316	26.94927536231885	26.746153846153845	30.085144927536227	

coef_variationX :
0.558445114139753	0.5354471039309422	0.48016801987777846	0.5634608267454617	0.5237945763783383	0.5391958553296303	0.5472297946040798	0.5315897087984596	0.5855142872091542	

coef_variationW :
0.1849525633613581	0.19387853535948696	0.19224494087108576	0.1920931313736531	0.17779811635822457	0.18078936839396123	0.1960887599805701	0.18037235290073356	0.19495937923214252	

moy_distances_centre :	29.166666666666668
min_distances_centre :	26.0
max_distances_centre :	32.0
med_distances_centre :	29.5
ecartType_distances_centre :	2.6087459737497545
var_distances_centre :	6.8055555555555545
covar_distances_centre :	7.424242424242424
coef_variation_distances_centre :	0.08944271909999157
capacite_X_temoin : 
36.0	38.0	43.0	40.0	
38.0	42.0	38.0	39.0	
38.0	37.0	40.0	42.0	
36.0	43.0	41.0	44.0	
36.0	36.0	40.0	38.0	
39.0	40.0	42.0	36.0	
41.0	35.0	44.0	42.0	
44.0	38.0	40.0	37.0	
42.0	42.0	37.0	37.0	

capacite_W_temoin : 
40.8	46.4	46.9	44.0	
44.4	52.6	37.4	41.7	
43.4	44.1	45.0	45.6	
42.8	50.9	41.3	48.2	
38.8	42.8	44.0	39.4	
43.7	48.0	44.6	40.8	
47.3	42.5	50.2	46.6	
54.2	46.4	40.0	40.1	
50.6	50.6	41.1	39.1	

demande_cumulee_X : 
6.0	3.0	9.0	8.0	
5.0	2.0	12.0	9.0	
6.0	4.0	7.0	9.0	
4.0	5.0	12.0	9.0	
8.0	4.0	8.0	10.0	
7.0	4.0	10.0	6.0	
6.0	3.0	7.0	8.0	
3.0	3.0	12.0	8.0	
4.0	4.0	7.0	9.0	

demande_cumulee_W : 
9.0	7.0	4.0	6.0	
9.0	8.0	4.0	7.0	
7.0	9.0	5.0	5.0	
11.0	8.0	5.0	6.0	
7.0	11.0	5.0	7.0	
8.0	6.0	6.0	7.0	
8.0	7.0	6.0	3.0	
11.0	5.0	3.0	7.0	
8.0	6.0	5.0	5.0	

capacite_residuelle_X : 
30.0	35.0	34.0	32.0	
33.0	40.0	26.0	30.0	
32.0	33.0	33.0	33.0	
32.0	38.0	29.0	35.0	
28.0	32.0	32.0	28.0	
32.0	36.0	32.0	30.0	
35.0	32.0	37.0	34.0	
41.0	35.0	28.0	29.0	
38.0	38.0	30.0	28.0	

capacite_residuelle_W : 
31.799999999999997	39.4	42.9	38.0	
35.4	44.6	33.4	34.7	
36.4	35.1	40.0	40.6	
31.799999999999997	42.9	36.3	42.2	
31.799999999999997	31.799999999999997	39.0	32.4	
35.7	42.0	38.6	33.8	
39.3	35.5	44.2	43.6	
43.2	41.4	37.0	33.1	
42.6	44.6	36.1	34.1	

min_capacite_X : 
36.0	38.0	37.0	36.0	36.0	36.0	35.0	37.0	37.0	

min_capacite_W : 
40.8	37.4	43.4	41.3	38.8	40.8	42.5	40.0	39.1	

max_capacite_X : 
43.0	42.0	42.0	44.0	40.0	42.0	44.0	44.0	42.0	

max_capacite_W : 
46.9	52.6	45.6	50.9	44.0	48.0	50.2	54.2	50.6	

moy_capacite_X : 
39.25	39.25	39.25	41.0	37.5	39.25	40.5	39.75	39.5	

moy_capacite_W : 
44.525	44.025000000000006	44.525	45.8	41.25	44.275000000000006	46.65	45.175	45.35	

med_capacite_X : 
39.0	38.5	39.0	42.0	37.0	39.5	41.5	39.0	39.5	

med_capacite_W : 
45.2	43.05	44.55	45.5	41.099999999999994	44.150000000000006	46.95	43.25	45.85	

ecartType_capacite_X : 
2.5860201081971503	1.6393596310755	1.920286436967152	3.082207001484488	1.6583123951777	2.165063509461097	3.3541019662496847	2.680951323690902	2.5	

ecartType_capacite_W : 
2.413892085408957	5.54453559822642	0.8407585860400126	3.9057649698874624	2.2017038856304003	2.568438241422208	2.750000000000001	5.819954896732449	5.297405025104273	

var_capacite_X : 
6.6875	2.6875	3.6875	9.5	2.75	4.6875	11.25	7.1875	6.25	

var_capacite_W : 
5.826875000000002	30.741875000000007	0.7068750000000013	15.255000000000011	4.847500000000003	6.596875000000004	7.562500000000005	33.87187500000001	28.0625	

covar_capacite_X : 
8.916666666666666	3.583333333333333	4.916666666666666	12.666666666666666	3.6666666666666665	6.25	15.0	9.583333333333332	8.333333333333332	

covar_capacite_W : 
7.769166666666669	40.98916666666668	0.9425000000000017	20.340000000000014	6.4633333333333365	8.795833333333338	10.08333333333334	45.16250000000001	37.416666666666664	

##########	##########	##########	##########	##########	##########	##########	##########	##########	##########	##########	##########	##########	##########	##########	##########	##########	##########	##########	##########	##########	##########	##########	##########	##########	##########	##########	##########	##########	##########	##########	##########	##########	##########	##########	##########	##########	##########	##########	##########	##########	##########	##########	##########	##########	