nombre de noeuds : 45
nombre de strates : 4
nombre de centres : 4
titre : intelligent
instances : alea45_4_1
temps de calcul : 0.01108407974243164
valeur objective : 311.0
nombre de solutions : 2
nombre de noeuds : 0.0
faisability : True
centre : [17, 6, 36, 13]
moy_distances :	30.84
min_distances :	10.0
max_distances :	55.0
var_distances :	78.81966023875114
covar_distances :	78.85948826312644
ecartType_distances :	8.878043716875421
coef_variation	: 0.2878799672367976
distances_centre_x :
23.0	24.0	21.0	-1.0	21.0	29.0	0.0	24.0	-1.0	25.0	-1.0	-1.0	11.0	-1.0	14.0	-1.0	-1.0	0.0	-1.0	-1.0	22.0	27.0	21.0	34.0	36.0	-1.0	-1.0	14.0	-1.0	24.0	23.0	-1.0	-1.0	12.0	-1.0	26.0	0.0	23.0	13.0	-1.0	-1.0	-1.0	16.0	-1.0	-1.0	
23.0	-1.0	-1.0	24.0	21.0	29.0	-1.0	24.0	-1.0	25.0	31.0	12.0	-1.0	0.0	-1.0	26.0	14.0	0.0	11.0	-1.0	22.0	-1.0	21.0	-1.0	36.0	-1.0	-1.0	-1.0	-1.0	24.0	-1.0	17.0	14.0	12.0	37.0	26.0	0.0	23.0	13.0	20.0	-1.0	-1.0	16.0	-1.0	12.0	
23.0	24.0	21.0	24.0	21.0	29.0	0.0	-1.0	18.0	-1.0	31.0	12.0	11.0	-1.0	14.0	26.0	14.0	0.0	11.0	21.0	22.0	-1.0	-1.0	34.0	-1.0	-1.0	-1.0	-1.0	11.0	24.0	-1.0	17.0	14.0	-1.0	37.0	26.0	0.0	23.0	13.0	-1.0	-1.0	16.0	16.0	25.0	12.0	
23.0	24.0	21.0	-1.0	21.0	29.0	0.0	24.0	18.0	25.0	31.0	12.0	11.0	-1.0	-1.0	-1.0	14.0	-1.0	-1.0	-1.0	22.0	-1.0	21.0	34.0	36.0	26.0	29.0	14.0	-1.0	24.0	-1.0	17.0	-1.0	-1.0	37.0	26.0	0.0	-1.0	13.0	-1.0	14.0	16.0	16.0	25.0	12.0	

distances_centre_w :
33.0	24.0	34.0	-1.0	33.0	37.0	32.0	34.0	-1.0	35.0	-1.0	-1.0	28.0	-1.0	32.0	-1.0	-1.0	34.0	-1.0	-1.0	33.0	34.0	31.0	34.0	42.0	-1.0	-1.0	36.0	-1.0	24.0	30.0	-1.0	-1.0	29.0	-1.0	27.0	22.0	29.0	22.0	-1.0	-1.0	-1.0	27.0	-1.0	-1.0	
33.0	-1.0	-1.0	35.0	33.0	37.0	-1.0	34.0	-1.0	35.0	34.0	34.0	-1.0	34.0	-1.0	35.0	36.0	34.0	35.0	-1.0	33.0	-1.0	31.0	-1.0	42.0	-1.0	-1.0	-1.0	-1.0	24.0	-1.0	35.0	22.0	29.0	38.0	27.0	22.0	29.0	35.0	35.0	-1.0	-1.0	35.0	-1.0	35.0	
33.0	24.0	34.0	35.0	33.0	37.0	32.0	-1.0	29.0	-1.0	34.0	34.0	28.0	-1.0	32.0	35.0	36.0	34.0	35.0	26.0	33.0	-1.0	-1.0	34.0	-1.0	-1.0	-1.0	-1.0	29.0	24.0	-1.0	35.0	22.0	-1.0	38.0	27.0	22.0	29.0	35.0	-1.0	-1.0	33.0	35.0	32.0	35.0	
33.0	24.0	34.0	-1.0	33.0	37.0	32.0	34.0	29.0	35.0	34.0	34.0	28.0	-1.0	-1.0	-1.0	36.0	-1.0	-1.0	-1.0	33.0	-1.0	31.0	34.0	42.0	35.0	35.0	36.0	-1.0	24.0	-1.0	35.0	-1.0	-1.0	38.0	27.0	22.0	-1.0	35.0	-1.0	31.0	33.0	35.0	32.0	35.0	

maxX :
36.0	37.0	37.0	37.0	

maxW :
42.0	42.0	38.0	42.0	

minX :
0.0	0.0	0.0	0.0	

minW :
22.0	22.0	22.0	22.0	

moyX :
19.32	19.035714285714285	18.4375	20.483870967741936	

moyW :
31.04	32.892857142857146	31.6875	32.774193548387096	

medX :
22.0	21.0	19.5	21.0	

medW :
32.0	34.0	33.0	34.0	

ecartTypeX :
9.37110452401423	9.466037573712603	8.930066839055574	8.823981135526347	

ecartTypeW :
4.762184372743247	4.498724308975076	4.3043401062183735	4.179131545987523	

varX :
87.81759999999998	89.60586734693877	79.74609375	77.86264308012485	

varW :
22.6784	20.23852040816327	18.52734375	17.465140478668058	

covarX :
91.47666666666665	92.92460317460315	82.31854838709677	80.45806451612901	

covarW :
23.623333333333335	20.98809523809524	19.125	18.047311827956992	

coef_variationX :
0.4850468180131589	0.4972777712269285	0.48434260821996333	0.4307770318130973	

coef_variationW :
0.1534208882971407	0.13676903436623467	0.13583716311537272	0.12751287197402875	

moy_distances_centre :	31.0
min_distances_centre :	22.0
max_distances_centre :	36.0
med_distances_centre :	33.0
ecartType_distances_centre :	4.96655480858378
var_distances_centre :	24.666666666666668
covar_distances_centre :	26.90909090909091
coef_variation_distances_centre :	0.16021144543818644
capacite_X_temoin : 
36.0	35.0	40.0	37.0	
41.0	43.0	41.0	42.0	
44.0	37.0	44.0	42.0	
40.0	42.0	40.0	40.0	

capacite_W_temoin : 
39.8	35.5	49.0	43.1	
48.3	42.9	48.3	49.6	
47.2	37.1	52.2	48.6	
41.0	43.6	48.0	47.0	

demande_cumulee_X : 
7.0	10.0	3.0	5.0	
5.0	13.0	5.0	5.0	
10.0	11.0	5.0	6.0	
11.0	11.0	4.0	5.0	

demande_cumulee_W : 
9.0	8.0	4.0	4.0	
9.0	5.0	5.0	9.0	
9.0	9.0	3.0	11.0	
9.0	9.0	4.0	9.0	

capacite_residuelle_X : 
29.0	25.0	37.0	32.0	
36.0	30.0	36.0	37.0	
34.0	26.0	39.0	36.0	
29.0	31.0	36.0	35.0	

capacite_residuelle_W : 
30.799999999999997	27.5	45.0	39.1	
39.3	37.9	43.3	40.6	
38.2	28.1	49.2	37.6	
32.0	34.6	44.0	38.0	

min_capacite_X : 
35.0	41.0	37.0	40.0	

min_capacite_W : 
35.5	42.9	37.1	41.0	

max_capacite_X : 
40.0	43.0	44.0	42.0	

max_capacite_W : 
49.0	49.6	52.2	48.0	

moy_capacite_X : 
37.0	41.75	41.75	40.5	

moy_capacite_W : 
41.85	47.275	46.275	44.9	

med_capacite_X : 
36.5	41.5	43.0	40.0	

med_capacite_W : 
41.45	48.3	47.900000000000006	45.3	

ecartType_capacite_X : 
1.8708286933869707	0.82915619758885	2.8613807855648994	0.8660254037844386	

ecartType_capacite_W : 
4.929756586282938	2.581060828419199	5.6023990396971906	2.7802877548915688	

var_capacite_X : 
3.5	0.6875	8.1875	0.75	

var_capacite_W : 
24.302500000000002	6.661875000000002	31.386875000000003	7.7299999999999995	

covar_capacite_X : 
4.666666666666666	0.9166666666666666	10.916666666666666	1.0	

covar_capacite_W : 
32.403333333333336	8.882500000000002	41.84916666666667	10.306666666666665	

##########	##########	##########	##########	##########	##########	##########	##########	##########	##########	##########	##########	##########	##########	##########	##########	##########	##########	##########	##########	##########	##########	##########	##########	##########	##########	##########	##########	##########	##########	##########	##########	##########	##########	##########	##########	##########	##########	##########	##########	##########	##########	##########	##########	##########	nombre de noeuds : 45
nombre de strates : 4
nombre de centres : 4
titre : intelligent
instances : alea45_4_1
temps de calcul : 0.010275125503540039
valeur objective : 296.0
nombre de solutions : 2
nombre de noeuds : 0.0
faisability : True
centre : [6, 36, 13, 32]
moy_distances :	30.84
min_distances :	10.0
max_distances :	55.0
var_distances :	78.81966023875114
covar_distances :	78.85948826312644
ecartType_distances :	8.878043716875421
coef_variation	: 0.2878799672367976
distances_centre_x :
23.0	22.0	21.0	-1.0	21.0	29.0	0.0	14.0	-1.0	25.0	-1.0	-1.0	11.0	-1.0	12.0	-1.0	-1.0	14.0	-1.0	-1.0	22.0	13.0	21.0	34.0	34.0	-1.0	-1.0	14.0	-1.0	24.0	10.0	-1.0	-1.0	12.0	-1.0	24.0	0.0	23.0	13.0	-1.0	-1.0	-1.0	27.0	-1.0	-1.0	
23.0	-1.0	-1.0	24.0	21.0	29.0	-1.0	14.0	-1.0	25.0	17.0	12.0	-1.0	0.0	-1.0	28.0	14.0	14.0	11.0	-1.0	22.0	-1.0	21.0	-1.0	34.0	-1.0	-1.0	-1.0	-1.0	24.0	-1.0	17.0	0.0	12.0	37.0	24.0	0.0	23.0	13.0	20.0	-1.0	-1.0	27.0	-1.0	12.0	
23.0	22.0	21.0	24.0	21.0	29.0	0.0	-1.0	18.0	-1.0	17.0	12.0	11.0	-1.0	12.0	28.0	14.0	14.0	11.0	21.0	22.0	-1.0	-1.0	34.0	-1.0	-1.0	-1.0	-1.0	11.0	24.0	-1.0	17.0	0.0	-1.0	37.0	24.0	0.0	23.0	13.0	-1.0	-1.0	16.0	27.0	25.0	12.0	
23.0	22.0	21.0	-1.0	21.0	29.0	0.0	14.0	18.0	25.0	17.0	12.0	11.0	-1.0	-1.0	-1.0	14.0	-1.0	-1.0	-1.0	22.0	-1.0	21.0	34.0	34.0	34.0	30.0	14.0	-1.0	24.0	-1.0	17.0	-1.0	-1.0	37.0	24.0	0.0	-1.0	13.0	-1.0	14.0	16.0	27.0	25.0	12.0	

distances_centre_w :
31.0	24.0	32.0	-1.0	36.0	37.0	22.0	24.0	-1.0	36.0	-1.0	-1.0	31.0	-1.0	33.0	-1.0	-1.0	27.0	-1.0	-1.0	33.0	34.0	30.0	34.0	36.0	-1.0	-1.0	30.0	-1.0	24.0	31.0	-1.0	-1.0	32.0	-1.0	26.0	22.0	29.0	22.0	-1.0	-1.0	-1.0	30.0	-1.0	-1.0	
31.0	-1.0	-1.0	25.0	36.0	37.0	-1.0	24.0	-1.0	36.0	34.0	34.0	-1.0	20.0	-1.0	35.0	34.0	36.0	35.0	-1.0	36.0	-1.0	30.0	-1.0	36.0	-1.0	-1.0	-1.0	-1.0	24.0	-1.0	25.0	20.0	32.0	38.0	26.0	35.0	29.0	22.0	34.0	-1.0	-1.0	30.0	-1.0	35.0	
31.0	24.0	32.0	25.0	36.0	37.0	22.0	-1.0	29.0	-1.0	34.0	34.0	31.0	-1.0	33.0	35.0	34.0	36.0	35.0	27.0	36.0	-1.0	-1.0	34.0	-1.0	-1.0	-1.0	-1.0	31.0	24.0	-1.0	25.0	20.0	-1.0	38.0	26.0	35.0	29.0	22.0	-1.0	-1.0	29.0	30.0	26.0	35.0	
31.0	24.0	32.0	-1.0	36.0	37.0	22.0	24.0	29.0	36.0	34.0	34.0	31.0	-1.0	-1.0	-1.0	34.0	-1.0	-1.0	-1.0	36.0	-1.0	30.0	34.0	36.0	35.0	37.0	30.0	-1.0	24.0	-1.0	25.0	-1.0	-1.0	38.0	26.0	35.0	-1.0	22.0	-1.0	31.0	29.0	30.0	26.0	35.0	

maxX :
34.0	37.0	37.0	37.0	

maxW :
37.0	38.0	38.0	38.0	

minX :
0.0	0.0	0.0	0.0	

minW :
22.0	20.0	20.0	22.0	

moyX :
18.52	18.5	18.21875	20.161290322580644	

moyW :
29.84	31.035714285714285	30.46875	31.06451612903226	

medX :
21.0	20.5	19.5	21.0	

medW :
31.0	34.0	31.0	31.0	

ecartTypeX :
8.64462838993094	9.182670013205776	8.79180859877534	8.886730863025043	

ecartTypeW :
4.662016730986709	5.4607831911937765	4.9622599123282525	4.792032930247721	

varX :
74.7296	84.32142857142857	77.2958984375	78.97398543184183	

varW :
21.7344	29.820153061224485	24.6240234375	22.96357960457856	

covarX :
77.84333333333333	87.44444444444444	79.78931451612902	81.60645161290323	

covarW :
22.64	30.924603174603174	25.418346774193548	23.729032258064514	

coef_variationX :
0.46677259124897086	0.49636054125436624	0.4825692541351816	0.44078185080604215	

coef_variationW :
0.15623380465773154	0.17595158728817692	0.16286391507128622	0.1542606654596878	

moy_distances_centre :	25.333333333333332
min_distances_centre :	20.0
max_distances_centre :	35.0
med_distances_centre :	22.0
ecartType_distances_centre :	5.878397362849466
var_distances_centre :	34.55555555555555
covar_distances_centre :	37.696969696969695
coef_variation_distances_centre :	0.2320420011651105
capacite_X_temoin : 
36.0	35.0	35.0	37.0	
41.0	43.0	36.0	42.0	
44.0	37.0	43.0	42.0	
40.0	42.0	37.0	40.0	

capacite_W_temoin : 
44.8	35.5	37.5	43.1	
51.3	41.9	39.8	49.6	
51.2	35.1	48.9	48.6	
46.0	40.6	42.1	47.0	

demande_cumulee_X : 
2.0	10.0	8.0	5.0	
2.0	14.0	7.0	5.0	
6.0	13.0	7.0	6.0	
6.0	14.0	6.0	5.0	

demande_cumulee_W : 
12.0	2.0	8.0	3.0	
7.0	6.0	10.0	5.0	
6.0	7.0	13.0	6.0	
8.0	8.0	11.0	4.0	

capacite_residuelle_X : 
34.0	25.0	27.0	32.0	
39.0	29.0	29.0	37.0	
38.0	24.0	36.0	36.0	
34.0	28.0	31.0	35.0	

capacite_residuelle_W : 
32.8	33.5	29.5	40.1	
44.3	35.9	29.799999999999997	44.6	
45.2	28.1	35.9	42.6	
38.0	32.6	31.1	43.0	

min_capacite_X : 
35.0	36.0	37.0	37.0	

min_capacite_W : 
35.5	39.8	35.1	40.6	

max_capacite_X : 
37.0	43.0	44.0	42.0	

max_capacite_W : 
44.8	51.3	51.2	47.0	

moy_capacite_X : 
35.75	40.5	41.5	39.75	

moy_capacite_W : 
40.225	45.65	45.95	43.925	

med_capacite_X : 
35.5	41.5	42.5	40.0	

med_capacite_W : 
40.3	45.75	48.75	44.05	

ecartType_capacite_X : 
0.82915619758885	2.692582403567252	2.692582403567252	1.7853571071357126	

ecartType_capacite_W : 
3.838863764188565	4.894129136015928	6.34448579476698	2.6527108775741084	

var_capacite_X : 
0.6875	7.25	7.25	3.1875	

var_capacite_W : 
14.736874999999996	23.952500000000008	40.2525	7.036874999999997	

covar_capacite_X : 
0.9166666666666666	9.666666666666666	9.666666666666666	4.25	

covar_capacite_W : 
19.64916666666666	31.936666666666675	53.669999999999995	9.382499999999995	

##########	##########	##########	##########	##########	##########	##########	##########	##########	##########	##########	##########	##########	##########	##########	##########	##########	##########	##########	##########	##########	##########	##########	##########	##########	##########	##########	##########	##########	##########	##########	##########	##########	##########	##########	##########	##########	##########	##########	##########	##########	##########	##########	##########	##########	nombre de noeuds : 45
nombre de strates : 4
nombre de centres : 4
titre : intelligent
instances : alea45_4_1
temps de calcul : 0.010576009750366211
valeur objective : 288.0
nombre de solutions : 2
nombre de noeuds : 0.0
faisability : True
centre : [6, 13, 32, 39]
moy_distances :	30.84
min_distances :	10.0
max_distances :	55.0
var_distances :	78.81966023875114
covar_distances :	78.85948826312644
ecartType_distances :	8.878043716875421
coef_variation	: 0.2878799672367976
distances_centre_x :
23.0	10.0	32.0	-1.0	28.0	11.0	0.0	14.0	-1.0	25.0	-1.0	-1.0	11.0	-1.0	12.0	-1.0	-1.0	14.0	-1.0	-1.0	22.0	13.0	21.0	27.0	27.0	-1.0	-1.0	14.0	-1.0	17.0	10.0	-1.0	-1.0	12.0	-1.0	24.0	21.0	27.0	22.0	-1.0	-1.0	-1.0	27.0	-1.0	-1.0	
23.0	-1.0	-1.0	24.0	28.0	11.0	-1.0	14.0	-1.0	25.0	17.0	12.0	-1.0	0.0	-1.0	24.0	14.0	14.0	11.0	-1.0	22.0	-1.0	21.0	-1.0	27.0	-1.0	-1.0	-1.0	-1.0	17.0	-1.0	17.0	0.0	12.0	32.0	24.0	21.0	27.0	22.0	0.0	-1.0	-1.0	27.0	-1.0	12.0	
23.0	10.0	32.0	24.0	28.0	11.0	0.0	-1.0	18.0	-1.0	17.0	12.0	11.0	-1.0	12.0	24.0	14.0	14.0	11.0	21.0	22.0	-1.0	-1.0	27.0	-1.0	-1.0	-1.0	-1.0	11.0	17.0	-1.0	17.0	0.0	-1.0	32.0	24.0	21.0	27.0	22.0	-1.0	-1.0	16.0	27.0	25.0	12.0	
23.0	10.0	32.0	-1.0	28.0	11.0	0.0	14.0	18.0	25.0	17.0	12.0	11.0	-1.0	-1.0	-1.0	14.0	-1.0	-1.0	-1.0	22.0	-1.0	21.0	27.0	27.0	34.0	11.0	14.0	-1.0	17.0	-1.0	17.0	-1.0	-1.0	32.0	24.0	21.0	-1.0	22.0	-1.0	14.0	16.0	27.0	25.0	12.0	

distances_centre_w :
31.0	24.0	40.0	-1.0	36.0	29.0	32.0	29.0	-1.0	26.0	-1.0	-1.0	28.0	-1.0	32.0	-1.0	-1.0	34.0	-1.0	-1.0	26.0	14.0	30.0	34.0	34.0	-1.0	-1.0	24.0	-1.0	24.0	23.0	-1.0	-1.0	29.0	-1.0	32.0	26.0	31.0	24.0	-1.0	-1.0	-1.0	30.0	-1.0	-1.0	
31.0	-1.0	-1.0	30.0	36.0	29.0	-1.0	29.0	-1.0	26.0	29.0	29.0	-1.0	20.0	-1.0	28.0	34.0	34.0	31.0	-1.0	26.0	-1.0	30.0	-1.0	34.0	-1.0	-1.0	-1.0	-1.0	24.0	-1.0	25.0	22.0	29.0	38.0	32.0	26.0	31.0	24.0	20.0	-1.0	-1.0	30.0	-1.0	23.0	
31.0	24.0	40.0	30.0	36.0	29.0	32.0	-1.0	29.0	-1.0	29.0	29.0	28.0	-1.0	32.0	28.0	34.0	34.0	31.0	26.0	26.0	-1.0	-1.0	34.0	-1.0	-1.0	-1.0	-1.0	29.0	24.0	-1.0	25.0	22.0	-1.0	38.0	32.0	26.0	31.0	24.0	-1.0	-1.0	29.0	30.0	26.0	23.0	
31.0	24.0	40.0	-1.0	36.0	29.0	32.0	34.0	29.0	26.0	29.0	29.0	28.0	-1.0	-1.0	-1.0	34.0	-1.0	-1.0	-1.0	26.0	-1.0	30.0	34.0	34.0	35.0	30.0	24.0	-1.0	24.0	-1.0	25.0	-1.0	-1.0	38.0	32.0	26.0	-1.0	24.0	-1.0	31.0	29.0	30.0	26.0	23.0	

maxX :
32.0	32.0	32.0	34.0	

maxW :
40.0	38.0	40.0	40.0	

minX :
0.0	0.0	0.0	0.0	

minW :
14.0	20.0	22.0	23.0	

moyX :
18.56	17.785714285714285	18.1875	19.29032258064516	

moyW :
28.88	28.571428571428573	29.40625	29.741935483870968	

medX :
21.0	19.0	17.5	18.0	

medW :
29.0	29.0	29.0	29.0	

ecartTypeX :
7.66331520948995	8.44882554330627	7.946844892786067	7.6756571574795815	

ecartTypeW :
5.179343587753182	4.491488549217854	4.241604759698857	4.354958182351608	

varX :
58.72639999999999	71.38265306122449	63.15234375	58.91571279916753	

varW :
26.825600000000005	20.173469387755098	17.9912109375	18.96566077003122	

covarX :
61.173333333333325	74.02645502645503	65.18951612903226	60.879569892473114	

covarW :
27.943333333333335	20.920634920634917	18.57157258064516	19.597849462365595	

coef_variationX :
0.41289413844234646	0.47503436789673814	0.4369399253765535	0.397901959668674	

coef_variationW :
0.17934015193051187	0.15720209922262487	0.14424160713109824	0.14642484127212566	

moy_distances_centre :	25.833333333333332
min_distances_centre :	20.0
max_distances_centre :	34.0
med_distances_centre :	24.5
ecartType_distances_centre :	5.610010893235611
var_distances_centre :	31.472222222222218
covar_distances_centre :	34.33333333333333
coef_variation_distances_centre :	0.2171617119962172
capacite_X_temoin : 
36.0	35.0	35.0	42.0	
41.0	43.0	36.0	36.0	
44.0	37.0	43.0	34.0	
40.0	42.0	37.0	39.0	

capacite_W_temoin : 
44.8	37.5	36.5	48.6	
51.3	43.9	39.8	39.8	
51.2	37.1	47.9	37.2	
46.0	43.6	42.1	42.7	

demande_cumulee_X : 
2.0	8.0	9.0	6.0	
2.0	12.0	7.0	7.0	
6.0	11.0	8.0	7.0	
6.0	11.0	6.0	8.0	

demande_cumulee_W : 
6.0	6.0	6.0	7.0	
4.0	6.0	9.0	9.0	
6.0	10.0	8.0	8.0	
5.0	8.0	9.0	9.0	

capacite_residuelle_X : 
34.0	27.0	26.0	36.0	
39.0	31.0	29.0	29.0	
38.0	26.0	35.0	27.0	
34.0	31.0	31.0	31.0	

capacite_residuelle_W : 
38.8	31.5	30.5	41.6	
47.3	37.9	30.799999999999997	30.799999999999997	
45.2	27.1	39.9	29.200000000000003	
41.0	35.6	33.1	33.7	

min_capacite_X : 
35.0	36.0	34.0	37.0	

min_capacite_W : 
36.5	39.8	37.1	42.1	

max_capacite_X : 
42.0	43.0	44.0	42.0	

max_capacite_W : 
48.6	51.3	51.2	46.0	

moy_capacite_X : 
37.0	39.0	39.5	39.5	

moy_capacite_W : 
41.85	43.7	43.35000000000001	43.599999999999994	

med_capacite_X : 
35.5	38.5	40.0	39.5	

med_capacite_W : 
41.15	41.849999999999994	42.55	43.150000000000006	

ecartType_capacite_X : 
2.9154759474226504	3.082207001484488	4.153311931459037	1.8027756377319946	

ecartType_capacite_W : 
5.045047076093542	4.696275119709236	6.308922253443927	1.4849242404917489	

var_capacite_X : 
8.5	9.5	17.25	3.25	

var_capacite_W : 
25.4525	22.055	39.802499999999995	2.2049999999999974	

covar_capacite_X : 
11.333333333333332	12.666666666666666	23.0	4.333333333333333	

covar_capacite_W : 
33.93666666666667	29.406666666666666	53.06999999999999	2.9399999999999964	

##########	##########	##########	##########	##########	##########	##########	##########	##########	##########	##########	##########	##########	##########	##########	##########	##########	##########	##########	##########	##########	##########	##########	##########	##########	##########	##########	##########	##########	##########	##########	##########	##########	##########	##########	##########	##########	##########	##########	##########	##########	##########	##########	##########	##########	nombre de noeuds : 45
nombre de strates : 4
nombre de centres : 4
titre : intelligent
instances : alea45_4_1
temps de calcul : 0.011234045028686523
valeur objective : 282.0
nombre de solutions : 2
nombre de noeuds : 0.0
faisability : True
centre : [13, 32, 39, 18]
moy_distances :	30.84
min_distances :	10.0
max_distances :	55.0
var_distances :	78.81966023875114
covar_distances :	78.85948826312644
ecartType_distances :	8.878043716875421
coef_variation	: 0.2878799672367976
distances_centre_x :
23.0	10.0	32.0	-1.0	28.0	11.0	22.0	14.0	-1.0	25.0	-1.0	-1.0	11.0	-1.0	12.0	-1.0	-1.0	14.0	-1.0	-1.0	22.0	13.0	21.0	27.0	27.0	-1.0	-1.0	28.0	-1.0	17.0	10.0	-1.0	-1.0	12.0	-1.0	24.0	21.0	27.0	22.0	-1.0	-1.0	-1.0	27.0	-1.0	-1.0	
23.0	-1.0	-1.0	24.0	28.0	11.0	-1.0	14.0	-1.0	25.0	17.0	12.0	-1.0	0.0	-1.0	24.0	28.0	14.0	0.0	-1.0	22.0	-1.0	21.0	-1.0	27.0	-1.0	-1.0	-1.0	-1.0	17.0	-1.0	22.0	0.0	12.0	27.0	24.0	21.0	27.0	22.0	0.0	-1.0	-1.0	27.0	-1.0	12.0	
23.0	10.0	32.0	24.0	28.0	11.0	22.0	-1.0	29.0	-1.0	17.0	12.0	11.0	-1.0	12.0	24.0	28.0	14.0	0.0	26.0	22.0	-1.0	-1.0	27.0	-1.0	-1.0	-1.0	-1.0	11.0	17.0	-1.0	22.0	0.0	-1.0	27.0	24.0	21.0	27.0	22.0	-1.0	-1.0	23.0	27.0	25.0	12.0	
23.0	10.0	32.0	-1.0	28.0	11.0	22.0	14.0	29.0	25.0	17.0	12.0	11.0	-1.0	-1.0	-1.0	28.0	-1.0	-1.0	-1.0	22.0	-1.0	21.0	27.0	27.0	34.0	11.0	28.0	-1.0	17.0	-1.0	22.0	-1.0	-1.0	27.0	24.0	21.0	-1.0	22.0	-1.0	14.0	23.0	27.0	25.0	12.0	

distances_centre_w :
31.0	24.0	40.0	-1.0	36.0	29.0	32.0	29.0	-1.0	26.0	-1.0	-1.0	31.0	-1.0	20.0	-1.0	-1.0	34.0	-1.0	-1.0	26.0	14.0	30.0	28.0	31.0	-1.0	-1.0	30.0	-1.0	24.0	23.0	-1.0	-1.0	23.0	-1.0	32.0	26.0	31.0	22.0	-1.0	-1.0	-1.0	30.0	-1.0	-1.0	
31.0	-1.0	-1.0	25.0	36.0	29.0	-1.0	29.0	-1.0	26.0	29.0	28.0	-1.0	11.0	-1.0	28.0	34.0	34.0	26.0	-1.0	26.0	-1.0	25.0	-1.0	31.0	-1.0	-1.0	-1.0	-1.0	24.0	-1.0	22.0	20.0	23.0	32.0	32.0	26.0	28.0	22.0	20.0	-1.0	-1.0	30.0	-1.0	23.0	
31.0	24.0	40.0	30.0	36.0	29.0	32.0	-1.0	29.0	-1.0	29.0	28.0	31.0	-1.0	20.0	28.0	34.0	34.0	31.0	28.0	26.0	-1.0	-1.0	28.0	-1.0	-1.0	-1.0	-1.0	22.0	24.0	-1.0	22.0	20.0	-1.0	32.0	32.0	26.0	31.0	22.0	-1.0	-1.0	23.0	30.0	25.0	23.0	
34.0	24.0	40.0	-1.0	36.0	29.0	34.0	34.0	29.0	26.0	30.0	28.0	31.0	-1.0	-1.0	-1.0	34.0	-1.0	-1.0	-1.0	26.0	-1.0	30.0	35.0	34.0	35.0	34.0	30.0	-1.0	24.0	-1.0	22.0	-1.0	-1.0	32.0	32.0	26.0	-1.0	22.0	-1.0	14.0	23.0	30.0	25.0	23.0	

maxX :
32.0	28.0	32.0	34.0	

maxW :
40.0	36.0	40.0	40.0	

minX :
10.0	0.0	0.0	10.0	

minW :
14.0	11.0	20.0	14.0	

moyX :
20.0	17.892857142857142	19.6875	21.483870967741936	

moyW :
28.08	26.785714285714285	28.125	29.225806451612904	

medX :
22.0	21.5	22.0	22.0	

medW :
29.0	27.0	28.5	30.0	

ecartTypeX :
6.788225099390856	8.98148605948563	8.060077155337906	6.729189989800744	

ecartTypeW :
5.351037282621006	5.143353150684197	4.70870205045934	5.404357127590572	

varX :
46.08	80.66709183673468	64.96484375	45.28199791883454	

varW :
28.633600000000005	26.454081632653054	22.171875	29.20707596253902	

covarX :
48.0	83.6547619047619	67.06048387096774	46.79139784946236	

covarW :
29.826666666666668	27.433862433862434	22.887096774193548	30.18064516129032	

coef_variationX :
0.33941125496954283	0.5019593007297358	0.40940074439811586	0.3132205550808154	

coef_variationW :
0.19056400579134639	0.19201851762554337	0.16742051734966543	0.18491729686016306	

moy_distances_centre :	22.5
min_distances_centre :	11.0
max_distances_centre :	31.0
med_distances_centre :	23.0
ecartType_distances_centre :	6.4485140407177015
var_distances_centre :	41.583333333333336
covar_distances_centre :	45.36363636363637
coef_variation_distances_centre :	0.28660062403189784
capacite_X_temoin : 
35.0	41.0	35.0	42.0	
43.0	36.0	36.0	36.0	
37.0	37.0	43.0	34.0	
42.0	36.0	37.0	39.0	

capacite_W_temoin : 
39.5	50.3	35.5	48.6	
45.9	41.8	39.8	40.8	
40.1	40.1	45.9	38.2	
47.6	38.8	39.1	43.7	

demande_cumulee_X : 
6.0	3.0	10.0	6.0	
10.0	5.0	7.0	6.0	
8.0	8.0	10.0	6.0	
7.0	8.0	9.0	7.0	

demande_cumulee_W : 
9.0	4.0	4.0	8.0	
8.0	6.0	7.0	7.0	
13.0	4.0	6.0	9.0	
13.0	4.0	8.0	6.0	

capacite_residuelle_X : 
29.0	38.0	25.0	36.0	
33.0	31.0	29.0	30.0	
29.0	29.0	33.0	28.0	
35.0	28.0	28.0	32.0	

capacite_residuelle_W : 
30.5	46.3	31.5	40.6	
37.9	35.8	32.8	33.8	
27.1	36.1	39.9	29.200000000000003	
34.6	34.8	31.1	37.7	

min_capacite_X : 
35.0	36.0	34.0	36.0	

min_capacite_W : 
35.5	39.8	38.2	38.8	

max_capacite_X : 
42.0	43.0	43.0	42.0	

max_capacite_W : 
50.3	45.9	45.9	47.6	

moy_capacite_X : 
38.25	37.75	37.75	38.5	

moy_capacite_W : 
43.475	42.074999999999996	41.075	42.3	

med_capacite_X : 
38.0	36.0	37.0	38.0	

med_capacite_W : 
44.05	41.3	40.1	41.400000000000006	

ecartType_capacite_X : 
3.2691742076555053	3.031088913245535	3.2691742076555053	2.29128784747792	

ecartType_capacite_W : 
6.169430686862443	2.3188089615145104	2.8916906819367783	3.6242240548840257	

var_capacite_X : 
10.6875	9.1875	10.6875	5.25	

var_capacite_W : 
38.06187499999999	5.376875000000003	8.36187499999999	13.135000000000009	

covar_capacite_X : 
14.25	12.25	14.25	7.0	

covar_capacite_W : 
50.74916666666665	7.16916666666667	11.149166666666654	17.513333333333343	

##########	##########	##########	##########	##########	##########	##########	##########	##########	##########	##########	##########	##########	##########	##########	##########	##########	##########	##########	##########	##########	##########	##########	##########	##########	##########	##########	##########	##########	##########	##########	##########	##########	##########	##########	##########	##########	##########	##########	##########	##########	##########	##########	##########	##########	nombre de noeuds : 45
nombre de strates : 4
nombre de centres : 4
titre : intelligent
instances : alea45_4_1
temps de calcul : 0.011290788650512695
valeur objective : 292.0
nombre de solutions : 2
nombre de noeuds : 0.0
faisability : True
centre : [13, 32, 39, 21]
moy_distances :	30.84
min_distances :	10.0
max_distances :	55.0
var_distances :	78.81966023875114
covar_distances :	78.85948826312644
ecartType_distances :	8.878043716875421
coef_variation	: 0.2878799672367976
distances_centre_x :
23.0	10.0	32.0	-1.0	28.0	11.0	22.0	14.0	-1.0	25.0	-1.0	-1.0	11.0	-1.0	12.0	-1.0	-1.0	14.0	-1.0	-1.0	22.0	0.0	21.0	27.0	27.0	-1.0	-1.0	29.0	-1.0	17.0	10.0	-1.0	-1.0	12.0	-1.0	24.0	21.0	14.0	22.0	-1.0	-1.0	-1.0	27.0	-1.0	-1.0	
23.0	-1.0	-1.0	16.0	28.0	11.0	-1.0	14.0	-1.0	25.0	17.0	12.0	-1.0	0.0	-1.0	24.0	34.0	14.0	11.0	-1.0	22.0	-1.0	21.0	-1.0	27.0	-1.0	-1.0	-1.0	-1.0	17.0	-1.0	22.0	0.0	12.0	32.0	24.0	21.0	14.0	22.0	0.0	-1.0	-1.0	27.0	-1.0	12.0	
23.0	10.0	32.0	16.0	28.0	11.0	22.0	-1.0	16.0	-1.0	17.0	12.0	11.0	-1.0	12.0	24.0	34.0	14.0	11.0	14.0	22.0	-1.0	-1.0	27.0	-1.0	-1.0	-1.0	-1.0	11.0	17.0	-1.0	22.0	0.0	-1.0	32.0	24.0	21.0	14.0	22.0	-1.0	-1.0	23.0	27.0	25.0	12.0	
23.0	10.0	32.0	-1.0	28.0	11.0	22.0	14.0	16.0	25.0	17.0	12.0	11.0	-1.0	-1.0	-1.0	34.0	-1.0	-1.0	-1.0	22.0	-1.0	21.0	27.0	27.0	34.0	11.0	29.0	-1.0	17.0	-1.0	22.0	-1.0	-1.0	32.0	24.0	21.0	-1.0	22.0	-1.0	14.0	23.0	27.0	25.0	12.0	

distances_centre_w :
31.0	24.0	40.0	-1.0	36.0	25.0	32.0	29.0	-1.0	27.0	-1.0	-1.0	31.0	-1.0	32.0	-1.0	-1.0	27.0	-1.0	-1.0	32.0	14.0	32.0	27.0	34.0	-1.0	-1.0	30.0	-1.0	24.0	23.0	-1.0	-1.0	32.0	-1.0	32.0	26.0	28.0	24.0	-1.0	-1.0	-1.0	30.0	-1.0	-1.0	
31.0	-1.0	-1.0	30.0	36.0	29.0	-1.0	34.0	-1.0	27.0	34.0	29.0	-1.0	20.0	-1.0	26.0	36.0	27.0	31.0	-1.0	32.0	-1.0	32.0	-1.0	34.0	-1.0	-1.0	-1.0	-1.0	24.0	-1.0	29.0	20.0	32.0	38.0	32.0	26.0	28.0	24.0	20.0	-1.0	-1.0	30.0	-1.0	23.0	
31.0	24.0	40.0	30.0	36.0	29.0	32.0	-1.0	29.0	-1.0	34.0	29.0	31.0	-1.0	32.0	26.0	36.0	27.0	31.0	28.0	32.0	-1.0	-1.0	27.0	-1.0	-1.0	-1.0	-1.0	29.0	24.0	-1.0	29.0	20.0	-1.0	38.0	32.0	26.0	28.0	24.0	-1.0	-1.0	29.0	30.0	30.0	23.0	
31.0	24.0	40.0	-1.0	36.0	29.0	32.0	34.0	29.0	27.0	34.0	29.0	31.0	-1.0	-1.0	-1.0	36.0	-1.0	-1.0	-1.0	32.0	-1.0	32.0	27.0	34.0	35.0	25.0	30.0	-1.0	24.0	-1.0	29.0	-1.0	-1.0	38.0	32.0	26.0	-1.0	24.0	-1.0	14.0	29.0	30.0	30.0	23.0	

maxX :
32.0	34.0	34.0	34.0	

maxW :
40.0	38.0	40.0	40.0	

minX :
0.0	0.0	0.0	10.0	

minW :
14.0	20.0	20.0	14.0	

moyX :
19.0	17.928571428571427	18.9375	21.451612903225808	

moyW :
28.88	29.071428571428573	29.5625	29.870967741935484	

medX :
21.0	19.0	19.0	22.0	

medW :
30.0	29.5	29.0	30.0	

ecartTypeX :
7.699350621968063	8.778742878716306	7.656441324140086	7.151984654298231	

ecartTypeW :
5.030467175123997	4.839779890424264	4.2788542566906855	5.0910543649961655	

varX :
59.28	77.06632653061224	58.62109375	51.150884495317385	

varW :
25.305600000000005	23.423469387755098	18.30859375	25.918834547346513	

covarX :
61.75	79.92063492063491	60.512096774193544	52.855913978494634	

covarW :
26.360000000000003	24.291005291005288	18.899193548387096	26.78279569892473	

coef_variationX :
0.40522898010358227	0.4896509972192362	0.40430053196779336	0.33340078839585735	

coef_variationW :
0.1741851514932132	0.16647891514972898	0.14473925604027688	0.17043486535084354	

moy_distances_centre :	21.166666666666668
min_distances_centre :	13.0
max_distances_centre :	33.0
med_distances_centre :	20.0
ecartType_distances_centre :	7.009913614937696
var_distances_centre :	49.13888888888888
covar_distances_centre :	53.606060606060595
coef_variation_distances_centre :	0.3311770211781589
capacite_X_temoin : 
35.0	37.0	35.0	42.0	
43.0	43.0	36.0	36.0	
37.0	34.0	43.0	34.0	
42.0	34.0	37.0	39.0	

capacite_W_temoin : 
37.5	44.1	37.5	49.6	
42.9	53.9	40.8	39.8	
35.1	40.2	47.9	37.2	
41.6	42.2	40.1	42.7	

demande_cumulee_X : 
8.0	4.0	8.0	5.0	
13.0	2.0	6.0	7.0	
13.0	4.0	8.0	7.0	
13.0	2.0	8.0	8.0	

demande_cumulee_W : 
6.0	5.0	6.0	8.0	
7.0	5.0	8.0	8.0	
9.0	6.0	7.0	10.0	
9.0	5.0	9.0	8.0	

capacite_residuelle_X : 
27.0	33.0	27.0	37.0	
30.0	41.0	30.0	29.0	
24.0	30.0	35.0	27.0	
29.0	32.0	29.0	31.0	

capacite_residuelle_W : 
31.5	39.1	31.5	41.6	
35.9	48.9	32.8	31.799999999999997	
26.1	34.2	40.9	27.200000000000003	
32.6	37.2	31.1	34.7	

min_capacite_X : 
35.0	36.0	34.0	34.0	

min_capacite_W : 
37.5	39.8	35.1	40.1	

max_capacite_X : 
42.0	43.0	43.0	42.0	

max_capacite_W : 
49.6	53.9	47.9	42.7	

moy_capacite_X : 
37.25	39.5	37.0	38.0	

moy_capacite_W : 
42.175	44.349999999999994	40.10000000000001	41.650000000000006	

med_capacite_X : 
36.0	39.5	35.5	38.0	

med_capacite_W : 
40.8	41.849999999999994	38.7	41.900000000000006	

ecartType_capacite_X : 
2.8613807855648994	3.5	3.6742346141747673	2.9154759474226504	

ecartType_capacite_W : 
5.063286975868542	5.626055456534356	4.854379466007987	0.9759610647971574	

var_capacite_X : 
8.1875	12.25	13.5	8.5	

var_capacite_W : 
25.636875000000007	31.652500000000007	23.564999999999984	0.9525000000000012	

covar_capacite_X : 
10.916666666666666	16.333333333333332	18.0	11.333333333333332	

covar_capacite_W : 
34.182500000000005	42.20333333333334	31.419999999999977	1.2700000000000016	

##########	##########	##########	##########	##########	##########	##########	##########	##########	##########	##########	##########	##########	##########	##########	##########	##########	##########	##########	##########	##########	##########	##########	##########	##########	##########	##########	##########	##########	##########	##########	##########	##########	##########	##########	##########	##########	##########	##########	##########	##########	##########	##########	##########	##########	nombre de noeuds : 45
nombre de strates : 4
nombre de centres : 4
titre : intelligent
instances : alea45_4_1
temps de calcul : 0.010480165481567383
valeur objective : 292.0
nombre de solutions : 2
nombre de noeuds : 0.0
faisability : True
centre : [13, 32, 39, 40]
moy_distances :	30.84
min_distances :	10.0
max_distances :	55.0
var_distances :	78.81966023875114
covar_distances :	78.85948826312644
ecartType_distances :	8.878043716875421
coef_variation	: 0.2878799672367976
distances_centre_x :
23.0	10.0	32.0	-1.0	28.0	11.0	22.0	14.0	-1.0	25.0	-1.0	-1.0	11.0	-1.0	12.0	-1.0	-1.0	14.0	-1.0	-1.0	22.0	13.0	21.0	27.0	27.0	-1.0	-1.0	24.0	-1.0	17.0	10.0	-1.0	-1.0	12.0	-1.0	24.0	21.0	20.0	10.0	-1.0	-1.0	-1.0	27.0	-1.0	-1.0	
23.0	-1.0	-1.0	24.0	28.0	11.0	-1.0	14.0	-1.0	25.0	17.0	12.0	-1.0	0.0	-1.0	24.0	34.0	14.0	11.0	-1.0	22.0	-1.0	21.0	-1.0	27.0	-1.0	-1.0	-1.0	-1.0	17.0	-1.0	22.0	0.0	12.0	32.0	24.0	21.0	20.0	10.0	0.0	-1.0	-1.0	27.0	-1.0	12.0	
23.0	10.0	32.0	24.0	28.0	11.0	22.0	-1.0	15.0	-1.0	17.0	12.0	11.0	-1.0	12.0	24.0	34.0	14.0	11.0	26.0	22.0	-1.0	-1.0	27.0	-1.0	-1.0	-1.0	-1.0	11.0	17.0	-1.0	22.0	0.0	-1.0	32.0	24.0	21.0	20.0	10.0	-1.0	-1.0	15.0	27.0	25.0	12.0	
23.0	10.0	32.0	-1.0	28.0	11.0	22.0	14.0	15.0	25.0	17.0	12.0	11.0	-1.0	-1.0	-1.0	34.0	-1.0	-1.0	-1.0	22.0	-1.0	21.0	27.0	27.0	34.0	11.0	24.0	-1.0	17.0	-1.0	22.0	-1.0	-1.0	32.0	24.0	21.0	-1.0	10.0	-1.0	0.0	15.0	27.0	25.0	12.0	

distances_centre_w :
31.0	24.0	40.0	-1.0	36.0	29.0	31.0	29.0	-1.0	26.0	-1.0	-1.0	31.0	-1.0	26.0	-1.0	-1.0	28.0	-1.0	-1.0	26.0	27.0	32.0	34.0	34.0	-1.0	-1.0	24.0	-1.0	24.0	24.0	-1.0	-1.0	32.0	-1.0	32.0	26.0	31.0	22.0	-1.0	-1.0	-1.0	30.0	-1.0	-1.0	
31.0	-1.0	-1.0	30.0	36.0	29.0	-1.0	34.0	-1.0	26.0	31.0	28.0	-1.0	20.0	-1.0	32.0	36.0	28.0	26.0	-1.0	26.0	-1.0	32.0	-1.0	34.0	-1.0	-1.0	-1.0	-1.0	24.0	-1.0	29.0	27.0	32.0	38.0	33.0	26.0	31.0	22.0	20.0	-1.0	-1.0	30.0	-1.0	23.0	
31.0	24.0	40.0	30.0	36.0	29.0	34.0	-1.0	29.0	-1.0	31.0	28.0	31.0	-1.0	26.0	32.0	36.0	28.0	26.0	27.0	26.0	-1.0	-1.0	34.0	-1.0	-1.0	-1.0	-1.0	25.0	24.0	-1.0	29.0	27.0	-1.0	38.0	33.0	26.0	31.0	22.0	-1.0	-1.0	23.0	30.0	30.0	23.0	
31.0	24.0	40.0	-1.0	36.0	29.0	34.0	34.0	29.0	26.0	31.0	28.0	31.0	-1.0	-1.0	-1.0	36.0	-1.0	-1.0	-1.0	26.0	-1.0	32.0	34.0	34.0	35.0	30.0	24.0	-1.0	24.0	-1.0	29.0	-1.0	-1.0	38.0	33.0	26.0	-1.0	22.0	-1.0	14.0	23.0	30.0	30.0	23.0	

maxX :
32.0	34.0	34.0	34.0	

maxW :
40.0	38.0	40.0	40.0	

minX :
10.0	0.0	0.0	0.0	

minW :
22.0	20.0	22.0	14.0	

moyX :
19.08	18.0	19.09375	20.161290322580644	

moyW :
29.16	29.071428571428573	29.34375	29.548387096774192	

medX :
21.0	20.5	20.5	22.0	

medW :
29.0	29.5	29.0	30.0	

ecartTypeX :
6.722618537445063	8.916277250063503	7.847608612660292	8.171929823777555	

ecartTypeW :
4.258450422395452	4.628549382663547	4.413115219150753	5.434885580167344	

varX :
45.1936	79.5	61.5849609375	66.78043704474506	

varW :
18.1344	21.423469387755098	19.4755859375	29.537981269510926	

covarX :
47.07666666666667	82.44444444444444	63.57157258064516	69.00645161290322	

covarW :
18.89	22.21693121693121	20.10383064516129	30.52258064516129	

coef_variationX :
0.3523384977696574	0.4953487361146391	0.4110040517268893	0.4053277192593667	

coef_variationW :
0.1460373944580059	0.15921300087786155	0.15039370288905654	0.18393171723273763	

moy_distances_centre :	20.833333333333332
min_distances_centre :	14.0
max_distances_centre :	30.0
med_distances_centre :	20.0
ecartType_distances_centre :	6.011562932290478
var_distances_centre :	36.13888888888889
covar_distances_centre :	39.42424242424243
coef_variation_distances_centre :	0.288555020749943
capacite_X_temoin : 
35.0	35.0	42.0	38.0	
43.0	36.0	36.0	35.0	
37.0	43.0	34.0	36.0	
42.0	37.0	39.0	38.0	

capacite_W_temoin : 
38.5	36.5	47.6	47.4	
42.9	40.8	39.8	43.5	
35.1	47.9	37.2	42.8	
43.6	41.1	41.7	45.4	

demande_cumulee_X : 
7.0	9.0	7.0	2.0	
13.0	6.0	7.0	2.0	
13.0	8.0	7.0	4.0	
11.0	7.0	9.0	4.0	

demande_cumulee_W : 
6.0	7.0	7.0	5.0	
7.0	9.0	8.0	4.0	
9.0	8.0	9.0	6.0	
11.0	10.0	8.0	2.0	

capacite_residuelle_X : 
28.0	26.0	35.0	36.0	
30.0	30.0	29.0	33.0	
24.0	35.0	27.0	32.0	
31.0	30.0	30.0	34.0	

capacite_residuelle_W : 
32.5	29.5	40.6	42.4	
35.9	31.799999999999997	31.799999999999997	39.5	
26.1	39.9	28.200000000000003	36.8	
32.6	31.1	33.7	43.4	

min_capacite_X : 
35.0	35.0	34.0	37.0	

min_capacite_W : 
36.5	39.8	35.1	41.1	

max_capacite_X : 
42.0	43.0	43.0	42.0	

max_capacite_W : 
47.6	43.5	47.9	45.4	

moy_capacite_X : 
37.5	37.5	37.5	39.0	

moy_capacite_W : 
42.5	41.75	40.75	42.95	

med_capacite_X : 
36.5	36.0	36.5	38.5	

med_capacite_W : 
42.95	41.849999999999994	40.0	42.650000000000006	

ecartType_capacite_X : 
2.8722813232690143	3.2015621187164243	3.3541019662496847	1.8708286933869707	

ecartType_capacite_W : 
5.050247518686584	1.5074813431681346	4.996248592694321	1.6889345754054523	

var_capacite_X : 
8.25	10.25	11.25	3.5	

var_capacite_W : 
25.505000000000003	2.2725000000000035	24.96249999999998	2.8524999999999956	

covar_capacite_X : 
11.0	13.666666666666666	15.0	4.666666666666666	

covar_capacite_W : 
34.00666666666667	3.0300000000000047	33.2833333333333	3.8033333333333275	

##########	##########	##########	##########	##########	##########	##########	##########	##########	##########	##########	##########	##########	##########	##########	##########	##########	##########	##########	##########	##########	##########	##########	##########	##########	##########	##########	##########	##########	##########	##########	##########	##########	##########	##########	##########	##########	##########	##########	##########	##########	##########	##########	##########	##########	