nombre de noeuds : 150
nombre de strates : 3
nombre de centres : 10
titre : intelligent
instances : G6_1
temps de calcul : 0.2654409408569336
valeur objective : 819.0
nombre de solutions : 3
nombre de noeuds : 1.0
faisability : True
centre : [118, 40, 24, 54, 47, 117, 16, 55, 39, 66]
moy_distances :	128.2
min_distances :	40.0
max_distances :	230.0
var_distances :	1023.872478216697
covar_distances :	1023.9182911156282
ecartType_distances :	31.998007410098165
coef_variation	: 0.24959879716590488
distances_centre_x :
52.0	-1.0	-1.0	-1.0	-1.0	106.0	128.0	-1.0	87.0	98.0	-1.0	42.0	-1.0	-1.0	-1.0	-1.0	-1.0	-1.0	-1.0	105.0	96.0	56.0	-1.0	-1.0	59.0	-1.0	-1.0	92.0	-1.0	88.0	134.0	-1.0	41.0	81.0	-1.0	134.0	-1.0	112.0	-1.0	-1.0	0.0	-1.0	-1.0	95.0	-1.0	-1.0	-1.0	0.0	96.0	-1.0	42.0	85.0	-1.0	98.0	-1.0	0.0	86.0	50.0	96.0	90.0	-1.0	-1.0	-1.0	52.0	95.0	93.0	-1.0	-1.0	-1.0	-1.0	44.0	-1.0	-1.0	-1.0	-1.0	-1.0	87.0	-1.0	-1.0	-1.0	-1.0	45.0	-1.0	89.0	132.0	-1.0	46.0	103.0	-1.0	-1.0	53.0	56.0	-1.0	100.0	-1.0	-1.0	-1.0	-1.0	-1.0	-1.0	-1.0	-1.0	52.0	49.0	-1.0	127.0	-1.0	92.0	-1.0	-1.0	104.0	51.0	96.0	-1.0	51.0	51.0	-1.0	0.0	0.0	94.0	100.0	-1.0	-1.0	135.0	-1.0	-1.0	-1.0	54.0	-1.0	93.0	85.0	-1.0	-1.0	135.0	-1.0	108.0	101.0	-1.0	-1.0	-1.0	106.0	99.0	-1.0	99.0	-1.0	-1.0	-1.0	-1.0	42.0	-1.0	
-1.0	-1.0	-1.0	-1.0	-1.0	-1.0	99.0	96.0	-1.0	-1.0	-1.0	-1.0	-1.0	-1.0	-1.0	-1.0	-1.0	-1.0	95.0	105.0	-1.0	56.0	-1.0	-1.0	-1.0	-1.0	-1.0	-1.0	-1.0	-1.0	-1.0	-1.0	-1.0	-1.0	-1.0	-1.0	-1.0	-1.0	-1.0	-1.0	-1.0	-1.0	-1.0	-1.0	-1.0	-1.0	-1.0	103.0	-1.0	-1.0	-1.0	-1.0	-1.0	-1.0	-1.0	-1.0	-1.0	-1.0	-1.0	-1.0	-1.0	-1.0	-1.0	52.0	-1.0	-1.0	-1.0	-1.0	-1.0	-1.0	52.0	-1.0	-1.0	-1.0	-1.0	-1.0	-1.0	-1.0	-1.0	-1.0	-1.0	-1.0	-1.0	-1.0	52.0	100.0	-1.0	-1.0	-1.0	-1.0	53.0	-1.0	-1.0	-1.0	-1.0	-1.0	101.0	-1.0	-1.0	-1.0	-1.0	-1.0	52.0	-1.0	-1.0	-1.0	-1.0	-1.0	-1.0	-1.0	-1.0	-1.0	-1.0	-1.0	106.0	-1.0	-1.0	-1.0	0.0	-1.0	-1.0	-1.0	-1.0	-1.0	53.0	-1.0	-1.0	-1.0	44.0	-1.0	-1.0	-1.0	-1.0	-1.0	-1.0	-1.0	-1.0	-1.0	-1.0	-1.0	-1.0	-1.0	108.0	-1.0	94.0	-1.0	-1.0	-1.0	-1.0	-1.0	
52.0	96.0	41.0	86.0	85.0	-1.0	128.0	95.0	80.0	98.0	83.0	86.0	90.0	43.0	95.0	41.0	0.0	102.0	99.0	46.0	96.0	56.0	42.0	87.0	-1.0	82.0	82.0	-1.0	103.0	88.0	-1.0	52.0	-1.0	-1.0	108.0	106.0	81.0	-1.0	41.0	0.0	-1.0	-1.0	-1.0	-1.0	122.0	-1.0	-1.0	0.0	96.0	83.0	94.0	85.0	-1.0	98.0	0.0	-1.0	82.0	50.0	96.0	90.0	43.0	125.0	84.0	52.0	95.0	88.0	0.0	103.0	83.0	84.0	44.0	44.0	90.0	85.0	125.0	-1.0	87.0	45.0	-1.0	97.0	-1.0	45.0	87.0	89.0	52.0	97.0	-1.0	102.0	102.0	89.0	53.0	-1.0	128.0	-1.0	93.0	102.0	-1.0	-1.0	45.0	48.0	-1.0	-1.0	52.0	49.0	-1.0	-1.0	102.0	92.0	-1.0	91.0	94.0	-1.0	96.0	92.0	51.0	-1.0	106.0	-1.0	0.0	104.0	93.0	53.0	87.0	-1.0	53.0	102.0	95.0	54.0	-1.0	93.0	-1.0	-1.0	98.0	97.0	95.0	101.0	101.0	50.0	56.0	52.0	102.0	99.0	-1.0	99.0	94.0	-1.0	115.0	106.0	42.0	80.0	

distances_centre_w :
128.0	128.0	-1.0	-1.0	-1.0	-1.0	128.0	-1.0	136.0	142.0	-1.0	86.0	139.0	86.0	-1.0	-1.0	43.0	123.0	-1.0	123.0	100.0	-1.0	133.0	138.0	127.0	-1.0	-1.0	124.0	-1.0	138.0	135.0	-1.0	84.0	83.0	142.0	140.0	140.0	136.0	-1.0	139.0	43.0	-1.0	140.0	128.0	-1.0	-1.0	-1.0	103.0	127.0	91.0	-1.0	132.0	-1.0	143.0	-1.0	44.0	89.0	-1.0	106.0	142.0	102.0	-1.0	-1.0	142.0	133.0	101.0	-1.0	-1.0	142.0	-1.0	52.0	103.0	130.0	-1.0	137.0	-1.0	98.0	-1.0	94.0	143.0	-1.0	96.0	130.0	108.0	135.0	98.0	86.0	129.0	141.0	-1.0	90.0	-1.0	-1.0	131.0	137.0	-1.0	-1.0	104.0	-1.0	-1.0	-1.0	105.0	-1.0	-1.0	-1.0	138.0	-1.0	103.0	93.0	-1.0	134.0	52.0	128.0	-1.0	95.0	94.0	107.0	-1.0	103.0	-1.0	105.0	-1.0	-1.0	142.0	-1.0	102.0	96.0	97.0	-1.0	139.0	-1.0	-1.0	-1.0	141.0	-1.0	142.0	141.0	-1.0	96.0	-1.0	-1.0	-1.0	-1.0	101.0	-1.0	-1.0	-1.0	-1.0	90.0	111.0	
-1.0	138.0	-1.0	-1.0	-1.0	-1.0	-1.0	-1.0	-1.0	-1.0	-1.0	-1.0	-1.0	-1.0	95.0	-1.0	-1.0	101.0	99.0	-1.0	-1.0	-1.0	-1.0	-1.0	135.0	141.0	101.0	-1.0	-1.0	-1.0	-1.0	-1.0	102.0	-1.0	-1.0	-1.0	-1.0	-1.0	100.0	-1.0	-1.0	-1.0	-1.0	-1.0	-1.0	-1.0	141.0	-1.0	-1.0	136.0	-1.0	-1.0	139.0	-1.0	-1.0	-1.0	-1.0	-1.0	-1.0	-1.0	-1.0	-1.0	-1.0	-1.0	-1.0	93.0	-1.0	103.0	-1.0	-1.0	-1.0	-1.0	-1.0	96.0	-1.0	-1.0	-1.0	-1.0	-1.0	97.0	-1.0	97.0	-1.0	109.0	-1.0	-1.0	143.0	-1.0	-1.0	-1.0	-1.0	-1.0	-1.0	-1.0	101.0	-1.0	-1.0	-1.0	103.0	101.0	-1.0	-1.0	-1.0	-1.0	-1.0	-1.0	-1.0	-1.0	-1.0	-1.0	104.0	52.0	-1.0	-1.0	-1.0	-1.0	-1.0	-1.0	-1.0	-1.0	-1.0	-1.0	-1.0	-1.0	-1.0	-1.0	-1.0	-1.0	-1.0	-1.0	-1.0	99.0	-1.0	-1.0	-1.0	-1.0	-1.0	-1.0	-1.0	-1.0	106.0	-1.0	-1.0	-1.0	-1.0	-1.0	-1.0	-1.0	-1.0	-1.0	
98.0	128.0	139.0	137.0	85.0	-1.0	128.0	96.0	136.0	140.0	138.0	129.0	139.0	86.0	99.0	97.0	43.0	123.0	127.0	98.0	100.0	106.0	86.0	138.0	-1.0	125.0	101.0	-1.0	121.0	96.0	-1.0	93.0	-1.0	-1.0	125.0	134.0	82.0	-1.0	100.0	56.0	-1.0	-1.0	-1.0	-1.0	123.0	-1.0	-1.0	103.0	127.0	131.0	132.0	137.0	-1.0	99.0	141.0	-1.0	86.0	93.0	106.0	106.0	43.0	141.0	86.0	139.0	141.0	93.0	43.0	124.0	130.0	130.0	52.0	100.0	102.0	87.0	131.0	-1.0	130.0	101.0	-1.0	101.0	-1.0	139.0	130.0	132.0	135.0	100.0	-1.0	105.0	141.0	99.0	90.0	-1.0	130.0	-1.0	101.0	130.0	-1.0	-1.0	102.0	101.0	-1.0	-1.0	132.0	101.0	-1.0	-1.0	136.0	103.0	-1.0	92.0	104.0	-1.0	128.0	100.0	95.0	-1.0	107.0	-1.0	103.0	141.0	100.0	109.0	94.0	-1.0	90.0	107.0	96.0	97.0	-1.0	135.0	-1.0	-1.0	140.0	141.0	126.0	106.0	141.0	89.0	94.0	103.0	106.0	101.0	-1.0	114.0	101.0	-1.0	124.0	107.0	111.0	87.0	

maxX :
135.0	108.0	128.0	

maxW :
143.0	143.0	141.0	

minX :
0.0	0.0	0.0	

minW :
43.0	52.0	43.0	

moyX :
78.3030303030303	74.78947368421052	78.03539823008849	

moyW :
114.4235294117647	108.92307692307692	110.46902654867256	

medX :
89.5	94.0	88.0	

medW :
124.0	101.5	106.0	

ecartTypeX :
34.9024483368742	29.773847491713827	29.31668080656436	

ecartTypeW :
25.718556573982433	20.754838318075798	22.51727784851579	

varX :
1218.180899908173	886.4819944598337	859.4677735139792	

varW :
661.4441522491351	430.76331360946745	507.0278017072598	

covarX :
1236.922144522145	935.7309941520466	867.141592920354	

covarW :
669.318487394958	447.99384615384616	511.5548356510746	

coef_variationX :
0.44573560182540584	0.3981021128378345	0.3756843877457216	

coef_variationW :
0.22476632827354584	0.19054583201623262	0.20383340518162976	

moy_distances_centre :	128.0222222222222
min_distances_centre :	43.0
max_distances_centre :	194.0
med_distances_centre :	139.0
ecartType_distances_centre :	38.71347103407511
var_distances_centre :	1498.732839506173
covar_distances_centre :	1515.5725343320848
coef_variation_distances_centre :	0.30239649306255517
capacite_X_temoin : 
1633.0	1801.0	0.0	1881.0	1692.0	1623.0	1485.0	1762.0	1485.0	1702.0	
1683.0	1930.0	1920.0	1772.0	1801.0	1762.0	1910.0	0.0	1732.0	1970.0	
1613.0	1623.0	1673.0	1791.0	1772.0	1890.0	1485.0	1742.0	1831.0	1881.0	

capacite_W_temoin : 
770.9	803.3	0.0	1641.3	1189.6	1124.9	609.5	1895.6	1330.5	1163.6	
1282.9	1065.0	1177.0	1303.6	1277.3	1580.6	1061.0	0.0	1626.6	1618.0	
1561.9	547.9	728.9	1634.3	1259.6	1725.0	714.5	1377.6	1949.3	1114.3	

demande_cumulee_X : 
1352.0	1538.0	0.0	804.0	1010.0	985.0	1321.0	395.0	600.0	1049.0	
905.0	1444.0	1319.0	1000.0	1064.0	710.0	1422.0	0.0	625.0	943.0	
535.0	1562.0	1446.0	694.0	1044.0	732.0	1216.0	887.0	431.0	1331.0	

demande_cumulee_W : 
548.0	753.0	0.0	1572.0	934.0	905.0	597.0	1723.0	1011.0	1011.0	
1162.0	1044.0	1094.0	1122.0	1134.0	548.0	896.0	0.0	881.0	1551.0	
1455.0	418.0	672.0	1557.0	1222.0	714.0	706.0	1155.0	1003.0	976.0	

capacite_residuelle_X : 
281.0	263.0	0.0	1077.0	682.0	638.0	164.0	1367.0	885.0	653.0	
778.0	486.0	601.0	772.0	737.0	1052.0	488.0	0.0	1107.0	1027.0	
1078.0	61.0	227.0	1097.0	728.0	1158.0	269.0	855.0	1400.0	550.0	

capacite_residuelle_W : 
222.89999999999998	50.299999999999955	0.0	69.29999999999995	255.5999999999999	219.9000000000001	12.5	172.5999999999999	319.5	152.5999999999999	
120.90000000000009	21.0	83.0	181.5999999999999	143.29999999999995	1032.6	165.0	0.0	745.5999999999999	67.0	
106.90000000000009	129.89999999999998	56.89999999999998	77.29999999999995	37.59999999999991	1011.0	8.5	222.5999999999999	946.3	138.29999999999995	

min_capacite_X : 
0.0	0.0	1485.0	

min_capacite_W : 
0.0	0.0	547.9	

max_capacite_X : 
1881.0	1970.0	1890.0	

max_capacite_W : 
1895.6	1626.6	1949.3	

moy_capacite_X : 
1506.4	1648.0	1730.1	

moy_capacite_W : 
1052.92	1199.2	1261.33	

med_capacite_X : 
1662.5	1786.5	1757.0	

med_capacite_W : 
1144.25	1280.1	1318.6	

ecartType_capacite_X : 
516.229832535858	556.9382371502247	123.54873532335326	

ecartType_capacite_W : 
511.5243020619841	447.5731426258729	452.1468988061292	

var_capacite_X : 
266493.24	310180.2	15264.289999999997	

var_capacite_W : 
261657.11159999995	200321.71799999996	204436.8181	

covar_capacite_X : 
296103.6	344644.6666666666	16960.32222222222	

covar_capacite_W : 
290730.12399999995	222579.68666666662	227152.02011111108	

##########	##########	##########	##########	##########	##########	##########	##########	##########	##########	##########	##########	##########	##########	##########	##########	##########	##########	##########	##########	##########	##########	##########	##########	##########	##########	##########	##########	##########	##########	##########	##########	##########	##########	##########	##########	##########	##########	##########	##########	##########	##########	##########	##########	##########	##########	##########	##########	##########	##########	##########	##########	##########	##########	##########	##########	##########	##########	##########	##########	##########	##########	##########	##########	##########	##########	##########	##########	##########	##########	##########	##########	##########	##########	##########	##########	##########	##########	##########	##########	##########	##########	##########	##########	##########	##########	##########	##########	##########	##########	##########	##########	##########	##########	##########	##########	##########	##########	##########	##########	##########	##########	##########	##########	##########	##########	##########	##########	##########	##########	##########	##########	##########	##########	##########	##########	##########	##########	##########	##########	##########	##########	##########	##########	##########	##########	##########	##########	##########	##########	##########	##########	##########	##########	##########	##########	##########	##########	##########	##########	##########	##########	##########	##########	##########	##########	##########	##########	##########	##########	nombre de noeuds : 150
nombre de strates : 3
nombre de centres : 10
titre : intelligent
instances : G6_1
temps de calcul : 0.17789483070373535
valeur objective : 830.0
nombre de solutions : 3
nombre de noeuds : 1.0
faisability : True
centre : [118, 40, 24, 47, 117, 16, 55, 39, 66, 80]
moy_distances :	128.2
min_distances :	40.0
max_distances :	230.0
var_distances :	1023.872478216697
covar_distances :	1023.9182911156282
ecartType_distances :	31.998007410098165
coef_variation	: 0.24959879716590488
distances_centre_x :
52.0	98.0	-1.0	-1.0	-1.0	106.0	-1.0	-1.0	-1.0	98.0	-1.0	42.0	-1.0	43.0	-1.0	-1.0	-1.0	87.0	-1.0	-1.0	96.0	56.0	129.0	-1.0	59.0	-1.0	-1.0	92.0	-1.0	88.0	-1.0	-1.0	41.0	81.0	104.0	113.0	-1.0	112.0	-1.0	99.0	0.0	-1.0	104.0	95.0	-1.0	-1.0	-1.0	0.0	96.0	-1.0	42.0	85.0	-1.0	98.0	-1.0	0.0	89.0	50.0	96.0	-1.0	102.0	-1.0	-1.0	52.0	-1.0	93.0	-1.0	-1.0	-1.0	-1.0	44.0	-1.0	-1.0	-1.0	132.0	-1.0	131.0	-1.0	-1.0	56.0	-1.0	96.0	86.0	89.0	52.0	98.0	46.0	102.0	102.0	-1.0	53.0	-1.0	-1.0	100.0	101.0	-1.0	-1.0	-1.0	-1.0	-1.0	135.0	-1.0	52.0	101.0	-1.0	104.0	-1.0	92.0	-1.0	-1.0	104.0	51.0	128.0	-1.0	95.0	51.0	-1.0	0.0	0.0	52.0	100.0	-1.0	-1.0	-1.0	-1.0	102.0	-1.0	54.0	-1.0	93.0	85.0	-1.0	-1.0	-1.0	-1.0	106.0	101.0	-1.0	-1.0	-1.0	106.0	99.0	-1.0	101.0	-1.0	-1.0	-1.0	-1.0	42.0	87.0	
-1.0	-1.0	-1.0	-1.0	-1.0	-1.0	-1.0	96.0	-1.0	-1.0	-1.0	-1.0	-1.0	-1.0	-1.0	-1.0	-1.0	-1.0	-1.0	-1.0	-1.0	56.0	-1.0	-1.0	-1.0	-1.0	-1.0	-1.0	-1.0	-1.0	-1.0	-1.0	-1.0	-1.0	104.0	-1.0	-1.0	-1.0	100.0	-1.0	-1.0	-1.0	-1.0	-1.0	-1.0	43.0	104.0	-1.0	-1.0	-1.0	-1.0	-1.0	-1.0	-1.0	-1.0	-1.0	-1.0	-1.0	-1.0	-1.0	-1.0	-1.0	-1.0	52.0	-1.0	-1.0	-1.0	-1.0	-1.0	-1.0	52.0	-1.0	-1.0	-1.0	-1.0	-1.0	98.0	-1.0	-1.0	56.0	0.0	97.0	86.0	89.0	52.0	-1.0	-1.0	-1.0	-1.0	-1.0	53.0	-1.0	-1.0	-1.0	-1.0	-1.0	91.0	-1.0	-1.0	-1.0	-1.0	-1.0	52.0	-1.0	-1.0	-1.0	-1.0	-1.0	98.0	-1.0	-1.0	-1.0	-1.0	-1.0	106.0	94.0	-1.0	-1.0	0.0	52.0	-1.0	-1.0	-1.0	-1.0	53.0	-1.0	-1.0	-1.0	44.0	-1.0	-1.0	-1.0	-1.0	-1.0	-1.0	-1.0	-1.0	-1.0	-1.0	-1.0	-1.0	-1.0	100.0	-1.0	94.0	-1.0	-1.0	-1.0	-1.0	-1.0	
52.0	-1.0	-1.0	-1.0	-1.0	-1.0	99.0	96.0	-1.0	-1.0	-1.0	-1.0	100.0	-1.0	-1.0	-1.0	-1.0	-1.0	99.0	105.0	-1.0	56.0	-1.0	-1.0	-1.0	-1.0	-1.0	-1.0	-1.0	-1.0	-1.0	52.0	-1.0	-1.0	-1.0	-1.0	-1.0	-1.0	-1.0	-1.0	-1.0	-1.0	-1.0	-1.0	-1.0	-1.0	-1.0	-1.0	-1.0	-1.0	-1.0	-1.0	-1.0	98.0	-1.0	-1.0	-1.0	-1.0	-1.0	-1.0	102.0	-1.0	-1.0	52.0	95.0	-1.0	-1.0	-1.0	-1.0	-1.0	-1.0	-1.0	-1.0	-1.0	-1.0	-1.0	98.0	-1.0	-1.0	-1.0	-1.0	-1.0	-1.0	-1.0	52.0	100.0	-1.0	103.0	138.0	-1.0	53.0	-1.0	-1.0	-1.0	-1.0	-1.0	-1.0	-1.0	-1.0	-1.0	-1.0	-1.0	52.0	-1.0	-1.0	-1.0	102.0	-1.0	-1.0	-1.0	-1.0	-1.0	-1.0	-1.0	-1.0	-1.0	-1.0	-1.0	0.0	104.0	-1.0	-1.0	-1.0	-1.0	53.0	-1.0	-1.0	-1.0	-1.0	-1.0	-1.0	-1.0	-1.0	-1.0	-1.0	-1.0	-1.0	-1.0	-1.0	-1.0	-1.0	-1.0	-1.0	-1.0	94.0	-1.0	-1.0	-1.0	-1.0	111.0	

distances_centre_w :
129.0	128.0	-1.0	-1.0	-1.0	131.0	47.0	-1.0	90.0	142.0	-1.0	104.0	100.0	-1.0	-1.0	-1.0	43.0	123.0	-1.0	98.0	100.0	-1.0	141.0	140.0	124.0	-1.0	-1.0	124.0	-1.0	96.0	99.0	-1.0	84.0	83.0	-1.0	140.0	82.0	136.0	-1.0	101.0	43.0	-1.0	135.0	128.0	-1.0	-1.0	-1.0	103.0	127.0	84.0	141.0	108.0	-1.0	-1.0	-1.0	136.0	98.0	-1.0	101.0	133.0	-1.0	-1.0	-1.0	86.0	141.0	101.0	-1.0	-1.0	142.0	-1.0	52.0	-1.0	130.0	-1.0	137.0	-1.0	138.0	132.0	-1.0	-1.0	-1.0	97.0	130.0	108.0	104.0	100.0	-1.0	-1.0	102.0	-1.0	-1.0	-1.0	-1.0	129.0	-1.0	-1.0	-1.0	135.0	-1.0	-1.0	-1.0	138.0	-1.0	-1.0	-1.0	138.0	-1.0	136.0	102.0	-1.0	134.0	52.0	-1.0	-1.0	106.0	-1.0	106.0	139.0	136.0	-1.0	105.0	-1.0	-1.0	142.0	-1.0	107.0	96.0	97.0	-1.0	110.0	-1.0	-1.0	-1.0	141.0	-1.0	107.0	141.0	-1.0	94.0	-1.0	-1.0	-1.0	-1.0	111.0	-1.0	-1.0	-1.0	-1.0	90.0	111.0	
-1.0	-1.0	139.0	-1.0	-1.0	-1.0	-1.0	-1.0	-1.0	-1.0	-1.0	-1.0	-1.0	-1.0	95.0	-1.0	45.0	-1.0	-1.0	-1.0	-1.0	-1.0	-1.0	-1.0	59.0	-1.0	101.0	-1.0	-1.0	96.0	-1.0	-1.0	102.0	135.0	-1.0	-1.0	-1.0	-1.0	-1.0	101.0	-1.0	86.0	-1.0	-1.0	-1.0	-1.0	-1.0	103.0	-1.0	-1.0	-1.0	132.0	139.0	-1.0	-1.0	-1.0	98.0	138.0	-1.0	-1.0	-1.0	-1.0	-1.0	-1.0	-1.0	93.0	-1.0	-1.0	-1.0	101.0	-1.0	-1.0	-1.0	96.0	-1.0	-1.0	-1.0	-1.0	138.0	-1.0	-1.0	-1.0	-1.0	-1.0	-1.0	-1.0	-1.0	-1.0	-1.0	99.0	-1.0	-1.0	-1.0	-1.0	101.0	-1.0	-1.0	-1.0	103.0	101.0	-1.0	-1.0	-1.0	-1.0	101.0	-1.0	-1.0	-1.0	-1.0	-1.0	104.0	52.0	-1.0	-1.0	-1.0	-1.0	-1.0	-1.0	-1.0	-1.0	-1.0	-1.0	-1.0	-1.0	-1.0	-1.0	-1.0	-1.0	-1.0	110.0	-1.0	99.0	107.0	-1.0	-1.0	-1.0	-1.0	-1.0	-1.0	-1.0	106.0	-1.0	108.0	-1.0	-1.0	89.0	-1.0	-1.0	-1.0	111.0	
142.0	-1.0	-1.0	-1.0	-1.0	-1.0	-1.0	-1.0	-1.0	-1.0	140.0	-1.0	-1.0	100.0	95.0	-1.0	-1.0	-1.0	-1.0	-1.0	-1.0	-1.0	141.0	-1.0	-1.0	-1.0	101.0	-1.0	-1.0	-1.0	-1.0	-1.0	-1.0	-1.0	142.0	106.0	-1.0	-1.0	100.0	-1.0	-1.0	-1.0	-1.0	-1.0	-1.0	-1.0	-1.0	-1.0	-1.0	100.0	-1.0	137.0	-1.0	-1.0	142.0	-1.0	141.0	-1.0	-1.0	142.0	-1.0	141.0	134.0	142.0	-1.0	93.0	-1.0	103.0	-1.0	-1.0	52.0	-1.0	-1.0	-1.0	-1.0	-1.0	-1.0	-1.0	-1.0	-1.0	-1.0	97.0	-1.0	-1.0	-1.0	-1.0	-1.0	-1.0	141.0	-1.0	-1.0	-1.0	-1.0	-1.0	101.0	-1.0	-1.0	-1.0	103.0	101.0	-1.0	-1.0	-1.0	-1.0	-1.0	-1.0	-1.0	103.0	-1.0	-1.0	104.0	-1.0	-1.0	-1.0	-1.0	-1.0	-1.0	-1.0	-1.0	-1.0	-1.0	-1.0	-1.0	-1.0	-1.0	-1.0	-1.0	-1.0	-1.0	-1.0	-1.0	-1.0	-1.0	-1.0	-1.0	-1.0	141.0	-1.0	-1.0	-1.0	106.0	-1.0	-1.0	-1.0	-1.0	-1.0	141.0	-1.0	-1.0	-1.0	

maxX :
135.0	106.0	138.0	

maxW :
142.0	139.0	142.0	

minX :
0.0	0.0	0.0	

minW :
43.0	45.0	52.0	

moyX :
80.0945945945946	71.18518518518519	82.64	

moyW :
112.17105263157895	102.66666666666667	117.73333333333333	

medX :
93.0	86.0	98.0	

medW :
109.0	101.0	106.0	

ecartTypeX :
32.814453357628416	30.02966069175612	29.698323184988073	

ecartTypeW :
25.244274055242254	21.87937546428304	23.1674100600151	

varX :
1076.7883491599707	901.7805212620027	881.9904000000001	

varW :
637.2733725761773	478.7070707070707	536.728888888889	

covarX :
1091.5388744909294	936.4643874643875	918.74	

covarW :
645.7703508771932	493.66666666666674	555.2367816091954	

coef_variationX :
0.4096962288619036	0.4218526736094772	0.35936983524912963	

coef_variationW :
0.2250515927505468	0.21311079997678284	0.1967786811439561	

moy_distances_centre :	120.66666666666667
min_distances_centre :	43.0
max_distances_centre :	194.0
med_distances_centre :	132.0
ecartType_distances_centre :	38.302886459261934
var_distances_centre :	1467.111111111111
covar_distances_centre :	1483.5955056179776
coef_variation_distances_centre :	0.317427235850237
capacite_X_temoin : 
1633.0	1801.0	0.0	1881.0	1692.0	1485.0	1762.0	1702.0	1485.0	1702.0	
1683.0	1930.0	1920.0	1772.0	1801.0	1910.0	0.0	1762.0	1732.0	1970.0	
1613.0	1623.0	1673.0	1791.0	1772.0	1485.0	1742.0	0.0	1831.0	1881.0	

capacite_W_temoin : 
1154.9	990.3	0.0	1336.3	954.5999999999999	869.5	1346.6	1584.6	1229.5	1165.6	
1353.9	686.0	1263.0	1409.6	1386.3	1050.0	0.0	1509.6	1845.6	1488.0	
1495.9	618.9	904.9	1452.3	1087.6	497.5	1342.6	0.0	1622.3	1134.3	

demande_cumulee_X : 
968.0	1351.0	0.0	1109.0	1245.0	1061.0	944.0	628.0	701.0	1047.0	
834.0	1823.0	1233.0	894.0	955.0	1433.0	0.0	781.0	406.0	1073.0	
601.0	1491.0	1270.0	876.0	1216.0	1433.0	922.0	0.0	758.0	1311.0	

demande_cumulee_W : 
1138.0	972.0	0.0	1178.0	910.0	855.0	1250.0	698.0	1045.0	1008.0	
1263.0	665.0	908.0	1329.0	1331.0	1047.0	0.0	862.0	755.0	1272.0	
1495.0	539.0	859.0	1415.0	1054.0	497.0	1296.0	0.0	1610.0	1113.0	

capacite_residuelle_X : 
665.0	450.0	0.0	772.0	447.0	424.0	818.0	1074.0	784.0	655.0	
849.0	107.0	687.0	878.0	846.0	477.0	0.0	981.0	1326.0	897.0	
1012.0	132.0	403.0	915.0	556.0	52.0	820.0	0.0	1073.0	570.0	

capacite_residuelle_W : 
16.90000000000009	18.299999999999955	0.0	158.29999999999995	44.59999999999991	14.5	96.59999999999991	886.5999999999999	184.5	157.5999999999999	
90.90000000000009	21.0	355.0	80.59999999999991	55.299999999999955	3.0	0.0	647.5999999999999	1090.6	216.0	
0.900000000000091	79.89999999999998	45.89999999999998	37.299999999999955	33.59999999999991	0.5	46.59999999999991	0.0	12.299999999999955	21.299999999999955	

min_capacite_X : 
0.0	0.0	0.0	

min_capacite_W : 
0.0	0.0	0.0	

max_capacite_X : 
1881.0	1970.0	1881.0	

max_capacite_W : 
1584.6	1845.6	1622.3	

moy_capacite_X : 
1514.3	1648.0	1541.1	

moy_capacite_W : 
1063.19	1199.2	1015.6299999999999	

med_capacite_X : 
1697.0	1786.5	1707.5	

med_capacite_W : 
1160.25	1370.1	1110.9499999999998	

ecartType_capacite_X : 
518.55299632728	556.9382371502247	525.6530129277297	

ecartType_capacite_W : 
407.2259531267623	492.8061667633634	488.3829338746389	

var_capacite_X : 
268897.21	310180.2	276311.09	

var_capacite_W : 
165832.9769	242857.91799999998	238517.89009999996	

covar_capacite_X : 
298774.67777777783	344644.6666666666	307012.3222222222	

covar_capacite_W : 
184258.8632222222	269842.1311111111	265019.8778888888	

##########	##########	##########	##########	##########	##########	##########	##########	##########	##########	##########	##########	##########	##########	##########	##########	##########	##########	##########	##########	##########	##########	##########	##########	##########	##########	##########	##########	##########	##########	##########	##########	##########	##########	##########	##########	##########	##########	##########	##########	##########	##########	##########	##########	##########	##########	##########	##########	##########	##########	##########	##########	##########	##########	##########	##########	##########	##########	##########	##########	##########	##########	##########	##########	##########	##########	##########	##########	##########	##########	##########	##########	##########	##########	##########	##########	##########	##########	##########	##########	##########	##########	##########	##########	##########	##########	##########	##########	##########	##########	##########	##########	##########	##########	##########	##########	##########	##########	##########	##########	##########	##########	##########	##########	##########	##########	##########	##########	##########	##########	##########	##########	##########	##########	##########	##########	##########	##########	##########	##########	##########	##########	##########	##########	##########	##########	##########	##########	##########	##########	##########	##########	##########	##########	##########	##########	##########	##########	##########	##########	##########	##########	##########	##########	##########	##########	##########	##########	##########	##########	nombre de noeuds : 150
nombre de strates : 3
nombre de centres : 10
titre : intelligent
instances : G6_1
temps de calcul : 0.17743492126464844
valeur objective : 828.0
nombre de solutions : 3
nombre de noeuds : 1.0
faisability : True
centre : [118, 40, 24, 47, 117, 16, 55, 39, 66, 90]
moy_distances :	128.2
min_distances :	40.0
max_distances :	230.0
var_distances :	1023.872478216697
covar_distances :	1023.9182911156282
ecartType_distances :	31.998007410098165
coef_variation	: 0.24959879716590488
distances_centre_x :
52.0	-1.0	-1.0	-1.0	-1.0	106.0	47.0	-1.0	133.0	97.0	-1.0	42.0	100.0	43.0	-1.0	-1.0	-1.0	98.0	-1.0	-1.0	47.0	56.0	42.0	-1.0	127.0	-1.0	-1.0	92.0	-1.0	88.0	101.0	-1.0	41.0	81.0	89.0	106.0	-1.0	112.0	-1.0	-1.0	0.0	-1.0	125.0	84.0	-1.0	-1.0	-1.0	0.0	96.0	124.0	42.0	85.0	-1.0	98.0	-1.0	0.0	-1.0	50.0	96.0	-1.0	102.0	-1.0	-1.0	-1.0	95.0	40.0	-1.0	-1.0	-1.0	-1.0	44.0	84.0	132.0	-1.0	94.0	-1.0	98.0	-1.0	-1.0	97.0	-1.0	96.0	-1.0	89.0	135.0	93.0	46.0	-1.0	102.0	-1.0	-1.0	-1.0	-1.0	47.0	101.0	-1.0	-1.0	-1.0	-1.0	-1.0	-1.0	-1.0	49.0	49.0	-1.0	127.0	-1.0	50.0	-1.0	-1.0	104.0	51.0	126.0	-1.0	51.0	51.0	-1.0	0.0	0.0	94.0	52.0	-1.0	-1.0	-1.0	-1.0	-1.0	-1.0	54.0	-1.0	93.0	85.0	-1.0	-1.0	97.0	-1.0	103.0	96.0	-1.0	-1.0	-1.0	106.0	99.0	-1.0	99.0	-1.0	-1.0	-1.0	-1.0	42.0	111.0	
-1.0	-1.0	129.0	-1.0	-1.0	-1.0	99.0	96.0	-1.0	-1.0	-1.0	-1.0	-1.0	47.0	-1.0	-1.0	-1.0	102.0	-1.0	-1.0	-1.0	56.0	-1.0	-1.0	-1.0	-1.0	-1.0	-1.0	-1.0	-1.0	-1.0	-1.0	-1.0	-1.0	89.0	-1.0	-1.0	-1.0	-1.0	-1.0	-1.0	-1.0	-1.0	-1.0	-1.0	-1.0	97.0	-1.0	-1.0	47.0	-1.0	-1.0	-1.0	-1.0	-1.0	-1.0	-1.0	-1.0	-1.0	-1.0	-1.0	-1.0	-1.0	52.0	-1.0	40.0	-1.0	-1.0	-1.0	-1.0	52.0	-1.0	-1.0	-1.0	-1.0	-1.0	-1.0	-1.0	-1.0	-1.0	-1.0	97.0	-1.0	93.0	52.0	93.0	-1.0	-1.0	-1.0	47.0	0.0	-1.0	-1.0	-1.0	89.0	-1.0	100.0	-1.0	-1.0	-1.0	-1.0	-1.0	49.0	-1.0	96.0	-1.0	-1.0	-1.0	102.0	90.0	-1.0	-1.0	126.0	-1.0	98.0	-1.0	-1.0	-1.0	0.0	-1.0	52.0	-1.0	-1.0	-1.0	-1.0	-1.0	-1.0	-1.0	44.0	-1.0	-1.0	-1.0	-1.0	-1.0	-1.0	-1.0	96.0	-1.0	-1.0	-1.0	-1.0	-1.0	104.0	-1.0	91.0	-1.0	-1.0	-1.0	-1.0	111.0	
52.0	-1.0	-1.0	-1.0	-1.0	-1.0	-1.0	96.0	-1.0	-1.0	-1.0	-1.0	100.0	-1.0	-1.0	-1.0	-1.0	-1.0	-1.0	105.0	-1.0	56.0	-1.0	-1.0	-1.0	-1.0	-1.0	-1.0	-1.0	-1.0	-1.0	52.0	-1.0	-1.0	-1.0	-1.0	-1.0	-1.0	-1.0	-1.0	-1.0	-1.0	-1.0	-1.0	-1.0	-1.0	-1.0	-1.0	-1.0	-1.0	-1.0	-1.0	-1.0	98.0	-1.0	-1.0	-1.0	-1.0	-1.0	-1.0	102.0	-1.0	-1.0	52.0	95.0	-1.0	-1.0	-1.0	-1.0	-1.0	-1.0	-1.0	-1.0	-1.0	-1.0	-1.0	-1.0	-1.0	-1.0	-1.0	-1.0	-1.0	-1.0	-1.0	52.0	100.0	-1.0	103.0	138.0	-1.0	53.0	-1.0	-1.0	-1.0	-1.0	-1.0	-1.0	-1.0	-1.0	-1.0	-1.0	-1.0	52.0	-1.0	-1.0	-1.0	102.0	-1.0	-1.0	-1.0	-1.0	-1.0	-1.0	-1.0	-1.0	-1.0	-1.0	-1.0	0.0	104.0	-1.0	-1.0	-1.0	-1.0	53.0	-1.0	-1.0	-1.0	-1.0	-1.0	-1.0	-1.0	-1.0	-1.0	-1.0	-1.0	-1.0	-1.0	-1.0	-1.0	-1.0	-1.0	-1.0	-1.0	94.0	-1.0	-1.0	-1.0	-1.0	111.0	

distances_centre_w :
-1.0	130.0	-1.0	-1.0	-1.0	131.0	-1.0	-1.0	139.0	98.0	-1.0	86.0	-1.0	47.0	-1.0	-1.0	86.0	101.0	-1.0	132.0	138.0	-1.0	86.0	129.0	135.0	-1.0	-1.0	124.0	-1.0	96.0	133.0	-1.0	84.0	136.0	-1.0	140.0	82.0	136.0	-1.0	102.0	43.0	-1.0	140.0	-1.0	-1.0	-1.0	-1.0	103.0	127.0	136.0	-1.0	132.0	-1.0	-1.0	-1.0	44.0	98.0	93.0	106.0	132.0	138.0	-1.0	-1.0	129.0	141.0	93.0	-1.0	-1.0	142.0	-1.0	52.0	-1.0	137.0	-1.0	-1.0	-1.0	131.0	106.0	94.0	138.0	-1.0	97.0	-1.0	108.0	141.0	-1.0	86.0	105.0	141.0	-1.0	137.0	-1.0	-1.0	102.0	-1.0	-1.0	-1.0	135.0	-1.0	-1.0	142.0	138.0	52.0	-1.0	-1.0	-1.0	-1.0	92.0	93.0	-1.0	104.0	-1.0	139.0	-1.0	95.0	138.0	106.0	-1.0	-1.0	104.0	100.0	-1.0	-1.0	138.0	-1.0	107.0	110.0	97.0	-1.0	142.0	-1.0	-1.0	-1.0	141.0	-1.0	106.0	101.0	-1.0	94.0	-1.0	-1.0	-1.0	-1.0	101.0	-1.0	-1.0	-1.0	-1.0	-1.0	113.0	
-1.0	-1.0	139.0	-1.0	-1.0	-1.0	136.0	-1.0	139.0	-1.0	-1.0	94.0	-1.0	-1.0	95.0	-1.0	-1.0	-1.0	-1.0	129.0	-1.0	-1.0	106.0	-1.0	-1.0	-1.0	83.0	-1.0	-1.0	-1.0	-1.0	-1.0	102.0	-1.0	-1.0	-1.0	-1.0	-1.0	100.0	128.0	-1.0	-1.0	-1.0	-1.0	-1.0	-1.0	-1.0	-1.0	-1.0	-1.0	94.0	-1.0	-1.0	-1.0	-1.0	-1.0	98.0	-1.0	-1.0	-1.0	-1.0	-1.0	-1.0	-1.0	-1.0	-1.0	96.0	103.0	-1.0	-1.0	-1.0	84.0	-1.0	96.0	-1.0	-1.0	-1.0	-1.0	-1.0	-1.0	-1.0	-1.0	-1.0	-1.0	-1.0	-1.0	-1.0	-1.0	-1.0	-1.0	53.0	-1.0	-1.0	-1.0	-1.0	-1.0	101.0	-1.0	103.0	98.0	-1.0	-1.0	52.0	-1.0	108.0	-1.0	-1.0	-1.0	-1.0	-1.0	-1.0	52.0	-1.0	-1.0	-1.0	94.0	99.0	-1.0	-1.0	-1.0	-1.0	-1.0	-1.0	-1.0	-1.0	-1.0	-1.0	-1.0	-1.0	-1.0	-1.0	99.0	136.0	-1.0	-1.0	103.0	-1.0	-1.0	-1.0	-1.0	106.0	-1.0	108.0	-1.0	94.0	-1.0	-1.0	-1.0	-1.0	139.0	
142.0	-1.0	-1.0	-1.0	-1.0	-1.0	-1.0	-1.0	-1.0	-1.0	140.0	-1.0	-1.0	100.0	95.0	-1.0	-1.0	-1.0	99.0	-1.0	-1.0	-1.0	141.0	140.0	-1.0	-1.0	101.0	-1.0	-1.0	-1.0	-1.0	-1.0	-1.0	-1.0	142.0	106.0	-1.0	-1.0	100.0	-1.0	-1.0	-1.0	-1.0	-1.0	-1.0	-1.0	-1.0	-1.0	-1.0	100.0	141.0	137.0	-1.0	-1.0	142.0	-1.0	141.0	-1.0	-1.0	142.0	-1.0	141.0	134.0	142.0	-1.0	93.0	-1.0	103.0	-1.0	-1.0	52.0	-1.0	-1.0	-1.0	-1.0	-1.0	-1.0	-1.0	-1.0	-1.0	-1.0	97.0	-1.0	-1.0	-1.0	-1.0	-1.0	-1.0	141.0	-1.0	-1.0	-1.0	-1.0	-1.0	-1.0	-1.0	-1.0	-1.0	103.0	101.0	-1.0	-1.0	-1.0	-1.0	-1.0	-1.0	-1.0	103.0	-1.0	-1.0	104.0	-1.0	-1.0	-1.0	-1.0	-1.0	-1.0	-1.0	-1.0	-1.0	-1.0	-1.0	-1.0	-1.0	-1.0	-1.0	-1.0	-1.0	-1.0	-1.0	-1.0	-1.0	-1.0	-1.0	-1.0	-1.0	141.0	-1.0	-1.0	-1.0	106.0	-1.0	-1.0	-1.0	-1.0	-1.0	141.0	-1.0	-1.0	-1.0	

maxX :
135.0	129.0	138.0	

maxW :
142.0	139.0	142.0	

minX :
0.0	0.0	0.0	

minW :
43.0	52.0	52.0	

moyX :
78.16216216216216	76.84848484848484	80.45454545454545	

moyW :
112.25	102.03030303030303	119.09375	

medX :
92.5	91.0	95.5	

medW :
107.5	100.0	120.0	

ecartTypeX :
34.52262361511652	31.85299682596953	31.023051946352986	

ecartTypeW :
25.823859326721788	22.326075050955552	23.150809077384316	

varX :
1191.8115412710008	1014.6134067952249	962.4297520661158	

varW :
666.8717105263158	498.4536271809	535.9599609375	

covarX :
1208.1377267678636	1046.3200757575758	1008.2597402597403	

covarW :
675.7633333333333	514.0303030303031	553.2489919354839	

coef_variationX :
0.44167948608551566	0.4144908892969221	0.38559725583037613	

coef_variationW :
0.23005665324473754	0.21881808039249576	0.19439146955557549	

moy_distances_centre :	120.62222222222222
min_distances_centre :	43.0
max_distances_centre :	194.0
med_distances_centre :	131.0
ecartType_distances_centre :	37.60690769224239
var_distances_centre :	1414.2795061728395
covar_distances_centre :	1430.170287141074
coef_variation_distances_centre :	0.31177429000569407
capacite_X_temoin : 
1633.0	1801.0	0.0	1881.0	1692.0	1485.0	1762.0	1485.0	1485.0	1702.0	
1683.0	1930.0	1920.0	1772.0	1801.0	1910.0	0.0	1841.0	1732.0	1970.0	
1613.0	1623.0	1673.0	1791.0	1772.0	1485.0	1742.0	0.0	1831.0	1881.0	

capacite_W_temoin : 
1248.9	978.3	0.0	1516.3	1238.6	541.5	1506.6	554.5	1553.5	1211.6	
1323.9	1195.0	1488.0	1330.6	1116.3	1213.0	0.0	785.3	1984.6	1658.0	
1313.9	487.9	974.9	1254.3	1058.6	671.5	1342.6	0.0	1821.3	1231.3	

demande_cumulee_X : 
874.0	1363.0	0.0	929.0	961.0	1389.0	784.0	1376.0	377.0	1001.0	
864.0	1314.0	1008.0	973.0	1225.0	1270.0	0.0	1608.0	267.0	903.0	
783.0	1622.0	1200.0	1074.0	1245.0	1259.0	922.0	0.0	559.0	1214.0	

demande_cumulee_W : 
1170.0	952.0	0.0	1452.0	1221.0	504.0	1236.0	491.0	857.0	1171.0	
1125.0	1181.0	1192.0	1251.0	691.0	1145.0	0.0	768.0	931.0	1148.0	
1227.0	486.0	974.0	1245.0	1035.0	665.0	1327.0	0.0	1723.0	1196.0	

capacite_residuelle_X : 
759.0	438.0	0.0	952.0	731.0	96.0	978.0	109.0	1108.0	701.0	
819.0	616.0	912.0	799.0	576.0	640.0	0.0	233.0	1465.0	1067.0	
830.0	1.0	473.0	717.0	527.0	226.0	820.0	0.0	1272.0	667.0	

capacite_residuelle_W : 
78.90000000000009	26.299999999999955	0.0	64.29999999999995	17.59999999999991	37.5	270.5999999999999	63.5	696.5	40.59999999999991	
198.9000000000001	14.0	296.0	79.59999999999991	425.29999999999995	68.0	0.0	17.299999999999955	1053.6	510.0	
86.90000000000009	1.8999999999999773	0.8999999999999773	9.299999999999955	23.59999999999991	6.5	15.599999999999909	0.0	98.29999999999995	35.299999999999955	

min_capacite_X : 
0.0	0.0	0.0	

min_capacite_W : 
0.0	0.0	0.0	

max_capacite_X : 
1881.0	1970.0	1881.0	

max_capacite_W : 
1553.5	1984.6	1821.3	

moy_capacite_X : 
1492.6	1655.9	1541.1	

moy_capacite_W : 
1034.98	1209.47	1015.6299999999999	

med_capacite_X : 
1662.5	1821.0	1707.5	

med_capacite_W : 
1225.1	1268.45	1144.9499999999998	

ecartType_capacite_X : 
514.770861646228	559.0555339141184	525.6530129277297	

ecartType_capacite_W : 
488.8920756158766	505.86477451983154	487.8923550333618	

var_capacite_X : 
264989.04	312543.08999999997	276311.09	

var_capacite_W : 
239015.46159999998	255899.1701	238038.95009999996	

covar_capacite_X : 
294432.26666666655	347270.1	307012.3222222222	

covar_capacite_W : 
265572.73511111113	284332.4112222222	264487.7223333333	

##########	##########	##########	##########	##########	##########	##########	##########	##########	##########	##########	##########	##########	##########	##########	##########	##########	##########	##########	##########	##########	##########	##########	##########	##########	##########	##########	##########	##########	##########	##########	##########	##########	##########	##########	##########	##########	##########	##########	##########	##########	##########	##########	##########	##########	##########	##########	##########	##########	##########	##########	##########	##########	##########	##########	##########	##########	##########	##########	##########	##########	##########	##########	##########	##########	##########	##########	##########	##########	##########	##########	##########	##########	##########	##########	##########	##########	##########	##########	##########	##########	##########	##########	##########	##########	##########	##########	##########	##########	##########	##########	##########	##########	##########	##########	##########	##########	##########	##########	##########	##########	##########	##########	##########	##########	##########	##########	##########	##########	##########	##########	##########	##########	##########	##########	##########	##########	##########	##########	##########	##########	##########	##########	##########	##########	##########	##########	##########	##########	##########	##########	##########	##########	##########	##########	##########	##########	##########	##########	##########	##########	##########	##########	##########	##########	##########	##########	##########	##########	##########	nombre de noeuds : 150
nombre de strates : 3
nombre de centres : 10
titre : intelligent
instances : G6_1
temps de calcul : 0.24162507057189941
valeur objective : 826.0
nombre de solutions : 3
nombre de noeuds : 1.0
faisability : True
centre : [118, 40, 24, 47, 117, 16, 55, 66, 90, 30]
moy_distances :	128.2
min_distances :	40.0
max_distances :	230.0
var_distances :	1023.872478216697
covar_distances :	1023.9182911156282
ecartType_distances :	31.998007410098165
coef_variation	: 0.24959879716590488
distances_centre_x :
52.0	130.0	-1.0	-1.0	-1.0	106.0	-1.0	-1.0	133.0	98.0	-1.0	42.0	47.0	43.0	-1.0	-1.0	-1.0	-1.0	-1.0	-1.0	47.0	56.0	42.0	-1.0	59.0	-1.0	-1.0	92.0	-1.0	88.0	-1.0	-1.0	41.0	81.0	89.0	-1.0	-1.0	112.0	-1.0	-1.0	0.0	-1.0	88.0	84.0	-1.0	-1.0	-1.0	0.0	96.0	100.0	42.0	85.0	-1.0	98.0	-1.0	0.0	98.0	50.0	96.0	-1.0	43.0	-1.0	-1.0	52.0	95.0	40.0	-1.0	-1.0	-1.0	-1.0	44.0	84.0	-1.0	-1.0	94.0	-1.0	87.0	-1.0	-1.0	-1.0	-1.0	96.0	-1.0	89.0	52.0	93.0	46.0	102.0	102.0	-1.0	53.0	-1.0	-1.0	100.0	89.0	-1.0	-1.0	-1.0	-1.0	-1.0	-1.0	-1.0	49.0	49.0	-1.0	127.0	-1.0	50.0	93.0	-1.0	104.0	51.0	126.0	-1.0	106.0	51.0	-1.0	0.0	0.0	94.0	52.0	-1.0	-1.0	-1.0	-1.0	-1.0	-1.0	54.0	-1.0	93.0	85.0	-1.0	-1.0	97.0	-1.0	103.0	96.0	-1.0	-1.0	-1.0	106.0	99.0	-1.0	99.0	-1.0	-1.0	-1.0	-1.0	-1.0	87.0	
-1.0	-1.0	-1.0	-1.0	-1.0	-1.0	-1.0	96.0	-1.0	-1.0	-1.0	-1.0	-1.0	-1.0	-1.0	-1.0	-1.0	-1.0	-1.0	-1.0	-1.0	56.0	-1.0	-1.0	-1.0	-1.0	-1.0	-1.0	-1.0	96.0	-1.0	-1.0	-1.0	-1.0	89.0	-1.0	-1.0	-1.0	-1.0	128.0	-1.0	-1.0	-1.0	-1.0	-1.0	-1.0	-1.0	-1.0	-1.0	47.0	-1.0	-1.0	-1.0	-1.0	-1.0	-1.0	-1.0	-1.0	-1.0	-1.0	-1.0	-1.0	-1.0	52.0	-1.0	40.0	-1.0	-1.0	-1.0	-1.0	52.0	84.0	-1.0	-1.0	-1.0	-1.0	98.0	-1.0	-1.0	-1.0	-1.0	-1.0	-1.0	93.0	52.0	93.0	-1.0	-1.0	-1.0	47.0	0.0	-1.0	-1.0	-1.0	101.0	-1.0	100.0	-1.0	-1.0	-1.0	-1.0	-1.0	49.0	101.0	-1.0	-1.0	-1.0	-1.0	-1.0	-1.0	104.0	-1.0	-1.0	-1.0	-1.0	-1.0	-1.0	-1.0	0.0	-1.0	52.0	-1.0	-1.0	-1.0	-1.0	-1.0	-1.0	-1.0	44.0	-1.0	-1.0	-1.0	-1.0	-1.0	-1.0	-1.0	96.0	-1.0	-1.0	-1.0	106.0	-1.0	104.0	-1.0	91.0	-1.0	88.0	-1.0	-1.0	-1.0	
52.0	-1.0	-1.0	-1.0	-1.0	-1.0	-1.0	96.0	-1.0	-1.0	-1.0	-1.0	-1.0	-1.0	-1.0	-1.0	-1.0	-1.0	95.0	-1.0	-1.0	56.0	106.0	-1.0	-1.0	-1.0	101.0	-1.0	96.0	-1.0	-1.0	52.0	-1.0	-1.0	-1.0	-1.0	-1.0	-1.0	-1.0	-1.0	-1.0	-1.0	-1.0	-1.0	-1.0	-1.0	-1.0	-1.0	-1.0	-1.0	-1.0	-1.0	-1.0	98.0	-1.0	-1.0	-1.0	-1.0	-1.0	-1.0	102.0	-1.0	-1.0	52.0	-1.0	93.0	-1.0	-1.0	-1.0	-1.0	-1.0	-1.0	-1.0	-1.0	-1.0	-1.0	-1.0	-1.0	-1.0	-1.0	-1.0	-1.0	-1.0	-1.0	52.0	-1.0	-1.0	105.0	-1.0	-1.0	53.0	-1.0	-1.0	-1.0	101.0	-1.0	-1.0	-1.0	-1.0	-1.0	-1.0	-1.0	52.0	-1.0	-1.0	-1.0	-1.0	-1.0	-1.0	-1.0	104.0	-1.0	-1.0	-1.0	-1.0	-1.0	-1.0	-1.0	0.0	-1.0	-1.0	-1.0	-1.0	-1.0	53.0	-1.0	-1.0	-1.0	-1.0	-1.0	-1.0	-1.0	-1.0	-1.0	-1.0	-1.0	-1.0	-1.0	-1.0	-1.0	-1.0	-1.0	-1.0	-1.0	94.0	-1.0	-1.0	-1.0	111.0	-1.0	

distances_centre_w :
84.0	141.0	-1.0	-1.0	-1.0	-1.0	84.0	-1.0	139.0	142.0	-1.0	86.0	128.0	86.0	-1.0	-1.0	86.0	101.0	-1.0	121.0	138.0	129.0	86.0	140.0	129.0	-1.0	-1.0	138.0	-1.0	96.0	135.0	-1.0	-1.0	83.0	-1.0	88.0	82.0	136.0	-1.0	128.0	43.0	-1.0	140.0	86.0	-1.0	-1.0	-1.0	103.0	127.0	136.0	141.0	132.0	-1.0	-1.0	-1.0	44.0	129.0	93.0	106.0	132.0	138.0	-1.0	-1.0	-1.0	-1.0	93.0	-1.0	-1.0	130.0	-1.0	52.0	-1.0	130.0	-1.0	138.0	-1.0	130.0	106.0	-1.0	88.0	-1.0	97.0	-1.0	108.0	135.0	-1.0	86.0	103.0	141.0	-1.0	90.0	-1.0	-1.0	129.0	-1.0	-1.0	-1.0	135.0	-1.0	-1.0	142.0	138.0	131.0	137.0	-1.0	129.0	-1.0	92.0	102.0	-1.0	134.0	-1.0	139.0	-1.0	137.0	92.0	106.0	-1.0	103.0	104.0	105.0	-1.0	-1.0	140.0	-1.0	102.0	110.0	97.0	-1.0	-1.0	-1.0	-1.0	-1.0	-1.0	-1.0	106.0	101.0	-1.0	94.0	-1.0	142.0	-1.0	-1.0	101.0	-1.0	-1.0	-1.0	-1.0	111.0	124.0	
-1.0	138.0	-1.0	-1.0	-1.0	-1.0	136.0	-1.0	-1.0	-1.0	-1.0	94.0	-1.0	-1.0	95.0	-1.0	130.0	-1.0	-1.0	-1.0	-1.0	-1.0	100.0	-1.0	-1.0	-1.0	-1.0	-1.0	-1.0	-1.0	-1.0	-1.0	102.0	-1.0	-1.0	-1.0	-1.0	-1.0	-1.0	-1.0	-1.0	-1.0	-1.0	-1.0	-1.0	-1.0	88.0	-1.0	-1.0	-1.0	89.0	-1.0	-1.0	-1.0	-1.0	-1.0	-1.0	-1.0	-1.0	132.0	-1.0	-1.0	-1.0	-1.0	-1.0	93.0	-1.0	103.0	91.0	-1.0	-1.0	-1.0	-1.0	-1.0	-1.0	-1.0	138.0	-1.0	-1.0	-1.0	138.0	97.0	-1.0	-1.0	-1.0	100.0	-1.0	-1.0	-1.0	-1.0	53.0	-1.0	-1.0	-1.0	-1.0	-1.0	101.0	-1.0	103.0	98.0	-1.0	-1.0	52.0	-1.0	-1.0	-1.0	-1.0	-1.0	-1.0	-1.0	-1.0	52.0	126.0	-1.0	106.0	92.0	-1.0	-1.0	-1.0	-1.0	-1.0	-1.0	-1.0	-1.0	-1.0	-1.0	-1.0	-1.0	-1.0	-1.0	-1.0	99.0	136.0	-1.0	-1.0	108.0	-1.0	-1.0	-1.0	109.0	-1.0	-1.0	108.0	-1.0	94.0	-1.0	-1.0	-1.0	111.0	139.0	
-1.0	-1.0	140.0	-1.0	-1.0	-1.0	-1.0	-1.0	-1.0	-1.0	140.0	-1.0	100.0	100.0	95.0	-1.0	-1.0	101.0	-1.0	105.0	100.0	-1.0	141.0	-1.0	-1.0	-1.0	-1.0	-1.0	-1.0	96.0	-1.0	-1.0	-1.0	-1.0	-1.0	106.0	140.0	-1.0	-1.0	-1.0	-1.0	-1.0	-1.0	-1.0	-1.0	-1.0	-1.0	-1.0	-1.0	-1.0	-1.0	-1.0	-1.0	-1.0	-1.0	-1.0	98.0	-1.0	-1.0	-1.0	-1.0	136.0	-1.0	-1.0	-1.0	-1.0	-1.0	-1.0	-1.0	-1.0	52.0	-1.0	-1.0	-1.0	-1.0	-1.0	98.0	-1.0	-1.0	97.0	-1.0	-1.0	138.0	-1.0	-1.0	100.0	-1.0	-1.0	141.0	-1.0	-1.0	-1.0	-1.0	-1.0	-1.0	-1.0	-1.0	-1.0	103.0	-1.0	-1.0	-1.0	-1.0	101.0	-1.0	-1.0	102.0	103.0	-1.0	-1.0	-1.0	-1.0	-1.0	107.0	-1.0	-1.0	107.0	-1.0	-1.0	-1.0	105.0	139.0	-1.0	-1.0	-1.0	-1.0	-1.0	-1.0	-1.0	-1.0	-1.0	-1.0	-1.0	-1.0	-1.0	-1.0	-1.0	-1.0	-1.0	-1.0	106.0	-1.0	-1.0	-1.0	-1.0	-1.0	141.0	-1.0	111.0	-1.0	

maxX :
133.0	128.0	111.0	

maxW :
142.0	139.0	141.0	

minX :
0.0	0.0	0.0	

minW :
43.0	52.0	52.0	

moyX :
74.34246575342466	74.44827586206897	78.36363636363636	

moyW :
113.1604938271605	104.44117647058823	111.25806451612904	

medX :
87.0	89.0	94.5	

medW :
111.0	101.5	105.0	

ecartTypeX :
32.230428564121034	31.5021468418906	28.54429644437102	

ecartTypeW :
24.072655861993333	23.10486474936621	20.400771240853715	

varX :
1038.8005254269092	992.385255648038	814.7768595041322	

varW :
579.492760249962	533.8347750865053	416.1914672216441	

covarX :
1053.2283105022834	1027.8275862068965	853.5757575757575	

covarW :
586.7364197530864	550.0115864527629	430.06451612903214	

coef_variationX :
0.433539945675481	0.4231413887979747	0.3642543629792126	

coef_variationW :
0.2127302121777722	0.22122371204687447	0.1833644269256205	

moy_distances_centre :	119.64444444444445
min_distances_centre :	40.0
max_distances_centre :	194.0
med_distances_centre :	131.0
ecartType_distances_centre :	37.62278007068209
var_distances_centre :	1415.4735802469136
covar_distances_centre :	1431.377777777778
coef_variation_distances_centre :	0.31445488543475003
capacite_X_temoin : 
1633.0	1801.0	0.0	1881.0	1692.0	1485.0	1762.0	1485.0	1485.0	1702.0	
1683.0	1930.0	1584.0	1772.0	1801.0	1910.0	0.0	1841.0	1732.0	1970.0	
1613.0	1623.0	1742.0	1791.0	1772.0	1485.0	1742.0	0.0	1831.0	1881.0	

capacite_W_temoin : 
1364.9	727.3	0.0	1616.3	1141.6	620.5	1535.6	654.5	1493.5	1195.6	
1498.9	905.0	1080.2	1394.6	1280.3	776.0	0.0	1037.3	2009.6	1676.0	
1156.9	627.9	827.6	1555.3	991.6	699.5	1359.6	0.0	1608.3	1419.3	

demande_cumulee_X : 
758.0	1614.0	0.0	829.0	1058.0	1310.0	755.0	1276.0	437.0	1017.0	
689.0	1604.0	979.0	909.0	1061.0	1707.0	0.0	1356.0	242.0	885.0	
940.0	1482.0	1437.0	773.0	1312.0	1231.0	905.0	0.0	772.0	1026.0	

demande_cumulee_W : 
882.0	706.0	0.0	1611.0	1059.0	607.0	1469.0	620.0	945.0	1155.0	
1288.0	880.0	1071.0	1235.0	1188.0	775.0	0.0	1034.0	710.0	1251.0	
1115.0	614.0	805.0	1519.0	991.0	686.0	1349.0	0.0	1385.0	1414.0	

capacite_residuelle_X : 
875.0	187.0	0.0	1052.0	634.0	175.0	1007.0	209.0	1048.0	685.0	
994.0	326.0	605.0	863.0	740.0	203.0	0.0	485.0	1490.0	1085.0	
673.0	141.0	305.0	1018.0	460.0	254.0	837.0	0.0	1059.0	855.0	

capacite_residuelle_W : 
482.9000000000001	21.299999999999955	0.0	5.2999999999999545	82.59999999999991	13.5	66.59999999999991	34.5	548.5	40.59999999999991	
210.9000000000001	25.0	9.200000000000045	159.5999999999999	92.29999999999995	1.0	0.0	3.2999999999999545	1299.6	425.0	
41.90000000000009	13.899999999999977	22.600000000000023	36.299999999999955	0.6000000000000227	13.5	10.599999999999909	0.0	223.29999999999995	5.2999999999999545	

min_capacite_X : 
0.0	0.0	0.0	

min_capacite_W : 
0.0	0.0	0.0	

max_capacite_X : 
1881.0	1970.0	1881.0	

max_capacite_W : 
1616.3	2009.6	1608.3	

moy_capacite_X : 
1492.6	1622.3	1548.0	

moy_capacite_W : 
1034.98	1165.7900000000002	1024.6	

med_capacite_X : 
1662.5	1786.5	1742.0	

med_capacite_W : 
1168.6	1180.25	1074.25	

ecartType_capacite_X : 
514.770861646228	552.2284038330517	527.7876466913564	

ecartType_capacite_W : 
492.66794253330505	524.5576907261965	475.46068396871675	

var_capacite_X : 
264989.04	304956.21	278559.8	

var_capacite_W : 
242721.70159999997	275160.7709	226062.86199999996	

covar_capacite_X : 
294432.26666666655	338840.23333333334	309510.8888888889	

covar_capacite_W : 
269690.77955555555	305734.18988888885	251180.95777777772	

##########	##########	##########	##########	##########	##########	##########	##########	##########	##########	##########	##########	##########	##########	##########	##########	##########	##########	##########	##########	##########	##########	##########	##########	##########	##########	##########	##########	##########	##########	##########	##########	##########	##########	##########	##########	##########	##########	##########	##########	##########	##########	##########	##########	##########	##########	##########	##########	##########	##########	##########	##########	##########	##########	##########	##########	##########	##########	##########	##########	##########	##########	##########	##########	##########	##########	##########	##########	##########	##########	##########	##########	##########	##########	##########	##########	##########	##########	##########	##########	##########	##########	##########	##########	##########	##########	##########	##########	##########	##########	##########	##########	##########	##########	##########	##########	##########	##########	##########	##########	##########	##########	##########	##########	##########	##########	##########	##########	##########	##########	##########	##########	##########	##########	##########	##########	##########	##########	##########	##########	##########	##########	##########	##########	##########	##########	##########	##########	##########	##########	##########	##########	##########	##########	##########	##########	##########	##########	##########	##########	##########	##########	##########	##########	##########	##########	##########	##########	##########	##########	nombre de noeuds : 150
nombre de strates : 3
nombre de centres : 10
titre : intelligent
instances : G6_1
temps de calcul : 0.30759501457214355
valeur objective : 819.0
nombre de solutions : 1
nombre de noeuds : 1.0
faisability : True
centre : [118, 40, 24, 47, 117, 16, 55, 30, 2, 32]
moy_distances :	128.2
min_distances :	40.0
max_distances :	230.0
var_distances :	1023.872478216697
covar_distances :	1023.9182911156282
ecartType_distances :	31.998007410098165
coef_variation	: 0.24959879716590488
distances_centre_x :
52.0	-1.0	-1.0	-1.0	-1.0	106.0	47.0	-1.0	-1.0	98.0	-1.0	42.0	100.0	86.0	-1.0	-1.0	-1.0	102.0	-1.0	-1.0	96.0	56.0	105.0	-1.0	-1.0	-1.0	-1.0	92.0	-1.0	96.0	-1.0	-1.0	0.0	81.0	-1.0	88.0	123.0	112.0	-1.0	102.0	0.0	-1.0	104.0	84.0	-1.0	-1.0	-1.0	0.0	-1.0	-1.0	42.0	108.0	-1.0	98.0	-1.0	128.0	-1.0	-1.0	96.0	-1.0	43.0	-1.0	-1.0	-1.0	95.0	93.0	-1.0	-1.0	-1.0	-1.0	52.0	-1.0	-1.0	-1.0	-1.0	-1.0	87.0	-1.0	94.0	-1.0	-1.0	97.0	-1.0	108.0	52.0	-1.0	-1.0	103.0	102.0	-1.0	53.0	-1.0	-1.0	100.0	-1.0	-1.0	-1.0	-1.0	-1.0	-1.0	-1.0	-1.0	52.0	49.0	-1.0	127.0	-1.0	92.0	93.0	-1.0	104.0	51.0	128.0	-1.0	106.0	51.0	-1.0	0.0	0.0	94.0	100.0	-1.0	-1.0	-1.0	-1.0	-1.0	-1.0	54.0	-1.0	93.0	44.0	-1.0	-1.0	97.0	-1.0	106.0	-1.0	-1.0	-1.0	-1.0	106.0	99.0	-1.0	-1.0	-1.0	-1.0	-1.0	-1.0	42.0	87.0	
-1.0	87.0	87.0	86.0	-1.0	-1.0	40.0	96.0	124.0	-1.0	-1.0	42.0	-1.0	86.0	40.0	-1.0	0.0	80.0	87.0	121.0	-1.0	56.0	42.0	87.0	86.0	82.0	82.0	-1.0	-1.0	85.0	-1.0	-1.0	0.0	40.0	124.0	-1.0	-1.0	112.0	41.0	102.0	-1.0	41.0	-1.0	-1.0	122.0	88.0	97.0	0.0	86.0	91.0	42.0	85.0	92.0	-1.0	-1.0	-1.0	89.0	93.0	-1.0	93.0	-1.0	83.0	43.0	52.0	95.0	93.0	43.0	44.0	83.0	90.0	52.0	100.0	-1.0	101.0	-1.0	84.0	87.0	101.0	86.0	45.0	45.0	89.0	87.0	108.0	52.0	97.0	86.0	-1.0	-1.0	89.0	53.0	-1.0	-1.0	-1.0	93.0	-1.0	48.0	-1.0	102.0	48.0	116.0	-1.0	52.0	49.0	49.0	-1.0	-1.0	-1.0	94.0	91.0	104.0	51.0	94.0	92.0	51.0	51.0	91.0	-1.0	0.0	94.0	100.0	-1.0	-1.0	-1.0	49.0	99.0	95.0	54.0	44.0	93.0	44.0	43.0	98.0	-1.0	-1.0	96.0	100.0	-1.0	-1.0	108.0	102.0	99.0	108.0	-1.0	83.0	44.0	94.0	103.0	42.0	113.0	
52.0	87.0	41.0	131.0	85.0	-1.0	99.0	96.0	80.0	98.0	126.0	129.0	90.0	86.0	40.0	97.0	0.0	87.0	40.0	98.0	96.0	56.0	42.0	87.0	-1.0	131.0	82.0	-1.0	96.0	85.0	-1.0	52.0	-1.0	-1.0	124.0	41.0	127.0	-1.0	100.0	56.0	-1.0	-1.0	-1.0	-1.0	122.0	-1.0	-1.0	0.0	86.0	100.0	42.0	108.0	-1.0	98.0	134.0	-1.0	82.0	93.0	96.0	93.0	102.0	84.0	43.0	52.0	95.0	93.0	43.0	129.0	83.0	131.0	52.0	100.0	90.0	44.0	102.0	-1.0	89.0	96.0	-1.0	45.0	-1.0	89.0	87.0	108.0	52.0	97.0	-1.0	103.0	86.0	89.0	53.0	-1.0	87.0	-1.0	101.0	102.0	-1.0	-1.0	102.0	48.0	-1.0	-1.0	52.0	49.0	-1.0	-1.0	97.0	92.0	-1.0	91.0	104.0	-1.0	94.0	92.0	51.0	-1.0	91.0	-1.0	0.0	104.0	100.0	40.0	94.0	-1.0	49.0	99.0	95.0	54.0	-1.0	93.0	-1.0	-1.0	98.0	97.0	95.0	96.0	101.0	50.0	56.0	108.0	102.0	99.0	-1.0	114.0	94.0	-1.0	94.0	103.0	42.0	80.0	

distances_centre_w :
146.0	128.0	-1.0	-1.0	-1.0	-1.0	145.0	-1.0	87.0	-1.0	-1.0	-1.0	143.0	127.0	-1.0	-1.0	142.0	123.0	-1.0	-1.0	100.0	-1.0	141.0	146.0	59.0	-1.0	-1.0	144.0	-1.0	148.0	99.0	-1.0	41.0	136.0	133.0	140.0	136.0	136.0	-1.0	139.0	-1.0	-1.0	145.0	86.0	-1.0	-1.0	-1.0	-1.0	-1.0	100.0	141.0	147.0	-1.0	-1.0	-1.0	136.0	98.0	-1.0	106.0	144.0	138.0	-1.0	-1.0	-1.0	-1.0	101.0	-1.0	-1.0	-1.0	-1.0	-1.0	137.0	130.0	-1.0	143.0	-1.0	144.0	147.0	138.0	147.0	-1.0	143.0	139.0	109.0	-1.0	146.0	-1.0	130.0	102.0	-1.0	-1.0	-1.0	-1.0	102.0	101.0	-1.0	-1.0	104.0	-1.0	-1.0	-1.0	-1.0	-1.0	-1.0	-1.0	-1.0	-1.0	98.0	102.0	-1.0	134.0	52.0	-1.0	-1.0	138.0	144.0	106.0	139.0	102.0	-1.0	105.0	-1.0	-1.0	-1.0	-1.0	102.0	96.0	-1.0	-1.0	148.0	85.0	-1.0	-1.0	-1.0	-1.0	107.0	141.0	-1.0	94.0	-1.0	-1.0	-1.0	-1.0	145.0	-1.0	-1.0	-1.0	-1.0	134.0	111.0	
-1.0	96.0	139.0	127.0	-1.0	-1.0	47.0	127.0	133.0	-1.0	-1.0	129.0	-1.0	90.0	102.0	-1.0	139.0	82.0	95.0	132.0	-1.0	93.0	105.0	136.0	135.0	141.0	94.0	-1.0	-1.0	96.0	-1.0	-1.0	41.0	81.0	125.0	-1.0	-1.0	136.0	81.0	139.0	-1.0	49.0	-1.0	-1.0	129.0	95.0	140.0	142.0	96.0	100.0	89.0	132.0	96.0	-1.0	-1.0	-1.0	122.0	93.0	-1.0	126.0	-1.0	133.0	84.0	100.0	95.0	101.0	43.0	129.0	123.0	139.0	87.0	101.0	-1.0	142.0	-1.0	91.0	131.0	128.0	99.0	85.0	101.0	97.0	131.0	109.0	135.0	100.0	103.0	-1.0	-1.0	90.0	112.0	-1.0	-1.0	-1.0	101.0	-1.0	134.0	-1.0	103.0	101.0	135.0	-1.0	89.0	101.0	89.0	-1.0	-1.0	-1.0	131.0	92.0	134.0	52.0	128.0	94.0	102.0	94.0	107.0	-1.0	102.0	97.0	105.0	-1.0	-1.0	-1.0	53.0	102.0	96.0	95.0	98.0	98.0	85.0	99.0	138.0	-1.0	-1.0	106.0	101.0	-1.0	-1.0	109.0	106.0	101.0	143.0	-1.0	94.0	108.0	124.0	107.0	111.0	124.0	
83.0	128.0	82.0	134.0	132.0	-1.0	136.0	130.0	87.0	140.0	140.0	129.0	98.0	86.0	40.0	142.0	127.0	101.0	46.0	105.0	100.0	93.0	105.0	142.0	-1.0	131.0	101.0	-1.0	121.0	96.0	-1.0	102.0	-1.0	-1.0	125.0	102.0	140.0	-1.0	123.0	90.0	-1.0	-1.0	-1.0	-1.0	129.0	-1.0	-1.0	142.0	96.0	131.0	125.0	132.0	-1.0	99.0	142.0	-1.0	98.0	134.0	106.0	142.0	135.0	133.0	84.0	83.0	139.0	101.0	84.0	140.0	130.0	133.0	128.0	101.0	130.0	101.0	132.0	-1.0	98.0	101.0	-1.0	131.0	-1.0	97.0	127.0	109.0	134.0	100.0	-1.0	132.0	138.0	90.0	112.0	-1.0	128.0	-1.0	136.0	123.0	-1.0	-1.0	103.0	101.0	-1.0	-1.0	138.0	101.0	-1.0	-1.0	102.0	98.0	-1.0	92.0	134.0	-1.0	128.0	107.0	137.0	-1.0	107.0	-1.0	102.0	138.0	105.0	140.0	101.0	-1.0	53.0	102.0	96.0	140.0	-1.0	98.0	-1.0	-1.0	138.0	141.0	141.0	106.0	141.0	89.0	94.0	109.0	106.0	101.0	-1.0	140.0	124.0	-1.0	124.0	107.0	108.0	87.0	

maxX :
128.0	124.0	134.0	

maxW :
148.0	143.0	142.0	

minX :
0.0	0.0	0.0	

minW :
41.0	41.0	40.0	

moyX :
79.65625	76.44339622641509	83.52212389380531	

moyW :
122.1159420289855	106.86792452830188	114.17699115044248	

medX :
93.5	87.0	93.0	

medW :
134.0	102.0	109.0	

ecartTypeX :
33.2463431964705	28.448921519724742	28.305569465137285	

ecartTypeW :
24.90593098090543	23.06147464221552	21.749267137890417	

varX :
1105.3193359375	809.3411356354575	801.2052627457123	

varW :
620.305398025625	531.8316126735493	473.03062103531994	

covarX :
1122.8640873015872	817.0491464510333	808.3588811630848	

covarW :
629.4275362318841	536.8966756513926	477.2541087231353	

coef_variationX :
0.4173726882256006	0.3721566927176136	0.33889906225476935	

coef_variationW :
0.20395314949946294	0.21579416596705905	0.19048730325388444	

moy_distances_centre :	121.84444444444445
min_distances_centre :	40.0
max_distances_centre :	194.0
med_distances_centre :	131.0
ecartType_distances_centre :	36.809995958559085
var_distances_centre :	1354.975802469136
covar_distances_centre :	1370.2002496878904
coef_variation_distances_centre :	0.30210647786524875
capacite_X_temoin : 
1227.0	1633.0	1801.0	0.0	1161.0	1881.0	1692.0	1485.0	1485.0	1702.0	
1267.0	1683.0	1930.0	1584.0	1227.0	1772.0	1801.0	1910.0	1732.0	1970.0	
1313.0	1613.0	1623.0	1742.0	1280.0	1791.0	1772.0	1485.0	1831.0	1881.0	

capacite_W_temoin : 
839.0999999999999	1255.9	797.3	0.0	1114.3	1350.3	862.5999999999999	647.5	1270.5	1095.6	
486.09999999999997	1120.9	819.0	1216.2	1236.1	1435.6	1400.3	1212.0	1792.6	1788.0	
542.9	1204.9	609.9	844.6	1460.0	1593.3	1439.6	598.5	1468.3	1590.3	

demande_cumulee_X : 
756.0	867.0	1544.0	0.0	395.0	1095.0	1337.0	1283.0	660.0	1117.0	
1161.0	1067.0	1690.0	843.0	359.0	868.0	941.0	1271.0	459.0	773.0	
1164.0	892.0	1500.0	1420.0	204.0	735.0	864.0	1332.0	912.0	855.0	

demande_cumulee_W : 
773.0	1244.0	750.0	0.0	1114.0	1349.0	829.0	646.0	1270.0	1079.0	
413.0	832.0	751.0	1052.0	445.0	1178.0	1396.0	1197.0	670.0	1498.0	
510.0	1067.0	592.0	820.0	964.0	1559.0	1352.0	592.0	896.0	1526.0	

capacite_residuelle_X : 
471.0	766.0	257.0	0.0	766.0	786.0	355.0	202.0	825.0	585.0	
106.0	616.0	240.0	741.0	868.0	904.0	860.0	639.0	1273.0	1197.0	
149.0	721.0	123.0	322.0	1076.0	1056.0	908.0	153.0	919.0	1026.0	

capacite_residuelle_W : 
66.09999999999991	11.900000000000091	47.299999999999955	0.0	0.2999999999999545	1.2999999999999545	33.59999999999991	1.5	0.5	16.59999999999991	
73.09999999999997	288.9000000000001	68.0	164.20000000000005	791.0999999999999	257.5999999999999	4.2999999999999545	15.0	1122.6	290.0	
32.89999999999998	137.9000000000001	17.899999999999977	24.600000000000023	496.0	34.299999999999955	87.59999999999991	6.5	572.3	64.29999999999995	

min_capacite_X : 
0.0	1227.0	1280.0	

min_capacite_W : 
0.0	486.09999999999997	542.9	

max_capacite_X : 
1881.0	1970.0	1881.0	

max_capacite_W : 
1350.3	1792.6	1593.3	

moy_capacite_X : 
1406.7	1687.6	1633.1	

moy_capacite_W : 
923.3100000000001	1250.68	1135.23	

med_capacite_X : 
1559.0	1752.0	1682.5	

med_capacite_W : 
979.0999999999999	1226.15	1322.25	

ecartType_capacite_X : 
518.0704681797641	246.9280057020669	201.565597263025	

ecartType_capacite_W : 
378.79632376780006	378.106103627011	415.9560482791421	

var_capacite_X : 
268397.00999999995	60973.43999999999	40628.689999999995	

var_capacite_W : 
143486.65490000002	142964.22559999998	173019.4341	

covar_capacite_X : 
298218.89999999997	67748.26666666665	45142.98888888888	

covar_capacite_W : 
159429.61655555555	158849.13955555556	192243.81566666666	

##########	##########	##########	##########	##########	##########	##########	##########	##########	##########	##########	##########	##########	##########	##########	##########	##########	##########	##########	##########	##########	##########	##########	##########	##########	##########	##########	##########	##########	##########	##########	##########	##########	##########	##########	##########	##########	##########	##########	##########	##########	##########	##########	##########	##########	##########	##########	##########	##########	##########	##########	##########	##########	##########	##########	##########	##########	##########	##########	##########	##########	##########	##########	##########	##########	##########	##########	##########	##########	##########	##########	##########	##########	##########	##########	##########	##########	##########	##########	##########	##########	##########	##########	##########	##########	##########	##########	##########	##########	##########	##########	##########	##########	##########	##########	##########	##########	##########	##########	##########	##########	##########	##########	##########	##########	##########	##########	##########	##########	##########	##########	##########	##########	##########	##########	##########	##########	##########	##########	##########	##########	##########	##########	##########	##########	##########	##########	##########	##########	##########	##########	##########	##########	##########	##########	##########	##########	##########	##########	##########	##########	##########	##########	##########	##########	##########	##########	##########	##########	##########	nombre de noeuds : 150
nombre de strates : 3
nombre de centres : 10
titre : intelligent
instances : G6_1
temps de calcul : 0.30023884773254395
valeur objective : 807.0
nombre de solutions : 3
nombre de noeuds : 1.0
faisability : True
centre : [118, 40, 24, 47, 117, 16, 55, 30, 2, 0]
moy_distances :	128.2
min_distances :	40.0
max_distances :	230.0
var_distances :	1023.872478216697
covar_distances :	1023.9182911156282
ecartType_distances :	31.998007410098165
coef_variation	: 0.24959879716590488
distances_centre_x :
52.0	128.0	-1.0	-1.0	-1.0	106.0	-1.0	-1.0	-1.0	98.0	-1.0	42.0	-1.0	-1.0	-1.0	-1.0	-1.0	-1.0	-1.0	-1.0	96.0	56.0	106.0	-1.0	-1.0	-1.0	-1.0	-1.0	-1.0	-1.0	-1.0	-1.0	41.0	-1.0	-1.0	-1.0	-1.0	112.0	-1.0	-1.0	0.0	-1.0	-1.0	-1.0	-1.0	-1.0	-1.0	0.0	-1.0	91.0	-1.0	85.0	-1.0	98.0	-1.0	0.0	-1.0	-1.0	96.0	-1.0	43.0	-1.0	-1.0	52.0	95.0	93.0	-1.0	-1.0	-1.0	-1.0	-1.0	-1.0	-1.0	-1.0	-1.0	-1.0	87.0	-1.0	-1.0	-1.0	-1.0	-1.0	-1.0	108.0	-1.0	100.0	86.0	105.0	-1.0	-1.0	53.0	-1.0	-1.0	-1.0	-1.0	-1.0	-1.0	-1.0	-1.0	-1.0	-1.0	-1.0	96.0	101.0	-1.0	127.0	-1.0	92.0	-1.0	-1.0	104.0	51.0	128.0	-1.0	51.0	-1.0	-1.0	0.0	0.0	94.0	100.0	-1.0	-1.0	-1.0	-1.0	-1.0	-1.0	54.0	-1.0	93.0	85.0	-1.0	-1.0	97.0	-1.0	106.0	-1.0	-1.0	-1.0	-1.0	106.0	-1.0	-1.0	-1.0	-1.0	-1.0	-1.0	-1.0	-1.0	111.0	
-1.0	86.0	88.0	45.0	-1.0	-1.0	47.0	96.0	80.0	-1.0	-1.0	42.0	-1.0	86.0	40.0	-1.0	0.0	80.0	87.0	98.0	-1.0	56.0	42.0	87.0	0.0	82.0	82.0	-1.0	-1.0	85.0	-1.0	-1.0	41.0	40.0	124.0	-1.0	-1.0	112.0	41.0	56.0	-1.0	41.0	-1.0	-1.0	122.0	88.0	100.0	0.0	86.0	84.0	42.0	85.0	92.0	-1.0	-1.0	-1.0	82.0	93.0	-1.0	90.0	-1.0	86.0	43.0	52.0	43.0	93.0	43.0	44.0	83.0	84.0	52.0	100.0	-1.0	85.0	-1.0	84.0	87.0	101.0	45.0	45.0	45.0	45.0	87.0	108.0	104.0	97.0	86.0	-1.0	-1.0	89.0	53.0	-1.0	-1.0	-1.0	93.0	-1.0	48.0	-1.0	102.0	48.0	116.0	-1.0	52.0	49.0	49.0	-1.0	-1.0	-1.0	90.0	91.0	104.0	51.0	94.0	92.0	106.0	51.0	91.0	-1.0	0.0	94.0	100.0	-1.0	-1.0	-1.0	53.0	99.0	95.0	54.0	44.0	93.0	85.0	43.0	98.0	-1.0	-1.0	96.0	89.0	-1.0	-1.0	108.0	102.0	97.0	108.0	-1.0	83.0	44.0	124.0	103.0	42.0	80.0	
0.0	98.0	41.0	86.0	85.0	-1.0	99.0	96.0	87.0	98.0	123.0	42.0	106.0	86.0	99.0	97.0	0.0	87.0	43.0	46.0	96.0	56.0	42.0	87.0	-1.0	82.0	82.0	-1.0	80.0	96.0	-1.0	52.0	-1.0	-1.0	124.0	41.0	41.0	-1.0	41.0	102.0	-1.0	-1.0	-1.0	-1.0	122.0	-1.0	-1.0	0.0	86.0	91.0	94.0	88.0	-1.0	98.0	90.0	-1.0	89.0	93.0	96.0	90.0	43.0	83.0	43.0	52.0	95.0	93.0	43.0	44.0	83.0	90.0	52.0	100.0	90.0	85.0	102.0	-1.0	87.0	89.0	-1.0	97.0	-1.0	45.0	87.0	108.0	52.0	98.0	-1.0	46.0	102.0	90.0	53.0	-1.0	87.0	-1.0	93.0	102.0	-1.0	-1.0	102.0	48.0	-1.0	-1.0	52.0	49.0	-1.0	-1.0	97.0	92.0	-1.0	91.0	104.0	-1.0	94.0	92.0	51.0	-1.0	91.0	-1.0	0.0	94.0	100.0	40.0	94.0	-1.0	53.0	99.0	95.0	54.0	-1.0	93.0	-1.0	-1.0	98.0	97.0	95.0	96.0	89.0	50.0	56.0	108.0	102.0	97.0	-1.0	58.0	94.0	-1.0	94.0	103.0	42.0	80.0	

distances_centre_w :
142.0	138.0	-1.0	-1.0	-1.0	-1.0	145.0	-1.0	87.0	-1.0	-1.0	-1.0	146.0	142.0	-1.0	-1.0	139.0	-1.0	-1.0	98.0	100.0	-1.0	-1.0	136.0	59.0	-1.0	-1.0	138.0	-1.0	96.0	99.0	-1.0	-1.0	126.0	-1.0	88.0	128.0	-1.0	-1.0	-1.0	-1.0	-1.0	125.0	86.0	-1.0	-1.0	-1.0	103.0	127.0	136.0	89.0	108.0	-1.0	99.0	-1.0	-1.0	-1.0	146.0	106.0	-1.0	102.0	-1.0	-1.0	-1.0	95.0	101.0	-1.0	-1.0	142.0	-1.0	101.0	101.0	-1.0	-1.0	143.0	-1.0	138.0	-1.0	138.0	144.0	-1.0	97.0	130.0	146.0	135.0	146.0	89.0	127.0	-1.0	-1.0	-1.0	143.0	-1.0	100.0	101.0	-1.0	-1.0	104.0	-1.0	-1.0	-1.0	137.0	97.0	133.0	-1.0	138.0	-1.0	-1.0	93.0	-1.0	-1.0	52.0	137.0	-1.0	-1.0	145.0	106.0	-1.0	136.0	-1.0	105.0	-1.0	-1.0	140.0	-1.0	107.0	96.0	-1.0	-1.0	-1.0	-1.0	-1.0	-1.0	141.0	-1.0	107.0	101.0	-1.0	96.0	-1.0	-1.0	-1.0	-1.0	99.0	-1.0	-1.0	-1.0	-1.0	108.0	113.0	
-1.0	138.0	140.0	131.0	-1.0	-1.0	136.0	127.0	87.0	-1.0	-1.0	96.0	-1.0	142.0	40.0	-1.0	87.0	82.0	127.0	105.0	-1.0	93.0	105.0	141.0	40.0	90.0	94.0	-1.0	-1.0	96.0	-1.0	-1.0	82.0	81.0	125.0	-1.0	-1.0	136.0	127.0	134.0	-1.0	49.0	-1.0	-1.0	129.0	126.0	135.0	101.0	96.0	136.0	94.0	132.0	96.0	-1.0	-1.0	-1.0	85.0	93.0	-1.0	93.0	-1.0	125.0	84.0	139.0	95.0	101.0	129.0	130.0	123.0	139.0	87.0	101.0	-1.0	94.0	-1.0	91.0	138.0	130.0	85.0	101.0	101.0	139.0	127.0	109.0	134.0	98.0	89.0	-1.0	-1.0	90.0	112.0	-1.0	-1.0	-1.0	101.0	-1.0	100.0	-1.0	103.0	101.0	135.0	-1.0	89.0	101.0	89.0	-1.0	-1.0	-1.0	90.0	92.0	135.0	52.0	128.0	94.0	138.0	94.0	91.0	-1.0	103.0	97.0	105.0	-1.0	-1.0	-1.0	90.0	102.0	96.0	139.0	96.0	96.0	99.0	99.0	138.0	-1.0	-1.0	106.0	100.0	-1.0	-1.0	109.0	106.0	99.0	143.0	-1.0	94.0	131.0	141.0	107.0	100.0	87.0	
52.0	138.0	87.0	131.0	85.0	-1.0	136.0	112.0	133.0	140.0	140.0	96.0	112.0	86.0	126.0	106.0	86.0	123.0	87.0	121.0	100.0	93.0	105.0	137.0	-1.0	90.0	94.0	-1.0	96.0	96.0	-1.0	93.0	-1.0	-1.0	125.0	106.0	82.0	-1.0	81.0	139.0	-1.0	-1.0	-1.0	-1.0	129.0	-1.0	-1.0	86.0	96.0	100.0	129.0	108.0	-1.0	99.0	134.0	-1.0	98.0	127.0	106.0	93.0	43.0	84.0	84.0	83.0	95.0	101.0	133.0	103.0	130.0	139.0	87.0	101.0	102.0	94.0	131.0	-1.0	130.0	96.0	-1.0	101.0	-1.0	97.0	131.0	109.0	134.0	136.0	-1.0	86.0	102.0	134.0	112.0	-1.0	92.0	-1.0	101.0	130.0	-1.0	-1.0	103.0	101.0	-1.0	-1.0	89.0	101.0	-1.0	-1.0	102.0	103.0	-1.0	92.0	134.0	-1.0	128.0	140.0	138.0	-1.0	91.0	-1.0	52.0	104.0	105.0	80.0	101.0	-1.0	90.0	102.0	96.0	95.0	-1.0	96.0	-1.0	-1.0	138.0	100.0	95.0	106.0	100.0	89.0	94.0	109.0	106.0	99.0	-1.0	99.0	138.0	-1.0	124.0	103.0	100.0	113.0	

maxX :
128.0	124.0	124.0	

maxW :
146.0	143.0	140.0	

minX :
0.0	0.0	0.0	

minW :
52.0	40.0	43.0	

moyX :
78.80434782608695	74.27358490566037	78.3716814159292	

moyW :
116.55072463768116	107.11320754716981	106.15929203539822	

medX :
93.5	85.0	90.0	

medW :
108.0	101.0	101.0	

ecartTypeX :
35.84242055904136	28.11215174666814	26.861557453994664	

ecartTypeW :
22.635444971109308	22.58373131039954	20.0042324599807	

varX :
1284.6791115311908	790.2930758276966	721.5432688542563	

varW :
512.3633690401177	510.0249199003204	400.16931631294545	

covarX :
1313.227536231884	797.8196765498652	727.9856194690265	

covarW :
519.8981244671783	514.8823000898473	403.74225663716805	

coef_variationX :
0.45482795743886967	0.37849461261867434	0.3427457082544486	

coef_variationW :
0.19421110457678964	0.21083983784590024	0.18843600099848443	

moy_distances_centre :	117.68888888888888
min_distances_centre :	40.0
max_distances_centre :	194.0
med_distances_centre :	129.0
ecartType_distances_centre :	34.545829284989736
var_distances_centre :	1193.4143209876545
covar_distances_centre :	1206.8234706616727
coef_variation_distances_centre :	0.29353518085810765
capacite_X_temoin : 
1207.0	1227.0	1633.0	1801.0	0.0	1881.0	1692.0	1485.0	1485.0	1702.0	
1227.0	1267.0	1683.0	1930.0	1584.0	1772.0	1801.0	1910.0	1732.0	1970.0	
1168.0	1313.0	1613.0	1623.0	1742.0	1791.0	1772.0	1485.0	1831.0	1881.0	

capacite_W_temoin : 
716.0999999999999	625.0999999999999	771.9	703.3	0.0	1438.3	1536.6	861.5	1601.5	1038.6	
636.0999999999999	607.0999999999999	1112.9	687.0	1368.2	1479.6	1423.3	1442.0	1879.6	1871.0	
746.4	498.9	1311.9	873.9	1332.6	1694.3	911.6	769.5	1708.3	1359.3	

demande_cumulee_X : 
853.0	970.0	1351.0	1638.0	0.0	1007.0	663.0	1069.0	329.0	1174.0	
959.0	1040.0	1075.0	1822.0	691.0	824.0	918.0	1041.0	372.0	690.0	
772.0	1208.0	785.0	1236.0	932.0	634.0	1392.0	1161.0	672.0	1086.0	

demande_cumulee_W : 
688.0	605.0	722.0	684.0	0.0	1411.0	1507.0	858.0	1571.0	1008.0	
631.0	531.0	888.0	682.0	1213.0	1021.0	1297.0	1130.0	642.0	1397.0	
731.0	486.0	1121.0	872.0	1274.0	1669.0	904.0	735.0	727.0	1359.0	

capacite_residuelle_X : 
354.0	257.0	282.0	163.0	0.0	874.0	1029.0	416.0	1156.0	528.0	
268.0	227.0	608.0	108.0	893.0	948.0	883.0	869.0	1360.0	1280.0	
396.0	105.0	828.0	387.0	810.0	1157.0	380.0	324.0	1159.0	795.0	

capacite_residuelle_W : 
28.09999999999991	20.09999999999991	49.89999999999998	19.299999999999955	0.0	27.299999999999955	29.59999999999991	3.5	30.5	30.59999999999991	
5.099999999999909	76.09999999999991	224.9000000000001	5.0	155.20000000000005	458.5999999999999	126.29999999999995	312.0	1237.6	474.0	
15.399999999999977	12.899999999999977	190.9000000000001	1.8999999999999773	58.59999999999991	25.299999999999955	7.600000000000023	34.5	981.3	0.2999999999999545	

min_capacite_X : 
0.0	1227.0	1168.0	

min_capacite_W : 
0.0	607.0999999999999	498.9	

max_capacite_X : 
1881.0	1970.0	1881.0	

max_capacite_W : 
1601.5	1879.6	1708.3	

moy_capacite_X : 
1411.3	1687.6	1621.9	

moy_capacite_W : 
929.29	1250.68	1120.6699999999998	

med_capacite_X : 
1559.0	1752.0	1682.5	

med_capacite_W : 
816.7	1395.75	1111.75	

ecartType_capacite_X : 
516.0688035523946	246.9280057020669	222.86114511058224	

ecartType_capacite_W : 
466.23294488914013	451.83800814008555	395.9027583889761	

var_capacite_X : 
266327.01	60973.43999999999	49667.09	

var_capacite_W : 
217373.15889999998	204157.58560000002	156738.9941	

covar_capacite_X : 
295918.89999999997	67748.26666666665	55185.65555555555	

covar_capacite_W : 
241525.73211111105	226841.76177777778	174154.4378888889	

##########	##########	##########	##########	##########	##########	##########	##########	##########	##########	##########	##########	##########	##########	##########	##########	##########	##########	##########	##########	##########	##########	##########	##########	##########	##########	##########	##########	##########	##########	##########	##########	##########	##########	##########	##########	##########	##########	##########	##########	##########	##########	##########	##########	##########	##########	##########	##########	##########	##########	##########	##########	##########	##########	##########	##########	##########	##########	##########	##########	##########	##########	##########	##########	##########	##########	##########	##########	##########	##########	##########	##########	##########	##########	##########	##########	##########	##########	##########	##########	##########	##########	##########	##########	##########	##########	##########	##########	##########	##########	##########	##########	##########	##########	##########	##########	##########	##########	##########	##########	##########	##########	##########	##########	##########	##########	##########	##########	##########	##########	##########	##########	##########	##########	##########	##########	##########	##########	##########	##########	##########	##########	##########	##########	##########	##########	##########	##########	##########	##########	##########	##########	##########	##########	##########	##########	##########	##########	##########	##########	##########	##########	##########	##########	##########	##########	##########	##########	##########	##########	