nombre de noeuds : 150
nombre de strates : 5
nombre de centres : 15
titre : intelligent
instances : G8_2
temps de calcul : 64.51877689361572
valeur objective : 1280.0
nombre de solutions : 10
nombre de noeuds : 7417.0
faisability : True
centre : [52, 93, 90, 59, 84, 42, 17, 82, 34, 96, 119, 148, 12, 137, 53]
moy_distances :	128.2
min_distances :	40.0
max_distances :	230.0
var_distances :	1023.872478216697
covar_distances :	1023.9182911156282
ecartType_distances :	31.998007410098165
coef_variation	: 0.24959879716590488
distances_centre_x :
-1.0	-1.0	91.0	-1.0	-1.0	-1.0	59.0	-1.0	-1.0	-1.0	-1.0	-1.0	-1.0	-1.0	99.0	-1.0	-1.0	-1.0	-1.0	-1.0	-1.0	-1.0	-1.0	-1.0	-1.0	-1.0	-1.0	-1.0	-1.0	-1.0	-1.0	-1.0	91.0	-1.0	-1.0	-1.0	-1.0	-1.0	-1.0	-1.0	-1.0	-1.0	56.0	-1.0	-1.0	-1.0	-1.0	-1.0	-1.0	-1.0	-1.0	-1.0	94.0	-1.0	-1.0	-1.0	-1.0	-1.0	-1.0	-1.0	-1.0	-1.0	-1.0	101.0	-1.0	-1.0	-1.0	-1.0	-1.0	-1.0	-1.0	-1.0	-1.0	-1.0	-1.0	110.0	-1.0	-1.0	-1.0	108.0	-1.0	-1.0	-1.0	-1.0	-1.0	-1.0	-1.0	-1.0	-1.0	-1.0	99.0	-1.0	-1.0	-1.0	-1.0	-1.0	-1.0	-1.0	-1.0	-1.0	-1.0	-1.0	-1.0	-1.0	-1.0	52.0	105.0	-1.0	-1.0	-1.0	-1.0	112.0	-1.0	-1.0	-1.0	-1.0	-1.0	-1.0	-1.0	-1.0	-1.0	-1.0	-1.0	-1.0	-1.0	-1.0	-1.0	-1.0	-1.0	-1.0	-1.0	-1.0	-1.0	-1.0	-1.0	-1.0	-1.0	-1.0	-1.0	108.0	-1.0	-1.0	-1.0	58.0	-1.0	-1.0	-1.0	-1.0	-1.0	-1.0	
-1.0	-1.0	-1.0	-1.0	-1.0	56.0	-1.0	-1.0	-1.0	-1.0	-1.0	52.0	-1.0	-1.0	-1.0	-1.0	-1.0	-1.0	-1.0	-1.0	-1.0	-1.0	-1.0	-1.0	-1.0	-1.0	-1.0	-1.0	-1.0	-1.0	-1.0	-1.0	91.0	-1.0	-1.0	-1.0	-1.0	-1.0	-1.0	-1.0	-1.0	-1.0	-1.0	-1.0	-1.0	-1.0	-1.0	42.0	-1.0	-1.0	-1.0	-1.0	-1.0	-1.0	-1.0	-1.0	-1.0	-1.0	-1.0	-1.0	85.0	-1.0	-1.0	-1.0	-1.0	-1.0	-1.0	-1.0	-1.0	-1.0	59.0	-1.0	89.0	-1.0	-1.0	-1.0	-1.0	56.0	-1.0	108.0	52.0	-1.0	-1.0	-1.0	-1.0	-1.0	44.0	-1.0	-1.0	99.0	-1.0	-1.0	-1.0	-1.0	-1.0	-1.0	-1.0	92.0	-1.0	-1.0	-1.0	-1.0	108.0	-1.0	-1.0	-1.0	-1.0	-1.0	-1.0	-1.0	-1.0	59.0	-1.0	-1.0	-1.0	-1.0	-1.0	-1.0	-1.0	-1.0	-1.0	-1.0	-1.0	100.0	-1.0	-1.0	-1.0	-1.0	-1.0	-1.0	-1.0	-1.0	-1.0	-1.0	108.0	-1.0	-1.0	0.0	-1.0	-1.0	-1.0	-1.0	-1.0	58.0	-1.0	58.0	-1.0	-1.0	0.0	-1.0	
-1.0	-1.0	88.0	-1.0	-1.0	-1.0	98.0	-1.0	-1.0	-1.0	-1.0	52.0	-1.0	-1.0	-1.0	-1.0	-1.0	-1.0	88.0	89.0	-1.0	-1.0	-1.0	-1.0	-1.0	-1.0	52.0	-1.0	-1.0	-1.0	59.0	-1.0	89.0	-1.0	-1.0	-1.0	-1.0	-1.0	-1.0	-1.0	-1.0	-1.0	-1.0	-1.0	-1.0	-1.0	-1.0	-1.0	-1.0	-1.0	-1.0	-1.0	-1.0	-1.0	-1.0	102.0	52.0	-1.0	-1.0	-1.0	85.0	-1.0	-1.0	-1.0	105.0	-1.0	-1.0	-1.0	-1.0	-1.0	52.0	-1.0	89.0	-1.0	47.0	-1.0	-1.0	56.0	-1.0	-1.0	-1.0	-1.0	-1.0	-1.0	52.0	-1.0	44.0	-1.0	-1.0	47.0	0.0	-1.0	-1.0	-1.0	-1.0	-1.0	-1.0	56.0	-1.0	-1.0	-1.0	-1.0	-1.0	-1.0	-1.0	-1.0	-1.0	50.0	-1.0	90.0	-1.0	-1.0	-1.0	98.0	51.0	-1.0	52.0	53.0	-1.0	-1.0	99.0	-1.0	-1.0	100.0	-1.0	-1.0	-1.0	-1.0	-1.0	-1.0	55.0	-1.0	-1.0	-1.0	-1.0	-1.0	-1.0	-1.0	-1.0	-1.0	101.0	-1.0	-1.0	58.0	-1.0	-1.0	-1.0	-1.0	-1.0	-1.0	
-1.0	-1.0	89.0	94.0	-1.0	-1.0	-1.0	-1.0	-1.0	-1.0	-1.0	-1.0	-1.0	-1.0	-1.0	-1.0	-1.0	100.0	-1.0	89.0	47.0	-1.0	-1.0	-1.0	112.0	-1.0	52.0	-1.0	-1.0	-1.0	59.0	-1.0	89.0	-1.0	-1.0	-1.0	-1.0	-1.0	-1.0	-1.0	-1.0	-1.0	-1.0	-1.0	-1.0	-1.0	-1.0	-1.0	-1.0	-1.0	-1.0	-1.0	-1.0	-1.0	-1.0	-1.0	-1.0	-1.0	49.0	-1.0	85.0	-1.0	-1.0	91.0	-1.0	-1.0	-1.0	-1.0	-1.0	-1.0	52.0	-1.0	89.0	-1.0	47.0	-1.0	-1.0	56.0	44.0	-1.0	52.0	-1.0	91.0	57.0	0.0	-1.0	44.0	-1.0	95.0	-1.0	-1.0	-1.0	-1.0	-1.0	42.0	-1.0	0.0	56.0	-1.0	90.0	-1.0	-1.0	-1.0	91.0	-1.0	-1.0	-1.0	50.0	-1.0	-1.0	-1.0	-1.0	-1.0	98.0	51.0	-1.0	52.0	-1.0	-1.0	-1.0	52.0	-1.0	-1.0	100.0	-1.0	-1.0	-1.0	-1.0	-1.0	-1.0	-1.0	-1.0	-1.0	-1.0	-1.0	-1.0	-1.0	-1.0	-1.0	-1.0	-1.0	-1.0	104.0	-1.0	91.0	-1.0	-1.0	-1.0	99.0	-1.0	
104.0	-1.0	-1.0	-1.0	45.0	56.0	94.0	-1.0	104.0	-1.0	-1.0	52.0	-1.0	47.0	103.0	-1.0	-1.0	-1.0	-1.0	89.0	47.0	-1.0	-1.0	-1.0	-1.0	-1.0	-1.0	-1.0	-1.0	-1.0	-1.0	48.0	89.0	-1.0	-1.0	-1.0	-1.0	-1.0	46.0	89.0	-1.0	59.0	56.0	95.0	97.0	-1.0	-1.0	-1.0	-1.0	-1.0	-1.0	46.0	-1.0	-1.0	-1.0	94.0	-1.0	-1.0	-1.0	-1.0	85.0	-1.0	-1.0	-1.0	-1.0	-1.0	-1.0	-1.0	-1.0	-1.0	52.0	84.0	89.0	98.0	47.0	93.0	104.0	56.0	-1.0	-1.0	86.0	-1.0	-1.0	56.0	-1.0	-1.0	44.0	-1.0	-1.0	47.0	0.0	-1.0	47.0	0.0	42.0	98.0	-1.0	-1.0	-1.0	-1.0	-1.0	-1.0	-1.0	91.0	96.0	52.0	-1.0	-1.0	-1.0	-1.0	-1.0	99.0	-1.0	-1.0	-1.0	-1.0	52.0	53.0	-1.0	0.0	52.0	-1.0	53.0	100.0	-1.0	-1.0	-1.0	-1.0	-1.0	-1.0	55.0	-1.0	-1.0	55.0	108.0	-1.0	-1.0	-1.0	103.0	-1.0	-1.0	-1.0	100.0	58.0	-1.0	-1.0	-1.0	-1.0	0.0	-1.0	

distances_centre_w :
-1.0	-1.0	-1.0	-1.0	-1.0	-1.0	97.0	-1.0	-1.0	-1.0	-1.0	-1.0	-1.0	-1.0	-1.0	141.0	-1.0	-1.0	-1.0	-1.0	-1.0	-1.0	-1.0	-1.0	-1.0	-1.0	-1.0	-1.0	-1.0	-1.0	-1.0	-1.0	-1.0	136.0	-1.0	135.0	140.0	153.0	-1.0	-1.0	-1.0	-1.0	101.0	-1.0	-1.0	-1.0	-1.0	-1.0	-1.0	-1.0	-1.0	-1.0	-1.0	-1.0	-1.0	-1.0	-1.0	-1.0	-1.0	-1.0	-1.0	-1.0	-1.0	150.0	-1.0	-1.0	-1.0	-1.0	144.0	-1.0	137.0	-1.0	-1.0	149.0	-1.0	-1.0	-1.0	-1.0	-1.0	-1.0	-1.0	-1.0	-1.0	-1.0	-1.0	-1.0	-1.0	-1.0	140.0	106.0	-1.0	116.0	-1.0	146.0	108.0	-1.0	-1.0	-1.0	-1.0	-1.0	-1.0	-1.0	-1.0	-1.0	-1.0	149.0	-1.0	-1.0	-1.0	-1.0	-1.0	-1.0	-1.0	-1.0	-1.0	-1.0	-1.0	-1.0	-1.0	-1.0	-1.0	-1.0	-1.0	-1.0	-1.0	-1.0	-1.0	-1.0	-1.0	-1.0	-1.0	-1.0	-1.0	-1.0	-1.0	-1.0	151.0	-1.0	-1.0	-1.0	-1.0	-1.0	-1.0	-1.0	-1.0	-1.0	142.0	149.0	-1.0	-1.0	
-1.0	-1.0	-1.0	-1.0	-1.0	-1.0	-1.0	-1.0	-1.0	-1.0	-1.0	-1.0	-1.0	-1.0	-1.0	-1.0	97.0	-1.0	-1.0	-1.0	-1.0	-1.0	-1.0	-1.0	-1.0	-1.0	-1.0	-1.0	-1.0	-1.0	-1.0	-1.0	-1.0	136.0	-1.0	-1.0	-1.0	-1.0	-1.0	-1.0	-1.0	-1.0	-1.0	-1.0	-1.0	-1.0	52.0	-1.0	-1.0	-1.0	-1.0	-1.0	-1.0	-1.0	-1.0	94.0	-1.0	-1.0	-1.0	-1.0	-1.0	-1.0	-1.0	-1.0	-1.0	59.0	-1.0	-1.0	-1.0	-1.0	-1.0	-1.0	-1.0	-1.0	-1.0	103.0	-1.0	-1.0	-1.0	-1.0	-1.0	-1.0	-1.0	-1.0	-1.0	135.0	-1.0	-1.0	-1.0	106.0	-1.0	-1.0	-1.0	-1.0	-1.0	98.0	-1.0	-1.0	-1.0	-1.0	-1.0	-1.0	-1.0	-1.0	-1.0	52.0	-1.0	-1.0	-1.0	-1.0	-1.0	-1.0	-1.0	-1.0	-1.0	-1.0	-1.0	-1.0	-1.0	-1.0	-1.0	-1.0	-1.0	105.0	-1.0	-1.0	-1.0	-1.0	-1.0	-1.0	-1.0	-1.0	-1.0	-1.0	116.0	-1.0	-1.0	-1.0	116.0	-1.0	-1.0	-1.0	-1.0	-1.0	-1.0	-1.0	-1.0	-1.0	-1.0	-1.0	
-1.0	-1.0	89.0	-1.0	-1.0	-1.0	128.0	-1.0	-1.0	-1.0	87.0	94.0	47.0	-1.0	99.0	56.0	97.0	-1.0	-1.0	-1.0	-1.0	93.0	-1.0	-1.0	-1.0	-1.0	-1.0	-1.0	-1.0	-1.0	-1.0	-1.0	91.0	-1.0	-1.0	-1.0	47.0	-1.0	-1.0	-1.0	-1.0	-1.0	-1.0	95.0	-1.0	-1.0	-1.0	-1.0	104.0	47.0	-1.0	-1.0	-1.0	-1.0	-1.0	-1.0	-1.0	-1.0	-1.0	-1.0	-1.0	-1.0	-1.0	-1.0	-1.0	-1.0	-1.0	-1.0	-1.0	-1.0	59.0	-1.0	-1.0	-1.0	-1.0	-1.0	-1.0	-1.0	-1.0	104.0	-1.0	-1.0	-1.0	93.0	-1.0	89.0	-1.0	94.0	-1.0	-1.0	-1.0	-1.0	-1.0	-1.0	-1.0	-1.0	-1.0	92.0	93.0	-1.0	-1.0	-1.0	-1.0	-1.0	-1.0	52.0	-1.0	-1.0	-1.0	-1.0	-1.0	59.0	-1.0	-1.0	-1.0	90.0	56.0	111.0	-1.0	-1.0	108.0	-1.0	-1.0	-1.0	-1.0	54.0	-1.0	-1.0	-1.0	110.0	-1.0	-1.0	55.0	-1.0	-1.0	56.0	-1.0	-1.0	103.0	-1.0	-1.0	-1.0	-1.0	-1.0	91.0	-1.0	-1.0	-1.0	-1.0	-1.0	
104.0	134.0	-1.0	133.0	-1.0	-1.0	-1.0	-1.0	-1.0	-1.0	87.0	-1.0	-1.0	-1.0	99.0	-1.0	97.0	128.0	-1.0	107.0	-1.0	-1.0	-1.0	-1.0	128.0	92.0	130.0	-1.0	87.0	-1.0	-1.0	-1.0	91.0	-1.0	-1.0	100.0	47.0	-1.0	-1.0	-1.0	-1.0	59.0	56.0	95.0	-1.0	-1.0	-1.0	-1.0	-1.0	47.0	93.0	-1.0	-1.0	-1.0	-1.0	94.0	-1.0	-1.0	56.0	-1.0	94.0	-1.0	-1.0	101.0	-1.0	-1.0	-1.0	-1.0	-1.0	-1.0	59.0	-1.0	-1.0	-1.0	-1.0	93.0	-1.0	-1.0	-1.0	92.0	91.0	-1.0	-1.0	93.0	52.0	48.0	-1.0	-1.0	-1.0	-1.0	-1.0	116.0	-1.0	-1.0	-1.0	-1.0	-1.0	92.0	87.0	-1.0	-1.0	105.0	-1.0	97.0	-1.0	52.0	105.0	-1.0	-1.0	90.0	-1.0	-1.0	-1.0	-1.0	-1.0	-1.0	56.0	-1.0	-1.0	-1.0	52.0	-1.0	-1.0	-1.0	-1.0	54.0	-1.0	102.0	-1.0	-1.0	-1.0	-1.0	-1.0	-1.0	-1.0	-1.0	-1.0	-1.0	103.0	-1.0	-1.0	-1.0	-1.0	-1.0	91.0	-1.0	88.0	-1.0	-1.0	-1.0	
131.0	141.0	88.0	-1.0	-1.0	-1.0	-1.0	106.0	128.0	-1.0	-1.0	94.0	-1.0	94.0	-1.0	104.0	-1.0	-1.0	-1.0	99.0	-1.0	93.0	92.0	-1.0	-1.0	-1.0	-1.0	-1.0	-1.0	-1.0	-1.0	-1.0	91.0	89.0	-1.0	-1.0	47.0	-1.0	140.0	-1.0	-1.0	-1.0	130.0	100.0	-1.0	-1.0	-1.0	-1.0	-1.0	-1.0	-1.0	-1.0	-1.0	-1.0	-1.0	-1.0	-1.0	-1.0	-1.0	-1.0	-1.0	102.0	-1.0	-1.0	-1.0	-1.0	-1.0	-1.0	-1.0	-1.0	59.0	-1.0	-1.0	-1.0	-1.0	103.0	132.0	-1.0	-1.0	-1.0	104.0	100.0	-1.0	57.0	-1.0	-1.0	-1.0	89.0	-1.0	103.0	47.0	-1.0	-1.0	-1.0	-1.0	102.0	-1.0	-1.0	-1.0	-1.0	-1.0	-1.0	-1.0	97.0	-1.0	90.0	51.0	-1.0	-1.0	137.0	-1.0	138.0	-1.0	-1.0	-1.0	-1.0	111.0	100.0	-1.0	-1.0	102.0	-1.0	91.0	136.0	-1.0	-1.0	-1.0	-1.0	-1.0	-1.0	99.0	101.0	-1.0	-1.0	116.0	-1.0	-1.0	-1.0	116.0	-1.0	-1.0	-1.0	104.0	-1.0	-1.0	-1.0	-1.0	-1.0	99.0	99.0	

maxX :
112.0	108.0	105.0	112.0	108.0	

maxW :
153.0	136.0	128.0	134.0	141.0	

minX :
52.0	0.0	0.0	0.0	0.0	

minW :
97.0	52.0	47.0	47.0	47.0	

moyX :
89.53333333333333	67.42857142857143	69.03125	69.16216216216216	67.54545454545455	

moyW :
134.5	97.61538461538461	83.12121212121212	88.6304347826087	101.15555555555555	

medX :
99.0	59.0	57.0	59.0	56.0	

medW :
140.5	103.0	91.0	92.5	100.0	

ecartTypeX :
21.039222630337104	31.07222221208646	24.593551460443855	27.43593374007744	29.20262639609239	

ecartTypeW :
17.69321904007295	26.842957711441276	22.523735057822996	24.281285238933343	23.16218715018612	

varX :
442.64888888888896	965.482993197279	604.8427734375	752.7304601899197	852.793388429752	

varW :
313.05	720.5443786982246	507.3186409550047	589.5808128544422	536.486913580247	

covarX :
474.2666666666667	1013.7571428571428	624.3538306451612	773.6396396396395	868.5858585858584	

covarW :
329.52631578947364	780.5897435897434	523.1723484848486	602.6826086956522	548.6797979797982	

coef_variationX :
0.2349875945309431	0.46081685484026524	0.35626692925948544	0.39668993684363635	0.4323403638721619	

coef_variationW :
0.13154809695221525	0.2749869584308405	0.2709745741553623	0.2739610304122967	0.2289759274513127	

moy_distances_centre :	117.94285714285714
min_distances_centre :	43.0
max_distances_centre :	181.0
med_distances_centre :	128.0
ecartType_distances_centre :	30.4708536993972
var_distances_centre :	928.472925170068
covar_distances_centre :	932.9153793574847
coef_variation_distances_centre :	0.25835268398229216
capacite_X_temoin : 
1009.0	0.0	0.0	1260.0	1260.0	730.0	1016.0	0.0	1049.0	1207.0	1049.0	0.0	844.0	822.0	862.0	
0.0	990.0	0.0	1194.0	1003.0	827.0	1247.0	1029.0	1234.0	1023.0	1009.0	0.0	836.0	787.0	800.0	
1036.0	1128.0	1313.0	1075.0	1181.0	844.0	1247.0	1188.0	0.0	1009.0	1234.0	1148.0	827.0	792.0	704.0	
1135.0	990.0	1023.0	1056.0	1306.0	660.0	1293.0	0.0	1161.0	1234.0	1128.0	1102.0	862.0	822.0	853.0	
0.0	1042.0	1122.0	0.0	1108.0	844.0	0.0	1273.0	1240.0	1207.0	1267.0	1095.0	743.0	818.0	871.0	

capacite_W_temoin : 
339.7	0.0	0.0	621.0	974.0	295.0	784.8	0.0	662.7	529.0999999999999	1119.7	0.0	510.2	543.6	850.5999999999999	
0.0	580.0	0.0	788.2	758.9	468.1	658.0999999999999	834.7	1203.2	571.9	825.7	0.0	591.8	340.1	294.0	
762.8	617.4	1359.9	769.5	1112.3	433.2	1104.1	1201.4	0.0	682.7	917.2	1142.4	677.1	663.6	524.2	
908.5	414.0	977.9	341.8	934.8	237.0	1128.9	0.0	1349.3	1019.2	976.4	667.5999999999999	760.5999999999999	827.6	529.9	
0.0	398.59999999999997	1085.6	0.0	997.4	707.2	0.0	1037.9	1538.0	822.0999999999999	937.0999999999999	697.5	300.9	373.4	421.3	

demande_cumulee_X : 
972.0	0.0	0.0	1017.0	664.0	654.0	536.0	0.0	701.0	1040.0	244.0	0.0	587.0	525.0	270.0	
0.0	707.0	0.0	764.0	545.0	607.0	963.0	503.0	401.0	758.0	486.0	0.0	495.0	683.0	746.0	
584.0	849.0	347.0	628.0	423.0	664.0	517.0	343.0	0.0	629.0	687.0	350.0	398.0	366.0	391.0	
567.0	873.0	352.0	1031.0	763.0	621.0	552.0	0.0	160.0	585.0	490.0	765.0	360.0	241.0	579.0	
0.0	956.0	373.0	0.0	443.0	390.0	0.0	617.0	74.0	747.0	710.0	726.0	665.0	690.0	711.0	

demande_cumulee_W : 
339.0	0.0	0.0	619.0	972.0	294.0	784.0	0.0	661.0	525.0	1119.0	0.0	506.0	541.0	850.0	
0.0	575.0	0.0	777.0	757.0	444.0	651.0	816.0	1126.0	531.0	820.0	0.0	543.0	340.0	278.0	
751.0	609.0	433.0	551.0	678.0	406.0	429.0	398.0	0.0	628.0	263.0	380.0	577.0	616.0	457.0	
872.0	413.0	544.0	302.0	686.0	180.0	743.0	0.0	407.0	985.0	344.0	552.0	655.0	786.0	470.0	
0.0	396.0	1026.0	0.0	987.0	567.0	0.0	634.0	656.0	787.0	764.0	287.0	291.0	357.0	350.0	

capacite_residuelle_X : 
37.0	0.0	0.0	243.0	596.0	76.0	480.0	0.0	348.0	167.0	805.0	0.0	257.0	297.0	592.0	
0.0	283.0	0.0	430.0	458.0	220.0	284.0	526.0	833.0	265.0	523.0	0.0	341.0	104.0	54.0	
452.0	279.0	966.0	447.0	758.0	180.0	730.0	845.0	0.0	380.0	547.0	798.0	429.0	426.0	313.0	
568.0	117.0	671.0	25.0	543.0	39.0	741.0	0.0	1001.0	649.0	638.0	337.0	502.0	581.0	274.0	
0.0	86.0	749.0	0.0	665.0	454.0	0.0	656.0	1166.0	460.0	557.0	369.0	78.0	128.0	160.0	

capacite_residuelle_W : 
0.6999999999999886	0.0	0.0	2.0	2.0	1.0	0.7999999999999545	0.0	1.7000000000000455	4.099999999999909	0.7000000000000455	0.0	4.199999999999989	2.6000000000000227	0.599999999999909	
0.0	5.0	0.0	11.200000000000045	1.8999999999999773	24.100000000000023	7.099999999999909	18.700000000000045	77.20000000000005	40.89999999999998	5.7000000000000455	0.0	48.799999999999955	0.10000000000002274	16.0	
11.799999999999955	8.399999999999977	926.9000000000001	218.5	434.29999999999995	27.19999999999999	675.0999999999999	803.4000000000001	0.0	54.700000000000045	654.2	762.4000000000001	100.10000000000002	47.60000000000002	67.20000000000005	
36.5	1.0	433.9	39.80000000000001	248.79999999999995	57.0	385.9000000000001	0.0	942.3	34.200000000000045	632.4	115.59999999999991	105.59999999999991	41.60000000000002	59.89999999999998	
0.0	2.599999999999966	59.59999999999991	0.0	10.399999999999977	140.20000000000005	0.0	403.9000000000001	882.0	35.09999999999991	173.0999999999999	410.5	9.899999999999977	16.399999999999977	71.30000000000001	

min_capacite_X : 
0.0	0.0	0.0	0.0	0.0	

min_capacite_W : 
0.0	0.0	0.0	0.0	0.0	

max_capacite_X : 
1260.0	1247.0	1313.0	1306.0	1273.0	

max_capacite_W : 
1119.7	1203.2	1359.9	1349.3	1538.0	

moy_capacite_X : 
740.5333333333333	798.6	981.7333333333333	975.0	842.0	

moy_capacite_W : 
482.02666666666664	527.6466666666666	797.8533333333334	738.2333333333333	621.1333333333332	

med_capacite_X : 
862.0	990.0	1075.0	1056.0	1042.0	

med_capacite_W : 
529.0999999999999	580.0	762.8	827.6	697.5	

ecartType_capacite_X : 
470.55341413654145	423.3773415445533	316.99305285061934	314.90760549723154	450.8727832400916	

ecartType_capacite_W : 
357.7312836318469	338.15502138647724	339.53457726063124	356.1035723244323	442.4102314468878	

var_capacite_X : 
221420.5155555555	179248.37333333332	100484.59555555554	99166.8	203286.26666666666	

var_capacite_W : 
127971.6712888889	114348.81848888888	115283.72915555557	126809.75422222221	195726.81288888885	

covar_capacite_X : 
237236.2666666666	192051.82857142857	107662.06666666665	106250.14285714286	217806.71428571426	

covar_capacite_W : 
137112.50495238096	122516.59123809522	123518.28123809525	135867.5938095238	209707.2995238095	

##########	##########	##########	##########	##########	##########	##########	##########	##########	##########	##########	##########	##########	##########	##########	##########	##########	##########	##########	##########	##########	##########	##########	##########	##########	##########	##########	##########	##########	##########	##########	##########	##########	##########	##########	##########	##########	##########	##########	##########	##########	##########	##########	##########	##########	##########	##########	##########	##########	##########	##########	##########	##########	##########	##########	##########	##########	##########	##########	##########	##########	##########	##########	##########	##########	##########	##########	##########	##########	##########	##########	##########	##########	##########	##########	##########	##########	##########	##########	##########	##########	##########	##########	##########	##########	##########	##########	##########	##########	##########	##########	##########	##########	##########	##########	##########	##########	##########	##########	##########	##########	##########	##########	##########	##########	##########	##########	##########	##########	##########	##########	##########	##########	##########	##########	##########	##########	##########	##########	##########	##########	##########	##########	##########	##########	##########	##########	##########	##########	##########	##########	##########	##########	##########	##########	##########	##########	##########	##########	##########	##########	##########	##########	##########	##########	##########	##########	##########	##########	##########	nombre de noeuds : 150
nombre de strates : 5
nombre de centres : 15
titre : intelligent
instances : G8_2
temps de calcul : 0.4901721477508545
valeur objective : 1233.0
nombre de solutions : 3
nombre de noeuds : 1.0
faisability : True
centre : [52, 93, 90, 59, 84, 42, 17, 96, 119, 148, 12, 137, 53, 98, 51]
moy_distances :	128.2
min_distances :	40.0
max_distances :	230.0
var_distances :	1023.872478216697
covar_distances :	1023.9182911156282
ecartType_distances :	31.998007410098165
coef_variation	: 0.24959879716590488
distances_centre_x :
-1.0	-1.0	-1.0	-1.0	-1.0	-1.0	-1.0	-1.0	-1.0	-1.0	-1.0	52.0	-1.0	-1.0	-1.0	-1.0	-1.0	-1.0	-1.0	-1.0	-1.0	-1.0	-1.0	-1.0	-1.0	-1.0	-1.0	-1.0	-1.0	-1.0	59.0	-1.0	91.0	-1.0	-1.0	-1.0	-1.0	-1.0	-1.0	-1.0	50.0	-1.0	-1.0	-1.0	-1.0	-1.0	-1.0	-1.0	-1.0	-1.0	-1.0	-1.0	-1.0	-1.0	45.0	-1.0	-1.0	-1.0	-1.0	-1.0	85.0	-1.0	-1.0	-1.0	-1.0	-1.0	90.0	-1.0	-1.0	-1.0	-1.0	-1.0	-1.0	-1.0	-1.0	48.0	-1.0	-1.0	-1.0	-1.0	52.0	-1.0	-1.0	-1.0	-1.0	-1.0	44.0	-1.0	-1.0	-1.0	-1.0	-1.0	-1.0	-1.0	-1.0	-1.0	-1.0	92.0	-1.0	-1.0	-1.0	-1.0	-1.0	91.0	-1.0	-1.0	-1.0	-1.0	-1.0	-1.0	-1.0	51.0	-1.0	-1.0	-1.0	-1.0	-1.0	-1.0	-1.0	0.0	-1.0	-1.0	-1.0	100.0	-1.0	-1.0	-1.0	-1.0	-1.0	-1.0	-1.0	-1.0	-1.0	-1.0	92.0	56.0	-1.0	-1.0	-1.0	-1.0	-1.0	-1.0	-1.0	58.0	-1.0	-1.0	-1.0	-1.0	-1.0	-1.0	
-1.0	-1.0	-1.0	-1.0	-1.0	56.0	-1.0	-1.0	-1.0	-1.0	-1.0	52.0	-1.0	-1.0	99.0	-1.0	-1.0	-1.0	-1.0	-1.0	-1.0	93.0	-1.0	-1.0	-1.0	-1.0	-1.0	-1.0	-1.0	-1.0	-1.0	-1.0	91.0	-1.0	-1.0	-1.0	-1.0	-1.0	-1.0	-1.0	-1.0	-1.0	-1.0	-1.0	-1.0	-1.0	-1.0	42.0	-1.0	94.0	-1.0	-1.0	-1.0	-1.0	45.0	-1.0	-1.0	-1.0	-1.0	-1.0	85.0	-1.0	-1.0	-1.0	-1.0	-1.0	-1.0	-1.0	-1.0	-1.0	59.0	-1.0	89.0	-1.0	-1.0	48.0	-1.0	-1.0	-1.0	-1.0	52.0	-1.0	-1.0	-1.0	-1.0	-1.0	44.0	-1.0	-1.0	-1.0	-1.0	-1.0	-1.0	-1.0	-1.0	-1.0	-1.0	92.0	-1.0	-1.0	-1.0	-1.0	-1.0	-1.0	-1.0	-1.0	-1.0	-1.0	-1.0	-1.0	-1.0	59.0	51.0	-1.0	-1.0	-1.0	-1.0	-1.0	-1.0	-1.0	-1.0	-1.0	-1.0	100.0	-1.0	-1.0	-1.0	-1.0	-1.0	-1.0	-1.0	-1.0	-1.0	-1.0	-1.0	-1.0	-1.0	0.0	-1.0	-1.0	-1.0	-1.0	-1.0	58.0	-1.0	-1.0	-1.0	-1.0	0.0	-1.0	
-1.0	-1.0	88.0	-1.0	107.0	-1.0	-1.0	-1.0	-1.0	-1.0	87.0	52.0	-1.0	-1.0	-1.0	-1.0	-1.0	-1.0	88.0	89.0	-1.0	93.0	-1.0	-1.0	-1.0	-1.0	52.0	-1.0	-1.0	-1.0	59.0	-1.0	89.0	-1.0	-1.0	-1.0	-1.0	-1.0	-1.0	-1.0	-1.0	-1.0	-1.0	102.0	-1.0	-1.0	-1.0	-1.0	-1.0	47.0	-1.0	-1.0	-1.0	-1.0	45.0	-1.0	41.0	-1.0	-1.0	-1.0	85.0	-1.0	-1.0	-1.0	105.0	-1.0	-1.0	-1.0	-1.0	-1.0	52.0	-1.0	89.0	-1.0	47.0	-1.0	-1.0	-1.0	-1.0	-1.0	-1.0	-1.0	-1.0	93.0	52.0	-1.0	44.0	-1.0	-1.0	47.0	0.0	-1.0	-1.0	-1.0	-1.0	-1.0	-1.0	56.0	0.0	-1.0	-1.0	-1.0	-1.0	-1.0	-1.0	-1.0	-1.0	97.0	-1.0	-1.0	-1.0	-1.0	51.0	98.0	51.0	-1.0	52.0	53.0	-1.0	-1.0	52.0	-1.0	-1.0	100.0	-1.0	-1.0	-1.0	-1.0	-1.0	-1.0	55.0	-1.0	55.0	-1.0	-1.0	-1.0	-1.0	-1.0	-1.0	-1.0	101.0	-1.0	-1.0	58.0	-1.0	-1.0	-1.0	-1.0	-1.0	-1.0	
90.0	111.0	82.0	94.0	-1.0	-1.0	-1.0	-1.0	46.0	-1.0	87.0	-1.0	-1.0	-1.0	103.0	41.0	96.0	0.0	-1.0	89.0	47.0	-1.0	-1.0	42.0	99.0	86.0	52.0	-1.0	40.0	-1.0	59.0	-1.0	89.0	80.0	-1.0	41.0	92.0	97.0	92.0	-1.0	-1.0	55.0	0.0	95.0	-1.0	-1.0	-1.0	-1.0	-1.0	47.0	98.0	0.0	0.0	0.0	-1.0	94.0	-1.0	-1.0	49.0	-1.0	85.0	-1.0	43.0	91.0	-1.0	-1.0	-1.0	85.0	-1.0	-1.0	52.0	-1.0	89.0	-1.0	47.0	48.0	-1.0	56.0	44.0	89.0	52.0	45.0	46.0	57.0	0.0	46.0	44.0	46.0	85.0	-1.0	-1.0	47.0	-1.0	-1.0	42.0	-1.0	0.0	56.0	0.0	90.0	90.0	49.0	-1.0	91.0	49.0	49.0	49.0	50.0	50.0	90.0	96.0	-1.0	-1.0	98.0	51.0	-1.0	52.0	-1.0	-1.0	-1.0	52.0	-1.0	-1.0	100.0	-1.0	53.0	-1.0	54.0	-1.0	-1.0	-1.0	56.0	-1.0	45.0	44.0	-1.0	56.0	-1.0	56.0	99.0	-1.0	57.0	104.0	-1.0	83.0	58.0	88.0	-1.0	0.0	-1.0	
-1.0	-1.0	89.0	-1.0	92.0	56.0	94.0	-1.0	-1.0	-1.0	-1.0	52.0	-1.0	47.0	-1.0	56.0	-1.0	-1.0	-1.0	89.0	47.0	-1.0	-1.0	-1.0	-1.0	-1.0	-1.0	-1.0	-1.0	-1.0	-1.0	48.0	89.0	89.0	-1.0	100.0	94.0	-1.0	-1.0	89.0	-1.0	59.0	56.0	95.0	97.0	-1.0	-1.0	-1.0	-1.0	-1.0	-1.0	-1.0	-1.0	-1.0	45.0	102.0	-1.0	-1.0	-1.0	-1.0	85.0	-1.0	91.0	-1.0	-1.0	-1.0	-1.0	-1.0	-1.0	-1.0	52.0	84.0	89.0	-1.0	47.0	48.0	85.0	-1.0	-1.0	-1.0	52.0	90.0	-1.0	57.0	-1.0	-1.0	44.0	110.0	-1.0	47.0	0.0	-1.0	47.0	0.0	42.0	98.0	-1.0	-1.0	-1.0	-1.0	-1.0	-1.0	-1.0	91.0	-1.0	52.0	-1.0	-1.0	-1.0	-1.0	-1.0	99.0	51.0	-1.0	-1.0	-1.0	52.0	53.0	-1.0	0.0	52.0	-1.0	53.0	116.0	-1.0	-1.0	-1.0	-1.0	-1.0	-1.0	55.0	-1.0	-1.0	-1.0	-1.0	-1.0	-1.0	-1.0	-1.0	-1.0	-1.0	-1.0	105.0	-1.0	-1.0	-1.0	-1.0	-1.0	0.0	-1.0	

distances_centre_w :
-1.0	-1.0	91.0	-1.0	-1.0	-1.0	59.0	-1.0	134.0	-1.0	108.0	-1.0	-1.0	-1.0	99.0	56.0	-1.0	-1.0	-1.0	-1.0	-1.0	-1.0	-1.0	-1.0	-1.0	92.0	-1.0	-1.0	-1.0	-1.0	-1.0	-1.0	-1.0	-1.0	-1.0	-1.0	-1.0	-1.0	-1.0	-1.0	-1.0	59.0	56.0	-1.0	-1.0	-1.0	-1.0	-1.0	-1.0	-1.0	-1.0	-1.0	129.0	-1.0	-1.0	-1.0	-1.0	-1.0	-1.0	-1.0	-1.0	-1.0	-1.0	101.0	-1.0	-1.0	-1.0	-1.0	-1.0	-1.0	137.0	-1.0	-1.0	-1.0	-1.0	-1.0	-1.0	-1.0	-1.0	-1.0	-1.0	90.0	-1.0	109.0	52.0	-1.0	-1.0	-1.0	-1.0	-1.0	-1.0	116.0	-1.0	-1.0	-1.0	-1.0	-1.0	-1.0	-1.0	-1.0	-1.0	-1.0	-1.0	-1.0	-1.0	52.0	51.0	-1.0	-1.0	-1.0	-1.0	59.0	-1.0	-1.0	-1.0	-1.0	-1.0	-1.0	-1.0	-1.0	-1.0	-1.0	-1.0	104.0	-1.0	-1.0	-1.0	-1.0	-1.0	-1.0	-1.0	96.0	-1.0	-1.0	116.0	-1.0	-1.0	-1.0	-1.0	101.0	-1.0	-1.0	-1.0	-1.0	-1.0	-1.0	-1.0	-1.0	-1.0	-1.0	
-1.0	-1.0	-1.0	-1.0	127.0	-1.0	-1.0	-1.0	-1.0	-1.0	-1.0	-1.0	-1.0	-1.0	-1.0	-1.0	97.0	-1.0	-1.0	-1.0	-1.0	-1.0	-1.0	-1.0	-1.0	92.0	-1.0	-1.0	-1.0	-1.0	-1.0	-1.0	-1.0	-1.0	52.0	135.0	89.0	-1.0	-1.0	-1.0	-1.0	59.0	-1.0	-1.0	-1.0	-1.0	52.0	-1.0	134.0	-1.0	-1.0	-1.0	-1.0	-1.0	-1.0	137.0	-1.0	-1.0	-1.0	95.0	-1.0	-1.0	-1.0	-1.0	-1.0	59.0	-1.0	-1.0	-1.0	-1.0	-1.0	-1.0	-1.0	-1.0	-1.0	-1.0	-1.0	56.0	-1.0	-1.0	-1.0	-1.0	-1.0	-1.0	52.0	-1.0	-1.0	-1.0	-1.0	-1.0	-1.0	-1.0	-1.0	-1.0	-1.0	98.0	-1.0	-1.0	-1.0	-1.0	-1.0	-1.0	97.0	-1.0	-1.0	52.0	-1.0	-1.0	-1.0	-1.0	-1.0	-1.0	-1.0	-1.0	-1.0	-1.0	56.0	-1.0	-1.0	-1.0	-1.0	-1.0	-1.0	104.0	-1.0	-1.0	-1.0	-1.0	-1.0	-1.0	-1.0	96.0	-1.0	-1.0	92.0	-1.0	-1.0	-1.0	-1.0	-1.0	-1.0	-1.0	-1.0	-1.0	-1.0	58.0	-1.0	-1.0	-1.0	-1.0	
-1.0	-1.0	91.0	-1.0	127.0	-1.0	-1.0	-1.0	-1.0	-1.0	108.0	94.0	47.0	-1.0	103.0	56.0	97.0	-1.0	-1.0	-1.0	-1.0	-1.0	-1.0	-1.0	-1.0	92.0	-1.0	-1.0	-1.0	-1.0	-1.0	-1.0	91.0	89.0	-1.0	-1.0	47.0	-1.0	-1.0	-1.0	-1.0	-1.0	-1.0	110.0	-1.0	-1.0	-1.0	-1.0	100.0	-1.0	-1.0	-1.0	-1.0	-1.0	-1.0	-1.0	52.0	-1.0	-1.0	-1.0	-1.0	83.0	-1.0	-1.0	-1.0	-1.0	-1.0	-1.0	-1.0	-1.0	59.0	-1.0	-1.0	-1.0	-1.0	-1.0	-1.0	56.0	-1.0	93.0	-1.0	-1.0	-1.0	94.0	87.0	89.0	-1.0	-1.0	-1.0	-1.0	47.0	-1.0	-1.0	-1.0	-1.0	-1.0	-1.0	92.0	93.0	-1.0	-1.0	-1.0	-1.0	-1.0	104.0	105.0	-1.0	109.0	-1.0	90.0	-1.0	51.0	-1.0	-1.0	-1.0	90.0	56.0	100.0	-1.0	-1.0	52.0	-1.0	-1.0	104.0	-1.0	54.0	-1.0	-1.0	-1.0	-1.0	-1.0	96.0	-1.0	-1.0	92.0	56.0	-1.0	-1.0	-1.0	-1.0	-1.0	-1.0	-1.0	-1.0	91.0	-1.0	-1.0	-1.0	-1.0	-1.0	
104.0	128.0	88.0	100.0	-1.0	-1.0	-1.0	-1.0	128.0	-1.0	108.0	-1.0	-1.0	-1.0	104.0	56.0	97.0	48.0	-1.0	97.0	83.0	-1.0	-1.0	81.0	128.0	92.0	80.0	-1.0	87.0	-1.0	93.0	-1.0	91.0	89.0	-1.0	82.0	111.0	112.0	121.0	-1.0	-1.0	59.0	56.0	102.0	-1.0	-1.0	-1.0	-1.0	-1.0	83.0	125.0	46.0	46.0	47.0	-1.0	102.0	-1.0	-1.0	56.0	-1.0	94.0	-1.0	86.0	99.0	-1.0	-1.0	-1.0	110.0	-1.0	-1.0	59.0	-1.0	90.0	-1.0	105.0	84.0	-1.0	112.0	45.0	92.0	91.0	90.0	91.0	93.0	52.0	48.0	102.0	46.0	95.0	-1.0	-1.0	116.0	-1.0	-1.0	101.0	-1.0	48.0	92.0	48.0	91.0	90.0	96.0	-1.0	97.0	92.0	52.0	105.0	97.0	94.0	90.0	98.0	-1.0	-1.0	99.0	55.0	-1.0	56.0	-1.0	-1.0	-1.0	52.0	-1.0	-1.0	104.0	-1.0	54.0	-1.0	100.0	-1.0	-1.0	-1.0	96.0	-1.0	55.0	92.0	-1.0	96.0	-1.0	98.0	101.0	-1.0	57.0	105.0	-1.0	91.0	58.0	94.0	-1.0	99.0	-1.0	
104.0	134.0	129.0	-1.0	-1.0	-1.0	-1.0	110.0	99.0	-1.0	-1.0	-1.0	-1.0	94.0	103.0	136.0	-1.0	-1.0	-1.0	99.0	-1.0	-1.0	88.0	137.0	-1.0	-1.0	-1.0	-1.0	-1.0	-1.0	-1.0	-1.0	91.0	139.0	-1.0	139.0	129.0	-1.0	-1.0	-1.0	-1.0	-1.0	100.0	-1.0	-1.0	-1.0	-1.0	-1.0	-1.0	-1.0	-1.0	132.0	-1.0	-1.0	-1.0	137.0	-1.0	139.0	-1.0	-1.0	-1.0	130.0	-1.0	-1.0	-1.0	-1.0	-1.0	-1.0	-1.0	-1.0	59.0	-1.0	-1.0	91.0	-1.0	93.0	137.0	139.0	-1.0	-1.0	91.0	100.0	-1.0	93.0	-1.0	-1.0	-1.0	139.0	-1.0	104.0	47.0	95.0	94.0	47.0	108.0	102.0	-1.0	-1.0	-1.0	-1.0	-1.0	-1.0	-1.0	97.0	97.0	104.0	97.0	-1.0	-1.0	138.0	-1.0	104.0	-1.0	-1.0	-1.0	-1.0	56.0	100.0	-1.0	52.0	99.0	-1.0	91.0	-1.0	-1.0	-1.0	-1.0	-1.0	-1.0	-1.0	-1.0	96.0	-1.0	-1.0	92.0	-1.0	-1.0	-1.0	103.0	-1.0	-1.0	109.0	-1.0	107.0	-1.0	-1.0	-1.0	-1.0	110.0	99.0	

maxX :
100.0	100.0	107.0	111.0	116.0	

maxW :
137.0	137.0	127.0	128.0	139.0	

minX :
0.0	0.0	0.0	0.0	0.0	

minW :
51.0	52.0	47.0	45.0	47.0	

moyX :
64.22222222222223	62.333333333333336	66.63157894736842	61.20224719101124	66.64150943396227	

moyW :
89.8695652173913	85.86363636363636	83.675	86.32584269662921	104.79629629629629	

medX :
57.0	58.0	55.5	55.0	56.0	

medW :
96.0	92.0	91.0	92.0	101.0	

ecartTypeX :
25.087747242994837	28.521225735587127	26.78316542417091	29.298226266548337	28.898060481776312	

ecartTypeW :
27.87129479812532	29.0959157623469	21.72945869091083	22.470342641961775	23.868761259444458	

varX :
629.395061728395	813.4603174603175	717.3379501385041	858.3860623658629	835.0978996084018	

varW :
776.8090737240075	846.5723140495867	472.16937500000006	504.9162984471657	569.7177640603567	

covarX :
666.4183006535948	854.1333333333334	736.7254623044097	868.1404494382023	851.1574746008711	

covarW :
812.1185770750989	886.8852813852812	484.27628205128195	510.6539836567926	580.4671558350803	

coef_variationX :
0.3906396629532068	0.45755977115915175	0.40195903875138017	0.4787116096425192	0.4336345429032119	

coef_variationW :
0.31013051783109935	0.3388619093550195	0.2596887802917338	0.2602968235239617	0.2277634048436121	

moy_distances_centre :	118.83809523809524
min_distances_centre :	46.0
max_distances_centre :	181.0
med_distances_centre :	128.0
ecartType_distances_centre :	29.70333436775
var_distances_centre :	882.2880725623583
covar_distances_centre :	886.5095465937571
coef_variation_distances_centre :	0.24994791702306057
capacite_X_temoin : 
1009.0	0.0	1260.0	686.0	1260.0	730.0	1016.0	1049.0	1207.0	1049.0	0.0	818.0	844.0	822.0	862.0	
0.0	990.0	1194.0	827.0	1003.0	827.0	1247.0	1234.0	1023.0	1009.0	0.0	699.0	836.0	787.0	800.0	
1036.0	1128.0	1075.0	708.0	1181.0	844.0	1247.0	0.0	1009.0	1234.0	1148.0	690.0	827.0	792.0	704.0	
1135.0	990.0	1056.0	748.0	1306.0	660.0	1293.0	1161.0	1234.0	1128.0	1102.0	814.0	862.0	822.0	853.0	
0.0	1042.0	0.0	827.0	1108.0	844.0	0.0	1240.0	1207.0	1267.0	1095.0	862.0	743.0	818.0	871.0	

capacite_W_temoin : 
673.7	0.0	597.0	451.79999999999995	1104.0	559.0	475.8	1210.7	707.0999999999999	710.7	0.0	704.4	842.2	616.6	532.5999999999999	
0.0	643.0	725.2	315.1	649.9	680.1	877.0999999999999	1127.2	684.9	700.7	0.0	623.7	712.8	539.1	282.0	
848.8	514.4	709.5	472.4	1214.3	529.2	1267.1	0.0	626.7	835.2	1142.4	534.0	553.1	762.6	524.2	
803.5	686.0	441.8	517.4	1268.8	282.0	1030.9	1349.3	828.2	948.4	900.5999999999999	902.2	654.5999999999999	827.6	332.9	
0.0	348.59999999999997	0.0	476.1	1043.4	723.2	0.0	1518.0	685.0999999999999	915.0999999999999	826.5	593.5999999999999	411.9	365.4	492.3	

demande_cumulee_X : 
638.0	0.0	1041.0	440.0	534.0	390.0	845.0	153.0	862.0	653.0	0.0	359.0	255.0	452.0	588.0	
0.0	644.0	827.0	760.0	654.0	395.0	744.0	477.0	645.0	611.0	0.0	285.0	374.0	484.0	758.0	
498.0	952.0	688.0	448.0	321.0	568.0	354.0	0.0	685.0	769.0	350.0	363.0	522.0	267.0	391.0	
672.0	601.0	931.0	455.0	429.0	576.0	650.0	160.0	776.0	518.0	532.0	156.0	466.0	241.0	776.0	
0.0	1006.0	0.0	599.0	397.0	374.0	0.0	94.0	884.0	732.0	597.0	527.0	554.0	698.0	640.0	

demande_cumulee_W : 
649.0	0.0	434.0	365.0	1006.0	527.0	389.0	331.0	691.0	619.0	0.0	519.0	704.0	476.0	500.0	
0.0	583.0	679.0	301.0	504.0	647.0	821.0	731.0	667.0	700.0	0.0	594.0	687.0	475.0	269.0	
844.0	413.0	656.0	468.0	283.0	484.0	511.0	0.0	551.0	544.0	551.0	426.0	507.0	594.0	344.0	
755.0	635.0	312.0	478.0	571.0	254.0	316.0	452.0	761.0	417.0	637.0	781.0	497.0	781.0	292.0	
0.0	284.0	0.0	386.0	1026.0	533.0	0.0	816.0	648.0	886.0	748.0	551.0	370.0	362.0	492.0	

capacite_residuelle_X : 
371.0	0.0	219.0	246.0	726.0	340.0	171.0	896.0	345.0	396.0	0.0	459.0	589.0	370.0	274.0	
0.0	346.0	367.0	67.0	349.0	432.0	503.0	757.0	378.0	398.0	0.0	414.0	462.0	303.0	42.0	
538.0	176.0	387.0	260.0	860.0	276.0	893.0	0.0	324.0	465.0	798.0	327.0	305.0	525.0	313.0	
463.0	389.0	125.0	293.0	877.0	84.0	643.0	1001.0	458.0	610.0	570.0	658.0	396.0	581.0	77.0	
0.0	36.0	0.0	228.0	711.0	470.0	0.0	1146.0	323.0	535.0	498.0	335.0	189.0	120.0	231.0	

capacite_residuelle_W : 
24.700000000000045	0.0	163.0	86.79999999999995	98.0	32.0	86.80000000000001	879.7	16.09999999999991	91.70000000000005	0.0	185.39999999999998	138.20000000000005	140.60000000000002	32.59999999999991	
0.0	60.0	46.200000000000045	14.100000000000023	145.89999999999998	33.10000000000002	56.09999999999991	396.20000000000005	17.899999999999977	0.7000000000000455	0.0	29.700000000000045	25.799999999999955	64.10000000000002	13.0	
4.7999999999999545	101.39999999999998	53.5	4.399999999999977	931.3	45.200000000000045	756.0999999999999	0.0	75.70000000000005	291.20000000000005	591.4000000000001	108.0	46.10000000000002	168.60000000000002	180.20000000000005	
48.5	51.0	129.8	39.39999999999998	697.8	28.0	714.9000000000001	897.3	67.20000000000005	531.4	263.5999999999999	121.20000000000005	157.5999999999999	46.60000000000002	40.89999999999998	
0.0	64.59999999999997	0.0	90.10000000000002	17.40000000000009	190.20000000000005	0.0	702.0	37.09999999999991	29.09999999999991	78.5	42.59999999999991	41.89999999999998	3.3999999999999773	0.30000000000001137	

min_capacite_X : 
0.0	0.0	0.0	660.0	0.0	

min_capacite_W : 
0.0	0.0	0.0	282.0	0.0	

max_capacite_X : 
1260.0	1247.0	1247.0	1306.0	1267.0	

max_capacite_W : 
1210.7	1127.2	1267.1	1349.3	1518.0	

moy_capacite_X : 
840.8	831.7333333333333	908.2	1010.9333333333333	794.9333333333333	

moy_capacite_W : 
612.3733333333333	570.7199999999999	702.2600000000001	784.9466666666667	559.9466666666666	

med_capacite_X : 
862.0	836.0	1009.0	1056.0	862.0	

med_capacite_W : 
616.6	649.9	626.7	827.6	492.3	

ecartType_capacite_X : 
372.62155958380436	364.4300512062942	309.1834838193442	198.77205258508778	428.3712512399599	

ecartType_capacite_W : 
314.884951406418	294.9496436116963	318.0160830314509	299.3760486226126	404.0533147439278	

var_capacite_X : 
138846.82666666666	132809.26222222223	95594.42666666667	39510.3288888889	183501.92888888885	

var_capacite_W : 
99152.53262222224	86995.29226666666	101134.22906666667	89626.01848888889	163259.08115555558	

covar_capacite_X : 
148764.4571428571	142295.6380952381	102422.59999999999	42332.495238095245	196609.20952380946	

covar_capacite_W : 
106234.85638095238	93209.2417142857	108358.10257142855	96027.87695238095	174920.44409523808	

##########	##########	##########	##########	##########	##########	##########	##########	##########	##########	##########	##########	##########	##########	##########	##########	##########	##########	##########	##########	##########	##########	##########	##########	##########	##########	##########	##########	##########	##########	##########	##########	##########	##########	##########	##########	##########	##########	##########	##########	##########	##########	##########	##########	##########	##########	##########	##########	##########	##########	##########	##########	##########	##########	##########	##########	##########	##########	##########	##########	##########	##########	##########	##########	##########	##########	##########	##########	##########	##########	##########	##########	##########	##########	##########	##########	##########	##########	##########	##########	##########	##########	##########	##########	##########	##########	##########	##########	##########	##########	##########	##########	##########	##########	##########	##########	##########	##########	##########	##########	##########	##########	##########	##########	##########	##########	##########	##########	##########	##########	##########	##########	##########	##########	##########	##########	##########	##########	##########	##########	##########	##########	##########	##########	##########	##########	##########	##########	##########	##########	##########	##########	##########	##########	##########	##########	##########	##########	##########	##########	##########	##########	##########	##########	##########	##########	##########	##########	##########	##########	nombre de noeuds : 150
nombre de strates : 5
nombre de centres : 15
titre : intelligent
instances : G8_2
temps de calcul : 0.48249101638793945
valeur objective : 1233.0
nombre de solutions : 3
nombre de noeuds : 1.0
faisability : True
centre : [52, 93, 90, 59, 84, 42, 17, 96, 119, 148, 137, 53, 98, 51, 143]
moy_distances :	128.2
min_distances :	40.0
max_distances :	230.0
var_distances :	1023.872478216697
covar_distances :	1023.9182911156282
ecartType_distances :	31.998007410098165
coef_variation	: 0.24959879716590488
distances_centre_x :
-1.0	-1.0	58.0	-1.0	-1.0	-1.0	-1.0	-1.0	-1.0	-1.0	-1.0	52.0	-1.0	-1.0	99.0	-1.0	-1.0	-1.0	-1.0	-1.0	-1.0	-1.0	-1.0	-1.0	-1.0	-1.0	-1.0	-1.0	-1.0	-1.0	59.0	-1.0	91.0	-1.0	-1.0	-1.0	-1.0	-1.0	-1.0	-1.0	50.0	-1.0	-1.0	-1.0	-1.0	-1.0	-1.0	-1.0	-1.0	-1.0	-1.0	-1.0	-1.0	-1.0	45.0	-1.0	-1.0	-1.0	-1.0	-1.0	85.0	-1.0	-1.0	101.0	-1.0	-1.0	-1.0	-1.0	-1.0	-1.0	-1.0	-1.0	-1.0	-1.0	-1.0	48.0	-1.0	-1.0	-1.0	-1.0	52.0	-1.0	-1.0	-1.0	-1.0	-1.0	44.0	-1.0	-1.0	-1.0	-1.0	-1.0	-1.0	-1.0	-1.0	-1.0	-1.0	92.0	-1.0	-1.0	58.0	-1.0	-1.0	91.0	-1.0	-1.0	51.0	-1.0	-1.0	-1.0	-1.0	51.0	-1.0	-1.0	-1.0	-1.0	-1.0	-1.0	-1.0	0.0	-1.0	-1.0	-1.0	58.0	-1.0	-1.0	-1.0	-1.0	-1.0	-1.0	-1.0	-1.0	-1.0	-1.0	58.0	56.0	-1.0	-1.0	58.0	-1.0	-1.0	-1.0	-1.0	0.0	-1.0	-1.0	-1.0	-1.0	-1.0	-1.0	
-1.0	-1.0	58.0	-1.0	-1.0	56.0	-1.0	-1.0	-1.0	-1.0	-1.0	52.0	-1.0	-1.0	-1.0	-1.0	-1.0	-1.0	-1.0	-1.0	-1.0	-1.0	-1.0	-1.0	-1.0	-1.0	-1.0	-1.0	-1.0	-1.0	-1.0	-1.0	91.0	98.0	-1.0	-1.0	-1.0	-1.0	-1.0	-1.0	-1.0	-1.0	-1.0	-1.0	-1.0	-1.0	-1.0	42.0	-1.0	-1.0	-1.0	-1.0	-1.0	-1.0	45.0	-1.0	-1.0	-1.0	-1.0	-1.0	85.0	-1.0	-1.0	-1.0	-1.0	-1.0	-1.0	-1.0	-1.0	-1.0	59.0	-1.0	89.0	-1.0	-1.0	48.0	92.0	56.0	-1.0	-1.0	52.0	-1.0	-1.0	-1.0	-1.0	-1.0	44.0	-1.0	-1.0	-1.0	-1.0	-1.0	-1.0	-1.0	-1.0	-1.0	-1.0	92.0	0.0	-1.0	-1.0	-1.0	-1.0	91.0	-1.0	-1.0	-1.0	-1.0	-1.0	-1.0	-1.0	-1.0	51.0	-1.0	-1.0	-1.0	-1.0	-1.0	-1.0	-1.0	-1.0	-1.0	-1.0	58.0	-1.0	-1.0	-1.0	-1.0	-1.0	-1.0	-1.0	-1.0	-1.0	-1.0	-1.0	-1.0	-1.0	0.0	58.0	-1.0	-1.0	-1.0	-1.0	0.0	-1.0	-1.0	-1.0	-1.0	0.0	-1.0	
-1.0	-1.0	58.0	-1.0	-1.0	-1.0	59.0	-1.0	-1.0	-1.0	87.0	52.0	47.0	-1.0	-1.0	-1.0	-1.0	-1.0	94.0	89.0	-1.0	-1.0	-1.0	-1.0	-1.0	-1.0	52.0	-1.0	-1.0	-1.0	59.0	-1.0	89.0	89.0	-1.0	-1.0	47.0	-1.0	-1.0	-1.0	-1.0	-1.0	-1.0	-1.0	-1.0	-1.0	-1.0	-1.0	-1.0	47.0	-1.0	-1.0	-1.0	-1.0	45.0	-1.0	41.0	-1.0	-1.0	-1.0	85.0	-1.0	-1.0	-1.0	105.0	-1.0	-1.0	-1.0	-1.0	-1.0	52.0	-1.0	89.0	-1.0	47.0	-1.0	-1.0	-1.0	-1.0	-1.0	-1.0	-1.0	-1.0	93.0	52.0	89.0	44.0	-1.0	-1.0	47.0	0.0	-1.0	-1.0	-1.0	-1.0	-1.0	-1.0	56.0	0.0	-1.0	-1.0	-1.0	-1.0	-1.0	-1.0	-1.0	-1.0	50.0	-1.0	-1.0	-1.0	-1.0	51.0	98.0	51.0	-1.0	52.0	53.0	-1.0	-1.0	52.0	-1.0	-1.0	58.0	-1.0	-1.0	-1.0	-1.0	-1.0	-1.0	55.0	-1.0	55.0	-1.0	-1.0	-1.0	-1.0	-1.0	58.0	-1.0	101.0	-1.0	-1.0	0.0	-1.0	-1.0	-1.0	-1.0	-1.0	-1.0	
85.0	111.0	58.0	94.0	-1.0	-1.0	-1.0	-1.0	46.0	-1.0	87.0	-1.0	-1.0	-1.0	107.0	41.0	96.0	48.0	-1.0	89.0	47.0	-1.0	-1.0	42.0	92.0	86.0	52.0	-1.0	87.0	-1.0	59.0	-1.0	89.0	98.0	-1.0	41.0	92.0	97.0	92.0	-1.0	-1.0	55.0	0.0	110.0	-1.0	-1.0	-1.0	-1.0	-1.0	47.0	93.0	46.0	0.0	0.0	-1.0	82.0	-1.0	-1.0	49.0	-1.0	85.0	-1.0	43.0	91.0	-1.0	-1.0	-1.0	110.0	-1.0	-1.0	52.0	-1.0	89.0	-1.0	47.0	48.0	-1.0	56.0	44.0	89.0	52.0	45.0	92.0	57.0	0.0	48.0	44.0	46.0	85.0	-1.0	-1.0	47.0	-1.0	-1.0	42.0	-1.0	0.0	56.0	0.0	90.0	58.0	49.0	-1.0	91.0	92.0	49.0	49.0	50.0	50.0	93.0	96.0	-1.0	-1.0	99.0	51.0	-1.0	52.0	-1.0	-1.0	-1.0	52.0	-1.0	-1.0	58.0	-1.0	53.0	-1.0	100.0	-1.0	-1.0	-1.0	96.0	-1.0	45.0	44.0	-1.0	56.0	-1.0	58.0	99.0	-1.0	57.0	104.0	-1.0	91.0	58.0	88.0	-1.0	0.0	-1.0	
-1.0	-1.0	58.0	-1.0	-1.0	56.0	88.0	-1.0	-1.0	-1.0	-1.0	52.0	-1.0	47.0	-1.0	56.0	-1.0	-1.0	-1.0	89.0	47.0	-1.0	113.0	-1.0	-1.0	-1.0	-1.0	-1.0	-1.0	-1.0	-1.0	48.0	89.0	94.0	-1.0	89.0	-1.0	-1.0	-1.0	89.0	-1.0	59.0	56.0	-1.0	97.0	-1.0	-1.0	-1.0	-1.0	-1.0	-1.0	-1.0	-1.0	-1.0	45.0	102.0	-1.0	-1.0	-1.0	-1.0	85.0	-1.0	91.0	-1.0	-1.0	-1.0	-1.0	-1.0	-1.0	-1.0	52.0	84.0	89.0	-1.0	47.0	48.0	92.0	-1.0	-1.0	-1.0	52.0	90.0	-1.0	57.0	-1.0	-1.0	44.0	-1.0	-1.0	47.0	0.0	-1.0	47.0	0.0	42.0	98.0	-1.0	-1.0	-1.0	-1.0	-1.0	-1.0	-1.0	91.0	-1.0	52.0	-1.0	-1.0	-1.0	-1.0	-1.0	-1.0	51.0	-1.0	-1.0	-1.0	52.0	53.0	-1.0	0.0	52.0	-1.0	53.0	58.0	-1.0	-1.0	-1.0	-1.0	-1.0	-1.0	55.0	-1.0	-1.0	-1.0	-1.0	-1.0	-1.0	-1.0	58.0	-1.0	-1.0	-1.0	104.0	0.0	-1.0	-1.0	-1.0	-1.0	0.0	-1.0	

distances_centre_w :
-1.0	-1.0	129.0	-1.0	-1.0	-1.0	59.0	-1.0	-1.0	-1.0	108.0	-1.0	-1.0	-1.0	-1.0	56.0	-1.0	-1.0	-1.0	-1.0	-1.0	-1.0	-1.0	-1.0	123.0	92.0	-1.0	-1.0	-1.0	-1.0	-1.0	-1.0	-1.0	-1.0	-1.0	-1.0	89.0	-1.0	-1.0	-1.0	-1.0	59.0	56.0	-1.0	-1.0	-1.0	-1.0	-1.0	-1.0	94.0	-1.0	-1.0	94.0	-1.0	-1.0	-1.0	-1.0	-1.0	-1.0	-1.0	-1.0	-1.0	-1.0	102.0	-1.0	-1.0	90.0	-1.0	-1.0	-1.0	-1.0	-1.0	-1.0	102.0	-1.0	-1.0	-1.0	-1.0	-1.0	108.0	-1.0	90.0	-1.0	-1.0	52.0	-1.0	-1.0	-1.0	-1.0	-1.0	-1.0	101.0	-1.0	108.0	-1.0	-1.0	-1.0	-1.0	-1.0	-1.0	-1.0	-1.0	-1.0	-1.0	-1.0	52.0	-1.0	-1.0	58.0	-1.0	-1.0	59.0	-1.0	-1.0	-1.0	-1.0	-1.0	-1.0	-1.0	-1.0	-1.0	-1.0	-1.0	100.0	103.0	-1.0	-1.0	-1.0	-1.0	-1.0	99.0	96.0	-1.0	-1.0	92.0	97.0	-1.0	-1.0	-1.0	101.0	-1.0	-1.0	-1.0	58.0	-1.0	-1.0	-1.0	-1.0	-1.0	-1.0	
-1.0	-1.0	-1.0	-1.0	136.0	-1.0	-1.0	-1.0	-1.0	-1.0	-1.0	-1.0	-1.0	-1.0	99.0	-1.0	97.0	-1.0	-1.0	-1.0	-1.0	-1.0	-1.0	-1.0	-1.0	92.0	-1.0	-1.0	-1.0	-1.0	-1.0	-1.0	-1.0	105.0	-1.0	-1.0	-1.0	-1.0	-1.0	-1.0	-1.0	110.0	-1.0	-1.0	-1.0	-1.0	52.0	-1.0	-1.0	94.0	-1.0	136.0	-1.0	-1.0	-1.0	-1.0	-1.0	-1.0	-1.0	-1.0	-1.0	-1.0	-1.0	-1.0	-1.0	59.0	-1.0	-1.0	-1.0	85.0	-1.0	-1.0	-1.0	-1.0	-1.0	-1.0	108.0	-1.0	-1.0	-1.0	-1.0	-1.0	-1.0	-1.0	52.0	-1.0	-1.0	-1.0	-1.0	-1.0	-1.0	101.0	-1.0	-1.0	-1.0	98.0	-1.0	-1.0	-1.0	-1.0	-1.0	-1.0	-1.0	-1.0	-1.0	52.0	-1.0	-1.0	-1.0	-1.0	-1.0	51.0	-1.0	-1.0	-1.0	-1.0	56.0	-1.0	-1.0	-1.0	-1.0	-1.0	-1.0	100.0	-1.0	-1.0	-1.0	-1.0	-1.0	-1.0	-1.0	96.0	-1.0	-1.0	58.0	-1.0	-1.0	-1.0	-1.0	-1.0	-1.0	-1.0	-1.0	58.0	-1.0	58.0	-1.0	-1.0	-1.0	134.0	
-1.0	-1.0	89.0	-1.0	107.0	-1.0	-1.0	-1.0	-1.0	-1.0	108.0	94.0	89.0	-1.0	-1.0	-1.0	97.0	-1.0	104.0	107.0	-1.0	-1.0	-1.0	-1.0	128.0	92.0	-1.0	-1.0	-1.0	-1.0	-1.0	-1.0	91.0	-1.0	-1.0	-1.0	92.0	-1.0	-1.0	-1.0	-1.0	-1.0	-1.0	-1.0	-1.0	-1.0	-1.0	-1.0	-1.0	-1.0	-1.0	-1.0	-1.0	-1.0	-1.0	102.0	52.0	-1.0	-1.0	-1.0	-1.0	83.0	101.0	-1.0	-1.0	-1.0	-1.0	-1.0	-1.0	-1.0	59.0	-1.0	-1.0	-1.0	-1.0	-1.0	-1.0	114.0	-1.0	92.0	-1.0	-1.0	-1.0	94.0	87.0	93.0	-1.0	-1.0	-1.0	-1.0	47.0	-1.0	-1.0	-1.0	-1.0	-1.0	-1.0	92.0	110.0	-1.0	-1.0	-1.0	-1.0	-1.0	97.0	52.0	-1.0	97.0	58.0	104.0	-1.0	51.0	-1.0	99.0	-1.0	90.0	56.0	100.0	-1.0	-1.0	52.0	-1.0	-1.0	100.0	-1.0	54.0	-1.0	-1.0	-1.0	-1.0	-1.0	96.0	-1.0	-1.0	58.0	56.0	-1.0	-1.0	116.0	-1.0	108.0	-1.0	-1.0	58.0	-1.0	58.0	-1.0	110.0	-1.0	-1.0	
90.0	128.0	89.0	99.0	-1.0	-1.0	-1.0	-1.0	81.0	-1.0	108.0	-1.0	-1.0	-1.0	113.0	56.0	97.0	100.0	-1.0	99.0	83.0	-1.0	-1.0	81.0	126.0	92.0	83.0	-1.0	104.0	-1.0	82.0	-1.0	91.0	100.0	-1.0	82.0	111.0	112.0	121.0	-1.0	-1.0	128.0	56.0	111.0	-1.0	-1.0	-1.0	-1.0	-1.0	83.0	125.0	93.0	48.0	47.0	-1.0	85.0	-1.0	-1.0	56.0	-1.0	86.0	-1.0	86.0	101.0	-1.0	-1.0	-1.0	124.0	-1.0	-1.0	59.0	-1.0	116.0	-1.0	86.0	104.0	-1.0	91.0	83.0	92.0	91.0	90.0	113.0	93.0	128.0	89.0	92.0	102.0	95.0	-1.0	-1.0	93.0	-1.0	-1.0	89.0	-1.0	48.0	101.0	110.0	98.0	90.0	105.0	-1.0	97.0	94.0	52.0	51.0	90.0	58.0	95.0	104.0	-1.0	-1.0	110.0	93.0	-1.0	56.0	-1.0	-1.0	-1.0	108.0	-1.0	-1.0	100.0	-1.0	54.0	-1.0	102.0	-1.0	-1.0	-1.0	101.0	-1.0	55.0	58.0	-1.0	96.0	-1.0	116.0	108.0	-1.0	103.0	105.0	-1.0	91.0	58.0	101.0	-1.0	99.0	-1.0	
137.0	-1.0	88.0	-1.0	107.0	100.0	98.0	-1.0	99.0	-1.0	-1.0	94.0	-1.0	94.0	104.0	58.0	-1.0	-1.0	-1.0	99.0	-1.0	-1.0	138.0	-1.0	-1.0	-1.0	-1.0	108.0	-1.0	-1.0	-1.0	59.0	91.0	98.0	-1.0	139.0	47.0	-1.0	133.0	-1.0	-1.0	89.0	-1.0	95.0	-1.0	-1.0	-1.0	-1.0	-1.0	-1.0	-1.0	-1.0	-1.0	-1.0	132.0	130.0	-1.0	139.0	-1.0	-1.0	-1.0	131.0	134.0	-1.0	-1.0	-1.0	-1.0	-1.0	-1.0	-1.0	59.0	-1.0	-1.0	91.0	-1.0	-1.0	104.0	139.0	-1.0	-1.0	91.0	135.0	-1.0	93.0	-1.0	-1.0	-1.0	90.0	-1.0	-1.0	47.0	95.0	94.0	47.0	89.0	102.0	-1.0	-1.0	-1.0	-1.0	-1.0	-1.0	-1.0	97.0	96.0	99.0	51.0	-1.0	-1.0	90.0	-1.0	51.0	-1.0	-1.0	-1.0	-1.0	56.0	100.0	-1.0	52.0	52.0	-1.0	57.0	100.0	-1.0	-1.0	-1.0	-1.0	-1.0	-1.0	-1.0	96.0	-1.0	-1.0	58.0	-1.0	-1.0	-1.0	103.0	-1.0	-1.0	-1.0	105.0	58.0	-1.0	-1.0	-1.0	-1.0	110.0	99.0	

maxX :
101.0	98.0	105.0	111.0	113.0	

maxW :
129.0	136.0	128.0	128.0	139.0	

minX :
0.0	0.0	0.0	0.0	0.0	

minW :
52.0	51.0	47.0	47.0	47.0	

moyX :
59.0	54.875	59.707317073170735	64.20224719101124	61.13725490196079	

moyW :
87.56666666666666	86.95833333333333	86.82608695652173	91.79775280898876	94.01694915254237	

medX :
58.0	56.0	53.0	57.0	56.0	

medW :
94.0	95.0	92.5	93.0	96.0	

ecartTypeX :
25.539398379077323	30.17492405403312	25.284955425127492	28.72073196122158	28.368734244948524	

ecartTypeW :
22.016180918184293	27.71353334664412	21.801779292990393	20.430853389690586	27.080227025951526	

varX :
652.2608695652174	910.5260416666666	639.3289708506842	824.8804443883348	804.7850826605152	

varW :
484.7122222222222	768.0399305555555	475.31758034026467	417.41977023103135	733.3386957770755	

covarX :
681.9090909090909	950.1141304347826	655.3121951219512	834.2540858018386	820.8807843137255	

covarW :
501.4264367816092	801.4329710144926	485.88019323671506	422.1631767109296	745.9824663939216	

coef_variationX :
0.43287115896741224	0.5498847208024259	0.42348168808424314	0.4473477676844103	0.46401714127401367	

coef_variationW :
0.2514219366370494	0.318698993924034	0.25109710753068554	0.22256376397582156	0.28803558581776456	

moy_distances_centre :	120.54285714285714
min_distances_centre :	46.0
max_distances_centre :	181.0
med_distances_centre :	129.0
ecartType_distances_centre :	29.928813500555286
var_distances_centre :	895.7338775510204
covar_distances_centre :	900.0196855775803
coef_variation_distances_centre :	0.24828359149548115
capacite_X_temoin : 
0.0	1260.0	686.0	1260.0	730.0	1016.0	1049.0	1207.0	1049.0	0.0	818.0	844.0	822.0	827.0	862.0	
990.0	1194.0	827.0	1003.0	827.0	1247.0	1234.0	1023.0	1009.0	0.0	699.0	836.0	787.0	673.0	800.0	
1128.0	1075.0	708.0	1181.0	844.0	1247.0	0.0	1009.0	1234.0	1148.0	690.0	827.0	792.0	708.0	704.0	
990.0	1056.0	748.0	1306.0	660.0	1293.0	1161.0	1234.0	1128.0	1102.0	814.0	862.0	822.0	739.0	853.0	
1042.0	0.0	827.0	1108.0	844.0	0.0	1240.0	1207.0	1267.0	1095.0	862.0	743.0	818.0	844.0	871.0	

capacite_W_temoin : 
0.0	586.0	263.79999999999995	1220.0	559.0	379.8	1210.7	676.0999999999999	739.7	0.0	798.4	636.2	700.6	533.1	645.5999999999999	
524.0	659.2	420.1	757.9	680.1	968.0999999999999	1201.2	694.9	781.7	0.0	447.7	895.8	500.1	429.9	475.0	
677.4	798.5	397.4	822.3	638.2	1127.1	0.0	356.7	1090.2	1142.4	534.0	562.1	836.6	577.4	547.2	
844.0	525.8	452.4	893.8	492.0	1098.9	1279.3	837.2	1035.4	681.5999999999999	653.2	854.5999999999999	740.6	501.7	368.9	
340.59999999999997	0.0	358.1	991.4	723.2	0.0	1423.0	909.0999999999999	837.0999999999999	1067.5	469.59999999999997	609.9	479.4	748.2	539.3	

demande_cumulee_X : 
0.0	1052.0	628.0	418.0	390.0	941.0	153.0	893.0	624.0	0.0	265.0	461.0	368.0	542.0	475.0	
763.0	893.0	655.0	546.0	395.0	653.0	403.0	635.0	530.0	0.0	461.0	191.0	523.0	445.0	565.0	
789.0	599.0	523.0	713.0	459.0	494.0	0.0	955.0	514.0	350.0	363.0	513.0	193.0	343.0	368.0	
443.0	847.0	520.0	804.0	366.0	582.0	230.0	767.0	431.0	751.0	405.0	266.0	328.0	459.0	740.0	
1014.0	0.0	717.0	449.0	374.0	0.0	189.0	660.0	810.0	356.0	651.0	356.0	584.0	349.0	593.0	

demande_cumulee_W : 
0.0	506.0	262.0	1107.0	540.0	179.0	454.0	670.0	685.0	0.0	787.0	588.0	450.0	369.0	613.0	
498.0	633.0	368.0	586.0	680.0	721.0	628.0	647.0	780.0	0.0	375.0	544.0	496.0	318.0	384.0	
628.0	691.0	388.0	415.0	569.0	453.0	0.0	356.0	636.0	790.0	420.0	444.0	683.0	429.0	274.0	
795.0	487.0	443.0	871.0	349.0	576.0	380.0	689.0	216.0	677.0	295.0	844.0	701.0	264.0	352.0	
315.0	0.0	294.0	517.0	634.0	0.0	446.0	804.0	801.0	849.0	371.0	453.0	400.0	687.0	531.0	

capacite_residuelle_X : 
0.0	208.0	58.0	842.0	340.0	75.0	896.0	314.0	425.0	0.0	553.0	383.0	454.0	285.0	387.0	
227.0	301.0	172.0	457.0	432.0	594.0	831.0	388.0	479.0	0.0	238.0	645.0	264.0	228.0	235.0	
339.0	476.0	185.0	468.0	385.0	753.0	0.0	54.0	720.0	798.0	327.0	314.0	599.0	365.0	336.0	
547.0	209.0	228.0	502.0	294.0	711.0	931.0	467.0	697.0	351.0	409.0	596.0	494.0	280.0	113.0	
28.0	0.0	110.0	659.0	470.0	0.0	1051.0	547.0	457.0	739.0	211.0	387.0	234.0	495.0	278.0	

capacite_residuelle_W : 
0.0	80.0	1.7999999999999545	113.0	19.0	200.8	756.7	6.099999999999909	54.700000000000045	0.0	11.399999999999977	48.200000000000045	250.60000000000002	164.10000000000002	32.59999999999991	
26.0	26.200000000000045	52.10000000000002	171.89999999999998	0.10000000000002274	247.0999999999999	573.2	47.89999999999998	1.7000000000000455	0.0	72.69999999999999	351.79999999999995	4.100000000000023	111.89999999999998	91.0	
49.39999999999998	107.5	9.399999999999977	407.29999999999995	69.20000000000005	674.0999999999999	0.0	0.6999999999999886	454.20000000000005	352.4000000000001	114.0	118.10000000000002	153.60000000000002	148.39999999999998	273.20000000000005	
49.0	38.799999999999955	9.399999999999977	22.799999999999955	143.0	522.9000000000001	899.3	148.20000000000005	819.4000000000001	4.599999999999909	358.20000000000005	10.599999999999909	39.60000000000002	237.7	16.899999999999977	
25.599999999999966	0.0	64.10000000000002	474.4	89.20000000000005	0.0	977.0	105.09999999999991	36.09999999999991	218.5	98.59999999999997	156.89999999999998	79.39999999999998	61.200000000000045	8.299999999999955	

min_capacite_X : 
0.0	0.0	0.0	660.0	0.0	

min_capacite_W : 
0.0	0.0	0.0	368.9	0.0	

max_capacite_X : 
1260.0	1247.0	1247.0	1306.0	1267.0	

max_capacite_W : 
1220.0	1201.2	1142.4	1279.3	1423.0	

moy_capacite_X : 
828.6666666666666	876.6	886.3333333333334	984.5333333333333	851.2	

moy_capacite_W : 
596.6	629.0466666666666	673.8333333333335	750.6266666666668	633.0933333333334	

med_capacite_X : 
844.0	836.0	844.0	990.0	862.0	

med_capacite_W : 
636.2	659.2	638.2	740.6	609.9	

ecartType_capacite_X : 
369.9002868642064	293.86613732559704	310.965307103899	206.6810317588164	371.97924673293267	

ecartType_capacite_W : 
338.9426893542132	273.8039855241134	300.23763403159325	252.69468657299115	374.40507202167487	

var_capacite_X : 
136826.2222222222	86357.30666666666	96699.42222222222	42717.04888888888	138368.56	

var_capacite_W : 
114882.14666666668	74968.62248888888	90142.63688888891	63854.604622222236	140179.15795555554	

covar_capacite_X : 
146599.5238095238	92525.6857142857	103606.5238095238	45768.266666666656	148252.02857142856	

covar_capacite_W : 
123088.0142857143	80323.52409523808	96581.39666666667	68415.6478095238	150191.9549523809	

##########	##########	##########	##########	##########	##########	##########	##########	##########	##########	##########	##########	##########	##########	##########	##########	##########	##########	##########	##########	##########	##########	##########	##########	##########	##########	##########	##########	##########	##########	##########	##########	##########	##########	##########	##########	##########	##########	##########	##########	##########	##########	##########	##########	##########	##########	##########	##########	##########	##########	##########	##########	##########	##########	##########	##########	##########	##########	##########	##########	##########	##########	##########	##########	##########	##########	##########	##########	##########	##########	##########	##########	##########	##########	##########	##########	##########	##########	##########	##########	##########	##########	##########	##########	##########	##########	##########	##########	##########	##########	##########	##########	##########	##########	##########	##########	##########	##########	##########	##########	##########	##########	##########	##########	##########	##########	##########	##########	##########	##########	##########	##########	##########	##########	##########	##########	##########	##########	##########	##########	##########	##########	##########	##########	##########	##########	##########	##########	##########	##########	##########	##########	##########	##########	##########	##########	##########	##########	##########	##########	##########	##########	##########	##########	##########	##########	##########	##########	##########	##########	nombre de noeuds : 150
nombre de strates : 5
nombre de centres : 15
titre : intelligent
instances : G8_2
temps de calcul : 0.5159361362457275
valeur objective : 1196.0
nombre de solutions : 1
nombre de noeuds : 1.0
faisability : True
centre : [52, 93, 90, 59, 42, 17, 96, 119, 148, 137, 53, 98, 51, 143, 67]
moy_distances :	128.2
min_distances :	40.0
max_distances :	230.0
var_distances :	1023.872478216697
covar_distances :	1023.9182911156282
ecartType_distances :	31.998007410098165
coef_variation	: 0.24959879716590488
distances_centre_x :
-1.0	-1.0	58.0	-1.0	-1.0	-1.0	-1.0	-1.0	-1.0	-1.0	-1.0	52.0	-1.0	-1.0	-1.0	-1.0	-1.0	-1.0	-1.0	-1.0	-1.0	-1.0	-1.0	-1.0	-1.0	-1.0	-1.0	-1.0	-1.0	-1.0	-1.0	-1.0	91.0	-1.0	-1.0	-1.0	-1.0	-1.0	-1.0	-1.0	50.0	-1.0	-1.0	-1.0	-1.0	-1.0	-1.0	-1.0	-1.0	-1.0	-1.0	-1.0	-1.0	-1.0	45.0	-1.0	-1.0	-1.0	-1.0	-1.0	85.0	-1.0	-1.0	-1.0	-1.0	-1.0	-1.0	-1.0	-1.0	-1.0	59.0	-1.0	-1.0	-1.0	-1.0	48.0	-1.0	-1.0	-1.0	-1.0	52.0	-1.0	-1.0	-1.0	52.0	-1.0	44.0	-1.0	-1.0	-1.0	-1.0	-1.0	-1.0	-1.0	-1.0	-1.0	-1.0	92.0	-1.0	-1.0	58.0	-1.0	-1.0	91.0	-1.0	-1.0	51.0	-1.0	-1.0	-1.0	-1.0	51.0	-1.0	-1.0	-1.0	-1.0	-1.0	-1.0	-1.0	0.0	-1.0	-1.0	-1.0	58.0	-1.0	-1.0	-1.0	-1.0	-1.0	-1.0	99.0	-1.0	-1.0	-1.0	58.0	56.0	-1.0	-1.0	58.0	-1.0	-1.0	-1.0	-1.0	0.0	-1.0	-1.0	-1.0	-1.0	-1.0	-1.0	
-1.0	-1.0	58.0	-1.0	-1.0	56.0	-1.0	-1.0	-1.0	-1.0	-1.0	52.0	-1.0	-1.0	107.0	-1.0	-1.0	-1.0	-1.0	-1.0	-1.0	-1.0	-1.0	-1.0	99.0	-1.0	-1.0	-1.0	-1.0	-1.0	-1.0	-1.0	91.0	-1.0	-1.0	111.0	89.0	-1.0	-1.0	-1.0	-1.0	-1.0	-1.0	-1.0	-1.0	-1.0	52.0	42.0	-1.0	-1.0	-1.0	-1.0	-1.0	-1.0	45.0	94.0	-1.0	-1.0	-1.0	-1.0	85.0	-1.0	101.0	-1.0	-1.0	-1.0	-1.0	-1.0	-1.0	-1.0	59.0	-1.0	89.0	-1.0	-1.0	48.0	-1.0	-1.0	-1.0	-1.0	52.0	-1.0	-1.0	-1.0	87.0	-1.0	44.0	-1.0	-1.0	-1.0	-1.0	-1.0	-1.0	-1.0	-1.0	-1.0	-1.0	92.0	110.0	-1.0	-1.0	-1.0	97.0	91.0	-1.0	-1.0	-1.0	-1.0	-1.0	-1.0	-1.0	-1.0	51.0	-1.0	-1.0	-1.0	-1.0	-1.0	-1.0	-1.0	-1.0	-1.0	-1.0	58.0	-1.0	-1.0	-1.0	-1.0	-1.0	-1.0	-1.0	-1.0	-1.0	-1.0	92.0	-1.0	-1.0	0.0	58.0	-1.0	-1.0	-1.0	-1.0	58.0	-1.0	-1.0	-1.0	-1.0	0.0	-1.0	
-1.0	107.0	58.0	-1.0	91.0	-1.0	86.0	-1.0	-1.0	-1.0	87.0	52.0	47.0	-1.0	51.0	41.0	96.0	-1.0	88.0	89.0	-1.0	83.0	-1.0	42.0	44.0	86.0	52.0	-1.0	-1.0	-1.0	59.0	-1.0	89.0	92.0	-1.0	41.0	41.0	-1.0	85.0	-1.0	-1.0	-1.0	-1.0	85.0	-1.0	-1.0	-1.0	-1.0	43.0	47.0	-1.0	-1.0	-1.0	-1.0	45.0	82.0	41.0	86.0	-1.0	-1.0	85.0	43.0	43.0	-1.0	105.0	-1.0	-1.0	-1.0	-1.0	-1.0	52.0	-1.0	89.0	-1.0	47.0	-1.0	-1.0	45.0	-1.0	89.0	-1.0	-1.0	-1.0	93.0	52.0	89.0	44.0	46.0	-1.0	47.0	0.0	47.0	-1.0	-1.0	-1.0	-1.0	-1.0	56.0	0.0	-1.0	-1.0	-1.0	-1.0	-1.0	92.0	49.0	-1.0	50.0	50.0	90.0	-1.0	50.0	51.0	98.0	51.0	51.0	52.0	53.0	-1.0	-1.0	93.0	53.0	-1.0	58.0	-1.0	53.0	97.0	-1.0	-1.0	54.0	55.0	56.0	55.0	45.0	98.0	54.0	-1.0	-1.0	58.0	-1.0	101.0	57.0	-1.0	0.0	83.0	58.0	-1.0	97.0	-1.0	80.0	
85.0	107.0	58.0	94.0	-1.0	-1.0	-1.0	-1.0	46.0	-1.0	87.0	-1.0	-1.0	-1.0	51.0	41.0	96.0	0.0	-1.0	89.0	47.0	-1.0	-1.0	42.0	44.0	86.0	80.0	-1.0	87.0	-1.0	44.0	-1.0	89.0	89.0	-1.0	41.0	41.0	97.0	85.0	-1.0	-1.0	55.0	0.0	92.0	-1.0	-1.0	-1.0	-1.0	-1.0	85.0	43.0	0.0	0.0	47.0	-1.0	99.0	-1.0	-1.0	56.0	-1.0	85.0	-1.0	86.0	101.0	-1.0	-1.0	-1.0	0.0	-1.0	-1.0	52.0	-1.0	89.0	-1.0	47.0	48.0	-1.0	45.0	44.0	89.0	52.0	45.0	46.0	93.0	52.0	89.0	44.0	46.0	85.0	-1.0	-1.0	47.0	-1.0	-1.0	42.0	-1.0	0.0	56.0	0.0	90.0	58.0	96.0	-1.0	91.0	93.0	49.0	49.0	50.0	50.0	104.0	96.0	-1.0	-1.0	98.0	51.0	-1.0	52.0	-1.0	-1.0	-1.0	52.0	-1.0	-1.0	58.0	-1.0	53.0	-1.0	104.0	-1.0	-1.0	-1.0	56.0	-1.0	45.0	44.0	-1.0	56.0	-1.0	58.0	99.0	-1.0	57.0	104.0	-1.0	91.0	58.0	88.0	-1.0	0.0	-1.0	
-1.0	107.0	89.0	-1.0	-1.0	56.0	98.0	-1.0	-1.0	-1.0	-1.0	52.0	-1.0	47.0	51.0	56.0	-1.0	-1.0	-1.0	89.0	47.0	-1.0	88.0	-1.0	-1.0	-1.0	-1.0	-1.0	-1.0	-1.0	-1.0	48.0	89.0	89.0	-1.0	-1.0	92.0	-1.0	85.0	89.0	-1.0	59.0	56.0	-1.0	97.0	-1.0	-1.0	-1.0	-1.0	-1.0	-1.0	-1.0	-1.0	-1.0	45.0	-1.0	-1.0	-1.0	-1.0	-1.0	85.0	-1.0	91.0	-1.0	-1.0	-1.0	-1.0	-1.0	-1.0	-1.0	52.0	-1.0	89.0	-1.0	47.0	48.0	-1.0	-1.0	-1.0	-1.0	52.0	90.0	-1.0	93.0	-1.0	-1.0	44.0	-1.0	-1.0	47.0	0.0	-1.0	47.0	0.0	42.0	98.0	-1.0	-1.0	-1.0	-1.0	-1.0	-1.0	-1.0	91.0	104.0	52.0	-1.0	-1.0	-1.0	-1.0	-1.0	59.0	51.0	-1.0	-1.0	-1.0	52.0	53.0	-1.0	0.0	52.0	-1.0	53.0	58.0	-1.0	-1.0	-1.0	-1.0	-1.0	-1.0	55.0	-1.0	-1.0	-1.0	-1.0	-1.0	-1.0	-1.0	58.0	-1.0	-1.0	-1.0	104.0	0.0	-1.0	-1.0	-1.0	-1.0	0.0	-1.0	

distances_centre_w :
-1.0	-1.0	-1.0	-1.0	-1.0	-1.0	59.0	-1.0	-1.0	-1.0	108.0	-1.0	-1.0	-1.0	-1.0	56.0	-1.0	-1.0	-1.0	-1.0	-1.0	-1.0	-1.0	-1.0	-1.0	92.0	-1.0	-1.0	-1.0	-1.0	59.0	-1.0	-1.0	-1.0	-1.0	-1.0	89.0	-1.0	-1.0	-1.0	-1.0	59.0	56.0	-1.0	-1.0	-1.0	-1.0	-1.0	-1.0	-1.0	-1.0	-1.0	116.0	-1.0	-1.0	-1.0	-1.0	-1.0	-1.0	-1.0	-1.0	-1.0	-1.0	101.0	-1.0	-1.0	101.0	-1.0	-1.0	-1.0	-1.0	-1.0	-1.0	-1.0	-1.0	-1.0	-1.0	-1.0	-1.0	104.0	-1.0	90.0	-1.0	94.0	87.0	-1.0	-1.0	-1.0	-1.0	99.0	-1.0	116.0	-1.0	99.0	-1.0	-1.0	-1.0	-1.0	-1.0	-1.0	-1.0	-1.0	108.0	-1.0	-1.0	52.0	-1.0	-1.0	58.0	109.0	-1.0	59.0	-1.0	-1.0	-1.0	-1.0	-1.0	-1.0	-1.0	93.0	-1.0	-1.0	-1.0	100.0	103.0	-1.0	-1.0	104.0	97.0	-1.0	-1.0	96.0	-1.0	-1.0	92.0	97.0	-1.0	-1.0	-1.0	101.0	-1.0	-1.0	-1.0	58.0	-1.0	-1.0	-1.0	-1.0	-1.0	-1.0	
-1.0	-1.0	-1.0	133.0	-1.0	-1.0	-1.0	-1.0	-1.0	-1.0	-1.0	-1.0	-1.0	-1.0	-1.0	-1.0	97.0	-1.0	-1.0	-1.0	-1.0	-1.0	-1.0	-1.0	-1.0	92.0	-1.0	-1.0	-1.0	-1.0	-1.0	-1.0	-1.0	98.0	52.0	135.0	99.0	-1.0	-1.0	-1.0	-1.0	59.0	-1.0	-1.0	-1.0	-1.0	-1.0	-1.0	134.0	98.0	-1.0	-1.0	-1.0	-1.0	-1.0	-1.0	-1.0	-1.0	-1.0	108.0	-1.0	-1.0	-1.0	-1.0	-1.0	59.0	-1.0	-1.0	-1.0	96.0	-1.0	-1.0	-1.0	-1.0	-1.0	-1.0	104.0	56.0	-1.0	-1.0	-1.0	-1.0	-1.0	-1.0	-1.0	-1.0	-1.0	-1.0	-1.0	-1.0	-1.0	-1.0	-1.0	-1.0	-1.0	98.0	-1.0	-1.0	-1.0	-1.0	-1.0	-1.0	108.0	-1.0	-1.0	52.0	-1.0	-1.0	-1.0	-1.0	-1.0	51.0	-1.0	-1.0	-1.0	-1.0	-1.0	-1.0	-1.0	-1.0	-1.0	-1.0	-1.0	-1.0	-1.0	-1.0	-1.0	-1.0	97.0	-1.0	-1.0	107.0	-1.0	-1.0	108.0	-1.0	-1.0	58.0	-1.0	-1.0	-1.0	-1.0	-1.0	-1.0	-1.0	-1.0	-1.0	-1.0	-1.0	-1.0	
-1.0	111.0	91.0	-1.0	92.0	-1.0	98.0	-1.0	-1.0	-1.0	108.0	114.0	100.0	-1.0	103.0	58.0	97.0	-1.0	88.0	90.0	-1.0	106.0	-1.0	43.0	99.0	92.0	80.0	-1.0	-1.0	-1.0	88.0	-1.0	91.0	100.0	-1.0	82.0	101.0	-1.0	92.0	-1.0	-1.0	-1.0	-1.0	92.0	-1.0	-1.0	-1.0	-1.0	91.0	83.0	-1.0	-1.0	-1.0	-1.0	90.0	85.0	52.0	120.0	-1.0	-1.0	108.0	83.0	86.0	-1.0	112.0	-1.0	-1.0	-1.0	-1.0	-1.0	59.0	-1.0	116.0	-1.0	86.0	-1.0	-1.0	56.0	-1.0	89.0	-1.0	-1.0	-1.0	94.0	87.0	93.0	102.0	90.0	-1.0	91.0	47.0	98.0	-1.0	-1.0	-1.0	-1.0	-1.0	92.0	110.0	-1.0	-1.0	-1.0	-1.0	-1.0	108.0	52.0	-1.0	90.0	58.0	90.0	-1.0	51.0	94.0	99.0	98.0	107.0	56.0	100.0	-1.0	-1.0	110.0	53.0	-1.0	85.0	-1.0	54.0	100.0	-1.0	-1.0	110.0	104.0	96.0	90.0	55.0	108.0	56.0	-1.0	-1.0	116.0	-1.0	108.0	57.0	-1.0	102.0	91.0	58.0	-1.0	110.0	-1.0	81.0	
90.0	111.0	82.0	99.0	-1.0	-1.0	-1.0	-1.0	104.0	-1.0	108.0	-1.0	-1.0	-1.0	99.0	104.0	97.0	48.0	-1.0	106.0	83.0	-1.0	-1.0	81.0	80.0	92.0	83.0	-1.0	96.0	-1.0	59.0	-1.0	91.0	100.0	-1.0	100.0	47.0	112.0	92.0	-1.0	-1.0	59.0	92.0	95.0	-1.0	-1.0	-1.0	-1.0	-1.0	98.0	89.0	46.0	116.0	95.0	-1.0	102.0	-1.0	-1.0	112.0	-1.0	86.0	-1.0	101.0	102.0	-1.0	-1.0	-1.0	90.0	-1.0	-1.0	94.0	-1.0	116.0	-1.0	86.0	103.0	-1.0	56.0	92.0	89.0	91.0	90.0	90.0	94.0	87.0	93.0	102.0	90.0	95.0	-1.0	-1.0	101.0	-1.0	-1.0	89.0	-1.0	111.0	92.0	48.0	91.0	90.0	112.0	-1.0	97.0	108.0	52.0	105.0	109.0	58.0	112.0	98.0	-1.0	-1.0	99.0	93.0	-1.0	91.0	-1.0	-1.0	-1.0	52.0	-1.0	-1.0	85.0	-1.0	54.0	-1.0	107.0	-1.0	-1.0	-1.0	107.0	-1.0	55.0	58.0	-1.0	96.0	-1.0	98.0	105.0	-1.0	104.0	105.0	-1.0	102.0	58.0	111.0	-1.0	99.0	-1.0	
131.0	-1.0	-1.0	-1.0	-1.0	-1.0	128.0	86.0	99.0	-1.0	-1.0	94.0	-1.0	94.0	99.0	58.0	-1.0	-1.0	-1.0	-1.0	-1.0	131.0	138.0	43.0	-1.0	-1.0	-1.0	108.0	-1.0	-1.0	-1.0	59.0	91.0	-1.0	-1.0	111.0	125.0	-1.0	133.0	-1.0	-1.0	89.0	99.0	95.0	-1.0	-1.0	-1.0	-1.0	-1.0	-1.0	-1.0	44.0	-1.0	-1.0	-1.0	-1.0	-1.0	139.0	-1.0	-1.0	-1.0	135.0	101.0	-1.0	-1.0	-1.0	-1.0	-1.0	-1.0	-1.0	59.0	103.0	-1.0	91.0	-1.0	103.0	137.0	56.0	-1.0	-1.0	91.0	100.0	-1.0	94.0	-1.0	-1.0	-1.0	90.0	-1.0	-1.0	47.0	-1.0	94.0	47.0	101.0	102.0	-1.0	-1.0	-1.0	-1.0	-1.0	-1.0	-1.0	97.0	-1.0	99.0	51.0	-1.0	-1.0	90.0	-1.0	-1.0	-1.0	-1.0	-1.0	-1.0	56.0	100.0	-1.0	93.0	52.0	-1.0	57.0	85.0	-1.0	-1.0	-1.0	-1.0	-1.0	-1.0	55.0	96.0	-1.0	-1.0	58.0	-1.0	-1.0	-1.0	-1.0	-1.0	-1.0	57.0	-1.0	58.0	-1.0	-1.0	-1.0	-1.0	99.0	99.0	

maxX :
99.0	111.0	107.0	107.0	107.0	

maxW :
116.0	135.0	120.0	116.0	139.0	

minX :
0.0	0.0	0.0	0.0	0.0	

minW :
52.0	51.0	43.0	46.0	43.0	

moyX :
56.869565217391305	69.93548387096774	63.58024691358025	62.20224719101124	62.18867924528302	

moyW :
88.24242424242425	91.26086956521739	88.67901234567901	90.64044943820225	90.125	

medX :
56.0	59.0	55.0	56.0	56.0	

medW :
96.0	98.0	92.0	94.0	94.0	

ecartTypeX :
23.940695474671656	28.645706184878478	23.96080348491547	28.76256140837177	28.40545828744465	

ecartTypeW :
20.053005975875614	26.500561751723296	19.387425707601018	18.046909655467665	27.031108071468854	

varX :
573.156899810964	820.576482830385	574.1201036427374	827.2849387703571	806.8700605197579	

varW :
402.12304866850315	702.2797731568998	375.8722755677489	325.69094811261203	730.6808035714286	

covarX :
599.2094861660079	847.9290322580645	581.2966049382716	836.685903983657	822.3867924528304	

covarW :
414.68939393939394	734.2015810276679	380.5706790123457	329.39198161389186	743.965909090909	

coef_variationX :
0.4209755320469787	0.40960188732990443	0.3768592392773113	0.46240389547418487	0.45676252707359416	

coef_variationW :
0.22724903750133765	0.290382525149898	0.21862473650503725	0.19910437081153118	0.29992907707593736	

moy_distances_centre :	118.31428571428572
min_distances_centre :	44.0
max_distances_centre :	181.0
med_distances_centre :	125.0
ecartType_distances_centre :	29.239996835943508
var_distances_centre :	854.9774149659863
covar_distances_centre :	859.0682159945317
coef_variation_distances_centre :	0.2471383456310125
capacite_X_temoin : 
0.0	1260.0	686.0	1260.0	730.0	1016.0	765.0	1207.0	1049.0	0.0	818.0	844.0	822.0	827.0	862.0	
990.0	1194.0	827.0	1003.0	827.0	1247.0	0.0	1023.0	1009.0	0.0	699.0	836.0	787.0	673.0	800.0	
1128.0	1075.0	708.0	1181.0	844.0	1247.0	871.0	1009.0	1234.0	1148.0	690.0	827.0	792.0	708.0	704.0	
990.0	1056.0	748.0	1306.0	660.0	1293.0	853.0	1234.0	1128.0	1102.0	814.0	862.0	822.0	739.0	853.0	
1042.0	0.0	827.0	1108.0	844.0	0.0	853.0	1207.0	1267.0	1095.0	862.0	743.0	818.0	844.0	871.0	

capacite_W_temoin : 
0.0	710.0	561.8	997.0	574.0	467.8	464.5	659.0999999999999	739.7	0.0	798.4	697.2	604.6	533.1	772.5999999999999	
876.0	785.2	299.1	841.9	588.1	861.0999999999999	0.0	596.9	732.7	0.0	294.7	741.8	368.1	529.9	316.0	
595.4	723.5	406.4	924.3	740.2	1172.1	653.3	517.7	1107.2	1235.4	534.0	655.1	755.6	577.4	642.2	
740.0	511.8	329.4	1188.8	480.0	946.9	397.9	631.2	965.4	941.5999999999999	902.2	857.5999999999999	688.6	592.7	684.9	
326.59999999999997	0.0	458.1	1094.4	744.2	0.0	726.9	813.0999999999999	1019.0999999999999	871.5	560.5999999999999	521.9	479.4	821.2	556.3	

demande_cumulee_X : 
0.0	928.0	330.0	641.0	375.0	853.0	530.0	910.0	624.0	0.0	265.0	400.0	464.0	542.0	348.0	
411.0	767.0	776.0	462.0	487.0	760.0	0.0	733.0	579.0	0.0	614.0	345.0	655.0	345.0	724.0	
871.0	674.0	514.0	611.0	357.0	449.0	479.0	794.0	497.0	257.0	363.0	420.0	274.0	343.0	273.0	
547.0	861.0	643.0	509.0	378.0	734.0	711.0	973.0	501.0	491.0	156.0	263.0	380.0	368.0	424.0	
1028.0	0.0	617.0	346.0	353.0	0.0	382.0	756.0	628.0	552.0	560.0	444.0	584.0	276.0	576.0	

demande_cumulee_W : 
0.0	571.0	541.0	378.0	495.0	390.0	386.0	635.0	717.0	0.0	798.0	569.0	569.0	422.0	739.0	
860.0	777.0	295.0	812.0	588.0	847.0	0.0	592.0	716.0	0.0	286.0	736.0	358.0	479.0	312.0	
489.0	708.0	394.0	455.0	417.0	610.0	568.0	401.0	361.0	348.0	420.0	624.0	697.0	432.0	252.0	
735.0	472.0	315.0	656.0	365.0	327.0	349.0	565.0	337.0	799.0	467.0	730.0	650.0	536.0	636.0	
271.0	0.0	381.0	762.0	601.0	0.0	631.0	735.0	520.0	751.0	153.0	514.0	468.0	767.0	548.0	

capacite_residuelle_X : 
0.0	332.0	356.0	619.0	355.0	163.0	235.0	297.0	425.0	0.0	553.0	444.0	358.0	285.0	514.0	
579.0	427.0	51.0	541.0	340.0	487.0	0.0	290.0	430.0	0.0	85.0	491.0	132.0	328.0	76.0	
257.0	401.0	194.0	570.0	487.0	798.0	392.0	215.0	737.0	891.0	327.0	407.0	518.0	365.0	431.0	
443.0	195.0	105.0	797.0	282.0	559.0	142.0	261.0	627.0	611.0	658.0	599.0	442.0	371.0	429.0	
14.0	0.0	210.0	762.0	491.0	0.0	471.0	451.0	639.0	543.0	302.0	299.0	234.0	568.0	295.0	

capacite_residuelle_W : 
0.0	139.0	20.799999999999955	619.0	79.0	77.80000000000001	78.5	24.09999999999991	22.700000000000045	0.0	0.39999999999997726	128.20000000000005	35.60000000000002	111.10000000000002	33.59999999999991	
16.0	8.200000000000045	4.100000000000023	29.899999999999977	0.10000000000002274	14.099999999999909	0.0	4.899999999999977	16.700000000000045	0.0	8.699999999999989	5.7999999999999545	10.100000000000023	50.89999999999998	4.0	
106.39999999999998	15.5	12.399999999999977	469.29999999999995	323.20000000000005	562.0999999999999	85.29999999999995	116.70000000000005	746.2	887.4000000000001	114.0	31.100000000000023	58.60000000000002	145.39999999999998	390.20000000000005	
5.0	39.80000000000001	14.399999999999977	532.8	115.0	619.9	48.89999999999998	66.20000000000005	628.4	142.5999999999999	435.20000000000005	127.59999999999991	38.60000000000002	56.700000000000045	48.89999999999998	
55.599999999999966	0.0	77.10000000000002	332.4000000000001	143.20000000000005	0.0	95.89999999999998	78.09999999999991	499.0999999999999	120.5	407.5999999999999	7.899999999999977	11.399999999999977	54.200000000000045	8.299999999999955	

min_capacite_X : 
0.0	0.0	690.0	660.0	0.0	

min_capacite_W : 
0.0	0.0	406.4	329.4	0.0	

max_capacite_X : 
1260.0	1247.0	1247.0	1306.0	1267.0	

max_capacite_W : 
997.0	876.0	1235.4	1188.8	1094.4	

moy_capacite_X : 
809.7333333333333	794.3333333333334	944.4	964.0	825.4	

moy_capacite_W : 
571.9866666666666	522.0999999999999	749.32	723.9333333333333	599.5533333333333	

med_capacite_X : 
827.0	827.0	871.0	862.0	853.0	

med_capacite_W : 
604.6	588.1	655.1	688.6	560.5999999999999	

ecartType_capacite_X : 
365.37861033302005	349.71753681443477	202.41271369819304	203.4030481580844	357.24702937883194	

ecartType_capacite_W : 
261.02579148854664	286.0188781648279	241.51280490552327	233.30323805915958	312.4113652791069	

var_capacite_X : 
133501.5288888889	122302.35555555554	40970.90666666667	41372.8	127625.44	

var_capacite_W : 
68134.46382222223	81806.79866666668	58328.43493333334	54430.400888888886	97600.86115555557	

covar_capacite_X : 
143037.35238095236	131038.23809523808	43897.4	44328.0	136741.54285714286	

covar_capacite_W : 
73001.21123809523	87650.14142857144	62494.75171428572	58318.28666666666	104572.35123809525	

##########	##########	##########	##########	##########	##########	##########	##########	##########	##########	##########	##########	##########	##########	##########	##########	##########	##########	##########	##########	##########	##########	##########	##########	##########	##########	##########	##########	##########	##########	##########	##########	##########	##########	##########	##########	##########	##########	##########	##########	##########	##########	##########	##########	##########	##########	##########	##########	##########	##########	##########	##########	##########	##########	##########	##########	##########	##########	##########	##########	##########	##########	##########	##########	##########	##########	##########	##########	##########	##########	##########	##########	##########	##########	##########	##########	##########	##########	##########	##########	##########	##########	##########	##########	##########	##########	##########	##########	##########	##########	##########	##########	##########	##########	##########	##########	##########	##########	##########	##########	##########	##########	##########	##########	##########	##########	##########	##########	##########	##########	##########	##########	##########	##########	##########	##########	##########	##########	##########	##########	##########	##########	##########	##########	##########	##########	##########	##########	##########	##########	##########	##########	##########	##########	##########	##########	##########	##########	##########	##########	##########	##########	##########	##########	##########	##########	##########	##########	##########	##########	nombre de noeuds : 150
nombre de strates : 5
nombre de centres : 15
titre : intelligent
instances : G8_2
temps de calcul : 0.6042850017547607
valeur objective : 1267.0
nombre de solutions : 1
nombre de noeuds : 1.0
faisability : True
centre : [52, 93, 90, 42, 17, 96, 119, 148, 137, 98, 51, 143, 67, 43, 89]
moy_distances :	128.2
min_distances :	40.0
max_distances :	230.0
var_distances :	1023.872478216697
covar_distances :	1023.9182911156282
ecartType_distances :	31.998007410098165
coef_variation	: 0.24959879716590488
distances_centre_x :
-1.0	-1.0	58.0	-1.0	-1.0	-1.0	-1.0	-1.0	-1.0	-1.0	-1.0	-1.0	-1.0	-1.0	113.0	-1.0	-1.0	-1.0	-1.0	-1.0	-1.0	-1.0	-1.0	-1.0	-1.0	92.0	-1.0	-1.0	-1.0	-1.0	-1.0	-1.0	91.0	105.0	-1.0	-1.0	-1.0	-1.0	-1.0	-1.0	50.0	-1.0	-1.0	-1.0	-1.0	-1.0	-1.0	-1.0	-1.0	-1.0	-1.0	-1.0	-1.0	-1.0	45.0	-1.0	-1.0	-1.0	-1.0	-1.0	85.0	-1.0	-1.0	-1.0	-1.0	-1.0	-1.0	-1.0	-1.0	-1.0	-1.0	-1.0	-1.0	-1.0	-1.0	48.0	-1.0	-1.0	-1.0	-1.0	52.0	90.0	-1.0	-1.0	52.0	-1.0	44.0	-1.0	-1.0	-1.0	-1.0	-1.0	-1.0	-1.0	-1.0	-1.0	-1.0	-1.0	-1.0	-1.0	58.0	-1.0	-1.0	91.0	-1.0	52.0	51.0	-1.0	58.0	-1.0	-1.0	59.0	-1.0	-1.0	-1.0	-1.0	-1.0	-1.0	-1.0	0.0	-1.0	-1.0	-1.0	-1.0	103.0	-1.0	-1.0	-1.0	97.0	-1.0	99.0	96.0	-1.0	-1.0	58.0	56.0	-1.0	-1.0	58.0	101.0	-1.0	-1.0	-1.0	0.0	-1.0	-1.0	-1.0	-1.0	-1.0	-1.0	
-1.0	-1.0	58.0	-1.0	-1.0	56.0	59.0	-1.0	-1.0	-1.0	-1.0	-1.0	-1.0	-1.0	-1.0	-1.0	-1.0	-1.0	-1.0	-1.0	-1.0	-1.0	-1.0	-1.0	-1.0	92.0	-1.0	-1.0	-1.0	-1.0	-1.0	-1.0	91.0	-1.0	-1.0	-1.0	-1.0	-1.0	-1.0	-1.0	-1.0	-1.0	-1.0	-1.0	-1.0	-1.0	-1.0	42.0	104.0	-1.0	-1.0	-1.0	-1.0	-1.0	45.0	94.0	-1.0	-1.0	-1.0	108.0	-1.0	-1.0	-1.0	-1.0	-1.0	-1.0	-1.0	-1.0	-1.0	-1.0	-1.0	-1.0	89.0	-1.0	-1.0	-1.0	-1.0	-1.0	-1.0	104.0	52.0	-1.0	-1.0	-1.0	52.0	-1.0	-1.0	-1.0	-1.0	-1.0	-1.0	-1.0	-1.0	-1.0	-1.0	-1.0	-1.0	-1.0	0.0	-1.0	-1.0	-1.0	-1.0	91.0	-1.0	-1.0	-1.0	-1.0	-1.0	-1.0	-1.0	51.0	111.0	-1.0	-1.0	-1.0	-1.0	-1.0	103.0	-1.0	-1.0	-1.0	-1.0	58.0	-1.0	-1.0	-1.0	-1.0	-1.0	-1.0	-1.0	96.0	-1.0	-1.0	-1.0	-1.0	-1.0	-1.0	-1.0	-1.0	-1.0	-1.0	-1.0	0.0	-1.0	58.0	-1.0	-1.0	0.0	-1.0	
-1.0	-1.0	58.0	-1.0	-1.0	-1.0	59.0	-1.0	-1.0	-1.0	87.0	52.0	47.0	-1.0	-1.0	-1.0	-1.0	-1.0	-1.0	89.0	-1.0	-1.0	-1.0	-1.0	-1.0	92.0	52.0	-1.0	-1.0	-1.0	-1.0	-1.0	89.0	89.0	-1.0	-1.0	-1.0	-1.0	-1.0	-1.0	-1.0	-1.0	-1.0	102.0	-1.0	-1.0	-1.0	-1.0	-1.0	47.0	-1.0	-1.0	-1.0	-1.0	45.0	-1.0	41.0	-1.0	-1.0	-1.0	-1.0	-1.0	-1.0	-1.0	105.0	-1.0	-1.0	-1.0	-1.0	-1.0	52.0	-1.0	89.0	-1.0	47.0	-1.0	-1.0	-1.0	-1.0	104.0	-1.0	-1.0	-1.0	94.0	52.0	89.0	44.0	-1.0	-1.0	-1.0	0.0	-1.0	-1.0	-1.0	-1.0	-1.0	-1.0	56.0	0.0	-1.0	-1.0	-1.0	-1.0	-1.0	-1.0	-1.0	-1.0	50.0	58.0	-1.0	-1.0	99.0	51.0	98.0	-1.0	-1.0	52.0	53.0	-1.0	-1.0	52.0	-1.0	-1.0	58.0	-1.0	-1.0	-1.0	-1.0	-1.0	-1.0	-1.0	-1.0	55.0	-1.0	-1.0	-1.0	-1.0	-1.0	58.0	-1.0	-1.0	-1.0	-1.0	0.0	91.0	-1.0	-1.0	-1.0	-1.0	-1.0	
-1.0	-1.0	58.0	94.0	-1.0	-1.0	-1.0	-1.0	-1.0	-1.0	87.0	-1.0	-1.0	-1.0	-1.0	-1.0	-1.0	-1.0	-1.0	89.0	47.0	-1.0	-1.0	-1.0	-1.0	92.0	52.0	-1.0	87.0	-1.0	-1.0	-1.0	89.0	89.0	-1.0	-1.0	-1.0	-1.0	-1.0	-1.0	-1.0	106.0	-1.0	-1.0	-1.0	-1.0	-1.0	-1.0	-1.0	47.0	-1.0	-1.0	-1.0	-1.0	-1.0	102.0	-1.0	-1.0	49.0	-1.0	-1.0	-1.0	-1.0	91.0	-1.0	-1.0	-1.0	-1.0	-1.0	-1.0	52.0	-1.0	89.0	-1.0	47.0	48.0	-1.0	56.0	44.0	94.0	52.0	90.0	-1.0	93.0	52.0	89.0	44.0	-1.0	85.0	-1.0	-1.0	-1.0	-1.0	-1.0	42.0	-1.0	0.0	-1.0	0.0	90.0	58.0	-1.0	-1.0	91.0	-1.0	-1.0	105.0	50.0	58.0	-1.0	-1.0	-1.0	-1.0	98.0	-1.0	-1.0	52.0	-1.0	-1.0	-1.0	52.0	-1.0	-1.0	58.0	-1.0	-1.0	-1.0	104.0	-1.0	-1.0	-1.0	96.0	-1.0	-1.0	92.0	-1.0	96.0	-1.0	58.0	101.0	-1.0	-1.0	104.0	-1.0	-1.0	-1.0	88.0	-1.0	-1.0	-1.0	
-1.0	-1.0	58.0	-1.0	-1.0	100.0	83.0	-1.0	-1.0	-1.0	-1.0	52.0	-1.0	47.0	-1.0	56.0	-1.0	-1.0	-1.0	89.0	47.0	-1.0	88.0	-1.0	-1.0	-1.0	-1.0	-1.0	-1.0	-1.0	-1.0	48.0	89.0	89.0	-1.0	89.0	92.0	-1.0	-1.0	89.0	-1.0	59.0	56.0	110.0	97.0	-1.0	-1.0	-1.0	-1.0	-1.0	-1.0	-1.0	-1.0	-1.0	45.0	94.0	-1.0	-1.0	-1.0	-1.0	85.0	83.0	101.0	-1.0	-1.0	-1.0	-1.0	-1.0	-1.0	-1.0	52.0	-1.0	89.0	-1.0	47.0	48.0	85.0	-1.0	-1.0	-1.0	52.0	90.0	-1.0	93.0	-1.0	-1.0	44.0	-1.0	-1.0	47.0	0.0	-1.0	47.0	0.0	42.0	98.0	-1.0	-1.0	-1.0	-1.0	-1.0	-1.0	-1.0	91.0	-1.0	52.0	-1.0	-1.0	-1.0	-1.0	-1.0	-1.0	51.0	-1.0	-1.0	-1.0	52.0	53.0	-1.0	0.0	52.0	-1.0	53.0	58.0	-1.0	-1.0	-1.0	-1.0	-1.0	-1.0	55.0	96.0	-1.0	-1.0	-1.0	-1.0	-1.0	-1.0	58.0	-1.0	-1.0	-1.0	104.0	0.0	-1.0	-1.0	-1.0	-1.0	0.0	-1.0	

distances_centre_w :
-1.0	-1.0	-1.0	-1.0	-1.0	-1.0	59.0	-1.0	99.0	93.0	108.0	52.0	-1.0	-1.0	-1.0	56.0	-1.0	-1.0	-1.0	-1.0	-1.0	-1.0	-1.0	-1.0	-1.0	-1.0	-1.0	-1.0	-1.0	-1.0	-1.0	-1.0	-1.0	136.0	-1.0	-1.0	89.0	-1.0	-1.0	-1.0	-1.0	59.0	56.0	-1.0	-1.0	-1.0	-1.0	-1.0	-1.0	100.0	-1.0	-1.0	-1.0	-1.0	-1.0	-1.0	-1.0	139.0	-1.0	-1.0	138.0	-1.0	-1.0	-1.0	-1.0	-1.0	101.0	-1.0	-1.0	-1.0	59.0	-1.0	-1.0	-1.0	-1.0	-1.0	-1.0	-1.0	-1.0	-1.0	-1.0	-1.0	-1.0	-1.0	87.0	-1.0	-1.0	-1.0	-1.0	-1.0	-1.0	-1.0	-1.0	-1.0	-1.0	-1.0	-1.0	92.0	-1.0	-1.0	-1.0	-1.0	97.0	103.0	-1.0	105.0	-1.0	-1.0	-1.0	-1.0	-1.0	-1.0	-1.0	-1.0	-1.0	93.0	-1.0	-1.0	-1.0	93.0	-1.0	-1.0	-1.0	105.0	-1.0	-1.0	-1.0	-1.0	-1.0	-1.0	-1.0	-1.0	-1.0	-1.0	92.0	97.0	115.0	-1.0	-1.0	-1.0	-1.0	-1.0	-1.0	58.0	-1.0	-1.0	-1.0	-1.0	-1.0	-1.0	
137.0	-1.0	129.0	-1.0	136.0	-1.0	-1.0	-1.0	123.0	93.0	-1.0	52.0	-1.0	-1.0	-1.0	-1.0	-1.0	-1.0	-1.0	-1.0	-1.0	-1.0	-1.0	-1.0	-1.0	-1.0	-1.0	-1.0	-1.0	103.0	-1.0	-1.0	-1.0	104.0	52.0	-1.0	-1.0	-1.0	-1.0	-1.0	-1.0	133.0	-1.0	-1.0	-1.0	-1.0	52.0	-1.0	-1.0	101.0	-1.0	-1.0	-1.0	-1.0	-1.0	-1.0	-1.0	-1.0	-1.0	135.0	-1.0	-1.0	-1.0	-1.0	-1.0	59.0	-1.0	-1.0	-1.0	-1.0	59.0	-1.0	-1.0	135.0	105.0	-1.0	104.0	-1.0	-1.0	104.0	-1.0	-1.0	-1.0	-1.0	-1.0	-1.0	-1.0	-1.0	-1.0	-1.0	-1.0	-1.0	-1.0	-1.0	-1.0	98.0	-1.0	92.0	-1.0	-1.0	-1.0	-1.0	101.0	103.0	-1.0	-1.0	-1.0	-1.0	-1.0	-1.0	-1.0	59.0	-1.0	-1.0	-1.0	-1.0	56.0	-1.0	111.0	-1.0	-1.0	-1.0	-1.0	105.0	-1.0	-1.0	-1.0	-1.0	-1.0	-1.0	-1.0	-1.0	-1.0	-1.0	58.0	-1.0	-1.0	-1.0	116.0	-1.0	-1.0	-1.0	-1.0	58.0	-1.0	-1.0	-1.0	-1.0	-1.0	-1.0	
-1.0	-1.0	89.0	-1.0	-1.0	-1.0	94.0	-1.0	-1.0	-1.0	108.0	94.0	89.0	-1.0	104.0	56.0	97.0	-1.0	83.0	-1.0	-1.0	-1.0	-1.0	-1.0	112.0	-1.0	111.0	-1.0	-1.0	-1.0	59.0	-1.0	91.0	-1.0	-1.0	-1.0	47.0	-1.0	-1.0	-1.0	-1.0	-1.0	-1.0	110.0	-1.0	-1.0	-1.0	-1.0	100.0	-1.0	-1.0	-1.0	-1.0	-1.0	-1.0	94.0	52.0	-1.0	-1.0	-1.0	108.0	-1.0	91.0	-1.0	-1.0	-1.0	-1.0	-1.0	-1.0	-1.0	59.0	-1.0	-1.0	-1.0	-1.0	-1.0	-1.0	-1.0	-1.0	104.0	-1.0	-1.0	-1.0	94.0	87.0	93.0	-1.0	90.0	-1.0	99.0	47.0	-1.0	-1.0	-1.0	-1.0	-1.0	-1.0	101.0	-1.0	-1.0	-1.0	-1.0	-1.0	-1.0	-1.0	-1.0	-1.0	109.0	-1.0	90.0	-1.0	112.0	107.0	99.0	51.0	93.0	56.0	100.0	-1.0	-1.0	52.0	100.0	-1.0	-1.0	-1.0	54.0	-1.0	-1.0	-1.0	-1.0	55.0	-1.0	94.0	-1.0	58.0	56.0	-1.0	-1.0	-1.0	-1.0	101.0	104.0	-1.0	58.0	91.0	58.0	-1.0	-1.0	-1.0	-1.0	
-1.0	-1.0	-1.0	-1.0	-1.0	-1.0	-1.0	-1.0	-1.0	-1.0	108.0	-1.0	-1.0	-1.0	-1.0	56.0	97.0	98.0	-1.0	-1.0	-1.0	-1.0	-1.0	91.0	128.0	-1.0	-1.0	-1.0	96.0	-1.0	59.0	-1.0	91.0	-1.0	-1.0	89.0	47.0	-1.0	-1.0	-1.0	-1.0	-1.0	56.0	102.0	-1.0	-1.0	-1.0	-1.0	-1.0	89.0	-1.0	-1.0	-1.0	-1.0	-1.0	-1.0	-1.0	-1.0	56.0	-1.0	108.0	-1.0	91.0	102.0	-1.0	-1.0	-1.0	103.0	-1.0	-1.0	59.0	-1.0	-1.0	-1.0	101.0	103.0	-1.0	114.0	-1.0	108.0	91.0	100.0	-1.0	94.0	87.0	93.0	-1.0	-1.0	95.0	-1.0	-1.0	95.0	-1.0	-1.0	89.0	-1.0	-1.0	56.0	-1.0	97.0	-1.0	-1.0	-1.0	97.0	108.0	-1.0	114.0	-1.0	-1.0	104.0	-1.0	-1.0	-1.0	99.0	51.0	-1.0	56.0	-1.0	-1.0	-1.0	52.0	-1.0	-1.0	100.0	-1.0	54.0	-1.0	107.0	-1.0	-1.0	-1.0	102.0	-1.0	-1.0	116.0	-1.0	115.0	-1.0	-1.0	103.0	-1.0	109.0	-1.0	-1.0	91.0	58.0	-1.0	-1.0	111.0	-1.0	
131.0	-1.0	91.0	-1.0	-1.0	-1.0	-1.0	106.0	104.0	-1.0	-1.0	94.0	-1.0	94.0	-1.0	58.0	-1.0	-1.0	-1.0	-1.0	-1.0	103.0	138.0	-1.0	-1.0	-1.0	-1.0	108.0	-1.0	-1.0	-1.0	59.0	91.0	-1.0	-1.0	135.0	111.0	-1.0	-1.0	-1.0	-1.0	89.0	100.0	111.0	-1.0	-1.0	-1.0	-1.0	-1.0	-1.0	-1.0	94.0	-1.0	-1.0	-1.0	-1.0	-1.0	139.0	-1.0	-1.0	-1.0	102.0	131.0	-1.0	-1.0	-1.0	-1.0	-1.0	-1.0	-1.0	59.0	131.0	-1.0	91.0	-1.0	139.0	-1.0	139.0	-1.0	-1.0	91.0	135.0	-1.0	94.0	-1.0	-1.0	-1.0	102.0	-1.0	-1.0	47.0	116.0	94.0	47.0	108.0	102.0	-1.0	-1.0	-1.0	-1.0	-1.0	-1.0	-1.0	97.0	97.0	99.0	51.0	-1.0	-1.0	-1.0	-1.0	51.0	-1.0	-1.0	-1.0	-1.0	56.0	100.0	-1.0	93.0	-1.0	-1.0	57.0	105.0	-1.0	-1.0	-1.0	-1.0	-1.0	-1.0	-1.0	102.0	-1.0	103.0	58.0	-1.0	-1.0	-1.0	-1.0	-1.0	-1.0	-1.0	-1.0	58.0	-1.0	-1.0	-1.0	-1.0	-1.0	99.0	

maxX :
113.0	111.0	105.0	106.0	110.0	

maxW :
139.0	137.0	112.0	128.0	139.0	

minX :
0.0	0.0	0.0	0.0	0.0	

minW :
52.0	52.0	47.0	47.0	47.0	

moyX :
67.65517241379311	67.25	62.97435897435897	72.14	63.98148148148148	

moyW :
91.88888888888889	95.76666666666667	85.22	90.49056603773585	96.27450980392157	

medX :
58.0	58.5	56.0	87.0	57.0	

medW :
93.0	103.0	93.0	97.0	99.0	

ecartTypeX :
28.500787481037065	33.659136946748944	27.381902295257625	25.959976887508965	28.80617908298093	

ecartTypeW :
24.646137603394006	28.906381456157547	21.239858756592522	20.824171950294936	26.16769332171477	

varX :
812.294887039239	1132.9375	749.7685733070348	673.9203999999997	829.7959533607681	

varW :
607.432098765432	835.578888888889	451.13160000000005	433.64613741545037	684.7481737793156	

covarX :
841.3054187192117	1182.195652173913	769.4993252361672	687.6738775510203	845.4524807826693	

covarW :
630.7948717948717	864.3919540229887	460.33836734693875	441.9854862119014	698.443137254902	

coef_variationX :
0.4212654622579382	0.5005076125910624	0.4348103377504265	0.3598555154908368	0.45022682213631554	

coef_variationW :
0.2682167332896567	0.3018417833918296	0.2492356108494781	0.23012533639817173	0.2718029245229029	

moy_distances_centre :	115.99047619047619
min_distances_centre :	44.0
max_distances_centre :	168.0
med_distances_centre :	111.0
ecartType_distances_centre :	28.84985606569533
var_distances_centre :	832.3141950113377
covar_distances_centre :	836.2965595807701
coef_variation_distances_centre :	0.24872607659890056
capacite_X_temoin : 
0.0	1260.0	853.0	686.0	1260.0	765.0	1056.0	1207.0	1049.0	0.0	818.0	844.0	822.0	827.0	862.0	
990.0	1194.0	853.0	827.0	1003.0	0.0	1221.0	1023.0	1009.0	0.0	699.0	836.0	787.0	673.0	800.0	
1128.0	1075.0	734.0	708.0	1181.0	871.0	0.0	1009.0	1234.0	1148.0	690.0	827.0	792.0	708.0	704.0	
990.0	1056.0	814.0	748.0	1306.0	853.0	0.0	1234.0	1128.0	1102.0	814.0	862.0	822.0	739.0	853.0	
1042.0	0.0	0.0	827.0	1108.0	853.0	0.0	1207.0	1267.0	1095.0	862.0	743.0	818.0	844.0	871.0	

capacite_W_temoin : 
0.0	588.0	763.9	539.8	1220.0	677.5	570.8	734.0999999999999	818.7	0.0	584.4	620.2	617.6	400.1	656.5999999999999	
407.0	826.2	263.9	515.1	907.9	0.0	887.3	693.9	594.7	0.0	487.7	736.8	605.1	282.9	623.0	
429.4	713.5	433.2	626.4	1028.3	356.3	0.0	579.7	1265.2	1057.4	328.0	554.1	975.6	378.4	750.2	
750.0	543.8	389.2	692.4	1142.8	404.9	0.0	480.2	674.4	1080.6	607.2	690.5999999999999	643.6	508.7	769.9	
536.5999999999999	0.0	0.0	543.1	1021.4	644.9	0.0	606.0999999999999	1019.0999999999999	956.5	351.59999999999997	433.9	551.4	687.2	544.3	

demande_cumulee_X : 
0.0	1050.0	345.0	352.0	418.0	317.0	802.0	835.0	545.0	0.0	479.0	477.0	451.0	675.0	464.0	
880.0	726.0	845.0	560.0	396.0	0.0	700.0	636.0	717.0	0.0	421.0	350.0	418.0	592.0	417.0	
1037.0	684.0	521.0	294.0	507.0	776.0	0.0	732.0	339.0	435.0	569.0	521.0	54.0	542.0	165.0	
537.0	829.0	669.0	280.0	555.0	704.0	0.0	1124.0	792.0	352.0	451.0	430.0	425.0	452.0	339.0	
818.0	0.0	0.0	532.0	419.0	464.0	0.0	963.0	628.0	467.0	769.0	532.0	512.0	410.0	588.0	

demande_cumulee_W : 
0.0	472.0	709.0	526.0	655.0	640.0	553.0	705.0	535.0	0.0	464.0	582.0	444.0	273.0	652.0	
385.0	813.0	258.0	510.0	885.0	0.0	883.0	690.0	547.0	0.0	462.0	728.0	595.0	281.0	621.0	
355.0	679.0	341.0	616.0	450.0	303.0	0.0	519.0	644.0	734.0	263.0	537.0	890.0	270.0	575.0	
736.0	494.0	315.0	682.0	655.0	261.0	0.0	461.0	573.0	1020.0	374.0	604.0	635.0	506.0	623.0	
496.0	0.0	0.0	408.0	1002.0	583.0	0.0	598.0	853.0	885.0	309.0	407.0	458.0	609.0	494.0	

capacite_residuelle_X : 
0.0	210.0	508.0	334.0	842.0	448.0	254.0	372.0	504.0	0.0	339.0	367.0	371.0	152.0	398.0	
110.0	468.0	8.0	267.0	607.0	0.0	521.0	387.0	292.0	0.0	278.0	486.0	369.0	81.0	383.0	
91.0	391.0	213.0	414.0	674.0	95.0	0.0	277.0	895.0	713.0	121.0	306.0	738.0	166.0	539.0	
453.0	227.0	145.0	468.0	751.0	149.0	0.0	110.0	336.0	750.0	363.0	432.0	397.0	287.0	514.0	
224.0	0.0	0.0	295.0	689.0	389.0	0.0	244.0	639.0	628.0	93.0	211.0	306.0	434.0	283.0	

capacite_residuelle_W : 
0.0	116.0	54.89999999999998	13.799999999999955	565.0	37.5	17.799999999999955	29.09999999999991	283.70000000000005	0.0	120.39999999999998	38.200000000000045	173.60000000000002	127.10000000000002	4.599999999999909	
22.0	13.200000000000045	5.899999999999977	5.100000000000023	22.899999999999977	0.0	4.2999999999999545	3.8999999999999773	47.700000000000045	0.0	25.69999999999999	8.799999999999955	10.100000000000023	1.8999999999999773	2.0	
74.39999999999998	34.5	92.19999999999999	10.399999999999977	578.3	53.30000000000001	0.0	60.700000000000045	621.2	323.4000000000001	65.0	17.100000000000023	85.60000000000002	108.39999999999998	175.20000000000005	
14.0	49.799999999999955	74.19999999999999	10.399999999999977	487.79999999999995	143.89999999999998	0.0	19.19999999999999	101.39999999999998	60.59999999999991	233.20000000000005	86.59999999999991	8.600000000000023	2.6999999999999886	146.89999999999998	
40.59999999999991	0.0	0.0	135.10000000000002	19.399999999999977	61.89999999999998	0.0	8.099999999999909	166.0999999999999	71.5	42.599999999999966	26.899999999999977	93.39999999999998	78.20000000000005	50.299999999999955	

min_capacite_X : 
0.0	0.0	0.0	0.0	0.0	

min_capacite_W : 
0.0	0.0	0.0	0.0	0.0	

max_capacite_X : 
1260.0	1221.0	1234.0	1306.0	1267.0	

max_capacite_W : 
1220.0	907.9	1265.2	1142.8	1021.4	

moy_capacite_X : 
820.6	794.3333333333334	853.9333333333333	888.0666666666667	769.1333333333333	

moy_capacite_W : 
586.1133333333332	522.1	631.7133333333334	625.2199999999999	526.4066666666665	

med_capacite_X : 
844.0	836.0	827.0	853.0	853.0	

med_capacite_W : 
617.6	594.7	579.7	643.6	544.3	

ecartType_capacite_X : 
366.45760100362673	347.7592398325153	297.35645649997616	292.71635113574064	412.1352313123557	

ecartType_capacite_W : 
288.5521070602134	277.63074517543384	326.5170763613376	265.83385588245403	325.65275876136667	

var_capacite_X : 
134291.1733333333	120936.48888888887	88420.86222222222	85682.8622222222	169855.44888888893	

var_capacite_W : 
83262.31848888888	77078.83066666668	106613.40115555558	70667.63893333334	106049.71928888887	

covar_capacite_X : 
143883.4	129574.80952380951	94736.63809523809	91803.06666666664	181987.980952381	

covar_capacite_W : 
89209.62695238093	82584.46142857143	114228.64409523811	75715.32742857141	113624.69923809521	

##########	##########	##########	##########	##########	##########	##########	##########	##########	##########	##########	##########	##########	##########	##########	##########	##########	##########	##########	##########	##########	##########	##########	##########	##########	##########	##########	##########	##########	##########	##########	##########	##########	##########	##########	##########	##########	##########	##########	##########	##########	##########	##########	##########	##########	##########	##########	##########	##########	##########	##########	##########	##########	##########	##########	##########	##########	##########	##########	##########	##########	##########	##########	##########	##########	##########	##########	##########	##########	##########	##########	##########	##########	##########	##########	##########	##########	##########	##########	##########	##########	##########	##########	##########	##########	##########	##########	##########	##########	##########	##########	##########	##########	##########	##########	##########	##########	##########	##########	##########	##########	##########	##########	##########	##########	##########	##########	##########	##########	##########	##########	##########	##########	##########	##########	##########	##########	##########	##########	##########	##########	##########	##########	##########	##########	##########	##########	##########	##########	##########	##########	##########	##########	##########	##########	##########	##########	##########	##########	##########	##########	##########	##########	##########	##########	##########	##########	##########	##########	##########	