nombre de noeuds : 50
nombre de strates : 5
nombre de centres : 5
titre : intelligent
instances : p10_2
temps de calcul : 0.04024004936218262
valeur objective : 570.0
nombre de solutions : 3
nombre de noeuds : 1.0
faisability : True
centre : [6, 41, 9, 24, 47]
moy_distances :	52.92
min_distances :	1.0
max_distances :	123.0
var_distances :	630.1974177426073
covar_distances :	630.4547462104483
ecartType_distances :	25.103733143550727
coef_variation	: 0.47438601004010245
distances_centre_x :
-1.0	-1.0	29.0	14.0	47.0	-1.0	-1.0	9.0	-1.0	0.0	38.0	-1.0	-1.0	11.0	-1.0	28.0	36.0	18.0	33.0	9.0	-1.0	-1.0	-1.0	-1.0	0.0	18.0	42.0	-1.0	10.0	11.0	-1.0	-1.0	43.0	12.0	6.0	53.0	35.0	28.0	37.0	40.0	-1.0	0.0	17.0	17.0	14.0	53.0	5.0	-1.0	50.0	4.0	
19.0	19.0	-1.0	14.0	-1.0	-1.0	0.0	-1.0	16.0	0.0	38.0	7.0	42.0	11.0	-1.0	-1.0	-1.0	18.0	33.0	9.0	16.0	-1.0	-1.0	-1.0	0.0	-1.0	42.0	24.0	10.0	-1.0	-1.0	33.0	-1.0	-1.0	6.0	-1.0	24.0	-1.0	37.0	40.0	-1.0	0.0	-1.0	-1.0	14.0	-1.0	5.0	0.0	-1.0	4.0	
19.0	18.0	-1.0	14.0	-1.0	-1.0	-1.0	9.0	-1.0	0.0	38.0	-1.0	42.0	11.0	20.0	-1.0	36.0	18.0	33.0	9.0	16.0	-1.0	20.0	41.0	-1.0	-1.0	-1.0	24.0	10.0	-1.0	27.0	-1.0	-1.0	12.0	6.0	-1.0	24.0	28.0	-1.0	40.0	39.0	0.0	-1.0	-1.0	14.0	-1.0	5.0	0.0	-1.0	4.0	
19.0	-1.0	29.0	14.0	-1.0	7.0	0.0	9.0	16.0	-1.0	38.0	-1.0	42.0	11.0	-1.0	-1.0	-1.0	18.0	33.0	9.0	-1.0	12.0	-1.0	41.0	0.0	18.0	-1.0	-1.0	10.0	-1.0	27.0	33.0	-1.0	-1.0	6.0	-1.0	-1.0	28.0	-1.0	40.0	39.0	0.0	-1.0	-1.0	14.0	-1.0	5.0	0.0	-1.0	4.0	
19.0	18.0	29.0	14.0	-1.0	-1.0	0.0	-1.0	16.0	0.0	-1.0	7.0	42.0	11.0	20.0	-1.0	36.0	18.0	33.0	9.0	-1.0	-1.0	20.0	41.0	0.0	18.0	42.0	-1.0	-1.0	-1.0	27.0	48.0	43.0	12.0	6.0	-1.0	-1.0	-1.0	-1.0	42.0	-1.0	0.0	-1.0	-1.0	14.0	-1.0	5.0	0.0	50.0	20.0	

distances_centre_w :
-1.0	-1.0	60.0	46.0	74.0	-1.0	-1.0	18.0	-1.0	49.0	63.0	-1.0	-1.0	29.0	-1.0	56.0	40.0	33.0	58.0	14.0	-1.0	-1.0	-1.0	-1.0	75.0	58.0	63.0	-1.0	29.0	17.0	-1.0	-1.0	76.0	29.0	17.0	72.0	60.0	38.0	74.0	42.0	-1.0	12.0	65.0	42.0	15.0	67.0	44.0	-1.0	53.0	27.0	
42.0	37.0	-1.0	46.0	-1.0	-1.0	17.0	-1.0	40.0	49.0	63.0	19.0	44.0	58.0	-1.0	-1.0	-1.0	48.0	35.0	14.0	29.0	-1.0	-1.0	-1.0	26.0	-1.0	63.0	25.0	29.0	-1.0	-1.0	44.0	-1.0	-1.0	38.0	-1.0	35.0	-1.0	63.0	42.0	-1.0	12.0	-1.0	-1.0	15.0	-1.0	44.0	25.0	-1.0	9.0	
42.0	19.0	-1.0	46.0	-1.0	-1.0	-1.0	18.0	-1.0	49.0	63.0	-1.0	44.0	29.0	27.0	-1.0	40.0	48.0	35.0	22.0	29.0	-1.0	43.0	55.0	-1.0	-1.0	-1.0	41.0	29.0	-1.0	40.0	-1.0	-1.0	29.0	38.0	-1.0	35.0	41.0	-1.0	42.0	46.0	12.0	-1.0	-1.0	15.0	-1.0	44.0	25.0	-1.0	9.0	
42.0	-1.0	60.0	46.0	-1.0	32.0	17.0	36.0	43.0	-1.0	63.0	-1.0	44.0	30.0	-1.0	-1.0	-1.0	48.0	35.0	14.0	-1.0	22.0	-1.0	55.0	12.0	58.0	-1.0	-1.0	29.0	-1.0	57.0	62.0	-1.0	-1.0	17.0	-1.0	-1.0	38.0	-1.0	42.0	46.0	12.0	-1.0	-1.0	15.0	-1.0	44.0	25.0	-1.0	20.0	
42.0	19.0	60.0	61.0	-1.0	-1.0	17.0	-1.0	40.0	75.0	-1.0	19.0	44.0	41.0	27.0	-1.0	40.0	48.0	35.0	14.0	-1.0	-1.0	43.0	55.0	12.0	58.0	63.0	-1.0	-1.0	-1.0	57.0	62.0	76.0	29.0	17.0	-1.0	-1.0	-1.0	-1.0	67.0	-1.0	12.0	-1.0	-1.0	15.0	-1.0	44.0	25.0	53.0	69.0	

maxX :
53.0	42.0	42.0	42.0	50.0	

maxW :
76.0	63.0	63.0	63.0	76.0	

minX :
0.0	0.0	0.0	0.0	0.0	

minW :
12.0	9.0	9.0	12.0	12.0	

moyX :
23.242424242424242	17.178571428571427	19.233333333333334	18.0	20.625	

moyW :
45.90909090909091	36.107142857142854	35.166666666666664	36.689655172413794	41.84375	

medX :
18.0	15.0	18.0	14.0	18.0	

medW :
46.0	37.5	39.0	38.0	42.5	

ecartTypeX :
16.411434120168305	13.869425705044716	12.940075562204248	13.716338105867862	15.416610360257536	

ecartTypeW :
20.107836006654804	15.45809839930025	12.743843829691086	15.892100506282471	19.6072521261267	

varX :
269.33516988062445	192.3609693877551	167.44555555555556	188.13793103448276	237.671875	

varW :
404.32506887052347	238.95280612244895	162.40555555555557	252.5588585017836	384.4443359375	

covarX :
277.75189393939394	199.4854497354497	173.21954022988507	194.85714285714283	245.33870967741936	

covarW :
416.9602272727273	247.80291005291002	168.0057471264368	261.5788177339901	396.84576612903226	

coef_variationX :
0.7060982085600445	0.8073678165098795	0.6727942233381757	0.7620187836593257	0.7474720174670321	

coef_variationW :
0.4379924674716888	0.428117463086456	0.36238418473055223	0.43314935590431547	0.46858257508293827	

moy_distances_centre :	40.4
min_distances_centre :	12.0
max_distances_centre :	75.0
med_distances_centre :	34.0
ecartType_distances_centre :	21.148049555455465
var_distances_centre :	447.24000000000007
covar_distances_centre :	470.7789473684211
coef_variation_distances_centre :	0.5234665731548382
capacite_X_temoin : 
177.0	163.0	153.0	177.0	172.0	
156.0	171.0	163.0	168.0	159.0	
163.0	177.0	163.0	144.0	177.0	
166.0	154.0	162.0	172.0	139.0	
163.0	156.0	168.0	159.0	154.0	

capacite_W_temoin : 
127.1	49.9	169.9	164.1	179.6	
110.8	129.3	183.9	183.4	110.69999999999999	
84.9	134.1	196.9	152.2	134.1	
113.8	94.19999999999999	181.6	191.6	78.69999999999999	
98.9	82.8	170.4	171.7	118.19999999999999	

demande_cumulee_X : 
103.0	162.0	29.0	66.0	44.0	
92.0	93.0	28.0	35.0	96.0	
127.0	96.0	15.0	35.0	96.0	
102.0	106.0	29.0	32.0	102.0	
113.0	120.0	48.0	35.0	82.0	

demande_cumulee_W : 
123.0	38.0	100.0	126.0	17.0	
104.0	12.0	101.0	86.0	41.0	
76.0	7.0	87.0	121.0	78.0	
80.0	0.0	76.0	146.0	69.0	
90.0	31.0	75.0	169.0	33.0	

capacite_residuelle_X : 
74.0	1.0	124.0	111.0	128.0	
64.0	78.0	135.0	133.0	63.0	
36.0	81.0	148.0	109.0	81.0	
64.0	48.0	133.0	140.0	37.0	
50.0	36.0	120.0	124.0	72.0	

capacite_residuelle_W : 
4.099999999999994	11.899999999999999	69.9	38.099999999999994	162.6	
6.799999999999997	117.30000000000001	82.9	97.4	69.69999999999999	
8.900000000000006	127.1	109.9	31.19999999999999	56.099999999999994	
33.8	94.19999999999999	105.6	45.599999999999994	9.699999999999989	
8.900000000000006	51.8	95.4	2.6999999999999886	85.19999999999999	

min_capacite_X : 
153.0	156.0	144.0	139.0	154.0	

min_capacite_W : 
49.9	110.69999999999999	84.9	78.69999999999999	82.8	

max_capacite_X : 
177.0	171.0	177.0	172.0	168.0	

max_capacite_W : 
179.6	183.9	196.9	191.6	171.7	

moy_capacite_X : 
168.4	163.4	164.8	158.6	160.0	

moy_capacite_W : 
138.12	143.61999999999998	140.44	131.98000000000002	128.4	

med_capacite_X : 
172.0	163.0	163.0	162.0	159.0	

med_capacite_W : 
164.1	129.3	134.1	113.8	118.19999999999999	

ecartType_capacite_X : 
9.243376006633074	5.535341001239218	12.139192724394814	11.412274094149685	5.019960159204453	

ecartType_capacite_W : 
47.559915895636315	33.37923905663519	36.030853445345976	46.07230838584062	36.58562559257392	

var_capacite_X : 
85.44000000000001	30.639999999999997	147.35999999999999	130.24	25.2	

var_capacite_W : 
2261.9456	1114.1736	1298.2224	2122.6576	1338.5079999999998	

covar_capacite_X : 
106.80000000000001	38.3	184.2	162.8	31.5	

covar_capacite_W : 
2827.432	1392.717	1622.778	2653.322	1673.1349999999998	

##########	##########	##########	##########	##########	##########	##########	##########	##########	##########	##########	##########	##########	##########	##########	##########	##########	##########	##########	##########	##########	##########	##########	##########	##########	##########	##########	##########	##########	##########	##########	##########	##########	##########	##########	##########	##########	##########	##########	##########	##########	##########	##########	##########	##########	##########	##########	##########	##########	##########	nombre de noeuds : 50
nombre de strates : 5
nombre de centres : 5
titre : intelligent
instances : p10_2
temps de calcul : 0.04161691665649414
valeur objective : 535.0
nombre de solutions : 3
nombre de noeuds : 1.0
faisability : True
centre : [6, 41, 9, 24, 48]
moy_distances :	52.92
min_distances :	1.0
max_distances :	123.0
var_distances :	630.1974177426073
covar_distances :	630.4547462104483
ecartType_distances :	25.103733143550727
coef_variation	: 0.47438601004010245
distances_centre_x :
-1.0	-1.0	29.0	14.0	47.0	-1.0	-1.0	9.0	-1.0	0.0	38.0	-1.0	-1.0	29.0	-1.0	28.0	17.0	18.0	33.0	9.0	-1.0	-1.0	-1.0	-1.0	0.0	18.0	20.0	-1.0	29.0	11.0	-1.0	-1.0	37.0	12.0	6.0	14.0	24.0	28.0	37.0	32.0	-1.0	0.0	17.0	42.0	14.0	3.0	5.0	-1.0	0.0	4.0	
42.0	18.0	-1.0	14.0	-1.0	-1.0	0.0	-1.0	40.0	0.0	38.0	7.0	32.0	29.0	-1.0	-1.0	-1.0	18.0	33.0	9.0	22.0	-1.0	-1.0	-1.0	0.0	-1.0	20.0	24.0	29.0	-1.0	-1.0	44.0	-1.0	-1.0	6.0	-1.0	24.0	-1.0	37.0	32.0	-1.0	0.0	-1.0	-1.0	14.0	-1.0	5.0	25.0	-1.0	4.0	
42.0	18.0	-1.0	14.0	-1.0	-1.0	-1.0	9.0	-1.0	0.0	38.0	-1.0	32.0	29.0	27.0	-1.0	17.0	18.0	33.0	9.0	22.0	-1.0	43.0	41.0	-1.0	-1.0	-1.0	25.0	29.0	-1.0	24.0	-1.0	-1.0	12.0	6.0	-1.0	35.0	28.0	-1.0	32.0	39.0	0.0	-1.0	-1.0	14.0	-1.0	5.0	25.0	-1.0	4.0	
42.0	-1.0	29.0	14.0	-1.0	32.0	17.0	9.0	40.0	-1.0	38.0	-1.0	32.0	29.0	-1.0	-1.0	-1.0	18.0	33.0	9.0	-1.0	22.0	-1.0	41.0	0.0	18.0	-1.0	-1.0	29.0	-1.0	24.0	44.0	-1.0	-1.0	6.0	-1.0	-1.0	28.0	-1.0	32.0	39.0	0.0	-1.0	-1.0	14.0	-1.0	5.0	25.0	-1.0	9.0	
42.0	37.0	29.0	14.0	-1.0	-1.0	0.0	-1.0	40.0	0.0	-1.0	7.0	32.0	29.0	27.0	-1.0	17.0	18.0	33.0	9.0	-1.0	-1.0	43.0	41.0	0.0	18.0	20.0	-1.0	-1.0	-1.0	24.0	44.0	37.0	12.0	6.0	-1.0	-1.0	-1.0	-1.0	32.0	-1.0	0.0	-1.0	-1.0	14.0	-1.0	5.0	25.0	0.0	4.0	

distances_centre_w :
-1.0	-1.0	30.0	46.0	65.0	-1.0	-1.0	18.0	-1.0	49.0	63.0	-1.0	-1.0	58.0	-1.0	56.0	36.0	33.0	46.0	14.0	-1.0	-1.0	-1.0	-1.0	12.0	41.0	42.0	-1.0	41.0	28.0	-1.0	-1.0	43.0	37.0	17.0	39.0	49.0	38.0	63.0	40.0	-1.0	12.0	65.0	48.0	15.0	53.0	44.0	-1.0	50.0	9.0	
51.0	24.0	-1.0	61.0	-1.0	-1.0	17.0	-1.0	43.0	49.0	63.0	19.0	44.0	41.0	-1.0	-1.0	-1.0	33.0	46.0	14.0	29.0	-1.0	-1.0	-1.0	26.0	-1.0	42.0	25.0	41.0	-1.0	-1.0	50.0	-1.0	-1.0	17.0	-1.0	62.0	-1.0	63.0	40.0	-1.0	12.0	-1.0	-1.0	15.0	-1.0	44.0	32.0	-1.0	9.0	
50.0	24.0	-1.0	46.0	-1.0	-1.0	-1.0	53.0	-1.0	49.0	63.0	-1.0	44.0	30.0	32.0	-1.0	36.0	33.0	58.0	14.0	29.0	-1.0	51.0	59.0	-1.0	-1.0	-1.0	51.0	31.0	-1.0	27.0	-1.0	-1.0	29.0	32.0	-1.0	62.0	38.0	-1.0	42.0	50.0	12.0	-1.0	-1.0	15.0	-1.0	44.0	32.0	-1.0	9.0	
51.0	-1.0	60.0	46.0	-1.0	38.0	53.0	14.0	43.0	-1.0	63.0	-1.0	42.0	58.0	-1.0	-1.0	-1.0	33.0	58.0	14.0	-1.0	30.0	-1.0	59.0	12.0	41.0	-1.0	-1.0	41.0	-1.0	40.0	62.0	-1.0	-1.0	32.0	-1.0	-1.0	38.0	-1.0	40.0	59.0	12.0	-1.0	-1.0	15.0	-1.0	44.0	32.0	-1.0	20.0	
50.0	48.0	30.0	46.0	-1.0	-1.0	17.0	-1.0	43.0	49.0	-1.0	11.0	42.0	41.0	32.0	-1.0	54.0	33.0	35.0	26.0	-1.0	-1.0	51.0	59.0	12.0	41.0	42.0	-1.0	-1.0	-1.0	27.0	50.0	43.0	29.0	17.0	-1.0	-1.0	-1.0	-1.0	40.0	-1.0	12.0	-1.0	-1.0	15.0	-1.0	44.0	32.0	50.0	9.0	

maxX :
47.0	44.0	43.0	44.0	44.0	

maxW :
65.0	63.0	63.0	63.0	59.0	

minX :
0.0	0.0	0.0	0.0	0.0	

minW :
9.0	9.0	9.0	12.0	9.0	

moyX :
18.90909090909091	20.214285714285715	22.333333333333332	23.379310344827587	20.59375	

moyW :
39.39393939393939	36.142857142857146	38.166666666666664	39.6551724137931	35.3125	

medX :
17.0	21.0	24.5	25.0	19.0	

medW :
41.0	40.5	37.0	41.0	40.5	

ecartTypeX :
13.32885599756621	13.88564814799064	12.747112962898262	12.97321854916411	14.604920778200066	

ecartTypeW :
16.180683197059377	16.26502445150831	14.737895221352185	15.937974305735139	14.076659538043819	

varX :
177.65840220385672	192.8112244897959	162.4888888888889	168.30439952437575	213.3037109375	

varW :
261.81450872359966	264.55102040816325	217.20555555555558	254.01902497027348	198.15234375	

covarX :
183.21022727272725	199.95238095238093	168.09195402298852	174.31527093596057	220.18447580645162	

covarW :
269.9962121212121	274.3492063492063	224.69540229885052	263.0911330049261	204.54435483870967	

coef_variationX :
0.7048914229482129	0.6869225232221517	0.5707662520700715	0.554901678356577	0.709191904252507	

coef_variationW :
0.4107404196176611	0.45002043936979513	0.386145726323638	0.4019141346663644	0.39863106656407277	

moy_distances_centre :	48.3
min_distances_centre :	12.0
max_distances_centre :	75.0
med_distances_centre :	51.5
ecartType_distances_centre :	21.419850606388458
var_distances_centre :	458.80999999999995
covar_distances_centre :	482.95789473684204
coef_variation_distances_centre :	0.4434751678341296
capacite_X_temoin : 
177.0	163.0	153.0	177.0	156.0	
156.0	171.0	163.0	168.0	175.0	
163.0	177.0	163.0	144.0	135.0	
166.0	154.0	162.0	172.0	157.0	
163.0	156.0	168.0	159.0	177.0	

capacite_W_temoin : 
169.1	83.9	169.9	135.1	111.8	
133.8	143.3	183.9	106.4	171.5	
127.9	153.1	196.9	56.199999999999996	113.5	
165.8	105.19999999999999	179.6	80.6	152.1	
135.9	143.8	180.4	87.69999999999999	124.1	

demande_cumulee_X : 
61.0	128.0	29.0	95.0	91.0	
69.0	79.0	28.0	112.0	56.0	
84.0	77.0	15.0	131.0	62.0	
50.0	95.0	31.0	143.0	52.0	
76.0	59.0	38.0	119.0	106.0	

demande_cumulee_W : 
164.0	78.0	75.0	68.0	19.0	
128.0	32.0	91.0	76.0	17.0	
125.0	31.0	145.0	53.0	15.0	
165.0	30.0	77.0	70.0	29.0	
133.0	87.0	78.0	83.0	17.0	

capacite_residuelle_X : 
116.0	35.0	124.0	82.0	65.0	
87.0	92.0	135.0	56.0	119.0	
79.0	100.0	148.0	13.0	73.0	
116.0	59.0	131.0	29.0	105.0	
87.0	97.0	130.0	40.0	71.0	

capacite_residuelle_W : 
5.099999999999994	5.900000000000006	94.9	67.1	92.8	
5.800000000000011	111.30000000000001	92.9	30.400000000000006	154.5	
2.9000000000000057	122.1	51.900000000000006	3.1999999999999957	98.5	
0.8000000000000114	75.19999999999999	102.6	10.599999999999994	123.1	
2.9000000000000057	56.80000000000001	102.4	4.699999999999989	107.1	

min_capacite_X : 
153.0	156.0	135.0	154.0	156.0	

min_capacite_W : 
83.9	106.4	56.199999999999996	80.6	87.69999999999999	

max_capacite_X : 
177.0	175.0	177.0	172.0	177.0	

max_capacite_W : 
169.9	183.9	196.9	179.6	180.4	

moy_capacite_X : 
165.2	166.6	156.4	162.2	164.6	

moy_capacite_W : 
133.95999999999998	147.78	129.52	136.66000000000003	134.38	

med_capacite_X : 
163.0	168.0	163.0	162.0	163.0	

med_capacite_W : 
135.1	143.3	127.9	152.1	135.9	

ecartType_capacite_X : 
10.166612021711067	6.590902821313632	14.987995196156156	6.3999999999999995	7.391887445030531	

ecartType_capacite_W : 
33.24115521458302	27.550346640287483	46.32746053907985	37.5867849117213	29.978619047581237	

var_capacite_X : 
103.35999999999999	43.44	224.64000000000001	40.959999999999994	54.64	

var_capacite_W : 
1104.9743999999998	759.0215999999998	2146.2336000000005	1412.7664000000004	898.7176000000005	

covar_capacite_X : 
129.2	54.3	280.8	51.199999999999996	68.3	

covar_capacite_W : 
1381.2179999999998	948.7769999999998	2682.7920000000004	1765.9580000000005	1123.3970000000006	

##########	##########	##########	##########	##########	##########	##########	##########	##########	##########	##########	##########	##########	##########	##########	##########	##########	##########	##########	##########	##########	##########	##########	##########	##########	##########	##########	##########	##########	##########	##########	##########	##########	##########	##########	##########	##########	##########	##########	##########	##########	##########	##########	##########	##########	##########	##########	##########	##########	##########	nombre de noeuds : 50
nombre de strates : 5
nombre de centres : 5
titre : intelligent
instances : p10_2
temps de calcul : 0.03982400894165039
valeur objective : 549.0
nombre de solutions : 3
nombre de noeuds : 1.0
faisability : True
centre : [6, 41, 9, 24, 39]
moy_distances :	52.92
min_distances :	1.0
max_distances :	123.0
var_distances :	630.1974177426073
covar_distances :	630.4547462104483
ecartType_distances :	25.103733143550727
coef_variation	: 0.47438601004010245
distances_centre_x :
-1.0	-1.0	29.0	14.0	47.0	-1.0	-1.0	9.0	-1.0	0.0	38.0	-1.0	-1.0	29.0	-1.0	28.0	28.0	18.0	33.0	9.0	-1.0	-1.0	-1.0	-1.0	0.0	18.0	42.0	-1.0	29.0	11.0	-1.0	-1.0	43.0	12.0	6.0	23.0	24.0	28.0	37.0	0.0	-1.0	0.0	17.0	42.0	14.0	30.0	5.0	-1.0	32.0	9.0	
42.0	18.0	-1.0	14.0	-1.0	-1.0	0.0	-1.0	40.0	0.0	38.0	11.0	2.0	29.0	-1.0	-1.0	-1.0	18.0	33.0	9.0	22.0	-1.0	-1.0	-1.0	0.0	-1.0	42.0	24.0	29.0	-1.0	-1.0	44.0	-1.0	-1.0	6.0	-1.0	24.0	-1.0	37.0	0.0	-1.0	0.0	-1.0	-1.0	14.0	-1.0	5.0	25.0	-1.0	9.0	
42.0	18.0	-1.0	14.0	-1.0	-1.0	-1.0	9.0	-1.0	0.0	38.0	-1.0	2.0	29.0	27.0	-1.0	28.0	18.0	33.0	9.0	22.0	-1.0	43.0	41.0	-1.0	-1.0	-1.0	41.0	29.0	-1.0	27.0	-1.0	-1.0	12.0	6.0	-1.0	24.0	23.0	-1.0	0.0	39.0	0.0	-1.0	-1.0	14.0	-1.0	5.0	25.0	-1.0	9.0	
42.0	-1.0	29.0	14.0	-1.0	32.0	0.0	9.0	40.0	-1.0	38.0	-1.0	2.0	29.0	-1.0	-1.0	-1.0	18.0	33.0	9.0	-1.0	22.0	-1.0	41.0	0.0	18.0	-1.0	-1.0	29.0	-1.0	27.0	44.0	-1.0	-1.0	6.0	-1.0	-1.0	28.0	-1.0	0.0	39.0	0.0	-1.0	-1.0	14.0	-1.0	5.0	25.0	-1.0	20.0	
42.0	18.0	29.0	14.0	-1.0	-1.0	0.0	-1.0	40.0	0.0	-1.0	7.0	2.0	30.0	27.0	-1.0	28.0	18.0	33.0	9.0	-1.0	-1.0	43.0	41.0	0.0	18.0	42.0	-1.0	-1.0	-1.0	27.0	44.0	43.0	12.0	6.0	-1.0	-1.0	-1.0	-1.0	0.0	-1.0	0.0	-1.0	-1.0	14.0	-1.0	5.0	25.0	32.0	9.0	

distances_centre_w :
-1.0	-1.0	60.0	46.0	65.0	-1.0	-1.0	35.0	-1.0	49.0	63.0	-1.0	-1.0	30.0	-1.0	55.0	40.0	33.0	35.0	55.0	-1.0	-1.0	-1.0	-1.0	12.0	58.0	52.0	-1.0	31.0	17.0	-1.0	-1.0	69.0	38.0	46.0	39.0	67.0	38.0	63.0	40.0	-1.0	12.0	65.0	48.0	15.0	67.0	62.0	-1.0	50.0	20.0	
50.0	24.0	-1.0	61.0	-1.0	-1.0	17.0	-1.0	43.0	49.0	63.0	19.0	42.0	58.0	-1.0	-1.0	-1.0	33.0	35.0	14.0	29.0	-1.0	-1.0	-1.0	12.0	-1.0	52.0	25.0	59.0	-1.0	-1.0	62.0	-1.0	-1.0	32.0	-1.0	60.0	-1.0	63.0	40.0	-1.0	12.0	-1.0	-1.0	15.0	-1.0	44.0	36.0	-1.0	20.0	
50.0	24.0	-1.0	46.0	-1.0	-1.0	-1.0	35.0	-1.0	49.0	63.0	-1.0	42.0	41.0	32.0	-1.0	40.0	33.0	46.0	14.0	29.0	-1.0	51.0	59.0	-1.0	-1.0	-1.0	52.0	41.0	-1.0	40.0	-1.0	-1.0	37.0	17.0	-1.0	35.0	28.0	-1.0	40.0	50.0	12.0	-1.0	-1.0	15.0	-1.0	44.0	36.0	-1.0	20.0	
50.0	-1.0	59.0	46.0	-1.0	38.0	17.0	14.0	52.0	-1.0	63.0	-1.0	42.0	41.0	-1.0	-1.0	-1.0	33.0	58.0	14.0	-1.0	30.0	-1.0	59.0	12.0	58.0	-1.0	-1.0	41.0	-1.0	42.0	50.0	-1.0	-1.0	17.0	-1.0	-1.0	38.0	-1.0	40.0	50.0	12.0	-1.0	-1.0	15.0	-1.0	61.0	32.0	-1.0	47.0	
50.0	59.0	59.0	61.0	-1.0	-1.0	17.0	-1.0	43.0	49.0	-1.0	11.0	42.0	58.0	32.0	-1.0	36.0	33.0	58.0	14.0	-1.0	-1.0	51.0	68.0	12.0	65.0	52.0	-1.0	-1.0	-1.0	42.0	50.0	69.0	29.0	17.0	-1.0	-1.0	-1.0	-1.0	40.0	-1.0	12.0	-1.0	-1.0	15.0	-1.0	44.0	32.0	50.0	20.0	

maxX :
47.0	44.0	43.0	44.0	44.0	

maxW :
69.0	63.0	63.0	63.0	69.0	

minX :
0.0	0.0	0.0	0.0	0.0	

minW :
12.0	12.0	12.0	12.0	11.0	

moyX :
21.333333333333332	19.107142857142858	20.9	21.137931034482758	20.5625	

moyW :
44.696969696969695	38.17857142857143	37.36666666666667	39.0	40.3125	

medX :
23.0	18.0	22.5	22.0	18.0	

medW :
46.0	38.0	40.0	41.0	42.5	

ecartTypeX :
13.785514282768128	14.729317910970929	13.607228471171736	14.27977624168128	15.225261697258277	

ecartTypeW :
16.885505436544282	17.24208632434969	12.967866268417312	16.267165999496424	17.87008236550688	

varX :
190.04040404040407	216.952806122449	185.1566666666667	203.91200951248513	231.80859375	

varW :
285.12029384756653	297.28954081632656	168.16555555555553	264.62068965517244	319.33984375	

covarX :
195.97916666666669	224.98809523809524	191.54137931034484	211.19458128078813	239.28629032258064	

covarW :
294.030303030303	308.30026455026456	173.9643678160919	274.07142857142856	329.64112903225805	

coef_variationX :
0.646195982004756	0.7708801897330579	0.6510635632139586	0.6755522202426707	0.7404382588332293	

coef_variationW :
0.37777740976675345	0.4516168541457355	0.34704370031446863	0.4171068204999083	0.4432888648807909	

moy_distances_centre :	44.0
min_distances_centre :	12.0
max_distances_centre :	75.0
med_distances_centre :	44.5
ecartType_distances_centre :	20.1544039852336
var_distances_centre :	406.2
covar_distances_centre :	427.57894736842104
coef_variation_distances_centre :	0.45805463602803637
capacite_X_temoin : 
177.0	163.0	153.0	177.0	177.0	
156.0	171.0	163.0	159.0	168.0	
163.0	177.0	163.0	157.0	144.0	
166.0	154.0	162.0	151.0	172.0	
163.0	156.0	168.0	153.0	159.0	

capacite_W_temoin : 
169.1	59.9	167.9	163.1	137.1	
133.8	129.3	184.9	164.7	105.4	
135.9	136.1	200.9	147.1	56.199999999999996	
147.8	94.19999999999999	181.6	155.3	96.6	
111.9	106.8	191.4	129.9	100.69999999999999	

demande_cumulee_X : 
61.0	152.0	31.0	67.0	93.0	
69.0	93.0	27.0	42.0	113.0	
76.0	94.0	11.0	57.0	131.0	
68.0	106.0	29.0	41.0	127.0	
100.0	96.0	27.0	69.0	106.0	

demande_cumulee_W : 
167.0	41.0	34.0	116.0	46.0	
131.0	43.0	86.0	14.0	70.0	
128.0	27.0	154.0	11.0	49.0	
143.0	19.0	103.0	17.0	89.0	
101.0	48.0	86.0	67.0	96.0	

capacite_residuelle_X : 
116.0	11.0	122.0	110.0	84.0	
87.0	78.0	136.0	117.0	55.0	
87.0	83.0	152.0	100.0	13.0	
98.0	48.0	133.0	110.0	45.0	
63.0	60.0	141.0	84.0	53.0	

capacite_residuelle_W : 
2.0999999999999943	18.9	133.9	47.099999999999994	91.1	
2.8000000000000114	86.30000000000001	98.9	150.7	35.400000000000006	
7.900000000000006	109.1	46.900000000000006	136.1	7.199999999999996	
4.800000000000011	75.19999999999999	78.6	138.3	7.599999999999994	
10.900000000000006	58.8	105.4	62.900000000000006	4.699999999999989	

min_capacite_X : 
153.0	156.0	144.0	151.0	153.0	

min_capacite_W : 
59.9	105.4	56.199999999999996	94.19999999999999	100.69999999999999	

max_capacite_X : 
177.0	171.0	177.0	172.0	168.0	

max_capacite_W : 
169.1	184.9	200.9	181.6	191.4	

moy_capacite_X : 
169.4	163.4	160.8	161.0	159.8	

moy_capacite_W : 
139.42000000000002	143.62	135.24	135.10000000000002	128.14000000000001	

med_capacite_X : 
177.0	163.0	163.0	162.0	159.0	

med_capacite_W : 
163.1	133.8	136.1	147.8	111.9	

ecartType_capacite_X : 
9.830564581955606	5.535341001239218	10.665833300778708	7.694153624668538	5.268775948927796	

ecartType_capacite_W : 
41.42841536916419	27.96665156932449	46.26098139901488	34.31221356893199	33.096863899771535	

var_capacite_X : 
96.64000000000001	30.639999999999997	113.76000000000003	59.2	27.759999999999998	

var_capacite_W : 
1716.3136	782.1335999999999	2140.078400000001	1177.3280000000002	1095.4024000000004	

covar_capacite_X : 
120.80000000000001	38.3	142.20000000000005	74.0	34.699999999999996	

covar_capacite_W : 
2145.392	977.6669999999998	2675.098000000001	1471.6600000000003	1369.2530000000004	

##########	##########	##########	##########	##########	##########	##########	##########	##########	##########	##########	##########	##########	##########	##########	##########	##########	##########	##########	##########	##########	##########	##########	##########	##########	##########	##########	##########	##########	##########	##########	##########	##########	##########	##########	##########	##########	##########	##########	##########	##########	##########	##########	##########	##########	##########	##########	##########	##########	##########	nombre de noeuds : 50
nombre de strates : 5
nombre de centres : 5
titre : intelligent
instances : p10_2
temps de calcul : 0.03713393211364746
valeur objective : 524.0
nombre de solutions : 3
nombre de noeuds : 1.0
faisability : True
centre : [6, 41, 9, 24, 33]
moy_distances :	52.92
min_distances :	1.0
max_distances :	123.0
var_distances :	630.1974177426073
covar_distances :	630.4547462104483
ecartType_distances :	25.103733143550727
coef_variation	: 0.47438601004010245
distances_centre_x :
-1.0	-1.0	29.0	14.0	47.0	-1.0	-1.0	9.0	-1.0	0.0	38.0	-1.0	-1.0	29.0	-1.0	28.0	26.0	6.0	32.0	9.0	-1.0	-1.0	-1.0	-1.0	0.0	18.0	42.0	-1.0	29.0	11.0	-1.0	-1.0	43.0	0.0	6.0	31.0	35.0	38.0	37.0	38.0	-1.0	0.0	17.0	42.0	14.0	44.0	5.0	-1.0	43.0	9.0	
42.0	18.0	-1.0	14.0	-1.0	-1.0	0.0	-1.0	40.0	0.0	38.0	11.0	40.0	29.0	-1.0	-1.0	-1.0	6.0	32.0	9.0	22.0	-1.0	-1.0	-1.0	0.0	-1.0	42.0	15.0	29.0	-1.0	-1.0	44.0	-1.0	-1.0	6.0	-1.0	24.0	-1.0	37.0	38.0	-1.0	0.0	-1.0	-1.0	14.0	-1.0	5.0	25.0	-1.0	9.0	
42.0	18.0	-1.0	14.0	-1.0	-1.0	-1.0	9.0	-1.0	0.0	38.0	-1.0	40.0	29.0	27.0	-1.0	26.0	6.0	32.0	9.0	22.0	-1.0	43.0	41.0	-1.0	-1.0	-1.0	15.0	29.0	-1.0	27.0	-1.0	-1.0	0.0	6.0	-1.0	24.0	28.0	-1.0	38.0	39.0	0.0	-1.0	-1.0	14.0	-1.0	5.0	25.0	-1.0	4.0	
42.0	-1.0	29.0	14.0	-1.0	32.0	0.0	9.0	40.0	-1.0	38.0	-1.0	40.0	29.0	-1.0	-1.0	-1.0	6.0	32.0	9.0	-1.0	22.0	-1.0	41.0	0.0	18.0	-1.0	-1.0	29.0	-1.0	27.0	44.0	-1.0	-1.0	6.0	-1.0	-1.0	28.0	-1.0	38.0	39.0	0.0	-1.0	-1.0	14.0	-1.0	5.0	25.0	-1.0	4.0	
42.0	18.0	29.0	14.0	-1.0	-1.0	0.0	-1.0	40.0	0.0	-1.0	7.0	40.0	29.0	27.0	-1.0	36.0	6.0	32.0	9.0	-1.0	-1.0	43.0	41.0	0.0	18.0	42.0	-1.0	-1.0	-1.0	27.0	44.0	43.0	0.0	6.0	-1.0	-1.0	-1.0	-1.0	38.0	-1.0	0.0	-1.0	-1.0	14.0	-1.0	5.0	25.0	43.0	4.0	

distances_centre_w :
-1.0	-1.0	48.0	61.0	62.0	-1.0	-1.0	19.0	-1.0	38.0	63.0	-1.0	-1.0	30.0	-1.0	44.0	54.0	18.0	33.0	26.0	-1.0	-1.0	-1.0	-1.0	26.0	58.0	51.0	-1.0	38.0	17.0	-1.0	-1.0	64.0	29.0	17.0	39.0	49.0	41.0	63.0	40.0	-1.0	12.0	54.0	48.0	15.0	53.0	44.0	-1.0	50.0	20.0	
50.0	37.0	-1.0	46.0	-1.0	-1.0	12.0	-1.0	43.0	38.0	58.0	19.0	42.0	30.0	-1.0	-1.0	-1.0	18.0	33.0	14.0	29.0	-1.0	-1.0	-1.0	37.0	-1.0	51.0	24.0	31.0	-1.0	-1.0	48.0	-1.0	-1.0	32.0	-1.0	35.0	-1.0	58.0	40.0	-1.0	12.0	-1.0	-1.0	15.0	-1.0	33.0	32.0	-1.0	20.0	
51.0	37.0	-1.0	37.0	-1.0	-1.0	-1.0	19.0	-1.0	38.0	58.0	-1.0	42.0	30.0	32.0	-1.0	54.0	18.0	58.0	14.0	29.0	-1.0	51.0	55.0	-1.0	-1.0	-1.0	51.0	31.0	-1.0	28.0	-1.0	-1.0	12.0	43.0	-1.0	35.0	38.0	-1.0	40.0	47.0	12.0	-1.0	-1.0	15.0	-1.0	33.0	32.0	-1.0	9.0	
51.0	-1.0	48.0	37.0	-1.0	38.0	12.0	14.0	52.0	-1.0	58.0	-1.0	42.0	30.0	-1.0	-1.0	-1.0	18.0	46.0	14.0	-1.0	30.0	-1.0	55.0	12.0	46.0	-1.0	-1.0	41.0	-1.0	28.0	44.0	-1.0	-1.0	43.0	-1.0	-1.0	46.0	-1.0	40.0	47.0	12.0	-1.0	-1.0	15.0	-1.0	33.0	32.0	-1.0	9.0	
51.0	37.0	48.0	37.0	-1.0	-1.0	12.0	-1.0	43.0	38.0	-1.0	11.0	42.0	58.0	32.0	-1.0	40.0	18.0	35.0	14.0	-1.0	-1.0	52.0	55.0	12.0	46.0	63.0	-1.0	-1.0	-1.0	40.0	50.0	64.0	12.0	17.0	-1.0	-1.0	-1.0	-1.0	40.0	-1.0	12.0	-1.0	-1.0	15.0	-1.0	33.0	36.0	50.0	20.0	

maxX :
47.0	44.0	43.0	44.0	44.0	

maxW :
64.0	58.0	58.0	58.0	64.0	

minX :
0.0	0.0	0.0	0.0	0.0	

minW :
12.0	12.0	9.0	9.0	11.0	

moyX :
23.303030303030305	21.035714285714285	21.666666666666668	22.75862068965517	22.5625	

moyW :
40.121212121212125	33.464285714285715	34.96666666666667	34.241379310344826	35.40625	

medX :
28.0	20.0	24.5	27.0	26.0	

medW :
41.0	33.0	36.0	38.0	37.5	

ecartTypeX :
15.384929360361852	14.931945961731902	13.83795103651147	14.566506627839164	16.215227218574523	

ecartTypeW :
15.92550379919062	13.108018655053268	14.332906970402837	14.79434927637225	16.224709887622026	

varX :
236.69605142332412	222.96301020408163	191.48888888888888	212.1831153388823	262.93359375	

varW :
253.6216712580349	171.8201530612245	205.43222222222224	218.87277051129612	263.2412109375	

covarX :
244.092803030303	231.22089947089947	198.0919540229885	219.76108374384233	271.4153225806452	

covarW :
261.5473484848485	178.18386243386243	212.51609195402298	226.68965517241384	271.7328629032258	

coef_variationX :
0.6602115330194293	0.7098378385882738	0.6386746632236062	0.6400434730414178	0.7186804307401451	

coef_variationW :
0.3969347623665336	0.39170173142101544	0.4099020105930268	0.4320605528849902	0.45824423336620024	

moy_distances_centre :	36.0
min_distances_centre :	12.0
max_distances_centre :	75.0
med_distances_centre :	33.0
ecartType_distances_centre :	20.489021450523204
var_distances_centre :	419.8
covar_distances_centre :	441.89473684210526
coef_variation_distances_centre :	0.5691394847367557
capacite_X_temoin : 
177.0	163.0	153.0	157.0	177.0	
156.0	171.0	163.0	148.0	168.0	
163.0	177.0	163.0	153.0	144.0	
166.0	154.0	162.0	172.0	172.0	
163.0	156.0	168.0	157.0	159.0	

capacite_W_temoin : 
196.1	80.9	173.9	89.1	131.1	
157.8	145.3	184.9	110.4	105.4	
174.9	148.1	196.9	94.9	56.199999999999996	
173.8	107.19999999999999	181.6	145.6	94.6	
157.9	118.8	193.4	88.1	87.69999999999999	

demande_cumulee_X : 
34.0	131.0	25.0	115.0	99.0	
45.0	77.0	27.0	82.0	113.0	
37.0	82.0	15.0	104.0	131.0	
42.0	93.0	29.0	78.0	129.0	
54.0	84.0	25.0	116.0	119.0	

demande_cumulee_W : 
177.0	39.0	40.0	88.0	60.0	
151.0	22.0	65.0	91.0	15.0	
142.0	0.0	111.0	94.0	22.0	
121.0	0.0	73.0	124.0	53.0	
155.0	36.0	82.0	79.0	46.0	

capacite_residuelle_X : 
143.0	32.0	128.0	42.0	78.0	
111.0	94.0	136.0	66.0	55.0	
126.0	95.0	148.0	49.0	13.0	
124.0	61.0	133.0	94.0	43.0	
109.0	72.0	143.0	41.0	40.0	

capacite_residuelle_W : 
19.099999999999994	41.900000000000006	133.9	1.0999999999999943	71.1	
6.800000000000011	123.30000000000001	119.9	19.400000000000006	90.4	
32.900000000000006	148.1	85.9	0.9000000000000057	34.199999999999996	
52.80000000000001	107.19999999999999	108.6	21.599999999999994	41.599999999999994	
2.9000000000000057	82.8	111.4	9.099999999999994	41.69999999999999	

min_capacite_X : 
153.0	148.0	144.0	154.0	156.0	

min_capacite_W : 
80.9	105.4	56.199999999999996	94.6	87.69999999999999	

max_capacite_X : 
177.0	171.0	177.0	172.0	168.0	

max_capacite_W : 
196.1	184.9	196.9	181.6	193.4	

moy_capacite_X : 
165.4	161.2	160.0	165.2	160.6	

moy_capacite_W : 
134.22	140.76	134.2	140.56	129.18	

med_capacite_X : 
163.0	163.0	163.0	166.0	159.0	

med_capacite_W : 
131.1	145.3	148.1	145.6	118.8	

ecartType_capacite_X : 
9.991996797437437	8.328265125462805	11.063453348751466	6.764613810115105	4.409081537009721	

ecartType_capacite_W : 
45.37005179631163	29.77036109959031	51.78702540212172	34.755695936062054	41.14595484370244	

var_capacite_X : 
99.84	69.35999999999999	122.4	45.76	19.44	

var_capacite_W : 
2058.4416	886.2744	2681.8960000000006	1207.9584000000002	1692.9896000000003	

covar_capacite_X : 
124.80000000000001	86.69999999999999	153.0	57.199999999999996	24.3	

covar_capacite_W : 
2573.052	1107.843	3352.370000000001	1509.9480000000003	2116.2370000000005	

##########	##########	##########	##########	##########	##########	##########	##########	##########	##########	##########	##########	##########	##########	##########	##########	##########	##########	##########	##########	##########	##########	##########	##########	##########	##########	##########	##########	##########	##########	##########	##########	##########	##########	##########	##########	##########	##########	##########	##########	##########	##########	##########	##########	##########	##########	##########	##########	##########	##########	nombre de noeuds : 50
nombre de strates : 5
nombre de centres : 5
titre : intelligent
instances : p10_2
temps de calcul : 0.041085004806518555
valeur objective : 517.0
nombre de solutions : 3
nombre de noeuds : 1.0
faisability : True
centre : [6, 41, 9, 33, 22]
moy_distances :	52.92
min_distances :	1.0
max_distances :	123.0
var_distances :	630.1974177426073
covar_distances :	630.4547462104483
ecartType_distances :	25.103733143550727
coef_variation	: 0.47438601004010245
distances_centre_x :
-1.0	-1.0	29.0	14.0	47.0	-1.0	-1.0	9.0	-1.0	0.0	38.0	-1.0	-1.0	26.0	-1.0	28.0	36.0	6.0	35.0	9.0	-1.0	-1.0	-1.0	-1.0	12.0	18.0	42.0	-1.0	25.0	11.0	-1.0	-1.0	43.0	38.0	17.0	31.0	24.0	41.0	37.0	38.0	-1.0	0.0	17.0	10.0	14.0	44.0	5.0	-1.0	43.0	4.0	
1.0	18.0	-1.0	14.0	-1.0	-1.0	0.0	-1.0	20.0	0.0	38.0	11.0	40.0	26.0	-1.0	-1.0	-1.0	6.0	32.0	9.0	22.0	-1.0	-1.0	-1.0	12.0	-1.0	42.0	15.0	25.0	-1.0	-1.0	42.0	-1.0	-1.0	17.0	-1.0	24.0	-1.0	37.0	38.0	-1.0	0.0	-1.0	-1.0	14.0	-1.0	5.0	20.0	-1.0	4.0	
1.0	18.0	-1.0	14.0	-1.0	-1.0	-1.0	9.0	-1.0	0.0	38.0	-1.0	40.0	26.0	23.0	-1.0	26.0	6.0	32.0	9.0	22.0	-1.0	0.0	41.0	-1.0	-1.0	-1.0	15.0	25.0	-1.0	27.0	-1.0	-1.0	0.0	17.0	-1.0	29.0	38.0	-1.0	38.0	39.0	0.0	-1.0	-1.0	14.0	-1.0	5.0	20.0	-1.0	4.0	
1.0	-1.0	29.0	14.0	-1.0	15.0	0.0	9.0	20.0	-1.0	38.0	-1.0	40.0	26.0	-1.0	-1.0	-1.0	6.0	32.0	9.0	-1.0	21.0	-1.0	41.0	12.0	18.0	-1.0	-1.0	25.0	-1.0	27.0	42.0	-1.0	-1.0	17.0	-1.0	-1.0	41.0	-1.0	38.0	39.0	0.0	-1.0	-1.0	14.0	-1.0	5.0	20.0	-1.0	4.0	
1.0	24.0	29.0	14.0	-1.0	-1.0	0.0	-1.0	20.0	0.0	-1.0	11.0	40.0	26.0	23.0	-1.0	26.0	6.0	32.0	9.0	-1.0	-1.0	0.0	41.0	12.0	18.0	42.0	-1.0	-1.0	-1.0	27.0	42.0	43.0	0.0	17.0	-1.0	-1.0	-1.0	-1.0	38.0	-1.0	0.0	-1.0	-1.0	14.0	-1.0	5.0	20.0	43.0	4.0	

distances_centre_w :
-1.0	-1.0	48.0	37.0	62.0	-1.0	-1.0	55.0	-1.0	38.0	63.0	-1.0	-1.0	29.0	-1.0	56.0	51.0	18.0	52.0	26.0	-1.0	-1.0	-1.0	-1.0	37.0	58.0	51.0	-1.0	31.0	28.0	-1.0	-1.0	64.0	62.0	43.0	39.0	29.0	46.0	58.0	40.0	-1.0	17.0	54.0	42.0	15.0	53.0	33.0	-1.0	50.0	44.0	
42.0	38.0	-1.0	46.0	-1.0	-1.0	12.0	-1.0	40.0	38.0	58.0	19.0	42.0	30.0	-1.0	-1.0	-1.0	18.0	33.0	26.0	23.0	-1.0	-1.0	-1.0	26.0	-1.0	51.0	24.0	29.0	-1.0	-1.0	44.0	-1.0	-1.0	43.0	-1.0	49.0	-1.0	58.0	40.0	-1.0	17.0	-1.0	-1.0	15.0	-1.0	33.0	25.0	-1.0	20.0	
42.0	38.0	-1.0	37.0	-1.0	-1.0	-1.0	14.0	-1.0	38.0	58.0	-1.0	42.0	37.0	27.0	-1.0	36.0	18.0	46.0	26.0	23.0	-1.0	43.0	55.0	-1.0	-1.0	-1.0	24.0	29.0	-1.0	40.0	-1.0	-1.0	12.0	32.0	-1.0	35.0	46.0	-1.0	40.0	47.0	17.0	-1.0	-1.0	15.0	-1.0	33.0	25.0	-1.0	20.0	
42.0	-1.0	48.0	46.0	-1.0	32.0	12.0	55.0	40.0	-1.0	58.0	-1.0	42.0	29.0	-1.0	-1.0	-1.0	18.0	35.0	26.0	-1.0	22.0	-1.0	55.0	26.0	46.0	-1.0	-1.0	31.0	-1.0	40.0	50.0	-1.0	-1.0	32.0	-1.0	-1.0	46.0	-1.0	40.0	47.0	17.0	-1.0	-1.0	15.0	-1.0	33.0	25.0	-1.0	20.0	
42.0	48.0	48.0	37.0	-1.0	-1.0	12.0	-1.0	40.0	38.0	-1.0	30.0	42.0	29.0	27.0	-1.0	36.0	18.0	33.0	26.0	-1.0	-1.0	43.0	55.0	26.0	46.0	63.0	-1.0	-1.0	-1.0	40.0	44.0	64.0	12.0	32.0	-1.0	-1.0	-1.0	-1.0	40.0	-1.0	17.0	-1.0	-1.0	15.0	-1.0	33.0	25.0	50.0	20.0	

maxX :
47.0	42.0	41.0	42.0	43.0	

maxW :
64.0	58.0	58.0	58.0	64.0	

minX :
0.0	0.0	0.0	0.0	0.0	

minW :
15.0	12.0	12.0	12.0	12.0	

moyX :
23.96969696969697	19.0	19.2	20.79310344827586	19.59375	

moyW :
43.303030303030305	33.535714285714285	33.166666666666664	35.44827586206897	35.34375	

medX :
25.0	17.5	19.0	20.0	19.0	

medW :
44.0	33.0	35.5	35.0	36.5	

ecartTypeX :
14.471465860464754	13.517184829478575	13.575468070506203	13.578327839624913	14.732742817869998	

ecartTypeW :
13.701326740634542	12.67867203179402	11.860532122220413	12.688811816053168	13.389850108851107	

varX :
209.4233241505969	182.71428571428572	184.29333333333338	184.37098692033297	217.0537109375	

varW :
187.72635445362718	160.7487244897959	140.67222222222225	161.00594530321047	179.2880859375	

covarX :
215.96780303030306	189.48148148148147	190.648275862069	190.95566502463058	224.0554435483871	

covarW :
193.59280303030303	166.70238095238093	145.52298850574712	166.75615763546796	185.07157258064515	

coef_variationX :
0.6037400422191364	0.7114307804988723	0.7070556286721981	0.6530207418725082	0.7519103192533332	

coef_variationW :
0.31640572599086064	0.37806476772122743	0.3576039835845351	0.35795286251511854	0.3788463337605972	

moy_distances_centre :	45.1
min_distances_centre :	12.0
max_distances_centre :	84.0
med_distances_centre :	46.0
ecartType_distances_centre :	21.111371343425322
var_distances_centre :	445.68999999999994
covar_distances_centre :	469.1473684210526
coef_variation_distances_centre :	0.46810136016464127
capacite_X_temoin : 
177.0	163.0	171.0	157.0	177.0	
156.0	171.0	138.0	148.0	168.0	
163.0	177.0	135.0	153.0	144.0	
166.0	154.0	162.0	172.0	172.0	
163.0	156.0	145.0	157.0	159.0	

capacite_W_temoin : 
177.1	57.9	178.3	125.1	156.1	
157.8	145.3	107.4	116.4	144.4	
174.9	154.1	91.5	88.9	125.19999999999999	
167.8	107.19999999999999	108.6	150.6	168.6	
176.9	118.8	101.5	87.1	131.7	

demande_cumulee_X : 
53.0	154.0	44.0	79.0	74.0	
45.0	77.0	72.0	76.0	74.0	
37.0	76.0	84.0	110.0	62.0	
48.0	93.0	102.0	73.0	55.0	
35.0	84.0	87.0	117.0	75.0	

demande_cumulee_W : 
174.0	17.0	41.0	118.0	54.0	
135.0	16.0	24.0	94.0	75.0	
151.0	2.0	24.0	81.0	111.0	
163.0	0.0	10.0	92.0	106.0	
174.0	44.0	0.0	82.0	98.0	

capacite_residuelle_X : 
124.0	9.0	127.0	78.0	103.0	
111.0	94.0	66.0	72.0	94.0	
126.0	101.0	51.0	43.0	82.0	
118.0	61.0	60.0	99.0	117.0	
128.0	72.0	58.0	40.0	84.0	

capacite_residuelle_W : 
3.0999999999999943	40.9	137.3	7.099999999999994	102.1	
22.80000000000001	129.3	83.4	22.400000000000006	69.4	
23.900000000000006	152.1	67.5	7.900000000000006	14.199999999999989	
4.800000000000011	107.19999999999999	98.6	58.599999999999994	62.599999999999994	
2.9000000000000057	74.8	101.5	5.099999999999994	33.69999999999999	

min_capacite_X : 
157.0	138.0	135.0	154.0	145.0	

min_capacite_W : 
57.9	107.4	88.9	107.19999999999999	87.1	

max_capacite_X : 
177.0	171.0	177.0	172.0	163.0	

max_capacite_W : 
178.3	157.8	174.9	168.6	176.9	

moy_capacite_X : 
169.0	156.2	154.4	165.2	156.0	

moy_capacite_W : 
138.9	134.26	126.91999999999999	140.56	123.2	

med_capacite_X : 
171.0	156.0	153.0	166.0	157.0	

med_capacite_W : 
156.1	144.4	125.19999999999999	150.6	118.8	

ecartType_capacite_X : 
7.899367063252599	12.302845199383759	14.63693957082559	6.764613810115105	6.0	

ecartType_capacite_W : 
44.852825997923475	19.074967889881233	33.89362181886143	27.434984964457342	30.820123296314055	

var_capacite_X : 
62.4	151.35999999999999	214.24	45.76	36.0	

var_capacite_W : 
2011.7759999999998	363.85440000000006	1148.7776	752.6784000000004	949.8800000000003	

covar_capacite_X : 
78.0	189.2	267.8	57.199999999999996	45.0	

covar_capacite_W : 
2514.72	454.8180000000001	1435.972	940.8480000000004	1187.3500000000004	

##########	##########	##########	##########	##########	##########	##########	##########	##########	##########	##########	##########	##########	##########	##########	##########	##########	##########	##########	##########	##########	##########	##########	##########	##########	##########	##########	##########	##########	##########	##########	##########	##########	##########	##########	##########	##########	##########	##########	##########	##########	##########	##########	##########	##########	##########	##########	##########	##########	##########	nombre de noeuds : 50
nombre de strates : 5
nombre de centres : 5
titre : intelligent
instances : p10_2
temps de calcul : 0.043093204498291016
valeur objective : 498.0
nombre de solutions : 4
nombre de noeuds : 1.0
faisability : True
centre : [6, 41, 9, 33, 13]
moy_distances :	52.92
min_distances :	1.0
max_distances :	123.0
var_distances :	630.1974177426073
covar_distances :	630.4547462104483
ecartType_distances :	25.103733143550727
coef_variation	: 0.47438601004010245
distances_centre_x :
-1.0	-1.0	29.0	14.0	47.0	-1.0	-1.0	9.0	-1.0	0.0	38.0	-1.0	-1.0	0.0	-1.0	28.0	26.0	6.0	27.0	9.0	-1.0	-1.0	-1.0	-1.0	12.0	18.0	42.0	-1.0	1.0	11.0	-1.0	-1.0	43.0	0.0	17.0	31.0	34.0	38.0	37.0	38.0	-1.0	0.0	17.0	19.0	14.0	44.0	5.0	-1.0	43.0	20.0	
26.0	12.0	-1.0	14.0	-1.0	-1.0	0.0	-1.0	13.0	0.0	38.0	11.0	40.0	0.0	-1.0	-1.0	-1.0	6.0	27.0	9.0	22.0	-1.0	-1.0	-1.0	12.0	-1.0	42.0	25.0	1.0	-1.0	-1.0	23.0	-1.0	-1.0	17.0	-1.0	24.0	-1.0	37.0	38.0	-1.0	0.0	-1.0	-1.0	14.0	-1.0	5.0	11.0	-1.0	20.0	
26.0	12.0	-1.0	14.0	-1.0	-1.0	-1.0	9.0	-1.0	0.0	38.0	-1.0	40.0	0.0	27.0	-1.0	26.0	6.0	27.0	9.0	22.0	-1.0	26.0	41.0	-1.0	-1.0	-1.0	25.0	1.0	-1.0	27.0	-1.0	-1.0	0.0	17.0	-1.0	24.0	41.0	-1.0	38.0	35.0	0.0	-1.0	-1.0	14.0	-1.0	5.0	11.0	-1.0	4.0	
26.0	-1.0	29.0	14.0	-1.0	12.0	0.0	9.0	13.0	-1.0	38.0	-1.0	40.0	0.0	-1.0	-1.0	-1.0	6.0	27.0	9.0	-1.0	22.0	-1.0	41.0	12.0	18.0	-1.0	-1.0	1.0	-1.0	27.0	23.0	-1.0	-1.0	17.0	-1.0	-1.0	38.0	-1.0	38.0	35.0	0.0	-1.0	-1.0	14.0	-1.0	5.0	11.0	-1.0	20.0	
26.0	12.0	29.0	14.0	-1.0	-1.0	0.0	-1.0	13.0	0.0	-1.0	11.0	40.0	0.0	27.0	-1.0	36.0	6.0	27.0	9.0	-1.0	-1.0	26.0	41.0	12.0	18.0	42.0	-1.0	-1.0	-1.0	27.0	23.0	43.0	0.0	17.0	-1.0	-1.0	-1.0	-1.0	38.0	-1.0	0.0	-1.0	-1.0	14.0	-1.0	5.0	11.0	43.0	4.0	

distances_centre_w :
-1.0	-1.0	48.0	37.0	48.0	-1.0	-1.0	36.0	-1.0	38.0	52.0	-1.0	-1.0	29.0	-1.0	44.0	36.0	18.0	32.0	38.0	-1.0	-1.0	-1.0	-1.0	41.0	58.0	63.0	-1.0	38.0	28.0	-1.0	-1.0	64.0	29.0	32.0	39.0	35.0	41.0	52.0	40.0	-1.0	17.0	54.0	42.0	15.0	53.0	44.0	-1.0	50.0	33.0	
42.0	18.0	-1.0	37.0	-1.0	-1.0	12.0	-1.0	40.0	38.0	52.0	19.0	42.0	29.0	-1.0	-1.0	-1.0	18.0	32.0	26.0	27.0	-1.0	-1.0	-1.0	26.0	-1.0	51.0	37.0	29.0	-1.0	-1.0	44.0	-1.0	-1.0	32.0	-1.0	49.0	-1.0	52.0	40.0	-1.0	17.0	-1.0	-1.0	15.0	-1.0	33.0	25.0	-1.0	32.0	
51.0	24.0	-1.0	37.0	-1.0	-1.0	-1.0	14.0	-1.0	38.0	52.0	-1.0	42.0	29.0	31.0	-1.0	36.0	18.0	35.0	26.0	27.0	-1.0	43.0	44.0	-1.0	-1.0	-1.0	41.0	29.0	-1.0	28.0	-1.0	-1.0	12.0	32.0	-1.0	34.0	46.0	-1.0	40.0	39.0	17.0	-1.0	-1.0	15.0	-1.0	33.0	25.0	-1.0	20.0	
51.0	-1.0	48.0	46.0	-1.0	32.0	12.0	36.0	40.0	-1.0	52.0	-1.0	42.0	29.0	-1.0	-1.0	-1.0	18.0	35.0	26.0	-1.0	23.0	-1.0	44.0	26.0	46.0	-1.0	-1.0	38.0	-1.0	28.0	50.0	-1.0	-1.0	32.0	-1.0	-1.0	41.0	-1.0	40.0	39.0	17.0	-1.0	-1.0	15.0	-1.0	44.0	25.0	-1.0	32.0	
42.0	48.0	48.0	46.0	-1.0	-1.0	12.0	-1.0	40.0	38.0	-1.0	19.0	42.0	29.0	42.0	-1.0	40.0	18.0	32.0	26.0	-1.0	-1.0	43.0	44.0	37.0	46.0	63.0	-1.0	-1.0	-1.0	62.0	44.0	64.0	12.0	43.0	-1.0	-1.0	-1.0	-1.0	40.0	-1.0	17.0	-1.0	-1.0	15.0	-1.0	33.0	25.0	50.0	20.0	

maxX :
47.0	42.0	41.0	41.0	43.0	

maxW :
64.0	52.0	52.0	52.0	64.0	

minX :
0.0	0.0	0.0	0.0	0.0	

minW :
15.0	12.0	12.0	12.0	12.0	

moyX :
21.727272727272727	17.392857142857142	18.833333333333332	18.79310344827586	19.1875	

moyW :
40.121212121212125	32.642857142857146	31.933333333333334	34.724137931034484	36.875	

medX :
19.0	14.0	19.5	17.0	15.5	

medW :
39.0	32.0	32.5	36.0	40.0	

ecartTypeX :
14.995499784072043	12.945874372374625	13.564864745199474	12.85295970301119	14.22242397589103	

ecartTypeW :
11.841779083570826	11.396159396024252	10.636206508379239	11.082438894171444	14.090666236910163	

varX :
224.86501377410468	167.5956632653061	184.00555555555556	165.1985731272295	202.27734375	

varW :
140.22773186409552	129.87244897959184	113.12888888888887	122.820451843044	198.546875	

covarX :
231.89204545454544	173.80291005291005	190.3505747126437	171.09852216748766	208.8024193548387	

covarW :
144.6098484848485	134.68253968253967	117.02988505747125	127.20689655172411	204.9516129032258	

coef_variationX :
0.6901694461288388	0.7443213191509025	0.7202583050548393	0.68391895667399	0.741233822847741	

coef_variationW :
0.29515008289866856	0.34911648040336873	0.33307536038765884	0.3191566315103991	0.3821197623568858	

moy_distances_centre :	36.4
min_distances_centre :	12.0
max_distances_centre :	65.0
med_distances_centre :	33.5
ecartType_distances_centre :	16.026228502052504
var_distances_centre :	256.84000000000003
covar_distances_centre :	270.3578947368421
coef_variation_distances_centre :	0.44028100280364024
capacite_X_temoin : 
177.0	163.0	163.0	157.0	177.0	
156.0	171.0	141.0	148.0	168.0	
163.0	177.0	142.0	153.0	144.0	
166.0	154.0	159.0	172.0	172.0	
163.0	156.0	139.0	157.0	159.0	

capacite_W_temoin : 
201.1	80.9	146.9	103.1	152.1	
166.8	145.3	84.3	132.4	146.4	
178.9	170.1	71.6	108.9	114.19999999999999	
171.8	131.2	84.69999999999999	163.6	147.6	
170.9	118.8	83.69999999999999	105.1	129.7	

demande_cumulee_X : 
29.0	131.0	65.0	101.0	78.0	
36.0	77.0	99.0	60.0	72.0	
33.0	60.0	113.0	90.0	73.0	
44.0	69.0	122.0	60.0	76.0	
41.0	84.0	97.0	99.0	77.0	

demande_cumulee_W : 
150.0	17.0	75.0	98.0	64.0	
134.0	0.0	44.0	79.0	87.0	
155.0	22.0	50.0	57.0	85.0	
165.0	24.0	45.0	56.0	81.0	
163.0	38.0	14.0	100.0	83.0	

capacite_residuelle_X : 
148.0	32.0	98.0	56.0	99.0	
120.0	94.0	42.0	88.0	96.0	
130.0	117.0	29.0	63.0	71.0	
122.0	85.0	37.0	112.0	96.0	
122.0	72.0	42.0	58.0	82.0	

capacite_residuelle_W : 
51.099999999999994	63.900000000000006	71.9	5.099999999999994	88.1	
32.80000000000001	145.3	40.3	53.400000000000006	59.400000000000006	
23.900000000000006	148.1	21.599999999999994	51.900000000000006	29.19999999999999	
6.800000000000011	107.19999999999999	39.69999999999999	107.6	66.6	
7.900000000000006	80.8	69.69999999999999	5.099999999999994	46.69999999999999	

min_capacite_X : 
157.0	141.0	142.0	154.0	139.0	

min_capacite_W : 
80.9	84.3	71.6	84.69999999999999	83.69999999999999	

max_capacite_X : 
177.0	171.0	177.0	172.0	163.0	

max_capacite_W : 
201.1	166.8	178.9	171.8	170.9	

moy_capacite_X : 
167.4	156.8	155.8	164.6	154.8	

moy_capacite_W : 
136.82	135.04000000000002	128.74	139.78	121.64000000000001	

med_capacite_X : 
163.0	156.0	153.0	166.0	157.0	

med_capacite_W : 
146.9	145.3	114.19999999999999	147.6	118.8	

ecartType_capacite_X : 
8.138795979750322	11.443775600735973	12.952219886953742	7.1442284397967	8.255906976220118	

ecartType_capacite_W : 
41.787768545353075	27.65694126254746	40.241003963619	30.858541767231976	29.026167504512202	

var_capacite_X : 
66.24000000000001	130.95999999999998	167.76	51.04	68.16000000000001	

var_capacite_W : 
1746.2176	764.9064000000002	1619.3384	952.2496000000003	842.5184000000002	

covar_capacite_X : 
82.80000000000001	163.7	209.7	63.8	85.20000000000002	

covar_capacite_W : 
2182.772	956.1330000000003	2024.173	1190.3120000000004	1053.1480000000001	

##########	##########	##########	##########	##########	##########	##########	##########	##########	##########	##########	##########	##########	##########	##########	##########	##########	##########	##########	##########	##########	##########	##########	##########	##########	##########	##########	##########	##########	##########	##########	##########	##########	##########	##########	##########	##########	##########	##########	##########	##########	##########	##########	##########	##########	##########	##########	##########	##########	##########	nombre de noeuds : 50
nombre de strates : 5
nombre de centres : 5
titre : intelligent
instances : p10_2
temps de calcul : 0.039942026138305664
valeur objective : 477.0
nombre de solutions : 3
nombre de noeuds : 1.0
faisability : True
centre : [6, 41, 9, 33, 46]
moy_distances :	52.92
min_distances :	1.0
max_distances :	123.0
var_distances :	630.1974177426073
covar_distances :	630.4547462104483
ecartType_distances :	25.103733143550727
coef_variation	: 0.47438601004010245
distances_centre_x :
-1.0	-1.0	27.0	14.0	47.0	-1.0	-1.0	9.0	-1.0	0.0	38.0	-1.0	-1.0	29.0	-1.0	26.0	26.0	6.0	32.0	9.0	-1.0	-1.0	-1.0	-1.0	12.0	18.0	40.0	-1.0	29.0	11.0	-1.0	-1.0	43.0	0.0	17.0	31.0	22.0	38.0	37.0	38.0	-1.0	0.0	17.0	42.0	14.0	44.0	0.0	-1.0	43.0	4.0	
42.0	18.0	-1.0	14.0	-1.0	-1.0	17.0	-1.0	40.0	0.0	38.0	11.0	40.0	29.0	-1.0	-1.0	-1.0	6.0	32.0	9.0	22.0	-1.0	-1.0	-1.0	12.0	-1.0	40.0	25.0	29.0	-1.0	-1.0	44.0	-1.0	-1.0	17.0	-1.0	22.0	-1.0	37.0	38.0	-1.0	0.0	-1.0	-1.0	14.0	-1.0	0.0	25.0	-1.0	4.0	
42.0	18.0	-1.0	14.0	-1.0	-1.0	-1.0	9.0	-1.0	0.0	38.0	-1.0	40.0	29.0	27.0	-1.0	26.0	6.0	32.0	9.0	22.0	-1.0	43.0	41.0	-1.0	-1.0	-1.0	24.0	29.0	-1.0	22.0	-1.0	-1.0	0.0	32.0	-1.0	22.0	38.0	-1.0	38.0	39.0	0.0	-1.0	-1.0	14.0	-1.0	0.0	25.0	-1.0	4.0	
42.0	-1.0	27.0	14.0	-1.0	32.0	0.0	9.0	40.0	-1.0	38.0	-1.0	40.0	29.0	-1.0	-1.0	-1.0	6.0	32.0	9.0	-1.0	22.0	-1.0	41.0	12.0	18.0	-1.0	-1.0	29.0	-1.0	22.0	44.0	-1.0	-1.0	17.0	-1.0	-1.0	38.0	-1.0	38.0	39.0	0.0	-1.0	-1.0	14.0	-1.0	0.0	25.0	-1.0	20.0	
42.0	24.0	27.0	14.0	-1.0	-1.0	0.0	-1.0	40.0	0.0	-1.0	19.0	40.0	29.0	27.0	-1.0	26.0	6.0	32.0	9.0	-1.0	-1.0	43.0	41.0	12.0	18.0	40.0	-1.0	-1.0	-1.0	22.0	44.0	43.0	0.0	17.0	-1.0	-1.0	-1.0	-1.0	38.0	-1.0	0.0	-1.0	-1.0	14.0	-1.0	0.0	25.0	43.0	4.0	

distances_centre_w :
-1.0	-1.0	29.0	16.0	49.0	-1.0	-1.0	14.0	-1.0	5.0	41.0	-1.0	-1.0	30.0	-1.0	28.0	35.0	18.0	33.0	38.0	-1.0	-1.0	-1.0	-1.0	26.0	46.0	42.0	-1.0	38.0	28.0	-1.0	-1.0	43.0	33.0	43.0	39.0	24.0	41.0	40.0	40.0	-1.0	17.0	22.0	48.0	15.0	48.0	5.0	-1.0	46.0	33.0	
51.0	24.0	-1.0	16.0	-1.0	-1.0	44.0	-1.0	43.0	38.0	41.0	30.0	42.0	37.0	-1.0	-1.0	-1.0	18.0	33.0	26.0	37.0	-1.0	-1.0	-1.0	26.0	-1.0	42.0	41.0	31.0	-1.0	-1.0	44.0	-1.0	-1.0	32.0	-1.0	29.0	-1.0	40.0	47.0	-1.0	17.0	-1.0	-1.0	15.0	-1.0	33.0	32.0	-1.0	20.0	
51.0	24.0	-1.0	16.0	-1.0	-1.0	-1.0	19.0	-1.0	5.0	41.0	-1.0	49.0	37.0	42.0	-1.0	35.0	33.0	33.0	26.0	37.0	-1.0	52.0	43.0	-1.0	-1.0	-1.0	41.0	31.0	-1.0	40.0	-1.0	-1.0	12.0	43.0	-1.0	24.0	46.0	-1.0	40.0	40.0	17.0	-1.0	-1.0	15.0	-1.0	5.0	42.0	-1.0	20.0	
51.0	-1.0	48.0	16.0	-1.0	38.0	12.0	14.0	43.0	-1.0	41.0	-1.0	42.0	37.0	-1.0	-1.0	-1.0	28.0	32.0	26.0	-1.0	35.0	-1.0	43.0	26.0	46.0	-1.0	-1.0	38.0	-1.0	27.0	44.0	-1.0	-1.0	43.0	-1.0	-1.0	41.0	-1.0	40.0	40.0	17.0	-1.0	-1.0	15.0	-1.0	5.0	32.0	-1.0	33.0	
51.0	48.0	29.0	16.0	-1.0	-1.0	12.0	-1.0	43.0	5.0	-1.0	30.0	42.0	37.0	42.0	-1.0	35.0	36.0	46.0	26.0	-1.0	-1.0	52.0	43.0	37.0	46.0	42.0	-1.0	-1.0	-1.0	27.0	48.0	43.0	38.0	32.0	-1.0	-1.0	-1.0	-1.0	40.0	-1.0	17.0	-1.0	-1.0	15.0	-1.0	5.0	32.0	46.0	33.0	

maxX :
47.0	44.0	43.0	44.0	44.0	

maxW :
49.0	51.0	52.0	51.0	52.0	

minX :
0.0	0.0	0.0	0.0	0.0	

minW :
5.0	15.0	5.0	5.0	5.0	

moyX :
23.12121212121212	22.321428571428573	22.766666666666666	24.03448275862069	23.09375	

moyW :
31.90909090909091	33.17857142857143	31.966666666666665	32.86206896551724	34.1875	

medX :
26.0	22.0	24.5	25.0	24.5	

medW :
33.0	33.0	36.0	37.0	37.0	

ecartTypeX :
14.844155212921603	13.91569918018744	14.04204005438273	13.747683839082056	15.240487555767368	

ecartTypeW :
12.248348401621056	9.874402591074169	13.176958003356548	11.935817259426193	12.807316024444779	

varX :
220.3489439853076	193.6466836734694	197.1788888888889	188.99881093935792	232.2724609375	

varW :
150.0220385674931	97.50382653061226	173.6322222222222	142.4637336504162	164.02734375	

covarX :
227.2348484848485	200.81878306878306	203.97816091954027	195.74876847290642	239.76512096774192	

covarW :
154.71022727272728	101.11507936507935	179.6195402298851	147.55172413793105	169.31854838709677	

coef_variationX :
0.6420145767056525	0.6234233232723972	0.6167806758879677	0.5719983232903582	0.6599399212240268	

coef_variationW :
0.3838513744097767	0.2976138563509975	0.4122093223156376	0.36320954934245503	0.3746198471501215	

moy_distances_centre :	35.3
min_distances_centre :	5.0
max_distances_centre :	65.0
med_distances_centre :	35.5
ecartType_distances_centre :	19.115700353374447
var_distances_centre :	365.40999999999997
covar_distances_centre :	384.6421052631579
coef_variation_distances_centre :	0.5415212564695311
capacite_X_temoin : 
177.0	163.0	157.0	177.0	148.0	
156.0	171.0	148.0	168.0	159.0	
163.0	177.0	153.0	144.0	138.0	
166.0	154.0	172.0	172.0	159.0	
163.0	156.0	157.0	159.0	141.0	

capacite_W_temoin : 
203.1	132.9	89.1	106.1	133.4	
172.8	179.3	112.4	61.4	172.7	
165.9	178.1	96.9	50.199999999999996	147.4	
171.8	135.2	145.6	67.6	178.7	
173.9	160.8	69.1	65.69999999999999	141.3	

demande_cumulee_X : 
27.0	79.0	115.0	124.0	59.0	
30.0	43.0	80.0	157.0	34.0	
46.0	52.0	102.0	137.0	32.0	
44.0	65.0	78.0	156.0	28.0	
38.0	42.0	135.0	141.0	42.0	

demande_cumulee_W : 
138.0	73.0	55.0	27.0	111.0	
169.0	28.0	51.0	39.0	57.0	
155.0	53.0	66.0	38.0	57.0	
170.0	24.0	67.0	26.0	84.0	
159.0	78.0	61.0	46.0	54.0	

capacite_residuelle_X : 
150.0	84.0	42.0	53.0	89.0	
126.0	128.0	68.0	11.0	125.0	
117.0	125.0	51.0	7.0	106.0	
122.0	89.0	94.0	16.0	131.0	
125.0	114.0	22.0	18.0	99.0	

capacite_residuelle_W : 
65.1	59.900000000000006	34.099999999999994	79.1	22.400000000000006	
3.8000000000000114	151.3	61.400000000000006	22.4	115.69999999999999	
10.900000000000006	125.1	30.900000000000006	12.199999999999996	90.4	
1.8000000000000114	111.19999999999999	78.6	41.599999999999994	94.69999999999999	
14.900000000000006	82.80000000000001	8.099999999999994	19.69999999999999	87.30000000000001	

min_capacite_X : 
148.0	148.0	138.0	154.0	141.0	

min_capacite_W : 
89.1	61.4	50.199999999999996	67.6	65.69999999999999	

max_capacite_X : 
177.0	171.0	177.0	172.0	163.0	

max_capacite_W : 
203.1	179.3	178.1	178.7	173.9	

moy_capacite_X : 
164.4	160.4	155.0	164.6	155.2	

moy_capacite_W : 
132.92000000000002	139.71999999999997	127.7	139.78000000000003	122.16000000000001	

med_capacite_X : 
163.0	159.0	153.0	166.0	157.0	

med_capacite_W : 
132.9	172.7	147.4	145.6	141.3	

ecartType_capacite_X : 
11.341957503006261	8.309031231136396	13.870832707519762	7.1442284397967	7.493997598078077	

ecartType_capacite_W : 
38.89721840954698	46.10628590550317	47.62852086722828	39.509107810731436	45.911898239998756	

var_capacite_X : 
128.64000000000001	69.04	192.4	51.04	56.15999999999999	

var_capacite_W : 
1512.9936000000002	2125.7896	2268.4759999999997	1560.9696	2107.902400000001	

covar_capacite_X : 
160.8	86.30000000000001	240.5	63.8	70.19999999999999	

covar_capacite_W : 
1891.2420000000002	2657.237	2835.595	1951.212	2634.878000000001	

##########	##########	##########	##########	##########	##########	##########	##########	##########	##########	##########	##########	##########	##########	##########	##########	##########	##########	##########	##########	##########	##########	##########	##########	##########	##########	##########	##########	##########	##########	##########	##########	##########	##########	##########	##########	##########	##########	##########	##########	##########	##########	##########	##########	##########	##########	##########	##########	##########	##########	