nombre de noeuds : 100
nombre de strates : 3
nombre de centres : 10
titre : intelligent
instances : p17_1
temps de calcul : 0.3391530513763428
valeur objective : 210.0
nombre de solutions : 5
nombre de noeuds : 1.0
faisability : True
centre : [50, 32, 33, 96, 19, 95, 13, 93, 5, 86]
moy_distances :	51.73
min_distances :	0.0
max_distances :	128.0
var_distances :	627.141431486583
covar_distances :	627.2047855053212
ecartType_distances :	25.042792006615056
coef_variation	: 0.48414075819775637
distances_centre_x :
-1.0	10.0	6.0	-1.0	13.0	0.0	22.0	-1.0	12.0	27.0	-1.0	-1.0	21.0	0.0	-1.0	-1.0	-1.0	26.0	-1.0	0.0	22.0	17.0	19.0	-1.0	24.0	11.0	15.0	18.0	-1.0	29.0	-1.0	-1.0	24.0	-1.0	-1.0	13.0	21.0	14.0	15.0	24.0	18.0	32.0	-1.0	-1.0	17.0	16.0	31.0	-1.0	22.0	12.0	0.0	26.0	-1.0	6.0	28.0	29.0	3.0	-1.0	-1.0	-1.0	6.0	20.0	-1.0	14.0	5.0	-1.0	19.0	12.0	20.0	-1.0	-1.0	13.0	12.0	-1.0	25.0	32.0	17.0	31.0	27.0	25.0	-1.0	-1.0	13.0	-1.0	17.0	25.0	-1.0	27.0	17.0	17.0	17.0	30.0	23.0	-1.0	16.0	0.0	-1.0	10.0	10.0	-1.0	
16.0	-1.0	-1.0	-1.0	-1.0	0.0	22.0	12.0	12.0	17.0	20.0	-1.0	-1.0	0.0	-1.0	-1.0	15.0	26.0	3.0	0.0	22.0	-1.0	19.0	19.0	24.0	-1.0	15.0	18.0	11.0	5.0	18.0	17.0	0.0	-1.0	-1.0	-1.0	16.0	-1.0	15.0	20.0	18.0	-1.0	5.0	9.0	-1.0	-1.0	23.0	20.0	-1.0	12.0	0.0	26.0	23.0	-1.0	24.0	-1.0	3.0	20.0	27.0	-1.0	-1.0	20.0	11.0	14.0	-1.0	-1.0	19.0	-1.0	20.0	15.0	-1.0	13.0	12.0	21.0	25.0	-1.0	17.0	24.0	15.0	19.0	7.0	17.0	-1.0	-1.0	17.0	-1.0	-1.0	27.0	17.0	17.0	-1.0	-1.0	23.0	0.0	16.0	-1.0	0.0	-1.0	-1.0	14.0	
16.0	10.0	-1.0	6.0	-1.0	10.0	22.0	12.0	18.0	17.0	20.0	0.0	-1.0	0.0	15.0	9.0	-1.0	26.0	21.0	0.0	22.0	-1.0	19.0	19.0	29.0	11.0	15.0	-1.0	-1.0	29.0	18.0	17.0	24.0	0.0	10.0	13.0	-1.0	-1.0	15.0	-1.0	18.0	32.0	-1.0	-1.0	-1.0	-1.0	31.0	20.0	22.0	12.0	-1.0	26.0	-1.0	6.0	32.0	26.0	3.0	21.0	27.0	26.0	-1.0	20.0	11.0	14.0	5.0	26.0	19.0	12.0	20.0	19.0	25.0	13.0	12.0	21.0	25.0	32.0	17.0	31.0	15.0	-1.0	7.0	17.0	-1.0	8.0	17.0	-1.0	0.0	-1.0	-1.0	17.0	17.0	29.0	-1.0	0.0	16.0	-1.0	-1.0	-1.0	-1.0	14.0	

distances_centre_w :
-1.0	32.0	32.0	-1.0	32.0	38.0	35.0	-1.0	18.0	37.0	-1.0	-1.0	22.0	15.0	-1.0	-1.0	-1.0	38.0	-1.0	19.0	28.0	18.0	38.0	-1.0	35.0	16.0	32.0	25.0	-1.0	31.0	-1.0	-1.0	33.0	-1.0	-1.0	28.0	26.0	22.0	31.0	28.0	24.0	32.0	-1.0	-1.0	20.0	34.0	38.0	-1.0	30.0	37.0	19.0	27.0	-1.0	23.0	36.0	35.0	13.0	-1.0	-1.0	-1.0	31.0	33.0	-1.0	31.0	14.0	-1.0	27.0	37.0	25.0	-1.0	-1.0	41.0	39.0	-1.0	26.0	36.0	27.0	36.0	34.0	35.0	-1.0	-1.0	14.0	-1.0	36.0	33.0	-1.0	35.0	23.0	32.0	29.0	36.0	39.0	-1.0	33.0	15.0	-1.0	39.0	31.0	-1.0	
21.0	-1.0	-1.0	-1.0	-1.0	38.0	35.0	14.0	18.0	27.0	36.0	-1.0	-1.0	15.0	-1.0	-1.0	24.0	28.0	21.0	19.0	28.0	-1.0	38.0	33.0	29.0	-1.0	32.0	25.0	31.0	29.0	27.0	18.0	24.0	-1.0	-1.0	-1.0	21.0	-1.0	31.0	24.0	24.0	-1.0	15.0	10.0	-1.0	-1.0	31.0	26.0	-1.0	22.0	19.0	27.0	28.0	-1.0	28.0	-1.0	13.0	21.0	35.0	-1.0	-1.0	25.0	15.0	31.0	-1.0	-1.0	27.0	-1.0	24.0	19.0	-1.0	18.0	22.0	33.0	26.0	-1.0	27.0	31.0	27.0	25.0	14.0	34.0	-1.0	-1.0	36.0	-1.0	-1.0	27.0	23.0	30.0	-1.0	-1.0	32.0	28.0	33.0	-1.0	19.0	-1.0	-1.0	25.0	
21.0	29.0	-1.0	22.0	-1.0	38.0	35.0	14.0	20.0	37.0	36.0	38.0	-1.0	15.0	21.0	20.0	-1.0	38.0	32.0	19.0	28.0	-1.0	38.0	33.0	35.0	16.0	32.0	-1.0	-1.0	31.0	27.0	18.0	33.0	10.0	36.0	38.0	-1.0	-1.0	31.0	-1.0	24.0	32.0	-1.0	-1.0	-1.0	-1.0	38.0	26.0	30.0	37.0	-1.0	27.0	-1.0	23.0	36.0	29.0	13.0	33.0	30.0	32.0	-1.0	33.0	37.0	31.0	14.0	39.0	34.0	37.0	24.0	35.0	33.0	37.0	39.0	33.0	26.0	36.0	27.0	36.0	34.0	-1.0	13.0	34.0	-1.0	26.0	36.0	-1.0	40.0	-1.0	-1.0	32.0	29.0	36.0	-1.0	36.0	33.0	-1.0	-1.0	-1.0	-1.0	25.0	

maxX :
32.0	27.0	32.0	

maxW :
41.0	38.0	40.0	

minX :
0.0	0.0	0.0	

minW :
13.0	10.0	10.0	

moyX :
17.318181818181817	15.1875	16.767123287671232	

moyW :
29.454545454545453	25.5625	29.80821917808219	

medX :
17.0	17.0	17.0	

medW :
31.5	26.5	32.0	

ecartTypeX :
8.623714820208022	7.6093589578886345	8.523168341282556	

ecartTypeW :
7.3961124476878375	6.538049690083428	7.598950061301414	

varX :
74.36845730027548	57.90234375	72.64439857384124	

varW :
54.70247933884298	42.74609375	57.74404203415276	

covarX :
75.51258741258744	58.82142857142857	73.65334855403347	

covarW :
55.54405594405595	43.42460317460317	58.546042617960424	

coef_variationX :
0.4979572862062375	0.501027750313655	0.5083262164327015	

coef_variationW :
0.25110258310051303	0.2557672250399385	0.25492801216682137	

moy_distances_centre :	57.6
min_distances_centre :	10.0
max_distances_centre :	102.0
med_distances_centre :	56.0
ecartType_distances_centre :	23.08765904114144
var_distances_centre :	533.04
covar_distances_centre :	539.0292134831462
coef_variation_distances_centre :	0.4008274139087055
capacite_X_temoin : 
157.0	172.0	153.0	157.0	169.0	171.0	174.0	162.0	145.0	178.0	
171.0	160.0	175.0	166.0	175.0	178.0	157.0	162.0	178.0	175.0	
157.0	154.0	162.0	174.0	153.0	175.0	154.0	162.0	162.0	142.0	

capacite_W_temoin : 
48.1	197.6	163.9	99.1	101.69999999999999	166.3	142.2	104.6	137.5	148.4	
63.3	164.0	203.5	127.8	158.5	198.4	159.1	103.6	173.4	145.5	
49.1	162.2	162.6	132.2	75.9	181.5	115.19999999999999	107.6	158.6	78.6	

demande_cumulee_X : 
156.0	26.0	35.0	105.0	118.0	56.0	84.0	106.0	51.0	83.0	
159.0	44.0	24.0	88.0	69.0	33.0	45.0	107.0	58.0	82.0	
155.0	38.0	48.0	94.0	123.0	46.0	85.0	103.0	52.0	106.0	

demande_cumulee_W : 
39.0	68.0	104.0	98.0	97.0	0.0	101.0	104.0	135.0	74.0	
30.0	28.0	89.0	125.0	158.0	0.0	67.0	90.0	98.0	24.0	
49.0	73.0	112.0	131.0	75.0	27.0	57.0	105.0	157.0	64.0	

capacite_residuelle_X : 
1.0	146.0	118.0	52.0	51.0	115.0	90.0	56.0	94.0	95.0	
12.0	116.0	151.0	78.0	106.0	145.0	112.0	55.0	120.0	93.0	
2.0	116.0	114.0	80.0	30.0	129.0	69.0	59.0	110.0	36.0	

capacite_residuelle_W : 
9.100000000000001	129.6	59.900000000000006	1.0999999999999943	4.699999999999989	166.3	41.19999999999999	0.5999999999999943	2.5	74.4	
33.3	136.0	114.5	2.799999999999997	0.5	198.4	92.1	13.599999999999994	75.4	121.5	
0.10000000000000142	89.19999999999999	50.599999999999994	1.1999999999999886	0.9000000000000057	154.5	58.19999999999999	2.5999999999999943	1.5999999999999943	14.599999999999994	

min_capacite_X : 
145.0	157.0	142.0	

min_capacite_W : 
48.1	63.3	49.1	

max_capacite_X : 
178.0	178.0	175.0	

max_capacite_W : 
197.6	203.5	181.5	

moy_capacite_X : 
163.8	169.7	159.5	

moy_capacite_W : 
130.94	149.70999999999998	122.34999999999998	

med_capacite_X : 
165.5	173.0	159.5	

med_capacite_W : 
139.85	158.8	123.69999999999999	

ecartType_capacite_X : 
10.087616170334792	7.430343195303969	9.404786015641186	

ecartType_capacite_W : 
40.841087154971774	40.355332980908486	42.21824842411158	

var_capacite_X : 
101.75999999999999	55.21	88.45	

var_capacite_W : 
1667.9944000000003	1628.5529000000001	1782.3804999999998	

covar_capacite_X : 
113.06666666666666	61.34444444444444	98.27777777777777	

covar_capacite_W : 
1853.3271111111114	1809.5032222222223	1980.4227777777774	

##########	##########	##########	##########	##########	##########	##########	##########	##########	##########	##########	##########	##########	##########	##########	##########	##########	##########	##########	##########	##########	##########	##########	##########	##########	##########	##########	##########	##########	##########	##########	##########	##########	##########	##########	##########	##########	##########	##########	##########	##########	##########	##########	##########	##########	##########	##########	##########	##########	##########	##########	##########	##########	##########	##########	##########	##########	##########	##########	##########	##########	##########	##########	##########	##########	##########	##########	##########	##########	##########	##########	##########	##########	##########	##########	##########	##########	##########	##########	##########	##########	##########	##########	##########	##########	##########	##########	##########	##########	##########	##########	##########	##########	##########	##########	##########	##########	##########	##########	##########	nombre de noeuds : 100
nombre de strates : 3
nombre de centres : 10
titre : intelligent
instances : p17_1
temps de calcul : 0.13261198997497559
valeur objective : 205.0
nombre de solutions : 3
nombre de noeuds : 1.0
faisability : True
centre : [32, 33, 96, 19, 95, 13, 93, 5, 86, 41]
moy_distances :	51.73
min_distances :	0.0
max_distances :	128.0
var_distances :	627.141431486583
covar_distances :	627.2047855053212
ecartType_distances :	25.042792006615056
coef_variation	: 0.48414075819775637
distances_centre_x :
-1.0	10.0	6.0	-1.0	32.0	10.0	22.0	-1.0	12.0	17.0	-1.0	-1.0	21.0	0.0	-1.0	-1.0	-1.0	26.0	-1.0	0.0	22.0	17.0	19.0	-1.0	24.0	11.0	15.0	18.0	-1.0	5.0	-1.0	-1.0	0.0	-1.0	-1.0	13.0	16.0	14.0	15.0	27.0	18.0	32.0	-1.0	-1.0	17.0	8.0	31.0	-1.0	22.0	12.0	19.0	22.0	-1.0	23.0	8.0	10.0	3.0	-1.0	-1.0	-1.0	6.0	12.0	-1.0	14.0	5.0	-1.0	19.0	12.0	24.0	-1.0	-1.0	13.0	12.0	-1.0	25.0	32.0	17.0	24.0	15.0	19.0	-1.0	-1.0	14.0	-1.0	17.0	25.0	-1.0	27.0	17.0	16.0	15.0	8.0	16.0	-1.0	16.0	0.0	-1.0	10.0	10.0	-1.0	
16.0	-1.0	-1.0	-1.0	-1.0	0.0	2.0	12.0	12.0	17.0	12.0	-1.0	-1.0	0.0	-1.0	-1.0	15.0	26.0	3.0	0.0	22.0	-1.0	19.0	15.0	24.0	-1.0	15.0	18.0	11.0	5.0	18.0	17.0	0.0	-1.0	-1.0	-1.0	16.0	-1.0	15.0	20.0	18.0	-1.0	15.0	9.0	-1.0	-1.0	23.0	20.0	-1.0	12.0	19.0	22.0	10.0	-1.0	8.0	-1.0	3.0	20.0	27.0	-1.0	-1.0	12.0	11.0	14.0	-1.0	-1.0	14.0	-1.0	24.0	15.0	-1.0	19.0	12.0	21.0	25.0	-1.0	17.0	24.0	15.0	19.0	7.0	16.0	-1.0	-1.0	17.0	-1.0	-1.0	27.0	17.0	16.0	-1.0	-1.0	16.0	0.0	16.0	-1.0	0.0	-1.0	-1.0	14.0	
16.0	10.0	-1.0	22.0	-1.0	0.0	2.0	12.0	12.0	17.0	12.0	0.0	-1.0	0.0	15.0	9.0	-1.0	28.0	3.0	0.0	22.0	-1.0	19.0	15.0	24.0	11.0	15.0	-1.0	-1.0	5.0	18.0	17.0	0.0	0.0	10.0	13.0	-1.0	-1.0	15.0	-1.0	18.0	0.0	-1.0	-1.0	-1.0	-1.0	23.0	20.0	22.0	12.0	-1.0	27.0	-1.0	23.0	8.0	10.0	13.0	20.0	27.0	26.0	-1.0	20.0	11.0	14.0	5.0	26.0	14.0	21.0	24.0	15.0	16.0	19.0	12.0	21.0	25.0	32.0	17.0	24.0	15.0	-1.0	7.0	17.0	-1.0	8.0	17.0	-1.0	0.0	-1.0	-1.0	17.0	15.0	8.0	-1.0	0.0	16.0	-1.0	-1.0	-1.0	-1.0	14.0	

distances_centre_w :
-1.0	38.0	32.0	-1.0	35.0	36.0	35.0	-1.0	18.0	27.0	-1.0	-1.0	22.0	15.0	-1.0	-1.0	-1.0	38.0	-1.0	19.0	28.0	18.0	38.0	-1.0	29.0	16.0	32.0	25.0	-1.0	27.0	-1.0	-1.0	24.0	-1.0	-1.0	15.0	21.0	18.0	31.0	28.0	24.0	32.0	-1.0	-1.0	20.0	16.0	38.0	-1.0	30.0	37.0	25.0	26.0	-1.0	31.0	24.0	26.0	37.0	-1.0	-1.0	-1.0	31.0	20.0	-1.0	31.0	14.0	-1.0	27.0	17.0	25.0	-1.0	-1.0	18.0	22.0	-1.0	26.0	36.0	27.0	36.0	27.0	25.0	-1.0	-1.0	27.0	-1.0	36.0	26.0	-1.0	27.0	23.0	32.0	17.0	30.0	23.0	-1.0	17.0	15.0	-1.0	26.0	31.0	-1.0	
21.0	-1.0	-1.0	-1.0	-1.0	10.0	22.0	14.0	18.0	27.0	20.0	-1.0	-1.0	15.0	-1.0	-1.0	24.0	28.0	21.0	19.0	28.0	-1.0	38.0	19.0	35.0	-1.0	32.0	25.0	22.0	27.0	27.0	18.0	24.0	-1.0	-1.0	-1.0	34.0	-1.0	31.0	21.0	24.0	-1.0	24.0	10.0	-1.0	-1.0	31.0	26.0	-1.0	22.0	25.0	26.0	23.0	-1.0	24.0	-1.0	13.0	33.0	30.0	-1.0	-1.0	20.0	25.0	31.0	-1.0	-1.0	19.0	-1.0	25.0	17.0	-1.0	35.0	22.0	33.0	26.0	-1.0	27.0	31.0	27.0	25.0	14.0	17.0	-1.0	-1.0	19.0	-1.0	-1.0	27.0	23.0	17.0	-1.0	-1.0	23.0	28.0	17.0	-1.0	19.0	-1.0	-1.0	18.0	
21.0	29.0	-1.0	24.0	-1.0	38.0	22.0	14.0	20.0	37.0	20.0	36.0	-1.0	15.0	21.0	20.0	-1.0	38.0	21.0	19.0	28.0	-1.0	38.0	19.0	35.0	16.0	32.0	-1.0	-1.0	29.0	27.0	18.0	24.0	33.0	25.0	28.0	-1.0	-1.0	31.0	-1.0	24.0	32.0	-1.0	-1.0	-1.0	-1.0	31.0	26.0	30.0	37.0	-1.0	31.0	-1.0	31.0	28.0	26.0	37.0	33.0	30.0	32.0	-1.0	33.0	25.0	31.0	14.0	36.0	19.0	33.0	25.0	17.0	19.0	35.0	22.0	33.0	26.0	36.0	27.0	31.0	27.0	-1.0	14.0	34.0	-1.0	22.0	19.0	-1.0	24.0	-1.0	-1.0	32.0	17.0	38.0	-1.0	38.0	17.0	-1.0	-1.0	-1.0	-1.0	18.0	

maxX :
32.0	27.0	32.0	

maxW :
38.0	38.0	38.0	

minX :
0.0	0.0	0.0	

minW :
14.0	10.0	14.0	

moyX :
15.712121212121213	14.4375	14.26027397260274	

moyW :
26.40909090909091	23.6875	26.958904109589042	

medX :
16.0	15.5	15.0	

medW :
26.5	24.0	27.0	

ecartTypeX :
7.879326904638245	7.171721812089479	8.056355267669842	

ecartTypeW :
6.866645938613771	6.136150564482589	7.085463328523133	

varX :
62.083792470156105	51.43359375	64.90486019891162	

varW :
47.15082644628099	37.65234375	50.20379057984612	

covarX :
63.03892773892774	52.25	65.80631659056318	

covarW :
47.876223776223775	38.25	50.901065449010645	

coef_variationX :
0.5014807866018555	0.496742636335202	0.5649509457635912	

coef_variationW :
0.2600106895860636	0.25904593412063703	0.26282460517387635	

moy_distances_centre :	52.82222222222222
min_distances_centre :	10.0
max_distances_centre :	102.0
med_distances_centre :	52.0
ecartType_distances_centre :	20.674502696035887
var_distances_centre :	427.4350617283951
covar_distances_centre :	432.23770287141076
coef_variation_distances_centre :	0.39139782133850015
capacite_X_temoin : 
157.0	172.0	153.0	157.0	169.0	150.0	174.0	162.0	145.0	178.0	
171.0	160.0	175.0	166.0	175.0	177.0	157.0	162.0	178.0	175.0	
157.0	154.0	162.0	174.0	153.0	153.0	154.0	162.0	162.0	142.0	

capacite_W_temoin : 
54.1	164.6	163.9	165.1	111.69999999999999	119.0	144.2	60.6	151.5	147.4	
63.3	152.0	203.5	155.8	182.5	117.1	171.1	103.6	175.4	171.5	
53.1	136.2	174.6	130.2	82.9	101.9	161.2	88.6	168.6	97.6	

demande_cumulee_X : 
150.0	59.0	35.0	39.0	108.0	76.0	82.0	150.0	37.0	84.0	
159.0	56.0	24.0	60.0	45.0	113.0	33.0	107.0	56.0	56.0	
151.0	64.0	36.0	96.0	116.0	97.0	39.0	122.0	42.0	87.0	

demande_cumulee_W : 
54.0	3.0	74.0	159.0	109.0	96.0	77.0	59.0	150.0	39.0	
28.0	16.0	58.0	146.0	176.0	45.0	80.0	31.0	79.0	50.0	
48.0	15.0	108.0	125.0	79.0	98.0	107.0	82.0	133.0	55.0	

capacite_residuelle_X : 
7.0	113.0	118.0	118.0	61.0	74.0	92.0	12.0	108.0	94.0	
12.0	104.0	151.0	106.0	130.0	64.0	124.0	55.0	122.0	119.0	
6.0	90.0	126.0	78.0	37.0	56.0	115.0	40.0	120.0	55.0	

capacite_residuelle_W : 
0.10000000000000142	161.6	89.9	6.099999999999994	2.6999999999999886	23.0	67.19999999999999	1.6000000000000014	1.5	108.4	
35.3	136.0	145.5	9.800000000000011	6.5	72.1	91.1	72.6	96.4	121.5	
5.100000000000001	121.19999999999999	66.6	5.199999999999989	3.9000000000000057	3.9000000000000057	54.19999999999999	6.599999999999994	35.599999999999994	42.599999999999994	

min_capacite_X : 
145.0	157.0	142.0	

min_capacite_W : 
54.1	63.3	53.1	

max_capacite_X : 
178.0	178.0	174.0	

max_capacite_W : 
165.1	203.5	174.6	

moy_capacite_X : 
161.7	169.6	157.3	

moy_capacite_W : 
128.21	149.58	119.48999999999998	

med_capacite_X : 
159.5	173.0	155.5	

med_capacite_W : 
145.8	163.45	116.05	

ecartType_capacite_X : 
10.545615202537972	7.323933369440222	7.988116173416609	

ecartType_capacite_W : 
39.428478286639475	40.32276776214649	38.82240203799863	

var_capacite_X : 
111.21	53.64	63.81	

var_capacite_W : 
1554.6049000000003	1625.9256	1507.1789	

covar_capacite_X : 
123.56666666666668	59.599999999999994	70.9	

covar_capacite_W : 
1727.3387777777782	1806.5840000000003	1674.6432222222218	

##########	##########	##########	##########	##########	##########	##########	##########	##########	##########	##########	##########	##########	##########	##########	##########	##########	##########	##########	##########	##########	##########	##########	##########	##########	##########	##########	##########	##########	##########	##########	##########	##########	##########	##########	##########	##########	##########	##########	##########	##########	##########	##########	##########	##########	##########	##########	##########	##########	##########	##########	##########	##########	##########	##########	##########	##########	##########	##########	##########	##########	##########	##########	##########	##########	##########	##########	##########	##########	##########	##########	##########	##########	##########	##########	##########	##########	##########	##########	##########	##########	##########	##########	##########	##########	##########	##########	##########	##########	##########	##########	##########	##########	##########	##########	##########	##########	##########	##########	##########	nombre de noeuds : 100
nombre de strates : 3
nombre de centres : 10
titre : intelligent
instances : p17_1
temps de calcul : 0.12941384315490723
valeur objective : 214.0
nombre de solutions : 3
nombre de noeuds : 1.0
faisability : True
centre : [32, 33, 96, 19, 95, 13, 93, 5, 41, 44]
moy_distances :	51.73
min_distances :	0.0
max_distances :	128.0
var_distances :	627.141431486583
covar_distances :	627.2047855053212
ecartType_distances :	25.042792006615056
coef_variation	: 0.48414075819775637
distances_centre_x :
-1.0	22.0	6.0	-1.0	13.0	31.0	2.0	-1.0	12.0	17.0	-1.0	-1.0	21.0	0.0	-1.0	-1.0	-1.0	26.0	-1.0	0.0	22.0	17.0	19.0	-1.0	24.0	11.0	32.0	25.0	-1.0	27.0	-1.0	-1.0	0.0	-1.0	-1.0	15.0	16.0	14.0	15.0	20.0	18.0	0.0	-1.0	-1.0	0.0	8.0	22.0	-1.0	22.0	12.0	19.0	22.0	-1.0	23.0	28.0	10.0	3.0	-1.0	-1.0	-1.0	6.0	12.0	-1.0	14.0	5.0	-1.0	28.0	12.0	24.0	-1.0	-1.0	29.0	24.0	-1.0	25.0	32.0	17.0	24.0	15.0	19.0	-1.0	-1.0	14.0	-1.0	17.0	26.0	-1.0	27.0	17.0	16.0	15.0	26.0	16.0	-1.0	16.0	0.0	-1.0	26.0	15.0	-1.0	
16.0	-1.0	-1.0	-1.0	-1.0	0.0	2.0	12.0	12.0	17.0	12.0	-1.0	-1.0	0.0	-1.0	-1.0	15.0	26.0	3.0	0.0	22.0	-1.0	19.0	15.0	24.0	-1.0	15.0	25.0	11.0	5.0	18.0	17.0	0.0	-1.0	-1.0	-1.0	16.0	-1.0	15.0	20.0	18.0	-1.0	15.0	9.0	-1.0	-1.0	22.0	20.0	-1.0	12.0	19.0	22.0	10.0	-1.0	8.0	-1.0	3.0	20.0	30.0	-1.0	-1.0	12.0	11.0	14.0	-1.0	-1.0	28.0	-1.0	24.0	15.0	-1.0	13.0	12.0	21.0	25.0	-1.0	17.0	24.0	15.0	19.0	7.0	16.0	-1.0	-1.0	17.0	-1.0	-1.0	27.0	17.0	16.0	-1.0	-1.0	16.0	0.0	16.0	-1.0	0.0	-1.0	-1.0	14.0	
16.0	10.0	-1.0	22.0	-1.0	31.0	2.0	12.0	12.0	17.0	12.0	0.0	-1.0	0.0	15.0	9.0	-1.0	26.0	3.0	0.0	22.0	-1.0	19.0	15.0	24.0	11.0	15.0	-1.0	-1.0	5.0	18.0	17.0	0.0	0.0	25.0	15.0	-1.0	-1.0	15.0	-1.0	18.0	0.0	-1.0	-1.0	-1.0	-1.0	22.0	20.0	22.0	12.0	-1.0	22.0	-1.0	23.0	8.0	10.0	3.0	20.0	30.0	26.0	-1.0	12.0	11.0	14.0	5.0	8.0	14.0	21.0	24.0	15.0	16.0	13.0	22.0	21.0	25.0	32.0	17.0	24.0	15.0	-1.0	7.0	16.0	-1.0	8.0	17.0	-1.0	24.0	-1.0	-1.0	16.0	15.0	8.0	-1.0	0.0	16.0	-1.0	-1.0	-1.0	-1.0	14.0	

distances_centre_w :
-1.0	38.0	32.0	-1.0	35.0	36.0	35.0	-1.0	20.0	25.0	-1.0	-1.0	22.0	15.0	-1.0	-1.0	-1.0	28.0	-1.0	19.0	28.0	18.0	38.0	-1.0	29.0	37.0	32.0	40.0	-1.0	39.0	-1.0	-1.0	32.0	-1.0	-1.0	28.0	36.0	22.0	31.0	21.0	24.0	29.0	-1.0	-1.0	17.0	34.0	23.0	-1.0	30.0	22.0	25.0	26.0	-1.0	31.0	28.0	26.0	30.0	-1.0	-1.0	-1.0	31.0	20.0	-1.0	30.0	14.0	-1.0	34.0	30.0	30.0	-1.0	-1.0	35.0	39.0	-1.0	26.0	36.0	32.0	31.0	34.0	25.0	-1.0	-1.0	27.0	-1.0	19.0	33.0	-1.0	27.0	23.0	32.0	17.0	38.0	39.0	-1.0	20.0	15.0	-1.0	39.0	31.0	-1.0	
21.0	-1.0	-1.0	-1.0	-1.0	10.0	35.0	40.0	18.0	25.0	20.0	-1.0	-1.0	15.0	-1.0	-1.0	24.0	28.0	32.0	19.0	28.0	-1.0	38.0	19.0	29.0	-1.0	32.0	40.0	22.0	27.0	27.0	18.0	32.0	-1.0	-1.0	-1.0	34.0	-1.0	31.0	21.0	24.0	-1.0	24.0	10.0	-1.0	-1.0	23.0	26.0	-1.0	22.0	25.0	26.0	23.0	-1.0	24.0	-1.0	13.0	21.0	35.0	-1.0	-1.0	20.0	15.0	30.0	-1.0	-1.0	34.0	-1.0	30.0	17.0	-1.0	18.0	24.0	33.0	26.0	-1.0	27.0	31.0	27.0	25.0	14.0	17.0	-1.0	-1.0	19.0	-1.0	-1.0	27.0	23.0	17.0	-1.0	-1.0	32.0	28.0	17.0	-1.0	17.0	-1.0	-1.0	18.0	
21.0	22.0	-1.0	24.0	-1.0	38.0	35.0	39.0	18.0	25.0	20.0	31.0	-1.0	15.0	38.0	13.0	-1.0	28.0	32.0	19.0	28.0	-1.0	38.0	33.0	29.0	37.0	32.0	-1.0	-1.0	27.0	27.0	18.0	33.0	37.0	27.0	28.0	-1.0	-1.0	31.0	-1.0	24.0	32.0	-1.0	-1.0	-1.0	-1.0	31.0	26.0	30.0	22.0	-1.0	26.0	-1.0	31.0	36.0	26.0	30.0	21.0	35.0	32.0	-1.0	20.0	21.0	30.0	14.0	37.0	19.0	37.0	30.0	17.0	19.0	29.0	24.0	33.0	26.0	36.0	32.0	31.0	27.0	-1.0	14.0	17.0	-1.0	22.0	19.0	-1.0	40.0	-1.0	-1.0	32.0	17.0	38.0	-1.0	28.0	20.0	-1.0	-1.0	-1.0	-1.0	18.0	

maxX :
32.0	30.0	32.0	

maxW :
40.0	40.0	40.0	

minX :
0.0	0.0	0.0	

minW :
14.0	10.0	13.0	

moyX :
16.833333333333332	14.703125	14.712328767123287	

moyW :
28.606060606060606	24.484375	27.28767123287671	

medX :
17.0	15.5	15.0	

medW :
30.0	24.0	28.0	

ecartTypeX :
8.661274546374614	7.5201389770651845	8.046916285144972	

ecartTypeW :
6.850964957202143	6.941704103415457	7.127948949079203	

varX :
75.01767676767676	56.552490234375	64.75286170013136	

varW :
46.935720844811755	48.187255859375	50.807656220679306	

covarX :
76.17179487179487	57.4501488095238	65.65220700152207	

covarW :
47.65780885780887	48.95213293650794	51.51331811263318	

coef_variationX :
0.5145311611707691	0.5114653501935938	0.5469505482454218	

coef_variationW :
0.23949347837676982	0.2835156749320927	0.26121499662790254	

moy_distances_centre :	48.977777777777774
min_distances_centre :	10.0
max_distances_centre :	84.0
med_distances_centre :	48.0
ecartType_distances_centre :	19.644042228159876
var_distances_centre :	385.8883950617284
covar_distances_centre :	390.2242197253433
coef_variation_distances_centre :	0.4010807169996345
capacite_X_temoin : 
157.0	172.0	153.0	157.0	169.0	150.0	177.0	162.0	145.0	178.0	
171.0	160.0	175.0	166.0	175.0	177.0	136.0	162.0	178.0	175.0	
157.0	154.0	162.0	174.0	153.0	153.0	166.0	162.0	162.0	142.0	

capacite_W_temoin : 
55.1	164.6	172.9	93.1	129.7	83.0	164.1	84.6	162.5	176.4	
74.3	152.0	203.5	133.8	165.5	123.1	165.8	103.6	175.4	171.5	
52.1	136.2	174.6	107.19999999999999	120.9	45.9	181.8	88.6	190.6	112.6	

demande_cumulee_X : 
149.0	59.0	26.0	111.0	90.0	112.0	66.0	126.0	26.0	55.0	
148.0	56.0	24.0	82.0	62.0	107.0	11.0	107.0	56.0	56.0	
152.0	64.0	36.0	119.0	78.0	153.0	34.0	122.0	20.0	72.0	

demande_cumulee_W : 
55.0	37.0	26.0	88.0	129.0	68.0	128.0	80.0	149.0	60.0	
56.0	48.0	42.0	132.0	140.0	51.0	34.0	63.0	93.0	50.0	
26.0	20.0	72.0	97.0	119.0	43.0	145.0	75.0	190.0	63.0	

capacite_residuelle_X : 
8.0	113.0	127.0	46.0	79.0	38.0	111.0	36.0	119.0	123.0	
23.0	104.0	151.0	84.0	113.0	70.0	125.0	55.0	122.0	119.0	
5.0	90.0	126.0	55.0	75.0	0.0	132.0	40.0	142.0	70.0	

capacite_residuelle_W : 
0.10000000000000142	127.6	146.9	5.099999999999994	0.6999999999999886	15.0	36.099999999999994	4.599999999999994	13.5	116.4	
18.299999999999997	104.0	161.5	1.8000000000000114	25.5	72.1	131.8	40.599999999999994	82.4	121.5	
26.1	116.19999999999999	102.6	10.199999999999989	1.9000000000000057	2.8999999999999986	36.80000000000001	13.599999999999994	0.5999999999999943	49.599999999999994	

min_capacite_X : 
145.0	136.0	142.0	

min_capacite_W : 
55.1	74.3	45.9	

max_capacite_X : 
178.0	178.0	174.0	

max_capacite_W : 
176.4	203.5	190.6	

moy_capacite_X : 
162.0	167.5	158.5	

moy_capacite_W : 
128.6	146.85	121.04999999999998	

med_capacite_X : 
159.5	173.0	159.5	

med_capacite_W : 
146.1	158.75	116.75	

ecartType_capacite_X : 
10.927030703718188	12.093386622447824	8.297590011563598	

ecartType_capacite_W : 
43.16463830498294	36.37832459033813	48.31435087010898	

var_capacite_X : 
119.4	146.25	68.85	

var_capacite_W : 
1863.1860000000004	1323.3825000000002	2334.2765000000004	

covar_capacite_X : 
132.66666666666666	162.5	76.5	

covar_capacite_W : 
2070.206666666667	1470.4250000000002	2593.6405555555557	

##########	##########	##########	##########	##########	##########	##########	##########	##########	##########	##########	##########	##########	##########	##########	##########	##########	##########	##########	##########	##########	##########	##########	##########	##########	##########	##########	##########	##########	##########	##########	##########	##########	##########	##########	##########	##########	##########	##########	##########	##########	##########	##########	##########	##########	##########	##########	##########	##########	##########	##########	##########	##########	##########	##########	##########	##########	##########	##########	##########	##########	##########	##########	##########	##########	##########	##########	##########	##########	##########	##########	##########	##########	##########	##########	##########	##########	##########	##########	##########	##########	##########	##########	##########	##########	##########	##########	##########	##########	##########	##########	##########	##########	##########	##########	##########	##########	##########	##########	##########	nombre de noeuds : 100
nombre de strates : 3
nombre de centres : 10
titre : intelligent
instances : p17_1
temps de calcul : 0.13417983055114746
valeur objective : 251.0
nombre de solutions : 3
nombre de noeuds : 1.0
faisability : True
centre : [32, 33, 96, 19, 95, 93, 5, 41, 44, 51]
moy_distances :	51.73
min_distances :	0.0
max_distances :	128.0
var_distances :	627.141431486583
covar_distances :	627.2047855053212
ecartType_distances :	25.042792006615056
coef_variation	: 0.48414075819775637
distances_centre_x :
-1.0	10.0	6.0	-1.0	13.0	0.0	2.0	-1.0	12.0	17.0	-1.0	-1.0	21.0	15.0	-1.0	-1.0	-1.0	26.0	-1.0	0.0	22.0	17.0	19.0	-1.0	24.0	11.0	15.0	25.0	-1.0	5.0	-1.0	-1.0	32.0	-1.0	-1.0	15.0	16.0	14.0	15.0	20.0	18.0	0.0	-1.0	-1.0	0.0	8.0	22.0	-1.0	22.0	22.0	25.0	0.0	-1.0	31.0	28.0	10.0	3.0	-1.0	-1.0	-1.0	6.0	12.0	-1.0	14.0	5.0	-1.0	19.0	12.0	24.0	-1.0	-1.0	19.0	22.0	-1.0	25.0	32.0	32.0	31.0	15.0	19.0	-1.0	-1.0	27.0	-1.0	9.0	25.0	-1.0	27.0	18.0	16.0	15.0	8.0	16.0	-1.0	15.0	0.0	-1.0	10.0	15.0	-1.0	
16.0	-1.0	-1.0	-1.0	-1.0	0.0	2.0	12.0	12.0	17.0	12.0	-1.0	-1.0	15.0	-1.0	-1.0	15.0	26.0	3.0	0.0	22.0	-1.0	19.0	15.0	24.0	-1.0	15.0	25.0	11.0	5.0	24.0	17.0	0.0	-1.0	-1.0	-1.0	16.0	-1.0	15.0	20.0	18.0	-1.0	24.0	9.0	-1.0	-1.0	22.0	20.0	-1.0	12.0	25.0	0.0	10.0	-1.0	8.0	-1.0	3.0	20.0	30.0	-1.0	-1.0	12.0	11.0	14.0	-1.0	-1.0	14.0	-1.0	24.0	15.0	-1.0	13.0	12.0	21.0	25.0	-1.0	17.0	24.0	15.0	19.0	14.0	14.0	-1.0	-1.0	9.0	-1.0	-1.0	27.0	18.0	16.0	-1.0	-1.0	16.0	0.0	15.0	-1.0	0.0	-1.0	-1.0	14.0	
16.0	10.0	-1.0	24.0	-1.0	31.0	2.0	12.0	12.0	17.0	12.0	0.0	-1.0	15.0	15.0	9.0	-1.0	26.0	3.0	0.0	28.0	-1.0	19.0	15.0	24.0	11.0	15.0	-1.0	-1.0	5.0	24.0	17.0	0.0	0.0	10.0	15.0	-1.0	-1.0	15.0	-1.0	18.0	0.0	-1.0	-1.0	-1.0	-1.0	22.0	20.0	22.0	12.0	-1.0	0.0	-1.0	31.0	8.0	10.0	3.0	20.0	30.0	26.0	-1.0	12.0	11.0	14.0	5.0	8.0	14.0	12.0	24.0	15.0	16.0	29.0	22.0	21.0	25.0	32.0	32.0	24.0	27.0	-1.0	14.0	14.0	-1.0	22.0	9.0	-1.0	24.0	-1.0	-1.0	16.0	15.0	8.0	-1.0	0.0	15.0	-1.0	-1.0	-1.0	-1.0	14.0	

distances_centre_w :
-1.0	38.0	48.0	-1.0	23.0	10.0	36.0	-1.0	20.0	25.0	-1.0	-1.0	22.0	31.0	-1.0	-1.0	-1.0	28.0	-1.0	19.0	49.0	18.0	47.0	-1.0	29.0	41.0	20.0	40.0	-1.0	27.0	-1.0	-1.0	33.0	-1.0	-1.0	28.0	21.0	18.0	31.0	21.0	24.0	22.0	-1.0	-1.0	17.0	34.0	38.0	-1.0	51.0	37.0	49.0	22.0	-1.0	54.0	32.0	12.0	13.0	-1.0	-1.0	-1.0	31.0	20.0	-1.0	18.0	14.0	-1.0	28.0	21.0	51.0	-1.0	-1.0	41.0	39.0	-1.0	26.0	36.0	49.0	49.0	34.0	25.0	-1.0	-1.0	45.0	-1.0	17.0	26.0	-1.0	27.0	23.0	43.0	17.0	29.0	47.0	-1.0	20.0	27.0	-1.0	13.0	31.0	-1.0	
21.0	-1.0	-1.0	-1.0	-1.0	10.0	35.0	39.0	18.0	25.0	15.0	-1.0	-1.0	31.0	-1.0	-1.0	24.0	28.0	32.0	19.0	28.0	-1.0	38.0	47.0	48.0	-1.0	20.0	40.0	22.0	27.0	27.0	18.0	32.0	-1.0	-1.0	-1.0	36.0	-1.0	31.0	21.0	24.0	-1.0	46.0	22.0	-1.0	-1.0	23.0	26.0	-1.0	22.0	49.0	22.0	23.0	-1.0	28.0	-1.0	13.0	40.0	35.0	-1.0	-1.0	20.0	15.0	18.0	-1.0	-1.0	19.0	-1.0	33.0	17.0	-1.0	18.0	24.0	29.0	26.0	-1.0	27.0	31.0	27.0	25.0	36.0	16.0	-1.0	-1.0	17.0	-1.0	-1.0	27.0	23.0	17.0	-1.0	-1.0	32.0	28.0	16.0	-1.0	17.0	-1.0	-1.0	18.0	
21.0	22.0	-1.0	45.0	-1.0	38.0	35.0	39.0	49.0	25.0	15.0	10.0	-1.0	31.0	38.0	13.0	-1.0	28.0	32.0	19.0	49.0	-1.0	38.0	41.0	29.0	37.0	20.0	-1.0	-1.0	27.0	27.0	18.0	32.0	10.0	41.0	28.0	-1.0	-1.0	31.0	-1.0	24.0	22.0	-1.0	-1.0	-1.0	-1.0	23.0	26.0	45.0	39.0	-1.0	22.0	-1.0	54.0	30.0	12.0	13.0	21.0	35.0	50.0	-1.0	20.0	37.0	34.0	14.0	24.0	19.0	21.0	33.0	17.0	19.0	40.0	41.0	29.0	26.0	48.0	53.0	31.0	34.0	-1.0	36.0	17.0	-1.0	29.0	25.0	-1.0	40.0	-1.0	-1.0	43.0	17.0	51.0	-1.0	48.0	16.0	-1.0	-1.0	-1.0	-1.0	47.0	

maxX :
32.0	30.0	32.0	

maxW :
54.0	49.0	54.0	

minX :
0.0	0.0	0.0	

minW :
10.0	10.0	10.0	

moyX :
15.893939393939394	14.65625	15.315068493150685	

moyW :
29.924242424242426	26.265625	30.315068493150687	

medX :
15.5	15.0	15.0	

medW :
28.0	25.0	29.0	

ecartTypeX :
8.831981808348203	7.510864526637397	8.742710015776929	

ecartTypeW :
11.434014388312601	8.85162800615655	11.485400753772623	

varX :
78.0039026629936	56.4130859375	76.43497841996623	

varW :
130.73668503213958	78.351318359375	131.91443047476074	

covarX :
79.20396270396273	57.30853174603174	77.49657534246575	

covarW :
132.74801864801867	79.59499007936508	133.74657534246572	

coef_variationX :
0.5556823635376372	0.5124683685552168	0.5708567362716599	

coef_variationW :
0.3820987086727249	0.3370042786401066	0.37886771578192563	

moy_distances_centre :	45.44444444444444
min_distances_centre :	10.0
max_distances_centre :	84.0
med_distances_centre :	47.0
ecartType_distances_centre :	17.88426441261275
var_distances_centre :	319.8469135802469
covar_distances_centre :	323.4406991260924
coef_variation_distances_centre :	0.3935412706931901
capacite_X_temoin : 
157.0	153.0	157.0	169.0	150.0	177.0	154.0	162.0	145.0	178.0	
171.0	175.0	166.0	175.0	177.0	136.0	150.0	162.0	178.0	175.0	
157.0	162.0	174.0	153.0	153.0	166.0	175.0	162.0	162.0	142.0	

capacite_W_temoin : 
48.1	174.9	72.1	145.7	96.0	186.1	179.2	76.6	101.5	182.4	
74.3	203.5	122.8	165.5	155.1	165.8	145.0	103.6	139.4	180.5	
60.1	174.6	107.19999999999999	84.9	105.9	159.8	189.5	97.6	137.6	120.6	

demande_cumulee_X : 
156.0	24.0	132.0	74.0	99.0	44.0	21.0	134.0	87.0	49.0	
148.0	24.0	93.0	62.0	75.0	11.0	50.0	107.0	92.0	47.0	
144.0	36.0	119.0	114.0	93.0	56.0	38.0	113.0	73.0	64.0	

demande_cumulee_W : 
35.0	35.0	70.0	145.0	87.0	74.0	97.0	75.0	101.0	101.0	
73.0	28.0	117.0	165.0	48.0	22.0	75.0	64.0	67.0	50.0	
45.0	50.0	107.0	77.0	95.0	109.0	98.0	95.0	98.0	76.0	

capacite_residuelle_X : 
1.0	129.0	25.0	95.0	51.0	133.0	133.0	28.0	58.0	129.0	
23.0	151.0	73.0	113.0	102.0	125.0	100.0	55.0	86.0	128.0	
13.0	126.0	55.0	39.0	60.0	110.0	137.0	49.0	89.0	78.0	

capacite_residuelle_W : 
13.100000000000001	139.9	2.0999999999999943	0.6999999999999886	9.0	112.1	82.19999999999999	1.5999999999999943	0.5	81.4	
1.2999999999999972	175.5	5.799999999999997	0.5	107.1	143.8	70.0	39.599999999999994	72.4	130.5	
15.100000000000001	124.6	0.19999999999998863	7.900000000000006	10.900000000000006	50.80000000000001	91.5	2.5999999999999943	39.599999999999994	44.599999999999994	

min_capacite_X : 
145.0	136.0	142.0	

min_capacite_W : 
48.1	74.3	60.1	

max_capacite_X : 
178.0	178.0	175.0	

max_capacite_W : 
186.1	203.5	189.5	

moy_capacite_X : 
160.2	166.5	160.6	

moy_capacite_W : 
126.25999999999999	145.55	123.78	

med_capacite_X : 
157.0	173.0	162.0	

med_capacite_W : 
123.6	150.05	113.89999999999999	

ecartType_capacite_X : 
10.609429767899876	13.047988350699889	9.4678403028357	

ecartType_capacite_W : 
50.315071300754404	35.876210780961806	39.047555621318985	

var_capacite_X : 
112.56000000000002	170.25	89.64	

var_capacite_W : 
2531.6063999999997	1287.1025	1524.7116	

covar_capacite_X : 
125.06666666666665	189.16666666666666	99.60000000000001	

covar_capacite_W : 
2812.8960000000006	1430.1138888888886	1694.1240000000003	

##########	##########	##########	##########	##########	##########	##########	##########	##########	##########	##########	##########	##########	##########	##########	##########	##########	##########	##########	##########	##########	##########	##########	##########	##########	##########	##########	##########	##########	##########	##########	##########	##########	##########	##########	##########	##########	##########	##########	##########	##########	##########	##########	##########	##########	##########	##########	##########	##########	##########	##########	##########	##########	##########	##########	##########	##########	##########	##########	##########	##########	##########	##########	##########	##########	##########	##########	##########	##########	##########	##########	##########	##########	##########	##########	##########	##########	##########	##########	##########	##########	##########	##########	##########	##########	##########	##########	##########	##########	##########	##########	##########	##########	##########	##########	##########	##########	##########	##########	##########	nombre de noeuds : 100
nombre de strates : 3
nombre de centres : 10
titre : intelligent
instances : p17_1
temps de calcul : 0.13024091720581055
valeur objective : 251.0
nombre de solutions : 3
nombre de noeuds : 1.0
faisability : True
centre : [32, 33, 96, 95, 93, 5, 41, 44, 51, 54]
moy_distances :	51.73
min_distances :	0.0
max_distances :	128.0
var_distances :	627.141431486583
covar_distances :	627.2047855053212
ecartType_distances :	25.042792006615056
coef_variation	: 0.48414075819775637
distances_centre_x :
-1.0	10.0	6.0	-1.0	31.0	0.0	2.0	-1.0	12.0	17.0	-1.0	-1.0	21.0	15.0	-1.0	-1.0	-1.0	26.0	-1.0	19.0	22.0	17.0	19.0	-1.0	24.0	11.0	15.0	25.0	-1.0	31.0	-1.0	-1.0	0.0	-1.0	-1.0	15.0	16.0	18.0	15.0	20.0	18.0	0.0	-1.0	-1.0	0.0	8.0	22.0	-1.0	30.0	12.0	25.0	0.0	-1.0	31.0	0.0	10.0	3.0	-1.0	-1.0	-1.0	6.0	12.0	-1.0	14.0	5.0	-1.0	14.0	12.0	24.0	-1.0	-1.0	10.0	12.0	-1.0	26.0	32.0	32.0	24.0	15.0	19.0	-1.0	-1.0	27.0	-1.0	9.0	25.0	-1.0	27.0	18.0	14.0	15.0	8.0	11.0	-1.0	15.0	0.0	-1.0	10.0	15.0	-1.0	
16.0	-1.0	-1.0	-1.0	-1.0	0.0	2.0	12.0	12.0	17.0	12.0	-1.0	-1.0	15.0	-1.0	-1.0	15.0	26.0	3.0	19.0	22.0	-1.0	19.0	12.0	24.0	-1.0	15.0	25.0	11.0	5.0	24.0	17.0	0.0	-1.0	-1.0	-1.0	16.0	-1.0	15.0	14.0	18.0	-1.0	24.0	9.0	-1.0	-1.0	22.0	20.0	-1.0	12.0	25.0	0.0	2.0	-1.0	0.0	-1.0	3.0	20.0	30.0	-1.0	-1.0	12.0	11.0	14.0	-1.0	-1.0	14.0	-1.0	24.0	9.0	-1.0	10.0	12.0	21.0	26.0	-1.0	17.0	24.0	15.0	19.0	14.0	14.0	-1.0	-1.0	9.0	-1.0	-1.0	27.0	18.0	14.0	-1.0	-1.0	11.0	0.0	15.0	-1.0	0.0	-1.0	-1.0	14.0	
22.0	10.0	-1.0	24.0	-1.0	0.0	2.0	12.0	12.0	17.0	12.0	31.0	-1.0	15.0	15.0	13.0	-1.0	26.0	3.0	19.0	22.0	-1.0	19.0	12.0	24.0	11.0	15.0	-1.0	-1.0	27.0	24.0	17.0	0.0	0.0	10.0	15.0	-1.0	-1.0	15.0	-1.0	18.0	0.0	-1.0	-1.0	-1.0	-1.0	22.0	20.0	22.0	12.0	-1.0	0.0	-1.0	31.0	0.0	10.0	30.0	20.0	30.0	26.0	-1.0	12.0	18.0	14.0	5.0	8.0	19.0	12.0	24.0	9.0	8.0	10.0	12.0	21.0	26.0	32.0	32.0	24.0	15.0	-1.0	14.0	14.0	-1.0	22.0	9.0	-1.0	24.0	-1.0	-1.0	14.0	15.0	3.0	-1.0	0.0	15.0	-1.0	-1.0	-1.0	-1.0	14.0	

distances_centre_w :
-1.0	22.0	32.0	-1.0	35.0	10.0	34.0	-1.0	18.0	25.0	-1.0	-1.0	22.0	31.0	-1.0	-1.0	-1.0	52.0	-1.0	20.0	28.0	31.0	38.0	-1.0	29.0	43.0	20.0	40.0	-1.0	48.0	-1.0	-1.0	32.0	-1.0	-1.0	28.0	34.0	45.0	31.0	24.0	35.0	8.0	-1.0	-1.0	17.0	34.0	23.0	-1.0	45.0	22.0	49.0	22.0	-1.0	54.0	8.0	12.0	13.0	-1.0	-1.0	-1.0	31.0	18.0	-1.0	18.0	14.0	-1.0	19.0	12.0	51.0	-1.0	-1.0	13.0	50.0	-1.0	40.0	36.0	42.0	53.0	27.0	49.0	-1.0	-1.0	45.0	-1.0	17.0	26.0	-1.0	27.0	23.0	16.0	17.0	30.0	16.0	-1.0	17.0	27.0	-1.0	39.0	31.0	-1.0	
21.0	-1.0	-1.0	-1.0	-1.0	10.0	34.0	39.0	18.0	25.0	18.0	-1.0	-1.0	31.0	-1.0	-1.0	48.0	28.0	32.0	20.0	28.0	-1.0	38.0	15.0	29.0	-1.0	20.0	40.0	22.0	26.0	27.0	31.0	32.0	-1.0	-1.0	-1.0	21.0	-1.0	41.0	20.0	35.0	-1.0	46.0	22.0	-1.0	-1.0	23.0	36.0	-1.0	31.0	49.0	22.0	32.0	-1.0	8.0	-1.0	13.0	21.0	35.0	-1.0	-1.0	18.0	15.0	18.0	-1.0	-1.0	19.0	-1.0	33.0	15.0	-1.0	13.0	24.0	29.0	40.0	-1.0	32.0	31.0	27.0	25.0	36.0	16.0	-1.0	-1.0	17.0	-1.0	-1.0	27.0	23.0	16.0	-1.0	-1.0	16.0	28.0	16.0	-1.0	17.0	-1.0	-1.0	18.0	
51.0	22.0	-1.0	45.0	-1.0	38.0	34.0	39.0	18.0	25.0	18.0	38.0	-1.0	31.0	21.0	20.0	-1.0	28.0	32.0	20.0	49.0	-1.0	38.0	15.0	29.0	44.0	20.0	-1.0	-1.0	31.0	27.0	31.0	32.0	10.0	25.0	28.0	-1.0	-1.0	31.0	-1.0	35.0	8.0	-1.0	-1.0	-1.0	-1.0	23.0	36.0	50.0	22.0	-1.0	22.0	-1.0	54.0	8.0	12.0	37.0	21.0	35.0	32.0	-1.0	18.0	42.0	18.0	14.0	13.0	28.0	12.0	33.0	15.0	16.0	13.0	22.0	29.0	40.0	36.0	49.0	31.0	27.0	-1.0	36.0	16.0	-1.0	54.0	19.0	-1.0	40.0	-1.0	-1.0	16.0	17.0	38.0	-1.0	28.0	17.0	-1.0	-1.0	-1.0	-1.0	18.0	

maxX :
32.0	30.0	32.0	

maxW :
54.0	49.0	54.0	

minX :
0.0	0.0	0.0	

minW :
8.0	8.0	8.0	

moyX :
15.409090909090908	14.328125	15.479452054794521	

moyW :
29.060606060606062	25.875	27.945205479452056	

medX :
15.0	14.5	15.0	

medW :
28.0	25.0	28.0	

ecartTypeX :
8.994909794092253	7.68329089546758	8.61681947019594	

ecartTypeW :
12.331136726434584	9.321514093751079	11.51400625439605	

varX :
80.90840220385674	59.032958984375	74.24957778194783	

varW :
152.05693296602385	86.890625	132.57234002627135	

covarX :
82.15314685314686	59.969990079365076	75.28082191780823	

covarW :
154.3962703962704	88.26984126984127	134.4136225266362	

coef_variationX :
0.5837404586136565	0.5362384049181299	0.5566617887825696	

coef_variationW :
0.42432483000244137	0.3602517524155006	0.4120208120445645	

moy_distances_centre :	40.86666666666667
min_distances_centre :	8.0
max_distances_centre :	76.0
med_distances_centre :	36.0
ecartType_distances_centre :	16.077036764003218
var_distances_centre :	258.4711111111111
covar_distances_centre :	261.37528089887627
coef_variation_distances_centre :	0.39340220466565784
capacite_X_temoin : 
157.0	157.0	169.0	150.0	177.0	154.0	147.0	162.0	145.0	178.0	
171.0	166.0	175.0	177.0	136.0	150.0	159.0	162.0	178.0	175.0	
157.0	174.0	153.0	153.0	166.0	175.0	171.0	162.0	162.0	142.0	

capacite_W_temoin : 
47.1	99.1	145.7	149.0	194.1	179.2	122.1	57.6	102.5	158.4	
74.3	122.8	185.5	213.1	165.8	145.0	128.7	103.6	139.4	156.5	
61.1	128.2	119.9	134.9	149.8	189.5	159.3	83.6	125.6	97.6	

demande_cumulee_X : 
157.0	105.0	74.0	46.0	36.0	21.0	69.0	153.0	86.0	73.0	
148.0	93.0	42.0	17.0	11.0	50.0	78.0	107.0	92.0	71.0	
143.0	98.0	79.0	64.0	66.0	38.0	63.0	127.0	85.0	87.0	

demande_cumulee_W : 
30.0	86.0	144.0	84.0	102.0	91.0	119.0	52.0	77.0	35.0	
39.0	117.0	155.0	77.0	74.0	82.0	46.0	55.0	55.0	9.0	
52.0	127.0	110.0	129.0	97.0	68.0	76.0	83.0	84.0	24.0	

capacite_residuelle_X : 
0.0	52.0	95.0	104.0	141.0	133.0	78.0	9.0	59.0	105.0	
23.0	73.0	133.0	160.0	125.0	100.0	81.0	55.0	86.0	104.0	
14.0	76.0	74.0	89.0	100.0	137.0	108.0	35.0	77.0	55.0	

capacite_residuelle_W : 
17.1	13.099999999999994	1.6999999999999886	65.0	92.1	88.19999999999999	3.0999999999999943	5.600000000000001	25.5	123.4	
35.3	5.799999999999997	30.5	136.1	91.80000000000001	63.0	82.69999999999999	48.599999999999994	84.4	147.5	
9.100000000000001	1.1999999999999886	9.900000000000006	5.900000000000006	52.80000000000001	121.5	83.30000000000001	0.5999999999999943	41.599999999999994	73.6	

min_capacite_X : 
145.0	136.0	142.0	

min_capacite_W : 
47.1	74.3	61.1	

max_capacite_X : 
178.0	178.0	175.0	

max_capacite_W : 
194.1	213.1	189.5	

moy_capacite_X : 
159.6	164.9	161.5	

moy_capacite_W : 
125.48000000000002	143.47000000000003	124.95	

med_capacite_X : 
157.0	168.5	162.0	

med_capacite_W : 
133.89999999999998	142.2	126.89999999999999	

ecartType_capacite_X : 
11.155267813907473	12.887590930814028	9.972462083156797	

ecartType_capacite_W : 
46.50466213187663	37.84399688193624	35.54476754741829	

var_capacite_X : 
124.44000000000001	166.09	99.45	

var_capacite_W : 
2162.6836	1432.1681	1263.4305000000002	

covar_capacite_X : 
138.26666666666668	184.5444444444445	110.5	

covar_capacite_W : 
2402.981777777778	1591.2978888888888	1403.8116666666667	

##########	##########	##########	##########	##########	##########	##########	##########	##########	##########	##########	##########	##########	##########	##########	##########	##########	##########	##########	##########	##########	##########	##########	##########	##########	##########	##########	##########	##########	##########	##########	##########	##########	##########	##########	##########	##########	##########	##########	##########	##########	##########	##########	##########	##########	##########	##########	##########	##########	##########	##########	##########	##########	##########	##########	##########	##########	##########	##########	##########	##########	##########	##########	##########	##########	##########	##########	##########	##########	##########	##########	##########	##########	##########	##########	##########	##########	##########	##########	##########	##########	##########	##########	##########	##########	##########	##########	##########	##########	##########	##########	##########	##########	##########	##########	##########	##########	##########	##########	##########	nombre de noeuds : 100
nombre de strates : 3
nombre de centres : 10
titre : intelligent
instances : p17_1
temps de calcul : 0.13470888137817383
valeur objective : 282.0
nombre de solutions : 3
nombre de noeuds : 1.0
faisability : True
centre : [32, 33, 96, 95, 5, 41, 44, 51, 54, 26]
moy_distances :	51.73
min_distances :	0.0
max_distances :	128.0
var_distances :	627.141431486583
covar_distances :	627.2047855053212
ecartType_distances :	25.042792006615056
coef_variation	: 0.48414075819775637
distances_centre_x :
-1.0	22.0	32.0	-1.0	31.0	0.0	34.0	-1.0	12.0	17.0	-1.0	-1.0	21.0	31.0	-1.0	-1.0	-1.0	26.0	-1.0	19.0	22.0	17.0	38.0	-1.0	29.0	11.0	0.0	25.0	-1.0	26.0	-1.0	-1.0	33.0	-1.0	-1.0	15.0	28.0	22.0	31.0	21.0	15.0	0.0	-1.0	-1.0	0.0	8.0	22.0	-1.0	22.0	22.0	25.0	20.0	-1.0	31.0	0.0	29.0	3.0	-1.0	-1.0	-1.0	31.0	12.0	-1.0	30.0	5.0	-1.0	19.0	12.0	24.0	-1.0	-1.0	29.0	12.0	-1.0	24.0	32.0	17.0	31.0	27.0	25.0	-1.0	-1.0	27.0	-1.0	9.0	25.0	-1.0	27.0	18.0	14.0	15.0	3.0	11.0	-1.0	15.0	0.0	-1.0	18.0	31.0	-1.0	
16.0	-1.0	-1.0	-1.0	-1.0	0.0	34.0	12.0	20.0	25.0	12.0	-1.0	-1.0	15.0	-1.0	-1.0	15.0	26.0	3.0	19.0	22.0	-1.0	38.0	12.0	29.0	-1.0	0.0	25.0	11.0	5.0	24.0	17.0	0.0	-1.0	-1.0	-1.0	34.0	-1.0	31.0	14.0	15.0	-1.0	24.0	9.0	-1.0	-1.0	22.0	15.0	-1.0	12.0	25.0	0.0	2.0	-1.0	0.0	-1.0	3.0	21.0	30.0	-1.0	-1.0	12.0	11.0	3.0	-1.0	-1.0	14.0	-1.0	24.0	9.0	-1.0	10.0	12.0	8.0	24.0	-1.0	17.0	31.0	27.0	25.0	14.0	14.0	-1.0	-1.0	9.0	-1.0	-1.0	27.0	18.0	14.0	-1.0	-1.0	11.0	28.0	15.0	-1.0	0.0	-1.0	-1.0	14.0	
16.0	38.0	-1.0	24.0	-1.0	36.0	35.0	12.0	12.0	17.0	12.0	0.0	-1.0	15.0	21.0	13.0	-1.0	26.0	32.0	19.0	22.0	-1.0	38.0	12.0	29.0	11.0	0.0	-1.0	-1.0	27.0	24.0	17.0	0.0	37.0	10.0	15.0	-1.0	-1.0	31.0	-1.0	15.0	0.0	-1.0	-1.0	-1.0	-1.0	22.0	15.0	22.0	12.0	-1.0	0.0	-1.0	31.0	32.0	10.0	30.0	21.0	30.0	26.0	-1.0	12.0	18.0	3.0	5.0	8.0	14.0	12.0	24.0	19.0	8.0	13.0	12.0	8.0	24.0	32.0	27.0	31.0	27.0	-1.0	36.0	14.0	-1.0	22.0	9.0	-1.0	24.0	-1.0	-1.0	14.0	15.0	3.0	-1.0	28.0	15.0	-1.0	-1.0	-1.0	-1.0	14.0	

distances_centre_w :
-1.0	29.0	48.0	-1.0	35.0	36.0	50.0	-1.0	20.0	25.0	-1.0	-1.0	26.0	47.0	-1.0	-1.0	-1.0	28.0	-1.0	20.0	49.0	31.0	47.0	-1.0	48.0	41.0	15.0	54.0	-1.0	27.0	-1.0	-1.0	47.0	-1.0	-1.0	28.0	34.0	51.0	41.0	43.0	18.0	8.0	-1.0	-1.0	17.0	34.0	54.0	-1.0	45.0	52.0	49.0	26.0	-1.0	54.0	8.0	37.0	37.0	-1.0	-1.0	-1.0	31.0	18.0	-1.0	40.0	14.0	-1.0	28.0	30.0	33.0	-1.0	-1.0	41.0	24.0	-1.0	26.0	36.0	32.0	49.0	48.0	45.0	-1.0	-1.0	45.0	-1.0	17.0	26.0	-1.0	51.0	23.0	16.0	17.0	8.0	16.0	-1.0	16.0	27.0	-1.0	24.0	44.0	-1.0	
21.0	-1.0	-1.0	-1.0	-1.0	10.0	50.0	40.0	49.0	37.0	21.0	-1.0	-1.0	31.0	-1.0	-1.0	38.0	28.0	32.0	20.0	49.0	-1.0	57.0	15.0	48.0	-1.0	15.0	54.0	22.0	26.0	27.0	20.0	47.0	-1.0	-1.0	-1.0	55.0	-1.0	41.0	20.0	18.0	-1.0	46.0	22.0	-1.0	-1.0	23.0	20.0	-1.0	37.0	49.0	22.0	10.0	-1.0	8.0	-1.0	13.0	40.0	57.0	-1.0	-1.0	18.0	15.0	14.0	-1.0	-1.0	19.0	-1.0	33.0	36.0	-1.0	13.0	22.0	21.0	26.0	-1.0	27.0	49.0	34.0	42.0	36.0	21.0	-1.0	-1.0	19.0	-1.0	-1.0	27.0	23.0	16.0	-1.0	-1.0	16.0	36.0	16.0	-1.0	15.0	-1.0	-1.0	18.0	
21.0	55.0	-1.0	45.0	-1.0	55.0	50.0	40.0	20.0	25.0	21.0	31.0	-1.0	31.0	33.0	20.0	-1.0	28.0	48.0	20.0	50.0	-1.0	47.0	15.0	51.0	41.0	15.0	-1.0	-1.0	43.0	27.0	20.0	32.0	54.0	17.0	28.0	-1.0	-1.0	47.0	-1.0	18.0	8.0	-1.0	-1.0	-1.0	-1.0	23.0	20.0	45.0	22.0	-1.0	30.0	-1.0	54.0	39.0	12.0	37.0	54.0	57.0	32.0	-1.0	18.0	43.0	18.0	14.0	24.0	19.0	12.0	33.0	48.0	38.0	29.0	24.0	21.0	26.0	36.0	49.0	49.0	56.0	-1.0	45.0	16.0	-1.0	29.0	17.0	-1.0	55.0	-1.0	-1.0	16.0	40.0	8.0	-1.0	41.0	17.0	-1.0	-1.0	-1.0	-1.0	18.0	

maxX :
38.0	38.0	38.0	

maxW :
54.0	57.0	57.0	

minX :
0.0	0.0	0.0	

minW :
8.0	8.0	8.0	

moyX :
19.742424242424242	16.0625	18.602739726027398	

moyW :
33.09090909090909	28.90625	32.054794520547944	

medX :
22.0	15.0	17.0	

medW :
32.5	24.5	30.0	

ecartTypeX :
10.047328313748924	9.640207142484025	10.182902304511046	

ecartTypeW :
13.07753946916212	13.393933736490562	14.097401306195238	

varX :
100.9488062442608	92.93359375	103.69149934321636	

varW :
171.02203856749307	179.3974609375	198.73672358791518	

covarX :
102.50186480186481	94.40873015873015	105.1316590563166	

covarW :
173.65314685314684	182.24503968253967	201.49695585996952	

coef_variationX :
0.5089206973963385	0.6001685380534801	0.547387237282258	

coef_variationW :
0.39520036857358054	0.46335770764075457	0.43979072450950957	

moy_distances_centre :	39.06666666666667
min_distances_centre :	8.0
max_distances_centre :	67.0
med_distances_centre :	36.0
ecartType_distances_centre :	15.524031549683077
var_distances_centre :	240.99555555555557
covar_distances_centre :	243.70337078651679
coef_variation_distances_centre :	0.3973728212376214
capacite_X_temoin : 
157.0	172.0	157.0	169.0	150.0	177.0	154.0	147.0	145.0	178.0	
171.0	135.0	166.0	175.0	177.0	136.0	150.0	159.0	178.0	175.0	
157.0	168.0	174.0	153.0	153.0	166.0	175.0	171.0	162.0	142.0	

capacite_W_temoin : 
47.1	192.6	51.1	129.7	156.0	174.1	166.2	65.1	101.5	184.4	
80.3	123.5	56.8	185.5	198.1	145.8	145.0	116.69999999999999	139.4	208.5	
62.1	167.4	59.199999999999996	98.9	92.9	157.8	184.5	177.3	108.6	148.6	

demande_cumulee_X : 
157.0	31.0	153.0	90.0	39.0	56.0	34.0	126.0	87.0	47.0	
142.0	52.0	159.0	42.0	32.0	31.0	50.0	90.0	92.0	19.0	
142.0	51.0	167.0	100.0	106.0	58.0	43.0	45.0	102.0	36.0	

demande_cumulee_W : 
43.0	28.0	50.0	125.0	155.0	136.0	61.0	61.0	89.0	72.0	
71.0	10.0	45.0	170.0	78.0	70.0	82.0	56.0	74.0	53.0	
54.0	16.0	33.0	97.0	79.0	111.0	145.0	158.0	73.0	84.0	

capacite_residuelle_X : 
0.0	141.0	4.0	79.0	111.0	121.0	120.0	21.0	58.0	131.0	
29.0	83.0	7.0	133.0	145.0	105.0	100.0	69.0	86.0	156.0	
15.0	117.0	7.0	53.0	47.0	108.0	132.0	126.0	60.0	106.0	

capacite_residuelle_W : 
4.100000000000001	164.6	1.1000000000000014	4.699999999999989	1.0	38.099999999999994	105.19999999999999	4.099999999999994	12.5	112.4	
9.299999999999997	113.5	11.799999999999997	15.5	120.1	75.80000000000001	63.0	60.69999999999999	65.4	155.5	
8.100000000000001	151.4	26.199999999999996	1.9000000000000057	13.900000000000006	46.80000000000001	39.5	19.30000000000001	35.599999999999994	64.6	

min_capacite_X : 
145.0	135.0	142.0	

min_capacite_W : 
47.1	56.8	59.199999999999996	

max_capacite_X : 
178.0	178.0	175.0	

max_capacite_W : 
192.6	208.5	184.5	

moy_capacite_X : 
160.6	162.2	162.1	

moy_capacite_W : 
126.78000000000002	139.95999999999998	125.72999999999999	

med_capacite_X : 
157.0	168.5	164.0	

med_capacite_W : 
142.85	142.2	128.6	

ecartType_capacite_X : 
11.757550765359255	15.727682601069999	10.16316879718132	

ecartType_capacite_W : 
53.691392233764994	46.366543972998464	44.68489789626916	

var_capacite_X : 
138.24	247.35999999999996	103.29	

var_capacite_W : 
2882.7655999999997	2149.8564	1996.7401000000004	

covar_capacite_X : 
153.6	274.8444444444444	114.76666666666667	

covar_capacite_W : 
3203.072888888888	2388.729333333333	2218.6001111111113	

##########	##########	##########	##########	##########	##########	##########	##########	##########	##########	##########	##########	##########	##########	##########	##########	##########	##########	##########	##########	##########	##########	##########	##########	##########	##########	##########	##########	##########	##########	##########	##########	##########	##########	##########	##########	##########	##########	##########	##########	##########	##########	##########	##########	##########	##########	##########	##########	##########	##########	##########	##########	##########	##########	##########	##########	##########	##########	##########	##########	##########	##########	##########	##########	##########	##########	##########	##########	##########	##########	##########	##########	##########	##########	##########	##########	##########	##########	##########	##########	##########	##########	##########	##########	##########	##########	##########	##########	##########	##########	##########	##########	##########	##########	##########	##########	##########	##########	##########	##########	nombre de noeuds : 100
nombre de strates : 3
nombre de centres : 10
titre : intelligent
instances : p17_1
temps de calcul : 0.1324939727783203
valeur objective : 278.0
nombre de solutions : 3
nombre de noeuds : 1.0
faisability : True
centre : [32, 33, 96, 95, 5, 41, 44, 51, 54, 91]
moy_distances :	51.73
min_distances :	0.0
max_distances :	128.0
var_distances :	627.141431486583
covar_distances :	627.2047855053212
ecartType_distances :	25.042792006615056
coef_variation	: 0.48414075819775637
distances_centre_x :
-1.0	30.0	32.0	-1.0	29.0	31.0	31.0	-1.0	34.0	17.0	-1.0	-1.0	21.0	15.0	-1.0	-1.0	-1.0	26.0	-1.0	19.0	22.0	17.0	38.0	-1.0	29.0	11.0	15.0	25.0	-1.0	26.0	-1.0	-1.0	0.0	-1.0	-1.0	15.0	28.0	14.0	31.0	13.0	18.0	0.0	-1.0	-1.0	0.0	34.0	22.0	-1.0	22.0	31.0	25.0	26.0	-1.0	31.0	8.0	10.0	3.0	-1.0	-1.0	-1.0	31.0	12.0	-1.0	14.0	5.0	-1.0	19.0	12.0	24.0	-1.0	-1.0	10.0	12.0	-1.0	26.0	32.0	17.0	31.0	27.0	25.0	-1.0	-1.0	27.0	-1.0	9.0	25.0	-1.0	27.0	18.0	11.0	15.0	0.0	9.0	-1.0	15.0	27.0	-1.0	10.0	31.0	-1.0	
16.0	-1.0	-1.0	-1.0	-1.0	0.0	2.0	12.0	12.0	17.0	12.0	-1.0	-1.0	15.0	-1.0	-1.0	15.0	26.0	3.0	19.0	22.0	-1.0	38.0	9.0	29.0	-1.0	15.0	25.0	11.0	5.0	24.0	17.0	0.0	-1.0	-1.0	-1.0	34.0	-1.0	31.0	13.0	18.0	-1.0	24.0	9.0	-1.0	-1.0	22.0	20.0	-1.0	12.0	25.0	0.0	2.0	-1.0	0.0	-1.0	3.0	21.0	30.0	-1.0	-1.0	12.0	11.0	14.0	-1.0	-1.0	19.0	-1.0	24.0	9.0	-1.0	10.0	12.0	21.0	26.0	-1.0	27.0	31.0	27.0	25.0	14.0	14.0	-1.0	-1.0	9.0	-1.0	-1.0	27.0	18.0	11.0	-1.0	-1.0	9.0	28.0	15.0	-1.0	0.0	-1.0	-1.0	14.0	
16.0	22.0	-1.0	24.0	-1.0	30.0	35.0	12.0	12.0	17.0	12.0	28.0	-1.0	15.0	21.0	13.0	-1.0	26.0	3.0	19.0	22.0	-1.0	38.0	9.0	29.0	11.0	15.0	-1.0	-1.0	26.0	24.0	17.0	0.0	33.0	10.0	28.0	-1.0	-1.0	31.0	-1.0	18.0	0.0	-1.0	-1.0	-1.0	-1.0	22.0	36.0	22.0	12.0	-1.0	0.0	-1.0	31.0	0.0	10.0	3.0	21.0	30.0	26.0	-1.0	12.0	15.0	14.0	5.0	13.0	28.0	12.0	24.0	9.0	8.0	10.0	12.0	21.0	26.0	32.0	32.0	31.0	27.0	-1.0	14.0	14.0	-1.0	29.0	26.0	-1.0	24.0	-1.0	-1.0	11.0	15.0	31.0	-1.0	28.0	15.0	-1.0	-1.0	-1.0	-1.0	14.0	

distances_centre_w :
-1.0	38.0	48.0	-1.0	44.0	36.0	35.0	-1.0	43.0	25.0	-1.0	-1.0	26.0	31.0	-1.0	-1.0	-1.0	28.0	-1.0	20.0	53.0	31.0	47.0	-1.0	51.0	40.0	32.0	53.0	-1.0	31.0	-1.0	-1.0	29.0	-1.0	-1.0	28.0	54.0	22.0	41.0	14.0	35.0	22.0	-1.0	-1.0	17.0	37.0	23.0	-1.0	30.0	39.0	49.0	54.0	-1.0	54.0	36.0	12.0	32.0	-1.0	-1.0	-1.0	39.0	16.0	-1.0	30.0	14.0	-1.0	28.0	12.0	33.0	-1.0	-1.0	12.0	36.0	-1.0	40.0	36.0	42.0	49.0	34.0	49.0	-1.0	-1.0	45.0	-1.0	17.0	26.0	-1.0	27.0	23.0	14.0	17.0	31.0	11.0	-1.0	16.0	53.0	-1.0	26.0	46.0	-1.0	
21.0	-1.0	-1.0	-1.0	-1.0	48.0	31.0	40.0	20.0	25.0	15.0	-1.0	-1.0	31.0	-1.0	-1.0	24.0	28.0	32.0	20.0	28.0	-1.0	47.0	12.0	48.0	-1.0	20.0	53.0	22.0	24.0	27.0	31.0	33.0	-1.0	-1.0	-1.0	50.0	-1.0	46.0	14.0	35.0	-1.0	46.0	22.0	-1.0	-1.0	23.0	36.0	-1.0	22.0	49.0	22.0	2.0	-1.0	3.0	-1.0	13.0	39.0	55.0	-1.0	-1.0	16.0	15.0	18.0	-1.0	-1.0	36.0	-1.0	33.0	11.0	-1.0	12.0	54.0	29.0	40.0	-1.0	42.0	49.0	34.0	42.0	36.0	42.0	-1.0	-1.0	17.0	-1.0	-1.0	27.0	23.0	14.0	-1.0	-1.0	11.0	36.0	16.0	-1.0	17.0	-1.0	-1.0	18.0	
21.0	29.0	-1.0	45.0	-1.0	31.0	35.0	40.0	35.0	25.0	21.0	31.0	-1.0	31.0	52.0	20.0	-1.0	28.0	34.0	20.0	28.0	-1.0	47.0	12.0	51.0	40.0	20.0	-1.0	-1.0	43.0	27.0	31.0	29.0	52.0	41.0	50.0	-1.0	-1.0	53.0	-1.0	35.0	22.0	-1.0	-1.0	-1.0	-1.0	23.0	37.0	30.0	22.0	-1.0	26.0	-1.0	54.0	3.0	18.0	30.0	39.0	55.0	52.0	-1.0	16.0	21.0	45.0	14.0	39.0	31.0	12.0	33.0	36.0	16.0	12.0	22.0	29.0	40.0	36.0	42.0	51.0	34.0	-1.0	36.0	16.0	-1.0	53.0	50.0	-1.0	54.0	-1.0	-1.0	14.0	22.0	36.0	-1.0	38.0	20.0	-1.0	-1.0	-1.0	-1.0	18.0	

maxX :
38.0	38.0	38.0	

maxW :
54.0	55.0	55.0	

minX :
0.0	0.0	0.0	

minW :
11.0	2.0	3.0	

moyX :
20.0	16.171875	18.91780821917808	

moyW :
32.75757575757576	28.828125	32.24657534246575	

medX :
21.5	15.0	18.0	

medW :
32.0	27.5	31.0	

ecartTypeX :
9.695359714832659	9.304828530627256	9.577017902689	

ecartTypeW :
12.424390243023094	13.197484002050352	12.666189296130838	

varX :
94.0	86.579833984375	91.71927190842561	

varW :
154.36547291092745	174.173583984375	160.4323512854194	

covarX :
95.44615384615385	87.95411706349206	92.9931506849315	

covarW :
156.74032634032633	176.93824404761904	162.66057838660578	

coef_variationX :
0.48476798574163293	0.5753710395750188	0.5062435241826916	

coef_variationW :
0.3792829583901592	0.45779890305215315	0.3927917666174814	

moy_distances_centre :	35.62222222222222
min_distances_centre :	3.0
max_distances_centre :	67.0
med_distances_centre :	32.0
ecartType_distances_centre :	15.004131118371498
var_distances_centre :	225.12395061728395
covar_distances_centre :	227.65343320848936
coef_variation_distances_centre :	0.421201435013548
capacite_X_temoin : 
157.0	157.0	169.0	150.0	177.0	154.0	147.0	178.0	145.0	178.0	
171.0	166.0	175.0	177.0	136.0	150.0	159.0	160.0	178.0	175.0	
157.0	174.0	153.0	153.0	166.0	175.0	171.0	135.0	162.0	142.0	

capacite_W_temoin : 
62.1	54.1	139.7	151.0	181.1	180.2	128.1	140.4	84.5	154.4	
81.3	55.8	164.5	198.1	165.8	145.0	181.7	155.0	128.4	156.5	
69.1	69.19999999999999	91.9	108.9	179.8	185.5	160.3	122.5	121.6	105.6	

demande_cumulee_X : 
142.0	150.0	80.0	44.0	49.0	20.0	63.0	91.0	104.0	77.0	
141.0	160.0	63.0	32.0	11.0	50.0	25.0	53.0	103.0	71.0	
135.0	157.0	107.0	90.0	36.0	42.0	62.0	53.0	89.0	79.0	

demande_cumulee_W : 
53.0	23.0	127.0	113.0	111.0	65.0	92.0	125.0	73.0	38.0	
80.0	44.0	146.0	4.0	74.0	94.0	60.0	137.0	39.0	31.0	
51.0	61.0	91.0	39.0	159.0	89.0	145.0	105.0	46.0	64.0	

capacite_residuelle_X : 
15.0	7.0	89.0	106.0	128.0	134.0	84.0	87.0	41.0	101.0	
30.0	6.0	112.0	145.0	125.0	100.0	134.0	107.0	75.0	104.0	
22.0	17.0	46.0	63.0	130.0	133.0	109.0	82.0	73.0	63.0	

capacite_residuelle_W : 
9.100000000000001	31.1	12.699999999999989	38.0	70.1	115.19999999999999	36.099999999999994	15.400000000000006	11.5	116.4	
1.2999999999999972	11.799999999999997	18.5	194.1	91.80000000000001	51.0	121.69999999999999	18.0	89.4	125.5	
18.099999999999994	8.199999999999989	0.9000000000000057	69.9	20.80000000000001	96.5	15.300000000000011	17.5	75.6	41.599999999999994	

min_capacite_X : 
145.0	136.0	135.0	

min_capacite_W : 
54.1	55.8	69.1	

max_capacite_X : 
178.0	178.0	175.0	

max_capacite_W : 
181.1	198.1	185.5	

moy_capacite_X : 
161.2	164.7	158.8	

moy_capacite_W : 
127.55999999999999	143.21	121.43999999999998	

med_capacite_X : 
157.0	168.5	159.5	

med_capacite_W : 
140.05	155.75	115.25	

ecartType_capacite_X : 
12.456323695216017	12.946428078817725	12.742056348957181	

ecartType_capacite_W : 
43.307509741383186	41.79651779753907	39.71156506611141	

var_capacite_X : 
155.16000000000003	167.60999999999999	162.36	

var_capacite_W : 
1875.5403999999994	1746.9489	1577.0084000000004	

covar_capacite_X : 
172.39999999999998	186.23333333333332	180.4	

covar_capacite_W : 
2083.9337777777773	1941.0543333333335	1752.231555555556	

##########	##########	##########	##########	##########	##########	##########	##########	##########	##########	##########	##########	##########	##########	##########	##########	##########	##########	##########	##########	##########	##########	##########	##########	##########	##########	##########	##########	##########	##########	##########	##########	##########	##########	##########	##########	##########	##########	##########	##########	##########	##########	##########	##########	##########	##########	##########	##########	##########	##########	##########	##########	##########	##########	##########	##########	##########	##########	##########	##########	##########	##########	##########	##########	##########	##########	##########	##########	##########	##########	##########	##########	##########	##########	##########	##########	##########	##########	##########	##########	##########	##########	##########	##########	##########	##########	##########	##########	##########	##########	##########	##########	##########	##########	##########	##########	##########	##########	##########	##########	nombre de noeuds : 100
nombre de strates : 3
nombre de centres : 10
titre : intelligent
instances : p17_1
temps de calcul : 0.13142895698547363
valeur objective : 278.0
nombre de solutions : 3
nombre de noeuds : 1.0
faisability : True
centre : [32, 33, 96, 95, 41, 44, 51, 54, 91, 9]
moy_distances :	51.73
min_distances :	0.0
max_distances :	128.0
var_distances :	627.141431486583
covar_distances :	627.2047855053212
ecartType_distances :	25.042792006615056
coef_variation	: 0.48414075819775637
distances_centre_x :
-1.0	22.0	32.0	-1.0	29.0	10.0	35.0	-1.0	34.0	0.0	-1.0	-1.0	21.0	15.0	-1.0	-1.0	-1.0	28.0	-1.0	19.0	26.0	17.0	38.0	-1.0	29.0	11.0	15.0	25.0	-1.0	5.0	-1.0	-1.0	32.0	-1.0	-1.0	15.0	34.0	14.0	31.0	13.0	18.0	0.0	-1.0	-1.0	0.0	37.0	7.0	-1.0	20.0	6.0	25.0	22.0	-1.0	31.0	0.0	10.0	13.0	-1.0	-1.0	-1.0	31.0	12.0	-1.0	14.0	5.0	-1.0	28.0	12.0	24.0	-1.0	-1.0	10.0	5.0	-1.0	26.0	36.0	7.0	31.0	27.0	25.0	-1.0	-1.0	27.0	-1.0	9.0	36.0	-1.0	27.0	18.0	11.0	15.0	8.0	9.0	-1.0	15.0	0.0	-1.0	13.0	31.0	-1.0	
16.0	-1.0	-1.0	-1.0	-1.0	10.0	2.0	12.0	12.0	0.0	12.0	-1.0	-1.0	15.0	-1.0	-1.0	14.0	28.0	34.0	19.0	26.0	-1.0	38.0	9.0	29.0	-1.0	15.0	25.0	11.0	5.0	24.0	17.0	32.0	-1.0	-1.0	-1.0	21.0	-1.0	31.0	13.0	18.0	-1.0	24.0	9.0	-1.0	-1.0	7.0	20.0	-1.0	6.0	25.0	30.0	2.0	-1.0	0.0	-1.0	13.0	21.0	30.0	-1.0	-1.0	12.0	15.0	14.0	-1.0	-1.0	14.0	-1.0	24.0	9.0	-1.0	10.0	5.0	21.0	26.0	-1.0	7.0	31.0	27.0	25.0	36.0	14.0	-1.0	-1.0	9.0	-1.0	-1.0	27.0	18.0	11.0	-1.0	-1.0	9.0	28.0	15.0	-1.0	0.0	-1.0	-1.0	14.0	
16.0	30.0	-1.0	24.0	-1.0	28.0	35.0	12.0	34.0	0.0	12.0	10.0	-1.0	15.0	38.0	13.0	-1.0	28.0	3.0	19.0	26.0	-1.0	38.0	9.0	29.0	11.0	15.0	-1.0	-1.0	5.0	24.0	17.0	0.0	0.0	20.0	15.0	-1.0	-1.0	31.0	-1.0	18.0	0.0	-1.0	-1.0	-1.0	-1.0	7.0	20.0	20.0	22.0	-1.0	0.0	-1.0	31.0	0.0	10.0	13.0	21.0	30.0	28.0	-1.0	12.0	18.0	14.0	5.0	13.0	28.0	30.0	24.0	9.0	16.0	10.0	5.0	21.0	26.0	36.0	7.0	31.0	27.0	-1.0	36.0	14.0	-1.0	22.0	17.0	-1.0	24.0	-1.0	-1.0	11.0	15.0	8.0	-1.0	28.0	15.0	-1.0	-1.0	-1.0	-1.0	14.0	

distances_centre_w :
-1.0	29.0	40.0	-1.0	44.0	17.0	35.0	-1.0	43.0	25.0	-1.0	-1.0	40.0	31.0	-1.0	-1.0	-1.0	35.0	-1.0	20.0	28.0	31.0	53.0	-1.0	51.0	40.0	20.0	53.0	-1.0	24.0	-1.0	-1.0	33.0	-1.0	-1.0	28.0	50.0	37.0	53.0	14.0	35.0	22.0	-1.0	-1.0	17.0	40.0	22.0	-1.0	45.0	31.0	49.0	34.0	-1.0	54.0	3.0	12.0	32.0	-1.0	-1.0	-1.0	47.0	16.0	-1.0	18.0	14.0	-1.0	28.0	12.0	33.0	-1.0	-1.0	12.0	39.0	-1.0	40.0	36.0	27.0	51.0	50.0	49.0	-1.0	-1.0	45.0	-1.0	17.0	50.0	-1.0	51.0	23.0	14.0	17.0	29.0	11.0	-1.0	16.0	39.0	-1.0	18.0	44.0	-1.0	
36.0	-1.0	-1.0	-1.0	-1.0	17.0	31.0	40.0	34.0	25.0	15.0	-1.0	-1.0	31.0	-1.0	-1.0	38.0	35.0	48.0	20.0	49.0	-1.0	47.0	12.0	49.0	-1.0	20.0	53.0	30.0	24.0	27.0	31.0	32.0	-1.0	-1.0	-1.0	26.0	-1.0	46.0	14.0	35.0	-1.0	46.0	22.0	-1.0	-1.0	22.0	36.0	-1.0	31.0	49.0	54.0	23.0	-1.0	3.0	-1.0	13.0	39.0	55.0	-1.0	-1.0	16.0	18.0	18.0	-1.0	-1.0	19.0	-1.0	33.0	11.0	-1.0	12.0	24.0	29.0	40.0	-1.0	27.0	49.0	50.0	42.0	50.0	48.0	-1.0	-1.0	17.0	-1.0	-1.0	37.0	23.0	14.0	-1.0	-1.0	11.0	36.0	16.0	-1.0	17.0	-1.0	-1.0	33.0	
36.0	55.0	-1.0	45.0	-1.0	48.0	50.0	40.0	49.0	25.0	15.0	17.0	-1.0	31.0	52.0	20.0	-1.0	35.0	32.0	20.0	28.0	-1.0	47.0	12.0	48.0	43.0	20.0	-1.0	-1.0	24.0	27.0	31.0	29.0	24.0	25.0	28.0	-1.0	-1.0	41.0	-1.0	35.0	22.0	-1.0	-1.0	-1.0	-1.0	22.0	37.0	45.0	31.0	-1.0	30.0	-1.0	54.0	8.0	50.0	30.0	39.0	55.0	52.0	-1.0	20.0	43.0	18.0	14.0	24.0	36.0	50.0	33.0	11.0	38.0	12.0	36.0	29.0	40.0	36.0	32.0	53.0	50.0	-1.0	44.0	16.0	-1.0	46.0	25.0	-1.0	54.0	-1.0	-1.0	14.0	17.0	29.0	-1.0	36.0	20.0	-1.0	-1.0	-1.0	-1.0	33.0	

maxX :
38.0	38.0	38.0	

maxW :
54.0	55.0	55.0	

minX :
0.0	0.0	0.0	

minW :
3.0	3.0	8.0	

moyX :
18.954545454545453	17.125	17.986301369863014	

moyW :
32.06060606060606	30.4375	33.0958904109589	

medX :
18.0	15.0	17.0	

medW :
32.5	31.0	32.0	

ecartTypeX :
10.814456959960726	9.523818824400221	10.286968948905773	

ecartTypeW :
13.448981923707299	13.193126761689209	12.741007447706432	

varX :
116.95247933884298	90.703125	105.82173015575155	

varW :
180.87511478420566	174.05859375	162.33327078251077	

covarX :
118.75174825174827	92.14285714285714	107.29147640791477	

covarW :
183.65780885780885	176.82142857142856	164.58789954337902	

coef_variationX :
0.5705468899739472	0.5561354058043925	0.5719335363824231	

coef_variationW :
0.4194862036695093	0.4334497498706927	0.38497249324609667	

moy_distances_centre :	36.86666666666667
min_distances_centre :	3.0
max_distances_centre :	75.0
med_distances_centre :	33.0
ecartType_distances_centre :	15.497096502248414
var_distances_centre :	240.16000000000005
covar_distances_centre :	242.85842696629217
coef_variation_distances_centre :	0.4203552396631577
capacite_X_temoin : 
154.0	157.0	169.0	150.0	177.0	154.0	147.0	178.0	145.0	178.0	
150.0	166.0	175.0	177.0	136.0	150.0	159.0	160.0	178.0	175.0	
166.0	174.0	153.0	153.0	166.0	175.0	171.0	135.0	162.0	142.0	

capacite_W_temoin : 
81.19999999999999	49.1	52.699999999999996	132.0	213.1	183.2	154.1	161.4	86.5	158.4	
108.0	56.8	99.5	213.1	176.8	144.0	154.7	151.0	144.4	156.5	
87.8	56.199999999999996	98.9	107.9	193.8	191.5	150.3	106.5	142.6	90.6	

demande_cumulee_X : 
119.0	155.0	167.0	63.0	17.0	17.0	37.0	70.0	102.0	73.0	
87.0	159.0	128.0	17.0	0.0	51.0	52.0	57.0	87.0	71.0	
128.0	170.0	100.0	91.0	22.0	36.0	72.0	69.0	68.0	94.0	

demande_cumulee_W : 
69.0	49.0	49.0	100.0	109.0	71.0	121.0	148.0	79.0	25.0	
101.0	42.0	89.0	22.0	103.0	101.0	84.0	126.0	32.0	9.0	
82.0	46.0	93.0	43.0	176.0	105.0	96.0	77.0	97.0	35.0	

capacite_residuelle_X : 
35.0	2.0	2.0	87.0	160.0	137.0	110.0	108.0	43.0	105.0	
63.0	7.0	47.0	160.0	136.0	99.0	107.0	103.0	91.0	104.0	
38.0	4.0	53.0	62.0	144.0	139.0	99.0	66.0	94.0	48.0	

capacite_residuelle_W : 
12.199999999999989	0.10000000000000142	3.6999999999999957	32.0	104.1	112.19999999999999	33.099999999999994	13.400000000000006	7.5	133.4	
7.0	14.799999999999997	10.5	191.1	73.80000000000001	43.0	70.69999999999999	25.0	112.4	147.5	
5.799999999999997	10.199999999999996	5.900000000000006	64.9	17.80000000000001	86.5	54.30000000000001	29.5	45.599999999999994	55.599999999999994	

min_capacite_X : 
145.0	136.0	135.0	

min_capacite_W : 
49.1	56.8	56.199999999999996	

max_capacite_X : 
178.0	178.0	175.0	

max_capacite_W : 
213.1	213.1	193.8	

moy_capacite_X : 
160.9	162.6	159.7	

moy_capacite_W : 
127.17	140.48000000000002	122.60999999999999	

med_capacite_X : 
155.5	163.0	164.0	

med_capacite_W : 
143.05	147.7	107.2	

ecartType_capacite_X : 
12.589281155014373	13.44767637921139	12.9	

ecartType_capacite_W : 
53.690670511737885	41.142114675840375	43.20292698417551	

var_capacite_X : 
158.49	180.83999999999997	166.41	

var_capacite_W : 
2882.6881	1692.6736	1866.4929000000004	

covar_capacite_X : 
176.1	200.93333333333334	184.89999999999998	

covar_capacite_W : 
3202.986777777778	1880.748444444444	2073.8810000000008	

##########	##########	##########	##########	##########	##########	##########	##########	##########	##########	##########	##########	##########	##########	##########	##########	##########	##########	##########	##########	##########	##########	##########	##########	##########	##########	##########	##########	##########	##########	##########	##########	##########	##########	##########	##########	##########	##########	##########	##########	##########	##########	##########	##########	##########	##########	##########	##########	##########	##########	##########	##########	##########	##########	##########	##########	##########	##########	##########	##########	##########	##########	##########	##########	##########	##########	##########	##########	##########	##########	##########	##########	##########	##########	##########	##########	##########	##########	##########	##########	##########	##########	##########	##########	##########	##########	##########	##########	##########	##########	##########	##########	##########	##########	##########	##########	##########	##########	##########	##########	nombre de noeuds : 100
nombre de strates : 3
nombre de centres : 10
titre : intelligent
instances : p17_1
temps de calcul : 0.13288497924804688
valeur objective : 275.0
nombre de solutions : 3
nombre de noeuds : 1.0
faisability : True
centre : [32, 33, 96, 95, 41, 44, 51, 54, 91, 8]
moy_distances :	51.73
min_distances :	0.0
max_distances :	128.0
var_distances :	627.141431486583
covar_distances :	627.2047855053212
ecartType_distances :	25.042792006615056
coef_variation	: 0.48414075819775637
distances_centre_x :
-1.0	30.0	32.0	-1.0	13.0	10.0	2.0	-1.0	0.0	25.0	-1.0	-1.0	9.0	15.0	-1.0	-1.0	-1.0	22.0	-1.0	19.0	28.0	17.0	38.0	-1.0	29.0	11.0	15.0	25.0	-1.0	24.0	-1.0	-1.0	0.0	-1.0	-1.0	28.0	26.0	2.0	31.0	13.0	18.0	0.0	-1.0	-1.0	0.0	8.0	22.0	-1.0	30.0	22.0	25.0	27.0	-1.0	31.0	0.0	18.0	32.0	-1.0	-1.0	-1.0	31.0	12.0	-1.0	14.0	5.0	-1.0	19.0	12.0	24.0	-1.0	-1.0	10.0	22.0	-1.0	26.0	32.0	27.0	31.0	27.0	25.0	-1.0	-1.0	27.0	-1.0	17.0	18.0	-1.0	20.0	18.0	16.0	15.0	0.0	9.0	-1.0	16.0	32.0	-1.0	18.0	15.0	-1.0	
5.0	-1.0	-1.0	-1.0	-1.0	10.0	2.0	12.0	0.0	25.0	15.0	-1.0	-1.0	15.0	-1.0	-1.0	24.0	22.0	3.0	19.0	28.0	-1.0	38.0	9.0	29.0	-1.0	15.0	25.0	11.0	5.0	24.0	17.0	0.0	-1.0	-1.0	-1.0	26.0	-1.0	31.0	13.0	18.0	-1.0	24.0	9.0	-1.0	-1.0	22.0	20.0	-1.0	22.0	25.0	0.0	2.0	-1.0	0.0	-1.0	13.0	21.0	30.0	-1.0	-1.0	12.0	15.0	14.0	-1.0	-1.0	14.0	-1.0	24.0	9.0	-1.0	10.0	22.0	21.0	26.0	-1.0	27.0	31.0	14.0	25.0	14.0	14.0	-1.0	-1.0	9.0	-1.0	-1.0	20.0	18.0	11.0	-1.0	-1.0	9.0	18.0	20.0	-1.0	0.0	-1.0	-1.0	7.0	
5.0	31.0	-1.0	24.0	-1.0	10.0	2.0	12.0	34.0	25.0	12.0	10.0	-1.0	15.0	21.0	13.0	-1.0	22.0	3.0	19.0	28.0	-1.0	38.0	9.0	29.0	11.0	15.0	-1.0	-1.0	27.0	24.0	17.0	33.0	24.0	25.0	15.0	-1.0	-1.0	31.0	-1.0	18.0	0.0	-1.0	-1.0	-1.0	-1.0	22.0	36.0	30.0	22.0	-1.0	0.0	-1.0	31.0	8.0	10.0	13.0	21.0	30.0	32.0	-1.0	12.0	15.0	18.0	5.0	10.0	19.0	30.0	24.0	9.0	8.0	10.0	22.0	21.0	26.0	32.0	32.0	31.0	14.0	-1.0	14.0	14.0	-1.0	22.0	17.0	-1.0	24.0	-1.0	-1.0	11.0	15.0	0.0	-1.0	18.0	15.0	-1.0	-1.0	-1.0	-1.0	7.0	

distances_centre_w :
-1.0	31.0	32.0	-1.0	29.0	48.0	31.0	-1.0	12.0	27.0	-1.0	-1.0	44.0	43.0	-1.0	-1.0	-1.0	52.0	-1.0	20.0	28.0	31.0	53.0	-1.0	42.0	40.0	20.0	53.0	-1.0	42.0	-1.0	-1.0	29.0	-1.0	-1.0	41.0	28.0	14.0	33.0	21.0	35.0	22.0	-1.0	-1.0	17.0	34.0	38.0	-1.0	45.0	22.0	49.0	30.0	-1.0	54.0	3.0	31.0	37.0	-1.0	-1.0	-1.0	39.0	16.0	-1.0	18.0	14.0	-1.0	31.0	12.0	33.0	-1.0	-1.0	19.0	24.0	-1.0	40.0	36.0	32.0	51.0	48.0	37.0	-1.0	-1.0	45.0	-1.0	19.0	25.0	-1.0	27.0	23.0	48.0	17.0	3.0	11.0	-1.0	22.0	36.0	-1.0	21.0	31.0	-1.0	
16.0	-1.0	-1.0	-1.0	-1.0	20.0	31.0	41.0	12.0	27.0	19.0	-1.0	-1.0	31.0	-1.0	-1.0	29.0	28.0	32.0	20.0	28.0	-1.0	38.0	12.0	49.0	-1.0	20.0	53.0	22.0	24.0	27.0	31.0	29.0	-1.0	-1.0	-1.0	50.0	-1.0	41.0	14.0	35.0	-1.0	46.0	22.0	-1.0	-1.0	33.0	36.0	-1.0	34.0	49.0	22.0	10.0	-1.0	3.0	-1.0	23.0	36.0	53.0	-1.0	-1.0	16.0	18.0	18.0	-1.0	-1.0	19.0	-1.0	33.0	11.0	-1.0	12.0	24.0	29.0	40.0	-1.0	32.0	51.0	27.0	43.0	36.0	16.0	-1.0	-1.0	17.0	-1.0	-1.0	27.0	23.0	14.0	-1.0	-1.0	11.0	28.0	43.0	-1.0	17.0	-1.0	-1.0	49.0	
16.0	38.0	-1.0	45.0	-1.0	20.0	31.0	40.0	43.0	40.0	18.0	28.0	-1.0	31.0	30.0	20.0	-1.0	52.0	34.0	20.0	28.0	-1.0	38.0	12.0	48.0	40.0	20.0	-1.0	-1.0	31.0	27.0	50.0	43.0	37.0	27.0	28.0	-1.0	-1.0	53.0	-1.0	35.0	22.0	-1.0	-1.0	-1.0	-1.0	43.0	37.0	53.0	52.0	-1.0	30.0	-1.0	54.0	34.0	12.0	23.0	39.0	53.0	32.0	-1.0	18.0	18.0	34.0	14.0	26.0	36.0	42.0	33.0	29.0	19.0	12.0	36.0	29.0	40.0	36.0	42.0	53.0	27.0	-1.0	44.0	16.0	-1.0	29.0	25.0	-1.0	40.0	-1.0	-1.0	14.0	17.0	31.0	-1.0	36.0	23.0	-1.0	-1.0	-1.0	-1.0	14.0	

maxX :
38.0	38.0	38.0	

maxW :
54.0	53.0	54.0	

minX :
0.0	0.0	0.0	

minW :
3.0	3.0	12.0	

moyX :
18.71212121212121	16.140625	18.52054794520548	

moyW :
30.893939393939394	28.125	32.054794520547944	

medX :
18.5	15.0	18.0	

medW :
31.0	27.5	31.0	

ecartTypeX :
9.903726191194712	9.024042863892824	9.499977777971264	

ecartTypeW :
12.457356093682629	12.144314513384442	11.605254373229709	

varX :
98.08379247015613	81.433349609375	90.24957778194782	

varW :
155.18572084481173	147.484375	134.68192906736726	

covarX :
99.5927738927739	82.72594246031746	91.50304414003043	

covarW :
157.5731934731935	149.8253968253968	136.55251141552512	

coef_variationX :
0.5292679583958309	0.559088812477387	0.512942587124188	

coef_variationW :
0.4032297705654995	0.43179784936478016	0.36204426036143966	

moy_distances_centre :	36.91111111111111
min_distances_centre :	3.0
max_distances_centre :	69.0
med_distances_centre :	34.0
ecartType_distances_centre :	15.715275261452149
var_distances_centre :	246.96987654320992
covar_distances_centre :	249.74481897627973
coef_variation_distances_centre :	0.4257600161139956
capacite_X_temoin : 
163.0	157.0	169.0	150.0	177.0	154.0	147.0	178.0	145.0	178.0	
162.0	166.0	175.0	177.0	136.0	150.0	159.0	160.0	178.0	175.0	
145.0	174.0	153.0	153.0	166.0	175.0	171.0	135.0	162.0	142.0	

capacite_W_temoin : 
59.9	50.1	114.69999999999999	139.0	181.1	191.2	157.1	161.4	78.5	150.4	
73.6	66.8	143.5	218.1	144.8	141.0	181.7	155.0	139.4	156.5	
58.5	63.199999999999996	126.9	121.9	134.8	184.5	150.3	133.5	122.6	102.6	

demande_cumulee_X : 
152.0	154.0	105.0	56.0	49.0	9.0	34.0	70.0	110.0	81.0	
137.0	149.0	84.0	12.0	32.0	54.0	25.0	53.0	92.0	71.0	
130.0	163.0	72.0	77.0	81.0	43.0	72.0	42.0	88.0	82.0	

demande_cumulee_W : 
44.0	38.0	112.0	78.0	95.0	49.0	140.0	155.0	44.0	65.0	
65.0	62.0	140.0	26.0	77.0	77.0	62.0	146.0	46.0	8.0	
53.0	63.0	115.0	82.0	109.0	108.0	144.0	94.0	69.0	13.0	

capacite_residuelle_X : 
11.0	3.0	64.0	94.0	128.0	145.0	113.0	108.0	35.0	97.0	
25.0	17.0	91.0	165.0	104.0	96.0	134.0	107.0	86.0	104.0	
15.0	11.0	81.0	76.0	85.0	132.0	99.0	93.0	74.0	60.0	

capacite_residuelle_W : 
15.899999999999999	12.100000000000001	2.6999999999999886	61.0	86.1	142.2	17.099999999999994	6.400000000000006	34.5	85.4	
8.599999999999994	4.799999999999997	3.5	192.1	67.80000000000001	64.0	119.69999999999999	9.0	93.4	148.5	
5.5	0.19999999999999574	11.900000000000006	39.900000000000006	25.80000000000001	76.5	6.300000000000011	39.5	53.599999999999994	89.6	

min_capacite_X : 
145.0	136.0	135.0	

min_capacite_W : 
50.1	66.8	58.5	

max_capacite_X : 
178.0	178.0	175.0	

max_capacite_W : 
191.2	218.1	184.5	

moy_capacite_X : 
161.8	163.8	157.6	

moy_capacite_W : 
128.34	142.04000000000002	119.88	

med_capacite_X : 
160.0	164.0	157.5	

med_capacite_W : 
144.7	144.15	124.75	

ecartType_capacite_X : 
12.383860464330176	12.789057822998535	13.402984742213208	

ecartType_capacite_W : 
47.67702171906294	42.54172539989416	35.84510566311669	

var_capacite_X : 
153.36	163.56	179.64000000000004	

var_capacite_W : 
2273.0984	1809.7984000000001	1284.8716000000002	

covar_capacite_X : 
170.39999999999998	181.73333333333332	199.60000000000002	

covar_capacite_W : 
2525.6648888888885	2010.8871111111107	1427.6351111111112	

##########	##########	##########	##########	##########	##########	##########	##########	##########	##########	##########	##########	##########	##########	##########	##########	##########	##########	##########	##########	##########	##########	##########	##########	##########	##########	##########	##########	##########	##########	##########	##########	##########	##########	##########	##########	##########	##########	##########	##########	##########	##########	##########	##########	##########	##########	##########	##########	##########	##########	##########	##########	##########	##########	##########	##########	##########	##########	##########	##########	##########	##########	##########	##########	##########	##########	##########	##########	##########	##########	##########	##########	##########	##########	##########	##########	##########	##########	##########	##########	##########	##########	##########	##########	##########	##########	##########	##########	##########	##########	##########	##########	##########	##########	##########	##########	##########	##########	##########	##########	nombre de noeuds : 100
nombre de strates : 3
nombre de centres : 10
titre : intelligent
instances : p17_1
temps de calcul : 0.13341689109802246
valeur objective : 284.0
nombre de solutions : 3
nombre de noeuds : 1.0
faisability : True
centre : [32, 33, 96, 95, 41, 44, 51, 54, 91, 89]
moy_distances :	51.73
min_distances :	0.0
max_distances :	128.0
var_distances :	627.141431486583
covar_distances :	627.2047855053212
ecartType_distances :	25.042792006615056
coef_variation	: 0.48414075819775637
distances_centre_x :
-1.0	30.0	34.0	-1.0	13.0	28.0	35.0	-1.0	35.0	25.0	-1.0	-1.0	21.0	15.0	-1.0	-1.0	-1.0	28.0	-1.0	19.0	28.0	17.0	38.0	-1.0	29.0	11.0	32.0	25.0	-1.0	24.0	-1.0	-1.0	0.0	-1.0	-1.0	15.0	20.0	37.0	31.0	11.0	18.0	0.0	-1.0	-1.0	0.0	37.0	22.0	-1.0	30.0	22.0	25.0	0.0	-1.0	31.0	0.0	10.0	32.0	-1.0	-1.0	-1.0	31.0	12.0	-1.0	30.0	5.0	-1.0	28.0	12.0	24.0	-1.0	-1.0	10.0	22.0	-1.0	26.0	36.0	32.0	31.0	27.0	25.0	-1.0	-1.0	27.0	-1.0	9.0	25.0	-1.0	27.0	18.0	0.0	15.0	0.0	7.0	-1.0	20.0	0.0	-1.0	24.0	31.0	-1.0	
16.0	-1.0	-1.0	-1.0	-1.0	10.0	2.0	12.0	12.0	25.0	12.0	-1.0	-1.0	15.0	-1.0	-1.0	24.0	28.0	3.0	19.0	28.0	-1.0	38.0	2.0	29.0	-1.0	15.0	25.0	11.0	5.0	24.0	17.0	0.0	-1.0	-1.0	-1.0	20.0	-1.0	31.0	11.0	18.0	-1.0	24.0	9.0	-1.0	-1.0	22.0	20.0	-1.0	22.0	25.0	0.0	10.0	-1.0	0.0	-1.0	13.0	21.0	30.0	-1.0	-1.0	12.0	15.0	14.0	-1.0	-1.0	19.0	-1.0	24.0	9.0	-1.0	10.0	22.0	21.0	26.0	-1.0	27.0	31.0	27.0	25.0	14.0	14.0	-1.0	-1.0	9.0	-1.0	-1.0	27.0	18.0	0.0	-1.0	-1.0	7.0	28.0	15.0	-1.0	0.0	-1.0	-1.0	38.0	
16.0	22.0	-1.0	24.0	-1.0	30.0	2.0	12.0	34.0	25.0	21.0	31.0	-1.0	15.0	21.0	13.0	-1.0	28.0	32.0	19.0	28.0	-1.0	38.0	2.0	29.0	11.0	15.0	-1.0	-1.0	31.0	24.0	17.0	0.0	26.0	17.0	15.0	-1.0	-1.0	31.0	-1.0	18.0	0.0	-1.0	-1.0	-1.0	-1.0	22.0	20.0	30.0	22.0	-1.0	0.0	-1.0	31.0	0.0	12.0	32.0	21.0	30.0	32.0	-1.0	12.0	21.0	14.0	5.0	10.0	28.0	12.0	24.0	9.0	8.0	10.0	22.0	21.0	26.0	36.0	27.0	31.0	27.0	-1.0	36.0	14.0	-1.0	29.0	9.0	-1.0	24.0	-1.0	-1.0	0.0	15.0	0.0	-1.0	36.0	15.0	-1.0	-1.0	-1.0	-1.0	14.0	

distances_centre_w :
-1.0	57.0	48.0	-1.0	18.0	31.0	35.0	-1.0	43.0	50.0	-1.0	-1.0	44.0	31.0	-1.0	-1.0	-1.0	57.0	-1.0	20.0	49.0	31.0	47.0	-1.0	48.0	28.0	44.0	41.0	-1.0	27.0	-1.0	-1.0	17.0	-1.0	-1.0	28.0	34.0	45.0	37.0	13.0	35.0	8.0	-1.0	-1.0	17.0	40.0	38.0	-1.0	45.0	22.0	49.0	22.0	-1.0	54.0	14.0	12.0	55.0	-1.0	-1.0	-1.0	31.0	15.0	-1.0	34.0	14.0	-1.0	36.0	12.0	33.0	-1.0	-1.0	12.0	24.0	-1.0	40.0	59.0	44.0	41.0	56.0	45.0	-1.0	-1.0	45.0	-1.0	17.0	50.0	-1.0	51.0	23.0	11.0	17.0	29.0	9.0	-1.0	49.0	27.0	-1.0	26.0	44.0	-1.0	
39.0	-1.0	-1.0	-1.0	-1.0	28.0	20.0	41.0	34.0	27.0	15.0	-1.0	-1.0	31.0	-1.0	-1.0	38.0	52.0	34.0	20.0	49.0	-1.0	45.0	9.0	39.0	-1.0	20.0	41.0	22.0	26.0	27.0	31.0	32.0	-1.0	-1.0	-1.0	34.0	-1.0	46.0	13.0	35.0	-1.0	46.0	22.0	-1.0	-1.0	33.0	36.0	-1.0	22.0	49.0	22.0	39.0	-1.0	3.0	-1.0	30.0	30.0	44.0	-1.0	-1.0	20.0	18.0	18.0	-1.0	-1.0	31.0	-1.0	33.0	11.0	-1.0	12.0	24.0	29.0	40.0	-1.0	32.0	41.0	48.0	42.0	36.0	21.0	-1.0	-1.0	17.0	-1.0	-1.0	51.0	23.0	11.0	-1.0	-1.0	9.0	36.0	20.0	-1.0	36.0	-1.0	-1.0	49.0	
39.0	26.0	-1.0	45.0	-1.0	48.0	50.0	30.0	45.0	57.0	40.0	36.0	-1.0	31.0	23.0	20.0	-1.0	52.0	34.0	20.0	49.0	-1.0	45.0	15.0	39.0	41.0	20.0	-1.0	-1.0	43.0	27.0	31.0	33.0	37.0	28.0	28.0	-1.0	-1.0	37.0	-1.0	35.0	8.0	-1.0	-1.0	-1.0	-1.0	33.0	36.0	45.0	22.0	-1.0	30.0	-1.0	54.0	3.0	18.0	55.0	30.0	57.0	55.0	-1.0	15.0	43.0	40.0	14.0	11.0	28.0	50.0	33.0	11.0	8.0	12.0	39.0	29.0	40.0	59.0	53.0	41.0	46.0	-1.0	44.0	16.0	-1.0	46.0	25.0	-1.0	40.0	-1.0	-1.0	11.0	46.0	3.0	-1.0	36.0	16.0	-1.0	-1.0	-1.0	-1.0	38.0	

maxX :
38.0	38.0	38.0	

maxW :
59.0	52.0	59.0	

minX :
0.0	0.0	0.0	

minW :
8.0	3.0	3.0	

moyX :
20.939393939393938	17.1875	19.643835616438356	

moyW :
33.75757575757576	30.1875	33.465753424657535	

medX :
24.0	17.5	21.0	

medW :
34.5	31.0	36.0	

ecartTypeX :
11.102659779446775	9.537549147972975	10.314731934330027	

ecartTypeW :
14.304121684093424	11.866279692894484	14.202143569426338	

varX :
123.2690541781451	90.96484375	106.39369487708764	

varW :
204.60789715335167	140.80859375	201.70088196659788	

covarX :
125.16550116550115	92.40873015873015	107.87138508371386	

covarW :
207.75571095571095	143.04365079365078	204.50228310502285	

coef_variationX :
0.5302283252123641	0.5549119504275185	0.5250874694603151	

coef_variationW :
0.42373071416075675	0.3930858697439166	0.42437842020799127	

moy_distances_centre :	33.15555555555556
min_distances_centre :	3.0
max_distances_centre :	65.0
med_distances_centre :	32.0
ecartType_distances_centre :	14.4267584032135
var_distances_centre :	208.13135802469134
covar_distances_centre :	210.46991260923835
coef_variation_distances_centre :	0.4351234102845894
capacite_X_temoin : 
157.0	169.0	150.0	177.0	154.0	147.0	168.0	178.0	145.0	178.0	
166.0	175.0	177.0	136.0	150.0	159.0	145.0	160.0	178.0	175.0	
174.0	153.0	153.0	166.0	175.0	171.0	156.0	135.0	162.0	142.0	

capacite_W_temoin : 
54.1	54.699999999999996	153.0	147.1	180.2	152.1	154.4	143.4	86.5	164.4	
55.8	66.5	208.1	145.8	145.0	163.7	109.5	208.0	139.4	156.5	
62.199999999999996	59.9	148.9	139.8	176.5	146.3	167.8	77.5	136.6	97.6	

demande_cumulee_X : 
150.0	165.0	42.0	83.0	20.0	39.0	64.0	88.0	102.0	67.0	
160.0	161.0	22.0	31.0	50.0	43.0	79.0	0.0	92.0	71.0	
164.0	139.0	50.0	76.0	51.0	76.0	35.0	98.0	74.0	87.0	

demande_cumulee_W : 
45.0	42.0	120.0	134.0	83.0	107.0	124.0	62.0	68.0	35.0	
44.0	36.0	43.0	142.0	82.0	115.0	102.0	100.0	32.0	13.0	
58.0	43.0	77.0	112.0	114.0	115.0	162.0	51.0	82.0	36.0	

capacite_residuelle_X : 
7.0	4.0	108.0	94.0	134.0	108.0	104.0	90.0	43.0	111.0	
6.0	14.0	155.0	105.0	100.0	116.0	66.0	160.0	86.0	104.0	
10.0	14.0	103.0	90.0	124.0	95.0	121.0	37.0	88.0	55.0	

capacite_residuelle_W : 
9.100000000000001	12.699999999999996	33.0	13.099999999999994	97.19999999999999	45.099999999999994	30.400000000000006	81.4	18.5	129.4	
11.799999999999997	30.5	165.1	3.8000000000000114	63.0	48.69999999999999	7.5	108.0	107.4	143.5	
4.199999999999996	16.9	71.9	27.80000000000001	62.5	31.30000000000001	5.800000000000011	26.5	54.599999999999994	61.599999999999994	

min_capacite_X : 
145.0	136.0	135.0	

min_capacite_W : 
54.1	55.8	59.9	

max_capacite_X : 
178.0	178.0	175.0	

max_capacite_W : 
180.2	208.1	176.5	

moy_capacite_X : 
162.3	162.1	158.7	

moy_capacite_W : 
128.99	139.83	121.30999999999999	

med_capacite_X : 
162.5	163.0	159.0	

med_capacite_W : 
149.6	145.4	138.2	

ecartType_capacite_X : 
12.522379965485793	13.988924190229925	12.759702190882043	

ecartType_capacite_W : 
43.70479264337036	48.555536244593156	41.128200787294354	

var_capacite_X : 
156.81	195.68999999999997	162.81	

var_capacite_W : 
1910.1089	2357.6400999999996	1691.5289	

covar_capacite_X : 
174.23333333333335	217.43333333333334	180.9	

covar_capacite_W : 
2122.3432222222223	2619.600111111111	1879.4765555555555	

##########	##########	##########	##########	##########	##########	##########	##########	##########	##########	##########	##########	##########	##########	##########	##########	##########	##########	##########	##########	##########	##########	##########	##########	##########	##########	##########	##########	##########	##########	##########	##########	##########	##########	##########	##########	##########	##########	##########	##########	##########	##########	##########	##########	##########	##########	##########	##########	##########	##########	##########	##########	##########	##########	##########	##########	##########	##########	##########	##########	##########	##########	##########	##########	##########	##########	##########	##########	##########	##########	##########	##########	##########	##########	##########	##########	##########	##########	##########	##########	##########	##########	##########	##########	##########	##########	##########	##########	##########	##########	##########	##########	##########	##########	##########	##########	##########	##########	##########	##########	nombre de noeuds : 100
nombre de strates : 3
nombre de centres : 10
titre : intelligent
instances : p17_1
temps de calcul : 0.11737799644470215
valeur objective : 327.0
nombre de solutions : 3
nombre de noeuds : 1.0
faisability : True
centre : [32, 33, 96, 41, 44, 51, 54, 91, 89, 52]
moy_distances :	51.73
min_distances :	0.0
max_distances :	128.0
var_distances :	627.141431486583
covar_distances :	627.2047855053212
ecartType_distances :	25.042792006615056
coef_variation	: 0.48414075819775637
distances_centre_x :
-1.0	31.0	32.0	-1.0	28.0	10.0	31.0	-1.0	43.0	25.0	-1.0	-1.0	44.0	31.0	-1.0	-1.0	-1.0	28.0	-1.0	19.0	50.0	17.0	38.0	-1.0	29.0	43.0	15.0	25.0	-1.0	5.0	-1.0	-1.0	0.0	-1.0	-1.0	30.0	20.0	45.0	31.0	11.0	18.0	0.0	-1.0	-1.0	0.0	8.0	22.0	-1.0	30.0	39.0	49.0	0.0	-1.0	54.0	0.0	10.0	30.0	-1.0	-1.0	-1.0	31.0	12.0	-1.0	18.0	5.0	-1.0	14.0	12.0	51.0	-1.0	-1.0	10.0	24.0	-1.0	26.0	36.0	27.0	31.0	27.0	25.0	-1.0	-1.0	45.0	-1.0	9.0	25.0	-1.0	27.0	18.0	11.0	15.0	8.0	7.0	-1.0	15.0	27.0	-1.0	13.0	15.0	-1.0	
16.0	-1.0	-1.0	-1.0	-1.0	10.0	31.0	12.0	12.0	25.0	12.0	-1.0	-1.0	31.0	-1.0	-1.0	24.0	28.0	3.0	19.0	28.0	-1.0	38.0	2.0	29.0	-1.0	15.0	25.0	22.0	5.0	24.0	17.0	17.0	-1.0	-1.0	-1.0	26.0	-1.0	44.0	11.0	18.0	-1.0	46.0	22.0	-1.0	-1.0	22.0	20.0	-1.0	22.0	49.0	22.0	0.0	-1.0	0.0	-1.0	30.0	21.0	30.0	-1.0	-1.0	12.0	15.0	14.0	-1.0	-1.0	28.0	-1.0	33.0	9.0	-1.0	10.0	22.0	21.0	26.0	-1.0	43.0	31.0	27.0	42.0	36.0	14.0	-1.0	-1.0	9.0	-1.0	-1.0	27.0	18.0	0.0	-1.0	-1.0	7.0	28.0	15.0	-1.0	0.0	-1.0	-1.0	14.0	
42.0	22.0	-1.0	51.0	-1.0	28.0	32.0	12.0	33.0	25.0	12.0	48.0	-1.0	31.0	21.0	13.0	-1.0	52.0	3.0	19.0	28.0	-1.0	38.0	2.0	29.0	11.0	15.0	-1.0	-1.0	5.0	24.0	17.0	0.0	26.0	18.0	15.0	-1.0	-1.0	44.0	-1.0	18.0	0.0	-1.0	-1.0	-1.0	-1.0	22.0	37.0	53.0	32.0	-1.0	0.0	-1.0	54.0	0.0	10.0	30.0	30.0	30.0	52.0	-1.0	12.0	15.0	14.0	5.0	8.0	31.0	12.0	33.0	9.0	6.0	10.0	22.0	21.0	26.0	36.0	32.0	51.0	27.0	-1.0	44.0	14.0	-1.0	29.0	19.0	-1.0	24.0	-1.0	-1.0	0.0	15.0	0.0	-1.0	28.0	15.0	-1.0	-1.0	-1.0	-1.0	14.0	

distances_centre_w :
-1.0	38.0	32.0	-1.0	31.0	55.0	32.0	-1.0	49.0	27.0	-1.0	-1.0	46.0	43.0	-1.0	-1.0	-1.0	51.0	-1.0	20.0	58.0	31.0	45.0	-1.0	39.0	44.0	20.0	41.0	-1.0	12.0	-1.0	-1.0	17.0	-1.0	-1.0	41.0	28.0	51.0	37.0	12.0	35.0	10.0	-1.0	-1.0	17.0	40.0	33.0	-1.0	45.0	52.0	50.0	22.0	-1.0	56.0	2.0	12.0	30.0	-1.0	-1.0	-1.0	31.0	15.0	-1.0	30.0	14.0	-1.0	19.0	43.0	56.0	-1.0	-1.0	10.0	41.0	-1.0	40.0	59.0	32.0	41.0	46.0	42.0	-1.0	-1.0	57.0	-1.0	17.0	49.0	-1.0	51.0	37.0	48.0	18.0	38.0	8.0	-1.0	16.0	32.0	-1.0	18.0	32.0	-1.0	
38.0	-1.0	-1.0	-1.0	-1.0	36.0	34.0	45.0	33.0	27.0	15.0	-1.0	-1.0	43.0	-1.0	-1.0	38.0	51.0	32.0	20.0	49.0	-1.0	45.0	9.0	39.0	-1.0	20.0	41.0	25.0	24.0	44.0	31.0	32.0	-1.0	-1.0	-1.0	34.0	-1.0	46.0	12.0	35.0	-1.0	52.0	33.0	-1.0	-1.0	33.0	36.0	-1.0	31.0	50.0	30.0	31.0	-1.0	2.0	-1.0	30.0	30.0	44.0	-1.0	-1.0	21.0	18.0	18.0	-1.0	-1.0	29.0	-1.0	44.0	15.0	-1.0	10.0	24.0	29.0	40.0	-1.0	49.0	41.0	46.0	42.0	44.0	48.0	-1.0	-1.0	25.0	-1.0	-1.0	51.0	37.0	11.0	-1.0	-1.0	8.0	36.0	16.0	-1.0	17.0	-1.0	-1.0	37.0	
48.0	26.0	-1.0	56.0	-1.0	55.0	45.0	30.0	35.0	27.0	21.0	55.0	-1.0	43.0	23.0	20.0	-1.0	57.0	20.0	20.0	49.0	-1.0	45.0	9.0	39.0	28.0	20.0	-1.0	-1.0	24.0	44.0	31.0	17.0	54.0	45.0	50.0	-1.0	-1.0	46.0	-1.0	35.0	10.0	-1.0	-1.0	-1.0	-1.0	33.0	55.0	58.0	39.0	-1.0	30.0	-1.0	56.0	2.0	12.0	30.0	46.0	44.0	55.0	-1.0	15.0	18.0	18.0	14.0	13.0	36.0	43.0	56.0	19.0	8.0	41.0	45.0	29.0	40.0	59.0	44.0	53.0	46.0	-1.0	45.0	16.0	-1.0	46.0	25.0	-1.0	41.0	-1.0	-1.0	11.0	46.0	26.0	-1.0	40.0	22.0	-1.0	-1.0	-1.0	-1.0	37.0	

maxX :
54.0	49.0	54.0	

maxW :
59.0	52.0	59.0	

minX :
0.0	0.0	0.0	

minW :
2.0	2.0	2.0	

moyX :
23.106060606060606	20.765625	22.684931506849313	

moyW :
34.0	32.125	34.78082191780822	

medX :
25.0	21.5	22.0	

medW :
36.0	33.0	37.0	

ecartTypeX :
13.818223351878036	11.597066153099886	14.617381952056085	

ecartTypeW :
14.629774537917632	12.33959581996104	15.044451555710573	

varX :
190.94329660238748	134.491943359375	213.667855132295	

varW :
214.03030303030303	152.265625	226.3355226121223	

covarX :
193.88088578088576	136.62673611111111	216.63546423135466	

covarW :
217.32307692307694	154.68253968253967	229.4790715372907	

coef_variationX :
0.5980345844091478	0.5584742165525904	0.6443652672102019	

coef_variationW :
0.4302874864093421	0.3841119321388651	0.4325502022713162	

moy_distances_centre :	28.88888888888889
min_distances_centre :	2.0
max_distances_centre :	65.0
med_distances_centre :	30.0
ecartType_distances_centre :	14.686686673041635
var_distances_centre :	215.69876543209878
covar_distances_centre :	218.12234706616735
coef_variation_distances_centre :	0.5083853079129796
capacite_X_temoin : 
157.0	169.0	150.0	177.0	154.0	175.0	147.0	168.0	178.0	178.0	
166.0	175.0	177.0	136.0	150.0	135.0	159.0	145.0	160.0	175.0	
174.0	153.0	153.0	166.0	175.0	153.0	171.0	156.0	135.0	142.0	

capacite_W_temoin : 
55.1	54.699999999999996	128.0	180.1	99.19999999999999	180.5	110.1	163.4	203.4	154.4	
51.8	60.5	209.1	145.8	97.0	129.5	189.7	132.5	170.0	156.5	
56.199999999999996	70.9	136.9	151.8	148.5	109.9	150.3	160.8	130.5	85.6	

demande_cumulee_X : 
149.0	165.0	67.0	50.0	101.0	47.0	81.0	55.0	28.0	77.0	
164.0	167.0	21.0	31.0	98.0	46.0	17.0	56.0	38.0	71.0	
170.0	128.0	62.0	64.0	79.0	89.0	72.0	42.0	45.0	99.0	

demande_cumulee_W : 
48.0	49.0	97.0	120.0	51.0	130.0	80.0	154.0	22.0	69.0	
38.0	32.0	96.0	100.0	42.0	129.0	50.0	130.0	84.0	8.0	
13.0	61.0	83.0	123.0	133.0	78.0	72.0	150.0	77.0	60.0	

capacite_residuelle_X : 
8.0	4.0	83.0	127.0	53.0	128.0	66.0	113.0	150.0	101.0	
2.0	8.0	156.0	105.0	52.0	89.0	142.0	89.0	122.0	104.0	
4.0	25.0	91.0	102.0	96.0	64.0	99.0	114.0	90.0	43.0	

capacite_residuelle_W : 
7.100000000000001	5.699999999999996	31.0	60.099999999999994	48.19999999999999	50.5	30.099999999999994	9.400000000000006	181.4	85.4	
13.799999999999997	28.5	113.1	45.80000000000001	55.0	0.5	139.7	2.5	86.0	148.5	
43.199999999999996	9.900000000000006	53.900000000000006	28.80000000000001	15.5	31.900000000000006	78.30000000000001	10.800000000000011	53.5	25.599999999999994	

min_capacite_X : 
147.0	135.0	135.0	

min_capacite_W : 
54.699999999999996	51.8	56.199999999999996	

max_capacite_X : 
178.0	177.0	175.0	

max_capacite_W : 
203.4	209.1	160.8	

moy_capacite_X : 
165.3	157.8	157.8	

moy_capacite_W : 
132.89000000000004	134.24	120.14000000000001	

med_capacite_X : 
168.5	159.5	154.5	

med_capacite_W : 
141.2	139.15	133.7	

ecartType_capacite_X : 
11.576268828944844	15.011995203836165	12.812493902437573	

ecartType_capacite_W : 
49.70308742925333	49.22804485250253	35.45208597529911	

var_capacite_X : 
134.01000000000002	225.35999999999999	164.16	

var_capacite_W : 
2470.3969	2423.4004000000004	1256.8504000000003	

covar_capacite_X : 
148.9	250.40000000000003	182.39999999999998	

covar_capacite_W : 
2744.8854444444446	2692.6671111111114	1396.5004444444446	

##########	##########	##########	##########	##########	##########	##########	##########	##########	##########	##########	##########	##########	##########	##########	##########	##########	##########	##########	##########	##########	##########	##########	##########	##########	##########	##########	##########	##########	##########	##########	##########	##########	##########	##########	##########	##########	##########	##########	##########	##########	##########	##########	##########	##########	##########	##########	##########	##########	##########	##########	##########	##########	##########	##########	##########	##########	##########	##########	##########	##########	##########	##########	##########	##########	##########	##########	##########	##########	##########	##########	##########	##########	##########	##########	##########	##########	##########	##########	##########	##########	##########	##########	##########	##########	##########	##########	##########	##########	##########	##########	##########	##########	##########	##########	##########	##########	##########	##########	##########	nombre de noeuds : 100
nombre de strates : 3
nombre de centres : 10
titre : intelligent
instances : p17_1
temps de calcul : 0.12276101112365723
valeur objective : 327.0
nombre de solutions : 3
nombre de noeuds : 1.0
faisability : True
centre : [32, 33, 41, 44, 51, 54, 91, 89, 52, 21]
moy_distances :	51.73
min_distances :	0.0
max_distances :	128.0
var_distances :	627.141431486583
covar_distances :	627.2047855053212
ecartType_distances :	25.042792006615056
coef_variation	: 0.48414075819775637
distances_centre_x :
-1.0	31.0	41.0	-1.0	13.0	10.0	31.0	-1.0	34.0	25.0	-1.0	-1.0	21.0	31.0	-1.0	-1.0	-1.0	28.0	-1.0	18.0	49.0	0.0	38.0	-1.0	49.0	11.0	20.0	25.0	-1.0	5.0	-1.0	-1.0	17.0	-1.0	-1.0	42.0	20.0	14.0	31.0	11.0	6.0	0.0	-1.0	-1.0	0.0	8.0	22.0	-1.0	30.0	37.0	49.0	22.0	-1.0	54.0	0.0	18.0	13.0	-1.0	-1.0	-1.0	31.0	12.0	-1.0	21.0	14.0	-1.0	14.0	12.0	51.0	-1.0	-1.0	20.0	22.0	-1.0	8.0	36.0	42.0	31.0	27.0	34.0	-1.0	-1.0	45.0	-1.0	27.0	25.0	-1.0	27.0	18.0	0.0	15.0	3.0	7.0	-1.0	15.0	27.0	-1.0	13.0	32.0	-1.0	
39.0	-1.0	-1.0	-1.0	-1.0	10.0	2.0	12.0	12.0	25.0	12.0	-1.0	-1.0	31.0	-1.0	-1.0	24.0	28.0	20.0	18.0	28.0	-1.0	38.0	2.0	49.0	-1.0	20.0	25.0	22.0	5.0	24.0	0.0	0.0	-1.0	-1.0	-1.0	20.0	-1.0	31.0	11.0	6.0	-1.0	46.0	22.0	-1.0	-1.0	22.0	8.0	-1.0	22.0	49.0	0.0	0.0	-1.0	0.0	-1.0	13.0	30.0	30.0	-1.0	-1.0	12.0	15.0	18.0	-1.0	-1.0	14.0	-1.0	33.0	9.0	-1.0	10.0	22.0	17.0	8.0	-1.0	27.0	31.0	27.0	45.0	46.0	14.0	-1.0	-1.0	9.0	-1.0	-1.0	27.0	18.0	0.0	-1.0	-1.0	9.0	36.0	15.0	-1.0	17.0	-1.0	-1.0	14.0	
40.0	22.0	-1.0	45.0	-1.0	30.0	20.0	12.0	34.0	25.0	12.0	10.0	-1.0	31.0	21.0	13.0	-1.0	28.0	3.0	18.0	28.0	-1.0	38.0	2.0	39.0	43.0	20.0	-1.0	-1.0	5.0	24.0	0.0	0.0	23.0	10.0	41.0	-1.0	-1.0	31.0	-1.0	6.0	0.0	-1.0	-1.0	-1.0	-1.0	22.0	8.0	45.0	22.0	-1.0	0.0	-1.0	54.0	0.0	10.0	30.0	41.0	30.0	32.0	-1.0	12.0	18.0	18.0	14.0	8.0	14.0	12.0	33.0	9.0	6.0	10.0	22.0	17.0	8.0	36.0	42.0	31.0	27.0	-1.0	50.0	14.0	-1.0	29.0	9.0	-1.0	24.0	-1.0	-1.0	0.0	15.0	2.0	-1.0	28.0	15.0	-1.0	-1.0	-1.0	-1.0	39.0	

distances_centre_w :
-1.0	38.0	48.0	-1.0	31.0	28.0	32.0	-1.0	49.0	27.0	-1.0	-1.0	43.0	43.0	-1.0	-1.0	-1.0	51.0	-1.0	20.0	50.0	31.0	45.0	-1.0	56.0	28.0	32.0	41.0	-1.0	12.0	-1.0	-1.0	29.0	-1.0	-1.0	50.0	25.0	35.0	37.0	12.0	35.0	50.0	-1.0	-1.0	28.0	25.0	33.0	-1.0	45.0	53.0	50.0	34.0	-1.0	56.0	2.0	18.0	30.0	-1.0	-1.0	-1.0	31.0	21.0	-1.0	40.0	18.0	-1.0	19.0	42.0	56.0	-1.0	-1.0	58.0	24.0	-1.0	40.0	59.0	48.0	41.0	46.0	42.0	-1.0	-1.0	57.0	-1.0	32.0	49.0	-1.0	53.0	37.0	11.0	18.0	29.0	8.0	-1.0	17.0	32.0	-1.0	18.0	44.0	-1.0	
52.0	-1.0	-1.0	-1.0	-1.0	28.0	32.0	41.0	43.0	27.0	15.0	-1.0	-1.0	43.0	-1.0	-1.0	38.0	51.0	32.0	20.0	49.0	-1.0	47.0	9.0	51.0	-1.0	32.0	41.0	33.0	12.0	44.0	31.0	17.0	-1.0	-1.0	-1.0	21.0	-1.0	37.0	12.0	35.0	-1.0	52.0	33.0	-1.0	-1.0	33.0	36.0	-1.0	37.0	50.0	22.0	10.0	-1.0	2.0	-1.0	30.0	38.0	44.0	-1.0	-1.0	18.0	18.0	21.0	-1.0	-1.0	28.0	-1.0	44.0	9.0	-1.0	10.0	24.0	29.0	40.0	-1.0	32.0	51.0	46.0	49.0	50.0	48.0	-1.0	-1.0	28.0	-1.0	-1.0	51.0	37.0	11.0	-1.0	-1.0	11.0	36.0	25.0	-1.0	17.0	-1.0	-1.0	37.0	
52.0	38.0	-1.0	51.0	-1.0	36.0	31.0	30.0	45.0	27.0	21.0	28.0	-1.0	43.0	23.0	26.0	-1.0	54.0	20.0	20.0	49.0	-1.0	45.0	9.0	51.0	58.0	32.0	-1.0	-1.0	26.0	44.0	31.0	17.0	54.0	58.0	42.0	-1.0	-1.0	47.0	-1.0	35.0	10.0	-1.0	-1.0	-1.0	-1.0	42.0	36.0	53.0	22.0	-1.0	22.0	-1.0	56.0	2.0	12.0	30.0	46.0	44.0	52.0	-1.0	15.0	19.0	21.0	18.0	24.0	19.0	12.0	51.0	17.0	12.0	10.0	24.0	29.0	40.0	59.0	44.0	41.0	46.0	-1.0	53.0	16.0	-1.0	55.0	35.0	-1.0	54.0	-1.0	-1.0	11.0	55.0	29.0	-1.0	39.0	23.0	-1.0	-1.0	-1.0	-1.0	52.0	

maxX :
54.0	49.0	54.0	

maxW :
59.0	52.0	59.0	

minX :
0.0	0.0	0.0	

minW :
2.0	2.0	2.0	

moyX :
22.772727272727273	19.515625	20.958904109589042	

moyW :
35.484848484848484	32.03125	34.15068493150685	

medX :
21.5	18.0	20.0	

medW :
35.0	33.0	35.0	

ecartTypeX :
13.83320057024147	12.862241478816008	13.811290156438158	

ecartTypeW :
13.775518935660468	13.513845619863355	15.260003440704754	

varX :
191.35743801652893	165.437255859375	190.75173578532556	

varW :
189.76492194674012	182.6240234375	232.86770501032092	

covarX :
194.30139860139863	168.06324404761904	193.40106544901067	

covarW :
192.68438228438228	185.52281746031744	236.1019786910198	

coef_variationX :
0.6074459332241763	0.6590740229337266	0.6589700532156768	

coef_variationW :
0.3882084755566144	0.4218956681323194	0.44684326160106175	

moy_distances_centre :	32.22222222222222
min_distances_centre :	2.0
max_distances_centre :	82.0
med_distances_centre :	31.0
ecartType_distances_centre :	18.284041479921942
var_distances_centre :	334.3061728395062
covar_distances_centre :	338.06242197253425
coef_variation_distances_centre :	0.567435770066543
capacite_X_temoin : 
159.0	157.0	169.0	150.0	177.0	154.0	175.0	147.0	168.0	178.0	
166.0	166.0	175.0	177.0	136.0	150.0	135.0	159.0	145.0	160.0	
139.0	174.0	153.0	153.0	166.0	175.0	153.0	171.0	156.0	135.0	

capacite_W_temoin : 
150.7	51.1	62.699999999999996	146.0	145.1	114.19999999999999	205.5	96.1	131.4	201.4	
150.8	52.8	60.5	213.1	137.8	92.0	152.5	194.7	97.5	179.0	
115.69999999999999	55.199999999999996	47.9	124.9	149.8	150.5	136.9	146.3	147.8	122.5	

demande_cumulee_X : 
56.0	153.0	157.0	49.0	85.0	86.0	22.0	95.0	87.0	30.0	
65.0	163.0	167.0	17.0	39.0	103.0	23.0	12.0	91.0	29.0	
65.0	171.0	151.0	74.0	66.0	77.0	62.0	76.0	55.0	53.0	

demande_cumulee_W : 
58.0	37.0	49.0	97.0	93.0	72.0	179.0	72.0	122.0	41.0	
4.0	48.0	53.0	91.0	101.0	43.0	127.0	68.0	82.0	92.0	
70.0	54.0	40.0	123.0	105.0	85.0	105.0	65.0	125.0	78.0	

capacite_residuelle_X : 
103.0	4.0	12.0	101.0	92.0	68.0	153.0	52.0	81.0	148.0	
101.0	3.0	8.0	160.0	97.0	47.0	112.0	147.0	54.0	131.0	
74.0	3.0	2.0	79.0	100.0	98.0	91.0	95.0	101.0	82.0	

capacite_residuelle_W : 
92.69999999999999	14.100000000000001	13.699999999999996	49.0	52.099999999999994	42.19999999999999	26.5	24.099999999999994	9.400000000000006	160.4	
146.8	4.799999999999997	7.5	122.1	36.80000000000001	49.0	25.5	126.69999999999999	15.5	87.0	
45.69999999999999	1.1999999999999957	7.899999999999999	1.9000000000000057	44.80000000000001	65.5	31.900000000000006	81.30000000000001	22.80000000000001	44.5	

min_capacite_X : 
147.0	135.0	135.0	

min_capacite_W : 
51.1	52.8	47.9	

max_capacite_X : 
178.0	177.0	175.0	

max_capacite_W : 
205.5	213.1	150.5	

moy_capacite_X : 
163.4	156.9	157.5	

moy_capacite_W : 
130.42000000000002	133.07	119.75	

med_capacite_X : 
163.5	159.5	154.5	

med_capacite_W : 
138.25	144.3	130.9	

ecartType_capacite_X : 
10.873821775254548	14.20176045425355	13.207952150125317	

ecartType_capacite_W : 
48.8510552598406	52.61988312415754	36.074928967359035	

var_capacite_X : 
118.23999999999998	201.69	174.45	

var_capacite_W : 
2386.4256	2768.8520999999996	1301.4005000000002	

covar_capacite_X : 
131.37777777777777	224.1	193.83333333333331	

covar_capacite_W : 
2651.5840000000007	3076.502333333333	1446.0005555555556	

##########	##########	##########	##########	##########	##########	##########	##########	##########	##########	##########	##########	##########	##########	##########	##########	##########	##########	##########	##########	##########	##########	##########	##########	##########	##########	##########	##########	##########	##########	##########	##########	##########	##########	##########	##########	##########	##########	##########	##########	##########	##########	##########	##########	##########	##########	##########	##########	##########	##########	##########	##########	##########	##########	##########	##########	##########	##########	##########	##########	##########	##########	##########	##########	##########	##########	##########	##########	##########	##########	##########	##########	##########	##########	##########	##########	##########	##########	##########	##########	##########	##########	##########	##########	##########	##########	##########	##########	##########	##########	##########	##########	##########	##########	##########	##########	##########	##########	##########	##########	