nombre de noeuds : 50
nombre de strates : 5
nombre de centres : 5
titre : intelligent
instances : p1_2
temps de calcul : 0.036707162857055664
valeur objective : 802.0
nombre de solutions : 3
nombre de noeuds : 1.0
faisability : True
centre : [6, 41, 9, 24, 48]
moy_distances :	53.73
min_distances :	1.0
max_distances :	119.0
var_distances :	623.2722272386505
covar_distances :	623.5267279439339
ecartType_distances :	24.96542063011658
coef_variation	: 0.46466171767009756
distances_centre_x :
-1.0	-1.0	10.0	36.0	46.0	-1.0	-1.0	51.0	-1.0	13.0	15.0	-1.0	-1.0	41.0	-1.0	58.0	1.0	41.0	56.0	50.0	-1.0	-1.0	-1.0	-1.0	0.0	70.0	26.0	-1.0	34.0	11.0	-1.0	-1.0	56.0	77.0	37.0	58.0	37.0	7.0	33.0	37.0	-1.0	0.0	24.0	43.0	12.0	6.0	59.0	-1.0	0.0	55.0	
52.0	32.0	-1.0	36.0	-1.0	-1.0	0.0	-1.0	46.0	29.0	15.0	33.0	15.0	41.0	-1.0	-1.0	-1.0	41.0	42.0	50.0	50.0	-1.0	-1.0	-1.0	0.0	-1.0	57.0	49.0	34.0	-1.0	-1.0	38.0	-1.0	-1.0	37.0	-1.0	37.0	-1.0	33.0	37.0	-1.0	0.0	-1.0	-1.0	12.0	-1.0	59.0	67.0	-1.0	53.0	
52.0	32.0	-1.0	36.0	-1.0	-1.0	-1.0	51.0	-1.0	0.0	15.0	-1.0	15.0	41.0	49.0	-1.0	13.0	41.0	42.0	50.0	50.0	-1.0	10.0	46.0	-1.0	-1.0	-1.0	62.0	34.0	-1.0	66.0	-1.0	-1.0	77.0	37.0	-1.0	37.0	7.0	-1.0	37.0	55.0	0.0	-1.0	-1.0	12.0	-1.0	59.0	67.0	-1.0	59.0	
52.0	-1.0	10.0	36.0	-1.0	33.0	0.0	51.0	46.0	-1.0	15.0	-1.0	15.0	41.0	-1.0	-1.0	-1.0	41.0	42.0	50.0	-1.0	48.0	-1.0	46.0	0.0	70.0	-1.0	-1.0	34.0	-1.0	55.0	38.0	-1.0	-1.0	37.0	-1.0	-1.0	7.0	-1.0	37.0	40.0	0.0	-1.0	-1.0	12.0	-1.0	59.0	67.0	-1.0	59.0	
57.0	32.0	34.0	36.0	-1.0	-1.0	0.0	-1.0	46.0	0.0	-1.0	33.0	21.0	41.0	38.0	-1.0	1.0	41.0	56.0	50.0	-1.0	-1.0	10.0	46.0	0.0	70.0	39.0	-1.0	-1.0	-1.0	68.0	46.0	56.0	77.0	37.0	-1.0	-1.0	-1.0	-1.0	37.0	-1.0	0.0	-1.0	-1.0	17.0	-1.0	59.0	67.0	0.0	55.0	

distances_centre_w :
-1.0	-1.0	28.0	43.0	60.0	-1.0	-1.0	66.0	-1.0	22.0	22.0	-1.0	-1.0	57.0	-1.0	70.0	23.0	70.0	75.0	61.0	-1.0	-1.0	-1.0	-1.0	28.0	84.0	39.0	-1.0	68.0	41.0	-1.0	-1.0	68.0	90.0	62.0	60.0	50.0	21.0	50.0	83.0	-1.0	30.0	45.0	68.0	17.0	65.0	73.0	-1.0	30.0	83.0	
57.0	42.0	-1.0	43.0	-1.0	-1.0	22.0	-1.0	59.0	30.0	22.0	48.0	19.0	57.0	-1.0	-1.0	-1.0	50.0	75.0	61.0	72.0	-1.0	-1.0	-1.0	28.0	-1.0	65.0	56.0	47.0	-1.0	-1.0	49.0	-1.0	-1.0	55.0	-1.0	43.0	-1.0	43.0	43.0	-1.0	30.0	-1.0	-1.0	17.0	-1.0	71.0	80.0	-1.0	55.0	
78.0	42.0	-1.0	43.0	-1.0	-1.0	-1.0	66.0	-1.0	30.0	22.0	-1.0	21.0	57.0	58.0	-1.0	23.0	50.0	75.0	61.0	72.0	-1.0	23.0	52.0	-1.0	-1.0	-1.0	87.0	47.0	-1.0	68.0	-1.0	-1.0	90.0	65.0	-1.0	43.0	19.0	-1.0	53.0	83.0	30.0	-1.0	-1.0	23.0	-1.0	71.0	80.0	-1.0	80.0	
78.0	-1.0	28.0	43.0	-1.0	42.0	22.0	66.0	59.0	-1.0	22.0	-1.0	19.0	57.0	-1.0	-1.0	-1.0	50.0	75.0	61.0	-1.0	62.0	-1.0	52.0	28.0	84.0	-1.0	-1.0	47.0	-1.0	66.0	46.0	-1.0	-1.0	55.0	-1.0	-1.0	15.0	-1.0	43.0	55.0	30.0	-1.0	-1.0	17.0	-1.0	71.0	80.0	-1.0	83.0	
82.0	42.0	41.0	43.0	-1.0	-1.0	22.0	-1.0	59.0	30.0	-1.0	86.0	34.0	57.0	49.0	-1.0	30.0	50.0	75.0	61.0	-1.0	-1.0	23.0	52.0	28.0	84.0	57.0	-1.0	-1.0	-1.0	86.0	76.0	68.0	90.0	55.0	-1.0	-1.0	-1.0	-1.0	43.0	-1.0	30.0	-1.0	-1.0	23.0	-1.0	71.0	80.0	13.0	59.0	

maxX :
77.0	67.0	77.0	70.0	77.0	

maxW :
90.0	80.0	90.0	84.0	90.0	

minX :
0.0	0.0	0.0	0.0	0.0	

minW :
17.0	17.0	19.0	15.0	13.0	

moyX :
33.333333333333336	35.535714285714285	38.4	35.89655172413793	36.5625	

moyW :
53.09090909090909	47.82142857142857	53.733333333333334	50.206896551724135	53.09375	

medX :
37.0	37.0	41.0	40.0	38.5	

medW :
60.0	48.5	55.0	52.0	53.5	

ecartTypeX :
21.90982437265082	17.583438114270123	20.66494616494318	19.948804868853685	22.707291642774134	

ecartTypeW :
21.185134348296494	17.012712833618973	22.037745397890006	20.638730431324614	21.82080339807634	

varX :
480.040404040404	309.1772959183673	427.0399999999999	397.9548156956005	515.62109375	

varW :
448.8099173553719	289.4323979591837	485.66222222222217	425.9571938168847	476.1474609375	

covarX :
495.04166666666663	320.62830687830683	441.7655172413792	412.167487684729	532.2540322580645	

covarW :
462.83522727272725	300.15211640211635	502.40919540229874	441.1699507389163	491.50705645161287	

coef_variationX :
0.6572947311795245	0.4948103187935311	0.5381496397120621	0.5557303950016877	0.62105413040066	

coef_variationW :
0.39903506477955725	0.35575501071047894	0.4101317381741316	0.41107361436017437	0.410986291193904	

moy_distances_centre :	32.1
min_distances_centre :	13.0
max_distances_centre :	58.0
med_distances_centre :	30.0
ecartType_distances_centre :	11.237882362794158
var_distances_centre :	126.28999999999999
covar_distances_centre :	132.93684210526317
coef_variation_distances_centre :	0.35008979323346284
capacite_X_temoin : 
177.0	163.0	153.0	177.0	156.0	
156.0	171.0	163.0	168.0	175.0	
163.0	177.0	163.0	144.0	135.0	
166.0	154.0	162.0	172.0	157.0	
163.0	156.0	168.0	159.0	177.0	

capacite_W_temoin : 
230.1	145.9	95.9	182.1	56.8	
184.8	211.3	97.9	163.4	126.5	
211.9	149.1	131.9	132.2	44.5	
201.8	174.2	138.6	172.6	93.1	
187.9	172.8	95.4	157.7	101.1	

demande_cumulee_X : 
0.0	66.0	103.0	48.0	146.0	
18.0	11.0	114.0	55.0	101.0	
0.0	81.0	80.0	55.0	131.0	
14.0	26.0	72.0	51.0	111.0	
24.0	30.0	123.0	49.0	129.0	

demande_cumulee_W : 
75.0	139.0	50.0	59.0	40.0	
51.0	92.0	33.0	11.0	112.0	
86.0	127.0	46.0	47.0	41.0	
40.0	108.0	36.0	0.0	90.0	
35.0	150.0	52.0	32.0	86.0	

capacite_residuelle_X : 
177.0	97.0	50.0	129.0	10.0	
138.0	160.0	49.0	113.0	74.0	
163.0	96.0	83.0	89.0	4.0	
152.0	128.0	90.0	121.0	46.0	
139.0	126.0	45.0	110.0	48.0	

capacite_residuelle_W : 
155.1	6.900000000000006	45.900000000000006	123.1	16.799999999999997	
133.8	119.30000000000001	64.9	152.4	14.5	
125.9	22.099999999999994	85.9	85.19999999999999	3.5	
161.8	66.19999999999999	102.6	172.6	3.0999999999999943	
152.9	22.80000000000001	43.400000000000006	125.69999999999999	15.099999999999994	

min_capacite_X : 
153.0	156.0	135.0	154.0	156.0	

min_capacite_W : 
56.8	97.9	44.5	93.1	95.4	

max_capacite_X : 
177.0	175.0	177.0	172.0	177.0	

max_capacite_W : 
230.1	211.3	211.9	201.8	187.9	

moy_capacite_X : 
165.2	166.6	156.4	162.2	164.6	

moy_capacite_W : 
142.16	156.78	133.92	156.06	142.98	

med_capacite_X : 
163.0	168.0	163.0	162.0	163.0	

med_capacite_W : 
145.9	163.4	132.2	172.6	157.7	

ecartType_capacite_X : 
10.166612021711067	6.590902821313632	14.987995196156156	6.3999999999999995	7.391887445030531	

ecartType_capacite_W : 
61.268184239456616	40.46012357865458	53.50567820334586	37.319142541060614	37.79287763587208	

var_capacite_X : 
103.35999999999999	43.44	224.64000000000001	40.959999999999994	54.64	

var_capacite_W : 
3753.7904000000003	1637.0216000000005	2862.8576000000003	1392.7184000000002	1428.3016	

covar_capacite_X : 
129.2	54.3	280.8	51.199999999999996	68.3	

covar_capacite_W : 
4692.238	2046.2770000000005	3578.572	1740.8980000000004	1785.377	

##########	##########	##########	##########	##########	##########	##########	##########	##########	##########	##########	##########	##########	##########	##########	##########	##########	##########	##########	##########	##########	##########	##########	##########	##########	##########	##########	##########	##########	##########	##########	##########	##########	##########	##########	##########	##########	##########	##########	##########	##########	##########	##########	##########	##########	##########	##########	##########	##########	##########	nombre de noeuds : 50
nombre de strates : 5
nombre de centres : 5
titre : intelligent
instances : p1_2
temps de calcul : 0.0418848991394043
valeur objective : 627.0
nombre de solutions : 3
nombre de noeuds : 1.0
faisability : True
centre : [41, 9, 24, 48, 47]
moy_distances :	53.73
min_distances :	1.0
max_distances :	119.0
var_distances :	623.2722272386505
covar_distances :	623.5267279439339
ecartType_distances :	24.96542063011658
coef_variation	: 0.46466171767009756
distances_centre_x :
-1.0	-1.0	10.0	36.0	25.0	-1.0	-1.0	51.0	-1.0	0.0	15.0	-1.0	-1.0	41.0	-1.0	18.0	1.0	41.0	35.0	50.0	-1.0	-1.0	-1.0	-1.0	0.0	7.0	39.0	-1.0	33.0	11.0	-1.0	-1.0	17.0	10.0	37.0	39.0	37.0	7.0	43.0	37.0	-1.0	0.0	24.0	43.0	12.0	6.0	29.0	-1.0	0.0	49.0	
52.0	32.0	-1.0	36.0	-1.0	-1.0	22.0	-1.0	46.0	0.0	15.0	33.0	21.0	41.0	-1.0	-1.0	-1.0	41.0	35.0	50.0	43.0	-1.0	-1.0	-1.0	0.0	-1.0	26.0	44.0	33.0	-1.0	-1.0	38.0	-1.0	-1.0	37.0	-1.0	37.0	-1.0	33.0	37.0	-1.0	0.0	-1.0	-1.0	12.0	-1.0	29.0	0.0	-1.0	49.0	
52.0	32.0	-1.0	50.0	-1.0	-1.0	-1.0	51.0	-1.0	0.0	15.0	-1.0	15.0	41.0	35.0	-1.0	1.0	41.0	35.0	50.0	43.0	-1.0	10.0	46.0	-1.0	-1.0	-1.0	44.0	33.0	-1.0	34.0	-1.0	-1.0	10.0	37.0	-1.0	50.0	7.0	-1.0	37.0	40.0	0.0	-1.0	-1.0	23.0	-1.0	29.0	0.0	-1.0	49.0	
52.0	-1.0	10.0	36.0	-1.0	16.0	22.0	51.0	46.0	-1.0	15.0	-1.0	15.0	41.0	-1.0	-1.0	-1.0	41.0	35.0	50.0	-1.0	23.0	-1.0	46.0	0.0	7.0	-1.0	-1.0	33.0	-1.0	34.0	46.0	-1.0	-1.0	37.0	-1.0	-1.0	7.0	-1.0	37.0	40.0	0.0	-1.0	-1.0	12.0	-1.0	29.0	0.0	-1.0	49.0	
52.0	32.0	10.0	36.0	-1.0	-1.0	22.0	-1.0	46.0	0.0	-1.0	33.0	19.0	41.0	35.0	-1.0	1.0	41.0	35.0	50.0	-1.0	-1.0	10.0	46.0	0.0	7.0	50.0	-1.0	-1.0	-1.0	34.0	38.0	17.0	10.0	37.0	-1.0	-1.0	-1.0	-1.0	37.0	-1.0	0.0	-1.0	-1.0	12.0	-1.0	29.0	0.0	0.0	49.0	

distances_centre_w :
-1.0	-1.0	28.0	43.0	46.0	-1.0	-1.0	74.0	-1.0	29.0	22.0	-1.0	-1.0	57.0	-1.0	58.0	30.0	50.0	42.0	61.0	-1.0	-1.0	-1.0	-1.0	58.0	70.0	50.0	-1.0	34.0	18.0	-1.0	-1.0	56.0	77.0	62.0	58.0	43.0	15.0	62.0	43.0	-1.0	30.0	50.0	55.0	23.0	36.0	59.0	-1.0	13.0	55.0	
53.0	42.0	-1.0	43.0	-1.0	-1.0	28.0	-1.0	67.0	13.0	22.0	48.0	44.0	57.0	-1.0	-1.0	-1.0	50.0	42.0	61.0	47.0	-1.0	-1.0	-1.0	30.0	-1.0	50.0	49.0	34.0	-1.0	-1.0	46.0	-1.0	-1.0	55.0	-1.0	43.0	-1.0	50.0	43.0	-1.0	30.0	-1.0	-1.0	23.0	-1.0	59.0	67.0	-1.0	53.0	
57.0	72.0	-1.0	75.0	-1.0	-1.0	-1.0	66.0	-1.0	29.0	22.0	-1.0	21.0	58.0	49.0	-1.0	13.0	50.0	42.0	61.0	47.0	-1.0	23.0	52.0	-1.0	-1.0	-1.0	49.0	65.0	-1.0	55.0	-1.0	-1.0	77.0	55.0	-1.0	77.0	15.0	-1.0	43.0	54.0	30.0	-1.0	-1.0	36.0	-1.0	59.0	67.0	-1.0	53.0	
53.0	-1.0	28.0	43.0	-1.0	33.0	28.0	66.0	59.0	-1.0	22.0	-1.0	21.0	57.0	-1.0	-1.0	-1.0	50.0	42.0	61.0	-1.0	48.0	-1.0	46.0	58.0	70.0	-1.0	-1.0	34.0	-1.0	55.0	49.0	-1.0	-1.0	55.0	-1.0	-1.0	15.0	-1.0	43.0	54.0	30.0	-1.0	-1.0	23.0	-1.0	59.0	67.0	-1.0	59.0	
52.0	42.0	28.0	43.0	-1.0	-1.0	28.0	-1.0	59.0	30.0	-1.0	48.0	21.0	57.0	49.0	-1.0	13.0	50.0	42.0	61.0	-1.0	-1.0	23.0	52.0	29.0	70.0	65.0	-1.0	-1.0	-1.0	55.0	46.0	56.0	77.0	55.0	-1.0	-1.0	-1.0	-1.0	43.0	-1.0	30.0	-1.0	-1.0	23.0	-1.0	59.0	67.0	13.0	55.0	

maxX :
51.0	52.0	52.0	52.0	52.0	

maxW :
77.0	67.0	77.0	70.0	77.0	

minX :
0.0	0.0	0.0	0.0	0.0	

minW :
13.0	13.0	13.0	15.0	13.0	

moyX :
24.333333333333332	30.071428571428573	30.333333333333332	28.620689655172413	25.90625	

moyW :
45.666666666666664	44.607142857142854	49.06666666666667	45.793103448275865	45.03125	

medX :
25.0	34.0	35.0	34.0	32.5	

medW :
50.0	46.5	52.5	49.0	48.5	

ecartTypeX :
16.7525062198605	15.494073916520867	17.3134501343769	16.781380883346934	17.579034698682975	

ecartTypeW :
16.91093722949139	13.121245818775545	18.086704754843787	15.152965591945287	16.58026759245761	

varX :
280.6464646464647	240.06632653061226	299.75555555555553	281.614744351962	309.0224609375	

varW :
285.979797979798	172.16709183673473	327.12888888888887	229.61236623067782	274.9052734375	

covarX :
289.4166666666667	248.95767195767195	310.0919540229885	291.67241379310343	318.9909274193548	

covarW :
294.91666666666663	178.54365079365076	338.40919540229885	237.81280788177344	283.773185483871	

coef_variationX :
0.6884591597202946	0.5152423630196963	0.5707730813530847	0.5863374043579049	0.6785634624340835	

coef_variationW :
0.37031249407645384	0.29415122732243015	0.36861490668839236	0.3309006040409739	0.3681947001794889	

moy_distances_centre :	52.9
min_distances_centre :	13.0
max_distances_centre :	93.0
med_distances_centre :	49.0
ecartType_distances_centre :	26.923781309466914
var_distances_centre :	724.89
covar_distances_centre :	763.0421052631579
coef_variation_distances_centre :	0.5089561684209246
capacite_X_temoin : 
163.0	153.0	177.0	172.0	156.0	
171.0	163.0	168.0	159.0	175.0	
177.0	163.0	144.0	177.0	135.0	
154.0	162.0	172.0	139.0	157.0	
156.0	168.0	159.0	154.0	177.0	

capacite_W_temoin : 
143.9	118.9	184.1	88.6	168.8	
193.3	103.9	172.4	140.7	177.5	
185.1	134.9	117.19999999999999	94.1	156.5	
164.2	136.6	172.6	100.69999999999999	171.1	
157.8	115.4	158.7	73.19999999999999	198.1	

demande_cumulee_X : 
68.0	80.0	46.0	135.0	34.0	
29.0	108.0	46.0	66.0	50.0	
45.0	77.0	70.0	136.0	19.0	
36.0	74.0	51.0	80.0	33.0	
45.0	103.0	48.0	127.0	32.0	

demande_cumulee_W : 
111.0	58.0	30.0	4.0	160.0	
48.0	43.0	15.0	21.0	172.0	
94.0	27.0	44.0	30.0	152.0	
52.0	31.0	17.0	16.0	158.0	
86.0	46.0	25.0	0.0	198.0	

capacite_residuelle_X : 
95.0	73.0	131.0	37.0	122.0	
142.0	55.0	122.0	93.0	125.0	
132.0	86.0	74.0	41.0	116.0	
118.0	88.0	121.0	59.0	124.0	
111.0	65.0	111.0	27.0	145.0	

capacite_residuelle_W : 
32.900000000000006	60.900000000000006	154.1	84.6	8.800000000000011	
145.3	60.900000000000006	157.4	119.69999999999999	5.5	
91.1	107.9	73.19999999999999	64.1	4.5	
112.19999999999999	105.6	155.6	84.69999999999999	13.099999999999994	
71.80000000000001	69.4	133.7	73.19999999999999	0.09999999999999432	

min_capacite_X : 
153.0	159.0	135.0	139.0	154.0	

min_capacite_W : 
88.6	103.9	94.1	100.69999999999999	73.19999999999999	

max_capacite_X : 
177.0	175.0	177.0	172.0	177.0	

max_capacite_W : 
184.1	193.3	185.1	172.6	198.1	

moy_capacite_X : 
164.2	167.2	159.2	156.8	162.8	

moy_capacite_W : 
140.85999999999999	157.56	137.56	149.04	140.64000000000001	

med_capacite_X : 
163.0	168.0	163.0	157.0	159.0	

med_capacite_W : 
143.9	172.4	134.9	164.2	157.8	

ecartType_capacite_X : 
9.15204895091804	5.67097875150313	17.116074316267735	10.796295661012623	8.565045242145542	

ecartType_capacite_W : 
34.27223949496152	31.80827565272912	31.3979362379122	27.43374564291213	42.67901592117607	

var_capacite_X : 
83.75999999999999	32.16	292.96	116.55999999999999	73.35999999999999	

var_capacite_W : 
1174.5864000000001	1011.7664000000001	985.8304000000002	752.6104000000001	1821.4984	

covar_capacite_X : 
104.69999999999999	40.199999999999996	366.2	145.7	91.69999999999999	

covar_capacite_W : 
1468.2330000000002	1264.708	1232.2880000000002	940.7630000000001	2276.873	

##########	##########	##########	##########	##########	##########	##########	##########	##########	##########	##########	##########	##########	##########	##########	##########	##########	##########	##########	##########	##########	##########	##########	##########	##########	##########	##########	##########	##########	##########	##########	##########	##########	##########	##########	##########	##########	##########	##########	##########	##########	##########	##########	##########	##########	##########	##########	##########	##########	##########	nombre de noeuds : 50
nombre de strates : 5
nombre de centres : 5
titre : intelligent
instances : p1_2
temps de calcul : 0.04484415054321289
valeur objective : 641.0
nombre de solutions : 3
nombre de noeuds : 1.0
faisability : True
centre : [9, 24, 48, 47, 39]
moy_distances :	53.73
min_distances :	1.0
max_distances :	119.0
var_distances :	623.2722272386505
covar_distances :	623.5267279439339
ecartType_distances :	24.96542063011658
coef_variation	: 0.46466171767009756
distances_centre_x :
-1.0	-1.0	34.0	18.0	25.0	-1.0	-1.0	24.0	-1.0	0.0	22.0	-1.0	-1.0	57.0	-1.0	18.0	1.0	41.0	32.0	18.0	-1.0	-1.0	-1.0	-1.0	0.0	7.0	39.0	-1.0	33.0	11.0	-1.0	-1.0	17.0	10.0	21.0	39.0	16.0	7.0	33.0	0.0	-1.0	30.0	21.0	42.0	12.0	36.0	29.0	-1.0	0.0	53.0	
52.0	6.0	-1.0	18.0	-1.0	-1.0	22.0	-1.0	17.0	0.0	22.0	12.0	15.0	57.0	-1.0	-1.0	-1.0	41.0	32.0	18.0	43.0	-1.0	-1.0	-1.0	0.0	-1.0	39.0	24.0	33.0	-1.0	-1.0	46.0	-1.0	-1.0	21.0	-1.0	16.0	-1.0	43.0	0.0	-1.0	30.0	-1.0	-1.0	12.0	-1.0	29.0	0.0	-1.0	49.0	
52.0	6.0	-1.0	18.0	-1.0	-1.0	-1.0	24.0	-1.0	0.0	22.0	-1.0	19.0	57.0	35.0	-1.0	1.0	41.0	32.0	18.0	43.0	-1.0	23.0	46.0	-1.0	-1.0	-1.0	24.0	33.0	-1.0	34.0	-1.0	-1.0	10.0	21.0	-1.0	16.0	7.0	-1.0	0.0	55.0	30.0	-1.0	-1.0	12.0	-1.0	29.0	0.0	-1.0	49.0	
52.0	-1.0	28.0	18.0	-1.0	16.0	22.0	24.0	17.0	-1.0	22.0	-1.0	15.0	57.0	-1.0	-1.0	-1.0	41.0	32.0	18.0	-1.0	23.0	-1.0	46.0	0.0	7.0	-1.0	-1.0	33.0	-1.0	35.0	49.0	-1.0	-1.0	21.0	-1.0	-1.0	7.0	-1.0	0.0	54.0	30.0	-1.0	-1.0	12.0	-1.0	29.0	0.0	-1.0	49.0	
52.0	6.0	34.0	18.0	-1.0	-1.0	22.0	-1.0	17.0	0.0	-1.0	12.0	15.0	57.0	35.0	-1.0	1.0	41.0	32.0	18.0	-1.0	-1.0	23.0	46.0	0.0	7.0	25.0	-1.0	-1.0	-1.0	34.0	46.0	17.0	10.0	21.0	-1.0	-1.0	-1.0	-1.0	0.0	-1.0	30.0	-1.0	-1.0	12.0	-1.0	29.0	0.0	0.0	49.0	

distances_centre_w :
-1.0	-1.0	57.0	36.0	42.0	-1.0	-1.0	51.0	-1.0	13.0	27.0	-1.0	-1.0	74.0	-1.0	58.0	13.0	50.0	35.0	50.0	-1.0	-1.0	-1.0	-1.0	30.0	65.0	50.0	-1.0	34.0	17.0	-1.0	-1.0	56.0	74.0	37.0	49.0	37.0	15.0	43.0	37.0	-1.0	40.0	24.0	55.0	25.0	45.0	41.0	-1.0	13.0	59.0	
57.0	32.0	-1.0	36.0	-1.0	-1.0	28.0	-1.0	67.0	13.0	27.0	33.0	44.0	58.0	-1.0	-1.0	-1.0	50.0	35.0	50.0	47.0	-1.0	-1.0	-1.0	30.0	-1.0	39.0	62.0	34.0	-1.0	-1.0	66.0	-1.0	-1.0	37.0	-1.0	37.0	-1.0	43.0	37.0	-1.0	40.0	-1.0	-1.0	25.0	-1.0	41.0	67.0	-1.0	53.0	
57.0	32.0	-1.0	36.0	-1.0	-1.0	-1.0	51.0	-1.0	13.0	27.0	-1.0	44.0	58.0	66.0	-1.0	13.0	50.0	35.0	50.0	47.0	-1.0	35.0	59.0	-1.0	-1.0	-1.0	44.0	34.0	-1.0	35.0	-1.0	-1.0	74.0	37.0	-1.0	37.0	15.0	-1.0	37.0	72.0	40.0	-1.0	-1.0	36.0	-1.0	41.0	67.0	-1.0	53.0	
53.0	-1.0	34.0	50.0	-1.0	22.0	28.0	51.0	46.0	-1.0	27.0	-1.0	19.0	58.0	-1.0	-1.0	-1.0	50.0	35.0	50.0	-1.0	44.0	-1.0	59.0	29.0	65.0	-1.0	-1.0	34.0	-1.0	55.0	66.0	-1.0	-1.0	37.0	-1.0	-1.0	15.0	-1.0	37.0	55.0	40.0	-1.0	-1.0	25.0	-1.0	41.0	67.0	-1.0	59.0	
53.0	32.0	57.0	36.0	-1.0	-1.0	28.0	-1.0	46.0	13.0	-1.0	33.0	19.0	58.0	66.0	-1.0	13.0	50.0	35.0	50.0	-1.0	-1.0	35.0	59.0	29.0	65.0	50.0	-1.0	-1.0	-1.0	55.0	66.0	56.0	74.0	37.0	-1.0	-1.0	-1.0	-1.0	37.0	-1.0	40.0	-1.0	-1.0	25.0	-1.0	41.0	67.0	13.0	53.0	

maxX :
57.0	57.0	57.0	57.0	57.0	

maxW :
74.0	67.0	74.0	67.0	74.0	

minX :
0.0	0.0	0.0	0.0	0.0	

minW :
13.0	13.0	13.0	15.0	13.0	

moyX :
22.606060606060606	24.892857142857142	25.233333333333334	26.103448275862068	22.15625	

moyW :
40.96969696969697	42.42857142857143	43.166666666666664	43.13793103448276	43.46875	

medX :
21.0	22.0	23.5	23.0	19.5	

medW :
41.0	39.5	40.5	44.0	43.5	

ecartTypeX :
15.19956018889102	16.475824899605147	16.69267969966343	16.34191738969031	16.64352234166494	

ecartTypeW :
16.603184887033606	13.48922472470043	15.616408749204224	14.440661313376808	16.697650237009398	

varX :
231.02662993572085	271.452806122449	278.6455555555556	267.05826397146257	277.0068359375	

varW :
275.6657483930211	181.9591836734694	243.87222222222223	208.53269916765757	278.8115234375	

covarX :
238.2462121212121	281.5066137566138	288.25402298850577	276.5960591133005	285.9425403225806	

covarW :
284.280303030303	188.6984126984127	252.28160919540227	215.9802955665025	287.8054435483871	

coef_variationX :
0.6723666035300317	0.6618695798980547	0.6615328810963049	0.6260443914148203	0.7511885965208436	

coef_variationW :
0.405255252420199	0.3179278554643199	0.3617700868541519	0.33475553803991	0.38412998388519104	

moy_distances_centre :	50.8
min_distances_centre :	13.0
max_distances_centre :	89.0
med_distances_centre :	48.0
ecartType_distances_centre :	23.301502097504358
var_distances_centre :	542.96
covar_distances_centre :	571.5368421052632
coef_variation_distances_centre :	0.4586909861713456
capacite_X_temoin : 
163.0	153.0	177.0	172.0	156.0	
171.0	163.0	159.0	159.0	175.0	
177.0	163.0	157.0	177.0	135.0	
154.0	162.0	151.0	139.0	157.0	
156.0	168.0	153.0	154.0	177.0	

capacite_W_temoin : 
111.9	193.9	107.1	113.6	177.8	
157.3	205.9	50.699999999999996	162.7	199.5	
135.1	211.9	76.1	134.1	147.5	
128.2	203.6	88.3	111.69999999999999	186.1	
116.8	213.4	61.9	96.19999999999999	207.1	

demande_cumulee_X : 
100.0	5.0	123.0	110.0	25.0	
65.0	6.0	156.0	44.0	28.0	
95.0	0.0	128.0	96.0	28.0	
72.0	7.0	108.0	69.0	18.0	
86.0	5.0	137.0	104.0	23.0	

demande_cumulee_W : 
28.0	76.0	53.0	33.0	173.0	
42.0	116.0	1.0	40.0	100.0	
35.0	111.0	21.0	49.0	131.0	
47.0	81.0	30.0	44.0	72.0	
47.0	135.0	40.0	29.0	104.0	

capacite_residuelle_X : 
63.0	148.0	54.0	62.0	131.0	
106.0	157.0	3.0	115.0	147.0	
82.0	163.0	29.0	81.0	107.0	
82.0	155.0	43.0	70.0	139.0	
70.0	163.0	16.0	50.0	154.0	

capacite_residuelle_W : 
83.9	117.9	54.099999999999994	80.6	4.800000000000011	
115.30000000000001	89.9	49.699999999999996	122.69999999999999	99.5	
100.1	100.9	55.099999999999994	85.1	16.5	
81.19999999999999	122.6	58.3	67.69999999999999	114.1	
69.8	78.4	21.9	67.19999999999999	103.1	

min_capacite_X : 
153.0	159.0	135.0	139.0	153.0	

min_capacite_W : 
107.1	50.699999999999996	76.1	88.3	61.9	

max_capacite_X : 
177.0	175.0	177.0	162.0	177.0	

max_capacite_W : 
193.9	205.9	211.9	203.6	213.4	

moy_capacite_X : 
164.2	165.4	161.8	152.6	161.6	

moy_capacite_W : 
140.85999999999999	155.22	140.94	143.57999999999998	139.07999999999998	

med_capacite_X : 
163.0	163.0	163.0	154.0	156.0	

med_capacite_W : 
113.6	162.7	135.1	128.2	116.8	

ecartType_capacite_X : 
9.15204895091804	6.499230723708768	15.522886329545804	7.709734106958554	9.393614852653903	

ecartType_capacite_W : 
37.1465530029369	55.70258162778455	43.27463922437714	44.088792226596546	60.73224514209894	

var_capacite_X : 
83.75999999999999	42.239999999999995	240.95999999999998	59.44000000000001	88.24	

var_capacite_W : 
1379.8664000000003	3102.7776000000003	1872.6944000000003	1943.8216	3688.4056000000005	

covar_capacite_X : 
104.69999999999999	52.8	301.2	74.30000000000001	110.3	

covar_capacite_W : 
1724.8330000000005	3878.4720000000007	2340.8680000000004	2429.777	4610.5070000000005	

##########	##########	##########	##########	##########	##########	##########	##########	##########	##########	##########	##########	##########	##########	##########	##########	##########	##########	##########	##########	##########	##########	##########	##########	##########	##########	##########	##########	##########	##########	##########	##########	##########	##########	##########	##########	##########	##########	##########	##########	##########	##########	##########	##########	##########	##########	##########	##########	##########	##########	nombre de noeuds : 50
nombre de strates : 5
nombre de centres : 5
titre : intelligent
instances : p1_2
temps de calcul : 0.040956974029541016
valeur objective : 641.0
nombre de solutions : 3
nombre de noeuds : 1.0
faisability : True
centre : [9, 24, 48, 39, 33]
moy_distances :	53.73
min_distances :	1.0
max_distances :	119.0
var_distances :	623.2722272386505
covar_distances :	623.5267279439339
ecartType_distances :	24.96542063011658
coef_variation	: 0.46466171767009756
distances_centre_x :
-1.0	-1.0	34.0	18.0	34.0	-1.0	-1.0	24.0	-1.0	0.0	22.0	-1.0	-1.0	57.0	-1.0	26.0	1.0	50.0	32.0	18.0	-1.0	-1.0	-1.0	-1.0	0.0	9.0	25.0	-1.0	43.0	11.0	-1.0	-1.0	25.0	0.0	21.0	47.0	16.0	7.0	33.0	0.0	-1.0	30.0	21.0	42.0	12.0	36.0	35.0	-1.0	0.0	53.0	
52.0	6.0	-1.0	18.0	-1.0	-1.0	22.0	-1.0	17.0	0.0	22.0	12.0	15.0	57.0	-1.0	-1.0	-1.0	50.0	32.0	18.0	43.0	-1.0	-1.0	-1.0	0.0	-1.0	26.0	24.0	43.0	-1.0	-1.0	46.0	-1.0	-1.0	21.0	-1.0	16.0	-1.0	33.0	0.0	-1.0	30.0	-1.0	-1.0	12.0	-1.0	41.0	10.0	-1.0	53.0	
52.0	6.0	-1.0	18.0	-1.0	-1.0	-1.0	24.0	-1.0	0.0	22.0	-1.0	19.0	57.0	38.0	-1.0	1.0	50.0	32.0	18.0	43.0	-1.0	23.0	21.0	-1.0	-1.0	-1.0	24.0	43.0	-1.0	35.0	-1.0	-1.0	0.0	21.0	-1.0	43.0	7.0	-1.0	0.0	54.0	30.0	-1.0	-1.0	25.0	-1.0	41.0	10.0	-1.0	53.0	
52.0	-1.0	28.0	18.0	-1.0	16.0	22.0	24.0	17.0	-1.0	22.0	-1.0	19.0	57.0	-1.0	-1.0	-1.0	50.0	32.0	18.0	-1.0	31.0	-1.0	21.0	0.0	9.0	-1.0	-1.0	43.0	-1.0	35.0	46.0	-1.0	-1.0	21.0	-1.0	-1.0	7.0	-1.0	0.0	54.0	30.0	-1.0	-1.0	12.0	-1.0	35.0	10.0	-1.0	53.0	
52.0	6.0	28.0	18.0	-1.0	-1.0	22.0	-1.0	17.0	0.0	-1.0	12.0	19.0	57.0	38.0	-1.0	1.0	50.0	32.0	18.0	-1.0	-1.0	23.0	21.0	0.0	9.0	39.0	-1.0	-1.0	-1.0	40.0	49.0	25.0	0.0	21.0	-1.0	-1.0	-1.0	-1.0	0.0	-1.0	30.0	-1.0	-1.0	12.0	-1.0	41.0	10.0	0.0	53.0	

distances_centre_w :
-1.0	-1.0	57.0	58.0	64.0	-1.0	-1.0	66.0	-1.0	13.0	27.0	-1.0	-1.0	58.0	-1.0	58.0	13.0	50.0	42.0	50.0	-1.0	-1.0	-1.0	-1.0	30.0	65.0	39.0	-1.0	47.0	17.0	-1.0	-1.0	56.0	74.0	37.0	49.0	37.0	15.0	43.0	37.0	-1.0	40.0	24.0	47.0	36.0	45.0	73.0	-1.0	13.0	57.0	
57.0	32.0	-1.0	36.0	-1.0	-1.0	28.0	-1.0	46.0	13.0	27.0	33.0	19.0	58.0	-1.0	-1.0	-1.0	50.0	42.0	50.0	50.0	-1.0	-1.0	-1.0	29.0	-1.0	59.0	49.0	47.0	-1.0	-1.0	49.0	-1.0	-1.0	37.0	-1.0	37.0	-1.0	43.0	37.0	-1.0	40.0	-1.0	-1.0	25.0	-1.0	59.0	67.0	-1.0	59.0	
57.0	32.0	-1.0	36.0	-1.0	-1.0	-1.0	66.0	-1.0	29.0	27.0	-1.0	44.0	58.0	66.0	-1.0	30.0	50.0	56.0	50.0	50.0	-1.0	35.0	46.0	-1.0	-1.0	-1.0	49.0	47.0	-1.0	40.0	-1.0	-1.0	74.0	37.0	-1.0	50.0	48.0	-1.0	37.0	55.0	40.0	-1.0	-1.0	36.0	-1.0	59.0	67.0	-1.0	59.0	
57.0	-1.0	57.0	36.0	-1.0	27.0	28.0	51.0	46.0	-1.0	27.0	-1.0	44.0	58.0	-1.0	-1.0	-1.0	50.0	42.0	50.0	-1.0	44.0	-1.0	46.0	37.0	65.0	-1.0	-1.0	47.0	-1.0	55.0	49.0	-1.0	-1.0	37.0	-1.0	-1.0	15.0	-1.0	37.0	55.0	40.0	-1.0	-1.0	25.0	-1.0	41.0	67.0	-1.0	59.0	
57.0	32.0	34.0	36.0	-1.0	-1.0	28.0	-1.0	46.0	13.0	-1.0	33.0	44.0	58.0	66.0	-1.0	13.0	50.0	42.0	50.0	-1.0	-1.0	35.0	46.0	29.0	65.0	59.0	-1.0	-1.0	-1.0	55.0	74.0	56.0	74.0	37.0	-1.0	-1.0	-1.0	-1.0	37.0	-1.0	40.0	-1.0	-1.0	25.0	-1.0	59.0	67.0	13.0	57.0	

maxX :
57.0	57.0	57.0	57.0	57.0	

maxW :
74.0	67.0	74.0	67.0	74.0	

minX :
0.0	0.0	0.0	0.0	0.0	

minW :
13.0	13.0	27.0	15.0	13.0	

moyX :
23.696969696969695	25.678571428571427	27.0	26.96551724137931	23.21875	

moyW :
43.54545454545455	42.07142857142857	47.666666666666664	44.55172413793103	44.6875	

medX :
24.0	22.0	24.0	22.0	21.0	

medW :
45.0	42.5	48.5	46.0	45.0	

ecartTypeX :
16.38825308878625	16.701269351734428	17.316658646132247	16.11271239098279	17.40103153371949	

ecartTypeW :
17.268101453943668	13.160896005723524	12.199271380792469	12.319276195981065	16.696626717693608	

varX :
268.5748393021121	278.9323979591837	299.8666666666667	259.61950059453034	302.7958984375	

varW :
298.1873278236915	173.2091836734694	148.8222222222222	151.76456599286567	278.77734375	

covarX :
276.96780303030306	289.2632275132275	310.2068965517241	268.89162561576353	312.5635080645161	

covarW :
307.5056818181818	179.62433862433863	153.95402298850573	157.1847290640394	287.77016129032256	

coef_variationX :
0.6915758976086269	0.6503971374806176	0.6413577276345277	0.5975302549085689	0.7494387739959941	

coef_variationW :
0.3965534780655122	0.31282265548409055	0.25592877022641547	0.2765162613649001	0.37363080766866813	

moy_distances_centre :	54.4
min_distances_centre :	13.0
max_distances_centre :	98.0
med_distances_centre :	48.0
ecartType_distances_centre :	27.299084233724763
var_distances_centre :	745.24
covar_distances_centre :	784.4631578947368
coef_variation_distances_centre :	0.5018214013552347
capacite_X_temoin : 
163.0	153.0	157.0	177.0	156.0	
171.0	163.0	148.0	159.0	175.0	
177.0	163.0	153.0	157.0	135.0	
154.0	162.0	172.0	151.0	157.0	
156.0	168.0	157.0	153.0	177.0	

capacite_W_temoin : 
114.9	193.9	94.1	104.1	177.8	
160.3	205.9	158.4	49.699999999999996	187.5	
137.1	200.9	173.9	54.1	107.5	
134.2	203.6	169.6	75.3	178.1	
112.8	213.4	137.1	49.9	186.1	

demande_cumulee_X : 
97.0	5.0	110.0	126.0	25.0	
62.0	6.0	34.0	157.0	40.0	
93.0	11.0	25.0	150.0	68.0	
66.0	7.0	54.0	121.0	26.0	
90.0	5.0	67.0	149.0	44.0	

demande_cumulee_W : 
50.0	101.0	16.0	33.0	163.0	
69.0	117.0	3.0	8.0	102.0	
80.0	127.0	16.0	26.0	98.0	
49.0	85.0	0.0	26.0	114.0	
36.0	137.0	8.0	39.0	135.0	

capacite_residuelle_X : 
66.0	148.0	47.0	51.0	131.0	
109.0	157.0	114.0	2.0	135.0	
84.0	152.0	128.0	7.0	67.0	
88.0	155.0	118.0	30.0	131.0	
66.0	163.0	90.0	4.0	133.0	

capacite_residuelle_W : 
64.9	92.9	78.1	71.1	14.800000000000011	
91.30000000000001	88.9	155.4	41.699999999999996	85.5	
57.099999999999994	73.9	157.9	28.1	9.5	
85.19999999999999	118.6	169.6	49.3	64.1	
76.8	76.4	129.1	10.899999999999999	51.099999999999994	

min_capacite_X : 
153.0	148.0	135.0	151.0	153.0	

min_capacite_W : 
94.1	49.699999999999996	54.1	75.3	49.9	

max_capacite_X : 
177.0	175.0	177.0	172.0	177.0	

max_capacite_W : 
193.9	205.9	200.9	203.6	213.4	

moy_capacite_X : 
161.2	163.2	157.0	159.2	162.2	

moy_capacite_W : 
136.95999999999998	152.36	134.7	152.16	139.85999999999999	

med_capacite_X : 
157.0	163.0	157.0	157.0	157.0	

med_capacite_W : 
114.9	160.3	137.1	169.6	137.1	

ecartType_capacite_X : 
8.541662601625049	9.47417542586161	13.682105101189656	7.35934779718964	8.975522268926749	

ecartType_capacite_W : 
40.776149891817894	54.295399436784706	51.30504848453026	44.39173797003222	57.23448610759076	

var_capacite_X : 
72.96000000000001	89.76000000000002	187.2	54.160000000000004	80.55999999999999	

var_capacite_W : 
1662.6944000000003	2947.990400000001	2632.2080000000005	1970.6263999999999	3275.7864	

covar_capacite_X : 
91.2	112.20000000000002	234.0	67.7	100.69999999999999	

covar_capacite_W : 
2078.3680000000004	3684.988000000001	3290.2600000000007	2463.283	4094.733	

##########	##########	##########	##########	##########	##########	##########	##########	##########	##########	##########	##########	##########	##########	##########	##########	##########	##########	##########	##########	##########	##########	##########	##########	##########	##########	##########	##########	##########	##########	##########	##########	##########	##########	##########	##########	##########	##########	##########	##########	##########	##########	##########	##########	##########	##########	##########	##########	##########	##########	nombre de noeuds : 50
nombre de strates : 5
nombre de centres : 5
titre : intelligent
instances : p1_2
temps de calcul : 0.03700900077819824
valeur objective : 724.0
nombre de solutions : 3
nombre de noeuds : 1.0
faisability : True
centre : [9, 24, 48, 39, 22]
moy_distances :	53.73
min_distances :	1.0
max_distances :	119.0
var_distances :	623.2722272386505
covar_distances :	623.5267279439339
ecartType_distances :	24.96542063011658
coef_variation	: 0.46466171767009756
distances_centre_x :
-1.0	-1.0	16.0	18.0	42.0	-1.0	-1.0	24.0	-1.0	0.0	16.0	-1.0	-1.0	50.0	-1.0	58.0	1.0	41.0	32.0	18.0	-1.0	-1.0	-1.0	-1.0	30.0	65.0	39.0	-1.0	34.0	11.0	-1.0	-1.0	56.0	74.0	21.0	64.0	16.0	7.0	33.0	0.0	-1.0	10.0	21.0	47.0	12.0	17.0	41.0	-1.0	0.0	53.0	
52.0	6.0	-1.0	18.0	-1.0	-1.0	22.0	-1.0	17.0	0.0	16.0	12.0	19.0	50.0	-1.0	-1.0	-1.0	41.0	32.0	18.0	43.0	-1.0	-1.0	-1.0	0.0	-1.0	39.0	24.0	34.0	-1.0	-1.0	45.0	-1.0	-1.0	21.0	-1.0	16.0	-1.0	33.0	0.0	-1.0	10.0	-1.0	-1.0	12.0	-1.0	41.0	67.0	-1.0	53.0	
52.0	6.0	-1.0	18.0	-1.0	-1.0	-1.0	24.0	-1.0	0.0	16.0	-1.0	15.0	50.0	38.0	-1.0	1.0	41.0	56.0	18.0	43.0	-1.0	0.0	21.0	-1.0	-1.0	-1.0	24.0	34.0	-1.0	35.0	-1.0	-1.0	74.0	21.0	-1.0	16.0	7.0	-1.0	0.0	48.0	10.0	-1.0	-1.0	25.0	-1.0	41.0	67.0	-1.0	53.0	
52.0	-1.0	16.0	18.0	-1.0	16.0	22.0	24.0	17.0	-1.0	16.0	-1.0	19.0	50.0	-1.0	-1.0	-1.0	41.0	32.0	18.0	-1.0	44.0	-1.0	21.0	0.0	65.0	-1.0	-1.0	34.0	-1.0	35.0	45.0	-1.0	-1.0	21.0	-1.0	-1.0	7.0	-1.0	0.0	48.0	10.0	-1.0	-1.0	12.0	-1.0	41.0	67.0	-1.0	53.0	
52.0	6.0	16.0	36.0	-1.0	-1.0	22.0	-1.0	17.0	0.0	-1.0	12.0	15.0	57.0	38.0	-1.0	1.0	41.0	32.0	18.0	-1.0	-1.0	0.0	21.0	0.0	65.0	26.0	-1.0	-1.0	-1.0	55.0	45.0	56.0	74.0	37.0	-1.0	-1.0	-1.0	-1.0	0.0	-1.0	10.0	-1.0	-1.0	12.0	-1.0	41.0	67.0	0.0	53.0	

distances_centre_w :
-1.0	-1.0	57.0	36.0	46.0	-1.0	-1.0	51.0	-1.0	23.0	22.0	-1.0	-1.0	58.0	-1.0	70.0	13.0	50.0	76.0	50.0	-1.0	-1.0	-1.0	-1.0	37.0	70.0	61.0	-1.0	56.0	17.0	-1.0	-1.0	67.0	77.0	37.0	74.0	37.0	15.0	43.0	37.0	-1.0	30.0	45.0	49.0	13.0	36.0	71.0	-1.0	30.0	59.0	
57.0	32.0	-1.0	36.0	-1.0	-1.0	27.0	-1.0	46.0	13.0	22.0	33.0	63.0	57.0	-1.0	-1.0	-1.0	50.0	42.0	50.0	50.0	-1.0	-1.0	-1.0	29.0	-1.0	61.0	49.0	43.0	-1.0	-1.0	49.0	-1.0	-1.0	37.0	-1.0	37.0	-1.0	62.0	37.0	-1.0	30.0	-1.0	-1.0	13.0	-1.0	59.0	67.0	-1.0	59.0	
57.0	32.0	-1.0	36.0	-1.0	-1.0	-1.0	51.0	-1.0	29.0	22.0	-1.0	19.0	58.0	49.0	-1.0	53.0	57.0	76.0	50.0	50.0	-1.0	35.0	52.0	-1.0	-1.0	-1.0	56.0	43.0	-1.0	68.0	-1.0	-1.0	77.0	37.0	-1.0	37.0	15.0	-1.0	37.0	54.0	30.0	-1.0	-1.0	64.0	-1.0	59.0	67.0	-1.0	61.0	
57.0	-1.0	28.0	36.0	-1.0	22.0	27.0	51.0	46.0	-1.0	22.0	-1.0	19.0	58.0	-1.0	-1.0	-1.0	50.0	42.0	50.0	-1.0	48.0	-1.0	46.0	30.0	70.0	-1.0	-1.0	43.0	-1.0	55.0	46.0	-1.0	-1.0	37.0	-1.0	-1.0	15.0	-1.0	37.0	55.0	30.0	-1.0	-1.0	13.0	-1.0	59.0	67.0	-1.0	59.0	
57.0	32.0	28.0	49.0	-1.0	-1.0	27.0	-1.0	46.0	13.0	-1.0	33.0	19.0	58.0	49.0	-1.0	13.0	50.0	76.0	50.0	-1.0	-1.0	23.0	52.0	29.0	70.0	61.0	-1.0	-1.0	-1.0	66.0	49.0	67.0	77.0	55.0	-1.0	-1.0	-1.0	-1.0	37.0	-1.0	30.0	-1.0	-1.0	13.0	-1.0	59.0	67.0	13.0	59.0	

maxX :
74.0	67.0	74.0	67.0	74.0	

maxW :
77.0	67.0	77.0	70.0	77.0	

minX :
0.0	0.0	0.0	0.0	0.0	

minW :
13.0	13.0	15.0	13.0	13.0	

moyX :
29.303030303030305	26.464285714285715	28.466666666666665	29.103448275862068	28.90625	

moyW :
45.84848484848485	43.214285714285715	47.7	42.0	44.59375	

medX :
24.0	21.5	24.0	22.0	24.0	

medW :
46.0	44.5	50.5	46.0	49.0	

ecartTypeX :
20.50348802326799	17.579375380698547	20.30883770403636	18.09618902075547	22.370962449959546	

ecartTypeW :
18.924284882403786	14.678354186783105	15.91466828641636	15.306072718661882	19.324303633960525	

varX :
420.3930211202939	309.03443877551024	412.44888888888886	327.4720570749109	500.4599609375	

varW :
358.1285583103765	215.4540816326531	253.27666666666664	234.27586206896552	373.4287109375	

covarX :
433.53030303030306	320.48015873015873	426.67126436781604	339.1674876847291	516.6038306451612	

covarW :
369.3200757575758	223.43386243386243	262.0103448275861	242.64285714285714	385.47479838709677	

coef_variationX :
0.6997053823866015	0.6642678956269357	0.7134252120855865	0.6217884853103184	0.7739143766472492	

coef_variationW :
0.41275703973517835	0.3396643944048983	0.3336408445789593	0.36443030282528294	0.43334107658495924	

moy_distances_centre :	38.8
min_distances_centre :	13.0
max_distances_centre :	76.0
med_distances_centre :	36.0
ecartType_distances_centre :	16.773789077009404
var_distances_centre :	281.36
covar_distances_centre :	296.1684210526316
coef_variation_distances_centre :	0.43231415146931457
capacite_X_temoin : 
163.0	171.0	153.0	177.0	156.0	
171.0	138.0	163.0	159.0	175.0	
177.0	135.0	163.0	157.0	135.0	
154.0	162.0	162.0	151.0	157.0	
156.0	145.0	168.0	153.0	177.0	

capacite_W_temoin : 
148.9	163.3	198.9	54.1	137.8	
190.3	136.4	205.9	49.699999999999996	166.5	
196.1	113.5	192.9	61.1	86.5	
167.2	156.6	203.6	54.3	166.1	
154.8	146.5	193.4	46.9	142.1	

demande_cumulee_X : 
63.0	59.0	0.0	176.0	65.0	
32.0	43.0	6.0	157.0	61.0	
34.0	62.0	19.0	143.0	89.0	
33.0	54.0	7.0	142.0	38.0	
48.0	42.0	25.0	152.0	88.0	

demande_cumulee_W : 
67.0	43.0	92.0	31.0	130.0	
70.0	26.0	109.0	26.0	68.0	
86.0	37.0	103.0	48.0	73.0	
65.0	23.0	67.0	23.0	96.0	
116.0	50.0	95.0	13.0	81.0	

capacite_residuelle_X : 
100.0	112.0	153.0	1.0	91.0	
139.0	95.0	157.0	2.0	114.0	
143.0	73.0	144.0	14.0	46.0	
121.0	108.0	155.0	9.0	119.0	
108.0	103.0	143.0	1.0	89.0	

capacite_residuelle_W : 
81.9	120.30000000000001	106.9	23.1	7.800000000000011	
120.30000000000001	110.4	96.9	23.699999999999996	98.5	
110.1	76.5	89.9	13.100000000000001	13.5	
102.19999999999999	133.6	136.6	31.299999999999997	70.1	
38.80000000000001	96.5	98.4	33.9	61.099999999999994	

min_capacite_X : 
153.0	138.0	135.0	151.0	145.0	

min_capacite_W : 
54.1	49.699999999999996	61.1	54.3	46.9	

max_capacite_X : 
177.0	175.0	177.0	162.0	177.0	

max_capacite_W : 
198.9	205.9	196.1	203.6	193.4	

moy_capacite_X : 
164.0	161.2	153.4	157.2	159.8	

moy_capacite_W : 
140.6	149.76000000000002	130.02	149.56	136.74	

med_capacite_X : 
163.0	163.0	157.0	157.0	156.0	

med_capacite_W : 
148.9	166.5	113.5	166.1	146.5	

ecartType_capacite_X : 
8.988882021697693	12.905812643921342	16.36581803638303	4.354308211415448	11.338430226446693	

ecartType_capacite_W : 
47.90231727171454	55.25560966996926	55.20385493785737	50.25752083022003	48.43909990906107	

var_capacite_X : 
80.8	166.55999999999997	267.84000000000003	18.96	128.56	

var_capacite_W : 
2294.6320000000005	3053.1824000000006	3047.4656	2525.8184	2346.3464	

covar_capacite_X : 
101.0	208.19999999999996	334.8	23.7	160.7	

covar_capacite_W : 
2868.290000000001	3816.478000000001	3809.332	3157.273	2932.933	

##########	##########	##########	##########	##########	##########	##########	##########	##########	##########	##########	##########	##########	##########	##########	##########	##########	##########	##########	##########	##########	##########	##########	##########	##########	##########	##########	##########	##########	##########	##########	##########	##########	##########	##########	##########	##########	##########	##########	##########	##########	##########	##########	##########	##########	##########	##########	##########	##########	##########	nombre de noeuds : 50
nombre de strates : 5
nombre de centres : 5
titre : intelligent
instances : p1_2
temps de calcul : 0.03946805000305176
valeur objective : 641.0
nombre de solutions : 3
nombre de noeuds : 1.0
faisability : True
centre : [9, 24, 48, 39, 46]
moy_distances :	53.73
min_distances :	1.0
max_distances :	119.0
var_distances :	623.2722272386505
covar_distances :	623.5267279439339
ecartType_distances :	24.96542063011658
coef_variation	: 0.46466171767009756
distances_centre_x :
-1.0	-1.0	28.0	18.0	15.0	-1.0	-1.0	24.0	-1.0	13.0	22.0	-1.0	-1.0	57.0	-1.0	41.0	1.0	41.0	16.0	18.0	-1.0	-1.0	-1.0	-1.0	0.0	26.0	34.0	-1.0	30.0	11.0	-1.0	-1.0	38.0	35.0	21.0	49.0	16.0	7.0	33.0	0.0	-1.0	30.0	21.0	42.0	12.0	36.0	0.0	-1.0	0.0	53.0	
52.0	6.0	-1.0	18.0	-1.0	-1.0	22.0	-1.0	17.0	13.0	22.0	12.0	15.0	57.0	-1.0	-1.0	-1.0	41.0	16.0	18.0	43.0	-1.0	-1.0	-1.0	0.0	-1.0	34.0	17.0	30.0	-1.0	-1.0	46.0	-1.0	-1.0	21.0	-1.0	16.0	-1.0	33.0	0.0	-1.0	30.0	-1.0	-1.0	12.0	-1.0	0.0	29.0	-1.0	53.0	
52.0	6.0	-1.0	18.0	-1.0	-1.0	-1.0	24.0	-1.0	13.0	22.0	-1.0	15.0	57.0	38.0	-1.0	1.0	41.0	16.0	18.0	43.0	-1.0	23.0	20.0	-1.0	-1.0	-1.0	17.0	30.0	-1.0	5.0	-1.0	-1.0	35.0	21.0	-1.0	16.0	7.0	-1.0	0.0	54.0	30.0	-1.0	-1.0	12.0	-1.0	0.0	29.0	-1.0	53.0	
52.0	-1.0	28.0	18.0	-1.0	16.0	22.0	24.0	17.0	-1.0	22.0	-1.0	15.0	57.0	-1.0	-1.0	-1.0	41.0	16.0	18.0	-1.0	15.0	-1.0	20.0	0.0	26.0	-1.0	-1.0	30.0	-1.0	5.0	46.0	-1.0	-1.0	21.0	-1.0	-1.0	7.0	-1.0	0.0	54.0	30.0	-1.0	-1.0	12.0	-1.0	0.0	29.0	-1.0	53.0	
52.0	6.0	28.0	18.0	-1.0	-1.0	22.0	-1.0	46.0	0.0	-1.0	12.0	15.0	57.0	38.0	-1.0	1.0	41.0	16.0	18.0	-1.0	-1.0	23.0	20.0	0.0	26.0	34.0	-1.0	-1.0	-1.0	5.0	46.0	38.0	35.0	21.0	-1.0	-1.0	-1.0	-1.0	0.0	-1.0	30.0	-1.0	-1.0	12.0	-1.0	0.0	29.0	0.0	53.0	

distances_centre_w :
-1.0	-1.0	34.0	28.0	42.0	-1.0	-1.0	51.0	-1.0	29.0	51.0	-1.0	-1.0	58.0	-1.0	58.0	13.0	50.0	32.0	49.0	-1.0	-1.0	-1.0	-1.0	29.0	65.0	39.0	-1.0	34.0	17.0	-1.0	-1.0	56.0	74.0	37.0	56.0	29.0	15.0	62.0	37.0	-1.0	40.0	24.0	47.0	36.0	45.0	41.0	-1.0	30.0	67.0	
57.0	32.0	-1.0	28.0	-1.0	-1.0	28.0	-1.0	46.0	29.0	27.0	33.0	19.0	58.0	-1.0	-1.0	-1.0	50.0	32.0	49.0	50.0	-1.0	-1.0	-1.0	29.0	-1.0	39.0	24.0	34.0	-1.0	-1.0	49.0	-1.0	-1.0	37.0	-1.0	29.0	-1.0	43.0	37.0	-1.0	40.0	-1.0	-1.0	36.0	-1.0	41.0	67.0	-1.0	67.0	
57.0	32.0	-1.0	28.0	-1.0	-1.0	-1.0	51.0	-1.0	73.0	27.0	-1.0	19.0	58.0	66.0	-1.0	13.0	50.0	32.0	49.0	50.0	-1.0	35.0	21.0	-1.0	-1.0	-1.0	24.0	43.0	-1.0	35.0	-1.0	-1.0	74.0	37.0	-1.0	29.0	15.0	-1.0	37.0	55.0	40.0	-1.0	-1.0	25.0	-1.0	73.0	67.0	-1.0	67.0	
57.0	-1.0	34.0	49.0	-1.0	27.0	28.0	51.0	46.0	-1.0	27.0	-1.0	19.0	58.0	-1.0	-1.0	-1.0	50.0	32.0	49.0	-1.0	44.0	-1.0	21.0	29.0	65.0	-1.0	-1.0	34.0	-1.0	35.0	49.0	-1.0	-1.0	37.0	-1.0	-1.0	15.0	-1.0	37.0	55.0	40.0	-1.0	-1.0	25.0	-1.0	41.0	67.0	-1.0	59.0	
57.0	32.0	34.0	28.0	-1.0	-1.0	28.0	-1.0	59.0	13.0	-1.0	33.0	19.0	58.0	66.0	-1.0	13.0	50.0	32.0	49.0	-1.0	-1.0	35.0	21.0	29.0	65.0	39.0	-1.0	-1.0	-1.0	35.0	49.0	56.0	74.0	37.0	-1.0	-1.0	-1.0	-1.0	37.0	-1.0	40.0	-1.0	-1.0	25.0	-1.0	41.0	67.0	13.0	67.0	

maxX :
57.0	57.0	57.0	57.0	57.0	

maxW :
74.0	67.0	74.0	67.0	74.0	

minX :
0.0	0.0	0.0	0.0	0.0	

minW :
13.0	19.0	13.0	15.0	13.0	

moyX :
23.87878787878788	24.035714285714285	23.866666666666667	23.93103448275862	23.1875	

moyW :
41.666666666666664	39.642857142857146	42.733333333333334	40.689655172413794	40.65625	

medX :
22.0	19.5	20.5	21.0	21.5	

medW :
40.0	37.0	38.5	40.0	37.0	

ecartTypeX :
15.618088921537911	15.792136702569827	16.286463363446618	16.04934424373729	17.022847698020446	

ecartTypeW :
15.05679483512579	12.306253595266938	18.03687580732564	13.75926884654264	17.04701105582735	

varX :
243.9247015610652	249.39158163265304	265.24888888888887	257.5814506539834	289.77734375	

varW :
226.7070707070707	151.44387755102042	325.3288888888889	189.3174791914388	290.6005859375	

covarX :
251.54734848484847	258.62830687830683	274.39540229885057	266.78078817733984	299.125	

covarW :
233.79166666666669	157.05291005291005	336.5471264367817	196.07881773399012	299.97479838709677	

coef_variationX :
0.6540570233638973	0.6570279757384178	0.6823937163455287	0.6706498315106362	0.7341389842812052	

coef_variationW :
0.361363076043019	0.31042801861934616	0.42207977708250327	0.3381515224997767	0.4192961981448695	

moy_distances_centre :	44.9
min_distances_centre :	13.0
max_distances_centre :	73.0
med_distances_centre :	42.0
ecartType_distances_centre :	18.19038207405221
var_distances_centre :	330.89
covar_distances_centre :	348.30526315789473
coef_variation_distances_centre :	0.4051310038764412
capacite_X_temoin : 
163.0	153.0	177.0	148.0	156.0	
171.0	163.0	159.0	159.0	175.0	
177.0	163.0	157.0	138.0	135.0	
154.0	162.0	151.0	159.0	157.0	
156.0	168.0	153.0	141.0	177.0	

capacite_W_temoin : 
120.9	193.9	130.1	81.4	146.8	
166.3	205.9	79.69999999999999	150.7	173.5	
145.1	211.9	102.1	95.4	99.5	
131.2	203.6	112.3	127.69999999999999	169.1	
115.8	205.4	92.9	90.3	174.1	

demande_cumulee_X : 
91.0	5.0	100.0	111.0	56.0	
56.0	6.0	127.0	56.0	54.0	
85.0	0.0	102.0	84.0	76.0	
69.0	7.0	84.0	79.0	35.0	
87.0	13.0	106.0	93.0	56.0	

demande_cumulee_W : 
26.0	98.0	76.0	59.0	104.0	
55.0	113.0	38.0	45.0	48.0	
46.0	85.0	75.0	48.0	93.0	
57.0	66.0	65.0	15.0	71.0	
39.0	112.0	77.0	35.0	92.0	

capacite_residuelle_X : 
72.0	148.0	77.0	37.0	100.0	
115.0	157.0	32.0	103.0	121.0	
92.0	163.0	55.0	54.0	59.0	
85.0	155.0	67.0	80.0	122.0	
69.0	155.0	47.0	48.0	121.0	

capacite_residuelle_W : 
94.9	95.9	54.099999999999994	22.400000000000006	42.80000000000001	
111.30000000000001	92.9	41.69999999999999	105.69999999999999	125.5	
99.1	126.9	27.099999999999994	47.400000000000006	6.5	
74.19999999999999	137.6	47.3	112.69999999999999	98.1	
76.8	93.4	15.900000000000006	55.3	82.1	

min_capacite_X : 
148.0	159.0	135.0	151.0	141.0	

min_capacite_W : 
81.4	79.69999999999999	95.4	112.3	90.3	

max_capacite_X : 
177.0	175.0	177.0	162.0	177.0	

max_capacite_W : 
193.9	205.9	211.9	203.6	205.4	

moy_capacite_X : 
159.4	165.4	154.0	156.6	159.0	

moy_capacite_W : 
134.61999999999998	155.22	130.8	148.78	135.7	

med_capacite_X : 
156.0	163.0	157.0	157.0	156.0	

med_capacite_W : 
130.1	166.3	102.1	131.2	115.8	

ecartType_capacite_X : 
10.05186549850325	6.499230723708768	15.722595205626837	3.826225293941799	12.441864811996632	

ecartType_capacite_W : 
36.61559230710326	41.8308211729103	44.358178501827595	33.17332663451165	46.0904762396745	

var_capacite_X : 
101.04	42.239999999999995	247.2	14.640000000000004	154.8	

var_capacite_W : 
1340.7015999999999	1749.8176000000003	1967.648	1100.4696000000001	2124.332	

covar_capacite_X : 
126.30000000000001	52.8	309.0	18.300000000000004	193.5	

covar_capacite_W : 
1675.877	2187.2720000000004	2459.56	1375.5870000000002	2655.415	

##########	##########	##########	##########	##########	##########	##########	##########	##########	##########	##########	##########	##########	##########	##########	##########	##########	##########	##########	##########	##########	##########	##########	##########	##########	##########	##########	##########	##########	##########	##########	##########	##########	##########	##########	##########	##########	##########	##########	##########	##########	##########	##########	##########	##########	##########	##########	##########	##########	##########	nombre de noeuds : 50
nombre de strates : 5
nombre de centres : 5
titre : intelligent
instances : p1_2
temps de calcul : 0.03630995750427246
valeur objective : 724.0
nombre de solutions : 3
nombre de noeuds : 1.0
faisability : True
centre : [9, 24, 48, 39, 13]
moy_distances :	53.73
min_distances :	1.0
max_distances :	119.0
var_distances :	623.2722272386505
covar_distances :	623.5267279439339
ecartType_distances :	24.96542063011658
coef_variation	: 0.46466171767009756
distances_centre_x :
-1.0	-1.0	34.0	18.0	42.0	-1.0	-1.0	24.0	-1.0	0.0	22.0	-1.0	-1.0	0.0	-1.0	56.0	1.0	35.0	32.0	18.0	-1.0	-1.0	-1.0	-1.0	0.0	65.0	26.0	-1.0	34.0	11.0	-1.0	-1.0	56.0	74.0	21.0	35.0	16.0	7.0	43.0	0.0	-1.0	30.0	21.0	21.0	12.0	45.0	41.0	-1.0	0.0	25.0	
21.0	6.0	-1.0	18.0	-1.0	-1.0	22.0	-1.0	17.0	0.0	22.0	12.0	15.0	0.0	-1.0	-1.0	-1.0	35.0	32.0	18.0	28.0	-1.0	-1.0	-1.0	29.0	-1.0	39.0	24.0	34.0	-1.0	-1.0	11.0	-1.0	-1.0	21.0	-1.0	16.0	-1.0	33.0	0.0	-1.0	30.0	-1.0	-1.0	12.0	-1.0	41.0	67.0	-1.0	25.0	
21.0	6.0	-1.0	18.0	-1.0	-1.0	-1.0	24.0	-1.0	0.0	22.0	-1.0	15.0	0.0	38.0	-1.0	1.0	35.0	32.0	18.0	28.0	-1.0	23.0	21.0	-1.0	-1.0	-1.0	24.0	34.0	-1.0	35.0	-1.0	-1.0	74.0	21.0	-1.0	37.0	7.0	-1.0	0.0	2.0	30.0	-1.0	-1.0	12.0	-1.0	59.0	67.0	-1.0	25.0	
21.0	-1.0	34.0	18.0	-1.0	22.0	22.0	24.0	17.0	-1.0	22.0	-1.0	15.0	0.0	-1.0	-1.0	-1.0	35.0	32.0	18.0	-1.0	44.0	-1.0	21.0	0.0	65.0	-1.0	-1.0	34.0	-1.0	35.0	11.0	-1.0	-1.0	21.0	-1.0	-1.0	7.0	-1.0	0.0	2.0	30.0	-1.0	-1.0	12.0	-1.0	41.0	67.0	-1.0	25.0	
21.0	6.0	28.0	18.0	-1.0	-1.0	22.0	-1.0	17.0	0.0	-1.0	12.0	19.0	0.0	38.0	-1.0	1.0	35.0	32.0	61.0	-1.0	-1.0	23.0	46.0	0.0	65.0	26.0	-1.0	-1.0	-1.0	35.0	11.0	56.0	74.0	21.0	-1.0	-1.0	-1.0	-1.0	0.0	-1.0	30.0	-1.0	-1.0	12.0	-1.0	41.0	67.0	0.0	25.0	

distances_centre_w :
-1.0	-1.0	57.0	36.0	72.0	-1.0	-1.0	51.0	-1.0	13.0	37.0	-1.0	-1.0	57.0	-1.0	58.0	30.0	41.0	76.0	50.0	-1.0	-1.0	-1.0	-1.0	29.0	70.0	39.0	-1.0	56.0	17.0	-1.0	-1.0	57.0	77.0	37.0	49.0	37.0	65.0	60.0	37.0	-1.0	40.0	24.0	42.0	25.0	65.0	59.0	-1.0	30.0	53.0	
52.0	32.0	-1.0	36.0	-1.0	-1.0	28.0	-1.0	46.0	29.0	27.0	33.0	19.0	57.0	-1.0	-1.0	-1.0	41.0	42.0	50.0	43.0	-1.0	-1.0	-1.0	30.0	-1.0	39.0	62.0	43.0	-1.0	-1.0	46.0	-1.0	-1.0	37.0	-1.0	37.0	-1.0	43.0	37.0	-1.0	40.0	-1.0	-1.0	25.0	-1.0	59.0	67.0	-1.0	53.0	
52.0	32.0	-1.0	49.0	-1.0	-1.0	-1.0	51.0	-1.0	29.0	27.0	-1.0	42.0	57.0	43.0	-1.0	13.0	50.0	76.0	50.0	43.0	-1.0	49.0	46.0	-1.0	-1.0	-1.0	49.0	43.0	-1.0	68.0	-1.0	-1.0	77.0	37.0	-1.0	43.0	15.0	-1.0	37.0	54.0	41.0	-1.0	-1.0	25.0	-1.0	73.0	74.0	-1.0	53.0	
52.0	-1.0	57.0	36.0	-1.0	27.0	28.0	51.0	67.0	-1.0	27.0	-1.0	19.0	57.0	-1.0	-1.0	-1.0	41.0	42.0	50.0	-1.0	48.0	-1.0	46.0	29.0	70.0	-1.0	-1.0	43.0	-1.0	55.0	46.0	-1.0	-1.0	37.0	-1.0	-1.0	15.0	-1.0	37.0	54.0	40.0	-1.0	-1.0	25.0	-1.0	59.0	67.0	-1.0	53.0	
52.0	32.0	34.0	36.0	-1.0	-1.0	28.0	-1.0	46.0	58.0	-1.0	33.0	42.0	57.0	43.0	-1.0	13.0	41.0	76.0	70.0	-1.0	-1.0	35.0	59.0	29.0	70.0	39.0	-1.0	-1.0	-1.0	55.0	46.0	57.0	77.0	37.0	-1.0	-1.0	-1.0	-1.0	37.0	-1.0	40.0	-1.0	-1.0	25.0	-1.0	59.0	74.0	13.0	53.0	

maxX :
74.0	67.0	74.0	67.0	74.0	

maxW :
77.0	67.0	77.0	70.0	77.0	

minX :
0.0	0.0	0.0	0.0	0.0	

minW :
13.0	19.0	13.0	15.0	13.0	

moyX :
26.21212121212121	22.428571428571427	24.3	23.96551724137931	26.3125	

moyW :
46.84848484848485	41.17857142857143	46.6	44.06896551724138	45.8125	

medX :
24.0	21.5	22.5	22.0	22.5	

medW :
49.0	40.5	47.5	46.0	42.5	

ecartTypeX :
19.23342667236042	14.064719212647377	18.32875700459072	16.417994246475082	20.846818552239572	

ecartTypeW :
16.595218756711333	11.492399884360134	16.100931650062986	14.202794854832836	16.719071258595676	

varX :
369.9247015610652	197.81632653061226	335.9433333333334	269.55053507728894	434.58984375	

varW :
275.4012855831037	132.0752551020408	259.24	201.71938168846611	279.52734375	

covarX :
381.48484848484856	205.1428571428571	347.52758620689656	279.1773399014778	448.60887096774195	

covarW :
284.0075757575757	136.96693121693121	268.1793103448276	208.92364532019704	288.5443548387097	

coef_variationX :
0.733760786344386	0.6270893916466984	0.754269835579865	0.6850673858241402	0.7922781397525728	

coef_variationW :
0.3542317069673182	0.2790869009211481	0.34551355472238166	0.3222856422458155	0.3649456209243258	

moy_distances_centre :	50.1
min_distances_centre :	13.0
max_distances_centre :	95.0
med_distances_centre :	48.0
ecartType_distances_centre :	24.229940156756477
var_distances_centre :	587.09
covar_distances_centre :	617.9894736842106
coef_variation_distances_centre :	0.4836315400550195
capacite_X_temoin : 
163.0	163.0	153.0	177.0	156.0	
171.0	141.0	163.0	159.0	175.0	
177.0	142.0	163.0	157.0	135.0	
154.0	159.0	162.0	151.0	157.0	
156.0	139.0	168.0	153.0	177.0	

capacite_W_temoin : 
113.9	172.9	193.9	54.1	157.8	
151.3	142.3	211.9	49.699999999999996	197.5	
139.1	137.6	211.9	54.1	116.5	
132.2	170.7	205.6	52.3	183.1	
118.8	154.7	213.4	45.9	143.1	

demande_cumulee_X : 
98.0	39.0	5.0	176.0	45.0	
71.0	41.0	0.0	157.0	30.0	
91.0	47.0	0.0	150.0	59.0	
68.0	36.0	5.0	144.0	21.0	
84.0	26.0	5.0	153.0	87.0	

demande_cumulee_W : 
5.0	73.0	123.0	6.0	156.0	
14.0	0.0	126.0	23.0	136.0	
31.0	77.0	108.0	16.0	115.0	
12.0	0.0	75.0	21.0	166.0	
49.0	70.0	97.0	0.0	139.0	

capacite_residuelle_X : 
65.0	124.0	148.0	1.0	111.0	
100.0	100.0	163.0	2.0	145.0	
86.0	95.0	163.0	7.0	76.0	
86.0	123.0	157.0	7.0	136.0	
72.0	113.0	163.0	0.0	90.0	

capacite_residuelle_W : 
108.9	99.9	70.9	48.1	1.8000000000000114	
137.3	142.3	85.9	26.699999999999996	61.5	
108.1	60.599999999999994	103.9	38.1	1.5	
120.19999999999999	170.7	130.6	31.299999999999997	17.099999999999994	
69.8	84.69999999999999	116.4	45.9	4.099999999999994	

min_capacite_X : 
153.0	141.0	135.0	151.0	139.0	

min_capacite_W : 
54.1	49.699999999999996	54.1	52.3	45.9	

max_capacite_X : 
177.0	175.0	177.0	162.0	177.0	

max_capacite_W : 
193.9	211.9	211.9	205.6	213.4	

moy_capacite_X : 
162.4	161.8	154.8	156.6	158.6	

moy_capacite_W : 
138.52000000000004	150.54000000000002	131.84	148.78	135.18	

med_capacite_X : 
163.0	163.0	157.0	157.0	156.0	

med_capacite_W : 
157.8	151.3	137.6	170.7	143.1	

ecartType_capacite_X : 
8.284926070883191	11.838918869558993	14.971973817770321	3.8262252939417984	13.032267646115928	

ecartType_capacite_W : 
49.70619277313442	56.93412333565873	50.54564669682247	53.79618573839599	54.40835965180351	

var_capacite_X : 
68.64	140.16	224.16	14.64	169.84	

var_capacite_W : 
2470.7056000000002	3241.4944000000005	2554.8624000000004	2894.0296	2960.2695999999996	

covar_capacite_X : 
85.8	175.2	280.2	18.3	212.3	

covar_capacite_W : 
3088.3820000000005	4051.8680000000004	3193.5780000000004	3617.537	3700.3369999999995	

##########	##########	##########	##########	##########	##########	##########	##########	##########	##########	##########	##########	##########	##########	##########	##########	##########	##########	##########	##########	##########	##########	##########	##########	##########	##########	##########	##########	##########	##########	##########	##########	##########	##########	##########	##########	##########	##########	##########	##########	##########	##########	##########	##########	##########	##########	##########	##########	##########	##########	