nombre de noeuds : 50
nombre de strates : 10
nombre de centres : 5
titre : intelligent
instances : p2_3
temps de calcul : 0.061100006103515625
valeur objective : 1082.0
nombre de solutions : 3
nombre de noeuds : 1.0
faisability : True
centre : [18, 48, 7, 13, 6]
moy_distances :	48.31
min_distances :	1.0
max_distances :	131.0
var_distances :	538.7683705122865
covar_distances :	538.9883657636187
ecartType_distances :	23.211384502271436
coef_variation	: 0.4804411066570216
distances_centre_x :
17.0	47.0	25.0	48.0	-1.0	-1.0	-1.0	-1.0	12.0	-1.0	-1.0	-1.0	-1.0	-1.0	-1.0	-1.0	-1.0	-1.0	-1.0	-1.0	-1.0	-1.0	-1.0	-1.0	-1.0	17.0	-1.0	-1.0	28.0	-1.0	-1.0	-1.0	-1.0	11.0	-1.0	-1.0	-1.0	-1.0	-1.0	-1.0	12.0	-1.0	-1.0	3.0	-1.0	33.0	-1.0	-1.0	0.0	-1.0	
-1.0	33.0	25.0	40.0	31.0	22.0	0.0	0.0	12.0	23.0	28.0	16.0	-1.0	0.0	-1.0	-1.0	-1.0	32.0	0.0	-1.0	-1.0	-1.0	-1.0	-1.0	9.0	11.0	-1.0	17.0	22.0	-1.0	20.0	-1.0	-1.0	32.0	-1.0	13.0	-1.0	3.0	-1.0	-1.0	12.0	29.0	-1.0	3.0	16.0	-1.0	40.0	13.0	0.0	10.0	
-1.0	33.0	-1.0	40.0	31.0	-1.0	16.0	-1.0	-1.0	-1.0	28.0	16.0	-1.0	0.0	-1.0	-1.0	-1.0	-1.0	0.0	19.0	24.0	23.0	5.0	-1.0	9.0	22.0	21.0	17.0	28.0	-1.0	20.0	-1.0	9.0	-1.0	-1.0	-1.0	-1.0	-1.0	37.0	46.0	12.0	29.0	-1.0	-1.0	16.0	-1.0	-1.0	13.0	0.0	10.0	
-1.0	33.0	25.0	40.0	31.0	-1.0	0.0	-1.0	-1.0	23.0	28.0	-1.0	-1.0	0.0	30.0	25.0	-1.0	-1.0	-1.0	19.0	27.0	-1.0	5.0	24.0	-1.0	11.0	21.0	17.0	22.0	38.0	20.0	31.0	-1.0	11.0	-1.0	13.0	-1.0	-1.0	23.0	-1.0	12.0	-1.0	-1.0	-1.0	-1.0	-1.0	29.0	-1.0	0.0	10.0	
-1.0	33.0	25.0	40.0	31.0	22.0	0.0	-1.0	-1.0	23.0	28.0	-1.0	8.0	0.0	-1.0	-1.0	-1.0	-1.0	-1.0	-1.0	27.0	-1.0	5.0	-1.0	9.0	11.0	21.0	-1.0	28.0	-1.0	20.0	-1.0	9.0	11.0	6.0	13.0	-1.0	3.0	-1.0	-1.0	12.0	29.0	-1.0	3.0	16.0	-1.0	40.0	-1.0	0.0	10.0	
17.0	33.0	25.0	40.0	31.0	31.0	0.0	0.0	12.0	23.0	-1.0	16.0	8.0	-1.0	-1.0	-1.0	-1.0	-1.0	-1.0	-1.0	24.0	-1.0	5.0	24.0	9.0	11.0	-1.0	-1.0	-1.0	38.0	-1.0	31.0	-1.0	11.0	-1.0	13.0	-1.0	-1.0	-1.0	-1.0	12.0	29.0	-1.0	3.0	-1.0	-1.0	-1.0	-1.0	0.0	10.0	
-1.0	33.0	25.0	-1.0	31.0	22.0	0.0	-1.0	-1.0	-1.0	-1.0	16.0	-1.0	-1.0	-1.0	-1.0	37.0	-1.0	-1.0	-1.0	24.0	-1.0	5.0	-1.0	-1.0	11.0	-1.0	17.0	22.0	-1.0	-1.0	31.0	-1.0	-1.0	-1.0	13.0	33.0	-1.0	-1.0	-1.0	12.0	29.0	18.0	-1.0	16.0	-1.0	12.0	-1.0	0.0	10.0	
-1.0	33.0	25.0	40.0	31.0	-1.0	0.0	-1.0	12.0	23.0	28.0	16.0	8.0	0.0	-1.0	-1.0	-1.0	-1.0	-1.0	-1.0	24.0	-1.0	5.0	-1.0	-1.0	11.0	-1.0	17.0	22.0	-1.0	-1.0	31.0	9.0	-1.0	-1.0	-1.0	-1.0	3.0	-1.0	-1.0	12.0	29.0	-1.0	-1.0	-1.0	33.0	29.0	15.0	0.0	10.0	
-1.0	33.0	25.0	40.0	31.0	22.0	0.0	-1.0	21.0	-1.0	28.0	16.0	-1.0	0.0	-1.0	25.0	-1.0	-1.0	-1.0	24.0	24.0	-1.0	5.0	-1.0	9.0	11.0	21.0	17.0	22.0	38.0	-1.0	31.0	-1.0	-1.0	-1.0	-1.0	-1.0	-1.0	-1.0	-1.0	12.0	29.0	-1.0	3.0	16.0	33.0	-1.0	13.0	-1.0	-1.0	
-1.0	33.0	25.0	40.0	-1.0	-1.0	0.0	0.0	12.0	-1.0	28.0	16.0	-1.0	-1.0	-1.0	-1.0	-1.0	-1.0	0.0	19.0	-1.0	-1.0	5.0	24.0	-1.0	11.0	-1.0	17.0	-1.0	38.0	-1.0	-1.0	-1.0	-1.0	-1.0	-1.0	-1.0	-1.0	-1.0	-1.0	12.0	29.0	-1.0	3.0	16.0	33.0	12.0	-1.0	0.0	10.0	

distances_centre_w :
-1.0	-1.0	-1.0	-1.0	-1.0	-1.0	-1.0	-1.0	-1.0	-1.0	-1.0	69.0	-1.0	-1.0	59.0	-1.0	-1.0	60.0	-1.0	-1.0	-1.0	-1.0	-1.0	-1.0	-1.0	-1.0	-1.0	58.0	-1.0	-1.0	65.0	-1.0	-1.0	32.0	-1.0	-1.0	-1.0	-1.0	-1.0	-1.0	23.0	-1.0	-1.0	23.0	54.0	59.0	-1.0	-1.0	26.0	-1.0	
-1.0	67.0	51.0	57.0	36.0	31.0	16.0	16.0	21.0	24.0	68.0	58.0	-1.0	42.0	-1.0	-1.0	-1.0	32.0	26.0	-1.0	-1.0	-1.0	-1.0	-1.0	49.0	17.0	-1.0	33.0	43.0	-1.0	58.0	-1.0	-1.0	60.0	-1.0	14.0	-1.0	20.0	-1.0	-1.0	23.0	42.0	-1.0	23.0	27.0	-1.0	59.0	21.0	26.0	25.0	
-1.0	47.0	-1.0	48.0	36.0	-1.0	28.0	-1.0	-1.0	-1.0	68.0	58.0	-1.0	42.0	-1.0	-1.0	-1.0	-1.0	26.0	36.0	27.0	59.0	29.0	-1.0	25.0	43.0	51.0	41.0	53.0	-1.0	58.0	-1.0	17.0	-1.0	-1.0	-1.0	-1.0	-1.0	65.0	62.0	23.0	42.0	-1.0	-1.0	54.0	-1.0	-1.0	21.0	26.0	37.0	
-1.0	67.0	31.0	48.0	36.0	-1.0	16.0	-1.0	-1.0	24.0	68.0	-1.0	-1.0	42.0	38.0	38.0	-1.0	-1.0	-1.0	24.0	30.0	-1.0	29.0	37.0	-1.0	17.0	24.0	25.0	28.0	47.0	58.0	43.0	-1.0	32.0	-1.0	14.0	-1.0	-1.0	65.0	-1.0	23.0	-1.0	-1.0	-1.0	-1.0	-1.0	59.0	-1.0	26.0	25.0	
-1.0	67.0	31.0	57.0	36.0	31.0	16.0	-1.0	-1.0	24.0	68.0	-1.0	34.0	42.0	-1.0	-1.0	-1.0	-1.0	-1.0	-1.0	35.0	-1.0	29.0	-1.0	49.0	17.0	24.0	-1.0	43.0	-1.0	58.0	-1.0	46.0	32.0	18.0	14.0	-1.0	20.0	-1.0	-1.0	23.0	42.0	-1.0	23.0	27.0	-1.0	59.0	-1.0	26.0	25.0	
31.0	47.0	51.0	57.0	36.0	38.0	16.0	16.0	17.0	24.0	-1.0	58.0	34.0	-1.0	-1.0	-1.0	-1.0	-1.0	-1.0	-1.0	27.0	-1.0	18.0	37.0	25.0	22.0	-1.0	-1.0	-1.0	47.0	-1.0	43.0	-1.0	32.0	-1.0	14.0	-1.0	-1.0	-1.0	-1.0	23.0	42.0	-1.0	23.0	-1.0	-1.0	-1.0	-1.0	26.0	25.0	
-1.0	47.0	31.0	-1.0	36.0	31.0	16.0	-1.0	-1.0	-1.0	-1.0	58.0	-1.0	-1.0	-1.0	-1.0	38.0	-1.0	-1.0	-1.0	27.0	-1.0	18.0	-1.0	-1.0	17.0	-1.0	58.0	28.0	-1.0	-1.0	43.0	-1.0	-1.0	-1.0	14.0	49.0	-1.0	-1.0	-1.0	23.0	42.0	23.0	-1.0	27.0	-1.0	29.0	-1.0	26.0	25.0	
-1.0	67.0	31.0	48.0	36.0	-1.0	16.0	-1.0	17.0	24.0	68.0	58.0	34.0	42.0	-1.0	-1.0	-1.0	-1.0	-1.0	-1.0	27.0	-1.0	18.0	-1.0	-1.0	17.0	-1.0	41.0	43.0	-1.0	-1.0	43.0	17.0	-1.0	-1.0	-1.0	-1.0	20.0	-1.0	-1.0	23.0	57.0	-1.0	-1.0	-1.0	59.0	29.0	21.0	26.0	25.0	
-1.0	67.0	31.0	57.0	36.0	31.0	16.0	-1.0	37.0	-1.0	68.0	58.0	-1.0	42.0	-1.0	38.0	-1.0	-1.0	-1.0	34.0	30.0	-1.0	18.0	-1.0	49.0	22.0	24.0	25.0	28.0	47.0	-1.0	43.0	-1.0	-1.0	-1.0	-1.0	-1.0	-1.0	-1.0	-1.0	23.0	57.0	-1.0	54.0	27.0	59.0	-1.0	21.0	-1.0	-1.0	
-1.0	47.0	31.0	48.0	-1.0	-1.0	16.0	33.0	21.0	-1.0	68.0	58.0	-1.0	-1.0	-1.0	-1.0	-1.0	-1.0	26.0	36.0	-1.0	-1.0	29.0	39.0	-1.0	22.0	-1.0	33.0	-1.0	47.0	-1.0	-1.0	-1.0	-1.0	-1.0	-1.0	-1.0	-1.0	-1.0	-1.0	36.0	42.0	-1.0	23.0	27.0	59.0	40.0	-1.0	33.0	37.0	

maxX :
48.0	40.0	46.0	40.0	40.0	40.0	37.0	40.0	40.0	40.0	

maxW :
69.0	68.0	68.0	68.0	68.0	58.0	58.0	68.0	68.0	68.0	

minX :
0.0	0.0	0.0	0.0	0.0	0.0	0.0	0.0	0.0	0.0	

minW :
23.0	14.0	17.0	14.0	14.0	14.0	14.0	16.0	16.0	16.0	

moyX :
21.083333333333332	17.066666666666666	19.40740740740741	20.285714285714285	16.655172413793103	17.53846153846154	18.954545454545453	17.923076923076923	20.333333333333332	16.652173913043477	

moyW :
48.0	36.166666666666664	41.55555555555556	36.214285714285715	35.03448275862069	31.884615384615383	32.09090909090909	34.88461538461539	38.592592592592595	37.0	

medX :
17.0	16.0	19.0	22.5	13.0	14.5	17.5	16.5	22.0	16.0	

medW :
58.0	31.5	42.0	31.5	31.0	29.0	28.5	30.0	36.0	36.0	

ecartTypeX :
14.924578907143596	12.184507467362899	11.898519233296652	10.898417784434658	11.800864556489847	11.910663513232326	10.451086384274614	11.578903485095632	10.900220860827307	12.369698937154501	

ecartTypeW :
17.167622803617068	16.631462820676827	14.561067658589623	15.323551301503054	15.171394950117849	12.644022373246099	12.54775999896936	16.04159718471594	15.17370840011752	12.74157863402163	

varX :
222.74305555555554	148.46222222222224	141.57475994513032	118.77551020408164	139.2604042806183	141.8639053254438	109.22520661157024	134.07100591715977	118.81481481481481	153.0094517958412	

varW :
294.72727272727275	276.6055555555556	212.02469135802468	234.81122448979593	230.17122473246135	159.8713017751479	157.44628099173553	257.33284023668637	230.24142661179704	162.34782608695653	

covarX :
242.99242424242425	153.5816091954023	147.01994301994304	123.17460317460316	144.23399014778323	147.53846153846152	114.42640692640693	139.43384615384613	123.38461538461542	159.96442687747034	

covarW :
324.20000000000005	286.14367816091954	220.17948717948718	243.5079365079365	238.39162561576353	166.26615384615383	164.94372294372295	267.6261538461539	239.09686609686617	169.72727272727272	

coef_variationX :
0.707885165556218	0.7139359844157949	0.613091639883606	0.5372459471200184	0.7085405220252703	0.6791167792632465	0.5513762600816343	0.6460332416576962	0.5360764357783921	0.7428278735105837	

coef_variationW :
0.3576588084086889	0.45985611485742384	0.35040002386980373	0.4231355388975202	0.43304178499352125	0.3965555870981889	0.3910066855202916	0.45984732833805336	0.3931767051853868	0.3443669901086927	

moy_distances_centre :	43.7
min_distances_centre :	16.0
max_distances_centre :	67.0
med_distances_centre :	48.0
ecartType_distances_centre :	16.20524606416083
var_distances_centre :	262.61
covar_distances_centre :	276.4315789473684
coef_variation_distances_centre :	0.3708294293858313
capacite_X_temoin : 
156.0	171.0	0.0	159.0	144.0	
138.0	153.0	162.0	178.0	159.0	
0.0	144.0	136.0	178.0	166.0	
166.0	151.0	141.0	159.0	171.0	
144.0	144.0	162.0	169.0	165.0	
172.0	144.0	135.0	145.0	157.0	
172.0	171.0	157.0	157.0	163.0	
141.0	136.0	172.0	145.0	148.0	
147.0	139.0	171.0	148.0	169.0	
154.0	177.0	177.0	171.0	163.0	

capacite_W_temoin : 
163.8	104.3	0.0	143.7	131.2	
152.4	130.9	122.6	187.4	109.69999999999999	
0.0	93.19999999999999	69.8	199.4	157.8	
174.8	121.3	98.3	166.7	171.3	
164.2	94.19999999999999	116.6	160.7	144.5	
198.6	131.2	110.5	142.5	122.1	
181.6	176.3	147.1	169.1	147.9	
151.3	123.8	139.6	142.5	148.4	
169.1	115.69999999999999	129.3	149.4	176.7	
180.2	164.1	183.1	181.3	177.9	

demande_cumulee_X : 
39.0	118.0	0.0	63.0	56.0	
27.0	68.0	88.0	44.0	97.0	
0.0	94.0	107.0	32.0	58.0	
41.0	75.0	85.0	40.0	51.0	
23.0	93.0	94.0	59.0	70.0	
25.0	56.0	65.0	46.0	82.0	
42.0	46.0	57.0	35.0	64.0	
32.0	53.0	84.0	46.0	44.0	
22.0	65.0	93.0	43.0	43.0	
20.0	66.0	47.0	41.0	34.0	

demande_cumulee_W : 
136.0	25.0	0.0	73.0	42.0	
115.0	97.0	31.0	49.0	32.0	
0.0	82.0	44.0	93.0	72.0	
79.0	57.0	12.0	72.0	72.0	
117.0	86.0	28.0	51.0	57.0	
100.0	45.0	4.0	100.0	25.0	
35.0	35.0	17.0	93.0	64.0	
79.0	63.0	8.0	50.0	59.0	
63.0	79.0	37.0	42.0	45.0	
25.0	73.0	25.0	19.0	66.0	

capacite_residuelle_X : 
117.0	53.0	0.0	96.0	88.0	
111.0	85.0	74.0	134.0	62.0	
0.0	50.0	29.0	146.0	108.0	
125.0	76.0	56.0	119.0	120.0	
121.0	51.0	68.0	110.0	95.0	
147.0	88.0	70.0	99.0	75.0	
130.0	125.0	100.0	122.0	99.0	
109.0	83.0	88.0	99.0	104.0	
125.0	74.0	78.0	105.0	126.0	
134.0	111.0	130.0	130.0	129.0	

capacite_residuelle_W : 
27.80000000000001	79.3	0.0	70.69999999999999	89.19999999999999	
37.400000000000006	33.900000000000006	91.6	138.4	77.69999999999999	
0.0	11.199999999999989	25.799999999999997	106.4	85.80000000000001	
95.80000000000001	64.3	86.3	94.69999999999999	99.30000000000001	
47.19999999999999	8.199999999999989	88.6	109.69999999999999	87.5	
98.6	86.19999999999999	106.5	42.5	97.1	
146.6	141.3	130.1	76.1	83.9	
72.30000000000001	60.8	131.6	92.5	89.4	
106.1	36.69999999999999	92.30000000000001	107.4	131.7	
155.2	91.1	158.1	162.3	111.9	

min_capacite_X : 
0.0	138.0	0.0	141.0	144.0	135.0	157.0	136.0	139.0	154.0	

min_capacite_W : 
0.0	109.69999999999999	0.0	98.3	94.19999999999999	110.5	147.1	123.8	115.69999999999999	164.1	

max_capacite_X : 
171.0	178.0	178.0	171.0	169.0	172.0	172.0	172.0	171.0	177.0	

max_capacite_W : 
163.8	187.4	199.4	174.8	164.2	198.6	181.6	151.3	176.7	183.1	

moy_capacite_X : 
126.0	158.0	124.8	157.6	156.8	150.6	164.0	148.4	154.8	168.4	

moy_capacite_W : 
108.6	140.6	104.04	146.48000000000002	136.04000000000002	140.98	164.4	141.12	148.04000000000002	177.32	

med_capacite_X : 
156.0	159.0	144.0	159.0	162.0	145.0	163.0	145.0	148.0	171.0	

med_capacite_W : 
131.2	130.9	93.19999999999999	166.7	144.5	131.2	169.1	142.5	149.4	180.2	

ecartType_capacite_X : 
63.58301660034699	12.976902558006667	64.18224053427863	10.68831137270991	10.684568311354464	12.784365451597509	6.511528238439882	12.467557900406959	12.812493902437573	8.845337754998393	

ecartType_capacite_W : 
57.623363317321214	27.21168866498366	69.42315463878029	30.92651936445484	26.837183160682123	30.67085913371192	14.360222839496608	9.600291662236105	23.08173303718765	6.821260880511757	

var_capacite_X : 
4042.8	168.4	4119.36	114.24000000000001	114.16	163.44	42.4	155.44	164.16	78.24000000000001	

var_capacite_W : 
3320.452	740.4760000000003	4819.5744	956.4496000000003	720.2344	940.7016	206.21600000000004	92.16560000000008	532.7663999999999	46.52960000000003	

covar_capacite_X : 
5053.5	210.5	5149.2	142.8	142.7	204.29999999999998	53.0	194.29999999999998	205.2	97.80000000000001	

covar_capacite_W : 
4150.5650000000005	925.5950000000004	6024.468000000001	1195.5620000000004	900.293	1175.877	257.77000000000004	115.20700000000011	665.9579999999999	58.162000000000035	

##########	##########	##########	##########	##########	##########	##########	##########	##########	##########	##########	##########	##########	##########	##########	##########	##########	##########	##########	##########	##########	##########	##########	##########	##########	##########	##########	##########	##########	##########	##########	##########	##########	##########	##########	##########	##########	##########	##########	##########	##########	##########	##########	##########	##########	##########	##########	##########	##########	##########	nombre de noeuds : 50
nombre de strates : 10
nombre de centres : 5
titre : intelligent
instances : p2_3
temps de calcul : 0.06415486335754395
valeur objective : 1198.0
nombre de solutions : 3
nombre de noeuds : 1.0
faisability : True
centre : [48, 7, 13, 6, 29]
moy_distances :	48.31
min_distances :	1.0
max_distances :	131.0
var_distances :	538.7683705122865
covar_distances :	538.9883657636187
ecartType_distances :	23.211384502271436
coef_variation	: 0.4804411066570216
distances_centre_x :
17.0	52.0	31.0	57.0	-1.0	27.0	-1.0	-1.0	12.0	-1.0	-1.0	-1.0	-1.0	-1.0	-1.0	17.0	-1.0	22.0	-1.0	-1.0	-1.0	-1.0	29.0	19.0	-1.0	-1.0	-1.0	-1.0	22.0	-1.0	-1.0	-1.0	-1.0	32.0	-1.0	-1.0	-1.0	-1.0	-1.0	-1.0	12.0	-1.0	-1.0	23.0	-1.0	59.0	-1.0	-1.0	0.0	-1.0	
-1.0	33.0	31.0	40.0	36.0	22.0	0.0	0.0	21.0	23.0	28.0	16.0	-1.0	0.0	-1.0	-1.0	-1.0	32.0	26.0	-1.0	-1.0	-1.0	-1.0	-1.0	9.0	11.0	-1.0	33.0	22.0	-1.0	20.0	-1.0	-1.0	32.0	-1.0	13.0	-1.0	3.0	-1.0	-1.0	12.0	33.0	-1.0	23.0	16.0	-1.0	37.0	13.0	0.0	10.0	
-1.0	33.0	-1.0	40.0	36.0	-1.0	16.0	-1.0	-1.0	-1.0	28.0	16.0	-1.0	0.0	-1.0	-1.0	-1.0	-1.0	26.0	24.0	27.0	23.0	5.0	-1.0	9.0	17.0	21.0	17.0	22.0	-1.0	20.0	-1.0	17.0	-1.0	-1.0	-1.0	-1.0	-1.0	23.0	8.0	12.0	29.0	-1.0	-1.0	16.0	-1.0	-1.0	13.0	0.0	10.0	
-1.0	33.0	31.0	40.0	36.0	-1.0	0.0	-1.0	-1.0	23.0	28.0	-1.0	-1.0	0.0	30.0	17.0	-1.0	-1.0	-1.0	19.0	24.0	-1.0	5.0	19.0	-1.0	11.0	21.0	25.0	22.0	0.0	20.0	31.0	-1.0	32.0	-1.0	13.0	-1.0	-1.0	10.0	-1.0	12.0	-1.0	-1.0	-1.0	-1.0	-1.0	12.0	-1.0	0.0	10.0	
-1.0	33.0	31.0	40.0	36.0	22.0	0.0	-1.0	-1.0	23.0	28.0	-1.0	8.0	0.0	-1.0	-1.0	-1.0	-1.0	-1.0	-1.0	24.0	-1.0	5.0	-1.0	9.0	22.0	21.0	-1.0	22.0	-1.0	20.0	-1.0	17.0	32.0	6.0	13.0	-1.0	3.0	-1.0	-1.0	12.0	29.0	-1.0	23.0	16.0	-1.0	12.0	-1.0	0.0	10.0	
17.0	-1.0	31.0	-1.0	36.0	-1.0	-1.0	-1.0	12.0	-1.0	-1.0	-1.0	-1.0	-1.0	-1.0	-1.0	-1.0	-1.0	-1.0	-1.0	30.0	-1.0	-1.0	-1.0	9.0	-1.0	-1.0	-1.0	-1.0	-1.0	-1.0	-1.0	-1.0	32.0	-1.0	13.0	-1.0	-1.0	-1.0	-1.0	12.0	-1.0	-1.0	23.0	-1.0	-1.0	-1.0	-1.0	0.0	-1.0	
-1.0	33.0	31.0	-1.0	36.0	22.0	0.0	-1.0	-1.0	-1.0	-1.0	16.0	-1.0	-1.0	-1.0	-1.0	37.0	-1.0	-1.0	-1.0	30.0	-1.0	5.0	-1.0	-1.0	11.0	-1.0	17.0	22.0	-1.0	-1.0	31.0	-1.0	-1.0	-1.0	13.0	30.0	-1.0	-1.0	-1.0	12.0	33.0	18.0	-1.0	16.0	-1.0	12.0	-1.0	0.0	10.0	
-1.0	33.0	31.0	40.0	36.0	-1.0	0.0	-1.0	12.0	23.0	28.0	16.0	8.0	0.0	-1.0	-1.0	-1.0	-1.0	-1.0	-1.0	24.0	-1.0	5.0	-1.0	-1.0	11.0	-1.0	17.0	22.0	-1.0	-1.0	31.0	17.0	-1.0	-1.0	-1.0	-1.0	3.0	-1.0	-1.0	12.0	29.0	-1.0	-1.0	-1.0	59.0	29.0	13.0	0.0	10.0	
-1.0	33.0	31.0	40.0	36.0	22.0	0.0	-1.0	12.0	-1.0	28.0	16.0	-1.0	0.0	-1.0	17.0	-1.0	-1.0	-1.0	19.0	27.0	-1.0	5.0	-1.0	9.0	11.0	21.0	17.0	22.0	0.0	-1.0	31.0	-1.0	-1.0	-1.0	-1.0	-1.0	-1.0	-1.0	-1.0	12.0	29.0	-1.0	23.0	16.0	59.0	-1.0	15.0	-1.0	-1.0	
-1.0	33.0	31.0	40.0	-1.0	-1.0	0.0	0.0	12.0	-1.0	28.0	16.0	-1.0	-1.0	-1.0	-1.0	-1.0	-1.0	26.0	19.0	-1.0	-1.0	5.0	19.0	-1.0	11.0	-1.0	17.0	-1.0	0.0	-1.0	-1.0	-1.0	-1.0	-1.0	-1.0	-1.0	-1.0	-1.0	-1.0	12.0	29.0	-1.0	23.0	16.0	59.0	12.0	-1.0	0.0	10.0	

distances_centre_w :
-1.0	-1.0	-1.0	-1.0	-1.0	-1.0	-1.0	-1.0	-1.0	-1.0	-1.0	72.0	49.0	58.0	38.0	-1.0	-1.0	-1.0	-1.0	-1.0	-1.0	-1.0	43.0	-1.0	-1.0	17.0	-1.0	-1.0	-1.0	-1.0	65.0	-1.0	-1.0	-1.0	-1.0	-1.0	-1.0	-1.0	-1.0	-1.0	-1.0	-1.0	-1.0	-1.0	51.0	-1.0	-1.0	-1.0	-1.0	-1.0	
-1.0	52.0	42.0	57.0	38.0	27.0	16.0	16.0	53.0	24.0	68.0	58.0	-1.0	42.0	-1.0	-1.0	-1.0	60.0	54.0	-1.0	-1.0	-1.0	-1.0	-1.0	31.0	17.0	-1.0	41.0	43.0	-1.0	58.0	-1.0	-1.0	60.0	-1.0	40.0	-1.0	20.0	-1.0	-1.0	36.0	42.0	-1.0	52.0	27.0	-1.0	40.0	21.0	28.0	25.0	
-1.0	52.0	-1.0	57.0	38.0	-1.0	28.0	-1.0	-1.0	-1.0	68.0	58.0	-1.0	42.0	-1.0	-1.0	-1.0	-1.0	67.0	36.0	30.0	63.0	39.0	-1.0	49.0	57.0	51.0	25.0	53.0	-1.0	58.0	-1.0	65.0	-1.0	-1.0	-1.0	-1.0	-1.0	65.0	46.0	44.0	33.0	-1.0	-1.0	27.0	-1.0	-1.0	21.0	33.0	42.0	
-1.0	52.0	42.0	57.0	38.0	-1.0	16.0	-1.0	-1.0	24.0	68.0	-1.0	-1.0	42.0	38.0	38.0	-1.0	-1.0	-1.0	24.0	30.0	-1.0	18.0	24.0	-1.0	22.0	23.0	41.0	43.0	38.0	58.0	47.0	-1.0	60.0	-1.0	40.0	-1.0	-1.0	23.0	-1.0	36.0	-1.0	-1.0	-1.0	-1.0	-1.0	29.0	-1.0	28.0	25.0	
-1.0	52.0	42.0	57.0	38.0	27.0	16.0	-1.0	-1.0	24.0	68.0	-1.0	49.0	42.0	-1.0	-1.0	-1.0	-1.0	-1.0	-1.0	30.0	-1.0	29.0	-1.0	31.0	57.0	23.0	-1.0	43.0	-1.0	58.0	-1.0	46.0	60.0	18.0	40.0	-1.0	20.0	-1.0	-1.0	36.0	42.0	-1.0	52.0	27.0	-1.0	40.0	-1.0	28.0	25.0	
-1.0	52.0	-1.0	57.0	-1.0	53.0	-1.0	-1.0	-1.0	-1.0	-1.0	-1.0	-1.0	-1.0	-1.0	-1.0	-1.0	-1.0	-1.0	-1.0	-1.0	-1.0	-1.0	-1.0	-1.0	-1.0	-1.0	-1.0	-1.0	-1.0	-1.0	47.0	-1.0	-1.0	-1.0	-1.0	-1.0	-1.0	-1.0	-1.0	-1.0	-1.0	-1.0	-1.0	-1.0	-1.0	-1.0	-1.0	-1.0	-1.0	
-1.0	52.0	42.0	-1.0	38.0	27.0	16.0	-1.0	-1.0	-1.0	-1.0	58.0	-1.0	-1.0	-1.0	-1.0	38.0	-1.0	-1.0	-1.0	35.0	-1.0	18.0	-1.0	-1.0	22.0	-1.0	25.0	43.0	-1.0	-1.0	47.0	-1.0	-1.0	-1.0	40.0	33.0	-1.0	-1.0	-1.0	36.0	42.0	23.0	-1.0	27.0	-1.0	29.0	-1.0	28.0	25.0	
-1.0	52.0	42.0	57.0	38.0	-1.0	16.0	-1.0	21.0	24.0	68.0	58.0	34.0	42.0	-1.0	-1.0	-1.0	-1.0	-1.0	-1.0	27.0	-1.0	18.0	-1.0	-1.0	17.0	-1.0	33.0	53.0	-1.0	-1.0	47.0	49.0	-1.0	-1.0	-1.0	-1.0	20.0	-1.0	-1.0	36.0	33.0	-1.0	-1.0	-1.0	83.0	29.0	15.0	28.0	25.0	
-1.0	52.0	42.0	57.0	38.0	27.0	16.0	-1.0	21.0	-1.0	68.0	58.0	-1.0	42.0	-1.0	25.0	-1.0	-1.0	-1.0	34.0	30.0	-1.0	29.0	-1.0	31.0	22.0	23.0	33.0	53.0	38.0	-1.0	47.0	-1.0	-1.0	-1.0	-1.0	-1.0	-1.0	-1.0	-1.0	36.0	42.0	-1.0	52.0	27.0	83.0	-1.0	21.0	-1.0	-1.0	
-1.0	52.0	45.0	57.0	-1.0	-1.0	47.0	38.0	53.0	-1.0	68.0	58.0	-1.0	-1.0	-1.0	-1.0	-1.0	-1.0	56.0	48.0	-1.0	-1.0	43.0	37.0	-1.0	57.0	-1.0	41.0	-1.0	47.0	-1.0	-1.0	-1.0	-1.0	-1.0	-1.0	-1.0	-1.0	-1.0	-1.0	44.0	42.0	-1.0	54.0	42.0	83.0	37.0	-1.0	58.0	31.0	

maxX :
59.0	40.0	40.0	40.0	40.0	36.0	37.0	59.0	59.0	59.0	

maxW :
72.0	68.0	68.0	68.0	68.0	57.0	58.0	83.0	83.0	83.0	

minX :
0.0	0.0	0.0	0.0	0.0	0.0	0.0	0.0	0.0	0.0	

minW :
17.0	16.0	21.0	16.0	16.0	47.0	16.0	15.0	16.0	31.0	

moyX :
26.9375	19.833333333333332	18.814814814814813	18.714285714285715	17.82758620689655	19.545454545454547	19.772727272727273	19.576923076923077	20.40740740740741	18.17391304347826	

moyW :
49.125	39.6	46.18518518518518	36.57142857142857	38.62068965517241	52.25	33.81818181818182	37.11538461538461	38.77777777777778	49.47826086956522	

medX :
22.5	21.5	17.0	19.5	20.0	17.0	17.5	17.0	19.0	16.0	

medW :
50.0	40.5	46.0	38.0	40.0	52.5	34.0	33.5	36.0	47.0	

ecartTypeX :
16.013544072128443	12.072236283675402	9.877160474538243	11.46066921150376	11.175925374066628	11.015391185754895	11.200372632526028	13.989482524445824	13.090169507034968	14.088700911856385	

ecartTypeW :
16.011226530156893	14.94121815649581	13.848484439172497	13.404233263702743	13.760046594506736	3.5619517121937516	10.696798007034898	17.012047593209036	15.644981051403208	11.193435829586798	

varX :
256.43359375	145.73888888888888	97.55829903978052	131.3469387755102	124.90130796670631	121.33884297520662	125.44834710743802	195.70562130177512	171.3525377229081	198.49149338374292	

varW :
256.359375	223.24000000000004	191.78052126200276	179.6734693877551	189.33888228299645	12.6875	114.42148760330578	289.4097633136094	244.76543209876542	125.2930056710775	

covarX :
273.52916666666664	150.76436781609198	101.31054131054131	136.2116402116402	129.36206896551727	133.47272727272727	131.42207792207793	203.53384615384618	177.94301994301995	207.51383399209487	

covarW :
292.98214285714283	230.93793103448274	199.15669515669515	186.3280423280423	196.1009852216749	16.916666666666664	119.87012987012986	300.98615384615385	254.17948717948718	130.98814229249012	

coef_variationX :
0.5944703135824944	0.6086841823701884	0.5249671905758516	0.6124021716070711	0.6268894310404878	0.5635781536897853	0.566455627392121	0.7145904629382935	0.6414420629581563	0.7752156004131504	

coef_variationW :
0.3259282754230411	0.3773034888003992	0.2998468964375761	0.3665220033043719	0.35628692075062085	0.0681713246352871	0.31630316687468785	0.4583556864491554	0.4034522334172747	0.22622937089674547	

moy_distances_centre :	44.7
min_distances_centre :	16.0
max_distances_centre :	71.0
med_distances_centre :	44.5
ecartType_distances_centre :	15.710187777362815
var_distances_centre :	246.81
covar_distances_centre :	259.79999999999995
coef_variation_distances_centre :	0.351458339538318
capacite_X_temoin : 
156.0	171.0	0.0	175.0	144.0	
138.0	153.0	162.0	163.0	159.0	
0.0	144.0	136.0	147.0	166.0	
166.0	151.0	141.0	168.0	171.0	
144.0	144.0	162.0	147.0	165.0	
172.0	144.0	135.0	0.0	157.0	
172.0	171.0	157.0	135.0	163.0	
141.0	136.0	172.0	156.0	148.0	
147.0	139.0	171.0	144.0	169.0	
154.0	177.0	177.0	147.0	163.0	

capacite_W_temoin : 
157.8	129.3	0.0	205.5	71.19999999999999	
147.4	128.9	124.6	205.9	76.69999999999999	
0.0	122.19999999999999	60.8	175.1	121.8	
172.8	141.3	101.3	197.4	131.3	
170.2	80.19999999999999	120.6	191.1	89.5	
198.6	127.19999999999999	118.5	0.0	72.1	
181.6	181.3	148.1	173.5	108.9	
160.3	123.8	135.6	202.8	97.4	
164.1	140.7	130.3	169.2	130.7	
180.2	179.1	183.1	176.1	136.9	

demande_cumulee_X : 
45.0	93.0	0.0	22.0	116.0	
32.0	70.0	86.0	6.0	130.0	
0.0	65.0	116.0	16.0	94.0	
43.0	55.0	82.0	21.0	91.0	
17.0	107.0	90.0	0.0	125.0	
25.0	60.0	57.0	0.0	132.0	
42.0	41.0	56.0	2.0	103.0	
23.0	53.0	88.0	0.0	95.0	
27.0	40.0	92.0	18.0	89.0	
20.0	51.0	47.0	15.0	75.0	

demande_cumulee_W : 
110.0	69.0	0.0	35.0	62.0	
146.0	87.0	40.0	9.0	42.0	
0.0	118.0	57.0	8.0	108.0	
92.0	79.0	38.0	19.0	64.0	
154.0	76.0	35.0	42.0	32.0	
147.0	61.0	21.0	0.0	45.0	
95.0	42.0	40.0	9.0	58.0	
89.0	77.0	44.0	2.0	47.0	
46.0	110.0	39.0	26.0	45.0	
15.0	58.0	30.0	71.0	34.0	

capacite_residuelle_X : 
111.0	78.0	0.0	153.0	28.0	
106.0	83.0	76.0	157.0	29.0	
0.0	79.0	20.0	131.0	72.0	
123.0	96.0	59.0	147.0	80.0	
127.0	37.0	72.0	147.0	40.0	
147.0	84.0	78.0	0.0	25.0	
130.0	130.0	101.0	133.0	60.0	
118.0	83.0	84.0	156.0	53.0	
120.0	99.0	79.0	126.0	80.0	
134.0	126.0	130.0	132.0	88.0	

capacite_residuelle_W : 
47.80000000000001	60.30000000000001	0.0	170.5	9.199999999999989	
1.4000000000000057	41.900000000000006	84.6	196.9	34.69999999999999	
0.0	4.199999999999989	3.799999999999997	167.1	13.799999999999997	
80.80000000000001	62.30000000000001	63.3	178.4	67.30000000000001	
16.19999999999999	4.199999999999989	85.6	149.1	57.5	
51.599999999999994	66.19999999999999	97.5	0.0	27.099999999999994	
86.6	139.3	108.1	164.5	50.900000000000006	
71.30000000000001	46.8	91.6	200.8	50.400000000000006	
118.1	30.69999999999999	91.30000000000001	143.2	85.69999999999999	
165.2	121.1	153.1	105.1	102.9	

min_capacite_X : 
0.0	138.0	0.0	141.0	144.0	0.0	135.0	136.0	139.0	147.0	

min_capacite_W : 
0.0	76.69999999999999	0.0	101.3	80.19999999999999	0.0	108.9	97.4	130.3	136.9	

max_capacite_X : 
175.0	163.0	166.0	171.0	165.0	172.0	172.0	172.0	171.0	177.0	

max_capacite_W : 
205.5	205.9	175.1	197.4	191.1	198.6	181.6	202.8	169.2	183.1	

moy_capacite_X : 
129.2	155.0	118.6	159.4	152.4	121.6	159.6	150.6	154.0	163.6	

moy_capacite_W : 
112.75999999999999	136.7	95.98	148.82000000000002	130.32	103.28	158.68	143.98	147.0	171.07999999999998	

med_capacite_X : 
156.0	159.0	144.0	166.0	147.0	144.0	163.0	148.0	147.0	163.0	

med_capacite_W : 
129.3	128.9	121.8	141.3	120.6	118.5	173.5	135.6	140.7	179.1	

ecartType_capacite_X : 
65.53594433591385	9.186947262284681	60.11189566134144	11.499565209172042	9.178235124467014	62.06641603959423	13.46996659238619	12.642784503423286	13.326664999166145	12.059850745345068	

ecartType_capacite_W : 
71.19681453548326	41.73818395666012	60.10645223268463	33.33679048738796	43.720448305112335	65.61808896942976	27.736647237905306	35.70234726176978	16.550045317158496	17.236287303244854	

var_capacite_X : 
4294.959999999999	84.4	3613.44	132.24	84.24000000000001	3852.2400000000002	181.44	159.84	177.6	145.44	

var_capacite_W : 
5068.9864	1742.0760000000002	3612.7855999999992	1111.3416000000002	1911.4775999999997	4305.7336	769.3216	1274.6576	273.9039999999999	297.0895999999998	

covar_capacite_X : 
5368.699999999999	105.5	4516.8	165.3	105.30000000000001	4815.3	226.8	199.8	222.0	181.8	

covar_capacite_W : 
6336.233	2177.5950000000003	4515.981999999999	1389.1770000000004	2389.3469999999998	5382.1669999999995	961.6519999999999	1593.3220000000001	342.3799999999999	371.36199999999974	

##########	##########	##########	##########	##########	##########	##########	##########	##########	##########	##########	##########	##########	##########	##########	##########	##########	##########	##########	##########	##########	##########	##########	##########	##########	##########	##########	##########	##########	##########	##########	##########	##########	##########	##########	##########	##########	##########	##########	##########	##########	##########	##########	##########	##########	##########	##########	##########	##########	##########	nombre de noeuds : 50
nombre de strates : 10
nombre de centres : 5
titre : intelligent
instances : p2_3
temps de calcul : 0.06521105766296387
valeur objective : 1124.0
nombre de solutions : 3
nombre de noeuds : 1.0
faisability : True
centre : [48, 7, 13, 6, 44]
moy_distances :	48.31
min_distances :	1.0
max_distances :	131.0
var_distances :	538.7683705122865
covar_distances :	538.9883657636187
ecartType_distances :	23.211384502271436
coef_variation	: 0.4804411066570216
distances_centre_x :
17.0	33.0	31.0	41.0	-1.0	-1.0	-1.0	-1.0	12.0	-1.0	-1.0	31.0	11.0	16.0	-1.0	-1.0	-1.0	-1.0	-1.0	-1.0	-1.0	-1.0	-1.0	-1.0	-1.0	17.0	-1.0	12.0	22.0	-1.0	31.0	-1.0	-1.0	32.0	-1.0	-1.0	-1.0	-1.0	-1.0	-1.0	12.0	33.0	-1.0	23.0	0.0	59.0	-1.0	-1.0	0.0	-1.0	
-1.0	33.0	31.0	40.0	30.0	22.0	0.0	0.0	12.0	23.0	28.0	16.0	-1.0	0.0	-1.0	-1.0	-1.0	32.0	26.0	-1.0	-1.0	-1.0	-1.0	-1.0	9.0	11.0	-1.0	12.0	22.0	-1.0	20.0	-1.0	-1.0	32.0	-1.0	13.0	-1.0	3.0	-1.0	-1.0	12.0	29.0	-1.0	23.0	0.0	-1.0	12.0	13.0	0.0	10.0	
-1.0	33.0	-1.0	40.0	30.0	-1.0	16.0	-1.0	-1.0	-1.0	28.0	16.0	-1.0	0.0	-1.0	-1.0	-1.0	-1.0	26.0	24.0	24.0	23.0	5.0	-1.0	9.0	17.0	21.0	17.0	22.0	-1.0	20.0	-1.0	17.0	-1.0	-1.0	-1.0	-1.0	-1.0	23.0	46.0	12.0	29.0	-1.0	-1.0	0.0	-1.0	-1.0	13.0	0.0	10.0	
-1.0	33.0	31.0	40.0	30.0	-1.0	0.0	-1.0	-1.0	23.0	28.0	-1.0	-1.0	0.0	30.0	25.0	-1.0	-1.0	-1.0	19.0	24.0	-1.0	5.0	32.0	-1.0	11.0	21.0	12.0	22.0	38.0	20.0	29.0	-1.0	32.0	-1.0	13.0	-1.0	-1.0	23.0	-1.0	12.0	-1.0	-1.0	-1.0	-1.0	-1.0	12.0	-1.0	0.0	10.0	
-1.0	33.0	31.0	40.0	30.0	22.0	0.0	-1.0	-1.0	23.0	28.0	-1.0	8.0	0.0	-1.0	-1.0	-1.0	-1.0	-1.0	-1.0	12.0	-1.0	5.0	-1.0	9.0	11.0	21.0	-1.0	22.0	-1.0	20.0	-1.0	17.0	32.0	6.0	13.0	-1.0	3.0	-1.0	-1.0	12.0	33.0	-1.0	23.0	0.0	-1.0	12.0	-1.0	0.0	10.0	
17.0	-1.0	31.0	-1.0	36.0	-1.0	-1.0	-1.0	12.0	-1.0	-1.0	-1.0	-1.0	-1.0	-1.0	-1.0	-1.0	-1.0	-1.0	-1.0	30.0	-1.0	-1.0	-1.0	9.0	-1.0	-1.0	-1.0	-1.0	-1.0	-1.0	-1.0	-1.0	32.0	-1.0	13.0	-1.0	-1.0	-1.0	-1.0	12.0	-1.0	-1.0	23.0	-1.0	-1.0	-1.0	-1.0	0.0	-1.0	
-1.0	33.0	31.0	-1.0	30.0	22.0	0.0	-1.0	-1.0	-1.0	-1.0	16.0	-1.0	-1.0	-1.0	-1.0	37.0	-1.0	-1.0	-1.0	12.0	-1.0	5.0	-1.0	-1.0	11.0	-1.0	12.0	22.0	-1.0	-1.0	29.0	-1.0	-1.0	-1.0	13.0	30.0	-1.0	-1.0	-1.0	12.0	29.0	18.0	-1.0	0.0	-1.0	12.0	-1.0	0.0	10.0	
-1.0	33.0	31.0	40.0	30.0	-1.0	0.0	-1.0	12.0	23.0	28.0	31.0	8.0	0.0	-1.0	-1.0	-1.0	-1.0	-1.0	-1.0	24.0	-1.0	5.0	-1.0	-1.0	11.0	-1.0	25.0	22.0	-1.0	-1.0	29.0	17.0	-1.0	-1.0	-1.0	-1.0	3.0	-1.0	-1.0	12.0	33.0	-1.0	-1.0	-1.0	59.0	12.0	13.0	0.0	10.0	
-1.0	33.0	31.0	40.0	30.0	22.0	0.0	-1.0	12.0	-1.0	28.0	31.0	-1.0	0.0	-1.0	34.0	-1.0	-1.0	-1.0	19.0	12.0	-1.0	29.0	-1.0	9.0	11.0	21.0	12.0	22.0	38.0	-1.0	29.0	-1.0	-1.0	-1.0	-1.0	-1.0	-1.0	-1.0	-1.0	12.0	29.0	-1.0	23.0	0.0	59.0	-1.0	13.0	-1.0	-1.0	
-1.0	57.0	31.0	40.0	-1.0	-1.0	0.0	0.0	12.0	-1.0	28.0	16.0	-1.0	-1.0	-1.0	-1.0	-1.0	-1.0	26.0	8.0	-1.0	-1.0	5.0	24.0	-1.0	11.0	-1.0	12.0	-1.0	38.0	-1.0	-1.0	-1.0	-1.0	-1.0	-1.0	-1.0	-1.0	-1.0	-1.0	12.0	29.0	-1.0	23.0	0.0	59.0	12.0	-1.0	0.0	10.0	

distances_centre_w :
-1.0	52.0	-1.0	57.0	-1.0	24.0	-1.0	-1.0	-1.0	49.0	-1.0	-1.0	-1.0	-1.0	38.0	34.0	-1.0	60.0	-1.0	-1.0	-1.0	-1.0	-1.0	-1.0	-1.0	-1.0	-1.0	-1.0	-1.0	-1.0	-1.0	-1.0	-1.0	-1.0	-1.0	-1.0	-1.0	-1.0	-1.0	-1.0	-1.0	-1.0	-1.0	54.0	-1.0	76.0	-1.0	-1.0	-1.0	42.0	
-1.0	52.0	51.0	41.0	36.0	24.0	16.0	16.0	21.0	49.0	40.0	58.0	-1.0	16.0	-1.0	-1.0	-1.0	32.0	54.0	-1.0	-1.0	-1.0	-1.0	-1.0	31.0	17.0	-1.0	17.0	43.0	-1.0	31.0	-1.0	-1.0	60.0	-1.0	40.0	-1.0	20.0	-1.0	-1.0	36.0	42.0	-1.0	54.0	16.0	-1.0	17.0	21.0	33.0	25.0	
-1.0	57.0	-1.0	57.0	36.0	-1.0	28.0	-1.0	-1.0	-1.0	40.0	31.0	-1.0	16.0	-1.0	-1.0	-1.0	-1.0	54.0	36.0	30.0	32.0	23.0	-1.0	31.0	42.0	45.0	25.0	53.0	-1.0	31.0	-1.0	49.0	-1.0	-1.0	-1.0	-1.0	-1.0	50.0	58.0	44.0	33.0	-1.0	-1.0	16.0	-1.0	-1.0	21.0	33.0	25.0	
-1.0	52.0	32.0	57.0	36.0	-1.0	16.0	-1.0	-1.0	49.0	40.0	-1.0	-1.0	16.0	38.0	34.0	-1.0	-1.0	-1.0	24.0	35.0	-1.0	39.0	39.0	-1.0	17.0	24.0	41.0	43.0	47.0	31.0	31.0	-1.0	60.0	-1.0	40.0	-1.0	-1.0	37.0	-1.0	36.0	-1.0	-1.0	-1.0	-1.0	-1.0	17.0	-1.0	28.0	37.0	
-1.0	52.0	32.0	57.0	36.0	31.0	16.0	-1.0	-1.0	24.0	40.0	-1.0	11.0	16.0	-1.0	-1.0	-1.0	-1.0	-1.0	-1.0	24.0	-1.0	23.0	-1.0	31.0	22.0	24.0	-1.0	43.0	-1.0	31.0	-1.0	46.0	60.0	39.0	40.0	-1.0	38.0	-1.0	-1.0	36.0	42.0	-1.0	54.0	16.0	-1.0	17.0	-1.0	28.0	37.0	
-1.0	52.0	-1.0	57.0	-1.0	53.0	-1.0	-1.0	-1.0	-1.0	-1.0	-1.0	-1.0	-1.0	-1.0	-1.0	-1.0	-1.0	-1.0	-1.0	-1.0	-1.0	-1.0	-1.0	-1.0	-1.0	-1.0	-1.0	-1.0	-1.0	-1.0	47.0	-1.0	-1.0	-1.0	-1.0	-1.0	-1.0	-1.0	-1.0	-1.0	-1.0	-1.0	-1.0	-1.0	-1.0	-1.0	-1.0	-1.0	-1.0	
-1.0	33.0	32.0	-1.0	36.0	24.0	16.0	-1.0	-1.0	-1.0	-1.0	31.0	-1.0	-1.0	-1.0	-1.0	38.0	-1.0	-1.0	-1.0	35.0	-1.0	18.0	-1.0	-1.0	22.0	-1.0	25.0	43.0	-1.0	-1.0	31.0	-1.0	-1.0	-1.0	40.0	33.0	-1.0	-1.0	-1.0	36.0	33.0	23.0	-1.0	16.0	-1.0	17.0	-1.0	28.0	37.0	
-1.0	52.0	32.0	41.0	36.0	-1.0	16.0	-1.0	21.0	24.0	40.0	58.0	11.0	16.0	-1.0	-1.0	-1.0	-1.0	-1.0	-1.0	35.0	-1.0	18.0	-1.0	-1.0	17.0	-1.0	41.0	43.0	-1.0	-1.0	31.0	46.0	-1.0	-1.0	-1.0	-1.0	38.0	-1.0	-1.0	36.0	42.0	-1.0	-1.0	-1.0	76.0	17.0	15.0	28.0	37.0	
-1.0	52.0	32.0	57.0	36.0	24.0	16.0	-1.0	53.0	-1.0	68.0	73.0	-1.0	16.0	-1.0	58.0	-1.0	-1.0	-1.0	36.0	24.0	-1.0	39.0	-1.0	31.0	17.0	24.0	17.0	43.0	47.0	-1.0	31.0	-1.0	-1.0	-1.0	-1.0	-1.0	-1.0	-1.0	-1.0	36.0	42.0	-1.0	52.0	16.0	76.0	-1.0	21.0	-1.0	-1.0	
-1.0	67.0	42.0	57.0	-1.0	-1.0	42.0	16.0	53.0	-1.0	40.0	58.0	-1.0	-1.0	-1.0	-1.0	-1.0	-1.0	56.0	34.0	-1.0	-1.0	18.0	37.0	-1.0	42.0	-1.0	33.0	-1.0	47.0	-1.0	-1.0	-1.0	-1.0	-1.0	-1.0	-1.0	-1.0	-1.0	-1.0	44.0	42.0	-1.0	54.0	42.0	76.0	29.0	-1.0	58.0	25.0	

maxX :
59.0	40.0	46.0	40.0	40.0	36.0	37.0	59.0	59.0	59.0	

maxW :
76.0	60.0	58.0	60.0	60.0	57.0	43.0	76.0	76.0	76.0	

minX :
0.0	0.0	0.0	0.0	0.0	0.0	0.0	0.0	0.0	0.0	

minW :
24.0	16.0	16.0	16.0	11.0	47.0	16.0	11.0	16.0	16.0	

moyX :
22.789473684210527	17.133333333333333	19.296296296296298	20.535714285714285	16.413793103448278	19.545454545454547	17.454545454545453	19.653846153846153	22.185185185185187	19.695652173913043	

moyW :
48.6	33.63333333333333	36.888888888888886	35.57142857142857	33.310344827586206	52.25	29.40909090909091	33.34615384615385	38.407407407407405	44.0	

medX :
22.0	14.5	20.0	22.5	13.0	17.0	14.5	19.5	22.0	12.0	

medW :
50.5	32.5	33.0	36.5	32.0	52.5	31.5	35.5	36.0	42.0	

ecartTypeX :
14.103299156275908	11.546235557771872	11.197932397826065	11.261445425043114	11.487676279475385	11.015391185754895	11.154808472856702	13.986098338906464	13.410987858322622	16.630079564265458	

ecartTypeW :
14.022838514366484	14.213803932171789	12.419618093172065	11.390561792957522	12.806527021946762	3.5619517121937516	7.941027474790142	14.935611310123889	17.661968472271166	14.446302370292305	

varX :
198.90304709141273	133.31555555555553	125.3936899862826	126.82015306122449	131.96670630202144	121.33884297520662	124.42975206611568	195.61094674556213	179.85459533607678	276.55954631379956	

varW :
196.64000000000001	202.0322222222222	154.2469135802469	129.74489795918367	164.00713436385257	12.6875	63.0599173553719	223.0724852071006	311.94513031550065	208.69565217391303	

covarX :
209.95321637426898	137.9126436781609	130.2165242165242	131.51719576719577	136.67980295566505	133.47272727272727	130.35497835497833	203.43538461538466	186.77207977207973	289.13043478260863	

covarW :
218.48888888888888	208.9988505747126	160.1794871794872	134.55026455026453	169.86453201970446	16.916666666666664	66.06277056277055	231.9953846153846	323.94301994302	218.1818181818182	

coef_variationX :
0.6188514641321992	0.6739047990917435	0.5803151146666099	0.5483834293934038	0.6998794371949288	0.5635781536897853	0.6390775687574153	0.7116214419013074	0.6045019568859946	0.8443528255587319	

coef_variationW :
0.2885357719005449	0.42261062236387875	0.33667639409201383	0.3202165965891673	0.3844609561453997	0.0681713246352871	0.2700194813684438	0.44789607158387673	0.4598583883812165	0.32832505387027966	

moy_distances_centre :	36.1
min_distances_centre :	16.0
max_distances_centre :	58.0
med_distances_centre :	37.5
ecartType_distances_centre :	14.095744038538724
var_distances_centre :	198.69
covar_distances_centre :	209.14736842105262
coef_variation_distances_centre :	0.3904638237822361
capacite_X_temoin : 
156.0	171.0	0.0	135.0	144.0	
138.0	153.0	162.0	168.0	159.0	
0.0	144.0	136.0	135.0	166.0	
166.0	151.0	141.0	163.0	171.0	
144.0	144.0	162.0	144.0	165.0	
172.0	144.0	135.0	0.0	157.0	
172.0	171.0	157.0	172.0	163.0	
141.0	136.0	172.0	151.0	148.0	
147.0	139.0	171.0	135.0	169.0	
154.0	177.0	177.0	153.0	163.0	

capacite_W_temoin : 
163.8	177.3	0.0	83.5	87.19999999999999	
152.4	131.9	139.6	184.4	81.69999999999999	
0.0	102.19999999999999	81.8	145.5	134.8	
174.8	122.3	121.3	174.9	144.3	
164.2	90.19999999999999	137.6	152.2	103.5	
198.6	127.19999999999999	118.5	0.0	72.1	
181.6	186.3	177.1	171.6	124.9	
160.3	125.8	157.6	160.3	109.4	
169.1	138.7	172.3	108.5	134.7	
180.2	158.1	215.1	172.9	136.9	

demande_cumulee_X : 
39.0	45.0	0.0	92.0	100.0	
27.0	67.0	71.0	34.0	125.0	
0.0	85.0	95.0	30.0	81.0	
41.0	74.0	62.0	37.0	78.0	
23.0	97.0	73.0	35.0	111.0	
25.0	60.0	57.0	0.0	132.0	
42.0	36.0	27.0	52.0	87.0	
23.0	51.0	66.0	36.0	83.0	
22.0	42.0	50.0	67.0	85.0	
20.0	72.0	15.0	26.0	75.0	

demande_cumulee_W : 
92.0	93.0	0.0	27.0	64.0	
144.0	60.0	17.0	63.0	40.0	
0.0	86.0	22.0	144.0	39.0	
91.0	13.0	47.0	75.0	66.0	
84.0	52.0	88.0	80.0	35.0	
147.0	61.0	21.0	0.0	45.0	
71.0	20.0	56.0	62.0	35.0	
55.0	30.0	57.0	71.0	46.0	
53.0	61.0	44.0	57.0	51.0	
98.0	28.0	49.0	31.0	2.0	

capacite_residuelle_X : 
117.0	126.0	0.0	43.0	44.0	
111.0	86.0	91.0	134.0	34.0	
0.0	59.0	41.0	105.0	85.0	
125.0	77.0	79.0	126.0	93.0	
121.0	47.0	89.0	109.0	54.0	
147.0	84.0	78.0	0.0	25.0	
130.0	135.0	130.0	120.0	76.0	
118.0	85.0	106.0	115.0	65.0	
125.0	97.0	121.0	68.0	84.0	
134.0	105.0	162.0	127.0	88.0	

capacite_residuelle_W : 
71.80000000000001	84.30000000000001	0.0	56.5	23.19999999999999	
8.400000000000006	71.9	122.6	121.4	41.69999999999999	
0.0	16.19999999999999	59.8	1.5	95.80000000000001	
83.80000000000001	109.3	74.3	99.9	78.30000000000001	
80.19999999999999	38.19999999999999	49.599999999999994	72.19999999999999	68.5	
51.599999999999994	66.19999999999999	97.5	0.0	27.099999999999994	
110.6	166.3	121.1	109.6	89.9	
105.30000000000001	95.8	100.6	89.30000000000001	63.400000000000006	
116.1	77.69999999999999	128.3	51.5	83.69999999999999	
82.19999999999999	130.1	166.1	141.9	134.9	

min_capacite_X : 
0.0	138.0	0.0	141.0	144.0	0.0	157.0	136.0	135.0	153.0	

min_capacite_W : 
0.0	81.69999999999999	0.0	121.3	90.19999999999999	0.0	124.9	109.4	108.5	136.9	

max_capacite_X : 
171.0	168.0	166.0	171.0	165.0	172.0	172.0	172.0	171.0	177.0	

max_capacite_W : 
177.3	184.4	145.5	174.9	164.2	198.6	186.3	160.3	172.3	215.1	

moy_capacite_X : 
121.2	156.0	116.2	158.4	151.8	121.6	167.0	149.6	152.2	164.8	

moy_capacite_W : 
102.36	138.0	92.86	147.52000000000004	129.54000000000002	103.28	168.3	142.68	144.66	172.64	

med_capacite_X : 
144.0	159.0	136.0	163.0	144.0	144.0	171.0	148.0	147.0	163.0	

med_capacite_W : 
87.19999999999999	139.6	102.19999999999999	144.3	137.6	118.5	177.1	157.6	138.7	172.9	

ecartType_capacite_X : 
61.791261518114354	10.21763181955584	59.16215006234983	10.910545357588685	9.6	62.06641603959423	6.0332412515993425	12.370933675353692	15.051910177781425	10.552724766618335	

ecartType_capacite_W : 
63.95931832031984	33.37597938637907	51.69617393966405	23.781370860402482	28.303611077033967	65.61808896942976	22.23861506479214	21.147236226041457	23.679324314684322	25.879845440033055	

var_capacite_X : 
3818.16	104.4	3500.16	119.04	92.16	3852.2400000000002	36.4	153.04000000000002	226.56000000000003	111.35999999999999	

var_capacite_W : 
4090.794400000001	1113.9560000000006	2672.4944000000005	565.5536000000003	801.0944	4305.7336	494.5559999999999	447.20560000000006	560.7104000000002	669.7663999999997	

covar_capacite_X : 
4772.7	130.5	4375.2	148.8	115.19999999999999	4815.3	45.5	191.3	283.20000000000005	139.2	

covar_capacite_W : 
5113.493000000001	1392.4450000000006	3340.6180000000004	706.9420000000003	1001.3679999999999	5382.1669999999995	618.1949999999999	559.0070000000001	700.8880000000001	837.2079999999997	

##########	##########	##########	##########	##########	##########	##########	##########	##########	##########	##########	##########	##########	##########	##########	##########	##########	##########	##########	##########	##########	##########	##########	##########	##########	##########	##########	##########	##########	##########	##########	##########	##########	##########	##########	##########	##########	##########	##########	##########	##########	##########	##########	##########	##########	##########	##########	##########	##########	##########	nombre de noeuds : 50
nombre de strates : 10
nombre de centres : 5
titre : intelligent
instances : p2_3
temps de calcul : 0.06589603424072266
valeur objective : 1129.0
nombre de solutions : 3
nombre de noeuds : 1.0
faisability : True
centre : [48, 7, 6, 44, 30]
moy_distances :	48.31
min_distances :	1.0
max_distances :	131.0
var_distances :	538.7683705122865
covar_distances :	538.9883657636187
ecartType_distances :	23.211384502271436
coef_variation	: 0.4804411066570216
distances_centre_x :
17.0	21.0	31.0	25.0	-1.0	22.0	0.0	-1.0	12.0	23.0	-1.0	9.0	11.0	16.0	30.0	25.0	-1.0	32.0	-1.0	-1.0	-1.0	-1.0	5.0	24.0	-1.0	11.0	-1.0	17.0	22.0	-1.0	0.0	-1.0	-1.0	32.0	-1.0	-1.0	-1.0	-1.0	-1.0	-1.0	12.0	33.0	-1.0	23.0	0.0	59.0	-1.0	-1.0	0.0	10.0	
-1.0	21.0	31.0	25.0	30.0	22.0	28.0	0.0	12.0	23.0	10.0	9.0	-1.0	16.0	-1.0	-1.0	-1.0	32.0	26.0	-1.0	-1.0	-1.0	-1.0	-1.0	9.0	11.0	-1.0	12.0	22.0	-1.0	0.0	-1.0	-1.0	32.0	-1.0	13.0	-1.0	3.0	-1.0	-1.0	12.0	33.0	-1.0	23.0	0.0	-1.0	12.0	13.0	0.0	10.0	
-1.0	21.0	-1.0	25.0	30.0	-1.0	16.0	-1.0	-1.0	-1.0	10.0	9.0	-1.0	16.0	-1.0	-1.0	-1.0	-1.0	26.0	36.0	12.0	4.0	5.0	-1.0	9.0	17.0	21.0	12.0	22.0	-1.0	0.0	-1.0	17.0	-1.0	-1.0	-1.0	-1.0	-1.0	23.0	46.0	12.0	33.0	-1.0	-1.0	0.0	-1.0	-1.0	13.0	0.0	10.0	
-1.0	21.0	31.0	25.0	30.0	-1.0	0.0	-1.0	-1.0	23.0	10.0	-1.0	-1.0	16.0	30.0	25.0	-1.0	-1.0	-1.0	8.0	30.0	-1.0	5.0	24.0	-1.0	11.0	21.0	12.0	22.0	38.0	0.0	22.0	-1.0	32.0	-1.0	13.0	-1.0	-1.0	10.0	-1.0	12.0	-1.0	-1.0	-1.0	-1.0	-1.0	12.0	-1.0	0.0	10.0	
-1.0	33.0	31.0	41.0	30.0	-1.0	-1.0	-1.0	-1.0	-1.0	40.0	-1.0	11.0	16.0	-1.0	-1.0	-1.0	-1.0	-1.0	-1.0	12.0	-1.0	-1.0	-1.0	9.0	17.0	-1.0	-1.0	22.0	-1.0	31.0	-1.0	17.0	32.0	-1.0	13.0	-1.0	-1.0	-1.0	-1.0	12.0	33.0	-1.0	23.0	0.0	-1.0	17.0	-1.0	0.0	-1.0	
17.0	-1.0	31.0	-1.0	-1.0	-1.0	-1.0	-1.0	12.0	-1.0	-1.0	-1.0	-1.0	-1.0	-1.0	-1.0	-1.0	-1.0	-1.0	-1.0	30.0	-1.0	-1.0	-1.0	9.0	-1.0	-1.0	-1.0	-1.0	-1.0	-1.0	-1.0	-1.0	32.0	-1.0	13.0	-1.0	-1.0	-1.0	-1.0	12.0	-1.0	-1.0	23.0	-1.0	-1.0	-1.0	-1.0	0.0	-1.0	
-1.0	33.0	31.0	-1.0	30.0	-1.0	-1.0	-1.0	-1.0	-1.0	-1.0	31.0	-1.0	-1.0	-1.0	-1.0	37.0	-1.0	-1.0	-1.0	12.0	-1.0	23.0	-1.0	-1.0	17.0	-1.0	12.0	22.0	-1.0	-1.0	29.0	-1.0	-1.0	-1.0	13.0	30.0	-1.0	-1.0	-1.0	12.0	33.0	-1.0	-1.0	0.0	-1.0	17.0	-1.0	0.0	-1.0	
-1.0	21.0	31.0	25.0	30.0	-1.0	0.0	-1.0	17.0	23.0	10.0	9.0	11.0	16.0	-1.0	-1.0	-1.0	-1.0	-1.0	-1.0	12.0	-1.0	5.0	-1.0	-1.0	11.0	-1.0	12.0	22.0	-1.0	-1.0	22.0	17.0	-1.0	-1.0	-1.0	-1.0	3.0	-1.0	-1.0	12.0	33.0	-1.0	-1.0	-1.0	59.0	12.0	13.0	0.0	10.0	
-1.0	21.0	31.0	25.0	30.0	22.0	0.0	-1.0	12.0	-1.0	10.0	9.0	-1.0	16.0	-1.0	25.0	-1.0	-1.0	-1.0	8.0	12.0	-1.0	5.0	-1.0	9.0	11.0	21.0	12.0	22.0	38.0	-1.0	22.0	-1.0	-1.0	-1.0	-1.0	-1.0	-1.0	-1.0	-1.0	12.0	33.0	-1.0	23.0	0.0	59.0	-1.0	13.0	-1.0	-1.0	
-1.0	21.0	31.0	25.0	-1.0	-1.0	0.0	0.0	12.0	-1.0	10.0	9.0	-1.0	-1.0	-1.0	-1.0	-1.0	-1.0	26.0	8.0	-1.0	-1.0	5.0	24.0	-1.0	11.0	-1.0	12.0	-1.0	38.0	-1.0	-1.0	-1.0	-1.0	-1.0	-1.0	-1.0	-1.0	-1.0	-1.0	12.0	42.0	-1.0	23.0	0.0	59.0	12.0	-1.0	0.0	25.0	

distances_centre_w :
31.0	33.0	51.0	41.0	-1.0	38.0	16.0	-1.0	21.0	24.0	-1.0	69.0	28.0	20.0	38.0	34.0	-1.0	32.0	-1.0	-1.0	-1.0	-1.0	23.0	32.0	-1.0	17.0	-1.0	42.0	43.0	-1.0	31.0	-1.0	-1.0	60.0	-1.0	-1.0	-1.0	-1.0	-1.0	-1.0	36.0	42.0	-1.0	52.0	27.0	73.0	-1.0	-1.0	28.0	25.0	
-1.0	33.0	51.0	41.0	33.0	24.0	42.0	16.0	17.0	24.0	40.0	31.0	-1.0	20.0	-1.0	-1.0	-1.0	60.0	56.0	-1.0	-1.0	-1.0	-1.0	-1.0	31.0	22.0	-1.0	17.0	43.0	-1.0	31.0	-1.0	-1.0	60.0	-1.0	40.0	-1.0	20.0	-1.0	-1.0	36.0	42.0	-1.0	54.0	27.0	-1.0	17.0	21.0	28.0	25.0	
-1.0	33.0	-1.0	41.0	33.0	-1.0	28.0	-1.0	-1.0	-1.0	40.0	31.0	-1.0	20.0	-1.0	-1.0	-1.0	-1.0	56.0	38.0	37.0	32.0	23.0	-1.0	31.0	22.0	45.0	17.0	53.0	-1.0	31.0	-1.0	49.0	-1.0	-1.0	-1.0	-1.0	-1.0	37.0	58.0	44.0	42.0	-1.0	-1.0	27.0	-1.0	-1.0	21.0	33.0	42.0	
-1.0	33.0	32.0	41.0	33.0	-1.0	16.0	-1.0	-1.0	49.0	40.0	-1.0	-1.0	20.0	38.0	34.0	-1.0	-1.0	-1.0	19.0	37.0	-1.0	54.0	57.0	-1.0	22.0	24.0	33.0	53.0	47.0	31.0	29.0	-1.0	60.0	-1.0	59.0	-1.0	-1.0	23.0	-1.0	36.0	-1.0	-1.0	-1.0	-1.0	-1.0	17.0	-1.0	28.0	55.0	
-1.0	-1.0	32.0	57.0	36.0	24.0	-1.0	-1.0	-1.0	-1.0	-1.0	-1.0	-1.0	-1.0	-1.0	-1.0	-1.0	-1.0	-1.0	-1.0	-1.0	-1.0	29.0	-1.0	34.0	42.0	51.0	-1.0	-1.0	-1.0	-1.0	-1.0	-1.0	-1.0	28.0	43.0	-1.0	35.0	-1.0	-1.0	-1.0	-1.0	-1.0	-1.0	-1.0	-1.0	-1.0	-1.0	-1.0	-1.0	
-1.0	52.0	-1.0	57.0	36.0	-1.0	-1.0	-1.0	-1.0	-1.0	-1.0	-1.0	-1.0	-1.0	-1.0	-1.0	-1.0	-1.0	-1.0	-1.0	-1.0	-1.0	-1.0	-1.0	-1.0	-1.0	-1.0	-1.0	-1.0	-1.0	-1.0	47.0	-1.0	-1.0	-1.0	-1.0	-1.0	-1.0	-1.0	-1.0	-1.0	-1.0	-1.0	-1.0	-1.0	-1.0	-1.0	-1.0	-1.0	-1.0	
-1.0	52.0	32.0	-1.0	36.0	24.0	-1.0	-1.0	-1.0	-1.0	-1.0	-1.0	-1.0	-1.0	-1.0	-1.0	-1.0	-1.0	-1.0	-1.0	-1.0	-1.0	29.0	-1.0	-1.0	-1.0	-1.0	-1.0	-1.0	-1.0	-1.0	47.0	-1.0	-1.0	-1.0	43.0	-1.0	-1.0	-1.0	-1.0	-1.0	-1.0	54.0	-1.0	-1.0	-1.0	-1.0	-1.0	-1.0	42.0	
-1.0	33.0	32.0	41.0	33.0	-1.0	16.0	-1.0	36.0	24.0	40.0	31.0	28.0	20.0	-1.0	-1.0	-1.0	-1.0	-1.0	-1.0	24.0	-1.0	54.0	-1.0	-1.0	22.0	-1.0	42.0	43.0	-1.0	-1.0	29.0	67.0	-1.0	-1.0	-1.0	-1.0	55.0	-1.0	-1.0	36.0	42.0	-1.0	-1.0	-1.0	73.0	17.0	15.0	28.0	55.0	
-1.0	33.0	32.0	41.0	33.0	24.0	16.0	-1.0	63.0	-1.0	40.0	31.0	-1.0	20.0	-1.0	38.0	-1.0	-1.0	-1.0	38.0	37.0	-1.0	29.0	-1.0	31.0	17.0	24.0	17.0	43.0	47.0	-1.0	29.0	-1.0	-1.0	-1.0	-1.0	-1.0	-1.0	-1.0	-1.0	36.0	42.0	-1.0	52.0	27.0	73.0	-1.0	21.0	-1.0	-1.0	
-1.0	52.0	32.0	41.0	-1.0	-1.0	16.0	16.0	21.0	-1.0	68.0	31.0	-1.0	-1.0	-1.0	-1.0	-1.0	-1.0	56.0	19.0	-1.0	-1.0	18.0	37.0	-1.0	17.0	-1.0	33.0	-1.0	47.0	-1.0	-1.0	-1.0	-1.0	-1.0	-1.0	-1.0	-1.0	-1.0	-1.0	36.0	71.0	-1.0	52.0	27.0	73.0	17.0	-1.0	28.0	42.0	

maxX :
59.0	33.0	46.0	38.0	41.0	32.0	37.0	59.0	59.0	59.0	

maxW :
73.0	60.0	58.0	60.0	57.0	57.0	54.0	73.0	73.0	73.0	

minX :
0.0	0.0	0.0	0.0	0.0	0.0	0.0	0.0	0.0	0.0	

minW :
16.0	16.0	17.0	16.0	24.0	36.0	24.0	15.0	16.0	16.0	

moyX :
18.642857142857142	16.333333333333332	16.48148148148148	17.607142857142858	20.952380952380953	17.9	21.22222222222222	16.76923076923077	18.555555555555557	17.608695652173914	

moyW :
35.964285714285715	33.4	35.7037037037037	36.42857142857143	37.36363636363637	48.0	39.888888888888886	36.0	34.592592592592595	36.95652173913044	

medX :
19.0	13.0	16.0	18.5	17.0	15.0	22.5	12.5	16.0	12.0	

medW :
32.5	31.0	33.0	33.5	35.0	49.5	42.0	33.0	33.0	33.0	

ecartTypeX :
12.831919703041557	10.341931906348812	11.150055207869867	10.386596052173225	11.712737024998898	10.18282868362225	11.043125340407517	12.118986033707898	12.419618093172065	14.681366866926439	

ecartTypeW :
14.203827811185121	13.088417271261896	10.66949550966338	13.162252769157098	9.575278085425152	7.7781745930520225	9.768935395703675	14.827209914415922	13.208468830035493	17.750635655169393	

varX :
164.65816326530611	106.95555555555558	124.32373113854594	107.8813775510204	137.18820861678003	103.69000000000001	121.95061728395063	146.8698224852071	154.2469135802469	215.54253308128543	

varW :
201.74872448979593	171.3066666666667	113.83813443072702	173.24489795918367	91.68595041322315	60.5	95.4320987654321	219.84615384615384	174.46364883401918	315.0850661625709	

covarX :
170.75661375661375	110.64367816091956	129.1054131054131	111.87698412698413	144.04761904761904	115.21111111111111	129.12418300653596	152.74461538461537	160.1794871794872	225.3399209486166	

covarW :
209.22089947089947	177.2137931034483	118.21652421652422	179.66137566137567	100.85454545454546	80.66666666666666	107.3611111111111	228.64000000000001	181.17378917378917	329.40711462450594	

coef_variationX :
0.6883022062934169	0.6331795044703354	0.676520203623565	0.589908092212678	0.5590169943749473	0.5688731108168855	0.5203566914328149	0.7226918276981774	0.6693207355601711	0.8337566368871804	

coef_variationW :
0.3949425806486429	0.3918687805767035	0.29883441780177517	0.36131674268274383	0.2562726494882644	0.16204530402191714	0.2449036728727941	0.41186694206710894	0.38182939872693605	0.480311317728113	

moy_distances_centre :	41.4
min_distances_centre :	16.0
max_distances_centre :	72.0
med_distances_centre :	37.5
ecartType_distances_centre :	17.263835031649254
var_distances_centre :	298.04
covar_distances_centre :	313.7263157894737
coef_variation_distances_centre :	0.41700084617510275
capacite_X_temoin : 
156.0	171.0	168.0	135.0	144.0	
138.0	153.0	154.0	168.0	159.0	
0.0	144.0	172.0	135.0	166.0	
166.0	151.0	165.0	163.0	171.0	
144.0	144.0	0.0	144.0	165.0	
172.0	144.0	135.0	0.0	157.0	
172.0	171.0	0.0	172.0	163.0	
141.0	136.0	157.0	151.0	148.0	
147.0	139.0	174.0	135.0	169.0	
154.0	177.0	148.0	153.0	163.0	

capacite_W_temoin : 
154.8	175.3	177.4	129.5	93.19999999999999	
169.4	128.9	150.2	163.4	67.69999999999999	
0.0	111.19999999999999	153.6	116.5	129.8	
172.8	129.3	155.5	170.9	140.3	
167.2	97.19999999999999	0.0	75.19999999999999	97.5	
198.6	125.19999999999999	108.5	0.0	84.1	
187.6	193.3	0.0	137.6	118.9	
153.3	129.8	153.1	141.3	116.4	
169.1	133.7	176.2	110.5	137.7	
159.2	194.1	162.4	172.9	136.9	

demande_cumulee_X : 
48.0	47.0	41.0	46.0	94.0	
10.0	70.0	50.0	55.0	139.0	
0.0	76.0	70.0	59.0	86.0	
43.0	67.0	59.0	41.0	82.0	
20.0	90.0	0.0	112.0	117.0	
25.0	62.0	67.0	0.0	120.0	
36.0	29.0	0.0	86.0	93.0	
30.0	47.0	51.0	55.0	76.0	
22.0	47.0	50.0	65.0	82.0	
41.0	36.0	30.0	26.0	75.0	

demande_cumulee_W : 
110.0	44.0	39.0	50.0	33.0	
163.0	46.0	31.0	81.0	3.0	
0.0	105.0	40.0	107.0	39.0	
69.0	32.0	75.0	93.0	23.0	
101.0	86.0	0.0	72.0	80.0	
159.0	43.0	23.0	0.0	49.0	
51.0	49.0	0.0	74.0	70.0	
42.0	29.0	103.0	85.0	0.0	
55.0	65.0	55.0	81.0	10.0	
66.0	56.0	5.0	35.0	46.0	

capacite_residuelle_X : 
108.0	124.0	127.0	89.0	50.0	
128.0	83.0	104.0	113.0	20.0	
0.0	68.0	102.0	76.0	80.0	
123.0	84.0	106.0	122.0	89.0	
124.0	54.0	0.0	32.0	48.0	
147.0	82.0	68.0	0.0	37.0	
136.0	142.0	0.0	86.0	70.0	
111.0	89.0	106.0	96.0	72.0	
125.0	92.0	124.0	70.0	87.0	
113.0	141.0	118.0	127.0	88.0	

capacite_residuelle_W : 
44.80000000000001	131.3	138.4	79.5	60.19999999999999	
6.400000000000006	82.9	119.19999999999999	82.4	64.69999999999999	
0.0	6.199999999999989	113.6	9.5	90.80000000000001	
103.80000000000001	97.30000000000001	80.5	77.9	117.30000000000001	
66.19999999999999	11.199999999999989	0.0	3.1999999999999886	17.5	
39.599999999999994	82.19999999999999	85.5	0.0	35.099999999999994	
136.6	144.3	0.0	63.599999999999994	48.900000000000006	
111.30000000000001	100.80000000000001	50.099999999999994	56.30000000000001	116.4	
114.1	68.69999999999999	121.19999999999999	29.5	127.69999999999999	
93.19999999999999	138.1	157.4	137.9	90.9	

min_capacite_X : 
135.0	138.0	0.0	151.0	0.0	0.0	0.0	136.0	135.0	148.0	

min_capacite_W : 
93.19999999999999	67.69999999999999	0.0	129.3	0.0	0.0	0.0	116.4	110.5	136.9	

max_capacite_X : 
171.0	168.0	172.0	171.0	165.0	172.0	172.0	157.0	174.0	177.0	

max_capacite_W : 
177.4	169.4	153.6	172.8	167.2	198.6	193.3	153.3	176.2	194.1	

moy_capacite_X : 
154.8	154.4	123.4	163.2	119.4	121.6	135.6	146.6	152.8	159.0	

moy_capacite_W : 
146.04000000000002	135.92	102.22	153.76	87.41999999999999	103.28	127.47999999999999	138.78	145.44	165.09999999999997	

med_capacite_X : 
156.0	154.0	144.0	165.0	144.0	144.0	171.0	148.0	147.0	154.0	

med_capacite_W : 
154.8	150.2	116.5	155.5	97.19999999999999	108.5	137.6	141.3	137.7	162.4	

ecartType_capacite_X : 
13.760813929415658	9.76933979345585	63.18734050424975	6.6452990903344595	60.25147301103932	62.06641603959423	67.88401873784433	7.391887445030532	15.829087149927503	10.21763181955584	

ecartType_capacite_W : 
31.565715578773126	36.83267028060823	53.16774962324435	16.963443046740245	53.57926464594302	64.23125096088351	69.81957891594593	14.168613199604255	24.184755529051763	18.65036192678308	

var_capacite_X : 
189.36	95.44000000000001	3992.6400000000003	44.16	3630.2400000000002	3852.2400000000002	4608.24	54.64000000000001	250.56	104.4	

var_capacite_W : 
996.3944000000005	1356.6456000000003	2826.8095999999996	287.75839999999994	2870.7375999999995	4125.6536	4874.7736	200.74959999999996	584.9023999999998	347.8359999999999	

covar_capacite_X : 
236.70000000000002	119.30000000000001	4990.8	55.199999999999996	4537.8	4815.3	5760.299999999999	68.30000000000001	313.2	130.5	

covar_capacite_W : 
1245.4930000000006	1695.8070000000002	3533.5119999999997	359.6979999999999	3588.4219999999996	5157.067	6093.467000000001	250.93699999999995	731.1279999999998	434.79499999999985	

##########	##########	##########	##########	##########	##########	##########	##########	##########	##########	##########	##########	##########	##########	##########	##########	##########	##########	##########	##########	##########	##########	##########	##########	##########	##########	##########	##########	##########	##########	##########	##########	##########	##########	##########	##########	##########	##########	##########	##########	##########	##########	##########	##########	##########	##########	##########	##########	##########	##########	nombre de noeuds : 50
nombre de strates : 10
nombre de centres : 5
titre : intelligent
instances : p2_3
temps de calcul : 0.06402301788330078
valeur objective : 1165.0
nombre de solutions : 3
nombre de noeuds : 1.0
faisability : True
centre : [48, 7, 6, 44, 36]
moy_distances :	48.31
min_distances :	1.0
max_distances :	131.0
var_distances :	538.7683705122865
covar_distances :	538.9883657636187
ecartType_distances :	23.211384502271436
coef_variation	: 0.4804411066570216
distances_centre_x :
17.0	33.0	31.0	41.0	-1.0	11.0	0.0	-1.0	12.0	23.0	-1.0	44.0	11.0	16.0	30.0	15.0	-1.0	32.0	-1.0	-1.0	-1.0	-1.0	5.0	24.0	-1.0	11.0	-1.0	12.0	22.0	-1.0	31.0	-1.0	-1.0	32.0	-1.0	-1.0	-1.0	-1.0	-1.0	-1.0	12.0	8.0	-1.0	23.0	0.0	59.0	-1.0	-1.0	0.0	10.0	
-1.0	33.0	31.0	41.0	30.0	11.0	0.0	0.0	12.0	23.0	40.0	31.0	-1.0	16.0	-1.0	-1.0	-1.0	32.0	26.0	-1.0	-1.0	-1.0	-1.0	-1.0	9.0	11.0	-1.0	33.0	22.0	-1.0	31.0	-1.0	-1.0	32.0	-1.0	13.0	-1.0	3.0	-1.0	-1.0	12.0	8.0	-1.0	23.0	0.0	-1.0	17.0	13.0	0.0	10.0	
-1.0	33.0	-1.0	41.0	30.0	-1.0	16.0	-1.0	-1.0	-1.0	40.0	31.0	-1.0	16.0	-1.0	-1.0	-1.0	-1.0	26.0	8.0	12.0	32.0	5.0	-1.0	9.0	17.0	21.0	17.0	22.0	-1.0	31.0	-1.0	17.0	-1.0	-1.0	-1.0	-1.0	-1.0	23.0	32.0	12.0	8.0	-1.0	-1.0	0.0	-1.0	-1.0	13.0	0.0	10.0	
-1.0	33.0	31.0	41.0	30.0	-1.0	0.0	-1.0	-1.0	24.0	40.0	-1.0	-1.0	16.0	30.0	15.0	-1.0	-1.0	-1.0	19.0	30.0	-1.0	5.0	14.0	-1.0	11.0	21.0	12.0	22.0	28.0	31.0	29.0	-1.0	32.0	-1.0	13.0	-1.0	-1.0	10.0	-1.0	12.0	-1.0	-1.0	-1.0	-1.0	-1.0	12.0	-1.0	0.0	10.0	
-1.0	33.0	31.0	41.0	30.0	-1.0	-1.0	-1.0	-1.0	-1.0	40.0	-1.0	11.0	16.0	-1.0	-1.0	-1.0	-1.0	-1.0	-1.0	12.0	-1.0	-1.0	-1.0	9.0	17.0	-1.0	-1.0	22.0	-1.0	31.0	-1.0	17.0	32.0	-1.0	13.0	-1.0	-1.0	-1.0	-1.0	12.0	33.0	-1.0	23.0	0.0	-1.0	17.0	-1.0	0.0	-1.0	
17.0	52.0	31.0	57.0	36.0	-1.0	-1.0	-1.0	-1.0	-1.0	-1.0	-1.0	-1.0	-1.0	-1.0	-1.0	-1.0	-1.0	-1.0	-1.0	-1.0	-1.0	-1.0	-1.0	9.0	-1.0	-1.0	-1.0	-1.0	-1.0	-1.0	-1.0	-1.0	32.0	-1.0	13.0	-1.0	-1.0	-1.0	-1.0	12.0	-1.0	-1.0	-1.0	-1.0	-1.0	-1.0	-1.0	0.0	-1.0	
-1.0	33.0	31.0	-1.0	30.0	11.0	0.0	-1.0	-1.0	-1.0	-1.0	31.0	-1.0	-1.0	-1.0	-1.0	37.0	-1.0	-1.0	-1.0	12.0	-1.0	5.0	-1.0	-1.0	11.0	-1.0	12.0	22.0	-1.0	-1.0	29.0	-1.0	-1.0	-1.0	13.0	0.0	-1.0	-1.0	-1.0	12.0	8.0	18.0	-1.0	0.0	-1.0	12.0	-1.0	0.0	10.0	
-1.0	33.0	31.0	41.0	30.0	-1.0	0.0	-1.0	12.0	23.0	40.0	31.0	11.0	16.0	-1.0	-1.0	-1.0	-1.0	-1.0	-1.0	12.0	-1.0	5.0	-1.0	-1.0	11.0	-1.0	12.0	22.0	-1.0	-1.0	29.0	17.0	-1.0	-1.0	-1.0	-1.0	3.0	-1.0	-1.0	12.0	8.0	-1.0	-1.0	-1.0	59.0	12.0	13.0	0.0	10.0	
-1.0	33.0	31.0	41.0	30.0	11.0	0.0	-1.0	12.0	-1.0	40.0	31.0	-1.0	16.0	-1.0	15.0	-1.0	-1.0	-1.0	8.0	12.0	-1.0	5.0	-1.0	31.0	11.0	21.0	12.0	22.0	28.0	-1.0	29.0	-1.0	-1.0	-1.0	-1.0	-1.0	-1.0	-1.0	-1.0	12.0	8.0	-1.0	23.0	0.0	59.0	-1.0	13.0	-1.0	-1.0	
-1.0	33.0	31.0	41.0	-1.0	-1.0	0.0	0.0	12.0	-1.0	40.0	31.0	-1.0	-1.0	-1.0	-1.0	-1.0	-1.0	26.0	8.0	-1.0	-1.0	5.0	14.0	-1.0	11.0	-1.0	12.0	-1.0	28.0	-1.0	-1.0	-1.0	-1.0	-1.0	-1.0	-1.0	-1.0	-1.0	-1.0	12.0	8.0	-1.0	23.0	0.0	59.0	12.0	-1.0	0.0	10.0	

distances_centre_w :
31.0	52.0	32.0	57.0	-1.0	22.0	16.0	-1.0	21.0	24.0	-1.0	58.0	23.0	30.0	38.0	34.0	-1.0	60.0	-1.0	-1.0	-1.0	-1.0	18.0	57.0	-1.0	42.0	-1.0	33.0	43.0	-1.0	50.0	-1.0	-1.0	60.0	-1.0	-1.0	-1.0	-1.0	-1.0	-1.0	36.0	71.0	-1.0	52.0	27.0	76.0	-1.0	-1.0	28.0	42.0	
-1.0	52.0	32.0	57.0	36.0	22.0	16.0	16.0	17.0	24.0	56.0	58.0	-1.0	30.0	-1.0	-1.0	-1.0	32.0	54.0	-1.0	-1.0	-1.0	-1.0	-1.0	31.0	17.0	-1.0	41.0	43.0	-1.0	50.0	-1.0	-1.0	60.0	-1.0	40.0	-1.0	20.0	-1.0	-1.0	36.0	33.0	-1.0	54.0	27.0	-1.0	40.0	21.0	28.0	24.0	
-1.0	52.0	-1.0	57.0	36.0	-1.0	28.0	-1.0	-1.0	-1.0	56.0	44.0	-1.0	30.0	-1.0	-1.0	-1.0	-1.0	54.0	19.0	24.0	53.0	23.0	-1.0	31.0	42.0	51.0	23.0	53.0	-1.0	50.0	-1.0	49.0	-1.0	-1.0	-1.0	-1.0	-1.0	53.0	46.0	44.0	33.0	-1.0	-1.0	27.0	-1.0	-1.0	21.0	33.0	42.0	
-1.0	52.0	32.0	57.0	36.0	-1.0	16.0	-1.0	-1.0	40.0	56.0	-1.0	-1.0	30.0	38.0	25.0	-1.0	-1.0	-1.0	36.0	39.0	-1.0	18.0	24.0	-1.0	22.0	51.0	17.0	43.0	38.0	50.0	47.0	-1.0	60.0	-1.0	40.0	-1.0	-1.0	23.0	-1.0	36.0	-1.0	-1.0	-1.0	-1.0	-1.0	40.0	-1.0	28.0	24.0	
-1.0	-1.0	32.0	57.0	36.0	24.0	-1.0	-1.0	-1.0	-1.0	-1.0	-1.0	-1.0	-1.0	-1.0	-1.0	-1.0	-1.0	-1.0	-1.0	-1.0	-1.0	29.0	-1.0	34.0	42.0	51.0	-1.0	-1.0	-1.0	-1.0	-1.0	-1.0	-1.0	28.0	43.0	-1.0	35.0	-1.0	-1.0	-1.0	-1.0	-1.0	-1.0	-1.0	-1.0	-1.0	-1.0	-1.0	-1.0	
-1.0	-1.0	-1.0	-1.0	-1.0	53.0	28.0	-1.0	-1.0	-1.0	-1.0	69.0	-1.0	-1.0	-1.0	-1.0	-1.0	-1.0	-1.0	-1.0	30.0	-1.0	29.0	-1.0	-1.0	17.0	-1.0	-1.0	-1.0	-1.0	-1.0	-1.0	-1.0	-1.0	-1.0	-1.0	-1.0	-1.0	-1.0	-1.0	-1.0	-1.0	-1.0	-1.0	-1.0	-1.0	-1.0	-1.0	-1.0	42.0	
-1.0	52.0	32.0	-1.0	36.0	22.0	16.0	-1.0	-1.0	-1.0	-1.0	44.0	-1.0	-1.0	-1.0	-1.0	38.0	-1.0	-1.0	-1.0	24.0	-1.0	18.0	-1.0	-1.0	17.0	-1.0	41.0	43.0	-1.0	-1.0	47.0	-1.0	-1.0	-1.0	40.0	30.0	-1.0	-1.0	-1.0	36.0	33.0	23.0	-1.0	27.0	-1.0	24.0	-1.0	28.0	24.0	
-1.0	67.0	62.0	64.0	47.0	-1.0	16.0	-1.0	17.0	24.0	75.0	69.0	50.0	42.0	-1.0	-1.0	-1.0	-1.0	-1.0	-1.0	35.0	-1.0	18.0	-1.0	-1.0	22.0	-1.0	41.0	53.0	-1.0	-1.0	62.0	52.0	-1.0	-1.0	-1.0	-1.0	20.0	-1.0	-1.0	54.0	42.0	-1.0	-1.0	-1.0	76.0	29.0	54.0	33.0	25.0	
-1.0	67.0	32.0	74.0	47.0	22.0	49.0	-1.0	54.0	-1.0	56.0	58.0	-1.0	30.0	-1.0	58.0	-1.0	-1.0	-1.0	30.0	35.0	-1.0	29.0	-1.0	34.0	17.0	51.0	17.0	43.0	38.0	-1.0	62.0	-1.0	-1.0	-1.0	-1.0	-1.0	-1.0	-1.0	-1.0	44.0	57.0	-1.0	52.0	27.0	76.0	-1.0	54.0	-1.0	-1.0	
-1.0	57.0	45.0	57.0	-1.0	-1.0	42.0	27.0	21.0	-1.0	56.0	44.0	-1.0	-1.0	-1.0	-1.0	-1.0	-1.0	56.0	30.0	-1.0	-1.0	23.0	37.0	-1.0	42.0	-1.0	23.0	-1.0	47.0	-1.0	-1.0	-1.0	-1.0	-1.0	-1.0	-1.0	-1.0	-1.0	-1.0	44.0	57.0	-1.0	54.0	30.0	76.0	17.0	-1.0	33.0	42.0	

maxX :
59.0	41.0	41.0	41.0	41.0	57.0	37.0	59.0	59.0	59.0	

maxW :
76.0	60.0	57.0	60.0	57.0	69.0	52.0	76.0	76.0	76.0	

minX :
0.0	0.0	0.0	0.0	0.0	0.0	0.0	0.0	0.0	0.0	

minW :
16.0	16.0	19.0	16.0	24.0	17.0	16.0	16.0	17.0	17.0	

moyX :
20.178571428571427	18.766666666666666	19.333333333333332	20.392857142857142	20.952380952380953	25.9	15.318181818181818	18.96153846153846	20.51851851851852	18.08695652173913	

moyW :
40.464285714285715	35.56666666666667	39.77777777777778	36.357142857142854	37.36363636363637	38.285714285714285	31.59090909090909	44.19230769230769	44.925925925925924	41.73913043478261	

medX :
16.5	16.5	17.0	20.0	17.0	24.0	12.0	12.5	16.0	12.0	

medW :
37.0	32.5	42.0	37.0	35.0	30.0	31.0	44.5	47.0	42.0	

ecartTypeX :
14.05106394402871	12.395384445653777	11.300606342303217	11.152639936401624	11.712737024998898	17.91340280348767	11.565569449630003	13.940755881809745	13.56294071240362	15.299653430227306	

ecartTypeW :
16.158770601346465	13.946763861994015	12.190868875950446	12.39301152641591	9.575278085425152	16.420494909144015	9.989353837092999	18.636232763024644	16.119750769891013	14.468007859334659	

varX :
197.43239795918365	153.6455555555556	127.70370370370371	124.3813775510204	137.18820861678003	320.89	133.76239669421486	194.344674556213	183.9533607681756	234.07939508506618	

varW :
261.10586734693874	194.51222222222222	148.6172839506173	153.5867346938776	91.68595041322315	269.6326530612245	99.78719008264461	347.3091715976331	259.8463648834019	209.32325141776943	

covarX :
204.74470899470896	158.94367816091957	132.6153846153846	128.98809523809524	144.04761904761904	356.5444444444444	140.13203463203462	202.11846153846153	191.02849002849007	244.7193675889328	

covarW :
270.77645502645504	201.21954022988507	154.33333333333334	159.2751322751323	100.85454545454546	314.57142857142856	104.53896103896102	361.20153846153846	269.84045584045583	218.83794466403168	

coef_variationX :
0.6963359122704494	0.6605000592710716	0.5845141211536147	0.5468895240266995	0.5590169943749473	0.6916371738798329	0.7550223379580417	0.7352122777425018	0.6610097459113677	0.8458943002289135	

coef_variationW :
0.3993341366616955	0.39213019293329	0.30647435721663135	0.3408686863847205	0.2562726494882644	0.4288935237462989	0.31620976174970644	0.42170761691787706	0.3588073130973268	0.34662935496322617	

moy_distances_centre :	36.4
min_distances_centre :	16.0
max_distances_centre :	64.0
med_distances_centre :	33.0
ecartType_distances_centre :	12.737346662472527
var_distances_centre :	162.24
covar_distances_centre :	170.77894736842106
coef_variation_distances_centre :	0.3499271061118826
capacite_X_temoin : 
156.0	171.0	135.0	135.0	144.0	
138.0	153.0	147.0	168.0	159.0	
0.0	144.0	147.0	135.0	166.0	
166.0	151.0	172.0	163.0	171.0	
144.0	144.0	0.0	144.0	165.0	
172.0	144.0	0.0	0.0	157.0	
172.0	171.0	144.0	172.0	163.0	
141.0	136.0	163.0	151.0	148.0	
147.0	139.0	172.0	135.0	169.0	
154.0	177.0	139.0	153.0	163.0	

capacite_W_temoin : 
154.8	195.3	153.5	90.5	93.19999999999999	
150.4	141.9	180.1	116.4	81.69999999999999	
0.0	122.19999999999999	173.1	48.5	134.8	
175.8	142.3	202.6	116.9	140.3	
167.2	97.19999999999999	0.0	75.19999999999999	97.5	
179.6	95.19999999999999	0.0	0.0	66.1	
181.6	195.3	175.2	147.6	124.9	
160.3	129.8	209.9	92.3	109.4	
147.1	160.7	194.6	62.5	159.7	
180.2	190.1	163.7	142.9	136.9	

demande_cumulee_X : 
48.0	27.0	22.0	85.0	94.0	
29.0	57.0	11.0	102.0	125.0	
0.0	65.0	18.0	127.0	81.0	
40.0	54.0	21.0	95.0	82.0	
20.0	90.0	0.0	112.0	117.0	
44.0	92.0	0.0	0.0	138.0	
42.0	27.0	12.0	76.0	87.0	
23.0	47.0	2.0	104.0	83.0	
44.0	20.0	29.0	113.0	60.0	
20.0	40.0	17.0	56.0	75.0	

demande_cumulee_W : 
69.0	52.0	46.0	39.0	70.0	
129.0	53.0	64.0	27.0	51.0	
0.0	110.0	75.0	18.0	88.0	
61.0	47.0	68.0	20.0	96.0	
101.0	86.0	0.0	72.0	80.0	
140.0	70.0	0.0	0.0	64.0	
67.0	41.0	29.0	26.0	81.0	
86.0	86.0	28.0	42.0	17.0	
55.0	67.0	61.0	49.0	34.0	
17.0	87.0	37.0	44.0	23.0	

capacite_residuelle_X : 
108.0	144.0	113.0	50.0	50.0	
109.0	96.0	136.0	66.0	34.0	
0.0	79.0	129.0	8.0	85.0	
126.0	97.0	151.0	68.0	89.0	
124.0	54.0	0.0	32.0	48.0	
128.0	52.0	0.0	0.0	19.0	
130.0	144.0	132.0	96.0	76.0	
118.0	89.0	161.0	47.0	65.0	
103.0	119.0	143.0	22.0	109.0	
134.0	137.0	122.0	97.0	88.0	

capacite_residuelle_W : 
85.80000000000001	143.3	107.5	51.5	23.19999999999999	
21.400000000000006	88.9	116.1	89.4	30.69999999999999	
0.0	12.199999999999989	98.1	30.5	46.80000000000001	
114.80000000000001	95.30000000000001	134.6	96.9	44.30000000000001	
66.19999999999999	11.199999999999989	0.0	3.1999999999999886	17.5	
39.599999999999994	25.19999999999999	0.0	0.0	2.0999999999999943	
114.6	154.3	146.2	121.6	43.900000000000006	
74.30000000000001	43.80000000000001	181.9	50.3	92.4	
92.1	93.69999999999999	133.6	13.5	125.69999999999999	
163.2	103.1	126.69999999999999	98.9	113.9	

min_capacite_X : 
135.0	138.0	0.0	151.0	0.0	0.0	144.0	136.0	135.0	139.0	

min_capacite_W : 
90.5	81.69999999999999	0.0	116.9	0.0	0.0	124.9	92.3	62.5	136.9	

max_capacite_X : 
171.0	168.0	166.0	172.0	165.0	172.0	172.0	163.0	172.0	177.0	

max_capacite_W : 
195.3	180.1	173.1	202.6	167.2	179.6	195.3	209.9	194.6	190.1	

moy_capacite_X : 
148.2	153.0	118.4	164.6	119.4	94.6	164.4	147.8	152.4	157.2	

moy_capacite_W : 
137.45999999999998	134.1	95.72	155.58	87.41999999999999	68.17999999999999	164.92	140.33999999999997	144.92	162.76	

med_capacite_X : 
144.0	153.0	144.0	166.0	144.0	144.0	171.0	148.0	147.0	154.0	

med_capacite_W : 
153.5	141.9	122.19999999999999	142.3	97.19999999999999	66.1	175.2	129.8	159.7	163.7	

ecartType_capacite_X : 
13.760813929415656	10.21763181955584	60.05530784202176	7.552483035399682	60.25147301103932	77.74728291072299	10.744300814850634	9.239047569960878	15.304901175767194	12.528367810692659	

ecartType_capacite_W : 
40.16867436199507	33.17101144071432	62.62291593338655	30.085571292564808	53.57926464594302	67.00126565968736	25.33151396975712	41.504727441581885	44.12112419238657	20.570230917517666	

var_capacite_X : 
189.35999999999996	104.4	3606.6400000000003	57.04	3630.2400000000002	6044.639999999999	115.44000000000001	85.36000000000001	234.24	156.95999999999998	

var_capacite_W : 
1613.5224000000005	1100.3160000000003	3921.6295999999993	905.1415999999997	2870.7375999999995	4489.1696	641.6856	1722.6424000000002	1946.6735999999994	423.13439999999974	

covar_capacite_X : 
236.69999999999996	130.5	4508.3	71.3	4537.8	7555.799999999999	144.3	106.70000000000002	292.8	196.2	

covar_capacite_W : 
2016.9030000000007	1375.3950000000002	4902.036999999999	1131.4269999999997	3588.4219999999996	5611.462	802.107	2153.3030000000003	2433.341999999999	528.9179999999997	

##########	##########	##########	##########	##########	##########	##########	##########	##########	##########	##########	##########	##########	##########	##########	##########	##########	##########	##########	##########	##########	##########	##########	##########	##########	##########	##########	##########	##########	##########	##########	##########	##########	##########	##########	##########	##########	##########	##########	##########	##########	##########	##########	##########	##########	##########	##########	##########	##########	##########	nombre de noeuds : 50
nombre de strates : 10
nombre de centres : 5
titre : intelligent
instances : p2_3
temps de calcul : 0.061145782470703125
valeur objective : 1198.0
nombre de solutions : 3
nombre de noeuds : 1.0
faisability : True
centre : [48, 7, 6, 44, 39]
moy_distances :	48.31
min_distances :	1.0
max_distances :	131.0
var_distances :	538.7683705122865
covar_distances :	538.9883657636187
ecartType_distances :	23.211384502271436
coef_variation	: 0.4804411066570216
distances_centre_x :
17.0	33.0	31.0	41.0	-1.0	-1.0	-1.0	-1.0	12.0	-1.0	-1.0	31.0	11.0	16.0	-1.0	34.0	-1.0	-1.0	-1.0	-1.0	-1.0	-1.0	-1.0	-1.0	-1.0	17.0	-1.0	12.0	22.0	-1.0	31.0	-1.0	-1.0	32.0	-1.0	-1.0	-1.0	-1.0	-1.0	-1.0	12.0	33.0	-1.0	23.0	0.0	59.0	-1.0	-1.0	0.0	-1.0	
-1.0	33.0	31.0	41.0	30.0	22.0	0.0	0.0	12.0	23.0	40.0	31.0	-1.0	16.0	-1.0	-1.0	-1.0	32.0	26.0	-1.0	-1.0	-1.0	-1.0	-1.0	9.0	11.0	-1.0	12.0	22.0	-1.0	31.0	-1.0	-1.0	32.0	-1.0	13.0	-1.0	3.0	-1.0	-1.0	12.0	37.0	-1.0	23.0	0.0	-1.0	17.0	13.0	0.0	10.0	
-1.0	33.0	-1.0	41.0	30.0	-1.0	16.0	-1.0	-1.0	-1.0	40.0	31.0	-1.0	16.0	-1.0	-1.0	-1.0	-1.0	26.0	8.0	12.0	32.0	5.0	-1.0	9.0	17.0	30.0	12.0	22.0	-1.0	31.0	-1.0	17.0	-1.0	-1.0	-1.0	-1.0	-1.0	23.0	0.0	12.0	37.0	-1.0	-1.0	0.0	-1.0	-1.0	13.0	0.0	39.0	
-1.0	33.0	31.0	41.0	30.0	-1.0	-1.0	-1.0	-1.0	-1.0	40.0	-1.0	-1.0	16.0	-1.0	-1.0	-1.0	-1.0	-1.0	8.0	12.0	-1.0	-1.0	-1.0	-1.0	-1.0	-1.0	12.0	22.0	-1.0	31.0	29.0	-1.0	32.0	-1.0	13.0	-1.0	-1.0	-1.0	-1.0	12.0	-1.0	-1.0	-1.0	-1.0	-1.0	17.0	-1.0	0.0	-1.0	
-1.0	33.0	31.0	41.0	30.0	22.0	0.0	-1.0	-1.0	23.0	40.0	-1.0	11.0	16.0	-1.0	-1.0	-1.0	-1.0	-1.0	-1.0	24.0	-1.0	5.0	-1.0	9.0	17.0	21.0	-1.0	22.0	-1.0	31.0	-1.0	17.0	32.0	6.0	13.0	-1.0	3.0	-1.0	-1.0	12.0	33.0	-1.0	23.0	0.0	-1.0	12.0	-1.0	0.0	10.0	
17.0	52.0	31.0	57.0	36.0	-1.0	-1.0	-1.0	-1.0	-1.0	-1.0	-1.0	-1.0	-1.0	-1.0	-1.0	-1.0	-1.0	-1.0	-1.0	30.0	-1.0	-1.0	-1.0	-1.0	-1.0	-1.0	-1.0	-1.0	-1.0	-1.0	47.0	-1.0	32.0	-1.0	13.0	-1.0	-1.0	-1.0	-1.0	12.0	-1.0	-1.0	23.0	-1.0	-1.0	-1.0	-1.0	0.0	-1.0	
-1.0	33.0	31.0	-1.0	30.0	-1.0	-1.0	-1.0	-1.0	-1.0	-1.0	31.0	-1.0	-1.0	-1.0	-1.0	37.0	-1.0	-1.0	-1.0	12.0	-1.0	23.0	-1.0	-1.0	17.0	-1.0	12.0	22.0	-1.0	-1.0	29.0	-1.0	-1.0	-1.0	13.0	30.0	-1.0	-1.0	-1.0	12.0	33.0	-1.0	-1.0	0.0	-1.0	17.0	-1.0	0.0	-1.0	
-1.0	33.0	31.0	41.0	30.0	-1.0	0.0	-1.0	12.0	23.0	40.0	31.0	11.0	16.0	-1.0	-1.0	-1.0	-1.0	-1.0	-1.0	12.0	-1.0	5.0	-1.0	-1.0	11.0	-1.0	12.0	22.0	-1.0	-1.0	29.0	17.0	-1.0	-1.0	-1.0	-1.0	3.0	-1.0	-1.0	12.0	33.0	-1.0	-1.0	-1.0	59.0	12.0	15.0	0.0	10.0	
-1.0	33.0	31.0	41.0	30.0	22.0	0.0	-1.0	12.0	-1.0	40.0	31.0	-1.0	16.0	-1.0	24.0	-1.0	-1.0	-1.0	19.0	12.0	-1.0	5.0	-1.0	9.0	11.0	21.0	12.0	22.0	8.0	-1.0	29.0	-1.0	-1.0	-1.0	-1.0	-1.0	-1.0	-1.0	-1.0	12.0	42.0	-1.0	23.0	0.0	59.0	-1.0	13.0	-1.0	-1.0	
-1.0	33.0	31.0	41.0	-1.0	-1.0	16.0	0.0	12.0	-1.0	40.0	31.0	-1.0	-1.0	-1.0	-1.0	-1.0	-1.0	26.0	19.0	-1.0	-1.0	5.0	26.0	-1.0	11.0	-1.0	17.0	-1.0	8.0	-1.0	-1.0	-1.0	-1.0	-1.0	-1.0	-1.0	-1.0	-1.0	-1.0	12.0	33.0	-1.0	23.0	27.0	59.0	12.0	-1.0	0.0	39.0	

distances_centre_w :
-1.0	52.0	-1.0	57.0	-1.0	24.0	-1.0	-1.0	-1.0	49.0	-1.0	-1.0	-1.0	-1.0	38.0	58.0	-1.0	60.0	-1.0	-1.0	-1.0	-1.0	-1.0	-1.0	-1.0	-1.0	-1.0	-1.0	-1.0	-1.0	-1.0	-1.0	-1.0	-1.0	-1.0	-1.0	-1.0	-1.0	-1.0	-1.0	-1.0	-1.0	-1.0	54.0	-1.0	76.0	-1.0	-1.0	-1.0	42.0	
-1.0	52.0	32.0	64.0	36.0	24.0	16.0	16.0	21.0	33.0	68.0	58.0	-1.0	42.0	-1.0	-1.0	-1.0	32.0	54.0	-1.0	-1.0	-1.0	-1.0	-1.0	31.0	17.0	-1.0	33.0	43.0	-1.0	58.0	-1.0	-1.0	60.0	-1.0	40.0	-1.0	20.0	-1.0	-1.0	36.0	42.0	-1.0	52.0	27.0	-1.0	40.0	21.0	28.0	25.0	
-1.0	52.0	-1.0	64.0	36.0	-1.0	28.0	-1.0	-1.0	-1.0	68.0	58.0	-1.0	42.0	-1.0	-1.0	-1.0	-1.0	54.0	19.0	24.0	59.0	23.0	-1.0	34.0	42.0	51.0	41.0	53.0	-1.0	58.0	-1.0	49.0	-1.0	-1.0	-1.0	-1.0	-1.0	37.0	46.0	44.0	42.0	-1.0	-1.0	27.0	-1.0	-1.0	21.0	33.0	42.0	
-1.0	52.0	32.0	-1.0	36.0	-1.0	-1.0	-1.0	-1.0	49.0	-1.0	-1.0	-1.0	-1.0	38.0	34.0	-1.0	-1.0	-1.0	36.0	-1.0	-1.0	29.0	32.0	-1.0	-1.0	51.0	-1.0	-1.0	-1.0	-1.0	47.0	-1.0	-1.0	-1.0	43.0	-1.0	-1.0	-1.0	-1.0	-1.0	-1.0	-1.0	-1.0	-1.0	-1.0	-1.0	-1.0	-1.0	42.0	
-1.0	52.0	32.0	57.0	36.0	24.0	16.0	-1.0	-1.0	24.0	68.0	-1.0	34.0	42.0	-1.0	-1.0	-1.0	-1.0	-1.0	-1.0	30.0	-1.0	51.0	-1.0	31.0	22.0	24.0	-1.0	43.0	-1.0	58.0	-1.0	46.0	60.0	18.0	40.0	-1.0	35.0	-1.0	-1.0	36.0	37.0	-1.0	52.0	58.0	-1.0	17.0	-1.0	28.0	25.0	
-1.0	-1.0	-1.0	-1.0	-1.0	-1.0	-1.0	-1.0	-1.0	-1.0	-1.0	69.0	-1.0	-1.0	-1.0	-1.0	-1.0	-1.0	-1.0	-1.0	-1.0	-1.0	-1.0	-1.0	-1.0	17.0	-1.0	-1.0	-1.0	-1.0	-1.0	-1.0	-1.0	-1.0	-1.0	-1.0	-1.0	-1.0	-1.0	-1.0	-1.0	-1.0	-1.0	-1.0	-1.0	-1.0	-1.0	-1.0	-1.0	-1.0	
-1.0	52.0	32.0	-1.0	36.0	24.0	-1.0	-1.0	-1.0	-1.0	-1.0	-1.0	-1.0	-1.0	-1.0	-1.0	-1.0	-1.0	-1.0	-1.0	-1.0	-1.0	29.0	-1.0	-1.0	-1.0	-1.0	-1.0	-1.0	-1.0	-1.0	47.0	-1.0	-1.0	-1.0	43.0	-1.0	-1.0	-1.0	-1.0	-1.0	-1.0	54.0	-1.0	-1.0	-1.0	-1.0	-1.0	-1.0	42.0	
-1.0	52.0	32.0	64.0	36.0	-1.0	16.0	-1.0	21.0	49.0	68.0	58.0	34.0	42.0	-1.0	-1.0	-1.0	-1.0	-1.0	-1.0	64.0	-1.0	23.0	-1.0	-1.0	22.0	-1.0	33.0	43.0	-1.0	-1.0	47.0	46.0	-1.0	-1.0	-1.0	-1.0	20.0	-1.0	-1.0	36.0	37.0	-1.0	-1.0	-1.0	76.0	17.0	21.0	28.0	25.0	
-1.0	52.0	32.0	57.0	36.0	24.0	16.0	-1.0	21.0	-1.0	68.0	58.0	-1.0	42.0	-1.0	25.0	-1.0	-1.0	-1.0	34.0	24.0	-1.0	23.0	-1.0	31.0	22.0	24.0	33.0	53.0	38.0	-1.0	47.0	-1.0	-1.0	-1.0	-1.0	-1.0	-1.0	-1.0	-1.0	36.0	71.0	-1.0	52.0	27.0	76.0	-1.0	21.0	-1.0	-1.0	
-1.0	52.0	51.0	57.0	-1.0	-1.0	54.0	46.0	17.0	-1.0	68.0	58.0	-1.0	-1.0	-1.0	-1.0	-1.0	-1.0	54.0	55.0	-1.0	-1.0	51.0	57.0	-1.0	42.0	-1.0	48.0	-1.0	38.0	-1.0	-1.0	-1.0	-1.0	-1.0	-1.0	-1.0	-1.0	-1.0	-1.0	36.0	57.0	-1.0	52.0	58.0	76.0	45.0	-1.0	28.0	42.0	

maxX :
59.0	41.0	41.0	41.0	41.0	57.0	37.0	59.0	59.0	59.0	

maxW :
76.0	68.0	68.0	52.0	68.0	69.0	54.0	76.0	76.0	76.0	

minX :
0.0	0.0	0.0	0.0	0.0	0.0	0.0	0.0	0.0	0.0	

minW :
24.0	16.0	19.0	29.0	16.0	17.0	24.0	16.0	16.0	17.0	

moyX :
23.35	19.4	20.444444444444443	22.294117647058822	18.517241379310345	29.166666666666668	21.22222222222222	20.0	21.37037037037037	22.652173913043477	

moyW :
51.0	37.36666666666667	42.48148148148148	40.07692307692308	37.793103448275865	43.0	39.888888888888886	38.84615384615385	38.629629629629626	49.65217391304348	

medX :
22.5	19.5	17.0	22.0	17.0	30.5	22.5	15.5	21.0	23.0	

medW :
53.0	34.5	42.0	38.0	36.0	43.0	42.0	36.0	34.0	52.0	

ecartTypeX :
13.961643886018578	12.392470832458446	12.57667839718313	11.635466601945222	11.842706731775447	16.496632653026158	11.043125340407517	13.980756004649336	13.762935055587063	14.354543881876246	

ecartTypeW :
13.3566462856512	14.873877175176021	13.267533110652094	7.488057553007973	14.184448284203	26.0	9.768935395703675	16.691066951406412	16.61357799924206	12.203380485509008	

varX :
194.92749999999995	153.57333333333332	158.1728395061728	135.3840830449827	140.24970273483947	272.13888888888886	121.95061728395063	195.46153846153845	189.41838134430728	206.05293005671078	

varW :
178.4	221.23222222222222	176.02743484224962	56.07100591715976	201.19857312722945	676.0	95.4320987654321	278.5917159763314	276.01097393689986	148.92249527410206	

covarX :
205.1868421052631	158.86896551724138	164.25641025641025	143.8455882352941	145.25862068965517	296.8787878787879	129.12418300653596	203.28	196.70370370370372	215.4189723320158	

covarW :
198.2222222222222	228.86091954022984	182.7977207977208	60.74358974358974	208.3842364532019	1352.0	107.3611111111111	289.73538461538465	286.62678062678066	155.69169960474306	

coef_variationX :
0.5979290743476907	0.6387871563122911	0.6151636172535228	0.5219074729104717	0.6395502704310763	0.5655988338180397	0.5203566914328149	0.6990378002324669	0.644019491335963	0.6336938757834044	

coef_variationW :
0.26189502520884705	0.39805202074512097	0.3123133339037546	0.18684212704242542	0.3753184308776341	0.6046511627906976	0.2449036728727941	0.42967103043224425	0.43007344772726336	0.24577736529483993	

moy_distances_centre :	42.5
min_distances_centre :	16.0
max_distances_centre :	79.0
med_distances_centre :	42.0
ecartType_distances_centre :	17.206103568210903
var_distances_centre :	296.05
covar_distances_centre :	311.6315789473684
coef_variation_distances_centre :	0.4048494957226095
capacite_X_temoin : 
156.0	171.0	0.0	135.0	144.0	
138.0	153.0	156.0	168.0	159.0	
0.0	144.0	151.0	135.0	166.0	
166.0	151.0	0.0	163.0	171.0	
144.0	144.0	150.0	144.0	165.0	
172.0	144.0	174.0	0.0	157.0	
172.0	171.0	0.0	172.0	163.0	
141.0	136.0	162.0	151.0	148.0	
147.0	139.0	160.0	135.0	169.0	
154.0	177.0	175.0	153.0	163.0	

capacite_W_temoin : 
163.8	184.3	0.0	76.5	87.19999999999999	
152.4	135.9	200.8	111.4	81.69999999999999	
0.0	167.2	138.3	43.5	134.8	
175.8	130.3	0.0	103.9	144.3	
170.2	86.19999999999999	195.0	83.19999999999999	97.5	
170.6	125.19999999999999	208.2	0.0	63.1	
187.6	193.3	0.0	137.6	118.9	
155.3	129.8	210.6	90.3	114.4	
169.1	144.7	190.0	67.5	137.7	
194.2	171.1	191.5	166.9	136.9	

demande_cumulee_X : 
39.0	38.0	0.0	99.0	100.0	
27.0	63.0	2.0	107.0	125.0	
0.0	20.0	58.0	132.0	81.0	
40.0	66.0	0.0	108.0	78.0	
17.0	101.0	0.0	104.0	117.0	
53.0	62.0	18.0	0.0	141.0	
36.0	29.0	0.0	86.0	93.0	
28.0	47.0	0.0	106.0	78.0	
22.0	36.0	18.0	108.0	82.0	
6.0	59.0	36.0	32.0	75.0	

demande_cumulee_W : 
92.0	93.0	0.0	20.0	71.0	
151.0	96.0	3.0	30.0	44.0	
0.0	161.0	0.0	37.0	93.0	
58.0	70.0	0.0	51.0	113.0	
151.0	75.0	20.0	34.0	59.0	
133.0	117.0	11.0	0.0	13.0	
51.0	49.0	0.0	74.0	70.0	
89.0	76.0	6.0	38.0	50.0	
63.0	112.0	0.0	39.0	52.0	
72.0	22.0	59.0	11.0	44.0	

capacite_residuelle_X : 
117.0	133.0	0.0	36.0	44.0	
111.0	90.0	154.0	61.0	34.0	
0.0	124.0	93.0	3.0	85.0	
126.0	85.0	0.0	55.0	93.0	
127.0	43.0	150.0	40.0	48.0	
119.0	82.0	156.0	0.0	16.0	
136.0	142.0	0.0	86.0	70.0	
113.0	89.0	162.0	45.0	70.0	
125.0	103.0	142.0	27.0	87.0	
148.0	118.0	139.0	121.0	88.0	

capacite_residuelle_W : 
71.80000000000001	91.30000000000001	0.0	56.5	16.19999999999999	
1.4000000000000057	39.900000000000006	197.8	81.4	37.69999999999999	
0.0	6.199999999999989	138.3	6.5	41.80000000000001	
117.80000000000001	60.30000000000001	0.0	52.900000000000006	31.30000000000001	
19.19999999999999	11.199999999999989	175.0	49.19999999999999	38.5	
37.599999999999994	8.199999999999989	197.2	0.0	50.1	
136.6	144.3	0.0	63.599999999999994	48.900000000000006	
66.30000000000001	53.80000000000001	204.6	52.3	64.4	
106.1	32.69999999999999	190.0	28.5	85.69999999999999	
122.19999999999999	149.1	132.5	155.9	92.9	

min_capacite_X : 
0.0	138.0	0.0	0.0	144.0	0.0	0.0	136.0	135.0	153.0	

min_capacite_W : 
0.0	81.69999999999999	0.0	0.0	83.19999999999999	0.0	0.0	90.3	67.5	136.9	

max_capacite_X : 
171.0	168.0	166.0	171.0	165.0	174.0	172.0	162.0	169.0	177.0	

max_capacite_W : 
184.3	200.8	167.2	175.8	195.0	208.2	193.3	210.6	190.0	194.2	

moy_capacite_X : 
121.2	154.8	119.2	130.2	149.4	129.4	135.6	147.6	150.0	164.4	

moy_capacite_W : 
102.36	136.44	96.76	110.85999999999999	126.41999999999999	113.41999999999999	127.47999999999999	140.07999999999998	141.8	172.11999999999998	

med_capacite_X : 
144.0	156.0	144.0	163.0	144.0	157.0	171.0	148.0	147.0	163.0	

med_capacite_W : 
87.19999999999999	135.9	134.8	130.3	97.5	125.19999999999999	137.6	129.8	144.7	171.1	

ecartType_capacite_X : 
61.791261518114354	9.785703858180055	60.456265184015464	65.43210221290464	8.138795979750322	65.60975537220055	67.88401873784433	8.912911982062877	12.77497553813705	10.11137972781163	

ecartType_capacite_W : 
66.12892256796567	40.05169659327805	63.77073309912628	60.08615813979123	46.78009833251743	74.5490013346926	69.81957891594593	41.10452043267261	41.507204193970956	20.64871908860208	

var_capacite_X : 
3818.16	95.76000000000002	3654.96	4281.36	66.24	4304.639999999999	4608.24	79.44	163.2	102.24000000000001	

var_capacite_W : 
4373.0344000000005	1604.1384000000005	4066.7064	3610.3464	2188.3776000000003	5557.5536	4874.7736	1689.5816	1722.848	426.3695999999998	

covar_capacite_X : 
4772.7	119.70000000000003	4568.7	5351.7	82.8	5380.799999999999	5760.299999999999	99.3	204.0	127.80000000000001	

covar_capacite_W : 
5466.293000000001	2005.1730000000007	5083.383	4512.933	2735.472	6946.942	6093.467000000001	2111.977	2153.56	532.9619999999998	

##########	##########	##########	##########	##########	##########	##########	##########	##########	##########	##########	##########	##########	##########	##########	##########	##########	##########	##########	##########	##########	##########	##########	##########	##########	##########	##########	##########	##########	##########	##########	##########	##########	##########	##########	##########	##########	##########	##########	##########	##########	##########	##########	##########	##########	##########	##########	##########	##########	##########	nombre de noeuds : 50
nombre de strates : 10
nombre de centres : 5
titre : intelligent
instances : p2_3
temps de calcul : 0.061543941497802734
valeur objective : 1152.0
nombre de solutions : 3
nombre de noeuds : 1.0
faisability : True
centre : [48, 7, 6, 44, 10]
moy_distances :	48.31
min_distances :	1.0
max_distances :	131.0
var_distances :	538.7683705122865
covar_distances :	538.9883657636187
ecartType_distances :	23.211384502271436
coef_variation	: 0.4804411066570216
distances_centre_x :
17.0	28.0	31.0	31.0	-1.0	22.0	0.0	-1.0	12.0	23.0	-1.0	12.0	11.0	16.0	30.0	25.0	-1.0	32.0	-1.0	-1.0	-1.0	-1.0	5.0	24.0	-1.0	11.0	-1.0	12.0	22.0	-1.0	10.0	-1.0	-1.0	32.0	-1.0	-1.0	-1.0	-1.0	-1.0	-1.0	12.0	33.0	-1.0	23.0	0.0	59.0	-1.0	-1.0	0.0	10.0	
-1.0	33.0	31.0	41.0	30.0	-1.0	-1.0	-1.0	12.0	-1.0	40.0	31.0	-1.0	16.0	-1.0	-1.0	-1.0	-1.0	26.0	-1.0	-1.0	-1.0	-1.0	-1.0	9.0	-1.0	-1.0	12.0	22.0	-1.0	31.0	-1.0	-1.0	32.0	-1.0	13.0	-1.0	-1.0	-1.0	-1.0	12.0	33.0	-1.0	23.0	0.0	-1.0	-1.0	-1.0	0.0	-1.0	
-1.0	28.0	-1.0	31.0	30.0	-1.0	16.0	-1.0	-1.0	-1.0	0.0	12.0	-1.0	16.0	-1.0	-1.0	-1.0	-1.0	26.0	8.0	24.0	12.0	5.0	-1.0	9.0	17.0	21.0	17.0	22.0	-1.0	10.0	-1.0	17.0	-1.0	-1.0	-1.0	-1.0	-1.0	23.0	46.0	12.0	33.0	-1.0	-1.0	0.0	-1.0	-1.0	13.0	0.0	10.0	
-1.0	33.0	31.0	41.0	30.0	-1.0	-1.0	-1.0	-1.0	-1.0	40.0	-1.0	-1.0	16.0	-1.0	-1.0	-1.0	-1.0	-1.0	8.0	12.0	-1.0	-1.0	-1.0	-1.0	-1.0	-1.0	12.0	22.0	-1.0	31.0	29.0	-1.0	32.0	-1.0	13.0	-1.0	-1.0	-1.0	-1.0	12.0	-1.0	-1.0	-1.0	-1.0	-1.0	17.0	-1.0	0.0	-1.0	
-1.0	28.0	31.0	31.0	30.0	22.0	0.0	-1.0	-1.0	23.0	0.0	-1.0	11.0	16.0	-1.0	-1.0	-1.0	-1.0	-1.0	-1.0	30.0	-1.0	5.0	-1.0	9.0	17.0	21.0	-1.0	22.0	-1.0	10.0	-1.0	17.0	32.0	6.0	13.0	-1.0	3.0	-1.0	-1.0	12.0	33.0	-1.0	23.0	0.0	-1.0	12.0	-1.0	0.0	10.0	
17.0	-1.0	31.0	-1.0	36.0	-1.0	-1.0	-1.0	12.0	-1.0	-1.0	-1.0	-1.0	-1.0	-1.0	-1.0	-1.0	-1.0	-1.0	-1.0	-1.0	-1.0	-1.0	-1.0	9.0	-1.0	-1.0	-1.0	-1.0	-1.0	-1.0	-1.0	-1.0	32.0	-1.0	13.0	-1.0	-1.0	-1.0	-1.0	12.0	-1.0	-1.0	23.0	-1.0	-1.0	-1.0	-1.0	0.0	-1.0	
-1.0	33.0	31.0	-1.0	30.0	-1.0	-1.0	-1.0	-1.0	-1.0	-1.0	31.0	-1.0	-1.0	-1.0	-1.0	37.0	-1.0	-1.0	-1.0	12.0	-1.0	23.0	-1.0	-1.0	17.0	-1.0	12.0	22.0	-1.0	-1.0	29.0	-1.0	-1.0	-1.0	13.0	30.0	-1.0	-1.0	-1.0	12.0	33.0	-1.0	-1.0	0.0	-1.0	17.0	-1.0	0.0	-1.0	
-1.0	28.0	31.0	31.0	30.0	-1.0	0.0	-1.0	12.0	23.0	0.0	12.0	11.0	16.0	-1.0	-1.0	-1.0	-1.0	-1.0	-1.0	12.0	-1.0	5.0	-1.0	-1.0	11.0	-1.0	12.0	22.0	-1.0	-1.0	29.0	17.0	-1.0	-1.0	-1.0	-1.0	3.0	-1.0	-1.0	12.0	33.0	-1.0	-1.0	-1.0	59.0	12.0	13.0	0.0	10.0	
-1.0	28.0	31.0	31.0	30.0	22.0	0.0	-1.0	12.0	-1.0	0.0	12.0	-1.0	16.0	-1.0	25.0	-1.0	-1.0	-1.0	8.0	12.0	-1.0	29.0	-1.0	9.0	11.0	21.0	12.0	22.0	38.0	-1.0	29.0	-1.0	-1.0	-1.0	-1.0	-1.0	-1.0	-1.0	-1.0	12.0	42.0	-1.0	23.0	0.0	59.0	-1.0	21.0	-1.0	-1.0	
-1.0	28.0	31.0	31.0	-1.0	-1.0	0.0	0.0	12.0	-1.0	0.0	12.0	-1.0	-1.0	-1.0	-1.0	-1.0	-1.0	26.0	8.0	-1.0	-1.0	5.0	24.0	-1.0	11.0	-1.0	12.0	-1.0	38.0	-1.0	-1.0	-1.0	-1.0	-1.0	-1.0	-1.0	-1.0	-1.0	-1.0	12.0	42.0	-1.0	23.0	0.0	59.0	12.0	-1.0	0.0	25.0	

distances_centre_w :
31.0	33.0	51.0	41.0	-1.0	24.0	16.0	-1.0	21.0	24.0	-1.0	69.0	34.0	28.0	38.0	34.0	-1.0	56.0	-1.0	-1.0	-1.0	-1.0	64.0	32.0	-1.0	22.0	-1.0	33.0	43.0	-1.0	31.0	-1.0	-1.0	60.0	-1.0	-1.0	-1.0	-1.0	-1.0	-1.0	36.0	42.0	-1.0	52.0	27.0	76.0	-1.0	-1.0	28.0	25.0	
-1.0	52.0	32.0	57.0	36.0	24.0	-1.0	-1.0	-1.0	51.0	-1.0	-1.0	-1.0	-1.0	-1.0	-1.0	-1.0	56.0	54.0	-1.0	-1.0	-1.0	-1.0	-1.0	34.0	-1.0	-1.0	-1.0	-1.0	-1.0	-1.0	-1.0	-1.0	65.0	-1.0	43.0	-1.0	35.0	-1.0	-1.0	-1.0	-1.0	-1.0	-1.0	-1.0	-1.0	-1.0	37.0	-1.0	42.0	
-1.0	33.0	-1.0	41.0	36.0	-1.0	28.0	-1.0	-1.0	-1.0	40.0	31.0	-1.0	28.0	-1.0	-1.0	-1.0	-1.0	54.0	48.0	30.0	32.0	23.0	-1.0	31.0	22.0	45.0	41.0	53.0	-1.0	31.0	-1.0	49.0	-1.0	-1.0	-1.0	-1.0	-1.0	37.0	58.0	44.0	42.0	-1.0	-1.0	27.0	-1.0	-1.0	21.0	33.0	42.0	
-1.0	52.0	32.0	-1.0	36.0	-1.0	-1.0	-1.0	-1.0	49.0	-1.0	-1.0	-1.0	-1.0	38.0	34.0	-1.0	-1.0	-1.0	36.0	-1.0	-1.0	29.0	32.0	-1.0	-1.0	51.0	-1.0	-1.0	-1.0	-1.0	47.0	-1.0	-1.0	-1.0	43.0	-1.0	-1.0	-1.0	-1.0	-1.0	-1.0	-1.0	-1.0	-1.0	-1.0	-1.0	-1.0	-1.0	42.0	
-1.0	33.0	51.0	41.0	36.0	24.0	16.0	-1.0	-1.0	24.0	40.0	-1.0	34.0	28.0	-1.0	-1.0	-1.0	-1.0	-1.0	-1.0	35.0	-1.0	18.0	-1.0	31.0	22.0	24.0	-1.0	43.0	-1.0	31.0	-1.0	46.0	60.0	18.0	40.0	-1.0	24.0	-1.0	-1.0	36.0	42.0	-1.0	54.0	27.0	-1.0	17.0	-1.0	28.0	42.0	
-1.0	52.0	-1.0	57.0	-1.0	-1.0	-1.0	-1.0	-1.0	-1.0	-1.0	-1.0	-1.0	-1.0	-1.0	-1.0	-1.0	-1.0	-1.0	-1.0	-1.0	-1.0	-1.0	-1.0	-1.0	17.0	-1.0	-1.0	-1.0	-1.0	-1.0	47.0	-1.0	-1.0	-1.0	-1.0	-1.0	-1.0	-1.0	-1.0	-1.0	-1.0	-1.0	-1.0	-1.0	-1.0	-1.0	-1.0	-1.0	-1.0	
-1.0	52.0	32.0	-1.0	36.0	24.0	-1.0	-1.0	-1.0	-1.0	-1.0	-1.0	-1.0	-1.0	-1.0	-1.0	-1.0	-1.0	-1.0	-1.0	-1.0	-1.0	29.0	-1.0	-1.0	-1.0	-1.0	-1.0	-1.0	-1.0	-1.0	47.0	-1.0	-1.0	-1.0	43.0	-1.0	-1.0	-1.0	-1.0	-1.0	-1.0	54.0	-1.0	-1.0	-1.0	-1.0	-1.0	-1.0	42.0	
-1.0	67.0	49.0	64.0	47.0	-1.0	16.0	-1.0	17.0	24.0	75.0	69.0	50.0	42.0	-1.0	-1.0	-1.0	-1.0	-1.0	-1.0	35.0	-1.0	18.0	-1.0	-1.0	22.0	-1.0	41.0	53.0	-1.0	-1.0	62.0	52.0	-1.0	-1.0	-1.0	-1.0	20.0	-1.0	-1.0	54.0	42.0	-1.0	-1.0	-1.0	76.0	29.0	75.0	33.0	25.0	
-1.0	33.0	32.0	41.0	36.0	24.0	16.0	-1.0	17.0	-1.0	40.0	31.0	-1.0	28.0	-1.0	38.0	-1.0	-1.0	-1.0	48.0	24.0	-1.0	64.0	-1.0	31.0	17.0	24.0	17.0	43.0	47.0	-1.0	31.0	-1.0	-1.0	-1.0	-1.0	-1.0	-1.0	-1.0	-1.0	36.0	57.0	-1.0	52.0	27.0	76.0	-1.0	37.0	-1.0	-1.0	
-1.0	52.0	45.0	41.0	-1.0	-1.0	16.0	16.0	17.0	-1.0	40.0	31.0	-1.0	-1.0	-1.0	-1.0	-1.0	-1.0	56.0	36.0	-1.0	-1.0	18.0	37.0	-1.0	22.0	-1.0	17.0	-1.0	47.0	-1.0	-1.0	-1.0	-1.0	-1.0	-1.0	-1.0	-1.0	-1.0	-1.0	36.0	71.0	-1.0	52.0	27.0	76.0	29.0	-1.0	28.0	42.0	

maxX :
59.0	41.0	46.0	41.0	33.0	36.0	37.0	59.0	59.0	59.0	

maxW :
76.0	65.0	58.0	52.0	60.0	57.0	54.0	76.0	76.0	76.0	

minX :
0.0	0.0	0.0	0.0	0.0	0.0	0.0	0.0	0.0	0.0	

minW :
16.0	24.0	21.0	29.0	16.0	17.0	24.0	16.0	16.0	16.0	

moyX :
19.392857142857142	22.35	16.962962962962962	22.294117647058822	16.103448275862068	18.5	21.22222222222222	17.076923076923077	20.555555555555557	17.869565217391305	

moyW :
38.25	44.142857142857146	37.03703703703704	40.07692307692308	33.275862068965516	43.25	39.888888888888886	44.5	35.81481481481482	37.04347826086956	

medX :
19.5	24.5	16.0	22.0	16.0	15.0	22.5	12.0	21.0	12.0	

medW :
33.5	42.5	36.0	38.0	33.0	49.5	42.0	44.5	33.0	36.0	

ecartTypeX :
12.689532485236702	12.04688756484429	10.778859561339164	11.635466601945222	10.713654927357751	11.020435563080072	11.043125340407517	13.011601559682381	13.353688166732102	15.303606701422828	

ecartTypeW :
15.157800914757674	11.36949014346945	9.829967339087	7.488057553007973	11.20620687533026	15.562374497485916	9.768935395703675	19.201862890395255	14.401741245128395	16.48841031931893	

varX :
161.02423469387756	145.1275	116.18381344307271	135.3840830449827	114.78240190249701	121.45	121.95061728395063	169.30177514792896	178.32098765432096	234.20037807183365	

varW :
229.75892857142858	129.26530612244898	96.62825788751715	56.07100591715976	125.57907253269919	242.1875	95.4320987654321	368.71153846153845	207.41015089163236	271.86767485822304	

covarX :
166.98809523809524	152.76578947368418	120.65242165242167	143.8455882352941	118.88177339901479	134.94444444444443	129.12418300653596	176.07384615384615	185.1794871794872	244.84584980237156	

covarW :
238.2685185185185	139.2087912087912	100.34472934472933	60.74358974358974	130.064039408867	322.91666666666663	107.3611111111111	383.46000000000004	215.3874643874644	284.22529644268775	

coef_variationX :
0.6543405333087066	0.5390106292995208	0.6354349523060207	0.5219074729104717	0.665301911977248	0.5956992196259498	0.5203566914328149	0.7619406318732926	0.6496388837869671	0.8564062144348541	

coef_variationW :
0.39628237685640977	0.2575612653860393	0.265409118155349	0.18684212704242542	0.33676683874049484	0.35982368780314256	0.2449036728727941	0.4315025368628147	0.40211687033967597	0.44510966824452514	

moy_distances_centre :	45.3
min_distances_centre :	16.0
max_distances_centre :	82.0
med_distances_centre :	41.0
ecartType_distances_centre :	21.066798522794105
var_distances_centre :	443.80999999999995
covar_distances_centre :	467.1684210526315
coef_variation_distances_centre :	0.46505074001752994
capacite_X_temoin : 
156.0	171.0	166.0	135.0	144.0	
138.0	153.0	0.0	168.0	159.0	
0.0	144.0	139.0	135.0	166.0	
166.0	151.0	0.0	163.0	171.0	
144.0	144.0	177.0	144.0	165.0	
172.0	144.0	148.0	0.0	157.0	
172.0	171.0	0.0	172.0	163.0	
141.0	136.0	169.0	151.0	148.0	
147.0	139.0	153.0	135.0	169.0	
154.0	177.0	150.0	153.0	163.0	

capacite_W_temoin : 
154.8	180.3	174.8	124.5	93.19999999999999	
155.4	123.9	0.0	113.4	86.69999999999999	
0.0	102.19999999999999	110.69999999999999	120.5	134.8	
175.8	130.3	0.0	103.9	144.3	
170.2	90.19999999999999	186.1	127.19999999999999	93.5	
198.6	109.19999999999999	149.4	0.0	76.1	
187.6	193.3	0.0	137.6	118.9	
160.3	129.8	185.7	124.3	109.4	
169.1	129.7	166.9	94.5	139.7	
159.2	194.1	165.0	172.9	136.9	

demande_cumulee_X : 
48.0	42.0	41.0	51.0	94.0	
24.0	75.0	0.0	105.0	120.0	
0.0	85.0	70.0	55.0	81.0	
40.0	66.0	0.0	108.0	78.0	
17.0	97.0	44.0	60.0	121.0	
25.0	78.0	43.0	0.0	128.0	
36.0	29.0	0.0	86.0	93.0	
23.0	47.0	34.0	72.0	83.0	
22.0	51.0	32.0	81.0	80.0	
41.0	36.0	30.0	26.0	75.0	

demande_cumulee_W : 
107.0	59.0	20.0	63.0	27.0	
60.0	91.0	0.0	92.0	81.0	
0.0	93.0	23.0	114.0	61.0	
58.0	70.0	0.0	51.0	113.0	
155.0	54.0	19.0	77.0	34.0	
173.0	31.0	26.0	0.0	44.0	
51.0	49.0	0.0	74.0	70.0	
86.0	86.0	28.0	42.0	17.0	
65.0	62.0	47.0	73.0	19.0	
72.0	72.0	0.0	18.0	46.0	

capacite_residuelle_X : 
108.0	129.0	125.0	84.0	50.0	
114.0	78.0	0.0	63.0	39.0	
0.0	59.0	69.0	80.0	85.0	
126.0	85.0	0.0	55.0	93.0	
127.0	47.0	133.0	84.0	44.0	
147.0	66.0	105.0	0.0	29.0	
136.0	142.0	0.0	86.0	70.0	
118.0	89.0	135.0	79.0	65.0	
125.0	88.0	121.0	54.0	89.0	
113.0	141.0	120.0	127.0	88.0	

capacite_residuelle_W : 
47.80000000000001	121.30000000000001	154.8	61.5	66.19999999999999	
95.4	32.900000000000006	0.0	21.400000000000006	5.699999999999989	
0.0	9.199999999999989	87.69999999999999	6.5	73.80000000000001	
117.80000000000001	60.30000000000001	0.0	52.900000000000006	31.30000000000001	
15.199999999999989	36.19999999999999	167.1	50.19999999999999	59.5	
25.599999999999994	78.19999999999999	123.4	0.0	32.099999999999994	
136.6	144.3	0.0	63.599999999999994	48.900000000000006	
74.30000000000001	43.80000000000001	157.7	82.3	92.4	
104.1	67.69999999999999	119.9	21.5	120.69999999999999	
87.19999999999999	122.1	165.0	154.9	90.9	

min_capacite_X : 
135.0	0.0	0.0	0.0	144.0	0.0	0.0	136.0	135.0	150.0	

min_capacite_W : 
93.19999999999999	0.0	0.0	0.0	90.19999999999999	0.0	0.0	109.4	94.5	136.9	

max_capacite_X : 
171.0	168.0	166.0	171.0	177.0	172.0	172.0	169.0	169.0	177.0	

max_capacite_W : 
180.3	155.4	134.8	175.8	186.1	198.6	193.3	185.7	169.1	194.1	

moy_capacite_X : 
154.4	123.6	116.8	130.2	154.8	124.2	135.6	149.0	148.6	159.4	

moy_capacite_W : 
145.52000000000004	95.88000000000001	93.64	110.85999999999999	133.44	106.66	127.47999999999999	141.9	139.97999999999996	165.61999999999998	

med_capacite_X : 
156.0	153.0	139.0	163.0	144.0	148.0	171.0	148.0	147.0	154.0	

med_capacite_W : 
154.8	113.4	110.69999999999999	130.3	127.19999999999999	109.19999999999999	137.6	129.8	139.7	165.0	

ecartType_capacite_X : 
13.395521639712282	62.56708399789781	59.374742104703074	65.43210221290464	13.760813929415658	62.84075110945126	67.88401873784433	11.29601699715435	11.959933110180843	9.810198774744578	

ecartType_capacite_W : 
32.65672365685205	52.74836111198148	48.05907198438189	60.08615813979123	39.05947260268628	67.22557846534309	69.81957891594593	27.456948118827768	27.374615979041607	18.60402107072554	

var_capacite_X : 
179.44	3914.6400000000003	3525.3599999999997	4281.36	189.35999999999999	3948.96	4608.24	127.6	143.04000000000002	96.24000000000002	

var_capacite_W : 
1066.4616000000005	2782.3896	2309.6744000000003	3610.3464	1525.6424	4519.2784	4874.7736	753.8839999999998	749.3696000000001	346.1095999999999	

covar_capacite_X : 
224.3	4893.3	4406.7	5351.7	236.7	4936.2	5760.299999999999	159.5	178.8	120.30000000000003	

covar_capacite_W : 
1333.0770000000007	3477.987	2887.0930000000003	4512.933	1907.0529999999999	5649.098	6093.467000000001	942.3549999999997	936.7120000000001	432.63699999999983	

##########	##########	##########	##########	##########	##########	##########	##########	##########	##########	##########	##########	##########	##########	##########	##########	##########	##########	##########	##########	##########	##########	##########	##########	##########	##########	##########	##########	##########	##########	##########	##########	##########	##########	##########	##########	##########	##########	##########	##########	##########	##########	##########	##########	##########	##########	##########	##########	##########	##########	