nombre de noeuds : 50
nombre de strates : 3
nombre de centres : 5
titre : intelligent
instances : p5_1
temps de calcul : 0.025914907455444336
valeur objective : 323.0
nombre de solutions : 3
nombre de noeuds : 1.0
faisability : True
centre : [2, 39, 19, 0, 24]
moy_distances :	50.2
min_distances :	1.0
max_distances :	116.0
var_distances :	612.2527240316534
covar_distances :	612.5027251439572
ecartType_distances :	24.743741108240958
coef_variation	: 0.49293527276504157
distances_centre_x :
-1.0	23.0	0.0	22.0	20.0	24.0	27.0	-1.0	12.0	22.0	-1.0	-1.0	17.0	27.0	12.0	25.0	18.0	-1.0	19.0	-1.0	30.0	13.0	9.0	20.0	-1.0	24.0	-1.0	-1.0	36.0	-1.0	1.0	-1.0	-1.0	30.0	-1.0	24.0	-1.0	-1.0	23.0	0.0	-1.0	-1.0	9.0	-1.0	17.0	-1.0	15.0	21.0	-1.0	5.0	
0.0	12.0	0.0	22.0	20.0	24.0	27.0	-1.0	12.0	22.0	-1.0	32.0	17.0	-1.0	12.0	-1.0	-1.0	-1.0	19.0	-1.0	30.0	-1.0	9.0	-1.0	0.0	24.0	27.0	13.0	36.0	18.0	-1.0	4.0	-1.0	30.0	12.0	24.0	30.0	7.0	23.0	-1.0	12.0	29.0	9.0	-1.0	17.0	39.0	-1.0	21.0	27.0	-1.0	
0.0	12.0	-1.0	22.0	20.0	24.0	27.0	26.0	-1.0	22.0	9.0	39.0	17.0	27.0	12.0	-1.0	-1.0	22.0	19.0	0.0	-1.0	-1.0	-1.0	20.0	-1.0	-1.0	13.0	-1.0	36.0	-1.0	1.0	-1.0	33.0	-1.0	12.0	-1.0	30.0	7.0	23.0	0.0	-1.0	-1.0	9.0	36.0	17.0	39.0	-1.0	21.0	27.0	5.0	

distances_centre_w :
-1.0	59.0	13.0	48.0	61.0	46.0	35.0	-1.0	64.0	42.0	-1.0	-1.0	57.0	43.0	57.0	45.0	47.0	-1.0	51.0	-1.0	47.0	62.0	64.0	52.0	-1.0	49.0	-1.0	-1.0	38.0	-1.0	69.0	-1.0	-1.0	42.0	-1.0	40.0	-1.0	-1.0	33.0	13.0	-1.0	-1.0	37.0	-1.0	23.0	-1.0	28.0	57.0	-1.0	18.0	
70.0	23.0	13.0	48.0	61.0	46.0	35.0	-1.0	64.0	42.0	-1.0	39.0	57.0	-1.0	43.0	-1.0	-1.0	-1.0	51.0	-1.0	68.0	-1.0	64.0	-1.0	56.0	49.0	30.0	16.0	38.0	46.0	-1.0	15.0	-1.0	42.0	49.0	40.0	34.0	9.0	33.0	-1.0	50.0	32.0	20.0	-1.0	23.0	45.0	-1.0	57.0	41.0	-1.0	
70.0	23.0	-1.0	48.0	61.0	46.0	35.0	52.0	-1.0	58.0	50.0	48.0	60.0	52.0	43.0	-1.0	-1.0	62.0	51.0	61.0	-1.0	-1.0	-1.0	52.0	-1.0	-1.0	27.0	-1.0	41.0	-1.0	69.0	-1.0	45.0	-1.0	49.0	-1.0	34.0	9.0	33.0	13.0	-1.0	-1.0	20.0	59.0	23.0	45.0	-1.0	57.0	41.0	18.0	

maxX :
36.0	39.0	39.0	

maxW :
69.0	70.0	70.0	

minX :
0.0	0.0	0.0	

minW :
13.0	9.0	9.0	

moyX :
18.166666666666668	18.857142857142858	19.0	

moyW :
44.666666666666664	41.4	44.09090909090909	

medX :
20.0	20.0	20.0	

medW :
46.5	42.0	48.0	

ecartTypeX :
8.955755443040838	10.097079796067934	11.211465992320973	

ecartTypeW :
14.765575580458156	15.81355657113767	15.877110714109767	

varX :
80.20555555555558	101.95102040816326	125.6969696969697	

varW :
218.0222222222222	250.06857142857143	252.08264462809916	

covarX :
82.97126436781612	104.94957983193278	129.625	

covarW :
225.54022988505747	257.42352941176466	259.9602272727273	

coef_variationX :
0.4929773638371103	0.5354512013066328	0.5900771574905775	

coef_variationW :
0.33057258762219754	0.38196996548641715	0.36009941825815966	

moy_distances_centre :	68.3
min_distances_centre :	13.0
max_distances_centre :	113.0
med_distances_centre :	68.0
ecartType_distances_centre :	26.9
var_distances_centre :	723.6099999999999
covar_distances_centre :	761.6947368421052
coef_variation_distances_centre :	0.3938506588579795
capacite_X_temoin : 
163.0	166.0	153.0	163.0	169.0	
166.0	172.0	175.0	175.0	174.0	
159.0	178.0	162.0	147.0	151.0	

capacite_W_temoin : 
152.9	194.8	120.9	118.9	128.7	
144.8	168.6	121.5	141.5	172.2	
118.69999999999999	215.4	131.6	47.1	120.3	

demande_cumulee_X : 
59.0	21.0	78.0	93.0	91.0	
71.0	55.0	106.0	86.0	54.0	
88.0	16.0	79.0	144.0	76.0	

demande_cumulee_W : 
36.0	89.0	6.0	85.0	126.0	
46.0	78.0	24.0	60.0	164.0	
63.0	107.0	73.0	46.0	114.0	

capacite_residuelle_X : 
104.0	145.0	75.0	70.0	78.0	
95.0	117.0	69.0	89.0	120.0	
71.0	162.0	83.0	3.0	75.0	

capacite_residuelle_W : 
116.9	105.80000000000001	114.9	33.900000000000006	2.6999999999999886	
98.80000000000001	90.6	97.5	81.5	8.199999999999989	
55.69999999999999	108.4	58.599999999999994	1.1000000000000014	6.299999999999997	

min_capacite_X : 
153.0	166.0	147.0	

min_capacite_W : 
118.9	121.5	47.1	

max_capacite_X : 
169.0	175.0	178.0	

max_capacite_W : 
194.8	172.2	215.4	

moy_capacite_X : 
162.8	172.4	159.4	

moy_capacite_W : 
143.24	149.71999999999997	126.62	

med_capacite_X : 
163.0	174.0	159.0	

med_capacite_W : 
128.7	144.8	120.3	

ecartType_capacite_X : 
5.381449618829484	3.3823069050575527	10.744300814850634	

ecartType_capacite_W : 
28.4769099447254	18.7080089801133	53.54024280856411	

var_capacite_X : 
28.959999999999997	11.44	115.44000000000001	

var_capacite_W : 
810.9344000000003	349.98959999999977	2866.5576000000005	

covar_capacite_X : 
36.199999999999996	14.299999999999999	144.3	

covar_capacite_W : 
1013.6680000000003	437.48699999999974	3583.1970000000006	

##########	##########	##########	##########	##########	##########	##########	##########	##########	##########	##########	##########	##########	##########	##########	##########	##########	##########	##########	##########	##########	##########	##########	##########	##########	##########	##########	##########	##########	##########	##########	##########	##########	##########	##########	##########	##########	##########	##########	##########	##########	##########	##########	##########	##########	##########	##########	##########	##########	##########	nombre de noeuds : 50
nombre de strates : 3
nombre de centres : 5
titre : intelligent
instances : p5_1
temps de calcul : 0.0248720645904541
valeur objective : 451.0
nombre de solutions : 3
nombre de noeuds : 1.0
faisability : True
centre : [2, 39, 19, 24, 38]
moy_distances :	50.2
min_distances :	1.0
max_distances :	116.0
var_distances :	612.2527240316534
covar_distances :	612.5027251439572
ecartType_distances :	24.743741108240958
coef_variation	: 0.49293527276504157
distances_centre_x :
-1.0	12.0	0.0	22.0	20.0	24.0	14.0	-1.0	12.0	22.0	-1.0	-1.0	17.0	25.0	12.0	25.0	18.0	-1.0	51.0	-1.0	17.0	62.0	64.0	52.0	-1.0	24.0	-1.0	-1.0	17.0	-1.0	69.0	-1.0	-1.0	51.0	-1.0	24.0	-1.0	-1.0	0.0	0.0	-1.0	-1.0	9.0	-1.0	11.0	-1.0	15.0	21.0	-1.0	5.0	
70.0	12.0	0.0	22.0	20.0	24.0	14.0	-1.0	12.0	22.0	-1.0	39.0	60.0	-1.0	43.0	-1.0	-1.0	-1.0	51.0	-1.0	17.0	-1.0	64.0	-1.0	0.0	24.0	13.0	13.0	17.0	18.0	-1.0	4.0	-1.0	42.0	12.0	24.0	21.0	7.0	0.0	-1.0	12.0	29.0	20.0	-1.0	11.0	45.0	-1.0	21.0	27.0	-1.0	
70.0	12.0	-1.0	22.0	20.0	24.0	27.0	15.0	-1.0	42.0	9.0	39.0	17.0	25.0	12.0	-1.0	-1.0	61.0	51.0	0.0	-1.0	-1.0	-1.0	52.0	-1.0	-1.0	27.0	-1.0	17.0	-1.0	69.0	-1.0	45.0	-1.0	12.0	-1.0	21.0	7.0	0.0	0.0	-1.0	-1.0	9.0	21.0	11.0	45.0	-1.0	58.0	27.0	5.0	

distances_centre_w :
-1.0	23.0	13.0	49.0	74.0	61.0	27.0	-1.0	47.0	42.0	-1.0	-1.0	53.0	27.0	34.0	51.0	31.0	-1.0	67.0	-1.0	30.0	68.0	72.0	61.0	-1.0	24.0	-1.0	-1.0	36.0	-1.0	80.0	-1.0	-1.0	70.0	-1.0	26.0	-1.0	-1.0	23.0	13.0	-1.0	-1.0	20.0	-1.0	17.0	-1.0	28.0	64.0	-1.0	18.0	
81.0	23.0	13.0	49.0	74.0	50.0	27.0	-1.0	47.0	42.0	-1.0	48.0	74.0	-1.0	57.0	-1.0	-1.0	-1.0	67.0	-1.0	30.0	-1.0	72.0	-1.0	41.0	24.0	19.0	16.0	36.0	53.0	-1.0	44.0	-1.0	64.0	29.0	40.0	30.0	9.0	23.0	-1.0	13.0	69.0	29.0	-1.0	17.0	48.0	-1.0	58.0	42.0	-1.0	
81.0	23.0	-1.0	75.0	74.0	50.0	35.0	29.0	-1.0	56.0	31.0	48.0	60.0	43.0	34.0	-1.0	-1.0	62.0	67.0	61.0	-1.0	-1.0	-1.0	69.0	-1.0	-1.0	60.0	-1.0	36.0	-1.0	80.0	-1.0	47.0	-1.0	29.0	-1.0	30.0	52.0	23.0	13.0	-1.0	-1.0	20.0	36.0	23.0	58.0	-1.0	77.0	42.0	18.0	

maxX :
69.0	70.0	70.0	

maxW :
80.0	81.0	81.0	

minX :
0.0	0.0	0.0	

minW :
13.0	9.0	13.0	

moyX :
23.833333333333332	23.714285714285715	26.424242424242426	

moyW :
41.63333333333333	41.65714285714286	46.72727272727273	

medX :
19.0	20.0	21.0	

medW :
35.0	42.0	47.0	

ecartTypeX :
18.81857829085101	17.58176235042832	19.91653843452616	

ecartTypeW :
20.502818234466098	19.75412124399486	19.67812618461781	

varX :
354.1388888888889	309.1183673469388	396.66850321395776	

varW :
420.3655555555555	390.225306122449	387.2286501377411	

covarX :
366.35057471264366	318.21008403361344	409.06439393939394	

covarW :
434.8609195402298	401.7025210084034	399.32954545454544	

coef_variationX :
0.7895906975182243	0.7413996171867364	0.7537222113983524	

coef_variationW :
0.4924616069127165	0.4742073000958985	0.4211272140676963	

moy_distances_centre :	45.4
min_distances_centre :	13.0
max_distances_centre :	77.0
med_distances_centre :	42.0
ecartType_distances_centre :	18.784035775093702
var_distances_centre :	352.84000000000003
covar_distances_centre :	371.41052631578947
coef_variation_distances_centre :	0.41374528138972916
capacite_X_temoin : 
166.0	153.0	163.0	166.0	169.0	
172.0	175.0	175.0	171.0	174.0	
178.0	162.0	147.0	148.0	151.0	

capacite_W_temoin : 
194.8	159.9	75.9	131.8	157.7	
176.6	158.5	109.5	129.3	181.2	
211.4	133.6	62.1	81.4	130.3	

demande_cumulee_X : 
21.0	39.0	136.0	84.0	62.0	
47.0	69.0	118.0	93.0	45.0	
20.0	77.0	129.0	111.0	66.0	

demande_cumulee_W : 
80.0	39.0	12.0	127.0	84.0	
50.0	65.0	24.0	121.0	112.0	
96.0	75.0	50.0	72.0	110.0	

capacite_residuelle_X : 
145.0	114.0	27.0	82.0	107.0	
125.0	106.0	57.0	78.0	129.0	
158.0	85.0	18.0	37.0	85.0	

capacite_residuelle_W : 
114.80000000000001	120.9	63.900000000000006	4.800000000000011	73.69999999999999	
126.6	93.5	85.5	8.300000000000011	69.19999999999999	
115.4	58.599999999999994	12.100000000000001	9.400000000000006	20.30000000000001	

min_capacite_X : 
153.0	171.0	147.0	

min_capacite_W : 
75.9	109.5	62.1	

max_capacite_X : 
169.0	175.0	178.0	

max_capacite_W : 
194.8	181.2	211.4	

moy_capacite_X : 
163.4	173.4	157.2	

moy_capacite_W : 
144.02000000000004	151.02000000000004	123.75999999999999	

med_capacite_X : 
166.0	174.0	151.0	

med_capacite_W : 
157.7	158.5	130.3	

ecartType_capacite_X : 
5.535341001239219	1.624807680927192	11.685888926393234	

ecartType_capacite_W : 
39.51604231195224	27.62892687022063	51.800949798242115	

var_capacite_X : 
30.640000000000004	2.6399999999999997	136.56	

var_capacite_W : 
1561.5176	763.3575999999997	2683.3383999999996	

covar_capacite_X : 
38.300000000000004	3.3	170.7	

covar_capacite_W : 
1951.897	954.1969999999997	3354.173	

##########	##########	##########	##########	##########	##########	##########	##########	##########	##########	##########	##########	##########	##########	##########	##########	##########	##########	##########	##########	##########	##########	##########	##########	##########	##########	##########	##########	##########	##########	##########	##########	##########	##########	##########	##########	##########	##########	##########	##########	##########	##########	##########	##########	##########	##########	##########	##########	##########	##########	nombre de noeuds : 50
nombre de strates : 3
nombre de centres : 5
titre : intelligent
instances : p5_1
temps de calcul : 0.024431943893432617
valeur objective : 382.0
nombre de solutions : 3
nombre de noeuds : 1.0
faisability : True
centre : [39, 19, 24, 38, 9]
moy_distances :	50.2
min_distances :	1.0
max_distances :	116.0
var_distances :	612.2527240316534
covar_distances :	612.5027251439572
ecartType_distances :	24.743741108240958
coef_variation	: 0.49293527276504157
distances_centre_x :
-1.0	23.0	13.0	21.0	20.0	22.0	14.0	-1.0	47.0	0.0	-1.0	-1.0	17.0	5.0	10.0	23.0	18.0	-1.0	41.0	-1.0	17.0	46.0	50.0	37.0	-1.0	24.0	-1.0	-1.0	15.0	-1.0	57.0	-1.0	-1.0	27.0	-1.0	24.0	-1.0	-1.0	0.0	0.0	-1.0	-1.0	9.0	-1.0	11.0	-1.0	15.0	21.0	-1.0	5.0	
58.0	23.0	13.0	21.0	20.0	22.0	14.0	-1.0	12.0	0.0	-1.0	39.0	17.0	-1.0	10.0	-1.0	-1.0	-1.0	41.0	-1.0	17.0	-1.0	50.0	-1.0	0.0	24.0	13.0	13.0	15.0	18.0	-1.0	4.0	-1.0	27.0	47.0	24.0	21.0	9.0	0.0	-1.0	13.0	30.0	37.0	-1.0	11.0	37.0	-1.0	21.0	27.0	-1.0	
58.0	23.0	-1.0	21.0	20.0	22.0	14.0	14.0	-1.0	0.0	9.0	39.0	17.0	5.0	34.0	-1.0	-1.0	43.0	41.0	0.0	-1.0	-1.0	-1.0	52.0	-1.0	-1.0	13.0	-1.0	17.0	-1.0	57.0	-1.0	10.0	-1.0	12.0	-1.0	21.0	9.0	0.0	0.0	-1.0	-1.0	9.0	21.0	11.0	37.0	-1.0	21.0	27.0	5.0	

distances_centre_w :
-1.0	66.0	33.0	22.0	40.0	24.0	27.0	-1.0	66.0	22.0	-1.0	-1.0	28.0	25.0	34.0	25.0	31.0	-1.0	51.0	-1.0	26.0	62.0	64.0	52.0	-1.0	58.0	-1.0	-1.0	17.0	-1.0	69.0	-1.0	-1.0	42.0	-1.0	26.0	-1.0	-1.0	23.0	23.0	-1.0	-1.0	41.0	-1.0	17.0	-1.0	28.0	32.0	-1.0	38.0	
70.0	35.0	66.0	22.0	40.0	24.0	27.0	-1.0	47.0	22.0	-1.0	51.0	53.0	-1.0	12.0	-1.0	-1.0	-1.0	51.0	-1.0	26.0	-1.0	64.0	-1.0	22.0	47.0	29.0	18.0	36.0	40.0	-1.0	20.0	-1.0	64.0	66.0	26.0	30.0	26.0	23.0	-1.0	37.0	32.0	69.0	-1.0	17.0	45.0	-1.0	32.0	30.0	-1.0	
70.0	35.0	-1.0	22.0	40.0	50.0	27.0	52.0	-1.0	22.0	16.0	51.0	53.0	25.0	67.0	-1.0	-1.0	61.0	51.0	41.0	-1.0	-1.0	-1.0	61.0	-1.0	-1.0	30.0	-1.0	36.0	-1.0	69.0	-1.0	25.0	-1.0	29.0	-1.0	30.0	49.0	23.0	23.0	-1.0	-1.0	29.0	36.0	17.0	45.0	-1.0	32.0	42.0	25.0	

maxX :
57.0	58.0	58.0	

maxW :
69.0	70.0	70.0	

minX :
0.0	0.0	0.0	

minW :
17.0	12.0	16.0	

moyX :
21.066666666666666	21.37142857142857	20.666666666666668	

moyW :
37.06666666666667	37.68571428571428	38.90909090909091	

medX :
19.0	20.0	17.0	

medW :
31.5	32.0	36.0	

ecartTypeX :
14.814257396920786	13.871009262457568	16.050425589876475	

ecartTypeW :
15.981099948237466	16.528367698460432	15.390598539887197	

varX :
219.4622222222222	192.40489795918364	257.6161616161616	

varW :
255.39555555555552	273.1869387755102	236.87052341597794	

covarX :
227.02988505747123	198.06386554621847	265.6666666666667	

covarW :
264.2022988505747	281.22184873949584	244.27272727272725	

coef_variationX :
0.7032084207399107	0.649044551050822	0.7766334962843455	

coef_variationW :
0.43114478277619056	0.43858443475823744	0.39555276621205415	

moy_distances_centre :	43.5
min_distances_centre :	22.0
max_distances_centre :	77.0
med_distances_centre :	41.5
ecartType_distances_centre :	16.578600664712326
var_distances_centre :	274.85
covar_distances_centre :	289.3157894736842
coef_variation_distances_centre :	0.38111725666005347
capacite_X_temoin : 
154.0	153.0	163.0	166.0	169.0	
150.0	175.0	175.0	171.0	174.0	
166.0	162.0	147.0	148.0	151.0	

capacite_W_temoin : 
77.19999999999999	166.9	182.9	140.8	136.7	
72.0	189.5	187.5	116.3	161.2	
61.8	178.6	139.1	87.4	136.3	

demande_cumulee_X : 
123.0	32.0	29.0	75.0	83.0	
123.0	38.0	40.0	106.0	65.0	
154.0	32.0	52.0	105.0	60.0	

demande_cumulee_W : 
62.0	21.0	127.0	103.0	29.0	
62.0	84.0	95.0	86.0	45.0	
56.0	94.0	121.0	86.0	46.0	

capacite_residuelle_X : 
31.0	121.0	134.0	91.0	86.0	
27.0	137.0	135.0	65.0	109.0	
12.0	130.0	95.0	43.0	91.0	

capacite_residuelle_W : 
15.199999999999989	145.9	55.900000000000006	37.80000000000001	107.69999999999999	
10.0	105.5	92.5	30.299999999999997	116.19999999999999	
5.799999999999997	84.6	18.099999999999994	1.4000000000000057	90.30000000000001	

min_capacite_X : 
153.0	150.0	147.0	

min_capacite_W : 
77.19999999999999	72.0	61.8	

max_capacite_X : 
169.0	175.0	166.0	

max_capacite_W : 
182.9	189.5	178.6	

moy_capacite_X : 
161.0	169.0	154.8	

moy_capacite_W : 
140.9	145.3	120.64000000000001	

med_capacite_X : 
163.0	174.0	151.0	

med_capacite_W : 
140.8	161.2	136.3	

ecartType_capacite_X : 
6.418722614352485	9.612491872558333	7.730459236035076	

ecartType_capacite_W : 
36.09803318741896	45.16897165090212	41.26114879641622	

var_capacite_X : 
41.2	92.4	59.760000000000005	

var_capacite_W : 
1303.0680000000007	2040.2359999999996	1702.4824	

covar_capacite_X : 
51.5	115.5	74.7	

covar_capacite_W : 
1628.8350000000007	2550.2949999999996	2128.103	

##########	##########	##########	##########	##########	##########	##########	##########	##########	##########	##########	##########	##########	##########	##########	##########	##########	##########	##########	##########	##########	##########	##########	##########	##########	##########	##########	##########	##########	##########	##########	##########	##########	##########	##########	##########	##########	##########	##########	##########	##########	##########	##########	##########	##########	##########	##########	##########	##########	##########	nombre de noeuds : 50
nombre de strates : 3
nombre de centres : 5
titre : intelligent
instances : p5_1
temps de calcul : 0.02386784553527832
valeur objective : 382.0
nombre de solutions : 3
nombre de noeuds : 1.0
faisability : True
centre : [19, 24, 38, 9, 46]
moy_distances :	50.2
min_distances :	1.0
max_distances :	116.0
var_distances :	612.2527240316534
covar_distances :	612.5027251439572
ecartType_distances :	24.743741108240958
coef_variation	: 0.49293527276504157
distances_centre_x :
-1.0	35.0	28.0	21.0	20.0	22.0	14.0	-1.0	12.0	0.0	-1.0	-1.0	17.0	5.0	10.0	23.0	18.0	-1.0	41.0	-1.0	17.0	46.0	50.0	37.0	-1.0	47.0	-1.0	-1.0	15.0	-1.0	57.0	-1.0	-1.0	27.0	-1.0	24.0	-1.0	-1.0	0.0	15.0	-1.0	-1.0	8.0	-1.0	11.0	-1.0	0.0	21.0	-1.0	10.0	
58.0	38.0	28.0	21.0	20.0	22.0	14.0	-1.0	12.0	0.0	-1.0	26.0	17.0	-1.0	34.0	-1.0	-1.0	-1.0	41.0	-1.0	17.0	-1.0	50.0	-1.0	0.0	23.0	9.0	18.0	15.0	18.0	-1.0	17.0	-1.0	27.0	12.0	24.0	21.0	24.0	0.0	-1.0	21.0	30.0	8.0	-1.0	11.0	37.0	-1.0	21.0	27.0	-1.0	
58.0	35.0	-1.0	21.0	20.0	22.0	14.0	15.0	-1.0	0.0	9.0	26.0	17.0	5.0	10.0	-1.0	-1.0	43.0	41.0	0.0	-1.0	-1.0	-1.0	52.0	-1.0	-1.0	9.0	-1.0	15.0	-1.0	57.0	-1.0	10.0	-1.0	12.0	-1.0	21.0	24.0	0.0	15.0	-1.0	-1.0	8.0	40.0	11.0	37.0	-1.0	21.0	27.0	25.0	

distances_centre_w :
-1.0	38.0	66.0	22.0	40.0	24.0	27.0	-1.0	47.0	22.0	-1.0	-1.0	28.0	25.0	12.0	25.0	31.0	-1.0	51.0	-1.0	26.0	62.0	64.0	52.0	-1.0	58.0	-1.0	-1.0	41.0	-1.0	69.0	-1.0	-1.0	42.0	-1.0	26.0	-1.0	-1.0	28.0	23.0	-1.0	-1.0	29.0	-1.0	28.0	-1.0	28.0	32.0	-1.0	38.0	
70.0	61.0	66.0	22.0	40.0	24.0	27.0	-1.0	47.0	22.0	-1.0	51.0	47.0	-1.0	67.0	-1.0	-1.0	-1.0	51.0	-1.0	26.0	-1.0	64.0	-1.0	41.0	47.0	19.0	27.0	17.0	40.0	-1.0	41.0	-1.0	42.0	29.0	67.0	30.0	26.0	28.0	-1.0	37.0	41.0	29.0	-1.0	28.0	45.0	-1.0	32.0	30.0	-1.0	
70.0	66.0	-1.0	22.0	40.0	50.0	27.0	52.0	-1.0	22.0	31.0	51.0	28.0	25.0	34.0	-1.0	-1.0	61.0	51.0	41.0	-1.0	-1.0	-1.0	69.0	-1.0	-1.0	29.0	-1.0	17.0	-1.0	69.0	-1.0	25.0	-1.0	29.0	-1.0	30.0	26.0	28.0	61.0	-1.0	-1.0	29.0	42.0	28.0	45.0	-1.0	32.0	54.0	38.0	

maxX :
57.0	58.0	58.0	

maxW :
69.0	70.0	70.0	

minX :
0.0	0.0	0.0	

minW :
12.0	17.0	17.0	

moyX :
21.7	21.742857142857144	21.818181818181817	

moyW :
36.8	39.457142857142856	40.06060606060606	

medX :
19.0	21.0	20.0	

medW :
30.0	40.0	34.0	

ecartTypeX :
14.953594885511643	12.654401509001538	15.590312737070716	

ecartTypeW :
15.000888862553	14.993985188625961	15.495726476245958	

varX :
223.60999999999999	160.13387755102042	243.0578512396694	

varW :
225.0266666666666	224.81959183673473	240.11753902662994	

covarX :
231.32068965517243	164.8436974789916	250.65340909090912	

covarW :
232.7862068965517	231.43193277310928	247.62121212121212	

coef_variationX :
0.6891057550927024	0.5820026975230668	0.7145560004490745	

coef_variationW :
0.40763284952589673	0.38000686575083903	0.3868070905568204	

moy_distances_centre :	42.8
min_distances_centre :	22.0
max_distances_centre :	77.0
med_distances_centre :	38.0
ecartType_distances_centre :	17.99888885459322
var_distances_centre :	323.96
covar_distances_centre :	341.0105263157894
coef_variation_distances_centre :	0.4205347863222715
capacite_X_temoin : 
154.0	153.0	163.0	166.0	151.0	
150.0	175.0	175.0	171.0	156.0	
166.0	162.0	147.0	148.0	159.0	

capacite_W_temoin : 
77.19999999999999	159.9	182.9	135.8	125.3	
86.0	182.5	189.5	94.3	150.8	
71.8	178.6	139.1	72.4	151.7	

demande_cumulee_X : 
123.0	39.0	29.0	80.0	71.0	
109.0	45.0	38.0	128.0	52.0	
144.0	32.0	52.0	120.0	55.0	

demande_cumulee_W : 
73.0	38.0	127.0	89.0	15.0	
82.0	100.0	99.0	63.0	28.0	
59.0	129.0	120.0	72.0	23.0	

capacite_residuelle_X : 
31.0	114.0	134.0	86.0	80.0	
41.0	130.0	137.0	43.0	104.0	
22.0	130.0	95.0	28.0	104.0	

capacite_residuelle_W : 
4.199999999999989	121.9	55.900000000000006	46.80000000000001	110.3	
4.0	82.5	90.5	31.299999999999997	122.80000000000001	
12.799999999999997	49.599999999999994	19.099999999999994	0.4000000000000057	128.7	

min_capacite_X : 
151.0	150.0	147.0	

min_capacite_W : 
77.19999999999999	86.0	71.8	

max_capacite_X : 
166.0	175.0	166.0	

max_capacite_W : 
182.9	189.5	178.6	

moy_capacite_X : 
157.4	165.4	156.4	

moy_capacite_W : 
136.21999999999997	140.61999999999998	122.71999999999998	

med_capacite_X : 
154.0	171.0	159.0	

med_capacite_W : 
135.8	150.8	139.1	

ecartType_capacite_X : 
5.9531504264548865	10.403845442911962	7.605261336732618	

ecartType_capacite_W : 
35.616142407621865	43.30290521431559	43.25660180827892	

var_capacite_X : 
35.44	108.24000000000001	57.84000000000001	

var_capacite_W : 
1268.5096000000005	1875.1416000000002	1871.1335999999997	

covar_capacite_X : 
44.3	135.3	72.30000000000001	

covar_capacite_W : 
1585.6370000000006	2343.927	2338.9169999999995	

##########	##########	##########	##########	##########	##########	##########	##########	##########	##########	##########	##########	##########	##########	##########	##########	##########	##########	##########	##########	##########	##########	##########	##########	##########	##########	##########	##########	##########	##########	##########	##########	##########	##########	##########	##########	##########	##########	##########	##########	##########	##########	##########	##########	##########	##########	##########	##########	##########	##########	nombre de noeuds : 50
nombre de strates : 3
nombre de centres : 5
titre : intelligent
instances : p5_1
temps de calcul : 0.023058176040649414
valeur objective : 382.0
nombre de solutions : 3
nombre de noeuds : 1.0
faisability : True
centre : [24, 38, 9, 46, 31]
moy_distances :	50.2
min_distances :	1.0
max_distances :	116.0
var_distances :	612.2527240316534
covar_distances :	612.5027251439572
ecartType_distances :	24.743741108240958
coef_variation	: 0.49293527276504157
distances_centre_x :
-1.0	22.0	15.0	21.0	20.0	22.0	14.0	-1.0	47.0	0.0	-1.0	-1.0	17.0	5.0	10.0	51.0	31.0	-1.0	41.0	-1.0	17.0	46.0	50.0	52.0	-1.0	28.0	-1.0	-1.0	15.0	-1.0	57.0	-1.0	-1.0	27.0	-1.0	26.0	-1.0	-1.0	0.0	4.0	-1.0	-1.0	8.0	-1.0	11.0	-1.0	0.0	21.0	-1.0	8.0	
58.0	22.0	15.0	21.0	20.0	22.0	14.0	-1.0	47.0	0.0	-1.0	32.0	17.0	-1.0	10.0	-1.0	-1.0	-1.0	41.0	-1.0	17.0	-1.0	50.0	-1.0	0.0	23.0	19.0	9.0	15.0	18.0	-1.0	0.0	-1.0	27.0	57.0	26.0	21.0	8.0	0.0	-1.0	17.0	29.0	8.0	-1.0	11.0	37.0	-1.0	21.0	30.0	-1.0	
58.0	22.0	-1.0	21.0	20.0	22.0	14.0	15.0	-1.0	0.0	9.0	26.0	17.0	25.0	10.0	-1.0	-1.0	43.0	41.0	41.0	-1.0	-1.0	-1.0	37.0	-1.0	-1.0	9.0	-1.0	15.0	-1.0	57.0	-1.0	10.0	-1.0	29.0	-1.0	29.0	8.0	0.0	4.0	-1.0	-1.0	12.0	14.0	11.0	37.0	-1.0	50.0	30.0	8.0	

distances_centre_w :
-1.0	61.0	28.0	22.0	40.0	24.0	31.0	-1.0	60.0	22.0	-1.0	-1.0	28.0	25.0	32.0	62.0	43.0	-1.0	51.0	-1.0	26.0	62.0	64.0	61.0	-1.0	47.0	-1.0	-1.0	17.0	-1.0	69.0	-1.0	-1.0	42.0	-1.0	36.0	-1.0	-1.0	20.0	15.0	-1.0	-1.0	29.0	-1.0	13.0	-1.0	17.0	50.0	-1.0	10.0	
70.0	38.0	28.0	22.0	40.0	24.0	31.0	-1.0	60.0	22.0	-1.0	43.0	60.0	-1.0	12.0	-1.0	-1.0	-1.0	51.0	-1.0	26.0	-1.0	64.0	-1.0	22.0	28.0	30.0	51.0	37.0	40.0	-1.0	44.0	-1.0	42.0	66.0	67.0	29.0	24.0	41.0	-1.0	21.0	30.0	12.0	-1.0	13.0	48.0	-1.0	64.0	38.0	-1.0	
70.0	38.0	-1.0	22.0	40.0	24.0	54.0	24.0	-1.0	22.0	16.0	32.0	28.0	37.0	12.0	-1.0	-1.0	62.0	51.0	70.0	-1.0	-1.0	-1.0	52.0	-1.0	-1.0	14.0	-1.0	17.0	-1.0	69.0	-1.0	25.0	-1.0	66.0	-1.0	62.0	49.0	20.0	15.0	-1.0	-1.0	41.0	21.0	13.0	48.0	-1.0	64.0	38.0	10.0	

maxX :
57.0	58.0	58.0	

maxW :
69.0	70.0	70.0	

minX :
0.0	0.0	0.0	

minW :
10.0	12.0	10.0	

moyX :
22.866666666666667	21.771428571428572	22.545454545454547	

moyW :
36.9	38.22857142857143	37.15151515151515	

medX :
20.5	20.0	20.0	

medW :
31.5	38.0	37.0	

ecartTypeX :
16.720712371852528	14.928564593299871	15.454901956672456	

ecartTypeW :
17.577163214428737	16.49949906475209	19.376839051912206	

varX :
279.58222222222224	222.86204081632653	238.85399449035813	

varW :
308.9566666666667	272.23346938775506	375.4618916437099	

covarX :
289.2229885057472	229.4168067226891	246.31818181818184	

covarW :
319.6103448275863	280.24033613445374	387.19507575757575	

coef_variationX :
0.7312264885649793	0.6856952241017001	0.6854996835620847	

coef_variationW :
0.47634588656988447	0.43160124608843287	0.5215625519682732	

moy_distances_centre :	30.5
min_distances_centre :	17.0
max_distances_centre :	44.0
med_distances_centre :	28.5
ecartType_distances_centre :	8.958236433584458
var_distances_centre :	80.25
covar_distances_centre :	84.47368421052632
coef_variation_distances_centre :	0.2937126699535888
capacite_X_temoin : 
154.0	163.0	150.0	166.0	151.0	
150.0	175.0	169.0	171.0	156.0	
166.0	147.0	145.0	148.0	159.0	

capacite_W_temoin : 
91.19999999999999	177.9	135.0	108.8	164.3	
79.0	186.5	152.7	89.3	187.8	
58.8	153.1	112.5	75.4	191.7	

demande_cumulee_X : 
109.0	34.0	60.0	107.0	32.0	
116.0	41.0	67.0	133.0	15.0	
157.0	38.0	76.0	117.0	15.0	

demande_cumulee_W : 
45.0	91.0	119.0	25.0	62.0	
48.0	159.0	94.0	39.0	32.0	
50.0	148.0	58.0	66.0	81.0	

capacite_residuelle_X : 
45.0	129.0	90.0	59.0	119.0	
34.0	134.0	102.0	38.0	141.0	
9.0	109.0	69.0	31.0	144.0	

capacite_residuelle_W : 
46.19999999999999	86.9	16.0	83.8	102.30000000000001	
31.0	27.5	58.69999999999999	50.3	155.8	
8.799999999999997	5.099999999999994	54.5	9.400000000000006	110.69999999999999	

min_capacite_X : 
150.0	150.0	145.0	

min_capacite_W : 
91.19999999999999	79.0	58.8	

max_capacite_X : 
166.0	175.0	166.0	

max_capacite_W : 
177.9	187.8	191.7	

moy_capacite_X : 
156.8	164.2	153.0	

moy_capacite_W : 
135.44	139.06	118.3	

med_capacite_X : 
154.0	169.0	148.0	

med_capacite_W : 
135.0	152.7	112.5	

ecartType_capacite_X : 
6.49307323229917	9.53729521405309	8.12403840463596	

ecartType_capacite_W : 
32.566277036222615	46.68072835764241	49.0161197974707	

var_capacite_X : 
42.16	90.96	66.0	

var_capacite_W : 
1060.5624000000005	2179.0904	2402.5799999999995	

covar_capacite_X : 
52.699999999999996	113.69999999999999	82.5	

covar_capacite_W : 
1325.7030000000007	2723.8630000000003	3003.2249999999995	

##########	##########	##########	##########	##########	##########	##########	##########	##########	##########	##########	##########	##########	##########	##########	##########	##########	##########	##########	##########	##########	##########	##########	##########	##########	##########	##########	##########	##########	##########	##########	##########	##########	##########	##########	##########	##########	##########	##########	##########	##########	##########	##########	##########	##########	##########	##########	##########	##########	##########	nombre de noeuds : 50
nombre de strates : 3
nombre de centres : 5
titre : intelligent
instances : p5_1
temps de calcul : 0.02356100082397461
valeur objective : 382.0
nombre de solutions : 3
nombre de noeuds : 1.0
faisability : True
centre : [24, 38, 9, 46, 6]
moy_distances :	50.2
min_distances :	1.0
max_distances :	116.0
var_distances :	612.2527240316534
covar_distances :	612.5027251439572
ecartType_distances :	24.743741108240958
coef_variation	: 0.49293527276504157
distances_centre_x :
-1.0	38.0	28.0	21.0	20.0	22.0	0.0	-1.0	32.0	0.0	-1.0	-1.0	17.0	5.0	10.0	23.0	18.0	-1.0	41.0	-1.0	13.0	46.0	50.0	37.0	-1.0	23.0	-1.0	-1.0	17.0	-1.0	57.0	-1.0	-1.0	27.0	-1.0	14.0	-1.0	-1.0	0.0	15.0	-1.0	-1.0	8.0	-1.0	11.0	-1.0	0.0	32.0	-1.0	10.0	
58.0	38.0	28.0	21.0	20.0	50.0	0.0	-1.0	32.0	0.0	-1.0	26.0	17.0	-1.0	12.0	-1.0	-1.0	-1.0	41.0	-1.0	13.0	-1.0	50.0	-1.0	22.0	23.0	9.0	18.0	15.0	18.0	-1.0	17.0	-1.0	27.0	29.0	14.0	12.0	24.0	0.0	-1.0	37.0	25.0	37.0	-1.0	11.0	37.0	-1.0	21.0	20.0	-1.0	
58.0	38.0	-1.0	21.0	20.0	22.0	0.0	14.0	-1.0	0.0	9.0	54.0	17.0	27.0	12.0	-1.0	-1.0	43.0	41.0	27.0	-1.0	-1.0	-1.0	37.0	-1.0	-1.0	19.0	-1.0	15.0	-1.0	57.0	-1.0	25.0	-1.0	14.0	-1.0	12.0	24.0	0.0	15.0	-1.0	-1.0	8.0	14.0	11.0	37.0	-1.0	21.0	20.0	10.0	

distances_centre_w :
-1.0	38.0	33.0	22.0	40.0	50.0	14.0	-1.0	66.0	22.0	-1.0	-1.0	28.0	33.0	12.0	25.0	31.0	-1.0	51.0	-1.0	17.0	62.0	64.0	52.0	-1.0	47.0	-1.0	-1.0	22.0	-1.0	69.0	-1.0	-1.0	42.0	-1.0	26.0	-1.0	-1.0	14.0	23.0	-1.0	-1.0	29.0	-1.0	18.0	-1.0	28.0	50.0	-1.0	25.0	
70.0	38.0	33.0	22.0	40.0	50.0	54.0	-1.0	66.0	22.0	-1.0	51.0	28.0	-1.0	45.0	-1.0	-1.0	-1.0	51.0	-1.0	17.0	-1.0	64.0	-1.0	29.0	47.0	19.0	24.0	17.0	40.0	-1.0	20.0	-1.0	42.0	66.0	67.0	21.0	52.0	14.0	-1.0	50.0	30.0	41.0	-1.0	18.0	45.0	-1.0	32.0	30.0	-1.0	
70.0	38.0	-1.0	22.0	40.0	24.0	14.0	27.0	-1.0	22.0	16.0	68.0	28.0	37.0	32.0	-1.0	-1.0	61.0	67.0	41.0	-1.0	-1.0	-1.0	63.0	-1.0	-1.0	33.0	-1.0	17.0	-1.0	69.0	-1.0	31.0	-1.0	29.0	-1.0	21.0	26.0	14.0	43.0	-1.0	-1.0	41.0	21.0	28.0	45.0	-1.0	32.0	54.0	25.0	

maxX :
57.0	58.0	58.0	

maxW :
69.0	70.0	70.0	

minX :
0.0	0.0	0.0	

minW :
12.0	14.0	14.0	

moyX :
21.166666666666668	23.485714285714284	22.484848484848484	

moyW :
35.1	38.714285714285715	36.333333333333336	

medX :
19.0	21.0	20.0	

medW :
30.0	40.0	32.0	

ecartTypeX :
15.015732490365638	13.676614929081222	15.29927946832041	

ecartTypeW :
16.353083297449853	16.29298083500364	16.84630463330103	

varX :
225.47222222222223	187.04979591836735	234.06795224977046	

varW :
267.42333333333335	265.46122448979594	283.7979797979798	

covarX :
233.24712643678154	192.5512605042017	241.38257575757575	

covarW :
276.6448275862069	273.2689075630252	292.66666666666674	

coef_variationX :
0.7094046845842034	0.5823376186348452	0.6804261758147891	

coef_variationW :
0.46589980904415534	0.4208519034871789	0.46365976054956964	

moy_distances_centre :	33.0
min_distances_centre :	14.0
max_distances_centre :	54.0
med_distances_centre :	32.0
ecartType_distances_centre :	10.742439201596628
var_distances_centre :	115.4
covar_distances_centre :	121.47368421052632
coef_variation_distances_centre :	0.3255284606544433
capacite_X_temoin : 
154.0	154.0	163.0	166.0	151.0	
166.0	150.0	175.0	171.0	156.0	
144.0	166.0	147.0	148.0	159.0	

capacite_W_temoin : 
122.19999999999999	71.19999999999999	190.9	184.8	113.3	
101.8	79.0	188.5	167.3	154.8	
108.19999999999999	51.8	128.1	148.4	153.7	

demande_cumulee_X : 
78.0	129.0	21.0	31.0	83.0	
114.0	116.0	39.0	55.0	48.0	
79.0	164.0	63.0	44.0	53.0	

demande_cumulee_W : 
47.0	28.0	110.0	149.0	8.0	
81.0	41.0	139.0	103.0	8.0	
108.0	48.0	86.0	121.0	40.0	

capacite_residuelle_X : 
76.0	25.0	142.0	135.0	68.0	
52.0	34.0	136.0	116.0	108.0	
65.0	2.0	84.0	104.0	106.0	

capacite_residuelle_W : 
75.19999999999999	43.19999999999999	80.9	35.80000000000001	105.3	
20.799999999999997	38.0	49.5	64.30000000000001	146.8	
0.19999999999998863	3.799999999999997	42.099999999999994	27.400000000000006	113.69999999999999	

min_capacite_X : 
151.0	150.0	144.0	

min_capacite_W : 
71.19999999999999	79.0	51.8	

max_capacite_X : 
166.0	175.0	166.0	

max_capacite_W : 
190.9	188.5	153.7	

moy_capacite_X : 
157.6	163.6	152.8	

moy_capacite_W : 
136.47999999999996	138.28000000000003	118.04	

med_capacite_X : 
154.0	166.0	148.0	

med_capacite_W : 
122.19999999999999	154.8	128.1	

ecartType_capacite_X : 
5.817215828899594	9.308061022576076	8.328265125462806	

ecartType_capacite_W : 
45.385169383841685	41.18744468888547	36.821548039157726	

var_capacite_X : 
33.839999999999996	86.64	69.36000000000001	

var_capacite_W : 
2059.813600000001	1696.4056	1355.8264	

covar_capacite_X : 
42.3	108.3	86.70000000000002	

covar_capacite_W : 
2574.767000000001	2120.507	1694.783	

##########	##########	##########	##########	##########	##########	##########	##########	##########	##########	##########	##########	##########	##########	##########	##########	##########	##########	##########	##########	##########	##########	##########	##########	##########	##########	##########	##########	##########	##########	##########	##########	##########	##########	##########	##########	##########	##########	##########	##########	##########	##########	##########	##########	##########	##########	##########	##########	##########	##########	nombre de noeuds : 50
nombre de strates : 3
nombre de centres : 5
titre : intelligent
instances : p5_1
temps de calcul : 0.02517104148864746
valeur objective : 304.0
nombre de solutions : 3
nombre de noeuds : 1.0
faisability : True
centre : [24, 38, 9, 6, 30]
moy_distances :	50.2
min_distances :	1.0
max_distances :	116.0
var_distances :	612.2527240316534
covar_distances :	612.5027251439572
ecartType_distances :	24.743741108240958
coef_variation	: 0.49293527276504157
distances_centre_x :
-1.0	35.0	33.0	21.0	20.0	24.0	0.0	-1.0	32.0	0.0	-1.0	-1.0	17.0	5.0	12.0	23.0	18.0	-1.0	18.0	-1.0	13.0	13.0	9.0	19.0	-1.0	47.0	-1.0	-1.0	17.0	-1.0	0.0	-1.0	-1.0	29.0	-1.0	14.0	-1.0	-1.0	0.0	23.0	-1.0	-1.0	29.0	-1.0	11.0	-1.0	28.0	21.0	-1.0	25.0	
1.0	35.0	33.0	21.0	20.0	22.0	0.0	-1.0	32.0	0.0	-1.0	32.0	17.0	-1.0	12.0	-1.0	-1.0	-1.0	18.0	-1.0	13.0	-1.0	9.0	-1.0	0.0	47.0	29.0	18.0	15.0	18.0	-1.0	20.0	-1.0	27.0	14.0	14.0	12.0	26.0	0.0	-1.0	37.0	25.0	29.0	-1.0	11.0	37.0	-1.0	21.0	20.0	-1.0	
1.0	35.0	-1.0	21.0	20.0	24.0	0.0	14.0	-1.0	22.0	9.0	32.0	17.0	5.0	10.0	-1.0	-1.0	22.0	18.0	27.0	-1.0	-1.0	-1.0	19.0	-1.0	-1.0	19.0	-1.0	15.0	-1.0	0.0	-1.0	25.0	-1.0	29.0	-1.0	12.0	26.0	0.0	23.0	-1.0	-1.0	29.0	14.0	11.0	37.0	-1.0	21.0	20.0	25.0	

distances_centre_w :
-1.0	38.0	41.0	22.0	40.0	45.0	14.0	-1.0	47.0	22.0	-1.0	-1.0	28.0	25.0	34.0	25.0	31.0	-1.0	41.0	-1.0	17.0	46.0	50.0	37.0	-1.0	49.0	-1.0	-1.0	22.0	-1.0	57.0	-1.0	-1.0	55.0	-1.0	26.0	-1.0	-1.0	14.0	35.0	-1.0	-1.0	37.0	-1.0	18.0	-1.0	29.0	32.0	-1.0	37.0	
58.0	38.0	41.0	22.0	40.0	50.0	14.0	-1.0	47.0	22.0	-1.0	51.0	28.0	-1.0	45.0	-1.0	-1.0	-1.0	41.0	-1.0	17.0	-1.0	50.0	-1.0	22.0	49.0	33.0	24.0	22.0	40.0	-1.0	41.0	-1.0	42.0	29.0	26.0	21.0	34.0	14.0	-1.0	50.0	30.0	37.0	-1.0	18.0	58.0	-1.0	32.0	30.0	-1.0	
58.0	38.0	-1.0	22.0	40.0	45.0	54.0	15.0	-1.0	37.0	16.0	51.0	28.0	33.0	12.0	-1.0	-1.0	43.0	41.0	41.0	-1.0	-1.0	-1.0	52.0	-1.0	-1.0	29.0	-1.0	17.0	-1.0	57.0	-1.0	31.0	-1.0	47.0	-1.0	21.0	34.0	14.0	43.0	-1.0	-1.0	37.0	21.0	18.0	58.0	-1.0	56.0	30.0	37.0	

maxX :
47.0	47.0	37.0	

maxW :
57.0	58.0	58.0	

minX :
0.0	0.0	0.0	

minW :
14.0	14.0	12.0	

moyX :
18.533333333333335	19.571428571428573	18.242424242424242	

moyW :
33.8	34.74285714285714	35.63636363636363	

medX :
18.5	20.0	20.0	

medW :
34.5	34.0	37.0	

ecartTypeX :
11.16761190029254	11.611043300694915	9.773279289084222	

ecartTypeW :
11.745637488020819	12.380498160166153	13.927992702333436	

varX :
124.71555555555554	134.81632653061226	95.5169880624426	

varW :
137.96	153.27673469387753	193.98898071625345	

covarX :
129.01609195402295	138.78151260504202	98.50189393939394	

covarW :
142.71724137931034	157.78487394957986	200.05113636363637	

coef_variationX :
0.6025689874258564	0.5932649861668934	0.5357445457471417	

coef_variationW :
0.34750406769292363	0.35634657533372976	0.39083652991241785	

moy_distances_centre :	48.3
min_distances_centre :	14.0
max_distances_centre :	81.0
med_distances_centre :	47.5
ecartType_distances_centre :	22.521323229330907
var_distances_centre :	507.2099999999999
covar_distances_centre :	533.9052631578946
coef_variation_distances_centre :	0.4662799840441182
capacite_X_temoin : 
154.0	154.0	163.0	163.0	166.0	
166.0	150.0	175.0	144.0	171.0	
144.0	166.0	147.0	157.0	148.0	

capacite_W_temoin : 
122.19999999999999	145.2	175.9	152.9	101.8	
94.8	125.0	179.5	144.2	132.3	
115.19999999999999	123.8	120.1	137.1	91.4	

demande_cumulee_X : 
78.0	55.0	36.0	59.0	114.0	
121.0	70.0	48.0	43.0	90.0	
72.0	92.0	71.0	67.0	101.0	

demande_cumulee_W : 
89.0	84.0	74.0	1.0	94.0	
85.0	91.0	74.0	0.0	122.0	
100.0	113.0	95.0	9.0	86.0	

capacite_residuelle_X : 
76.0	99.0	127.0	104.0	52.0	
45.0	80.0	127.0	101.0	81.0	
72.0	74.0	76.0	90.0	47.0	

capacite_residuelle_W : 
33.19999999999999	61.19999999999999	101.9	151.9	7.799999999999997	
9.799999999999997	34.0	105.5	144.2	10.300000000000011	
15.199999999999989	10.799999999999997	25.099999999999994	128.1	5.400000000000006	

min_capacite_X : 
154.0	144.0	144.0	

min_capacite_W : 
101.8	94.8	91.4	

max_capacite_X : 
166.0	175.0	166.0	

max_capacite_W : 
175.9	179.5	137.1	

moy_capacite_X : 
160.0	161.2	152.4	

moy_capacite_W : 
139.59999999999997	135.16	117.52000000000001	

med_capacite_X : 
163.0	166.0	148.0	

med_capacite_W : 
145.2	132.3	120.1	

ecartType_capacite_X : 
5.019960159204453	12.08966500776593	8.064738061462382	

ecartType_capacite_W : 
25.524654747909914	27.52486875536376	14.947294069496321	

var_capacite_X : 
25.2	146.16	65.04	

var_capacite_W : 
651.5080000000002	757.6184000000001	223.4215999999999	

covar_capacite_X : 
31.5	182.7	81.30000000000001	

covar_capacite_W : 
814.3850000000002	947.023	279.2769999999999	

##########	##########	##########	##########	##########	##########	##########	##########	##########	##########	##########	##########	##########	##########	##########	##########	##########	##########	##########	##########	##########	##########	##########	##########	##########	##########	##########	##########	##########	##########	##########	##########	##########	##########	##########	##########	##########	##########	##########	##########	##########	##########	##########	##########	##########	##########	##########	##########	##########	##########	