nombre de noeuds : 50
nombre de strates : 5
nombre de centres : 5
titre : intelligent
instances : p6_2
temps de calcul : 0.04265999794006348
valeur objective : 537.0
nombre de solutions : 3
nombre de noeuds : 1.0
faisability : True
centre : [6, 9, 41, 24, 47]
moy_distances :	51.41
min_distances :	1.0
max_distances :	115.0
var_distances :	573.5828498125782
covar_distances :	573.8170608578263
ecartType_distances :	23.949589762928678
coef_variation	: 0.4658269551068994
distances_centre_x :
-1.0	-1.0	13.0	42.0	32.0	-1.0	-1.0	23.0	-1.0	0.0	21.0	-1.0	-1.0	35.0	-1.0	36.0	44.0	23.0	11.0	31.0	-1.0	-1.0	-1.0	-1.0	0.0	14.0	8.0	-1.0	15.0	12.0	-1.0	-1.0	34.0	7.0	32.0	50.0	38.0	17.0	22.0	20.0	-1.0	0.0	23.0	18.0	11.0	13.0	17.0	-1.0	23.0	31.0	
27.0	34.0	-1.0	42.0	-1.0	-1.0	0.0	-1.0	15.0	0.0	21.0	10.0	35.0	35.0	-1.0	-1.0	-1.0	23.0	11.0	31.0	21.0	-1.0	-1.0	-1.0	0.0	-1.0	8.0	6.0	15.0	-1.0	-1.0	14.0	-1.0	-1.0	32.0	-1.0	38.0	-1.0	22.0	20.0	-1.0	0.0	-1.0	-1.0	11.0	-1.0	17.0	0.0	-1.0	31.0	
27.0	34.0	-1.0	42.0	-1.0	-1.0	-1.0	23.0	-1.0	0.0	21.0	-1.0	25.0	35.0	16.0	-1.0	13.0	23.0	11.0	31.0	21.0	-1.0	16.0	5.0	-1.0	-1.0	-1.0	6.0	15.0	-1.0	7.0	-1.0	-1.0	7.0	32.0	-1.0	36.0	17.0	-1.0	20.0	37.0	0.0	-1.0	-1.0	11.0	-1.0	17.0	0.0	-1.0	31.0	
27.0	-1.0	13.0	42.0	-1.0	14.0	0.0	23.0	15.0	-1.0	21.0	-1.0	25.0	35.0	-1.0	-1.0	-1.0	23.0	11.0	31.0	-1.0	42.0	-1.0	5.0	0.0	14.0	-1.0	-1.0	15.0	-1.0	7.0	14.0	-1.0	-1.0	32.0	-1.0	-1.0	17.0	-1.0	20.0	39.0	0.0	-1.0	-1.0	11.0	-1.0	17.0	0.0	-1.0	31.0	
27.0	34.0	13.0	42.0	-1.0	-1.0	0.0	-1.0	15.0	0.0	-1.0	10.0	25.0	35.0	16.0	-1.0	13.0	23.0	11.0	31.0	-1.0	-1.0	16.0	5.0	0.0	14.0	8.0	-1.0	-1.0	-1.0	38.0	14.0	34.0	7.0	32.0	-1.0	-1.0	-1.0	-1.0	29.0	-1.0	0.0	-1.0	-1.0	11.0	-1.0	17.0	0.0	23.0	31.0	

distances_centre_w :
-1.0	-1.0	31.0	59.0	50.0	-1.0	-1.0	40.0	-1.0	18.0	51.0	-1.0	-1.0	57.0	-1.0	44.0	59.0	57.0	32.0	43.0	-1.0	-1.0	-1.0	-1.0	38.0	30.0	42.0	-1.0	27.0	31.0	-1.0	-1.0	68.0	50.0	35.0	60.0	51.0	23.0	38.0	29.0	-1.0	43.0	26.0	58.0	45.0	20.0	30.0	-1.0	46.0	44.0	
61.0	41.0	-1.0	59.0	-1.0	-1.0	43.0	-1.0	35.0	18.0	51.0	35.0	44.0	57.0	-1.0	-1.0	-1.0	57.0	32.0	43.0	37.0	-1.0	-1.0	-1.0	38.0	-1.0	42.0	39.0	27.0	-1.0	-1.0	27.0	-1.0	-1.0	35.0	-1.0	51.0	-1.0	38.0	29.0	-1.0	38.0	-1.0	-1.0	45.0	-1.0	30.0	18.0	-1.0	44.0	
61.0	41.0	-1.0	59.0	-1.0	-1.0	-1.0	40.0	-1.0	18.0	51.0	-1.0	35.0	57.0	32.0	-1.0	44.0	57.0	32.0	61.0	37.0	-1.0	35.0	46.0	-1.0	-1.0	-1.0	39.0	27.0	-1.0	38.0	-1.0	-1.0	50.0	35.0	-1.0	38.0	23.0	-1.0	29.0	39.0	38.0	-1.0	-1.0	45.0	-1.0	30.0	18.0	-1.0	44.0	
61.0	-1.0	31.0	59.0	-1.0	51.0	43.0	40.0	35.0	-1.0	51.0	-1.0	35.0	57.0	-1.0	-1.0	-1.0	57.0	32.0	61.0	-1.0	53.0	-1.0	46.0	38.0	35.0	-1.0	-1.0	27.0	-1.0	38.0	27.0	-1.0	-1.0	35.0	-1.0	-1.0	23.0	-1.0	29.0	46.0	38.0	-1.0	-1.0	45.0	-1.0	30.0	18.0	-1.0	44.0	
61.0	41.0	31.0	59.0	-1.0	-1.0	43.0	-1.0	35.0	18.0	-1.0	35.0	35.0	57.0	32.0	-1.0	59.0	57.0	32.0	64.0	-1.0	-1.0	35.0	46.0	41.0	30.0	42.0	-1.0	-1.0	-1.0	51.0	27.0	68.0	50.0	35.0	-1.0	-1.0	-1.0	-1.0	48.0	-1.0	38.0	-1.0	-1.0	45.0	-1.0	30.0	18.0	46.0	44.0	

maxX :
50.0	42.0	42.0	42.0	42.0	

maxW :
68.0	61.0	61.0	61.0	68.0	

minX :
0.0	0.0	0.0	0.0	0.0	

minW :
18.0	18.0	18.0	18.0	18.0	

moyX :
21.696969696969695	18.535714285714285	19.3	18.75862068965517	17.9375	

moyW :
41.666666666666664	39.785714285714285	39.96666666666667	40.86206896551724	42.28125	

medX :
21.0	18.5	18.5	17.0	15.5	

medW :
43.0	38.5	38.5	38.0	41.5	

ecartTypeX :
12.740973866219479	12.73488499823879	11.776105751336758	12.27460280251756	12.353991004934397	

ecartTypeW :
12.781773639590766	11.001159493620735	11.559940407381962	11.628514709113599	12.528054455401286	

varX :
162.33241505968775	162.17729591836738	138.67666666666668	150.6658739595719	152.62109375	

varW :
163.37373737373736	121.02551020408161	133.63222222222223	135.22235434007135	156.9521484375	

covarX :
167.40530303030303	168.1838624338624	143.45862068965513	156.04679802955664	157.54435483870967	

covarW :
168.47916666666666	125.5079365079365	138.2402298850575	140.05172413793102	162.01512096774192	

coef_variationX :
0.5872236558453112	0.6870458187874492	0.6101609197583812	0.6543446346930317	0.6887242372088862	

coef_variationW :
0.3067625673501784	0.27651029247879766	0.2892395431371633	0.28457968486438345	0.29630284003905477	

moy_distances_centre :	58.6
min_distances_centre :	18.0
max_distances_centre :	101.0
med_distances_centre :	50.5
ecartType_distances_centre :	24.920674148184673
var_distances_centre :	621.04
covar_distances_centre :	653.7263157894736
coef_variation_distances_centre :	0.42526747693147904
capacite_X_temoin : 
177.0	163.0	153.0	177.0	172.0	
156.0	171.0	163.0	168.0	159.0	
163.0	177.0	163.0	144.0	177.0	
166.0	154.0	162.0	172.0	139.0	
163.0	156.0	168.0	159.0	154.0	

capacite_W_temoin : 
157.1	158.9	99.9	121.1	181.6	
129.8	216.3	107.9	116.4	158.7	
142.9	200.1	119.9	76.19999999999999	194.1	
166.8	175.2	109.6	85.6	146.7	
108.9	193.8	130.4	90.69999999999999	167.2	

demande_cumulee_X : 
73.0	53.0	99.0	109.0	42.0	
73.0	6.0	104.0	102.0	48.0	
69.0	30.0	92.0	111.0	36.0	
49.0	25.0	101.0	138.0	34.0	
103.0	9.0	88.0	116.0	33.0	

demande_cumulee_W : 
58.0	61.0	95.0	79.0	83.0	
28.0	101.0	89.0	81.0	34.0	
46.0	66.0	117.0	53.0	56.0	
75.0	52.0	103.0	77.0	40.0	
49.0	77.0	114.0	81.0	28.0	

capacite_residuelle_X : 
104.0	110.0	54.0	68.0	130.0	
83.0	165.0	59.0	66.0	111.0	
94.0	147.0	71.0	33.0	141.0	
117.0	129.0	61.0	34.0	105.0	
60.0	147.0	80.0	43.0	121.0	

capacite_residuelle_W : 
99.1	97.9	4.900000000000006	42.099999999999994	98.6	
101.80000000000001	115.30000000000001	18.900000000000006	35.400000000000006	124.69999999999999	
96.9	134.1	2.9000000000000057	23.19999999999999	138.1	
91.80000000000001	123.19999999999999	6.599999999999994	8.599999999999994	106.69999999999999	
59.900000000000006	116.80000000000001	16.400000000000006	9.699999999999989	139.2	

min_capacite_X : 
153.0	156.0	144.0	139.0	154.0	

min_capacite_W : 
99.9	107.9	76.19999999999999	85.6	90.69999999999999	

max_capacite_X : 
177.0	171.0	177.0	172.0	168.0	

max_capacite_W : 
181.6	216.3	200.1	175.2	193.8	

moy_capacite_X : 
168.4	163.4	164.8	158.6	160.0	

moy_capacite_W : 
143.72	145.82	146.64	136.78000000000003	138.2	

med_capacite_X : 
172.0	163.0	163.0	162.0	159.0	

med_capacite_W : 
157.1	129.8	142.9	146.7	130.4	

ecartType_capacite_X : 
9.243376006633074	5.535341001239218	12.139192724394814	11.412274094149685	5.019960159204453	

ecartType_capacite_W : 
29.244514015452534	39.226083159041	46.478450920829964	34.15800930967728	37.70395204749762	

var_capacite_X : 
85.44000000000001	30.639999999999997	147.35999999999999	130.24	25.2	

var_capacite_W : 
855.2415999999997	1538.6856000000002	2160.2464	1166.7696	1421.5880000000002	

covar_capacite_X : 
106.80000000000001	38.3	184.2	162.8	31.5	

covar_capacite_W : 
1069.0519999999997	1923.3570000000002	2700.308	1458.4620000000002	1776.9850000000001	

##########	##########	##########	##########	##########	##########	##########	##########	##########	##########	##########	##########	##########	##########	##########	##########	##########	##########	##########	##########	##########	##########	##########	##########	##########	##########	##########	##########	##########	##########	##########	##########	##########	##########	##########	##########	##########	##########	##########	##########	##########	##########	##########	##########	##########	##########	##########	##########	##########	##########	nombre de noeuds : 50
nombre de strates : 5
nombre de centres : 5
titre : intelligent
instances : p6_2
temps de calcul : 0.04298901557922363
valeur objective : 454.0
nombre de solutions : 4
nombre de noeuds : 1.0
faisability : True
centre : [6, 9, 41, 24, 48]
moy_distances :	51.41
min_distances :	1.0
max_distances :	115.0
var_distances :	573.5828498125782
covar_distances :	573.8170608578263
ecartType_distances :	23.949589762928678
coef_variation	: 0.4658269551068994
distances_centre_x :
-1.0	-1.0	13.0	18.0	32.0	-1.0	-1.0	23.0	-1.0	0.0	9.0	-1.0	-1.0	12.0	-1.0	39.0	13.0	23.0	11.0	12.0	-1.0	-1.0	-1.0	-1.0	0.0	14.0	8.0	-1.0	15.0	12.0	-1.0	-1.0	24.0	7.0	32.0	39.0	21.0	17.0	38.0	20.0	-1.0	0.0	23.0	18.0	11.0	13.0	17.0	-1.0	0.0	31.0	
18.0	34.0	-1.0	18.0	-1.0	-1.0	0.0	-1.0	15.0	0.0	9.0	10.0	25.0	12.0	-1.0	-1.0	-1.0	23.0	11.0	12.0	21.0	-1.0	-1.0	-1.0	0.0	-1.0	8.0	6.0	15.0	-1.0	-1.0	14.0	-1.0	-1.0	32.0	-1.0	21.0	-1.0	38.0	20.0	-1.0	0.0	-1.0	-1.0	11.0	-1.0	17.0	18.0	-1.0	31.0	
18.0	34.0	-1.0	18.0	-1.0	-1.0	-1.0	23.0	-1.0	0.0	9.0	-1.0	25.0	12.0	32.0	-1.0	13.0	23.0	11.0	12.0	21.0	-1.0	16.0	5.0	-1.0	-1.0	-1.0	6.0	15.0	-1.0	7.0	-1.0	-1.0	7.0	32.0	-1.0	21.0	17.0	-1.0	20.0	33.0	0.0	-1.0	-1.0	11.0	-1.0	17.0	18.0	-1.0	31.0	
18.0	-1.0	13.0	18.0	-1.0	14.0	0.0	23.0	15.0	-1.0	9.0	-1.0	25.0	12.0	-1.0	-1.0	-1.0	23.0	11.0	12.0	-1.0	20.0	-1.0	5.0	0.0	14.0	-1.0	-1.0	15.0	-1.0	7.0	14.0	-1.0	-1.0	32.0	-1.0	-1.0	17.0	-1.0	29.0	33.0	0.0	-1.0	-1.0	11.0	-1.0	17.0	18.0	-1.0	31.0	
18.0	34.0	13.0	18.0	-1.0	-1.0	0.0	-1.0	15.0	0.0	-1.0	10.0	25.0	12.0	32.0	-1.0	13.0	23.0	11.0	12.0	-1.0	-1.0	16.0	5.0	0.0	14.0	8.0	-1.0	-1.0	-1.0	7.0	14.0	24.0	7.0	32.0	-1.0	-1.0	-1.0	-1.0	20.0	-1.0	0.0	-1.0	-1.0	11.0	-1.0	17.0	18.0	0.0	31.0	

distances_centre_w :
-1.0	-1.0	31.0	42.0	47.0	-1.0	-1.0	40.0	-1.0	41.0	21.0	-1.0	-1.0	35.0	-1.0	43.0	44.0	29.0	32.0	31.0	-1.0	-1.0	-1.0	-1.0	38.0	30.0	28.0	-1.0	27.0	31.0	-1.0	-1.0	34.0	50.0	37.0	59.0	36.0	58.0	57.0	29.0	-1.0	23.0	52.0	58.0	14.0	31.0	54.0	-1.0	23.0	56.0	
27.0	41.0	-1.0	42.0	-1.0	-1.0	43.0	-1.0	35.0	41.0	21.0	35.0	35.0	35.0	-1.0	-1.0	-1.0	29.0	32.0	31.0	37.0	-1.0	-1.0	-1.0	38.0	-1.0	28.0	29.0	27.0	-1.0	-1.0	27.0	-1.0	-1.0	46.0	-1.0	36.0	-1.0	57.0	29.0	-1.0	23.0	-1.0	-1.0	14.0	-1.0	30.0	52.0	-1.0	56.0	
27.0	41.0	-1.0	42.0	-1.0	-1.0	-1.0	40.0	-1.0	41.0	21.0	-1.0	35.0	35.0	54.0	-1.0	44.0	29.0	32.0	31.0	37.0	-1.0	35.0	46.0	-1.0	-1.0	-1.0	29.0	27.0	-1.0	16.0	-1.0	-1.0	50.0	46.0	-1.0	36.0	28.0	-1.0	29.0	37.0	23.0	-1.0	-1.0	14.0	-1.0	30.0	52.0	-1.0	44.0	
27.0	-1.0	31.0	42.0	-1.0	19.0	43.0	40.0	35.0	-1.0	21.0	-1.0	35.0	35.0	-1.0	-1.0	-1.0	29.0	32.0	31.0	-1.0	42.0	-1.0	46.0	38.0	30.0	-1.0	-1.0	36.0	-1.0	16.0	27.0	-1.0	-1.0	46.0	-1.0	-1.0	28.0	-1.0	43.0	37.0	23.0	-1.0	-1.0	14.0	-1.0	30.0	52.0	-1.0	44.0	
27.0	41.0	31.0	42.0	-1.0	-1.0	43.0	-1.0	35.0	41.0	-1.0	35.0	35.0	35.0	54.0	-1.0	44.0	29.0	32.0	43.0	-1.0	-1.0	35.0	46.0	38.0	30.0	28.0	-1.0	-1.0	-1.0	16.0	27.0	34.0	50.0	37.0	-1.0	-1.0	-1.0	-1.0	29.0	-1.0	38.0	-1.0	-1.0	14.0	-1.0	50.0	52.0	46.0	44.0	

maxX :
39.0	38.0	34.0	33.0	34.0	

maxW :
59.0	57.0	54.0	52.0	54.0	

minX :
0.0	0.0	0.0	0.0	0.0	

minW :
14.0	14.0	14.0	14.0	14.0	

moyX :
17.12121212121212	15.678571428571429	16.9	15.724137931034482	14.375	

moyW :
38.21212121212121	34.857142857142854	35.03333333333333	33.51724137931034	36.90625	

medX :
15.0	15.0	17.0	15.0	13.5	

medW :
36.0	35.0	35.0	35.0	36.0	

ecartTypeX :
10.797748294331178	10.099694378079578	9.34647883786545	8.846961495627353	9.636356936104017	

ecartTypeW :
11.95384450838985	9.844194393921025	9.850493501455762	9.313026433739417	9.28829698801131	

varX :
116.59136822773188	102.00382653061224	87.35666666666667	78.26872770511297	92.859375	

varW :
142.89439853076217	96.90816326530613	97.0322222222222	86.73246135552913	86.2724609375	

covarX :
120.23484848484847	105.78174603174602	90.36896551724139	81.06403940886699	95.85483870967742	

covarW :
147.3598484848485	100.4973544973545	100.3781609195402	89.83004926108373	89.05544354838709	

coef_variationX :
0.630664944624653	0.644171850993686	0.5530460850807959	0.5626357091517395	0.6703552651202794	

coef_variationW :
0.3128286033123434	0.2824154129403573	0.28117488586457934	0.27785778454572335	0.2516727380324826	

moy_distances_centre :	54.4
min_distances_centre :	23.0
max_distances_centre :	89.0
med_distances_centre :	47.5
ecartType_distances_centre :	19.468949637820735
var_distances_centre :	379.0400000000001
covar_distances_centre :	398.98947368421057
coef_variation_distances_centre :	0.3578851036364106
capacite_X_temoin : 
177.0	163.0	153.0	177.0	156.0	
156.0	171.0	163.0	168.0	175.0	
163.0	177.0	163.0	144.0	135.0	
166.0	154.0	162.0	172.0	157.0	
163.0	156.0	168.0	159.0	177.0	

capacite_W_temoin : 
163.1	145.9	100.9	174.1	113.8	
129.8	165.3	116.9	181.4	156.5	
142.9	164.1	130.9	148.2	92.5	
165.8	153.2	109.6	161.6	117.1	
109.9	160.8	142.4	147.7	160.1	

demande_cumulee_X : 
67.0	66.0	98.0	56.0	89.0	
73.0	57.0	95.0	37.0	71.0	
69.0	66.0	81.0	39.0	83.0	
50.0	47.0	101.0	62.0	87.0	
102.0	42.0	76.0	59.0	70.0	

demande_cumulee_W : 
49.0	29.0	82.0	157.0	59.0	
9.0	45.0	72.0	171.0	36.0	
21.0	37.0	101.0	141.0	38.0	
45.0	30.0	65.0	161.0	46.0	
22.0	44.0	96.0	145.0	42.0	

capacite_residuelle_X : 
110.0	97.0	55.0	121.0	67.0	
83.0	114.0	68.0	131.0	104.0	
94.0	111.0	82.0	105.0	52.0	
116.0	107.0	61.0	110.0	70.0	
61.0	114.0	92.0	100.0	107.0	

capacite_residuelle_W : 
114.1	116.9	18.900000000000006	17.099999999999994	54.8	
120.80000000000001	120.30000000000001	44.900000000000006	10.400000000000006	120.5	
121.9	127.1	29.900000000000006	7.199999999999989	54.5	
120.80000000000001	123.19999999999999	44.599999999999994	0.5999999999999943	71.1	
87.9	116.80000000000001	46.400000000000006	2.6999999999999886	118.1	

min_capacite_X : 
153.0	156.0	135.0	154.0	156.0	

min_capacite_W : 
100.9	116.9	92.5	109.6	109.9	

max_capacite_X : 
177.0	175.0	177.0	172.0	177.0	

max_capacite_W : 
174.1	181.4	164.1	165.8	160.8	

moy_capacite_X : 
165.2	166.6	156.4	162.2	164.6	

moy_capacite_W : 
139.56	149.98	135.71999999999997	141.46	144.18	

med_capacite_X : 
163.0	168.0	163.0	162.0	163.0	

med_capacite_W : 
145.9	156.5	142.9	153.2	147.7	

ecartType_capacite_X : 
10.166612021711067	6.590902821313632	14.987995196156156	6.3999999999999995	7.391887445030531	

ecartType_capacite_W : 
28.09096651950587	23.519982993191128	24.099493770616842	23.42798326787861	18.549113186349366	

var_capacite_X : 
103.35999999999999	43.44	224.64000000000001	40.959999999999994	54.64	

var_capacite_W : 
789.1023999999998	553.1895999999999	580.7855999999999	548.8704000000001	344.0695999999999	

covar_capacite_X : 
129.2	54.3	280.8	51.199999999999996	68.3	

covar_capacite_W : 
986.3779999999997	691.487	725.9819999999999	686.0880000000002	430.08699999999993	

##########	##########	##########	##########	##########	##########	##########	##########	##########	##########	##########	##########	##########	##########	##########	##########	##########	##########	##########	##########	##########	##########	##########	##########	##########	##########	##########	##########	##########	##########	##########	##########	##########	##########	##########	##########	##########	##########	##########	##########	##########	##########	##########	##########	##########	##########	##########	##########	##########	##########	nombre de noeuds : 50
nombre de strates : 5
nombre de centres : 5
titre : intelligent
instances : p6_2
temps de calcul : 0.04185605049133301
valeur objective : 485.0
nombre de solutions : 3
nombre de noeuds : 1.0
faisability : True
centre : [9, 41, 24, 48, 39]
moy_distances :	51.41
min_distances :	1.0
max_distances :	115.0
var_distances :	573.5828498125782
covar_distances :	573.8170608578263
ecartType_distances :	23.949589762928678
coef_variation	: 0.4658269551068994
distances_centre_x :
-1.0	-1.0	13.0	18.0	32.0	-1.0	-1.0	23.0	-1.0	0.0	9.0	-1.0	-1.0	12.0	-1.0	8.0	13.0	23.0	18.0	12.0	-1.0	-1.0	-1.0	-1.0	0.0	14.0	8.0	-1.0	15.0	12.0	-1.0	-1.0	24.0	36.0	32.0	39.0	21.0	17.0	38.0	0.0	-1.0	0.0	26.0	47.0	11.0	13.0	12.0	-1.0	0.0	31.0	
18.0	41.0	-1.0	18.0	-1.0	-1.0	29.0	-1.0	32.0	0.0	9.0	19.0	25.0	12.0	-1.0	-1.0	-1.0	23.0	18.0	12.0	21.0	-1.0	-1.0	-1.0	0.0	-1.0	8.0	6.0	15.0	-1.0	-1.0	14.0	-1.0	-1.0	32.0	-1.0	21.0	-1.0	38.0	0.0	-1.0	0.0	-1.0	-1.0	11.0	-1.0	12.0	18.0	-1.0	31.0	
18.0	41.0	-1.0	18.0	-1.0	-1.0	-1.0	23.0	-1.0	0.0	9.0	-1.0	25.0	12.0	32.0	-1.0	13.0	23.0	18.0	12.0	21.0	-1.0	33.0	33.0	-1.0	-1.0	-1.0	6.0	15.0	-1.0	7.0	-1.0	-1.0	36.0	32.0	-1.0	36.0	17.0	-1.0	0.0	33.0	0.0	-1.0	-1.0	11.0	-1.0	12.0	18.0	-1.0	31.0	
18.0	-1.0	13.0	18.0	-1.0	14.0	29.0	23.0	32.0	-1.0	9.0	-1.0	25.0	12.0	-1.0	-1.0	-1.0	23.0	18.0	12.0	-1.0	20.0	-1.0	33.0	0.0	14.0	-1.0	-1.0	15.0	-1.0	7.0	14.0	-1.0	-1.0	32.0	-1.0	-1.0	17.0	-1.0	0.0	33.0	0.0	-1.0	-1.0	11.0	-1.0	12.0	18.0	-1.0	31.0	
18.0	41.0	13.0	18.0	-1.0	-1.0	29.0	-1.0	32.0	0.0	-1.0	19.0	25.0	12.0	32.0	-1.0	13.0	23.0	18.0	12.0	-1.0	-1.0	33.0	33.0	0.0	14.0	8.0	-1.0	-1.0	-1.0	7.0	14.0	24.0	36.0	32.0	-1.0	-1.0	-1.0	-1.0	0.0	-1.0	0.0	-1.0	-1.0	14.0	-1.0	12.0	18.0	0.0	31.0	

distances_centre_w :
-1.0	-1.0	15.0	42.0	47.0	-1.0	-1.0	51.0	-1.0	41.0	21.0	-1.0	-1.0	35.0	-1.0	36.0	44.0	28.0	32.0	31.0	-1.0	-1.0	-1.0	-1.0	38.0	30.0	15.0	-1.0	43.0	31.0	-1.0	-1.0	34.0	50.0	37.0	59.0	36.0	55.0	57.0	20.0	-1.0	20.0	30.0	58.0	14.0	31.0	30.0	-1.0	23.0	44.0	
27.0	57.0	-1.0	42.0	-1.0	-1.0	43.0	-1.0	40.0	41.0	21.0	35.0	35.0	35.0	-1.0	-1.0	-1.0	28.0	32.0	31.0	37.0	-1.0	-1.0	-1.0	38.0	-1.0	15.0	14.0	27.0	-1.0	-1.0	27.0	-1.0	-1.0	46.0	-1.0	36.0	-1.0	57.0	43.0	-1.0	20.0	-1.0	-1.0	14.0	-1.0	30.0	52.0	-1.0	44.0	
27.0	57.0	-1.0	42.0	-1.0	-1.0	-1.0	51.0	-1.0	41.0	21.0	-1.0	35.0	35.0	54.0	-1.0	44.0	28.0	32.0	31.0	37.0	-1.0	35.0	46.0	-1.0	-1.0	-1.0	14.0	56.0	-1.0	16.0	-1.0	-1.0	53.0	46.0	-1.0	53.0	28.0	-1.0	43.0	37.0	23.0	-1.0	-1.0	28.0	-1.0	30.0	52.0	-1.0	44.0	
41.0	-1.0	15.0	42.0	-1.0	19.0	43.0	51.0	35.0	-1.0	21.0	-1.0	35.0	35.0	-1.0	-1.0	-1.0	28.0	32.0	52.0	-1.0	42.0	-1.0	48.0	38.0	30.0	-1.0	-1.0	27.0	-1.0	16.0	27.0	-1.0	-1.0	46.0	-1.0	-1.0	28.0	-1.0	20.0	37.0	20.0	-1.0	-1.0	14.0	-1.0	30.0	52.0	-1.0	44.0	
27.0	57.0	15.0	42.0	-1.0	-1.0	43.0	-1.0	35.0	41.0	-1.0	35.0	35.0	35.0	54.0	-1.0	44.0	28.0	32.0	31.0	-1.0	-1.0	35.0	48.0	38.0	30.0	15.0	-1.0	-1.0	-1.0	16.0	27.0	34.0	53.0	37.0	-1.0	-1.0	-1.0	-1.0	20.0	-1.0	20.0	-1.0	-1.0	28.0	-1.0	30.0	52.0	46.0	44.0	

maxX :
47.0	41.0	41.0	33.0	41.0	

maxW :
59.0	57.0	57.0	52.0	57.0	

minX :
0.0	0.0	0.0	0.0	0.0	

minW :
14.0	14.0	14.0	14.0	15.0	

moyX :
17.484848484848484	17.25	19.5	17.344827586206897	18.15625	

moyW :
35.696969696969695	34.535714285714285	37.96666666666667	33.37931034482759	35.21875	

medX :
14.0	18.0	18.0	17.0	18.0	

medW :
35.0	35.0	37.0	35.0	35.0	

ecartTypeX :
12.200648795766938	11.166355717063647	11.494201436666518	9.534966003841411	11.643424579456854	

ecartTypeW :
12.476608048384831	11.493731654555834	11.80249502812388	11.339323683242368	11.157212843604805	

varX :
148.85583103764924	124.6875	132.11666666666667	90.91557669441144	135.5693359375	

varW :
155.66574839302112	132.1058673469388	139.2988888888889	128.58026159334125	124.4833984375	

covarX :
153.50757575757578	129.30555555555554	136.67241379310346	94.16256157635469	139.94254032258064	

covarW :
160.53030303030303	136.99867724867724	144.10229885057475	133.17241379310346	128.49899193548387	

coef_variationX :
0.6977840732414367	0.6473249691051389	0.5894462275213599	0.5497296503208766	0.6412901661662983	

coef_variationW :
0.34951448692419307	0.332807121331503	0.31086466272494856	0.3397111434029222	0.31679752528425353	

moy_distances_centre :	49.6
min_distances_centre :	20.0
max_distances_centre :	89.0
med_distances_centre :	44.5
ecartType_distances_centre :	21.439216403590873
var_distances_centre :	459.64
covar_distances_centre :	483.83157894736837
coef_variation_distances_centre :	0.43224226620142886
capacite_X_temoin : 
163.0	153.0	177.0	177.0	156.0	
171.0	163.0	159.0	168.0	175.0	
177.0	163.0	157.0	144.0	135.0	
154.0	162.0	151.0	172.0	157.0	
156.0	168.0	153.0	159.0	177.0	

capacite_W_temoin : 
145.9	83.9	171.1	183.1	113.8	
165.3	107.9	141.7	182.4	156.5	
164.1	121.9	143.1	143.2	98.5	
153.2	109.6	146.3	161.6	117.1	
160.8	133.4	104.9	156.7	152.1	

demande_cumulee_X : 
66.0	115.0	59.0	47.0	89.0	
57.0	104.0	65.0	36.0	71.0	
66.0	90.0	61.0	44.0	77.0	
47.0	101.0	50.0	62.0	87.0	
42.0	85.0	94.0	50.0	78.0	

demande_cumulee_W : 
50.0	82.0	47.0	159.0	38.0	
53.0	57.0	37.0	177.0	9.0	
51.0	100.0	35.0	139.0	13.0	
30.0	71.0	53.0	161.0	32.0	
34.0	87.0	55.0	145.0	28.0	

capacite_residuelle_X : 
97.0	38.0	118.0	130.0	67.0	
114.0	59.0	94.0	132.0	104.0	
111.0	73.0	96.0	100.0	58.0	
107.0	61.0	101.0	110.0	70.0	
114.0	83.0	59.0	109.0	99.0	

capacite_residuelle_W : 
95.9	1.9000000000000057	124.1	24.099999999999994	75.8	
112.30000000000001	50.900000000000006	104.69999999999999	5.400000000000006	147.5	
113.1	21.900000000000006	108.1	4.199999999999989	85.5	
123.19999999999999	38.599999999999994	93.30000000000001	0.5999999999999943	85.1	
126.80000000000001	46.400000000000006	49.900000000000006	11.699999999999989	124.1	

min_capacite_X : 
153.0	159.0	135.0	151.0	153.0	

min_capacite_W : 
83.9	107.9	98.5	109.6	104.9	

max_capacite_X : 
177.0	175.0	177.0	172.0	177.0	

max_capacite_W : 
183.1	182.4	164.1	161.6	160.8	

moy_capacite_X : 
165.2	167.2	155.2	159.2	162.6	

moy_capacite_W : 
139.56	150.76000000000002	134.16	137.56	141.57999999999998	

med_capacite_X : 
163.0	168.0	157.0	157.0	159.0	

med_capacite_W : 
145.9	156.5	143.1	146.3	152.1	

ecartType_capacite_X : 
10.166612021711067	5.67097875150313	14.647866738880444	7.35934779718964	8.777243302996675	

ecartType_capacite_W : 
36.5850023916905	25.157551550180713	22.27102153023071	20.490446554431166	20.596252086241318	

var_capacite_X : 
103.35999999999999	32.16	214.56	54.160000000000004	77.03999999999999	

var_capacite_W : 
1338.4624	632.9024000000001	495.99839999999983	419.8584000000001	424.2055999999999	

covar_capacite_X : 
129.2	40.199999999999996	268.2	67.7	96.3	

covar_capacite_W : 
1673.0779999999997	791.128	619.9979999999998	524.8230000000001	530.2569999999998	

##########	##########	##########	##########	##########	##########	##########	##########	##########	##########	##########	##########	##########	##########	##########	##########	##########	##########	##########	##########	##########	##########	##########	##########	##########	##########	##########	##########	##########	##########	##########	##########	##########	##########	##########	##########	##########	##########	##########	##########	##########	##########	##########	##########	##########	##########	##########	##########	##########	##########	nombre de noeuds : 50
nombre de strates : 5
nombre de centres : 5
titre : intelligent
instances : p6_2
temps de calcul : 0.03591203689575195
valeur objective : 650.0
nombre de solutions : 3
nombre de noeuds : 1.0
faisability : True
centre : [41, 24, 48, 39, 33]
moy_distances :	51.41
min_distances :	1.0
max_distances :	115.0
var_distances :	573.5828498125782
covar_distances :	573.8170608578263
ecartType_distances :	23.949589762928678
coef_variation	: 0.4658269551068994
distances_centre_x :
-1.0	-1.0	13.0	18.0	47.0	-1.0	-1.0	23.0	-1.0	41.0	9.0	-1.0	-1.0	12.0	-1.0	8.0	13.0	23.0	18.0	12.0	-1.0	-1.0	-1.0	-1.0	0.0	14.0	8.0	-1.0	34.0	12.0	-1.0	-1.0	24.0	0.0	32.0	39.0	36.0	55.0	57.0	0.0	-1.0	20.0	30.0	11.0	11.0	31.0	12.0	-1.0	0.0	31.0	
18.0	32.0	-1.0	18.0	-1.0	-1.0	7.0	-1.0	18.0	41.0	9.0	17.0	35.0	12.0	-1.0	-1.0	-1.0	23.0	18.0	31.0	21.0	-1.0	-1.0	-1.0	0.0	-1.0	8.0	14.0	15.0	-1.0	-1.0	14.0	-1.0	-1.0	32.0	-1.0	21.0	-1.0	57.0	0.0	-1.0	0.0	-1.0	-1.0	11.0	-1.0	12.0	52.0	-1.0	31.0	
18.0	32.0	-1.0	18.0	-1.0	-1.0	-1.0	23.0	-1.0	41.0	9.0	-1.0	35.0	12.0	54.0	-1.0	13.0	23.0	18.0	12.0	21.0	-1.0	18.0	5.0	-1.0	-1.0	-1.0	6.0	15.0	-1.0	7.0	-1.0	-1.0	0.0	32.0	-1.0	36.0	28.0	-1.0	0.0	33.0	0.0	-1.0	-1.0	11.0	-1.0	12.0	52.0	-1.0	31.0	
18.0	-1.0	13.0	18.0	-1.0	14.0	7.0	23.0	32.0	-1.0	9.0	-1.0	35.0	12.0	-1.0	-1.0	-1.0	23.0	18.0	12.0	-1.0	20.0	-1.0	5.0	0.0	14.0	-1.0	-1.0	15.0	-1.0	7.0	14.0	-1.0	-1.0	32.0	-1.0	-1.0	28.0	-1.0	0.0	33.0	0.0	-1.0	-1.0	11.0	-1.0	12.0	52.0	-1.0	31.0	
18.0	32.0	13.0	18.0	-1.0	-1.0	7.0	-1.0	18.0	41.0	-1.0	17.0	35.0	12.0	54.0	-1.0	13.0	23.0	18.0	12.0	-1.0	-1.0	18.0	5.0	0.0	14.0	8.0	-1.0	-1.0	-1.0	7.0	14.0	24.0	0.0	32.0	-1.0	-1.0	-1.0	-1.0	0.0	-1.0	0.0	-1.0	-1.0	11.0	-1.0	12.0	52.0	0.0	31.0	

distances_centre_w :
-1.0	-1.0	15.0	42.0	84.0	-1.0	-1.0	41.0	-1.0	75.0	21.0	-1.0	-1.0	35.0	-1.0	39.0	46.0	64.0	56.0	31.0	-1.0	-1.0	-1.0	-1.0	38.0	30.0	15.0	-1.0	43.0	50.0	-1.0	-1.0	34.0	36.0	37.0	59.0	56.0	82.0	61.0	20.0	-1.0	23.0	52.0	47.0	14.0	60.0	24.0	-1.0	23.0	57.0	
27.0	41.0	-1.0	42.0	-1.0	-1.0	29.0	-1.0	32.0	73.0	21.0	19.0	73.0	35.0	-1.0	-1.0	-1.0	28.0	18.0	43.0	57.0	-1.0	-1.0	-1.0	38.0	-1.0	15.0	29.0	43.0	-1.0	-1.0	49.0	-1.0	-1.0	37.0	-1.0	38.0	-1.0	61.0	36.0	-1.0	20.0	-1.0	-1.0	28.0	-1.0	24.0	72.0	-1.0	57.0	
27.0	41.0	-1.0	42.0	-1.0	-1.0	-1.0	41.0	-1.0	73.0	21.0	-1.0	73.0	53.0	63.0	-1.0	47.0	28.0	18.0	31.0	57.0	-1.0	33.0	33.0	-1.0	-1.0	-1.0	14.0	27.0	-1.0	16.0	-1.0	-1.0	36.0	37.0	-1.0	56.0	55.0	-1.0	20.0	37.0	20.0	-1.0	-1.0	14.0	-1.0	24.0	72.0	-1.0	57.0	
27.0	-1.0	15.0	42.0	-1.0	19.0	29.0	41.0	61.0	-1.0	21.0	-1.0	73.0	35.0	-1.0	-1.0	-1.0	28.0	18.0	31.0	-1.0	42.0	-1.0	33.0	38.0	36.0	-1.0	-1.0	34.0	-1.0	16.0	49.0	-1.0	-1.0	37.0	-1.0	-1.0	55.0	-1.0	20.0	37.0	20.0	-1.0	-1.0	14.0	-1.0	50.0	72.0	-1.0	57.0	
27.0	41.0	15.0	42.0	-1.0	-1.0	29.0	-1.0	61.0	73.0	-1.0	19.0	73.0	35.0	63.0	-1.0	46.0	28.0	18.0	31.0	-1.0	-1.0	33.0	33.0	38.0	30.0	15.0	-1.0	-1.0	-1.0	16.0	49.0	34.0	36.0	37.0	-1.0	-1.0	-1.0	-1.0	20.0	-1.0	38.0	-1.0	-1.0	14.0	-1.0	24.0	72.0	23.0	57.0	

maxX :
57.0	57.0	54.0	52.0	54.0	

maxW :
84.0	73.0	73.0	73.0	73.0	

minX :
0.0	0.0	0.0	0.0	0.0	

minW :
14.0	15.0	14.0	14.0	14.0	

moyX :
21.03030303030303	20.25	20.5	17.517241379310345	17.46875	

moyW :
42.72727272727273	38.75	38.86666666666667	36.206896551724135	36.5625	

medX :
18.0	18.0	18.0	14.0	14.0	

medW :
41.0	36.5	36.5	35.0	33.5	

ecartTypeX :
15.206627041154745	14.095655359010449	14.176859078559444	11.863071328940457	13.97986135258501	

ecartTypeW :
18.581960504703133	16.5499784203571	17.794630900608446	16.046009946282442	17.124429735030596	

varX :
231.2415059687787	198.6875	200.98333333333332	140.7324613555291	195.4365234375	

varW :
345.2892561983472	273.9017857142857	316.6488888888889	257.47443519619503	293.24609375	

covarX :
238.46780303030303	206.04629629629628	207.91379310344828	145.75862068965517	201.74092741935485	

covarW :
356.0795454545455	284.0462962962963	327.5678160919541	266.6699507389162	302.7056451612903	

coef_variationX :
0.7230816892768106	0.6960817461239728	0.6915541013931435	0.6772225758647111	0.8002782885200721	

coef_variationW :
0.43489694798241374	0.42709621729953806	0.4578378447840938	0.44317551280208656	0.46836047138545217	

moy_distances_centre :	43.1
min_distances_centre :	20.0
max_distances_centre :	74.0
med_distances_centre :	44.5
ecartType_distances_centre :	14.652303573158727
var_distances_centre :	214.69
covar_distances_centre :	225.98947368421048
coef_variation_distances_centre :	0.33996063974846236
capacite_X_temoin : 
153.0	157.0	177.0	177.0	156.0	
163.0	148.0	159.0	168.0	175.0	
163.0	153.0	157.0	144.0	135.0	
162.0	172.0	151.0	172.0	157.0	
168.0	157.0	153.0	159.0	177.0	

capacite_W_temoin : 
55.9	157.1	200.1	177.1	99.8	
59.9	130.4	189.7	185.4	158.5	
64.9	140.9	192.1	143.2	98.5	
62.6	190.6	179.3	161.6	117.1	
100.4	113.1	186.9	148.7	160.1	

demande_cumulee_X : 
143.0	47.0	30.0	53.0	103.0	
152.0	62.0	17.0	33.0	69.0	
147.0	58.0	12.0	44.0	77.0	
148.0	33.0	17.0	62.0	87.0	
118.0	91.0	12.0	58.0	70.0	

demande_cumulee_W : 
21.0	77.0	56.0	124.0	98.0	
17.0	41.0	84.0	106.0	85.0	
20.0	68.0	79.0	73.0	98.0	
22.0	29.0	82.0	116.0	98.0	
10.0	19.0	112.0	126.0	82.0	

capacite_residuelle_X : 
10.0	110.0	147.0	124.0	53.0	
11.0	86.0	142.0	135.0	106.0	
16.0	95.0	145.0	100.0	58.0	
14.0	139.0	134.0	110.0	70.0	
50.0	66.0	141.0	101.0	107.0	

capacite_residuelle_W : 
34.9	80.1	144.1	53.099999999999994	1.7999999999999972	
42.9	89.4	105.69999999999999	79.4	73.5	
44.900000000000006	72.9	113.1	70.19999999999999	0.5	
40.6	161.6	97.30000000000001	45.599999999999994	19.099999999999994	
90.4	94.1	74.9	22.69999999999999	78.1	

min_capacite_X : 
153.0	148.0	135.0	151.0	153.0	

min_capacite_W : 
55.9	59.9	64.9	62.6	100.4	

max_capacite_X : 
177.0	175.0	163.0	172.0	177.0	

max_capacite_W : 
200.1	189.7	192.1	190.6	186.9	

moy_capacite_X : 
164.0	162.6	150.4	162.8	162.8	

moy_capacite_W : 
138.0	144.78	127.91999999999999	142.24	141.83999999999997	

med_capacite_X : 
157.0	163.0	153.0	162.0	159.0	

med_capacite_W : 
157.1	158.5	140.9	161.6	148.7	

ecartType_capacite_X : 
10.69579356569675	9.046546302318912	9.871170143402452	8.28009661779378	8.63481325796916	

ecartType_capacite_W : 
52.81984475554618	47.470892134022506	43.2621959683047	47.03507627292636	31.477458601354716	

var_capacite_X : 
114.4	81.83999999999999	97.43999999999998	68.55999999999999	74.55999999999999	

var_capacite_W : 
2789.9359999999992	2253.4855999999995	1871.6175999999996	2212.2984000000006	990.8304	

covar_capacite_X : 
143.0	102.29999999999998	121.79999999999998	85.69999999999999	93.19999999999999	

covar_capacite_W : 
3487.419999999999	2816.8569999999995	2339.5219999999995	2765.3730000000005	1238.538	

##########	##########	##########	##########	##########	##########	##########	##########	##########	##########	##########	##########	##########	##########	##########	##########	##########	##########	##########	##########	##########	##########	##########	##########	##########	##########	##########	##########	##########	##########	##########	##########	##########	##########	##########	##########	##########	##########	##########	##########	##########	##########	##########	##########	##########	##########	##########	##########	##########	##########	nombre de noeuds : 50
nombre de strates : 5
nombre de centres : 5
titre : intelligent
instances : p6_2
temps de calcul : 0.03788590431213379
valeur objective : 638.0
nombre de solutions : 3
nombre de noeuds : 1.0
faisability : True
centre : [41, 24, 48, 39, 22]
moy_distances :	51.41
min_distances :	1.0
max_distances :	115.0
var_distances :	573.5828498125782
covar_distances :	573.8170608578263
ecartType_distances :	23.949589762928678
coef_variation	: 0.4658269551068994
distances_centre_x :
-1.0	-1.0	13.0	18.0	47.0	-1.0	-1.0	23.0	-1.0	41.0	9.0	-1.0	-1.0	12.0	-1.0	39.0	51.0	23.0	17.0	12.0	-1.0	-1.0	-1.0	-1.0	0.0	14.0	8.0	-1.0	23.0	12.0	-1.0	-1.0	24.0	18.0	32.0	39.0	36.0	28.0	57.0	0.0	-1.0	0.0	11.0	23.0	14.0	31.0	12.0	-1.0	0.0	31.0	
18.0	23.0	-1.0	18.0	-1.0	-1.0	16.0	-1.0	1.0	41.0	9.0	19.0	35.0	12.0	-1.0	-1.0	-1.0	23.0	17.0	12.0	21.0	-1.0	-1.0	-1.0	0.0	-1.0	8.0	6.0	15.0	-1.0	-1.0	14.0	-1.0	-1.0	32.0	-1.0	36.0	-1.0	57.0	0.0	-1.0	0.0	-1.0	-1.0	28.0	-1.0	12.0	52.0	-1.0	31.0	
18.0	23.0	-1.0	18.0	-1.0	-1.0	-1.0	23.0	-1.0	41.0	9.0	-1.0	35.0	12.0	54.0	-1.0	13.0	23.0	17.0	12.0	21.0	-1.0	0.0	13.0	-1.0	-1.0	-1.0	6.0	15.0	-1.0	7.0	-1.0	-1.0	18.0	32.0	-1.0	38.0	28.0	-1.0	0.0	33.0	0.0	-1.0	-1.0	14.0	-1.0	12.0	52.0	-1.0	31.0	
18.0	-1.0	13.0	18.0	-1.0	14.0	16.0	23.0	1.0	-1.0	9.0	-1.0	35.0	12.0	-1.0	-1.0	-1.0	23.0	17.0	12.0	-1.0	20.0	-1.0	13.0	0.0	14.0	-1.0	-1.0	15.0	-1.0	7.0	14.0	-1.0	-1.0	32.0	-1.0	-1.0	28.0	-1.0	0.0	33.0	0.0	-1.0	-1.0	11.0	-1.0	12.0	52.0	-1.0	31.0	
18.0	23.0	13.0	18.0	-1.0	-1.0	43.0	-1.0	1.0	41.0	-1.0	19.0	35.0	35.0	54.0	-1.0	13.0	23.0	17.0	12.0	-1.0	-1.0	0.0	13.0	0.0	14.0	8.0	-1.0	-1.0	-1.0	7.0	14.0	24.0	18.0	32.0	-1.0	-1.0	-1.0	-1.0	0.0	-1.0	0.0	-1.0	-1.0	14.0	-1.0	12.0	52.0	0.0	31.0	

distances_centre_w :
-1.0	-1.0	15.0	42.0	67.0	-1.0	-1.0	24.0	-1.0	73.0	21.0	-1.0	-1.0	35.0	-1.0	53.0	58.0	59.0	18.0	43.0	-1.0	-1.0	-1.0	-1.0	35.0	21.0	15.0	-1.0	43.0	42.0	-1.0	-1.0	34.0	36.0	37.0	59.0	38.0	55.0	61.0	20.0	-1.0	20.0	26.0	47.0	28.0	60.0	26.0	-1.0	23.0	66.0	
27.0	41.0	-1.0	42.0	-1.0	-1.0	29.0	-1.0	35.0	73.0	21.0	20.0	58.0	35.0	-1.0	-1.0	-1.0	28.0	18.0	31.0	40.0	-1.0	-1.0	-1.0	35.0	-1.0	15.0	42.0	23.0	-1.0	-1.0	48.0	-1.0	-1.0	37.0	-1.0	38.0	-1.0	61.0	20.0	-1.0	20.0	-1.0	-1.0	45.0	-1.0	26.0	72.0	-1.0	41.0	
27.0	41.0	-1.0	42.0	-1.0	-1.0	-1.0	24.0	-1.0	73.0	21.0	-1.0	58.0	35.0	63.0	-1.0	28.0	28.0	18.0	52.0	40.0	-1.0	33.0	33.0	-1.0	-1.0	-1.0	29.0	27.0	-1.0	16.0	-1.0	-1.0	36.0	37.0	-1.0	56.0	55.0	-1.0	20.0	37.0	20.0	-1.0	-1.0	28.0	-1.0	26.0	72.0	-1.0	41.0	
27.0	-1.0	15.0	42.0	-1.0	19.0	29.0	24.0	35.0	-1.0	21.0	-1.0	58.0	35.0	-1.0	-1.0	-1.0	28.0	18.0	31.0	-1.0	42.0	-1.0	33.0	35.0	30.0	-1.0	-1.0	27.0	-1.0	16.0	48.0	-1.0	-1.0	37.0	-1.0	-1.0	55.0	-1.0	20.0	37.0	41.0	-1.0	-1.0	52.0	-1.0	50.0	72.0	-1.0	41.0	
27.0	41.0	15.0	42.0	-1.0	-1.0	49.0	-1.0	32.0	73.0	-1.0	20.0	58.0	53.0	63.0	-1.0	28.0	28.0	18.0	52.0	-1.0	-1.0	33.0	33.0	35.0	21.0	15.0	-1.0	-1.0	-1.0	16.0	48.0	34.0	36.0	37.0	-1.0	-1.0	-1.0	-1.0	33.0	-1.0	20.0	-1.0	-1.0	45.0	-1.0	26.0	72.0	43.0	41.0	

maxX :
57.0	57.0	54.0	52.0	54.0	

maxW :
73.0	73.0	73.0	72.0	73.0	

minX :
0.0	0.0	0.0	0.0	0.0	

minW :
15.0	15.0	16.0	15.0	15.0	

moyX :
21.757575757575758	19.857142857142858	20.6	17.0	18.875	

moyW :
39.39393939393939	36.464285714285715	37.2	35.10344827586207	37.09375	

medX :
18.0	17.5	18.0	14.0	15.5	

medW :
37.0	35.0	34.0	35.0	34.5	

ecartTypeX :
14.789493205467313	14.603605928757766	13.836184445142381	11.584770025845318	14.724023736737182	

ecartTypeW :
16.77830380046116	15.100809209294388	15.365328936711162	13.473715990481328	15.425950892489578	

varX :
218.72910927456383	213.26530612244895	191.44	134.20689655172413	216.796875	

varW :
281.51147842056935	228.03443877551018	236.09333333333336	181.54102259215222	237.9599609375	

covarX :
225.56439393939394	221.16402116402114	198.04137931034484	139.0	223.79032258064515	

covarW :
290.3087121212121	236.48015873015873	244.2344827586207	188.02463054187191	245.6360887096774	

coef_variationX :
0.6797399384128431	0.7354333920957148	0.6716594390845816	0.6814570603438422	0.7800807277741554	

coef_variationW :
0.4259107887809372	0.4141260116163005	0.41304647679331075	0.3838288445225525	0.415863882527099	

moy_distances_centre :	38.9
min_distances_centre :	20.0
max_distances_centre :	62.0
med_distances_centre :	39.5
ecartType_distances_centre :	11.614215427655886
var_distances_centre :	134.89
covar_distances_centre :	141.9894736842105
coef_variation_distances_centre :	0.2985659492970665
capacite_X_temoin : 
171.0	153.0	177.0	177.0	156.0	
138.0	163.0	159.0	168.0	175.0	
135.0	163.0	157.0	144.0	135.0	
162.0	162.0	151.0	172.0	157.0	
145.0	168.0	153.0	159.0	177.0	

capacite_W_temoin : 
158.3	48.9	212.1	177.1	111.8	
135.4	59.9	168.7	184.4	162.5	
117.5	58.9	192.1	157.2	90.5	
171.6	62.6	185.3	161.6	117.1	
120.5	100.4	169.9	145.7	157.1	

demande_cumulee_X : 
64.0	150.0	18.0	53.0	91.0	
44.0	152.0	38.0	34.0	65.0	
58.0	153.0	12.0	30.0	85.0	
39.0	148.0	11.0	62.0	87.0	
68.0	118.0	29.0	61.0	73.0	

demande_cumulee_W : 
97.0	39.0	91.0	67.0	82.0	
114.0	34.0	52.0	66.0	67.0	
77.0	20.0	79.0	73.0	89.0	
79.0	28.0	62.0	95.0	83.0	
92.0	23.0	111.0	56.0	67.0	

capacite_residuelle_X : 
107.0	3.0	159.0	124.0	65.0	
94.0	11.0	121.0	134.0	110.0	
77.0	10.0	145.0	114.0	50.0	
123.0	14.0	140.0	110.0	70.0	
77.0	50.0	124.0	98.0	104.0	

capacite_residuelle_W : 
61.30000000000001	9.899999999999999	121.1	110.1	29.799999999999997	
21.400000000000006	25.9	116.69999999999999	118.4	95.5	
40.5	38.9	113.1	84.19999999999999	1.5	
92.6	34.6	123.30000000000001	66.6	34.099999999999994	
28.5	77.4	58.900000000000006	89.69999999999999	90.1	

min_capacite_X : 
153.0	138.0	135.0	151.0	145.0	

min_capacite_W : 
48.9	59.9	58.9	62.6	100.4	

max_capacite_X : 
177.0	175.0	163.0	172.0	177.0	

max_capacite_W : 
212.1	184.4	192.1	185.3	169.9	

moy_capacite_X : 
166.8	160.6	146.8	160.8	160.4	

moy_capacite_W : 
141.64	142.18	123.24000000000001	139.64000000000001	138.72	

med_capacite_X : 
171.0	163.0	144.0	162.0	159.0	

med_capacite_W : 
158.3	162.5	117.5	161.6	145.7	

ecartType_capacite_X : 
10.322790320451151	12.499599993599794	11.42628548566856	6.910861017268398	11.200000000000001	

ecartType_capacite_W : 
56.55212109196259	44.07881123623911	47.200576267668595	44.792258259659114	25.136141310869494	

var_capacite_X : 
106.55999999999999	156.23999999999998	130.56	47.76	125.44000000000001	

var_capacite_W : 
3198.1423999999997	1942.9415999999997	2227.8943999999997	2006.3464000000004	631.8255999999999	

covar_capacite_X : 
133.2	195.29999999999998	163.2	59.699999999999996	156.8	

covar_capacite_W : 
3997.6779999999994	2428.6769999999997	2784.8679999999995	2507.9330000000004	789.7819999999999	

##########	##########	##########	##########	##########	##########	##########	##########	##########	##########	##########	##########	##########	##########	##########	##########	##########	##########	##########	##########	##########	##########	##########	##########	##########	##########	##########	##########	##########	##########	##########	##########	##########	##########	##########	##########	##########	##########	##########	##########	##########	##########	##########	##########	##########	##########	##########	##########	##########	##########	nombre de noeuds : 50
nombre de strates : 5
nombre de centres : 5
titre : intelligent
instances : p6_2
temps de calcul : 0.03851604461669922
valeur objective : 638.0
nombre de solutions : 3
nombre de noeuds : 1.0
faisability : True
centre : [41, 24, 48, 22, 13]
moy_distances :	51.41
min_distances :	1.0
max_distances :	115.0
var_distances :	573.5828498125782
covar_distances :	573.8170608578263
ecartType_distances :	23.949589762928678
coef_variation	: 0.4658269551068994
distances_centre_x :
-1.0	-1.0	13.0	8.0	47.0	-1.0	-1.0	23.0	-1.0	41.0	9.0	-1.0	-1.0	12.0	-1.0	39.0	28.0	23.0	17.0	15.0	-1.0	-1.0	-1.0	-1.0	0.0	14.0	8.0	-1.0	23.0	12.0	-1.0	-1.0	22.0	50.0	32.0	35.0	21.0	28.0	57.0	20.0	-1.0	0.0	11.0	23.0	11.0	31.0	26.0	-1.0	0.0	31.0	
18.0	23.0	-1.0	8.0	-1.0	-1.0	16.0	-1.0	1.0	41.0	9.0	20.0	35.0	0.0	-1.0	-1.0	-1.0	23.0	17.0	12.0	21.0	-1.0	-1.0	-1.0	0.0	-1.0	8.0	6.0	27.0	-1.0	-1.0	14.0	-1.0	-1.0	32.0	-1.0	21.0	-1.0	57.0	20.0	-1.0	0.0	-1.0	-1.0	11.0	-1.0	26.0	52.0	-1.0	31.0	
18.0	23.0	-1.0	8.0	-1.0	-1.0	-1.0	23.0	-1.0	41.0	9.0	-1.0	35.0	0.0	54.0	-1.0	13.0	23.0	17.0	15.0	21.0	-1.0	0.0	13.0	-1.0	-1.0	-1.0	6.0	15.0	-1.0	7.0	-1.0	-1.0	18.0	32.0	-1.0	21.0	28.0	-1.0	20.0	33.0	0.0	-1.0	-1.0	11.0	-1.0	26.0	52.0	-1.0	41.0	
18.0	-1.0	13.0	8.0	-1.0	14.0	16.0	23.0	1.0	-1.0	9.0	-1.0	35.0	12.0	-1.0	-1.0	-1.0	23.0	17.0	15.0	-1.0	16.0	-1.0	13.0	0.0	14.0	-1.0	-1.0	43.0	-1.0	7.0	14.0	-1.0	-1.0	32.0	-1.0	-1.0	28.0	-1.0	20.0	33.0	0.0	-1.0	-1.0	11.0	-1.0	30.0	52.0	-1.0	31.0	
18.0	23.0	13.0	8.0	-1.0	-1.0	16.0	-1.0	1.0	41.0	-1.0	20.0	35.0	0.0	54.0	-1.0	28.0	23.0	17.0	12.0	-1.0	-1.0	0.0	13.0	0.0	14.0	8.0	-1.0	-1.0	-1.0	7.0	14.0	22.0	18.0	32.0	-1.0	-1.0	-1.0	-1.0	20.0	-1.0	23.0	-1.0	-1.0	14.0	-1.0	26.0	52.0	0.0	41.0	

distances_centre_w :
-1.0	-1.0	28.0	18.0	67.0	-1.0	-1.0	24.0	-1.0	73.0	15.0	-1.0	-1.0	35.0	-1.0	43.0	46.0	29.0	68.0	31.0	-1.0	-1.0	-1.0	-1.0	35.0	21.0	28.0	-1.0	55.0	42.0	-1.0	-1.0	24.0	53.0	37.0	39.0	38.0	55.0	61.0	33.0	-1.0	23.0	64.0	61.0	14.0	60.0	30.0	-1.0	12.0	66.0	
18.0	41.0	-1.0	18.0	-1.0	-1.0	43.0	-1.0	35.0	73.0	15.0	35.0	73.0	12.0	-1.0	-1.0	-1.0	29.0	32.0	31.0	40.0	-1.0	-1.0	-1.0	35.0	-1.0	28.0	29.0	43.0	-1.0	-1.0	48.0	-1.0	-1.0	37.0	-1.0	64.0	-1.0	61.0	33.0	-1.0	23.0	-1.0	-1.0	14.0	-1.0	30.0	72.0	-1.0	41.0	
18.0	41.0	-1.0	18.0	-1.0	-1.0	-1.0	24.0	-1.0	73.0	15.0	-1.0	58.0	35.0	63.0	-1.0	69.0	29.0	32.0	31.0	40.0	-1.0	35.0	46.0	-1.0	-1.0	-1.0	29.0	23.0	-1.0	16.0	-1.0	-1.0	50.0	65.0	-1.0	25.0	55.0	-1.0	33.0	36.0	23.0	-1.0	-1.0	25.0	-1.0	30.0	72.0	-1.0	66.0	
18.0	-1.0	28.0	18.0	-1.0	19.0	43.0	24.0	35.0	-1.0	15.0	-1.0	58.0	35.0	-1.0	-1.0	-1.0	29.0	32.0	43.0	-1.0	20.0	-1.0	48.0	35.0	21.0	-1.0	-1.0	55.0	-1.0	27.0	48.0	-1.0	-1.0	37.0	-1.0	-1.0	55.0	-1.0	33.0	36.0	23.0	-1.0	-1.0	14.0	-1.0	50.0	72.0	-1.0	41.0	
18.0	41.0	28.0	18.0	-1.0	-1.0	43.0	-1.0	35.0	73.0	-1.0	35.0	58.0	12.0	63.0	-1.0	46.0	29.0	32.0	15.0	-1.0	-1.0	35.0	46.0	35.0	21.0	28.0	-1.0	-1.0	-1.0	16.0	48.0	24.0	50.0	37.0	-1.0	-1.0	-1.0	-1.0	53.0	-1.0	35.0	-1.0	-1.0	25.0	-1.0	30.0	72.0	62.0	66.0	

maxX :
57.0	57.0	54.0	52.0	54.0	

maxW :
73.0	73.0	73.0	72.0	73.0	

minX :
0.0	0.0	0.0	0.0	0.0	

minW :
12.0	12.0	15.0	14.0	12.0	

moyX :
22.12121212121212	19.607142857142858	20.766666666666666	18.896551724137932	19.15625	

moyW :
40.24242424242424	37.607142857142854	39.166666666666664	34.89655172413793	38.40625	

medX :
22.0	19.0	19.0	16.0	17.5	

medW :
37.0	35.0	34.0	35.0	35.0	

ecartTypeX :
14.01894297609937	14.393300241318343	13.889284438811893	12.282156464552077	13.986845103078107	

ecartTypeW :
17.612031533276028	17.163789303801945	17.799032433128367	14.327077878031748	16.734805374951332	

varX :
196.53076216712583	207.16709183673467	192.91222222222223	150.85136741973838	195.6318359375	

varW :
310.1836547291092	294.5956632653061	316.80555555555554	205.2651605231867	280.0537109375	

covarX :
202.6723484848485	214.83994708994706	199.564367816092	156.2389162561576	201.94254032258064	

covarW :
319.87689393939394	305.5066137566137	327.7298850574712	212.59605911330053	289.08770161290323	

coef_variationX :
0.6337330386455879	0.7340845296118644	0.6688258959299468	0.6499681340730113	0.730145258235725	

coef_variationW :
0.4376483739443591	0.4563970565113528	0.4544433812713626	0.4105585557933999	0.4357313034975123	

moy_distances_centre :	42.3
min_distances_centre :	12.0
max_distances_centre :	74.0
med_distances_centre :	39.5
ecartType_distances_centre :	17.435882541471766
var_distances_centre :	304.01
covar_distances_centre :	320.01052631578943
coef_variation_distances_centre :	0.41219580476292594
capacite_X_temoin : 
163.0	171.0	153.0	177.0	156.0	
141.0	138.0	163.0	168.0	175.0	
142.0	135.0	163.0	144.0	135.0	
159.0	162.0	162.0	172.0	157.0	
139.0	145.0	168.0	159.0	177.0	

capacite_W_temoin : 
159.9	148.3	48.9	167.1	165.8	
140.3	106.4	66.9	174.4	199.5	
139.6	98.5	72.9	148.2	137.5	
158.7	171.6	69.6	150.6	158.1	
119.69999999999999	72.5	114.4	156.7	212.1	

demande_cumulee_X : 
52.0	74.0	150.0	63.0	37.0	
43.0	73.0	145.0	44.0	28.0	
45.0	77.0	139.0	39.0	38.0	
48.0	39.0	141.0	73.0	46.0	
61.0	116.0	104.0	50.0	18.0	

demande_cumulee_W : 
87.0	92.0	14.0	47.0	136.0	
44.0	76.0	15.0	63.0	135.0	
53.0	76.0	24.0	60.0	125.0	
52.0	99.0	24.0	32.0	140.0	
12.0	71.0	33.0	83.0	150.0	

capacite_residuelle_X : 
111.0	97.0	3.0	114.0	119.0	
98.0	65.0	18.0	124.0	147.0	
97.0	58.0	24.0	105.0	97.0	
111.0	123.0	21.0	99.0	111.0	
78.0	29.0	64.0	109.0	159.0	

capacite_residuelle_W : 
72.9	56.30000000000001	34.9	120.1	29.80000000000001	
96.30000000000001	30.400000000000006	51.900000000000006	111.4	64.5	
86.6	22.5	48.900000000000006	88.19999999999999	12.5	
106.69999999999999	72.6	45.599999999999994	118.6	18.099999999999994	
107.69999999999999	1.5	81.4	73.69999999999999	62.099999999999994	

min_capacite_X : 
153.0	138.0	135.0	157.0	139.0	

min_capacite_W : 
48.9	66.9	72.9	69.6	72.5	

max_capacite_X : 
177.0	175.0	163.0	172.0	177.0	

max_capacite_W : 
167.1	199.5	148.2	171.6	212.1	

moy_capacite_X : 
164.0	157.0	143.8	162.4	157.6	

moy_capacite_W : 
138.0	137.5	119.34	141.72	135.07999999999998	

med_capacite_X : 
163.0	163.0	142.0	162.0	159.0	

med_capacite_W : 
159.9	140.3	137.5	158.1	119.69999999999999	

ecartType_capacite_X : 
8.988882021697693	14.818906842274163	10.264501936285074	5.161395160225576	14.079772725438433	

ecartType_capacite_W : 
45.04255765384554	47.25467172671925	28.858731780866595	36.68674965161128	46.861429769054205	

var_capacite_X : 
80.8	219.6	105.36000000000001	26.639999999999997	198.24	

var_capacite_W : 
2028.8319999999997	2233.004	832.8263999999997	1345.9176000000002	2195.9936	

covar_capacite_X : 
101.0	274.5	131.70000000000002	33.3	247.8	

covar_capacite_W : 
2536.0399999999995	2791.2549999999997	1041.0329999999997	1682.3970000000002	2744.9919999999997	

##########	##########	##########	##########	##########	##########	##########	##########	##########	##########	##########	##########	##########	##########	##########	##########	##########	##########	##########	##########	##########	##########	##########	##########	##########	##########	##########	##########	##########	##########	##########	##########	##########	##########	##########	##########	##########	##########	##########	##########	##########	##########	##########	##########	##########	##########	##########	##########	##########	##########	nombre de noeuds : 50
nombre de strates : 5
nombre de centres : 5
titre : intelligent
instances : p6_2
temps de calcul : 0.038992881774902344
valeur objective : 638.0
nombre de solutions : 3
nombre de noeuds : 1.0
faisability : True
centre : [41, 24, 48, 22, 46]
moy_distances :	51.41
min_distances :	1.0
max_distances :	115.0
var_distances :	573.5828498125782
covar_distances :	573.8170608578263
ecartType_distances :	23.949589762928678
coef_variation	: 0.4658269551068994
distances_centre_x :
-1.0	-1.0	13.0	18.0	47.0	-1.0	-1.0	23.0	-1.0	41.0	9.0	-1.0	-1.0	12.0	-1.0	39.0	28.0	23.0	9.0	12.0	-1.0	-1.0	-1.0	-1.0	0.0	14.0	8.0	-1.0	15.0	12.0	-1.0	-1.0	24.0	18.0	32.0	39.0	21.0	28.0	57.0	12.0	-1.0	30.0	11.0	23.0	11.0	31.0	0.0	-1.0	0.0	41.0	
18.0	23.0	-1.0	18.0	-1.0	-1.0	16.0	-1.0	1.0	41.0	9.0	7.0	35.0	12.0	-1.0	-1.0	-1.0	23.0	9.0	12.0	21.0	-1.0	-1.0	-1.0	0.0	-1.0	8.0	6.0	15.0	-1.0	-1.0	14.0	-1.0	-1.0	32.0	-1.0	21.0	-1.0	57.0	12.0	-1.0	0.0	-1.0	-1.0	14.0	-1.0	0.0	52.0	-1.0	31.0	
18.0	23.0	-1.0	18.0	-1.0	-1.0	-1.0	23.0	-1.0	41.0	9.0	-1.0	35.0	12.0	54.0	-1.0	13.0	23.0	9.0	12.0	21.0	-1.0	0.0	13.0	-1.0	-1.0	-1.0	6.0	15.0	-1.0	7.0	-1.0	-1.0	18.0	32.0	-1.0	38.0	28.0	-1.0	20.0	33.0	0.0	-1.0	-1.0	11.0	-1.0	0.0	52.0	-1.0	31.0	
18.0	-1.0	13.0	18.0	-1.0	14.0	16.0	23.0	25.0	-1.0	9.0	-1.0	35.0	12.0	-1.0	-1.0	-1.0	23.0	9.0	12.0	-1.0	20.0	-1.0	13.0	0.0	14.0	-1.0	-1.0	15.0	-1.0	7.0	14.0	-1.0	-1.0	32.0	-1.0	-1.0	28.0	-1.0	12.0	33.0	0.0	-1.0	-1.0	11.0	-1.0	0.0	52.0	-1.0	31.0	
18.0	23.0	13.0	18.0	-1.0	-1.0	16.0	-1.0	1.0	41.0	-1.0	7.0	35.0	12.0	54.0	-1.0	13.0	23.0	9.0	12.0	-1.0	-1.0	0.0	13.0	0.0	14.0	8.0	-1.0	-1.0	-1.0	7.0	14.0	24.0	24.0	32.0	-1.0	-1.0	-1.0	-1.0	12.0	-1.0	0.0	-1.0	-1.0	14.0	-1.0	0.0	52.0	0.0	31.0	

distances_centre_w :
-1.0	-1.0	20.0	42.0	67.0	-1.0	-1.0	24.0	-1.0	73.0	21.0	-1.0	-1.0	35.0	-1.0	56.0	46.0	40.0	17.0	31.0	-1.0	-1.0	-1.0	-1.0	35.0	21.0	26.0	-1.0	35.0	42.0	-1.0	-1.0	34.0	24.0	37.0	59.0	38.0	55.0	61.0	20.0	-1.0	41.0	32.0	58.0	14.0	60.0	26.0	-1.0	23.0	66.0	
27.0	41.0	-1.0	42.0	-1.0	-1.0	43.0	-1.0	35.0	73.0	21.0	20.0	58.0	35.0	-1.0	-1.0	-1.0	29.0	17.0	31.0	40.0	-1.0	-1.0	-1.0	35.0	-1.0	26.0	39.0	27.0	-1.0	-1.0	48.0	-1.0	-1.0	37.0	-1.0	36.0	-1.0	61.0	20.0	-1.0	23.0	-1.0	-1.0	40.0	-1.0	26.0	72.0	-1.0	41.0	
27.0	41.0	-1.0	42.0	-1.0	-1.0	-1.0	24.0	-1.0	73.0	21.0	-1.0	58.0	35.0	63.0	-1.0	28.0	59.0	17.0	31.0	40.0	-1.0	26.0	22.0	-1.0	-1.0	-1.0	25.0	23.0	-1.0	38.0	-1.0	-1.0	24.0	37.0	-1.0	64.0	55.0	-1.0	43.0	37.0	38.0	-1.0	-1.0	14.0	-1.0	26.0	72.0	-1.0	41.0	
27.0	-1.0	20.0	42.0	-1.0	19.0	17.0	24.0	35.0	-1.0	21.0	-1.0	58.0	35.0	-1.0	-1.0	-1.0	29.0	17.0	31.0	-1.0	42.0	-1.0	22.0	35.0	21.0	-1.0	-1.0	27.0	-1.0	16.0	48.0	-1.0	-1.0	37.0	-1.0	-1.0	55.0	-1.0	33.0	46.0	30.0	-1.0	-1.0	14.0	-1.0	26.0	72.0	-1.0	41.0	
27.0	41.0	20.0	42.0	-1.0	-1.0	43.0	-1.0	25.0	73.0	-1.0	20.0	58.0	35.0	63.0	-1.0	58.0	29.0	17.0	31.0	-1.0	-1.0	26.0	46.0	35.0	21.0	26.0	-1.0	-1.0	-1.0	16.0	48.0	34.0	50.0	37.0	-1.0	-1.0	-1.0	-1.0	20.0	-1.0	23.0	-1.0	-1.0	45.0	-1.0	26.0	72.0	46.0	41.0	

maxX :
57.0	57.0	54.0	52.0	54.0	

maxW :
73.0	73.0	73.0	72.0	73.0	

minX :
0.0	0.0	0.0	0.0	0.0	

minW :
14.0	17.0	14.0	14.0	16.0	

moyX :
21.242424242424242	18.107142857142858	20.5	17.551724137931036	16.875	

moyW :
38.75757575757576	37.25	38.13333333333333	32.41379310344828	37.3125	

medX :
18.0	14.5	18.0	14.0	13.5	

medW :
35.0	35.5	37.0	30.0	35.0	

ecartTypeX :
13.828013514580187	14.477419081635583	13.951702405083044	11.379310344827585	14.012828943507445	

ecartTypeW :
16.22200208663549	14.339319071300821	16.11569283510813	13.689959173207582	15.379445495530716	

varX :
191.2139577594123	209.5956632653061	194.65	129.48870392390012	196.359375	

varW :
263.1533516988062	205.61607142857142	259.71555555555557	187.4149821640904	236.52734375	

covarX :
197.18939393939394	217.35846560846556	201.36206896551724	134.11330049261085	202.69354838709677	

covarW :
271.37689393939394	213.23148148148147	268.67126436781615	194.10837438423647	244.15725806451613	

coef_variationX :
0.6509621198019203	0.7995418822205056	0.6805708490284411	0.6483300589390962	0.8303898633189597	

coef_variationW :
0.4185504838615881	0.3849481629879415	0.42261432259898946	0.42234980427980834	0.4121794437663173	

moy_distances_centre :	40.5
min_distances_centre :	23.0
max_distances_centre :	62.0
med_distances_centre :	39.5
ecartType_distances_centre :	11.95198728245642
var_distances_centre :	142.85
covar_distances_centre :	150.36842105263156
coef_variation_distances_centre :	0.2951107970976894
capacite_X_temoin : 
171.0	153.0	177.0	148.0	156.0	
138.0	163.0	168.0	159.0	175.0	
135.0	163.0	144.0	138.0	135.0	
162.0	162.0	172.0	159.0	157.0	
145.0	168.0	159.0	141.0	177.0	

capacite_W_temoin : 
177.3	47.9	176.1	155.4	113.8	
159.4	59.9	190.4	152.7	148.5	
137.5	58.9	148.2	148.4	98.5	
199.6	62.6	161.6	167.7	117.1	
143.5	100.4	156.7	125.3	152.1	

demande_cumulee_X : 
45.0	151.0	54.0	37.0	89.0	
20.0	152.0	28.0	54.0	79.0	
38.0	153.0	39.0	31.0	77.0	
11.0	148.0	62.0	39.0	87.0	
45.0	118.0	50.0	58.0	78.0	

demande_cumulee_W : 
111.0	44.0	77.0	67.0	77.0	
136.0	15.0	84.0	19.0	79.0	
118.0	21.0	66.0	45.0	88.0	
114.0	6.0	94.0	29.0	104.0	
112.0	24.0	84.0	49.0	80.0	

capacite_residuelle_X : 
126.0	2.0	123.0	111.0	67.0	
118.0	11.0	140.0	105.0	96.0	
97.0	10.0	105.0	107.0	58.0	
151.0	14.0	110.0	120.0	70.0	
100.0	50.0	109.0	83.0	99.0	

capacite_residuelle_W : 
66.30000000000001	3.8999999999999986	99.1	88.4	36.8	
23.400000000000006	44.9	106.4	133.7	69.5	
19.5	37.9	82.19999999999999	103.4	10.5	
85.6	56.6	67.6	138.7	13.099999999999994	
31.5	76.4	72.69999999999999	76.3	72.1	

min_capacite_X : 
148.0	138.0	135.0	157.0	141.0	

min_capacite_W : 
47.9	59.9	58.9	62.6	100.4	

max_capacite_X : 
177.0	175.0	163.0	172.0	177.0	

max_capacite_W : 
177.3	190.4	148.4	199.6	156.7	

moy_capacite_X : 
161.0	160.6	143.0	162.4	158.0	

moy_capacite_W : 
134.1	142.18	118.3	141.72	135.6	

med_capacite_X : 
156.0	163.0	138.0	162.0	159.0	

med_capacite_W : 
155.4	152.7	137.5	161.6	143.5	

ecartType_capacite_X : 
11.081516141756055	12.499599993599794	10.526157893552615	5.161395160225576	13.564659966250536	

ecartType_capacite_W : 
48.83945126636867	43.68594281917239	34.89716320849017	47.510815610763835	20.6155281280883	

var_capacite_X : 
122.8	156.23999999999998	110.8	26.639999999999997	184.0	

var_capacite_W : 
2385.292	1908.4615999999999	1217.812	2257.2776000000003	424.99999999999983	

covar_capacite_X : 
153.5	195.29999999999998	138.5	33.3	230.0	

covar_capacite_W : 
2981.615	2385.5769999999998	1522.2649999999999	2821.5970000000007	531.2499999999998	

##########	##########	##########	##########	##########	##########	##########	##########	##########	##########	##########	##########	##########	##########	##########	##########	##########	##########	##########	##########	##########	##########	##########	##########	##########	##########	##########	##########	##########	##########	##########	##########	##########	##########	##########	##########	##########	##########	##########	##########	##########	##########	##########	##########	##########	##########	##########	##########	##########	##########	