nombre de noeuds : 50
nombre de strates : 10
nombre de centres : 5
titre : intelligent
instances : p7_3
temps de calcul : 0.06350994110107422
valeur objective : 1214.0
nombre de solutions : 3
nombre de noeuds : 1.0
faisability : True
centre : [18, 48, 7, 13, 6]
moy_distances :	47.35
min_distances :	1.0
max_distances :	120.0
var_distances :	507.7547355268637
covar_distances :	507.96206698277524
ecartType_distances :	22.533413756616277
coef_variation	: 0.47592123882508514
distances_centre_x :
63.0	-1.0	-1.0	19.0	-1.0	17.0	-1.0	-1.0	20.0	39.0	-1.0	-1.0	40.0	40.0	7.0	27.0	-1.0	16.0	-1.0	-1.0	-1.0	-1.0	18.0	3.0	-1.0	22.0	-1.0	-1.0	27.0	-1.0	-1.0	-1.0	-1.0	-1.0	-1.0	-1.0	-1.0	-1.0	-1.0	-1.0	15.0	6.0	-1.0	39.0	21.0	43.0	-1.0	-1.0	0.0	49.0	
-1.0	4.0	42.0	19.0	28.0	17.0	0.0	0.0	20.0	12.0	27.0	19.0	-1.0	0.0	-1.0	-1.0	-1.0	16.0	28.0	-1.0	-1.0	-1.0	-1.0	-1.0	23.0	22.0	-1.0	30.0	27.0	-1.0	13.0	-1.0	-1.0	24.0	-1.0	10.0	-1.0	16.0	-1.0	-1.0	15.0	6.0	-1.0	39.0	21.0	-1.0	15.0	11.0	0.0	49.0	
-1.0	4.0	-1.0	19.0	30.0	-1.0	19.0	-1.0	-1.0	-1.0	27.0	19.0	-1.0	0.0	-1.0	-1.0	-1.0	-1.0	0.0	17.0	31.0	20.0	18.0	-1.0	23.0	22.0	28.0	30.0	27.0	-1.0	13.0	-1.0	37.0	-1.0	-1.0	-1.0	-1.0	-1.0	43.0	50.0	15.0	6.0	-1.0	-1.0	21.0	-1.0	-1.0	11.0	0.0	49.0	
-1.0	4.0	36.0	19.0	28.0	-1.0	0.0	-1.0	-1.0	12.0	27.0	-1.0	-1.0	0.0	7.0	27.0	-1.0	-1.0	-1.0	17.0	31.0	-1.0	18.0	3.0	-1.0	25.0	28.0	30.0	27.0	51.0	13.0	26.0	-1.0	24.0	-1.0	10.0	-1.0	-1.0	43.0	-1.0	15.0	-1.0	-1.0	-1.0	-1.0	-1.0	15.0	-1.0	0.0	49.0	
-1.0	4.0	42.0	19.0	28.0	17.0	0.0	-1.0	-1.0	12.0	27.0	-1.0	40.0	0.0	-1.0	-1.0	-1.0	-1.0	-1.0	-1.0	31.0	-1.0	15.0	-1.0	23.0	22.0	28.0	-1.0	27.0	-1.0	13.0	-1.0	37.0	24.0	23.0	10.0	-1.0	16.0	-1.0	-1.0	15.0	6.0	-1.0	39.0	21.0	-1.0	15.0	-1.0	0.0	49.0	
22.0	4.0	36.0	19.0	28.0	17.0	0.0	0.0	20.0	12.0	-1.0	19.0	40.0	-1.0	-1.0	-1.0	-1.0	-1.0	-1.0	-1.0	31.0	-1.0	29.0	3.0	23.0	22.0	-1.0	-1.0	-1.0	51.0	-1.0	16.0	-1.0	24.0	-1.0	10.0	-1.0	-1.0	-1.0	-1.0	15.0	6.0	-1.0	39.0	-1.0	-1.0	-1.0	-1.0	0.0	49.0	
-1.0	4.0	36.0	-1.0	30.0	17.0	0.0	-1.0	-1.0	-1.0	-1.0	19.0	-1.0	-1.0	-1.0	-1.0	28.0	-1.0	-1.0	-1.0	31.0	-1.0	18.0	-1.0	-1.0	24.0	-1.0	30.0	27.0	-1.0	-1.0	17.0	-1.0	-1.0	-1.0	10.0	21.0	-1.0	-1.0	-1.0	15.0	6.0	39.0	-1.0	21.0	-1.0	15.0	-1.0	0.0	49.0	
-1.0	4.0	36.0	19.0	30.0	-1.0	0.0	-1.0	20.0	12.0	27.0	19.0	40.0	0.0	-1.0	-1.0	-1.0	-1.0	-1.0	-1.0	31.0	-1.0	15.0	-1.0	-1.0	22.0	-1.0	30.0	27.0	-1.0	-1.0	16.0	37.0	-1.0	-1.0	-1.0	-1.0	16.0	-1.0	-1.0	15.0	6.0	-1.0	-1.0	-1.0	43.0	15.0	11.0	0.0	49.0	
-1.0	4.0	42.0	19.0	28.0	17.0	0.0	-1.0	20.0	-1.0	27.0	19.0	-1.0	0.0	-1.0	27.0	-1.0	-1.0	-1.0	17.0	31.0	-1.0	15.0	-1.0	23.0	22.0	28.0	30.0	27.0	51.0	-1.0	17.0	-1.0	-1.0	-1.0	-1.0	-1.0	-1.0	-1.0	-1.0	15.0	6.0	-1.0	39.0	21.0	43.0	-1.0	11.0	-1.0	-1.0	
-1.0	4.0	36.0	19.0	-1.0	-1.0	0.0	0.0	20.0	-1.0	27.0	19.0	-1.0	-1.0	-1.0	-1.0	-1.0	-1.0	0.0	17.0	-1.0	-1.0	15.0	3.0	-1.0	22.0	-1.0	30.0	-1.0	51.0	-1.0	-1.0	-1.0	-1.0	-1.0	-1.0	-1.0	-1.0	-1.0	-1.0	15.0	6.0	-1.0	39.0	21.0	43.0	15.0	-1.0	0.0	49.0	

distances_centre_w :
72.0	-1.0	-1.0	-1.0	-1.0	-1.0	28.0	-1.0	-1.0	45.0	-1.0	-1.0	63.0	-1.0	-1.0	-1.0	-1.0	-1.0	-1.0	-1.0	-1.0	-1.0	29.0	-1.0	-1.0	-1.0	-1.0	-1.0	-1.0	-1.0	35.0	-1.0	-1.0	56.0	-1.0	-1.0	-1.0	-1.0	-1.0	-1.0	-1.0	-1.0	-1.0	-1.0	-1.0	-1.0	-1.0	-1.0	-1.0	-1.0	
-1.0	23.0	59.0	21.0	30.0	37.0	52.0	20.0	23.0	45.0	61.0	37.0	-1.0	52.0	-1.0	-1.0	-1.0	24.0	42.0	-1.0	-1.0	-1.0	-1.0	-1.0	26.0	24.0	-1.0	41.0	46.0	-1.0	23.0	-1.0	-1.0	51.0	-1.0	50.0	-1.0	37.0	-1.0	-1.0	36.0	41.0	-1.0	58.0	45.0	-1.0	45.0	41.0	19.0	54.0	
-1.0	31.0	-1.0	21.0	41.0	-1.0	20.0	-1.0	-1.0	-1.0	61.0	61.0	-1.0	40.0	-1.0	-1.0	-1.0	-1.0	40.0	44.0	39.0	37.0	29.0	-1.0	26.0	43.0	56.0	53.0	56.0	-1.0	41.0	-1.0	77.0	-1.0	-1.0	-1.0	-1.0	-1.0	80.0	79.0	44.0	35.0	-1.0	-1.0	45.0	-1.0	-1.0	41.0	29.0	75.0	
-1.0	23.0	42.0	21.0	30.0	-1.0	19.0	-1.0	-1.0	44.0	61.0	-1.0	-1.0	40.0	15.0	46.0	-1.0	-1.0	-1.0	23.0	39.0	-1.0	39.0	21.0	-1.0	43.0	45.0	39.0	46.0	69.0	32.0	36.0	-1.0	56.0	-1.0	50.0	-1.0	-1.0	80.0	-1.0	36.0	-1.0	-1.0	-1.0	-1.0	-1.0	27.0	-1.0	19.0	54.0	
-1.0	23.0	52.0	21.0	41.0	18.0	19.0	-1.0	-1.0	64.0	61.0	-1.0	63.0	40.0	-1.0	-1.0	-1.0	-1.0	-1.0	-1.0	39.0	-1.0	29.0	-1.0	26.0	43.0	45.0	-1.0	46.0	-1.0	32.0	-1.0	77.0	51.0	36.0	50.0	-1.0	37.0	-1.0	-1.0	36.0	41.0	-1.0	58.0	45.0	-1.0	27.0	-1.0	19.0	54.0	
63.0	23.0	42.0	21.0	30.0	18.0	19.0	20.0	23.0	39.0	-1.0	37.0	43.0	-1.0	-1.0	-1.0	-1.0	-1.0	-1.0	-1.0	39.0	-1.0	39.0	21.0	26.0	25.0	-1.0	-1.0	-1.0	56.0	-1.0	26.0	-1.0	51.0	-1.0	50.0	-1.0	-1.0	-1.0	-1.0	36.0	26.0	-1.0	62.0	-1.0	-1.0	-1.0	-1.0	19.0	54.0	
-1.0	23.0	52.0	-1.0	35.0	18.0	19.0	-1.0	-1.0	-1.0	-1.0	37.0	-1.0	-1.0	-1.0	-1.0	69.0	-1.0	-1.0	-1.0	39.0	-1.0	39.0	-1.0	-1.0	25.0	-1.0	39.0	46.0	-1.0	-1.0	26.0	-1.0	-1.0	-1.0	50.0	37.0	-1.0	-1.0	-1.0	36.0	26.0	66.0	-1.0	45.0	-1.0	27.0	-1.0	19.0	54.0	
-1.0	23.0	42.0	21.0	35.0	-1.0	19.0	-1.0	23.0	39.0	61.0	37.0	63.0	40.0	-1.0	-1.0	-1.0	-1.0	-1.0	-1.0	39.0	-1.0	29.0	-1.0	-1.0	24.0	-1.0	58.0	65.0	-1.0	-1.0	17.0	77.0	-1.0	-1.0	-1.0	-1.0	37.0	-1.0	-1.0	36.0	26.0	-1.0	-1.0	-1.0	73.0	27.0	41.0	19.0	54.0	
-1.0	23.0	52.0	55.0	35.0	18.0	19.0	-1.0	23.0	-1.0	61.0	37.0	-1.0	56.0	-1.0	46.0	-1.0	-1.0	-1.0	23.0	39.0	-1.0	39.0	-1.0	26.0	43.0	45.0	58.0	56.0	56.0	-1.0	36.0	-1.0	-1.0	-1.0	-1.0	-1.0	-1.0	-1.0	-1.0	36.0	26.0	-1.0	58.0	45.0	59.0	-1.0	28.0	-1.0	-1.0	
-1.0	23.0	42.0	21.0	-1.0	-1.0	19.0	20.0	23.0	-1.0	61.0	37.0	-1.0	-1.0	-1.0	-1.0	-1.0	-1.0	28.0	23.0	-1.0	-1.0	39.0	21.0	-1.0	25.0	-1.0	41.0	-1.0	56.0	-1.0	-1.0	-1.0	-1.0	-1.0	-1.0	-1.0	-1.0	-1.0	-1.0	36.0	26.0	-1.0	58.0	45.0	59.0	27.0	-1.0	19.0	54.0	

maxX :
63.0	49.0	50.0	51.0	49.0	51.0	49.0	49.0	51.0	51.0	

maxW :
72.0	61.0	80.0	80.0	77.0	63.0	69.0	77.0	61.0	61.0	

minX :
0.0	0.0	0.0	0.0	0.0	0.0	0.0	0.0	0.0	0.0	

minW :
28.0	19.0	20.0	15.0	18.0	18.0	18.0	17.0	18.0	19.0	

moyX :
25.285714285714285	18.433333333333334	21.444444444444443	20.892857142857142	20.79310344827586	20.576923076923077	20.772727272727273	20.76923076923077	22.185185185185187	19.608695652173914	

moyW :
46.857142857142854	38.766666666666666	46.074074074074076	39.107142857142854	41.13793103448276	34.92307692307692	37.59090909090909	39.42307692307692	40.666666666666664	34.91304347826087	

medX :
21.0	18.0	20.0	21.5	21.0	19.5	20.0	19.0	21.0	19.0	

medW :
45.0	41.0	41.0	39.0	41.0	33.0	37.0	37.0	39.0	28.0	

ecartTypeX :
15.985537681479045	12.120735217890958	13.364777736671018	13.795287201779884	12.742487469891149	14.232068547752608	12.287953517689289	13.342551054391857	12.364935599230343	15.499618874514255	

ecartTypeW :
16.012750021945205	12.679861548490539	16.84993884135714	15.483491867410377	14.933702079134537	13.917125799982712	14.131393455414633	17.234074202273455	13.69779652461043	14.2093448843213	

varX :
255.53741496598644	146.9122222222222	178.6172839506173	190.30994897959187	162.37098692033294	202.55177514792902	150.99380165289256	178.02366863905326	152.89163237311385	240.23818525519852	

varW :
256.40816326530614	160.7788888888889	283.920438957476	239.73852040816328	223.01545778834722	193.6863905325444	199.69628099173553	297.01331360946745	187.6296296296296	201.9054820415879	

covarX :
268.3142857142858	151.97816091954024	185.4871794871795	197.35846560846565	168.16995073891624	210.65384615384613	158.1839826839827	185.14461538461535	158.77207977207976	251.15810276679838	

covarW :
299.1428571428571	166.32298850574708	294.8404558404558	248.61772486772483	230.9802955665024	201.43384615384613	209.2056277056277	308.8938461538462	194.84615384615387	211.0830039525692	

coef_variationX :
0.6321964054822221	0.6575444060338675	0.6232279773577158	0.6602872506834816	0.6128227804756937	0.6916519294234912	0.5915426201075806	0.6424191248410893	0.5573510203325863	0.7904461953743411	

coef_variationW :
0.34173551876102576	0.32708155327146704	0.36571410668540416	0.39592490619862153	0.3630153900208731	0.3985080074884918	0.37592582348140496	0.4371570041552291	0.3368310620805844	0.4069924437601369	

moy_distances_centre :	40.2
min_distances_centre :	19.0
max_distances_centre :	72.0
med_distances_centre :	41.0
ecartType_distances_centre :	15.96746692496966
var_distances_centre :	254.96000000000004
covar_distances_centre :	268.37894736842105
coef_variation_distances_centre :	0.39720066977536467
capacite_X_temoin : 
156.0	171.0	0.0	159.0	144.0	
138.0	153.0	162.0	178.0	159.0	
0.0	144.0	136.0	178.0	166.0	
166.0	151.0	141.0	159.0	171.0	
144.0	144.0	162.0	169.0	165.0	
172.0	144.0	135.0	145.0	157.0	
172.0	171.0	157.0	157.0	163.0	
141.0	136.0	172.0	145.0	148.0	
147.0	139.0	171.0	148.0	169.0	
154.0	177.0	177.0	171.0	163.0	

capacite_W_temoin : 
154.8	185.3	0.0	61.699999999999996	46.199999999999996	
148.4	176.9	154.6	73.4	94.69999999999999	
0.0	172.2	124.8	77.4	72.8	
195.8	173.3	120.3	107.69999999999999	105.3	
160.2	173.2	143.6	66.69999999999999	114.5	
200.6	166.2	123.5	76.5	125.1	
184.6	206.3	177.1	102.1	144.9	
159.3	159.8	164.6	90.5	71.4	
162.1	165.7	197.3	51.4	86.69999999999999	
175.2	210.1	212.1	106.3	115.9	

demande_cumulee_X : 
48.0	37.0	0.0	145.0	141.0	
31.0	22.0	56.0	158.0	112.0	
0.0	15.0	52.0	154.0	143.0	
20.0	23.0	63.0	99.0	117.0	
27.0	14.0	67.0	153.0	100.0	
23.0	21.0	52.0	112.0	79.0	
39.0	16.0	27.0	102.0	67.0	
24.0	17.0	59.0	98.0	121.0	
29.0	15.0	25.0	141.0	133.0	
25.0	20.0	18.0	116.0	96.0	

demande_cumulee_W : 
151.0	132.0	0.0	51.0	37.0	
147.0	39.0	114.0	19.0	60.0	
0.0	118.0	118.0	63.0	65.0	
158.0	0.0	96.0	15.0	53.0	
137.0	11.0	98.0	52.0	63.0	
99.0	27.0	86.0	27.0	48.0	
119.0	10.0	75.0	14.0	33.0	
117.0	45.0	62.0	58.0	37.0	
149.0	43.0	93.0	0.0	58.0	
146.0	8.0	81.0	0.0	40.0	

capacite_residuelle_X : 
108.0	134.0	0.0	14.0	3.0	
107.0	131.0	106.0	20.0	47.0	
0.0	129.0	84.0	24.0	23.0	
146.0	128.0	78.0	60.0	54.0	
117.0	130.0	95.0	16.0	65.0	
149.0	123.0	83.0	33.0	78.0	
133.0	155.0	130.0	55.0	96.0	
117.0	119.0	113.0	47.0	27.0	
118.0	124.0	146.0	7.0	36.0	
129.0	157.0	159.0	55.0	67.0	

capacite_residuelle_W : 
3.8000000000000114	53.30000000000001	0.0	10.699999999999996	9.199999999999996	
1.4000000000000057	137.9	40.599999999999994	54.400000000000006	34.69999999999999	
0.0	54.19999999999999	6.799999999999997	14.400000000000006	7.799999999999997	
37.80000000000001	173.3	24.299999999999997	92.69999999999999	52.3	
23.19999999999999	162.2	45.599999999999994	14.699999999999989	51.5	
101.6	139.2	37.5	49.5	77.1	
65.6	196.3	102.1	88.1	111.9	
42.30000000000001	114.80000000000001	102.6	32.5	34.400000000000006	
13.099999999999994	122.69999999999999	104.30000000000001	51.4	28.69999999999999	
29.19999999999999	202.1	131.1	106.3	75.9	

min_capacite_X : 
0.0	138.0	0.0	141.0	144.0	135.0	157.0	136.0	139.0	154.0	

min_capacite_W : 
0.0	73.4	0.0	105.3	66.69999999999999	76.5	102.1	71.4	51.4	106.3	

max_capacite_X : 
171.0	178.0	178.0	171.0	169.0	172.0	172.0	172.0	171.0	177.0	

max_capacite_W : 
185.3	176.9	172.2	195.8	173.2	200.6	206.3	164.6	197.3	212.1	

moy_capacite_X : 
126.0	158.0	124.8	157.6	156.8	150.6	164.0	148.4	154.8	168.4	

moy_capacite_W : 
89.6	129.6	89.44	140.48	131.64000000000001	138.38	163.0	129.12	132.63999999999996	163.92	

med_capacite_X : 
156.0	159.0	144.0	159.0	162.0	145.0	163.0	145.0	148.0	171.0	

med_capacite_W : 
61.699999999999996	148.4	77.4	120.3	143.6	125.1	177.1	159.3	162.1	175.2	

ecartType_capacite_X : 
63.58301660034699	12.976902558006667	64.18224053427863	10.68831137270991	10.684568311354464	12.784365451597509	6.511528238439882	12.467557900406959	12.812493902437573	8.845337754998393	

ecartType_capacite_W : 
69.42573010059024	38.96711434017151	57.482018057823964	37.03200777705687	37.939246170687156	42.12407387705989	36.26756126347621	39.83472856691759	54.50172841295953	45.18213806361978	

var_capacite_X : 
4042.8	168.4	4119.36	114.24000000000001	114.16	163.44	42.4	155.44	164.16	78.24000000000001	

var_capacite_W : 
4819.932000000002	1518.4360000000001	3304.1824	1371.3696000000004	1439.3863999999999	1774.4375999999997	1315.3360000000002	1586.8056000000001	2970.4384	2041.4255999999993	

covar_capacite_X : 
5053.5	210.5	5149.2	142.8	142.7	204.29999999999998	53.0	194.29999999999998	205.2	97.80000000000001	

covar_capacite_W : 
6024.915000000002	1898.045	4130.228	1714.2120000000007	1799.233	2218.0469999999996	1644.1700000000003	1983.507	3713.0480000000002	2551.7819999999992	

##########	##########	##########	##########	##########	##########	##########	##########	##########	##########	##########	##########	##########	##########	##########	##########	##########	##########	##########	##########	##########	##########	##########	##########	##########	##########	##########	##########	##########	##########	##########	##########	##########	##########	##########	##########	##########	##########	##########	##########	##########	##########	##########	##########	##########	##########	##########	##########	##########	##########	nombre de noeuds : 50
nombre de strates : 10
nombre de centres : 5
titre : intelligent
instances : p7_3
temps de calcul : 0.0634770393371582
valeur objective : 959.0
nombre de solutions : 3
nombre de noeuds : 1.0
faisability : True
centre : [18, 48, 13, 6, 29]
moy_distances :	47.35
min_distances :	1.0
max_distances :	120.0
var_distances :	507.7547355268637
covar_distances :	507.96206698277524
ecartType_distances :	22.533413756616277
coef_variation	: 0.47592123882508514
distances_centre_x :
46.0	-1.0	19.0	19.0	-1.0	17.0	-1.0	-1.0	-1.0	39.0	-1.0	-1.0	16.0	40.0	7.0	27.0	-1.0	16.0	-1.0	-1.0	-1.0	-1.0	18.0	3.0	-1.0	22.0	-1.0	27.0	27.0	-1.0	13.0	-1.0	-1.0	27.0	-1.0	-1.0	-1.0	-1.0	-1.0	-1.0	15.0	6.0	-1.0	39.0	21.0	19.0	-1.0	-1.0	0.0	9.0	
-1.0	23.0	19.0	19.0	35.0	17.0	0.0	20.0	20.0	12.0	27.0	37.0	-1.0	0.0	-1.0	-1.0	-1.0	16.0	0.0	-1.0	-1.0	-1.0	-1.0	-1.0	23.0	22.0	-1.0	27.0	27.0	-1.0	13.0	-1.0	-1.0	24.0	-1.0	10.0	-1.0	37.0	-1.0	-1.0	15.0	6.0	-1.0	39.0	21.0	-1.0	15.0	11.0	0.0	9.0	
-1.0	31.0	-1.0	19.0	28.0	-1.0	19.0	-1.0	-1.0	-1.0	27.0	40.0	-1.0	0.0	-1.0	-1.0	-1.0	-1.0	0.0	17.0	31.0	20.0	18.0	-1.0	23.0	22.0	28.0	27.0	27.0	-1.0	13.0	-1.0	37.0	-1.0	-1.0	-1.0	-1.0	-1.0	36.0	7.0	15.0	6.0	-1.0	-1.0	21.0	-1.0	-1.0	11.0	0.0	9.0	
-1.0	23.0	19.0	19.0	28.0	-1.0	0.0	-1.0	-1.0	12.0	27.0	-1.0	-1.0	0.0	7.0	27.0	-1.0	-1.0	-1.0	17.0	31.0	-1.0	18.0	3.0	-1.0	24.0	28.0	27.0	27.0	0.0	13.0	16.0	-1.0	24.0	-1.0	10.0	-1.0	-1.0	36.0	-1.0	15.0	-1.0	-1.0	-1.0	-1.0	-1.0	15.0	-1.0	0.0	9.0	
-1.0	23.0	19.0	19.0	28.0	17.0	0.0	-1.0	-1.0	12.0	27.0	-1.0	16.0	0.0	-1.0	-1.0	-1.0	-1.0	-1.0	-1.0	31.0	-1.0	18.0	-1.0	23.0	22.0	28.0	-1.0	27.0	-1.0	13.0	-1.0	37.0	24.0	8.0	10.0	-1.0	16.0	-1.0	-1.0	15.0	6.0	-1.0	39.0	21.0	-1.0	15.0	-1.0	0.0	9.0	
-1.0	-1.0	-1.0	-1.0	-1.0	-1.0	-1.0	-1.0	20.0	-1.0	-1.0	-1.0	40.0	-1.0	-1.0	-1.0	-1.0	-1.0	-1.0	-1.0	-1.0	-1.0	18.0	3.0	-1.0	-1.0	-1.0	-1.0	-1.0	-1.0	-1.0	-1.0	-1.0	-1.0	-1.0	-1.0	-1.0	-1.0	-1.0	-1.0	-1.0	-1.0	-1.0	39.0	-1.0	-1.0	-1.0	-1.0	0.0	49.0	
-1.0	23.0	19.0	-1.0	28.0	17.0	0.0	-1.0	-1.0	-1.0	-1.0	37.0	-1.0	-1.0	-1.0	-1.0	28.0	-1.0	-1.0	-1.0	31.0	-1.0	15.0	-1.0	-1.0	22.0	-1.0	27.0	27.0	-1.0	-1.0	16.0	-1.0	-1.0	-1.0	10.0	21.0	-1.0	-1.0	-1.0	15.0	6.0	22.0	-1.0	21.0	-1.0	15.0	-1.0	0.0	9.0	
-1.0	23.0	19.0	19.0	35.0	-1.0	0.0	-1.0	20.0	12.0	27.0	37.0	16.0	0.0	-1.0	-1.0	-1.0	-1.0	-1.0	-1.0	31.0	-1.0	18.0	-1.0	-1.0	22.0	-1.0	27.0	27.0	-1.0	-1.0	16.0	37.0	-1.0	-1.0	-1.0	-1.0	16.0	-1.0	-1.0	15.0	6.0	-1.0	-1.0	-1.0	19.0	15.0	11.0	0.0	9.0	
-1.0	23.0	19.0	19.0	28.0	17.0	0.0	-1.0	20.0	-1.0	27.0	37.0	-1.0	0.0	-1.0	27.0	-1.0	-1.0	-1.0	17.0	31.0	-1.0	18.0	-1.0	23.0	22.0	28.0	27.0	27.0	0.0	-1.0	17.0	-1.0	-1.0	-1.0	-1.0	-1.0	-1.0	-1.0	-1.0	15.0	6.0	-1.0	39.0	21.0	19.0	-1.0	11.0	-1.0	-1.0	
-1.0	23.0	19.0	19.0	-1.0	-1.0	0.0	20.0	20.0	-1.0	27.0	37.0	-1.0	-1.0	-1.0	-1.0	-1.0	-1.0	0.0	17.0	-1.0	-1.0	15.0	3.0	-1.0	22.0	-1.0	27.0	-1.0	0.0	-1.0	-1.0	-1.0	-1.0	-1.0	-1.0	-1.0	-1.0	-1.0	-1.0	15.0	6.0	-1.0	39.0	21.0	19.0	15.0	-1.0	0.0	9.0	

distances_centre_w :
63.0	31.0	42.0	47.0	-1.0	-1.0	19.0	-1.0	46.0	43.0	-1.0	61.0	40.0	51.0	43.0	-1.0	-1.0	-1.0	-1.0	-1.0	-1.0	-1.0	29.0	-1.0	-1.0	-1.0	-1.0	53.0	40.0	-1.0	-1.0	-1.0	-1.0	56.0	-1.0	-1.0	-1.0	-1.0	-1.0	-1.0	-1.0	-1.0	-1.0	55.0	-1.0	43.0	-1.0	-1.0	-1.0	49.0	
-1.0	31.0	36.0	21.0	41.0	18.0	19.0	29.0	23.0	39.0	28.0	40.0	-1.0	40.0	-1.0	-1.0	-1.0	24.0	40.0	-1.0	-1.0	-1.0	-1.0	-1.0	26.0	24.0	-1.0	30.0	40.0	-1.0	23.0	-1.0	-1.0	27.0	-1.0	45.0	-1.0	40.0	-1.0	-1.0	36.0	41.0	-1.0	55.0	45.0	-1.0	27.0	28.0	19.0	49.0	
-1.0	46.0	-1.0	47.0	41.0	-1.0	28.0	-1.0	-1.0	-1.0	28.0	61.0	-1.0	40.0	-1.0	-1.0	-1.0	-1.0	40.0	44.0	39.0	37.0	54.0	-1.0	26.0	43.0	31.0	30.0	40.0	-1.0	32.0	-1.0	39.0	-1.0	-1.0	-1.0	-1.0	-1.0	43.0	50.0	54.0	41.0	-1.0	-1.0	45.0	-1.0	-1.0	50.0	56.0	49.0	
-1.0	31.0	36.0	21.0	30.0	-1.0	19.0	-1.0	-1.0	39.0	28.0	-1.0	-1.0	40.0	15.0	46.0	-1.0	-1.0	-1.0	23.0	39.0	-1.0	39.0	21.0	-1.0	43.0	31.0	30.0	40.0	51.0	23.0	17.0	-1.0	27.0	-1.0	45.0	-1.0	-1.0	43.0	-1.0	36.0	-1.0	-1.0	-1.0	-1.0	-1.0	27.0	-1.0	19.0	49.0	
-1.0	31.0	36.0	21.0	41.0	18.0	19.0	-1.0	-1.0	44.0	28.0	-1.0	43.0	40.0	-1.0	-1.0	-1.0	-1.0	-1.0	-1.0	39.0	-1.0	29.0	-1.0	26.0	24.0	31.0	-1.0	40.0	-1.0	32.0	-1.0	39.0	27.0	23.0	45.0	-1.0	37.0	-1.0	-1.0	36.0	26.0	-1.0	55.0	45.0	-1.0	27.0	-1.0	19.0	49.0	
-1.0	31.0	42.0	47.0	30.0	37.0	19.0	-1.0	-1.0	-1.0	-1.0	-1.0	-1.0	-1.0	-1.0	-1.0	-1.0	-1.0	-1.0	-1.0	-1.0	-1.0	-1.0	-1.0	-1.0	43.0	-1.0	-1.0	-1.0	56.0	-1.0	-1.0	-1.0	-1.0	-1.0	-1.0	-1.0	-1.0	-1.0	-1.0	-1.0	-1.0	-1.0	-1.0	-1.0	-1.0	-1.0	-1.0	-1.0	-1.0	
-1.0	31.0	36.0	-1.0	41.0	18.0	19.0	-1.0	-1.0	-1.0	-1.0	40.0	-1.0	-1.0	-1.0	-1.0	44.0	-1.0	-1.0	-1.0	39.0	-1.0	29.0	-1.0	-1.0	43.0	-1.0	30.0	40.0	-1.0	-1.0	36.0	-1.0	-1.0	-1.0	45.0	25.0	-1.0	-1.0	-1.0	36.0	26.0	39.0	-1.0	45.0	-1.0	27.0	-1.0	19.0	49.0	
-1.0	31.0	36.0	21.0	41.0	-1.0	19.0	-1.0	23.0	44.0	28.0	40.0	43.0	40.0	-1.0	-1.0	-1.0	-1.0	-1.0	-1.0	39.0	-1.0	29.0	-1.0	-1.0	24.0	-1.0	30.0	40.0	-1.0	-1.0	17.0	39.0	-1.0	-1.0	-1.0	-1.0	37.0	-1.0	-1.0	36.0	26.0	-1.0	-1.0	-1.0	43.0	27.0	28.0	19.0	49.0	
-1.0	31.0	36.0	21.0	37.0	18.0	19.0	-1.0	23.0	-1.0	28.0	40.0	-1.0	40.0	-1.0	46.0	-1.0	-1.0	-1.0	23.0	39.0	-1.0	29.0	-1.0	26.0	24.0	31.0	53.0	40.0	51.0	-1.0	36.0	-1.0	-1.0	-1.0	-1.0	-1.0	-1.0	-1.0	-1.0	36.0	26.0	-1.0	55.0	45.0	43.0	-1.0	28.0	-1.0	-1.0	
-1.0	31.0	36.0	21.0	-1.0	-1.0	19.0	29.0	23.0	-1.0	28.0	40.0	-1.0	-1.0	-1.0	-1.0	-1.0	-1.0	44.0	23.0	-1.0	-1.0	18.0	21.0	-1.0	43.0	-1.0	30.0	-1.0	51.0	-1.0	-1.0	-1.0	-1.0	-1.0	-1.0	-1.0	-1.0	-1.0	-1.0	36.0	26.0	-1.0	55.0	45.0	43.0	27.0	-1.0	19.0	49.0	

maxX :
46.0	39.0	40.0	36.0	39.0	49.0	37.0	37.0	39.0	39.0	

maxW :
63.0	55.0	61.0	51.0	55.0	56.0	49.0	49.0	55.0	55.0	

minX :
0.0	0.0	0.0	0.0	0.0	0.0	0.0	0.0	0.0	0.0	

minW :
19.0	18.0	26.0	15.0	18.0	19.0	18.0	17.0	18.0	18.0	

moyX :
20.5	18.133333333333333	19.703703703703702	16.964285714285715	18.03448275862069	24.142857142857142	18.59090909090909	18.346153846153847	19.925925925925927	16.217391304347824	

moyW :
45.05555555555556	32.8	42.0	32.42857142857143	33.44827586206897	38.125	34.40909090909091	32.65384615384615	34.22222222222222	32.91304347826087	

medX :
19.0	19.0	20.0	17.5	18.0	20.0	20.0	18.5	20.0	19.0	

medW :
44.5	30.5	41.0	31.0	32.0	39.5	36.0	33.5	36.0	30.0	

ecartTypeX :
11.708259193122322	10.852751827173707	11.104936555974037	10.27647154167902	9.991316086795296	17.626510645928207	9.364629250095037	10.340146955109219	9.91417214536072	10.886595354475993	

ecartTypeW :
10.854964159939923	9.620810776644555	8.919392106839767	10.160949658333305	9.600956155316716	10.728903718460707	8.988169451153256	8.831509617850026	10.228259086991162	11.111737012406849	

varX :
137.08333333333334	117.78222222222222	123.31961591220849	105.60586734693878	99.82639714625446	310.6938775510204	87.69628099173555	106.91863905325444	98.29080932784636	118.51795841209828	

varW :
117.83024691358024	92.56	79.55555555555556	103.24489795918369	92.17835909631393	115.109375	80.78719008264463	77.9955621301775	104.61728395061728	123.47069943289227	

covarX :
143.04347826086956	121.84367816091952	128.06267806267806	109.51719576719576	103.39162561576353	362.4761904761905	91.87229437229438	111.19538461538461	102.07122507122507	123.90513833992094	

covarW :
124.76143790849673	95.75172413793103	82.61538461538461	107.06878306878308	95.4704433497537	131.55357142857142	84.63419913419914	81.11538461538461	108.64102564102564	129.0830039525692	

coef_variationX :
0.5711345947864547	0.5984973434103147	0.5635964041565771	0.6057709540358159	0.5540117906636015	0.7300921569319375	0.5037208887581682	0.5636138801527038	0.4975513901946829	0.67129140255482	

coef_variationW :
0.24092398875329052	0.2933174017269682	0.2123664787342802	0.3133332493759169	0.28703889536513894	0.28141386802519885	0.2612149642343087	0.2704584806408724	0.2988777005938976	0.33760891847471275	

moy_distances_centre :	49.3
min_distances_centre :	19.0
max_distances_centre :	78.0
med_distances_centre :	51.5
ecartType_distances_centre :	16.72752223134078
var_distances_centre :	279.81000000000006
covar_distances_centre :	294.5368421052632
coef_variation_distances_centre :	0.3393006537797319
capacite_X_temoin : 
156.0	0.0	159.0	175.0	144.0	
138.0	162.0	178.0	163.0	159.0	
0.0	136.0	178.0	147.0	166.0	
166.0	141.0	159.0	168.0	171.0	
144.0	162.0	169.0	147.0	165.0	
172.0	135.0	145.0	0.0	157.0	
172.0	157.0	157.0	135.0	163.0	
141.0	172.0	145.0	156.0	148.0	
147.0	171.0	148.0	144.0	169.0	
154.0	177.0	171.0	147.0	163.0	

capacite_W_temoin : 
150.8	0.0	63.699999999999996	136.5	102.19999999999999	
133.4	163.6	57.4	170.9	135.7	
0.0	127.8	77.4	133.1	112.8	
174.8	135.3	105.69999999999999	174.4	134.3	
152.2	143.6	63.699999999999996	157.1	145.5	
179.6	123.5	79.5	0.0	122.1	
183.6	184.1	92.1	135.5	172.9	
143.3	173.6	90.5	133.8	130.4	
150.1	199.3	51.4	144.2	124.69999999999999	
155.2	223.1	106.3	135.1	160.9	

demande_cumulee_X : 
52.0	0.0	143.0	91.0	85.0	
46.0	47.0	174.0	41.0	71.0	
0.0	49.0	154.0	58.0	103.0	
41.0	48.0	101.0	44.0	88.0	
35.0	67.0	156.0	34.0	69.0	
44.0	52.0	109.0	0.0	82.0	
40.0	20.0	112.0	40.0	39.0	
40.0	50.0	98.0	69.0	62.0	
41.0	23.0	141.0	43.0	95.0	
45.0	7.0	116.0	56.0	51.0	

demande_cumulee_W : 
148.0	0.0	62.0	65.0	96.0	
120.0	92.0	25.0	51.0	91.0	
0.0	127.0	64.0	71.0	102.0	
101.0	71.0	23.0	55.0	72.0	
107.0	99.0	24.0	81.0	50.0	
111.0	56.0	38.0	0.0	82.0	
87.0	50.0	17.0	19.0	78.0	
122.0	56.0	25.0	30.0	86.0	
102.0	96.0	33.0	55.0	57.0	
86.0	59.0	0.0	22.0	108.0	

capacite_residuelle_X : 
104.0	0.0	16.0	84.0	59.0	
92.0	115.0	4.0	122.0	88.0	
0.0	87.0	24.0	89.0	63.0	
125.0	93.0	58.0	124.0	83.0	
109.0	95.0	13.0	113.0	96.0	
128.0	83.0	36.0	0.0	75.0	
132.0	137.0	45.0	95.0	124.0	
101.0	122.0	47.0	87.0	86.0	
106.0	148.0	7.0	101.0	74.0	
109.0	170.0	55.0	91.0	112.0	

capacite_residuelle_W : 
2.8000000000000114	0.0	1.6999999999999957	71.5	6.199999999999989	
13.400000000000006	71.6	32.4	119.9	44.69999999999999	
0.0	0.7999999999999972	13.400000000000006	62.099999999999994	10.799999999999997	
73.80000000000001	64.30000000000001	82.69999999999999	119.4	62.30000000000001	
45.19999999999999	44.599999999999994	39.699999999999996	76.1	95.5	
68.6	67.5	41.5	0.0	40.099999999999994	
96.6	134.1	75.1	116.5	94.9	
21.30000000000001	117.6	65.5	103.80000000000001	44.400000000000006	
48.099999999999994	103.30000000000001	18.4	89.19999999999999	67.69999999999999	
69.19999999999999	164.1	106.3	113.1	52.900000000000006	

min_capacite_X : 
0.0	138.0	0.0	141.0	144.0	0.0	135.0	141.0	144.0	147.0	

min_capacite_W : 
0.0	57.4	0.0	105.69999999999999	63.699999999999996	0.0	92.1	90.5	51.4	106.3	

max_capacite_X : 
175.0	178.0	178.0	171.0	169.0	172.0	172.0	172.0	171.0	177.0	

max_capacite_W : 
150.8	170.9	133.1	174.8	157.1	179.6	184.1	173.6	199.3	223.1	

moy_capacite_X : 
126.8	160.0	125.4	161.0	157.4	121.8	156.8	152.4	155.8	162.4	

moy_capacite_W : 
90.64	132.2	90.22	144.9	132.42	100.94000000000001	153.64	134.32	133.94	156.11999999999998	

med_capacite_X : 
156.0	162.0	147.0	166.0	162.0	145.0	157.0	148.0	148.0	163.0	

med_capacite_W : 
102.19999999999999	135.7	112.8	135.3	145.5	122.1	172.9	133.8	144.2	155.2	

ecartType_capacite_X : 
64.16665800865744	12.821856339859686	64.37266500619654	10.75174404457249	10.011992808627062	62.13984229139949	12.204917041913886	10.965400129498239	11.685888926393234	10.910545357588685	

ecartType_capacite_W : 
54.40105146042676	40.23028709815529	49.12190550049947	26.47799086033531	34.69544062265243	59.653419013498294	35.5319349318328	26.681034462704027	48.034512592509984	38.5587551666285	

var_capacite_X : 
4117.360000000001	164.4	4143.840000000001	115.6	100.24000000000001	3861.3600000000006	148.95999999999998	120.23999999999998	136.56	119.04	

var_capacite_W : 
2959.4744	1618.4759999999999	2412.9616	701.0840000000002	1203.7736000000002	3558.5303999999996	1262.5184000000002	711.8775999999999	2307.3144	1486.7776	

covar_capacite_X : 
5146.700000000001	205.5	5179.800000000001	144.5	125.30000000000001	4826.700000000001	186.2	150.29999999999998	170.7	148.8	

covar_capacite_W : 
3699.3430000000003	2023.0949999999998	3016.202	876.3550000000002	1504.7170000000003	4448.163	1578.1480000000001	889.8469999999999	2884.143	1858.472	

##########	##########	##########	##########	##########	##########	##########	##########	##########	##########	##########	##########	##########	##########	##########	##########	##########	##########	##########	##########	##########	##########	##########	##########	##########	##########	##########	##########	##########	##########	##########	##########	##########	##########	##########	##########	##########	##########	##########	##########	##########	##########	##########	##########	##########	##########	##########	##########	##########	##########	nombre de noeuds : 50
nombre de strates : 10
nombre de centres : 5
titre : intelligent
instances : p7_3
temps de calcul : 0.06088995933532715
valeur objective : 1208.0
nombre de solutions : 3
nombre de noeuds : 1.0
faisability : True
centre : [18, 48, 13, 6, 44]
moy_distances :	47.35
min_distances :	1.0
max_distances :	120.0
var_distances :	507.7547355268637
covar_distances :	507.96206698277524
ecartType_distances :	22.533413756616277
coef_variation	: 0.47592123882508514
distances_centre_x :
63.0	-1.0	42.0	19.0	-1.0	17.0	-1.0	-1.0	-1.0	39.0	-1.0	-1.0	40.0	40.0	-1.0	27.0	-1.0	16.0	-1.0	-1.0	-1.0	-1.0	-1.0	3.0	-1.0	22.0	-1.0	30.0	27.0	-1.0	13.0	-1.0	-1.0	-1.0	-1.0	-1.0	-1.0	-1.0	-1.0	-1.0	15.0	6.0	-1.0	39.0	0.0	43.0	-1.0	-1.0	0.0	49.0	
-1.0	23.0	42.0	19.0	28.0	17.0	0.0	20.0	20.0	12.0	27.0	37.0	-1.0	0.0	-1.0	-1.0	-1.0	16.0	0.0	-1.0	-1.0	-1.0	-1.0	-1.0	19.0	22.0	-1.0	30.0	27.0	-1.0	13.0	-1.0	-1.0	24.0	-1.0	10.0	-1.0	16.0	-1.0	-1.0	15.0	6.0	-1.0	39.0	0.0	-1.0	15.0	11.0	0.0	49.0	
-1.0	31.0	-1.0	27.0	28.0	-1.0	19.0	-1.0	-1.0	-1.0	27.0	40.0	-1.0	0.0	-1.0	-1.0	-1.0	-1.0	0.0	17.0	13.0	20.0	18.0	-1.0	19.0	22.0	28.0	30.0	27.0	-1.0	13.0	-1.0	37.0	-1.0	-1.0	-1.0	-1.0	-1.0	43.0	50.0	15.0	6.0	-1.0	-1.0	0.0	-1.0	-1.0	11.0	0.0	49.0	
-1.0	23.0	36.0	19.0	28.0	-1.0	0.0	-1.0	-1.0	12.0	27.0	-1.0	-1.0	0.0	7.0	27.0	-1.0	-1.0	-1.0	17.0	13.0	-1.0	15.0	3.0	-1.0	22.0	28.0	30.0	27.0	51.0	13.0	17.0	-1.0	24.0	-1.0	10.0	-1.0	-1.0	43.0	-1.0	15.0	-1.0	-1.0	-1.0	-1.0	-1.0	15.0	-1.0	0.0	49.0	
-1.0	23.0	42.0	19.0	30.0	17.0	0.0	-1.0	-1.0	12.0	27.0	-1.0	43.0	0.0	-1.0	-1.0	-1.0	-1.0	-1.0	-1.0	13.0	-1.0	15.0	-1.0	19.0	22.0	28.0	-1.0	27.0	-1.0	13.0	-1.0	37.0	24.0	23.0	10.0	-1.0	16.0	-1.0	-1.0	15.0	6.0	-1.0	39.0	0.0	-1.0	15.0	-1.0	0.0	49.0	
-1.0	-1.0	-1.0	-1.0	-1.0	-1.0	-1.0	-1.0	20.0	-1.0	-1.0	-1.0	40.0	-1.0	-1.0	-1.0	-1.0	-1.0	-1.0	-1.0	-1.0	-1.0	18.0	3.0	-1.0	-1.0	-1.0	-1.0	-1.0	-1.0	-1.0	-1.0	-1.0	-1.0	-1.0	-1.0	-1.0	-1.0	-1.0	-1.0	-1.0	-1.0	-1.0	39.0	-1.0	-1.0	-1.0	-1.0	0.0	49.0	
-1.0	23.0	36.0	-1.0	28.0	17.0	0.0	-1.0	-1.0	-1.0	-1.0	40.0	-1.0	-1.0	-1.0	-1.0	28.0	-1.0	-1.0	-1.0	13.0	-1.0	15.0	-1.0	-1.0	22.0	-1.0	30.0	27.0	-1.0	-1.0	17.0	-1.0	-1.0	-1.0	10.0	21.0	-1.0	-1.0	-1.0	15.0	6.0	22.0	-1.0	0.0	-1.0	15.0	-1.0	0.0	49.0	
-1.0	23.0	36.0	19.0	28.0	-1.0	0.0	-1.0	20.0	12.0	27.0	37.0	40.0	0.0	-1.0	-1.0	-1.0	-1.0	-1.0	-1.0	13.0	-1.0	15.0	-1.0	-1.0	22.0	-1.0	30.0	27.0	-1.0	-1.0	16.0	37.0	-1.0	-1.0	-1.0	-1.0	16.0	-1.0	-1.0	15.0	6.0	-1.0	-1.0	-1.0	43.0	15.0	11.0	0.0	49.0	
-1.0	31.0	42.0	19.0	30.0	17.0	0.0	-1.0	20.0	-1.0	27.0	37.0	-1.0	0.0	-1.0	27.0	-1.0	-1.0	-1.0	17.0	13.0	-1.0	15.0	-1.0	19.0	22.0	28.0	30.0	27.0	51.0	-1.0	17.0	-1.0	-1.0	-1.0	-1.0	-1.0	-1.0	-1.0	-1.0	15.0	6.0	-1.0	39.0	0.0	43.0	-1.0	11.0	-1.0	-1.0	
-1.0	23.0	36.0	19.0	-1.0	-1.0	0.0	29.0	20.0	-1.0	27.0	37.0	-1.0	-1.0	-1.0	-1.0	-1.0	-1.0	0.0	17.0	-1.0	-1.0	18.0	3.0	-1.0	24.0	-1.0	30.0	-1.0	51.0	-1.0	-1.0	-1.0	-1.0	-1.0	-1.0	-1.0	-1.0	-1.0	-1.0	15.0	6.0	-1.0	39.0	0.0	43.0	15.0	-1.0	0.0	49.0	

distances_centre_w :
66.0	31.0	-1.0	27.0	-1.0	36.0	19.0	-1.0	35.0	49.0	-1.0	61.0	63.0	-1.0	64.0	-1.0	-1.0	26.0	-1.0	-1.0	-1.0	-1.0	18.0	-1.0	-1.0	43.0	-1.0	53.0	-1.0	-1.0	31.0	-1.0	-1.0	66.0	-1.0	-1.0	-1.0	-1.0	-1.0	-1.0	19.0	24.0	-1.0	-1.0	21.0	-1.0	-1.0	-1.0	-1.0	-1.0	
-1.0	31.0	52.0	21.0	30.0	37.0	19.0	29.0	23.0	39.0	61.0	40.0	-1.0	40.0	-1.0	-1.0	-1.0	24.0	21.0	-1.0	-1.0	-1.0	-1.0	-1.0	23.0	24.0	-1.0	39.0	46.0	-1.0	23.0	-1.0	-1.0	56.0	-1.0	59.0	-1.0	37.0	-1.0	-1.0	19.0	26.0	-1.0	58.0	21.0	-1.0	28.0	50.0	19.0	54.0	
-1.0	46.0	-1.0	47.0	30.0	-1.0	52.0	-1.0	-1.0	-1.0	61.0	61.0	-1.0	40.0	-1.0	-1.0	-1.0	-1.0	21.0	44.0	31.0	52.0	39.0	-1.0	23.0	38.0	56.0	69.0	65.0	-1.0	31.0	-1.0	77.0	-1.0	-1.0	-1.0	-1.0	-1.0	80.0	74.0	19.0	41.0	-1.0	-1.0	21.0	-1.0	-1.0	50.0	44.0	54.0	
-1.0	31.0	52.0	21.0	35.0	-1.0	19.0	-1.0	-1.0	39.0	64.0	-1.0	-1.0	40.0	15.0	46.0	-1.0	-1.0	-1.0	23.0	31.0	-1.0	18.0	21.0	-1.0	43.0	45.0	39.0	46.0	69.0	23.0	35.0	-1.0	51.0	-1.0	50.0	-1.0	-1.0	80.0	-1.0	19.0	-1.0	-1.0	-1.0	-1.0	-1.0	27.0	-1.0	19.0	54.0	
-1.0	31.0	59.0	21.0	35.0	18.0	19.0	-1.0	-1.0	39.0	61.0	-1.0	63.0	52.0	-1.0	-1.0	-1.0	-1.0	-1.0	-1.0	31.0	-1.0	18.0	-1.0	23.0	24.0	45.0	-1.0	46.0	-1.0	23.0	-1.0	77.0	51.0	36.0	50.0	-1.0	37.0	-1.0	-1.0	19.0	26.0	-1.0	58.0	21.0	-1.0	30.0	-1.0	19.0	54.0	
-1.0	31.0	42.0	47.0	30.0	37.0	19.0	-1.0	-1.0	-1.0	-1.0	-1.0	-1.0	-1.0	-1.0	-1.0	-1.0	-1.0	-1.0	-1.0	-1.0	-1.0	-1.0	-1.0	-1.0	43.0	-1.0	-1.0	-1.0	56.0	-1.0	-1.0	-1.0	-1.0	-1.0	-1.0	-1.0	-1.0	-1.0	-1.0	-1.0	-1.0	-1.0	-1.0	-1.0	-1.0	-1.0	-1.0	-1.0	-1.0	
-1.0	31.0	42.0	-1.0	41.0	18.0	19.0	-1.0	-1.0	-1.0	-1.0	61.0	-1.0	-1.0	-1.0	-1.0	69.0	-1.0	-1.0	-1.0	31.0	-1.0	29.0	-1.0	-1.0	43.0	-1.0	39.0	46.0	-1.0	-1.0	35.0	-1.0	-1.0	-1.0	50.0	25.0	-1.0	-1.0	-1.0	19.0	24.0	39.0	-1.0	21.0	-1.0	27.0	-1.0	19.0	54.0	
-1.0	31.0	52.0	21.0	57.0	-1.0	19.0	-1.0	35.0	39.0	61.0	61.0	52.0	40.0	-1.0	-1.0	-1.0	-1.0	-1.0	-1.0	31.0	-1.0	18.0	-1.0	-1.0	61.0	-1.0	39.0	68.0	-1.0	-1.0	35.0	77.0	-1.0	-1.0	-1.0	-1.0	37.0	-1.0	-1.0	19.0	24.0	-1.0	-1.0	-1.0	59.0	27.0	50.0	19.0	63.0	
-1.0	46.0	52.0	21.0	41.0	36.0	19.0	-1.0	23.0	-1.0	61.0	61.0	-1.0	40.0	-1.0	46.0	-1.0	-1.0	-1.0	23.0	31.0	-1.0	18.0	-1.0	23.0	24.0	45.0	39.0	46.0	56.0	-1.0	35.0	-1.0	-1.0	-1.0	-1.0	-1.0	-1.0	-1.0	-1.0	19.0	24.0	-1.0	58.0	21.0	59.0	-1.0	50.0	-1.0	-1.0	
-1.0	31.0	42.0	27.0	-1.0	-1.0	19.0	42.0	23.0	-1.0	61.0	61.0	-1.0	-1.0	-1.0	-1.0	-1.0	-1.0	44.0	44.0	-1.0	-1.0	29.0	46.0	-1.0	38.0	-1.0	39.0	-1.0	56.0	-1.0	-1.0	-1.0	-1.0	-1.0	-1.0	-1.0	-1.0	-1.0	-1.0	19.0	24.0	-1.0	58.0	21.0	60.0	27.0	-1.0	19.0	54.0	

maxX :
63.0	49.0	50.0	51.0	49.0	49.0	49.0	49.0	51.0	51.0	

maxW :
66.0	61.0	80.0	80.0	77.0	56.0	69.0	77.0	61.0	61.0	

minX :
0.0	0.0	0.0	0.0	0.0	0.0	0.0	0.0	0.0	0.0	

minW :
18.0	19.0	19.0	15.0	18.0	19.0	18.0	18.0	18.0	19.0	

moyX :
26.19047619047619	18.566666666666666	21.85185185185185	20.392857142857142	20.137931034482758	24.142857142857142	19.727272727272727	21.423076923076923	22.333333333333332	21.782608695652176	

moyW :
39.578947368421055	34.96666666666667	46.888888888888886	37.67857142857143	37.44827586206897	38.125	35.54545454545455	42.11538461538461	37.666666666666664	38.43478260869565	

medX :
27.0	18.0	20.0	18.0	19.0	20.0	19.0	19.5	20.0	20.0	

medW :
35.0	30.5	46.0	37.0	35.0	39.5	33.0	39.0	39.0	39.0	

ecartTypeX :
16.913277533231096	12.63245379524061	14.117768430581853	13.363968844071213	13.082560484203004	17.626510645928207	12.483377377288633	13.191410599684456	13.0781129004546	15.55902232800643	

ecartTypeW :
17.327543602975563	13.59530147595934	17.07138245032991	16.52714989565561	16.41401043032015	10.728903718460707	14.01209630908975	17.256719812821462	14.458113190767218	14.523821772033163	

varX :
286.05895691609976	159.57888888888886	199.3113854595336	178.5956632653061	171.15338882282995	310.6938775510204	155.83471074380165	174.01331360946745	171.03703703703704	242.0831758034026	

varW :
300.24376731301936	184.8322222222222	291.4320987654321	273.14668367346934	269.4197384066587	115.109375	196.3388429752066	297.7943786982248	209.03703703703704	210.9413988657845	

covarX :
300.3619047619048	165.0816091954023	206.977207977208	185.2103174603174	177.26600985221677	362.4761904761905	163.25541125541122	180.97384615384613	177.6153846153846	253.0869565217391	

covarW :
316.9239766081871	191.2057471264368	302.6410256410257	283.2632275132275	279.04187192118223	131.55357142857142	205.6883116883117	309.7061538461538	217.07692307692307	220.5296442687747	

coef_variationX :
0.6457796876324601	0.680383507822654	0.6460673688571357	0.655325967835366	0.649647695277204	0.7300921569319375	0.6327979315676265	0.6157570477411056	0.5855871447964747	0.7142864541799359	

coef_variationW :
0.4377969793304996	0.38880747786347014	0.3640816162392635	0.43863525789417734	0.438311512411864	0.28141386802519885	0.3942021979539316	0.40974859829530413	0.3838437130292182	0.377882240675071	

moy_distances_centre :	42.0
min_distances_centre :	19.0
max_distances_centre :	66.0
med_distances_centre :	44.5
ecartType_distances_centre :	14.505171491574997
var_distances_centre :	210.4
covar_distances_centre :	221.4736842105263
coef_variation_distances_centre :	0.3453612259898809
capacite_X_temoin : 
156.0	0.0	159.0	135.0	144.0	
138.0	162.0	178.0	168.0	159.0	
0.0	136.0	178.0	135.0	166.0	
166.0	141.0	159.0	163.0	171.0	
144.0	162.0	169.0	144.0	165.0	
172.0	135.0	145.0	0.0	157.0	
172.0	157.0	157.0	172.0	163.0	
141.0	172.0	145.0	151.0	148.0	
147.0	171.0	148.0	135.0	169.0	
154.0	177.0	171.0	153.0	163.0	

capacite_W_temoin : 
120.8	0.0	67.69999999999999	158.5	54.199999999999996	
135.4	154.6	104.4	178.4	94.69999999999999	
0.0	122.8	152.4	100.5	59.8	
177.8	120.3	123.69999999999999	187.9	108.3	
146.2	134.6	121.69999999999999	132.2	123.5	
179.6	123.5	79.5	0.0	122.1	
184.6	175.1	135.1	182.6	138.9	
142.3	162.6	113.5	173.3	73.4	
159.1	199.3	110.4	116.5	72.69999999999999	
155.2	212.1	131.3	181.9	107.9	

demande_cumulee_X : 
82.0	0.0	139.0	17.0	133.0	
44.0	56.0	127.0	40.0	112.0	
0.0	54.0	79.0	75.0	156.0	
38.0	63.0	83.0	24.0	114.0	
41.0	76.0	98.0	55.0	91.0	
44.0	52.0	109.0	0.0	82.0	
39.0	29.0	69.0	41.0	73.0	
41.0	61.0	75.0	23.0	119.0	
32.0	23.0	82.0	59.0	147.0	
45.0	18.0	91.0	17.0	104.0	

demande_cumulee_W : 
115.0	0.0	64.0	147.0	45.0	
117.0	87.0	81.0	27.0	67.0	
0.0	73.0	152.0	80.0	59.0	
125.0	58.0	59.0	20.0	60.0	
129.0	32.0	109.0	35.0	56.0	
111.0	56.0	38.0	0.0	82.0	
69.0	31.0	67.0	33.0	51.0	
75.0	54.0	108.0	37.0	45.0	
98.0	60.0	100.0	48.0	37.0	
79.0	30.0	32.0	54.0	80.0	

capacite_residuelle_X : 
74.0	0.0	20.0	118.0	11.0	
94.0	106.0	51.0	128.0	47.0	
0.0	82.0	99.0	60.0	10.0	
128.0	78.0	76.0	139.0	57.0	
103.0	86.0	71.0	89.0	74.0	
128.0	83.0	36.0	0.0	75.0	
133.0	128.0	88.0	131.0	90.0	
100.0	111.0	70.0	128.0	29.0	
115.0	148.0	66.0	76.0	22.0	
109.0	159.0	80.0	136.0	59.0	

capacite_residuelle_W : 
5.799999999999997	0.0	3.6999999999999886	11.5	9.199999999999996	
18.400000000000006	67.6	23.400000000000006	151.4	27.69999999999999	
0.0	49.8	0.4000000000000057	20.5	0.7999999999999972	
52.80000000000001	62.3	64.69999999999999	167.9	48.3	
17.19999999999999	102.6	12.699999999999989	97.19999999999999	67.5	
68.6	67.5	41.5	0.0	40.099999999999994	
115.6	144.1	68.1	149.6	87.9	
67.30000000000001	108.6	5.5	136.3	28.400000000000006	
61.099999999999994	139.3	10.400000000000006	68.5	35.69999999999999	
76.19999999999999	182.1	99.30000000000001	127.9	27.900000000000006	

min_capacite_X : 
0.0	138.0	0.0	141.0	144.0	0.0	157.0	141.0	135.0	153.0	

min_capacite_W : 
0.0	94.69999999999999	0.0	108.3	121.69999999999999	0.0	135.1	73.4	72.69999999999999	107.9	

max_capacite_X : 
159.0	178.0	178.0	171.0	169.0	172.0	172.0	172.0	171.0	177.0	

max_capacite_W : 
158.5	178.4	152.4	187.9	146.2	179.6	184.6	173.3	199.3	212.1	

moy_capacite_X : 
118.8	161.0	123.0	160.0	156.8	121.8	164.2	151.4	154.0	163.6	

moy_capacite_W : 
80.24	133.5	87.1	143.6	131.64	100.94000000000001	163.26	133.02	131.6	157.68	

med_capacite_X : 
144.0	162.0	136.0	163.0	162.0	145.0	163.0	148.0	148.0	163.0	

med_capacite_W : 
67.69999999999999	135.4	100.5	123.69999999999999	132.2	122.1	175.1	142.3	116.5	155.2	

ecartType_capacite_X : 
60.0179973008097	13.206059215375342	63.74323493516783	10.276186062932103	10.684568311354464	62.13984229139949	6.734983296193095	10.818502669038816	13.856406460551018	9.372299611087985	

ecartType_capacite_W : 
54.851676364537845	31.03894328098172	53.009131288863806	32.61018245885786	8.78785525597685	59.653419013498294	21.707196963219364	36.108580697667975	43.55731855842369	36.68309692487808	

var_capacite_X : 
3602.16	174.4	4063.2	105.6	114.16	3861.3600000000006	45.36	117.03999999999999	192.0	87.84	

var_capacite_W : 
3008.7063999999996	963.4160000000002	2809.968	1063.4240000000004	77.22639999999997	3558.5303999999996	471.20239999999995	1303.8296	1897.2400000000005	1345.6495999999995	

covar_capacite_X : 
4502.7	218.0	5079.0	132.0	142.7	4826.700000000001	56.699999999999996	146.29999999999998	240.0	109.80000000000001	

covar_capacite_W : 
3760.8829999999994	1204.2700000000002	3512.46	1329.2800000000007	96.53299999999996	4448.163	589.0029999999999	1629.787	2371.5500000000006	1682.0619999999994	

##########	##########	##########	##########	##########	##########	##########	##########	##########	##########	##########	##########	##########	##########	##########	##########	##########	##########	##########	##########	##########	##########	##########	##########	##########	##########	##########	##########	##########	##########	##########	##########	##########	##########	##########	##########	##########	##########	##########	##########	##########	##########	##########	##########	##########	##########	##########	##########	##########	##########	nombre de noeuds : 50
nombre de strates : 10
nombre de centres : 5
titre : intelligent
instances : p7_3
temps de calcul : 0.059680938720703125
valeur objective : 1158.0
nombre de solutions : 3
nombre de noeuds : 1.0
faisability : True
centre : [18, 48, 13, 6, 30]
moy_distances :	47.35
min_distances :	1.0
max_distances :	120.0
var_distances :	507.7547355268637
covar_distances :	507.96206698277524
ecartType_distances :	22.533413756616277
coef_variation	: 0.47592123882508514
distances_centre_x :
54.0	-1.0	46.0	14.0	-1.0	17.0	-1.0	-1.0	20.0	27.0	-1.0	-1.0	-1.0	40.0	7.0	27.0	-1.0	12.0	-1.0	-1.0	-1.0	-1.0	-1.0	3.0	-1.0	22.0	-1.0	30.0	27.0	-1.0	0.0	-1.0	-1.0	44.0	-1.0	-1.0	-1.0	-1.0	-1.0	-1.0	15.0	6.0	-1.0	39.0	21.0	43.0	-1.0	-1.0	0.0	49.0	
-1.0	23.0	36.0	14.0	30.0	17.0	0.0	20.0	20.0	12.0	27.0	37.0	-1.0	0.0	-1.0	-1.0	-1.0	12.0	0.0	-1.0	-1.0	-1.0	-1.0	-1.0	23.0	22.0	-1.0	30.0	27.0	-1.0	0.0	-1.0	-1.0	24.0	-1.0	10.0	-1.0	25.0	-1.0	-1.0	15.0	6.0	-1.0	39.0	21.0	-1.0	4.0	11.0	0.0	49.0	
-1.0	31.0	-1.0	14.0	28.0	-1.0	19.0	-1.0	-1.0	-1.0	27.0	40.0	-1.0	0.0	-1.0	-1.0	-1.0	-1.0	0.0	11.0	31.0	20.0	18.0	-1.0	23.0	22.0	28.0	30.0	27.0	-1.0	13.0	-1.0	37.0	-1.0	-1.0	-1.0	-1.0	-1.0	43.0	50.0	15.0	6.0	-1.0	-1.0	21.0	-1.0	-1.0	11.0	0.0	49.0	
-1.0	23.0	46.0	14.0	28.0	-1.0	0.0	-1.0	-1.0	12.0	27.0	-1.0	-1.0	0.0	7.0	27.0	-1.0	-1.0	-1.0	11.0	31.0	-1.0	15.0	3.0	-1.0	22.0	28.0	30.0	27.0	51.0	13.0	17.0	-1.0	24.0	-1.0	10.0	-1.0	-1.0	43.0	-1.0	15.0	-1.0	-1.0	-1.0	-1.0	-1.0	4.0	-1.0	0.0	49.0	
-1.0	-1.0	-1.0	-1.0	30.0	-1.0	-1.0	-1.0	-1.0	-1.0	-1.0	-1.0	40.0	-1.0	-1.0	-1.0	-1.0	-1.0	-1.0	-1.0	-1.0	-1.0	-1.0	-1.0	-1.0	-1.0	28.0	-1.0	27.0	-1.0	-1.0	-1.0	-1.0	-1.0	-1.0	-1.0	-1.0	-1.0	-1.0	-1.0	-1.0	-1.0	-1.0	39.0	-1.0	-1.0	-1.0	-1.0	0.0	49.0	
22.0	23.0	36.0	14.0	28.0	17.0	0.0	20.0	20.0	12.0	-1.0	37.0	40.0	-1.0	-1.0	-1.0	-1.0	-1.0	-1.0	-1.0	31.0	-1.0	15.0	3.0	23.0	22.0	-1.0	-1.0	-1.0	51.0	-1.0	16.0	-1.0	24.0	-1.0	10.0	-1.0	-1.0	-1.0	-1.0	15.0	6.0	-1.0	39.0	-1.0	-1.0	-1.0	-1.0	0.0	49.0	
-1.0	-1.0	-1.0	-1.0	30.0	-1.0	-1.0	-1.0	-1.0	-1.0	-1.0	-1.0	-1.0	-1.0	-1.0	-1.0	-1.0	-1.0	-1.0	-1.0	-1.0	-1.0	-1.0	-1.0	-1.0	-1.0	-1.0	30.0	27.0	-1.0	-1.0	-1.0	-1.0	-1.0	-1.0	-1.0	-1.0	-1.0	-1.0	-1.0	-1.0	-1.0	22.0	-1.0	-1.0	-1.0	-1.0	-1.0	0.0	49.0	
-1.0	23.0	36.0	14.0	28.0	-1.0	0.0	-1.0	20.0	12.0	27.0	37.0	40.0	0.0	-1.0	-1.0	-1.0	-1.0	-1.0	-1.0	31.0	-1.0	15.0	-1.0	-1.0	22.0	-1.0	30.0	27.0	-1.0	-1.0	17.0	37.0	-1.0	-1.0	-1.0	-1.0	37.0	-1.0	-1.0	15.0	6.0	-1.0	-1.0	-1.0	43.0	4.0	11.0	0.0	49.0	
-1.0	31.0	36.0	14.0	30.0	17.0	0.0	-1.0	20.0	-1.0	27.0	37.0	-1.0	0.0	-1.0	27.0	-1.0	-1.0	-1.0	11.0	31.0	-1.0	17.0	-1.0	23.0	22.0	28.0	30.0	27.0	51.0	-1.0	16.0	-1.0	-1.0	-1.0	-1.0	-1.0	-1.0	-1.0	-1.0	15.0	6.0	-1.0	39.0	21.0	43.0	-1.0	11.0	-1.0	-1.0	
-1.0	23.0	36.0	14.0	-1.0	-1.0	0.0	20.0	20.0	-1.0	27.0	37.0	-1.0	-1.0	-1.0	-1.0	-1.0	-1.0	0.0	11.0	-1.0	-1.0	18.0	3.0	-1.0	22.0	-1.0	30.0	-1.0	51.0	-1.0	-1.0	-1.0	-1.0	-1.0	-1.0	-1.0	-1.0	-1.0	-1.0	15.0	6.0	-1.0	39.0	21.0	43.0	4.0	-1.0	0.0	49.0	

distances_centre_w :
63.0	45.0	-1.0	19.0	-1.0	22.0	28.0	-1.0	-1.0	39.0	-1.0	40.0	63.0	56.0	35.0	-1.0	-1.0	16.0	-1.0	-1.0	-1.0	-1.0	17.0	-1.0	-1.0	-1.0	-1.0	39.0	56.0	-1.0	-1.0	-1.0	-1.0	51.0	-1.0	-1.0	-1.0	-1.0	-1.0	-1.0	28.0	7.0	-1.0	-1.0	31.0	-1.0	-1.0	-1.0	-1.0	-1.0	
-1.0	31.0	42.0	19.0	35.0	18.0	19.0	29.0	36.0	27.0	52.0	40.0	-1.0	40.0	-1.0	-1.0	-1.0	16.0	44.0	-1.0	-1.0	-1.0	-1.0	-1.0	25.0	24.0	-1.0	41.0	46.0	-1.0	13.0	-1.0	-1.0	56.0	-1.0	41.0	-1.0	41.0	-1.0	-1.0	28.0	7.0	-1.0	58.0	31.0	-1.0	15.0	28.0	19.0	54.0	
-1.0	45.0	-1.0	19.0	41.0	-1.0	52.0	-1.0	-1.0	-1.0	52.0	60.0	-1.0	40.0	-1.0	-1.0	-1.0	-1.0	13.0	44.0	37.0	39.0	39.0	-1.0	25.0	61.0	51.0	53.0	65.0	-1.0	32.0	-1.0	67.0	-1.0	-1.0	-1.0	-1.0	-1.0	72.0	60.0	28.0	41.0	-1.0	-1.0	31.0	-1.0	-1.0	50.0	35.0	54.0	
-1.0	31.0	52.0	19.0	30.0	-1.0	19.0	-1.0	-1.0	27.0	64.0	-1.0	-1.0	40.0	15.0	46.0	-1.0	-1.0	-1.0	17.0	37.0	-1.0	29.0	21.0	-1.0	29.0	45.0	41.0	46.0	56.0	32.0	20.0	-1.0	56.0	-1.0	41.0	-1.0	-1.0	72.0	-1.0	28.0	-1.0	-1.0	-1.0	-1.0	-1.0	15.0	-1.0	19.0	54.0	
-1.0	31.0	42.0	-1.0	-1.0	-1.0	19.0	-1.0	-1.0	-1.0	61.0	-1.0	-1.0	-1.0	-1.0	-1.0	-1.0	-1.0	-1.0	-1.0	-1.0	-1.0	-1.0	-1.0	-1.0	-1.0	-1.0	-1.0	-1.0	-1.0	-1.0	-1.0	-1.0	51.0	37.0	-1.0	-1.0	-1.0	-1.0	-1.0	-1.0	-1.0	-1.0	-1.0	-1.0	-1.0	38.0	-1.0	-1.0	-1.0	
54.0	31.0	52.0	19.0	41.0	37.0	19.0	29.0	36.0	44.0	-1.0	40.0	43.0	-1.0	-1.0	-1.0	-1.0	-1.0	-1.0	-1.0	37.0	-1.0	17.0	21.0	25.0	24.0	-1.0	-1.0	-1.0	56.0	-1.0	17.0	-1.0	44.0	-1.0	41.0	-1.0	-1.0	-1.0	-1.0	28.0	7.0	-1.0	58.0	-1.0	-1.0	-1.0	-1.0	19.0	54.0	
-1.0	31.0	42.0	-1.0	-1.0	-1.0	19.0	-1.0	-1.0	-1.0	-1.0	40.0	-1.0	-1.0	-1.0	-1.0	-1.0	-1.0	-1.0	-1.0	-1.0	-1.0	-1.0	-1.0	-1.0	-1.0	-1.0	-1.0	-1.0	-1.0	-1.0	-1.0	-1.0	-1.0	-1.0	-1.0	-1.0	-1.0	-1.0	-1.0	-1.0	-1.0	-1.0	-1.0	-1.0	-1.0	-1.0	-1.0	-1.0	-1.0	
-1.0	31.0	52.0	19.0	35.0	-1.0	19.0	-1.0	36.0	39.0	52.0	60.0	43.0	32.0	-1.0	-1.0	-1.0	-1.0	-1.0	-1.0	37.0	-1.0	17.0	-1.0	-1.0	24.0	-1.0	41.0	56.0	-1.0	-1.0	36.0	67.0	-1.0	-1.0	-1.0	-1.0	41.0	-1.0	-1.0	28.0	35.0	-1.0	-1.0	-1.0	59.0	15.0	28.0	19.0	62.0	
-1.0	46.0	46.0	21.0	41.0	22.0	19.0	-1.0	22.0	-1.0	52.0	40.0	-1.0	56.0	-1.0	46.0	-1.0	-1.0	-1.0	17.0	37.0	-1.0	29.0	-1.0	25.0	29.0	45.0	41.0	56.0	56.0	-1.0	36.0	-1.0	-1.0	-1.0	-1.0	-1.0	-1.0	-1.0	-1.0	28.0	7.0	-1.0	58.0	31.0	59.0	-1.0	28.0	-1.0	-1.0	
-1.0	31.0	46.0	21.0	-1.0	-1.0	19.0	29.0	22.0	-1.0	52.0	40.0	-1.0	-1.0	-1.0	-1.0	-1.0	-1.0	13.0	17.0	-1.0	-1.0	29.0	21.0	-1.0	24.0	-1.0	41.0	-1.0	56.0	-1.0	-1.0	-1.0	-1.0	-1.0	-1.0	-1.0	-1.0	-1.0	-1.0	28.0	7.0	-1.0	58.0	31.0	59.0	15.0	-1.0	19.0	54.0	

maxX :
54.0	49.0	50.0	51.0	49.0	51.0	49.0	49.0	51.0	51.0	

maxW :
63.0	58.0	72.0	72.0	61.0	58.0	42.0	67.0	59.0	59.0	

minX :
0.0	0.0	0.0	0.0	0.0	0.0	0.0	0.0	0.0	0.0	

minW :
7.0	7.0	13.0	15.0	19.0	7.0	19.0	15.0	7.0	7.0	

moyX :
24.47826086956522	18.466666666666665	22.74074074074074	20.607142857142858	30.428571428571427	22.03846153846154	26.333333333333332	22.346153846153847	23.333333333333332	21.26086956521739	

moyW :
36.388888888888886	32.5	44.666666666666664	35.75	39.857142857142854	34.34615384615385	33.0	37.80769230769231	36.77777777777778	31.82608695652174	

medX :
22.0	20.0	22.0	19.5	30.0	21.0	28.5	22.5	23.0	20.0	

medW :
37.0	31.0	44.0	31.5	38.0	36.5	35.5	36.0	37.0	29.0	

ecartTypeX :
16.040355534434937	12.740312223629198	13.623488954858626	14.423045264224804	14.410880243335418	13.568857922664082	14.452988925785867	13.919942273565946	12.195931319121994	15.394006149498995	

ecartTypeW :
16.391525211688876	13.390917319835362	14.488820722402702	15.488763208025544	12.540546484202709	13.895052544236764	9.082951062292475	14.75705628027391	14.116796754833723	15.443169797154434	

varX :
257.2930056710775	162.31555555555556	185.59945130315498	208.02423469387753	207.6734693877551	184.1139053254438	208.88888888888889	193.7647928994083	148.74074074074073	236.97542533081287	

varW :
268.6820987654321	179.31666666666666	209.92592592592592	239.90178571428572	157.26530612244895	193.07248520710058	82.5	217.77071005917162	199.28395061728392	238.49149338374295	

covarX :
268.9881422924901	167.91264367816095	192.73789173789172	215.72883597883595	242.28571428571425	191.47846153846157	250.66666666666666	201.51538461538462	154.46153846153842	247.74703557312256	

covarW :
284.48692810457516	185.5	217.99999999999994	248.787037037037	183.47619047619042	200.79538461538462	110.0	226.48153846153852	206.94871794871798	249.33201581027674	

coef_variationX :
0.6552898353321555	0.6899086041676462	0.5990785045296139	0.6999051428046699	0.47359700330210297	0.6156898882884225	0.5488476807260456	0.6229234063902144	0.5226827708195141	0.7240534589743904	

coef_variationW :
0.4504541279548088	0.4120282252257034	0.32437658333737396	0.4332521177070082	0.31463736698716477	0.404559200616076	0.27524094128159016	0.3903188843205714	0.3838403951465363	0.4852362094734317	

moy_distances_centre :	34.2
min_distances_centre :	13.0
max_distances_centre :	56.0
med_distances_centre :	33.5
ecartType_distances_centre :	13.31014650557987
var_distances_centre :	177.16
covar_distances_centre :	186.48421052631576
coef_variation_distances_centre :	0.38918557033859263
capacite_X_temoin : 
156.0	0.0	159.0	168.0	144.0	
138.0	162.0	178.0	154.0	159.0	
0.0	136.0	178.0	172.0	166.0	
166.0	141.0	159.0	165.0	171.0	
144.0	162.0	169.0	0.0	165.0	
172.0	135.0	145.0	135.0	157.0	
172.0	157.0	157.0	0.0	163.0	
141.0	172.0	145.0	157.0	148.0	
147.0	171.0	148.0	174.0	169.0	
154.0	177.0	171.0	148.0	163.0	

capacite_W_temoin : 
149.8	0.0	123.69999999999999	124.4	46.199999999999996	
135.4	155.6	128.4	129.2	100.69999999999999	
0.0	122.8	106.4	194.6	59.8	
177.8	128.3	145.7	160.5	108.3	
149.2	116.6	84.69999999999999	0.0	120.5	
176.6	123.5	91.5	163.5	125.1	
183.6	177.1	92.1	0.0	139.9	
140.3	171.6	116.5	171.1	73.4	
164.1	191.3	76.4	196.2	80.69999999999999	
158.2	212.1	154.3	144.4	112.9	

demande_cumulee_X : 
53.0	0.0	83.0	94.0	141.0	
44.0	55.0	103.0	71.0	106.0	
0.0	54.0	125.0	29.0	156.0	
38.0	55.0	61.0	54.0	114.0	
38.0	94.0	135.0	0.0	94.0	
47.0	52.0	97.0	12.0	79.0	
40.0	27.0	112.0	0.0	72.0	
43.0	52.0	72.0	33.0	119.0	
27.0	31.0	116.0	30.0	139.0	
42.0	18.0	68.0	48.0	99.0	

demande_cumulee_W : 
126.0	0.0	97.0	121.0	27.0	
108.0	32.0	76.0	95.0	68.0	
0.0	73.0	72.0	187.0	32.0	
118.0	26.0	68.0	73.0	37.0	
143.0	69.0	67.0	0.0	82.0	
69.0	42.0	14.0	104.0	58.0	
98.0	86.0	21.0	0.0	46.0	
69.0	57.0	43.0	106.0	44.0	
79.0	28.0	32.0	160.0	44.0	
59.0	43.0	38.0	91.0	44.0	

capacite_residuelle_X : 
103.0	0.0	76.0	74.0	3.0	
94.0	107.0	75.0	83.0	53.0	
0.0	82.0	53.0	143.0	10.0	
128.0	86.0	98.0	111.0	57.0	
106.0	68.0	34.0	0.0	71.0	
125.0	83.0	48.0	123.0	78.0	
132.0	130.0	45.0	0.0	91.0	
98.0	120.0	73.0	124.0	29.0	
120.0	140.0	32.0	144.0	30.0	
112.0	159.0	103.0	100.0	64.0	

capacite_residuelle_W : 
23.80000000000001	0.0	26.69999999999999	3.4000000000000057	19.199999999999996	
27.400000000000006	123.6	52.400000000000006	34.19999999999999	32.69999999999999	
0.0	49.8	34.400000000000006	7.599999999999994	27.799999999999997	
59.80000000000001	102.30000000000001	77.69999999999999	87.5	71.3	
6.199999999999989	47.599999999999994	17.69999999999999	0.0	38.5	
107.6	81.5	77.5	59.5	67.1	
85.6	91.1	71.1	0.0	93.9	
71.30000000000001	114.6	73.5	65.1	29.400000000000006	
85.1	163.3	44.400000000000006	36.19999999999999	36.69999999999999	
99.19999999999999	169.1	116.30000000000001	53.400000000000006	68.9	

min_capacite_X : 
0.0	138.0	0.0	141.0	0.0	135.0	0.0	141.0	147.0	148.0	

min_capacite_W : 
0.0	100.69999999999999	0.0	108.3	0.0	91.5	0.0	73.4	76.4	112.9	

max_capacite_X : 
168.0	178.0	178.0	171.0	169.0	172.0	172.0	172.0	174.0	177.0	

max_capacite_W : 
149.8	155.6	194.6	177.8	149.2	176.6	183.6	171.6	196.2	212.1	

moy_capacite_X : 
125.4	158.2	130.4	160.4	128.0	148.8	129.8	152.6	161.8	162.6	

moy_capacite_W : 
88.82	129.85999999999999	96.72	144.11999999999998	94.19999999999999	136.04000000000002	118.53999999999999	134.57999999999998	141.74	156.37999999999997	

med_capacite_X : 
156.0	159.0	166.0	165.0	162.0	145.0	157.0	148.0	169.0	163.0	

med_capacite_W : 
123.69999999999999	129.2	106.4	145.7	116.6	125.1	139.9	140.3	164.1	154.3	

ecartType_capacite_X : 
63.1683465036089	12.905812643921342	66.78203351201579	10.423051376636307	64.5693425706039	14.147791347061913	65.13186624072736	11.038115781237302	11.7881296226331	10.63202708800161	

ecartType_capacite_W : 
56.40313466466204	17.584720640374133	64.91873073312509	24.242475121158733	51.34654808261213	30.52838679000251	67.6300702350663	36.896579787291934	52.758415442467566	32.0823565219265	

var_capacite_X : 
3990.2399999999993	166.56	4459.839999999999	108.64000000000001	4169.2	200.15999999999997	4242.16	121.83999999999999	138.95999999999998	113.03999999999999	

var_capacite_W : 
3181.3136000000004	309.2224000000001	4214.4416	587.6976000000001	2636.468	931.9823999999999	4573.8264	1361.3575999999998	2783.4504	1029.2776	

covar_capacite_X : 
4987.799999999999	208.20000000000002	5574.799999999999	135.8	5211.5	250.19999999999996	5302.7	152.29999999999998	173.7	141.29999999999998	

covar_capacite_W : 
3976.6420000000007	386.52800000000013	5268.052	734.6220000000001	3295.5849999999996	1164.9779999999998	5717.282999999999	1701.6969999999997	3479.313	1286.5969999999998	

##########	##########	##########	##########	##########	##########	##########	##########	##########	##########	##########	##########	##########	##########	##########	##########	##########	##########	##########	##########	##########	##########	##########	##########	##########	##########	##########	##########	##########	##########	##########	##########	##########	##########	##########	##########	##########	##########	##########	##########	##########	##########	##########	##########	##########	##########	##########	##########	##########	##########	nombre de noeuds : 50
nombre de strates : 10
nombre de centres : 5
titre : intelligent
instances : p7_3
temps de calcul : 0.05948305130004883
valeur objective : 1077.0
nombre de solutions : 3
nombre de noeuds : 1.0
faisability : True
centre : [18, 48, 6, 36, 39]
moy_distances :	47.35
min_distances :	1.0
max_distances :	120.0
var_distances :	507.7547355268637
covar_distances :	507.96206698277524
ecartType_distances :	22.533413756616277
coef_variation	: 0.47592123882508514
distances_centre_x :
-1.0	-1.0	-1.0	-1.0	-1.0	-1.0	-1.0	-1.0	-1.0	-1.0	-1.0	40.0	-1.0	-1.0	7.0	27.0	-1.0	-1.0	-1.0	-1.0	-1.0	-1.0	-1.0	3.0	-1.0	-1.0	-1.0	30.0	27.0	-1.0	-1.0	-1.0	-1.0	-1.0	-1.0	-1.0	-1.0	-1.0	-1.0	-1.0	-1.0	-1.0	-1.0	39.0	-1.0	43.0	-1.0	-1.0	0.0	49.0	
-1.0	23.0	15.0	12.0	30.0	17.0	0.0	20.0	18.0	14.0	31.0	37.0	-1.0	21.0	-1.0	-1.0	-1.0	13.0	0.0	-1.0	-1.0	-1.0	-1.0	-1.0	23.0	22.0	-1.0	22.0	27.0	-1.0	13.0	-1.0	-1.0	27.0	-1.0	29.0	-1.0	12.0	-1.0	-1.0	15.0	6.0	-1.0	39.0	21.0	-1.0	10.0	11.0	0.0	4.0	
-1.0	31.0	-1.0	19.0	18.0	-1.0	19.0	-1.0	-1.0	-1.0	39.0	40.0	-1.0	21.0	-1.0	-1.0	-1.0	-1.0	0.0	11.0	31.0	36.0	18.0	-1.0	23.0	22.0	24.0	22.0	27.0	-1.0	13.0	-1.0	44.0	-1.0	-1.0	-1.0	-1.0	-1.0	41.0	0.0	15.0	6.0	-1.0	-1.0	21.0	-1.0	-1.0	11.0	0.0	4.0	
-1.0	-1.0	-1.0	-1.0	-1.0	-1.0	-1.0	-1.0	-1.0	-1.0	-1.0	-1.0	-1.0	-1.0	7.0	27.0	-1.0	-1.0	-1.0	-1.0	-1.0	-1.0	-1.0	3.0	-1.0	-1.0	-1.0	30.0	27.0	-1.0	-1.0	-1.0	-1.0	-1.0	-1.0	-1.0	-1.0	-1.0	-1.0	-1.0	-1.0	-1.0	-1.0	-1.0	-1.0	-1.0	-1.0	-1.0	0.0	49.0	
-1.0	-1.0	15.0	-1.0	32.0	-1.0	-1.0	-1.0	-1.0	-1.0	31.0	-1.0	11.0	-1.0	-1.0	-1.0	-1.0	-1.0	-1.0	-1.0	-1.0	-1.0	-1.0	-1.0	-1.0	-1.0	24.0	-1.0	27.0	-1.0	-1.0	-1.0	44.0	27.0	-1.0	45.0	-1.0	40.0	-1.0	-1.0	-1.0	-1.0	-1.0	39.0	-1.0	-1.0	-1.0	-1.0	0.0	4.0	
48.0	-1.0	15.0	-1.0	32.0	-1.0	-1.0	-1.0	20.0	-1.0	-1.0	40.0	11.0	-1.0	-1.0	-1.0	-1.0	-1.0	-1.0	-1.0	-1.0	-1.0	18.0	3.0	-1.0	-1.0	-1.0	-1.0	-1.0	7.0	-1.0	-1.0	-1.0	27.0	-1.0	45.0	-1.0	-1.0	-1.0	-1.0	-1.0	-1.0	-1.0	39.0	-1.0	-1.0	-1.0	-1.0	0.0	4.0	
-1.0	-1.0	-1.0	-1.0	30.0	-1.0	-1.0	-1.0	-1.0	-1.0	-1.0	40.0	-1.0	-1.0	-1.0	-1.0	-1.0	-1.0	-1.0	-1.0	-1.0	-1.0	18.0	-1.0	-1.0	-1.0	-1.0	30.0	27.0	-1.0	-1.0	-1.0	-1.0	-1.0	-1.0	-1.0	-1.0	-1.0	-1.0	-1.0	-1.0	-1.0	22.0	-1.0	-1.0	-1.0	-1.0	-1.0	0.0	49.0	
-1.0	23.0	15.0	12.0	35.0	-1.0	0.0	-1.0	18.0	14.0	31.0	37.0	11.0	21.0	-1.0	-1.0	-1.0	-1.0	-1.0	-1.0	31.0	-1.0	15.0	-1.0	-1.0	22.0	-1.0	22.0	27.0	-1.0	-1.0	16.0	44.0	-1.0	-1.0	-1.0	-1.0	12.0	-1.0	-1.0	15.0	6.0	-1.0	-1.0	-1.0	13.0	10.0	11.0	0.0	4.0	
-1.0	23.0	15.0	12.0	30.0	17.0	0.0	-1.0	18.0	-1.0	31.0	37.0	-1.0	21.0	-1.0	27.0	-1.0	-1.0	-1.0	11.0	31.0	-1.0	15.0	-1.0	23.0	22.0	24.0	22.0	27.0	7.0	-1.0	16.0	-1.0	-1.0	-1.0	-1.0	-1.0	-1.0	-1.0	-1.0	15.0	6.0	-1.0	39.0	21.0	13.0	-1.0	11.0	-1.0	-1.0	
-1.0	23.0	15.0	12.0	-1.0	-1.0	0.0	20.0	18.0	-1.0	31.0	37.0	-1.0	-1.0	-1.0	-1.0	-1.0	-1.0	0.0	11.0	-1.0	-1.0	18.0	3.0	-1.0	22.0	-1.0	22.0	-1.0	7.0	-1.0	-1.0	-1.0	-1.0	-1.0	-1.0	-1.0	-1.0	-1.0	-1.0	15.0	6.0	-1.0	39.0	21.0	13.0	10.0	-1.0	0.0	4.0	

distances_centre_w :
-1.0	-1.0	42.0	-1.0	-1.0	-1.0	-1.0	-1.0	-1.0	45.0	-1.0	-1.0	-1.0	-1.0	-1.0	-1.0	-1.0	-1.0	-1.0	-1.0	-1.0	-1.0	-1.0	-1.0	-1.0	-1.0	-1.0	-1.0	-1.0	-1.0	35.0	-1.0	-1.0	-1.0	-1.0	-1.0	-1.0	-1.0	-1.0	-1.0	-1.0	-1.0	-1.0	-1.0	-1.0	-1.0	-1.0	-1.0	-1.0	-1.0	
-1.0	31.0	42.0	37.0	41.0	35.0	19.0	29.0	20.0	39.0	39.0	40.0	-1.0	40.0	-1.0	-1.0	-1.0	16.0	25.0	-1.0	-1.0	-1.0	-1.0	-1.0	25.0	24.0	-1.0	30.0	33.0	-1.0	23.0	-1.0	-1.0	31.0	-1.0	45.0	-1.0	40.0	-1.0	-1.0	36.0	26.0	-1.0	49.0	38.0	-1.0	15.0	28.0	19.0	49.0	
-1.0	54.0	-1.0	47.0	32.0	-1.0	28.0	-1.0	-1.0	-1.0	61.0	61.0	-1.0	40.0	-1.0	-1.0	-1.0	-1.0	25.0	44.0	40.0	39.0	29.0	-1.0	25.0	42.0	28.0	53.0	52.0	-1.0	35.0	-1.0	54.0	-1.0	-1.0	-1.0	-1.0	-1.0	59.0	50.0	55.0	19.0	-1.0	-1.0	38.0	-1.0	-1.0	50.0	37.0	49.0	
-1.0	-1.0	-1.0	-1.0	-1.0	-1.0	-1.0	-1.0	-1.0	-1.0	61.0	-1.0	-1.0	56.0	-1.0	-1.0	-1.0	-1.0	-1.0	44.0	72.0	-1.0	-1.0	-1.0	-1.0	43.0	-1.0	-1.0	-1.0	-1.0	-1.0	-1.0	-1.0	51.0	-1.0	60.0	-1.0	-1.0	80.0	-1.0	-1.0	-1.0	-1.0	-1.0	-1.0	-1.0	38.0	-1.0	-1.0	-1.0	
-1.0	-1.0	42.0	-1.0	-1.0	-1.0	19.0	-1.0	-1.0	-1.0	61.0	-1.0	40.0	50.0	-1.0	-1.0	-1.0	-1.0	-1.0	-1.0	72.0	-1.0	18.0	-1.0	-1.0	-1.0	28.0	-1.0	33.0	-1.0	35.0	-1.0	-1.0	51.0	65.0	60.0	-1.0	41.0	-1.0	-1.0	-1.0	-1.0	-1.0	49.0	-1.0	-1.0	-1.0	-1.0	-1.0	49.0	
-1.0	31.0	42.0	61.0	-1.0	-1.0	19.0	29.0	-1.0	41.0	-1.0	-1.0	40.0	-1.0	-1.0	-1.0	-1.0	-1.0	-1.0	-1.0	-1.0	-1.0	-1.0	-1.0	-1.0	43.0	-1.0	-1.0	-1.0	56.0	-1.0	36.0	-1.0	-1.0	-1.0	60.0	-1.0	-1.0	-1.0	-1.0	-1.0	-1.0	-1.0	49.0	-1.0	-1.0	-1.0	-1.0	-1.0	49.0	
-1.0	31.0	-1.0	-1.0	-1.0	-1.0	19.0	-1.0	-1.0	-1.0	-1.0	-1.0	-1.0	-1.0	-1.0	-1.0	-1.0	-1.0	-1.0	-1.0	-1.0	-1.0	-1.0	-1.0	-1.0	-1.0	-1.0	-1.0	-1.0	-1.0	-1.0	-1.0	-1.0	-1.0	-1.0	60.0	-1.0	-1.0	-1.0	-1.0	-1.0	-1.0	-1.0	-1.0	-1.0	-1.0	-1.0	-1.0	-1.0	-1.0	
-1.0	31.0	52.0	19.0	41.0	-1.0	19.0	-1.0	20.0	41.0	39.0	40.0	39.0	40.0	-1.0	-1.0	-1.0	-1.0	-1.0	-1.0	40.0	-1.0	19.0	-1.0	-1.0	24.0	-1.0	53.0	33.0	-1.0	-1.0	36.0	54.0	-1.0	-1.0	-1.0	-1.0	37.0	-1.0	-1.0	36.0	19.0	-1.0	-1.0	-1.0	43.0	15.0	28.0	19.0	49.0	
-1.0	31.0	34.0	47.0	35.0	35.0	19.0	-1.0	20.0	-1.0	39.0	40.0	-1.0	40.0	-1.0	46.0	-1.0	-1.0	-1.0	17.0	40.0	-1.0	18.0	-1.0	25.0	24.0	28.0	53.0	33.0	53.0	-1.0	33.0	-1.0	-1.0	-1.0	-1.0	-1.0	-1.0	-1.0	-1.0	36.0	19.0	-1.0	49.0	38.0	43.0	-1.0	36.0	-1.0	-1.0	
-1.0	31.0	34.0	19.0	-1.0	-1.0	19.0	29.0	20.0	-1.0	39.0	40.0	-1.0	-1.0	-1.0	-1.0	-1.0	-1.0	28.0	17.0	-1.0	-1.0	29.0	21.0	-1.0	24.0	-1.0	30.0	-1.0	53.0	-1.0	-1.0	-1.0	-1.0	-1.0	-1.0	-1.0	-1.0	-1.0	-1.0	36.0	19.0	-1.0	49.0	38.0	43.0	15.0	-1.0	19.0	49.0	

maxX :
49.0	39.0	44.0	49.0	45.0	48.0	49.0	44.0	39.0	39.0	

maxW :
45.0	49.0	61.0	80.0	72.0	61.0	60.0	54.0	53.0	53.0	

minX :
0.0	0.0	0.0	0.0	0.0	0.0	0.0	0.0	0.0	0.0	

minW :
35.0	15.0	19.0	38.0	18.0	19.0	19.0	15.0	17.0	15.0	

moyX :
26.5	17.733333333333334	20.59259259259259	20.428571428571427	26.076923076923077	22.071428571428573	27.0	17.884615384615383	19.77777777777778	15.08695652173913	

moyW :
40.666666666666664	32.13333333333333	42.44444444444444	56.111111111111114	44.5625	42.76923076923077	36.666666666666664	34.07692307692308	34.48148148148148	30.47826086956522	

medX :
28.5	17.5	21.0	27.0	27.0	19.0	28.5	15.0	21.0	15.0	

medW :
42.0	32.0	42.0	56.0	45.5	42.0	31.0	36.5	35.0	29.0	

ecartTypeX :
16.62678561839299	10.135526078546139	12.544023984467985	16.45649800323909	14.204341364859811	15.872097195637227	13.720422734012244	10.927477445120145	9.182646005064171	10.826348870587665	

ecartTypeW :
4.189935029992179	9.383436944365794	11.808136972674061	13.059219344070426	15.182097804651372	11.872099458904907	17.21110752456745	11.588864273427701	10.38649539999424	11.060582440900076	

varX :
276.45	102.72888888888889	157.3525377229081	270.81632653061223	201.76331360946747	251.92346938775512	188.25	119.40976331360947	84.32098765432099	117.20982986767483	

varW :
17.555555555555557	88.04888888888887	139.43209876543213	170.54320987654322	230.49609375	140.9467455621302	296.22222222222223	134.30177514792896	107.87928669410151	122.33648393194709	

covarX :
307.16666666666663	106.2712643678161	163.4045584045584	315.95238095238096	218.5769230769231	271.3021978021978	215.14285714285714	124.18615384615386	87.56410256410257	122.5375494071146	

covarW :
26.333333333333336	91.08505747126434	144.7948717948718	191.8611111111111	245.86249999999998	152.69230769230768	444.33333333333337	139.67384615384614	112.02849002849004	127.89723320158105	

coef_variationX :
0.6274258723921883	0.5715522224744063	0.6091522438500641	0.8055628393193961	0.5447092558795797	0.7191241447861526	0.5081638049634164	0.6109987388669329	0.464291090143694	0.7175966110187789	

coef_variationW :
0.10303118926210277	0.292015672542504	0.27820217998446745	0.23273856256759173	0.3406922368505217	0.27758505929094207	0.4693938415791123	0.3400795384978783	0.3012195228784581	0.3629007077613434	

moy_distances_centre :	42.1
min_distances_centre :	19.0
max_distances_centre :	74.0
med_distances_centre :	40.5
ecartType_distances_centre :	16.603915200939806
var_distances_centre :	275.68999999999994
covar_distances_centre :	290.19999999999993
coef_variation_distances_centre :	0.3943922850579526
capacite_X_temoin : 
156.0	159.0	135.0	0.0	144.0	
138.0	178.0	147.0	156.0	159.0	
0.0	178.0	147.0	151.0	166.0	
166.0	159.0	172.0	0.0	171.0	
144.0	169.0	0.0	150.0	165.0	
172.0	145.0	0.0	174.0	157.0	
172.0	157.0	144.0	0.0	163.0	
141.0	145.0	163.0	162.0	148.0	
147.0	148.0	172.0	160.0	169.0	
154.0	171.0	139.0	175.0	163.0	

capacite_W_temoin : 
165.8	123.69999999999999	53.5	0.0	58.199999999999996	
135.4	118.4	88.1	141.8	148.7	
0.0	93.4	155.1	91.3	130.8	
179.8	143.7	95.6	0.0	127.3	
135.2	54.699999999999996	0.0	100.0	165.5	
180.6	69.5	0.0	158.2	147.1	
189.6	108.1	144.2	0.0	133.9	
140.3	121.5	133.9	123.6	148.4	
149.1	76.4	167.6	140.0	158.7	
158.2	154.3	117.69999999999999	164.5	172.9	

demande_cumulee_X : 
37.0	83.0	122.0	0.0	129.0	
44.0	113.0	103.0	61.0	58.0	
0.0	138.0	36.0	105.0	85.0	
36.0	63.0	128.0	0.0	95.0	
52.0	165.0	0.0	95.0	49.0	
43.0	119.0	0.0	68.0	57.0	
34.0	96.0	43.0	0.0	78.0	
43.0	67.0	78.0	87.0	44.0	
42.0	116.0	56.0	68.0	61.0	
42.0	68.0	63.0	63.0	39.0	

demande_cumulee_W : 
165.0	122.0	52.0	0.0	32.0	
92.0	67.0	82.0	38.0	100.0	
0.0	86.0	155.0	2.0	121.0	
76.0	138.0	5.0	0.0	103.0	
135.0	47.0	0.0	44.0	135.0	
135.0	17.0	0.0	40.0	95.0	
65.0	51.0	97.0	0.0	38.0	
69.0	70.0	70.0	24.0	86.0	
49.0	45.0	118.0	28.0	103.0	
56.0	51.0	51.0	15.0	102.0	

capacite_residuelle_X : 
119.0	76.0	13.0	0.0	15.0	
94.0	65.0	44.0	95.0	101.0	
0.0	40.0	111.0	46.0	81.0	
130.0	96.0	44.0	0.0	76.0	
92.0	4.0	0.0	55.0	116.0	
129.0	26.0	0.0	106.0	100.0	
138.0	61.0	101.0	0.0	85.0	
98.0	78.0	85.0	75.0	104.0	
105.0	32.0	116.0	92.0	108.0	
112.0	103.0	76.0	112.0	124.0	

capacite_residuelle_W : 
0.8000000000000114	1.6999999999999886	1.5	0.0	26.199999999999996	
43.400000000000006	51.400000000000006	6.099999999999994	103.80000000000001	48.69999999999999	
0.0	7.400000000000006	0.09999999999999432	89.3	9.800000000000011	
103.80000000000001	5.699999999999989	90.6	0.0	24.299999999999997	
0.19999999999998863	7.699999999999996	0.0	56.0	30.5	
45.599999999999994	52.5	0.0	118.19999999999999	52.099999999999994	
124.6	57.099999999999994	47.19999999999999	0.0	95.9	
71.30000000000001	51.5	63.900000000000006	99.6	62.400000000000006	
100.1	31.400000000000006	49.599999999999994	112.0	55.69999999999999	
102.19999999999999	103.30000000000001	66.69999999999999	149.5	70.9	

min_capacite_X : 
0.0	138.0	0.0	0.0	0.0	0.0	0.0	141.0	147.0	139.0	

min_capacite_W : 
0.0	88.1	0.0	0.0	0.0	0.0	0.0	121.5	76.4	117.69999999999999	

max_capacite_X : 
159.0	178.0	178.0	172.0	169.0	174.0	172.0	163.0	172.0	175.0	

max_capacite_W : 
165.8	148.7	155.1	179.8	165.5	180.6	189.6	148.4	167.6	172.9	

moy_capacite_X : 
118.8	155.6	128.4	133.6	125.6	129.6	127.2	151.8	159.2	160.4	

moy_capacite_W : 
80.24	126.47999999999999	94.12	109.28	91.08	111.08	115.16	133.54000000000002	138.35999999999999	153.52	

med_capacite_X : 
144.0	156.0	151.0	166.0	150.0	157.0	157.0	148.0	160.0	163.0	

med_capacite_W : 
58.199999999999996	135.4	93.4	127.3	100.0	147.1	133.9	133.9	149.1	158.2	

ecartType_capacite_X : 
60.0179973008097	13.395521639712282	65.14169171889843	66.95849460673381	63.47471937708744	65.65546435750798	64.24764587126909	9.019977827023745	10.342146779078318	12.893409169028958	

ecartType_capacite_W : 
58.049172259387134	21.662446768543944	52.784520458179784	61.01112685404196	58.623456056428466	66.96032855355475	63.320600123498515	10.103583522691347	32.328847798831305	18.982771135953787	

var_capacite_X : 
3602.16	179.44	4243.44	4483.4400000000005	4029.04	4310.640000000001	4127.76	81.36	106.96000000000001	166.24	

var_capacite_W : 
3369.7064000000005	469.2616	2786.2056000000002	3722.3576000000003	3436.7095999999997	4483.6856	4009.4984000000004	102.08240000000008	1045.1543999999997	360.3456000000002	

covar_capacite_X : 
4502.7	224.3	5304.299999999999	5604.300000000001	5036.3	5388.300000000001	5159.7	101.7	133.70000000000002	207.8	

covar_capacite_W : 
4212.133000000001	586.577	3482.7570000000005	4652.947	4295.887	5604.607	5011.8730000000005	127.6030000000001	1306.4429999999995	450.43200000000024	

##########	##########	##########	##########	##########	##########	##########	##########	##########	##########	##########	##########	##########	##########	##########	##########	##########	##########	##########	##########	##########	##########	##########	##########	##########	##########	##########	##########	##########	##########	##########	##########	##########	##########	##########	##########	##########	##########	##########	##########	##########	##########	##########	##########	##########	##########	##########	##########	##########	##########	nombre de noeuds : 50
nombre de strates : 10
nombre de centres : 5
titre : intelligent
instances : p7_3
temps de calcul : 0.058480024337768555
valeur objective : 1082.0
nombre de solutions : 3
nombre de noeuds : 1.0
faisability : True
centre : [18, 48, 6, 36, 10]
moy_distances :	47.35
min_distances :	1.0
max_distances :	120.0
var_distances :	507.7547355268637
covar_distances :	507.96206698277524
ecartType_distances :	22.533413756616277
coef_variation	: 0.47592123882508514
distances_centre_x :
17.0	23.0	22.0	12.0	-1.0	17.0	0.0	-1.0	18.0	14.0	-1.0	37.0	29.0	21.0	7.0	27.0	-1.0	13.0	-1.0	-1.0	-1.0	-1.0	19.0	3.0	-1.0	22.0	-1.0	30.0	27.0	-1.0	13.0	-1.0	-1.0	10.0	-1.0	-1.0	-1.0	-1.0	-1.0	-1.0	15.0	6.0	-1.0	39.0	21.0	42.0	-1.0	-1.0	0.0	35.0	
-1.0	-1.0	34.0	19.0	18.0	17.0	-1.0	29.0	18.0	14.0	39.0	-1.0	-1.0	21.0	-1.0	-1.0	-1.0	13.0	0.0	-1.0	-1.0	-1.0	-1.0	-1.0	23.0	22.0	-1.0	30.0	27.0	-1.0	13.0	-1.0	-1.0	31.0	-1.0	29.0	-1.0	12.0	-1.0	-1.0	15.0	6.0	-1.0	39.0	21.0	-1.0	10.0	11.0	0.0	49.0	
-1.0	31.0	-1.0	12.0	18.0	-1.0	19.0	-1.0	-1.0	-1.0	0.0	40.0	-1.0	21.0	-1.0	-1.0	-1.0	-1.0	0.0	11.0	31.0	14.0	18.0	-1.0	23.0	22.0	28.0	30.0	27.0	-1.0	13.0	-1.0	17.0	-1.0	-1.0	-1.0	-1.0	-1.0	20.0	31.0	15.0	6.0	-1.0	-1.0	21.0	-1.0	-1.0	11.0	0.0	35.0	
-1.0	-1.0	34.0	12.0	18.0	-1.0	-1.0	-1.0	-1.0	14.0	39.0	-1.0	-1.0	21.0	7.0	27.0	-1.0	-1.0	-1.0	11.0	31.0	-1.0	-1.0	3.0	-1.0	22.0	45.0	30.0	27.0	53.0	13.0	16.0	-1.0	31.0	-1.0	29.0	-1.0	-1.0	59.0	-1.0	15.0	-1.0	-1.0	-1.0	-1.0	-1.0	10.0	-1.0	0.0	49.0	
-1.0	-1.0	-1.0	-1.0	-1.0	-1.0	-1.0	-1.0	-1.0	-1.0	-1.0	-1.0	-1.0	-1.0	-1.0	-1.0	-1.0	-1.0	-1.0	-1.0	-1.0	-1.0	-1.0	-1.0	-1.0	-1.0	28.0	-1.0	27.0	-1.0	-1.0	-1.0	-1.0	-1.0	-1.0	-1.0	-1.0	-1.0	-1.0	-1.0	-1.0	-1.0	-1.0	39.0	-1.0	-1.0	-1.0	-1.0	0.0	-1.0	
-1.0	-1.0	-1.0	-1.0	30.0	-1.0	-1.0	29.0	20.0	-1.0	-1.0	-1.0	-1.0	-1.0	-1.0	-1.0	-1.0	-1.0	-1.0	-1.0	-1.0	-1.0	18.0	3.0	-1.0	-1.0	-1.0	-1.0	-1.0	-1.0	-1.0	-1.0	-1.0	-1.0	-1.0	-1.0	-1.0	-1.0	-1.0	-1.0	-1.0	-1.0	-1.0	39.0	-1.0	-1.0	-1.0	-1.0	0.0	-1.0	
-1.0	-1.0	34.0	-1.0	30.0	17.0	-1.0	-1.0	-1.0	-1.0	-1.0	40.0	-1.0	-1.0	-1.0	-1.0	47.0	-1.0	-1.0	-1.0	31.0	-1.0	18.0	-1.0	-1.0	22.0	-1.0	30.0	27.0	-1.0	-1.0	16.0	-1.0	-1.0	-1.0	29.0	0.0	-1.0	-1.0	-1.0	15.0	6.0	22.0	-1.0	21.0	-1.0	10.0	-1.0	0.0	49.0	
-1.0	23.0	22.0	12.0	31.0	-1.0	0.0	-1.0	18.0	14.0	0.0	37.0	29.0	21.0	-1.0	-1.0	-1.0	-1.0	-1.0	-1.0	31.0	-1.0	18.0	-1.0	-1.0	22.0	-1.0	30.0	27.0	-1.0	-1.0	16.0	17.0	-1.0	-1.0	-1.0	-1.0	27.0	-1.0	-1.0	15.0	6.0	-1.0	-1.0	-1.0	42.0	10.0	11.0	0.0	35.0	
-1.0	23.0	22.0	12.0	30.0	17.0	0.0	-1.0	18.0	-1.0	0.0	37.0	-1.0	21.0	-1.0	27.0	-1.0	-1.0	-1.0	11.0	31.0	-1.0	15.0	-1.0	23.0	22.0	28.0	30.0	27.0	28.0	-1.0	16.0	-1.0	-1.0	-1.0	-1.0	-1.0	-1.0	-1.0	-1.0	15.0	6.0	-1.0	39.0	21.0	42.0	-1.0	11.0	-1.0	-1.0	
-1.0	23.0	22.0	12.0	-1.0	-1.0	0.0	20.0	18.0	-1.0	0.0	37.0	-1.0	-1.0	-1.0	-1.0	-1.0	-1.0	0.0	11.0	-1.0	-1.0	15.0	3.0	-1.0	22.0	-1.0	30.0	-1.0	28.0	-1.0	-1.0	-1.0	-1.0	-1.0	-1.0	-1.0	-1.0	-1.0	-1.0	15.0	6.0	-1.0	39.0	21.0	42.0	10.0	-1.0	0.0	35.0	

distances_centre_w :
42.0	31.0	34.0	19.0	-1.0	18.0	19.0	-1.0	23.0	25.0	-1.0	40.0	39.0	27.0	15.0	46.0	-1.0	16.0	-1.0	-1.0	-1.0	-1.0	29.0	46.0	-1.0	42.0	-1.0	32.0	46.0	-1.0	13.0	-1.0	-1.0	51.0	-1.0	-1.0	-1.0	-1.0	-1.0	-1.0	36.0	58.0	-1.0	58.0	38.0	43.0	-1.0	-1.0	19.0	49.0	
-1.0	46.0	-1.0	-1.0	-1.0	-1.0	19.0	42.0	35.0	45.0	61.0	61.0	-1.0	56.0	-1.0	-1.0	-1.0	46.0	-1.0	-1.0	-1.0	-1.0	-1.0	-1.0	-1.0	-1.0	-1.0	31.0	-1.0	-1.0	13.0	-1.0	-1.0	56.0	-1.0	60.0	-1.0	37.0	-1.0	-1.0	-1.0	41.0	-1.0	-1.0	38.0	-1.0	15.0	50.0	-1.0	52.0	
-1.0	46.0	-1.0	19.0	41.0	-1.0	28.0	-1.0	-1.0	-1.0	61.0	61.0	-1.0	27.0	-1.0	-1.0	-1.0	-1.0	25.0	17.0	40.0	39.0	29.0	-1.0	53.0	42.0	45.0	31.0	57.0	-1.0	52.0	-1.0	54.0	-1.0	-1.0	-1.0	-1.0	-1.0	59.0	50.0	55.0	41.0	-1.0	-1.0	38.0	-1.0	-1.0	50.0	37.0	49.0	
-1.0	46.0	59.0	-1.0	41.0	-1.0	28.0	-1.0	-1.0	-1.0	61.0	-1.0	-1.0	56.0	43.0	72.0	-1.0	-1.0	-1.0	44.0	72.0	-1.0	19.0	-1.0	-1.0	43.0	64.0	53.0	68.0	-1.0	-1.0	33.0	-1.0	51.0	-1.0	60.0	-1.0	-1.0	80.0	-1.0	-1.0	-1.0	-1.0	-1.0	-1.0	-1.0	38.0	-1.0	44.0	-1.0	
-1.0	31.0	42.0	-1.0	-1.0	-1.0	19.0	-1.0	-1.0	-1.0	61.0	-1.0	40.0	-1.0	-1.0	-1.0	-1.0	-1.0	-1.0	-1.0	-1.0	-1.0	18.0	-1.0	-1.0	43.0	-1.0	-1.0	-1.0	-1.0	35.0	-1.0	-1.0	51.0	-1.0	-1.0	-1.0	41.0	-1.0	-1.0	-1.0	41.0	-1.0	-1.0	-1.0	-1.0	-1.0	-1.0	-1.0	49.0	
-1.0	-1.0	42.0	-1.0	-1.0	37.0	19.0	-1.0	-1.0	-1.0	-1.0	40.0	40.0	-1.0	-1.0	-1.0	-1.0	-1.0	-1.0	-1.0	-1.0	-1.0	-1.0	-1.0	-1.0	43.0	-1.0	-1.0	-1.0	56.0	-1.0	-1.0	-1.0	-1.0	-1.0	-1.0	-1.0	-1.0	-1.0	-1.0	-1.0	-1.0	-1.0	-1.0	-1.0	-1.0	-1.0	-1.0	-1.0	49.0	
-1.0	31.0	-1.0	-1.0	41.0	35.0	19.0	-1.0	-1.0	-1.0	-1.0	61.0	-1.0	-1.0	-1.0	-1.0	69.0	-1.0	-1.0	-1.0	40.0	-1.0	19.0	-1.0	-1.0	42.0	-1.0	53.0	-1.0	-1.0	-1.0	33.0	-1.0	-1.0	-1.0	60.0	25.0	-1.0	-1.0	-1.0	-1.0	19.0	-1.0	-1.0	38.0	-1.0	15.0	-1.0	-1.0	52.0	
-1.0	31.0	34.0	19.0	35.0	-1.0	19.0	-1.0	20.0	39.0	39.0	40.0	39.0	27.0	-1.0	-1.0	-1.0	-1.0	-1.0	-1.0	40.0	-1.0	29.0	-1.0	-1.0	42.0	-1.0	53.0	46.0	-1.0	-1.0	33.0	54.0	-1.0	-1.0	-1.0	-1.0	41.0	-1.0	-1.0	36.0	19.0	-1.0	-1.0	-1.0	43.0	15.0	36.0	19.0	49.0	
-1.0	31.0	34.0	37.0	41.0	35.0	19.0	-1.0	20.0	-1.0	39.0	40.0	-1.0	40.0	-1.0	46.0	-1.0	-1.0	-1.0	17.0	40.0	-1.0	18.0	-1.0	25.0	42.0	45.0	53.0	46.0	53.0	-1.0	36.0	-1.0	-1.0	-1.0	-1.0	-1.0	-1.0	-1.0	-1.0	36.0	19.0	-1.0	58.0	38.0	43.0	-1.0	53.0	-1.0	-1.0	
-1.0	31.0	34.0	19.0	-1.0	-1.0	19.0	29.0	20.0	-1.0	39.0	40.0	-1.0	-1.0	-1.0	-1.0	-1.0	-1.0	25.0	17.0	-1.0	-1.0	18.0	21.0	-1.0	24.0	-1.0	31.0	-1.0	53.0	-1.0	-1.0	-1.0	-1.0	-1.0	-1.0	-1.0	-1.0	-1.0	-1.0	36.0	19.0	-1.0	58.0	38.0	43.0	15.0	-1.0	19.0	49.0	

maxX :
42.0	49.0	40.0	59.0	39.0	39.0	49.0	42.0	42.0	42.0	

maxW :
58.0	61.0	61.0	80.0	61.0	56.0	69.0	54.0	58.0	58.0	

minX :
0.0	0.0	0.0	0.0	0.0	0.0	0.0	0.0	0.0	0.0	

minW :
13.0	13.0	17.0	19.0	18.0	19.0	15.0	15.0	17.0	15.0	

moyX :
19.25	20.74074074074074	19.037037037037038	24.64	23.5	19.857142857142858	23.2	19.76923076923077	21.185185185185187	17.782608695652176	

moyW :
34.07142857142857	42.31578947368421	42.44444444444444	51.19047619047619	39.25	40.75	38.35294117647059	34.5	37.18518518518518	30.304347826086957	

medX :
18.5	19.0	19.0	22.0	27.5	20.0	22.0	19.5	22.0	18.0	

medW :
35.0	45.0	42.0	51.0	41.0	41.0	38.0	36.0	39.0	29.0	

ecartTypeX :
11.08610778020337	11.56172674721337	10.43669268417028	15.301973728901773	14.361406616345072	13.281873484765095	13.362634470792052	11.215743372968376	10.491749975971551	12.873824207143972	

ecartTypeW :
13.002550770160918	14.422397171282068	12.437498061293974	15.199057137483257	11.840080236214618	9.971835337589566	15.877995044828507	10.767650983028178	11.281046172385087	12.167078827038347	

varX :
122.90178571428571	133.67352537722908	108.92455418381344	234.15040000000002	206.25	176.4081632653061	178.55999999999997	125.79289940828404	110.07681755829903	165.73534971644614	

varW :
169.06632653061226	208.00554016620498	154.69135802469137	231.01133786848072	140.1875	99.4375	252.1107266435986	115.9423076923077	127.26200274348422	148.03780718336483	

covarX :
127.4537037037037	138.81481481481484	113.11396011396009	243.90666666666667	275.0	205.80952380952377	187.95789473684212	130.82461538461538	114.31054131054131	173.2687747035573	

covarW :
175.3280423280423	219.56140350877192	160.64102564102564	242.56190476190477	152.9318181818182	113.64285714285714	267.86764705882354	120.58	132.15669515669515	154.76679841897231	

coef_variationX :
0.5759017028677076	0.5574403967406446	0.5482309386626412	0.621021661075559	0.6111236858019179	0.6688713265709041	0.5759756237410367	0.5673333223680501	0.4952399464182375	0.7239558845093187	

coef_variationW :
0.38162622805503743	0.34082779384870554	0.29303005903572193	0.2969118138485101	0.30165809519018133	0.2447076156463697	0.41399680331608074	0.31210582559501965	0.3033747476637424	0.40149614493813773	

moy_distances_centre :	41.4
min_distances_centre :	19.0
max_distances_centre :	66.0
med_distances_centre :	38.0
ecartType_distances_centre :	16.094719630984567
var_distances_centre :	259.04
covar_distances_centre :	272.6736842105263
coef_variation_distances_centre :	0.3887613437435886
capacite_X_temoin : 
156.0	166.0	159.0	135.0	144.0	
138.0	0.0	178.0	147.0	159.0	
0.0	139.0	178.0	147.0	166.0	
166.0	0.0	159.0	172.0	171.0	
144.0	177.0	169.0	0.0	165.0	
172.0	148.0	145.0	0.0	157.0	
172.0	0.0	157.0	144.0	163.0	
141.0	169.0	145.0	163.0	148.0	
147.0	153.0	148.0	172.0	169.0	
154.0	150.0	171.0	139.0	163.0	

capacite_W_temoin : 
165.8	140.8	123.69999999999999	97.5	89.19999999999999	
140.4	0.0	116.4	60.1	112.69999999999999	
0.0	119.69999999999999	106.4	132.1	96.8	
179.8	0.0	143.7	95.6	127.3	
149.2	136.1	56.699999999999996	0.0	148.5	
184.6	114.4	79.5	0.0	143.1	
189.6	0.0	108.1	144.2	133.9	
145.3	140.7	121.5	140.9	128.4	
149.1	164.9	76.4	167.6	124.69999999999999	
155.2	147.0	154.3	117.69999999999999	160.9	

demande_cumulee_X : 
37.0	75.0	83.0	78.0	98.0	
39.0	0.0	115.0	131.0	94.0	
0.0	61.0	125.0	59.0	119.0	
36.0	0.0	63.0	128.0	95.0	
38.0	94.0	163.0	0.0	66.0	
39.0	78.0	109.0	0.0	61.0	
34.0	0.0	96.0	43.0	78.0	
38.0	79.0	67.0	71.0	64.0	
42.0	34.0	116.0	56.0	95.0	
45.0	48.0	68.0	63.0	51.0	

demande_cumulee_W : 
126.0	54.0	43.0	70.0	78.0	
137.0	0.0	96.0	52.0	94.0	
0.0	54.0	102.0	128.0	80.0	
76.0	0.0	138.0	5.0	103.0	
140.0	35.0	54.0	0.0	132.0	
127.0	14.0	60.0	0.0	86.0	
65.0	0.0	51.0	97.0	38.0	
53.0	13.0	63.0	99.0	91.0	
95.0	11.0	47.0	114.0	76.0	
61.0	0.0	48.0	76.0	90.0	

capacite_residuelle_X : 
119.0	91.0	76.0	57.0	46.0	
99.0	0.0	63.0	16.0	65.0	
0.0	78.0	53.0	88.0	47.0	
130.0	0.0	96.0	44.0	76.0	
106.0	83.0	6.0	0.0	99.0	
133.0	70.0	36.0	0.0	96.0	
138.0	0.0	61.0	101.0	85.0	
103.0	90.0	78.0	92.0	84.0	
105.0	119.0	32.0	116.0	74.0	
109.0	102.0	103.0	76.0	112.0	

capacite_residuelle_W : 
39.80000000000001	86.80000000000001	80.69999999999999	27.5	11.199999999999989	
3.4000000000000057	0.0	20.400000000000006	8.100000000000001	18.69999999999999	
0.0	65.69999999999999	4.400000000000006	4.099999999999994	16.799999999999997	
103.80000000000001	0.0	5.699999999999989	90.6	24.299999999999997	
9.199999999999989	101.1	2.6999999999999957	0.0	16.5	
57.599999999999994	100.4	19.5	0.0	57.099999999999994	
124.6	0.0	57.099999999999994	47.19999999999999	95.9	
92.30000000000001	127.69999999999999	58.5	41.900000000000006	37.400000000000006	
54.099999999999994	153.9	29.400000000000006	53.599999999999994	48.69999999999999	
94.19999999999999	147.0	106.30000000000001	41.69999999999999	70.9	

min_capacite_X : 
135.0	0.0	0.0	0.0	0.0	0.0	0.0	141.0	147.0	139.0	

min_capacite_W : 
89.19999999999999	0.0	0.0	0.0	0.0	0.0	0.0	121.5	76.4	117.69999999999999	

max_capacite_X : 
166.0	178.0	178.0	172.0	177.0	172.0	172.0	169.0	172.0	171.0	

max_capacite_W : 
165.8	140.4	132.1	179.8	149.2	184.6	189.6	145.3	167.6	160.9	

moy_capacite_X : 
152.0	124.4	126.0	133.6	131.0	124.4	127.2	153.2	157.8	155.4	

moy_capacite_W : 
123.4	85.92	91.0	109.28	98.1	104.32000000000001	115.16	135.35999999999999	136.54000000000002	147.02	

med_capacite_X : 
156.0	147.0	147.0	166.0	165.0	148.0	157.0	148.0	153.0	154.0	

med_capacite_W : 
123.69999999999999	112.69999999999999	106.4	127.3	136.1	114.4	133.9	140.7	149.1	154.3	

ecartType_capacite_X : 
11.081516141756055	63.625780938232886	64.48255578061404	66.95849460673381	66.40180720432238	62.905007749780935	64.24764587126909	10.851727973000429	10.609429767899874	10.965400129498239	

ecartType_capacite_W : 
28.075113534944084	50.32531768404448	47.041896220284315	61.011126854041954	59.888129040737276	62.52850230095073	63.32060012349851	8.9280681000987	33.71578858635817	15.311616505124473	

var_capacite_X : 
122.8	4048.2399999999993	4158.0	4483.4400000000005	4409.2	3957.0399999999995	4127.76	117.75999999999999	112.55999999999999	120.23999999999998	

var_capacite_W : 
788.2120000000004	2532.6375999999996	2212.9399999999996	3722.3575999999994	3586.5879999999997	3909.8136	4009.4983999999995	79.71040000000002	1136.7543999999998	234.44560000000016	

covar_capacite_X : 
153.5	5060.299999999999	5197.5	5604.300000000001	5511.5	4946.299999999999	5159.700000000001	147.2	140.7	150.29999999999998	

covar_capacite_W : 
985.2650000000006	3165.7969999999996	2766.1749999999993	4652.946999999999	4483.235	4887.267	5011.873	99.63800000000002	1420.9429999999998	293.0570000000002	

##########	##########	##########	##########	##########	##########	##########	##########	##########	##########	##########	##########	##########	##########	##########	##########	##########	##########	##########	##########	##########	##########	##########	##########	##########	##########	##########	##########	##########	##########	##########	##########	##########	##########	##########	##########	##########	##########	##########	##########	##########	##########	##########	##########	##########	##########	##########	##########	##########	##########	