nombre de noeuds : 50
nombre de strates : 10
nombre de centres : 5
titre : intelligent
instances : p8_3
temps de calcul : 0.07574295997619629
valeur objective : 1167.0
nombre de solutions : 3
nombre de noeuds : 1.0
faisability : True
centre : [18, 48, 7, 13, 6]
moy_distances :	53.19
min_distances :	1.0
max_distances :	130.0
var_distances :	651.3330085797585
covar_distances :	651.5989673419389
ecartType_distances :	25.52122662764779
coef_variation	: 0.47985484127683786
distances_centre_x :
50.0	24.0	-1.0	-1.0	-1.0	-1.0	-1.0	-1.0	33.0	19.0	-1.0	-1.0	23.0	28.0	-1.0	-1.0	-1.0	-1.0	-1.0	-1.0	-1.0	-1.0	7.0	8.0	-1.0	-1.0	-1.0	28.0	-1.0	-1.0	22.0	-1.0	-1.0	36.0	-1.0	-1.0	-1.0	-1.0	-1.0	-1.0	-1.0	19.0	-1.0	26.0	26.0	9.0	-1.0	-1.0	0.0	-1.0	
-1.0	24.0	41.0	17.0	25.0	26.0	0.0	0.0	33.0	19.0	29.0	29.0	-1.0	0.0	-1.0	-1.0	-1.0	42.0	0.0	-1.0	-1.0	-1.0	-1.0	-1.0	13.0	19.0	-1.0	28.0	22.0	-1.0	22.0	-1.0	-1.0	36.0	-1.0	4.0	-1.0	27.0	-1.0	-1.0	24.0	19.0	-1.0	10.0	26.0	-1.0	27.0	26.0	0.0	25.0	
-1.0	24.0	-1.0	49.0	25.0	-1.0	63.0	-1.0	-1.0	-1.0	29.0	29.0	-1.0	0.0	-1.0	-1.0	-1.0	-1.0	0.0	16.0	24.0	13.0	22.0	-1.0	52.0	19.0	14.0	28.0	22.0	-1.0	22.0	-1.0	26.0	-1.0	-1.0	-1.0	-1.0	-1.0	43.0	3.0	40.0	19.0	-1.0	-1.0	28.0	-1.0	-1.0	26.0	0.0	25.0	
-1.0	24.0	41.0	17.0	25.0	-1.0	0.0	-1.0	-1.0	19.0	35.0	-1.0	-1.0	0.0	34.0	35.0	-1.0	-1.0	-1.0	15.0	24.0	-1.0	7.0	8.0	-1.0	19.0	14.0	28.0	22.0	5.0	22.0	44.0	-1.0	36.0	-1.0	4.0	-1.0	-1.0	43.0	-1.0	24.0	-1.0	-1.0	-1.0	-1.0	-1.0	27.0	-1.0	0.0	25.0	
-1.0	24.0	41.0	17.0	37.0	26.0	0.0	-1.0	-1.0	19.0	29.0	-1.0	23.0	0.0	-1.0	-1.0	-1.0	-1.0	-1.0	-1.0	24.0	-1.0	22.0	-1.0	13.0	19.0	14.0	-1.0	22.0	-1.0	22.0	-1.0	26.0	36.0	5.0	4.0	-1.0	27.0	-1.0	-1.0	24.0	19.0	-1.0	10.0	26.0	-1.0	27.0	-1.0	0.0	25.0	
50.0	24.0	45.0	17.0	25.0	42.0	0.0	0.0	33.0	19.0	-1.0	29.0	23.0	-1.0	-1.0	-1.0	-1.0	-1.0	-1.0	-1.0	24.0	-1.0	7.0	8.0	13.0	19.0	-1.0	-1.0	-1.0	5.0	-1.0	44.0	-1.0	36.0	-1.0	4.0	-1.0	-1.0	-1.0	-1.0	24.0	19.0	-1.0	10.0	-1.0	-1.0	-1.0	-1.0	0.0	25.0	
-1.0	24.0	41.0	-1.0	25.0	26.0	0.0	-1.0	-1.0	-1.0	-1.0	29.0	-1.0	-1.0	-1.0	-1.0	19.0	-1.0	-1.0	-1.0	24.0	-1.0	7.0	-1.0	-1.0	19.0	-1.0	28.0	22.0	-1.0	-1.0	44.0	-1.0	-1.0	-1.0	4.0	37.0	-1.0	-1.0	-1.0	24.0	19.0	10.0	-1.0	26.0	-1.0	27.0	-1.0	0.0	25.0	
-1.0	24.0	41.0	17.0	37.0	-1.0	0.0	-1.0	33.0	19.0	29.0	29.0	23.0	0.0	-1.0	-1.0	-1.0	-1.0	-1.0	-1.0	24.0	-1.0	7.0	-1.0	-1.0	19.0	-1.0	28.0	22.0	-1.0	-1.0	44.0	42.0	-1.0	-1.0	-1.0	-1.0	27.0	-1.0	-1.0	24.0	19.0	-1.0	-1.0	-1.0	9.0	27.0	26.0	0.0	25.0	
-1.0	24.0	41.0	17.0	25.0	26.0	0.0	-1.0	33.0	-1.0	29.0	29.0	-1.0	0.0	-1.0	35.0	-1.0	-1.0	-1.0	15.0	24.0	-1.0	22.0	-1.0	13.0	19.0	14.0	28.0	22.0	5.0	-1.0	44.0	-1.0	-1.0	-1.0	-1.0	-1.0	-1.0	-1.0	-1.0	24.0	19.0	-1.0	10.0	28.0	9.0	-1.0	26.0	-1.0	-1.0	
-1.0	24.0	41.0	17.0	-1.0	-1.0	0.0	0.0	33.0	-1.0	29.0	29.0	-1.0	-1.0	-1.0	-1.0	-1.0	-1.0	0.0	15.0	-1.0	-1.0	7.0	8.0	-1.0	19.0	-1.0	28.0	-1.0	5.0	-1.0	-1.0	-1.0	-1.0	-1.0	-1.0	-1.0	-1.0	-1.0	-1.0	24.0	19.0	-1.0	10.0	26.0	9.0	27.0	-1.0	0.0	25.0	

distances_centre_w :
-1.0	57.0	-1.0	-1.0	-1.0	-1.0	-1.0	-1.0	65.0	49.0	-1.0	70.0	-1.0	47.0	-1.0	-1.0	-1.0	-1.0	-1.0	-1.0	-1.0	-1.0	-1.0	-1.0	-1.0	-1.0	-1.0	61.0	51.0	-1.0	25.0	-1.0	-1.0	-1.0	-1.0	-1.0	-1.0	-1.0	-1.0	-1.0	-1.0	27.0	-1.0	52.0	-1.0	25.0	-1.0	-1.0	34.0	-1.0	
-1.0	57.0	45.0	49.0	60.0	42.0	63.0	63.0	65.0	66.0	35.0	70.0	-1.0	47.0	-1.0	-1.0	-1.0	49.0	34.0	-1.0	-1.0	-1.0	-1.0	-1.0	52.0	45.0	-1.0	61.0	43.0	-1.0	25.0	-1.0	-1.0	53.0	-1.0	25.0	-1.0	71.0	-1.0	-1.0	40.0	29.0	-1.0	26.0	28.0	-1.0	40.0	59.0	34.0	38.0	
-1.0	57.0	-1.0	74.0	37.0	-1.0	65.0	-1.0	-1.0	-1.0	61.0	70.0	-1.0	47.0	-1.0	-1.0	-1.0	-1.0	28.0	44.0	58.0	37.0	32.0	-1.0	68.0	76.0	33.0	61.0	47.0	-1.0	25.0	-1.0	48.0	-1.0	-1.0	-1.0	-1.0	-1.0	50.0	26.0	66.0	29.0	-1.0	-1.0	59.0	-1.0	-1.0	59.0	47.0	73.0	
-1.0	57.0	45.0	49.0	37.0	-1.0	63.0	-1.0	-1.0	49.0	61.0	-1.0	-1.0	28.0	46.0	52.0	-1.0	-1.0	-1.0	44.0	58.0	-1.0	22.0	21.0	-1.0	45.0	33.0	61.0	47.0	50.0	26.0	46.0	-1.0	53.0	-1.0	25.0	-1.0	-1.0	50.0	-1.0	40.0	-1.0	-1.0	-1.0	-1.0	-1.0	40.0	-1.0	34.0	38.0	
-1.0	71.0	53.0	49.0	56.0	42.0	63.0	-1.0	-1.0	49.0	35.0	-1.0	42.0	47.0	-1.0	-1.0	-1.0	-1.0	-1.0	-1.0	58.0	-1.0	32.0	-1.0	52.0	45.0	33.0	-1.0	43.0	-1.0	26.0	-1.0	42.0	36.0	29.0	25.0	-1.0	71.0	-1.0	-1.0	40.0	29.0	-1.0	26.0	28.0	-1.0	40.0	-1.0	34.0	38.0	
55.0	57.0	51.0	49.0	37.0	43.0	63.0	63.0	65.0	49.0	-1.0	70.0	42.0	-1.0	-1.0	-1.0	-1.0	-1.0	-1.0	-1.0	70.0	-1.0	32.0	21.0	52.0	45.0	-1.0	-1.0	-1.0	28.0	-1.0	46.0	-1.0	53.0	-1.0	25.0	-1.0	-1.0	-1.0	-1.0	40.0	29.0	-1.0	26.0	-1.0	-1.0	-1.0	-1.0	34.0	38.0	
-1.0	57.0	51.0	-1.0	56.0	42.0	63.0	-1.0	-1.0	-1.0	-1.0	70.0	-1.0	-1.0	-1.0	-1.0	49.0	-1.0	-1.0	-1.0	58.0	-1.0	22.0	-1.0	-1.0	45.0	-1.0	61.0	43.0	-1.0	-1.0	46.0	-1.0	-1.0	-1.0	25.0	53.0	-1.0	-1.0	-1.0	40.0	29.0	28.0	-1.0	28.0	-1.0	40.0	-1.0	34.0	38.0	
-1.0	57.0	45.0	49.0	56.0	-1.0	63.0	-1.0	65.0	49.0	35.0	70.0	42.0	28.0	-1.0	-1.0	-1.0	-1.0	-1.0	-1.0	58.0	-1.0	22.0	-1.0	-1.0	45.0	-1.0	61.0	43.0	-1.0	-1.0	46.0	48.0	-1.0	-1.0	-1.0	-1.0	71.0	-1.0	-1.0	40.0	27.0	-1.0	-1.0	-1.0	25.0	40.0	59.0	34.0	38.0	
-1.0	57.0	45.0	49.0	37.0	42.0	63.0	-1.0	65.0	-1.0	35.0	70.0	-1.0	47.0	-1.0	52.0	-1.0	-1.0	-1.0	16.0	58.0	-1.0	32.0	-1.0	52.0	45.0	33.0	61.0	43.0	28.0	-1.0	46.0	-1.0	-1.0	-1.0	-1.0	-1.0	-1.0	-1.0	-1.0	40.0	27.0	-1.0	26.0	59.0	25.0	-1.0	59.0	-1.0	-1.0	
-1.0	57.0	51.0	49.0	-1.0	-1.0	63.0	63.0	65.0	-1.0	35.0	70.0	-1.0	-1.0	-1.0	-1.0	-1.0	-1.0	28.0	16.0	-1.0	-1.0	22.0	21.0	-1.0	45.0	-1.0	61.0	-1.0	28.0	-1.0	-1.0	-1.0	-1.0	-1.0	-1.0	-1.0	-1.0	-1.0	-1.0	40.0	27.0	-1.0	26.0	28.0	25.0	40.0	-1.0	34.0	38.0	

maxX :
50.0	42.0	63.0	44.0	41.0	50.0	44.0	44.0	44.0	41.0	

maxW :
70.0	71.0	76.0	63.0	71.0	70.0	70.0	71.0	70.0	70.0	

minX :
0.0	0.0	0.0	0.0	0.0	0.0	0.0	0.0	0.0	0.0	

minW :
25.0	25.0	25.0	21.0	25.0	21.0	22.0	22.0	16.0	16.0	

moyX :
22.375	20.433333333333334	24.48148148148148	21.321428571428573	20.03448275862069	20.96153846153846	21.818181818181817	22.884615384615383	21.51851851851852	17.17391304347826	

moyW :
46.916666666666664	47.13333333333333	51.0	43.57142857142857	42.55172413793103	45.5	44.45454545454545	46.76923076923077	44.888888888888886	40.52173913043478	

medX :
23.5	24.0	24.0	23.0	22.0	21.0	24.0	24.0	24.0	19.0	

medW :
50.0	46.0	50.0	45.5	42.0	45.5	44.0	45.5	45.0	38.0	

ecartTypeX :
11.988927183030182	11.949012046562213	15.090763351996259	12.934045802312847	10.57806043958418	14.316426201101924	11.539010370503119	11.914202652803544	10.816209955673596	11.775627644725404	

ecartTypeW :
15.085635183474672	13.884603783407801	15.658390248846947	11.766868048612993	12.60702105122257	13.92355502791527	13.04790917673393	13.511555431463647	13.822508035630213	15.99149112121109	

varX :
143.734375	142.7788888888889	227.73113854595337	167.28954081632656	111.89536266349583	204.96005917159766	133.1487603305785	141.948224852071	116.99039780521262	138.66540642722117	

varW :
227.5763888888889	192.7822222222222	245.1851851851852	138.45918367346937	158.93697978596907	193.8653846153846	170.2479338842975	182.56213017751477	191.06172839506178	255.72778827977316	

covarX :
153.31666666666666	147.7022988505747	236.49002849002852	173.48544973544975	115.89162561576353	213.15846153846152	139.48917748917748	147.62615384615387	121.49002849002851	144.9683794466403	

covarW :
248.26515151515156	199.42988505747124	254.61538461538464	143.58730158730157	164.6133004926108	201.62	178.35497835497833	189.8646153846154	198.41025641025644	267.3517786561265	

coef_variationX :
0.5358179746605668	0.5847803611694394	0.616415447055823	0.6066219136763144	0.5279926897554926	0.682985470144312	0.5288713086480596	0.5206206201225079	0.5026465900226972	0.6856694577941375	

coef_variationW :
0.3215410696300108	0.29458140983184866	0.3070272597813127	0.27005926668947855	0.29627521109031973	0.30601219841572025	0.2935112493743829	0.28889838915958455	0.30792715920958397	0.394639802347484	

moy_distances_centre :	71.6
min_distances_centre :	28.0
max_distances_centre :	121.0
med_distances_centre :	75.5
ecartType_distances_centre :	27.900537629228584
var_distances_centre :	778.4400000000002
covar_distances_centre :	819.4105263157895
coef_variation_distances_centre :	0.3896723132573825
capacite_X_temoin : 
156.0	171.0	0.0	159.0	144.0	
138.0	153.0	162.0	178.0	159.0	
0.0	144.0	136.0	178.0	166.0	
166.0	151.0	141.0	159.0	171.0	
144.0	144.0	162.0	169.0	165.0	
172.0	144.0	135.0	145.0	157.0	
172.0	171.0	157.0	157.0	163.0	
141.0	136.0	172.0	145.0	148.0	
147.0	139.0	171.0	148.0	169.0	
154.0	177.0	177.0	171.0	163.0	

capacite_W_temoin : 
109.8	165.3	0.0	135.7	44.199999999999996	
122.4	132.9	184.6	142.4	75.69999999999999	
0.0	125.19999999999999	112.8	138.4	103.8	
147.8	156.3	156.3	114.69999999999999	104.3	
130.2	149.2	151.6	88.69999999999999	129.5	
130.6	144.2	147.5	126.5	121.1	
188.6	173.3	204.1	105.1	121.9	
109.3	127.8	198.6	147.5	76.4	
123.1	132.7	157.3	140.4	139.7	
157.2	183.1	204.1	159.3	123.9	

demande_cumulee_X : 
93.0	57.0	0.0	71.0	143.0	
57.0	66.0	26.0	89.0	131.0	
0.0	62.0	64.0	93.0	112.0	
68.0	40.0	27.0	92.0	118.0	
57.0	38.0	59.0	131.0	85.0	
93.0	43.0	28.0	62.0	83.0	
35.0	49.0	0.0	99.0	90.0	
74.0	49.0	25.0	41.0	116.0	
68.0	48.0	65.0	52.0	80.0	
43.0	47.0	26.0	63.0	88.0	

demande_cumulee_W : 
95.0	103.0	0.0	123.0	43.0	
101.0	27.0	50.0	137.0	54.0	
0.0	26.0	94.0	138.0	73.0	
69.0	50.0	92.0	113.0	21.0	
106.0	26.0	81.0	82.0	75.0	
47.0	42.0	62.0	117.0	41.0	
81.0	35.0	50.0	86.0	21.0	
67.0	38.0	36.0	145.0	19.0	
73.0	39.0	17.0	134.0	50.0	
45.0	26.0	49.0	138.0	9.0	

capacite_residuelle_X : 
63.0	114.0	0.0	88.0	1.0	
81.0	87.0	136.0	89.0	28.0	
0.0	82.0	72.0	85.0	54.0	
98.0	111.0	114.0	67.0	53.0	
87.0	106.0	103.0	38.0	80.0	
79.0	101.0	107.0	83.0	74.0	
137.0	122.0	157.0	58.0	73.0	
67.0	87.0	147.0	104.0	32.0	
79.0	91.0	106.0	96.0	89.0	
111.0	130.0	151.0	108.0	75.0	

capacite_residuelle_W : 
14.799999999999997	62.30000000000001	0.0	12.699999999999989	1.1999999999999957	
21.400000000000006	105.9	134.6	5.400000000000006	21.69999999999999	
0.0	99.19999999999999	18.799999999999997	0.4000000000000057	30.799999999999997	
78.80000000000001	106.30000000000001	64.30000000000001	1.6999999999999886	83.3	
24.19999999999999	123.19999999999999	70.6	6.699999999999989	54.5	
83.6	102.19999999999999	85.5	9.5	80.1	
107.6	138.3	154.1	19.099999999999994	100.9	
42.3	89.8	162.6	2.5	57.400000000000006	
50.099999999999994	93.69999999999999	140.3	6.400000000000006	89.69999999999999	
112.19999999999999	157.1	155.1	21.30000000000001	114.9	

min_capacite_X : 
0.0	138.0	0.0	141.0	144.0	135.0	157.0	136.0	139.0	154.0	

min_capacite_W : 
0.0	75.69999999999999	0.0	104.3	88.69999999999999	121.1	105.1	76.4	123.1	123.9	

max_capacite_X : 
171.0	178.0	178.0	171.0	169.0	172.0	172.0	172.0	171.0	177.0	

max_capacite_W : 
165.3	184.6	138.4	156.3	151.6	147.5	204.1	198.6	157.3	204.1	

moy_capacite_X : 
126.0	158.0	124.8	157.6	156.8	150.6	164.0	148.4	154.8	168.4	

moy_capacite_W : 
91.0	131.6	96.03999999999999	135.88	129.84	133.98	158.6	131.92000000000002	138.64000000000001	165.52	

med_capacite_X : 
156.0	159.0	144.0	159.0	162.0	145.0	163.0	145.0	148.0	171.0	

med_capacite_W : 
109.8	132.9	112.8	147.8	130.2	130.6	173.3	127.8	139.7	159.3	

ecartType_capacite_X : 
63.58301660034699	12.976902558006667	64.18224053427863	10.68831137270991	10.684568311354464	12.784365451597509	6.511528238439882	12.467557900406959	12.812493902437573	8.845337754998393	

ecartType_capacite_W : 
60.56939821394959	35.03364097549668	49.41552792392286	22.008761891574007	22.543522351220986	10.203019161013076	38.459017148127955	40.743264474020734	11.217771614719215	26.972608327709054	

var_capacite_X : 
4042.8	168.4	4119.36	114.24000000000001	114.16	163.44	42.4	155.44	164.16	78.24000000000001	

var_capacite_W : 
3668.6519999999996	1227.3560000000002	2441.8944	484.38560000000035	508.2104000000001	104.10159999999999	1479.096	1660.0135999999998	125.83840000000014	727.5215999999998	

covar_capacite_X : 
5053.5	210.5	5149.2	142.8	142.7	204.29999999999998	53.0	194.29999999999998	205.2	97.80000000000001	

covar_capacite_W : 
4585.815	1534.1950000000002	3052.368	605.4820000000004	635.2630000000001	130.12699999999998	1848.87	2075.017	157.29800000000017	909.4019999999997	

##########	##########	##########	##########	##########	##########	##########	##########	##########	##########	##########	##########	##########	##########	##########	##########	##########	##########	##########	##########	##########	##########	##########	##########	##########	##########	##########	##########	##########	##########	##########	##########	##########	##########	##########	##########	##########	##########	##########	##########	##########	##########	##########	##########	##########	##########	##########	##########	##########	##########	nombre de noeuds : 50
nombre de strates : 10
nombre de centres : 5
titre : intelligent
instances : p8_3
temps de calcul : 0.06349396705627441
valeur objective : 1508.0
nombre de solutions : 3
nombre de noeuds : 1.0
faisability : True
centre : [18, 48, 13, 6, 29]
moy_distances :	53.19
min_distances :	1.0
max_distances :	130.0
var_distances :	651.3330085797585
covar_distances :	651.5989673419389
ecartType_distances :	25.52122662764779
coef_variation	: 0.47985484127683786
distances_centre_x :
50.0	24.0	-1.0	-1.0	-1.0	26.0	-1.0	-1.0	33.0	19.0	-1.0	70.0	23.0	5.0	-1.0	-1.0	-1.0	49.0	-1.0	-1.0	-1.0	-1.0	7.0	8.0	-1.0	-1.0	-1.0	28.0	-1.0	-1.0	22.0	-1.0	-1.0	-1.0	-1.0	-1.0	-1.0	-1.0	-1.0	-1.0	-1.0	19.0	-1.0	5.0	24.0	9.0	-1.0	-1.0	0.0	-1.0	
-1.0	24.0	53.0	17.0	25.0	54.0	0.0	63.0	33.0	19.0	35.0	70.0	-1.0	0.0	-1.0	-1.0	-1.0	51.0	28.0	-1.0	-1.0	-1.0	-1.0	-1.0	13.0	45.0	-1.0	28.0	22.0	-1.0	22.0	-1.0	-1.0	36.0	-1.0	4.0	-1.0	71.0	-1.0	-1.0	24.0	19.0	-1.0	5.0	24.0	-1.0	27.0	26.0	0.0	38.0	
-1.0	24.0	-1.0	49.0	25.0	-1.0	65.0	-1.0	-1.0	-1.0	29.0	70.0	-1.0	5.0	-1.0	-1.0	-1.0	-1.0	0.0	15.0	24.0	9.0	7.0	-1.0	52.0	76.0	14.0	28.0	22.0	-1.0	22.0	-1.0	48.0	-1.0	-1.0	-1.0	-1.0	-1.0	43.0	25.0	66.0	19.0	-1.0	-1.0	24.0	-1.0	-1.0	26.0	0.0	73.0	
-1.0	24.0	45.0	17.0	33.0	-1.0	0.0	-1.0	-1.0	19.0	29.0	-1.0	-1.0	0.0	34.0	52.0	-1.0	-1.0	-1.0	14.0	24.0	-1.0	7.0	8.0	-1.0	45.0	14.0	28.0	22.0	0.0	22.0	44.0	-1.0	36.0	-1.0	4.0	-1.0	-1.0	43.0	-1.0	24.0	-1.0	-1.0	-1.0	-1.0	-1.0	47.0	-1.0	0.0	38.0	
-1.0	24.0	51.0	17.0	25.0	42.0	0.0	-1.0	-1.0	19.0	29.0	-1.0	23.0	0.0	-1.0	-1.0	-1.0	-1.0	-1.0	-1.0	24.0	-1.0	7.0	-1.0	13.0	45.0	14.0	-1.0	47.0	-1.0	22.0	-1.0	42.0	36.0	5.0	4.0	-1.0	71.0	-1.0	-1.0	24.0	19.0	-1.0	5.0	24.0	-1.0	27.0	-1.0	0.0	38.0	
50.0	24.0	-1.0	-1.0	-1.0	-1.0	-1.0	-1.0	33.0	19.0	-1.0	70.0	-1.0	-1.0	-1.0	-1.0	-1.0	-1.0	-1.0	-1.0	24.0	-1.0	-1.0	-1.0	-1.0	-1.0	-1.0	-1.0	-1.0	-1.0	-1.0	-1.0	-1.0	36.0	-1.0	-1.0	-1.0	-1.0	-1.0	-1.0	-1.0	19.0	-1.0	-1.0	-1.0	-1.0	-1.0	-1.0	0.0	-1.0	
-1.0	24.0	45.0	-1.0	25.0	26.0	0.0	-1.0	-1.0	-1.0	-1.0	70.0	-1.0	-1.0	-1.0	-1.0	49.0	-1.0	-1.0	-1.0	24.0	-1.0	7.0	-1.0	-1.0	45.0	-1.0	28.0	22.0	-1.0	-1.0	44.0	-1.0	-1.0	-1.0	24.0	53.0	-1.0	-1.0	-1.0	24.0	19.0	10.0	-1.0	24.0	-1.0	40.0	-1.0	0.0	38.0	
-1.0	24.0	45.0	17.0	25.0	-1.0	0.0	-1.0	33.0	19.0	29.0	70.0	23.0	0.0	-1.0	-1.0	-1.0	-1.0	-1.0	-1.0	24.0	-1.0	7.0	-1.0	-1.0	45.0	-1.0	28.0	22.0	-1.0	-1.0	44.0	26.0	-1.0	-1.0	-1.0	-1.0	71.0	-1.0	-1.0	24.0	19.0	-1.0	-1.0	-1.0	9.0	27.0	26.0	0.0	38.0	
-1.0	24.0	51.0	17.0	25.0	42.0	0.0	-1.0	33.0	-1.0	61.0	70.0	-1.0	0.0	-1.0	52.0	-1.0	-1.0	-1.0	14.0	24.0	-1.0	7.0	-1.0	13.0	45.0	14.0	28.0	22.0	0.0	-1.0	44.0	-1.0	-1.0	-1.0	-1.0	-1.0	-1.0	-1.0	-1.0	24.0	19.0	-1.0	5.0	24.0	9.0	-1.0	26.0	-1.0	-1.0	
-1.0	24.0	51.0	17.0	-1.0	-1.0	0.0	63.0	33.0	-1.0	29.0	70.0	-1.0	-1.0	-1.0	-1.0	-1.0	-1.0	28.0	15.0	-1.0	-1.0	7.0	8.0	-1.0	45.0	-1.0	28.0	-1.0	0.0	-1.0	-1.0	-1.0	-1.0	-1.0	-1.0	-1.0	-1.0	-1.0	-1.0	24.0	19.0	-1.0	5.0	24.0	9.0	27.0	-1.0	0.0	38.0	

distances_centre_w :
73.0	57.0	53.0	70.0	-1.0	-1.0	65.0	-1.0	65.0	69.0	-1.0	-1.0	39.0	28.0	46.0	54.0	-1.0	-1.0	-1.0	-1.0	-1.0	-1.0	23.0	20.0	-1.0	76.0	-1.0	78.0	51.0	-1.0	30.0	-1.0	-1.0	64.0	-1.0	-1.0	-1.0	-1.0	-1.0	-1.0	66.0	33.0	-1.0	52.0	26.0	45.0	-1.0	-1.0	34.0	73.0	
-1.0	57.0	80.0	49.0	33.0	55.0	65.0	89.0	80.0	49.0	61.0	78.0	-1.0	5.0	-1.0	-1.0	-1.0	52.0	34.0	-1.0	-1.0	-1.0	-1.0	-1.0	52.0	76.0	-1.0	61.0	43.0	-1.0	25.0	-1.0	-1.0	63.0	-1.0	25.0	-1.0	76.0	-1.0	-1.0	78.0	27.0	-1.0	10.0	59.0	-1.0	40.0	76.0	34.0	73.0	
-1.0	57.0	-1.0	70.0	33.0	-1.0	86.0	-1.0	-1.0	-1.0	61.0	84.0	-1.0	28.0	-1.0	-1.0	-1.0	-1.0	28.0	44.0	58.0	13.0	22.0	-1.0	74.0	78.0	18.0	61.0	45.0	-1.0	25.0	-1.0	57.0	-1.0	-1.0	-1.0	-1.0	-1.0	84.0	37.0	78.0	29.0	-1.0	-1.0	28.0	-1.0	-1.0	76.0	34.0	79.0	
-1.0	57.0	53.0	70.0	37.0	-1.0	65.0	-1.0	-1.0	49.0	35.0	-1.0	-1.0	5.0	46.0	54.0	-1.0	-1.0	-1.0	44.0	58.0	-1.0	23.0	20.0	-1.0	76.0	18.0	74.0	51.0	5.0	25.0	50.0	-1.0	63.0	-1.0	24.0	-1.0	-1.0	60.0	-1.0	66.0	-1.0	-1.0	-1.0	-1.0	-1.0	57.0	-1.0	50.0	73.0	
-1.0	57.0	53.0	49.0	33.0	55.0	65.0	-1.0	-1.0	69.0	62.0	-1.0	39.0	5.0	-1.0	-1.0	-1.0	-1.0	-1.0	-1.0	58.0	-1.0	23.0	-1.0	52.0	76.0	18.0	-1.0	51.0	-1.0	26.0	-1.0	57.0	63.0	29.0	25.0	-1.0	76.0	-1.0	-1.0	66.0	33.0	-1.0	10.0	28.0	-1.0	40.0	-1.0	34.0	73.0	
-1.0	-1.0	53.0	-1.0	-1.0	-1.0	-1.0	89.0	-1.0	-1.0	-1.0	-1.0	-1.0	-1.0	-1.0	-1.0	-1.0	-1.0	-1.0	-1.0	-1.0	-1.0	-1.0	-1.0	75.0	78.0	-1.0	-1.0	-1.0	-1.0	-1.0	50.0	-1.0	-1.0	-1.0	37.0	-1.0	-1.0	-1.0	-1.0	-1.0	-1.0	-1.0	-1.0	-1.0	-1.0	-1.0	-1.0	-1.0	-1.0	
-1.0	57.0	51.0	-1.0	33.0	55.0	65.0	-1.0	-1.0	-1.0	-1.0	78.0	-1.0	-1.0	-1.0	-1.0	73.0	-1.0	-1.0	-1.0	58.0	-1.0	22.0	-1.0	-1.0	76.0	-1.0	61.0	43.0	-1.0	-1.0	47.0	-1.0	-1.0	-1.0	37.0	64.0	-1.0	-1.0	-1.0	66.0	33.0	28.0	-1.0	28.0	-1.0	47.0	-1.0	34.0	73.0	
-1.0	57.0	51.0	73.0	33.0	-1.0	65.0	-1.0	65.0	49.0	35.0	78.0	42.0	5.0	-1.0	-1.0	-1.0	-1.0	-1.0	-1.0	58.0	-1.0	22.0	-1.0	-1.0	78.0	-1.0	61.0	43.0	-1.0	-1.0	50.0	57.0	-1.0	-1.0	-1.0	-1.0	76.0	-1.0	-1.0	66.0	29.0	-1.0	-1.0	-1.0	42.0	40.0	59.0	47.0	73.0	
-1.0	57.0	53.0	49.0	33.0	55.0	65.0	-1.0	65.0	-1.0	61.0	78.0	-1.0	47.0	-1.0	54.0	-1.0	-1.0	-1.0	44.0	58.0	-1.0	32.0	-1.0	52.0	76.0	18.0	61.0	43.0	5.0	-1.0	50.0	-1.0	-1.0	-1.0	-1.0	-1.0	-1.0	-1.0	-1.0	66.0	33.0	-1.0	10.0	28.0	25.0	-1.0	59.0	-1.0	-1.0	
-1.0	57.0	53.0	49.0	-1.0	-1.0	65.0	89.0	65.0	-1.0	35.0	78.0	-1.0	-1.0	-1.0	-1.0	-1.0	-1.0	28.0	44.0	-1.0	-1.0	32.0	20.0	-1.0	76.0	-1.0	61.0	-1.0	5.0	-1.0	-1.0	-1.0	-1.0	-1.0	-1.0	-1.0	-1.0	-1.0	-1.0	66.0	27.0	-1.0	10.0	26.0	25.0	40.0	-1.0	34.0	73.0	

maxX :
70.0	71.0	76.0	52.0	71.0	70.0	70.0	71.0	70.0	70.0	

maxW :
78.0	89.0	86.0	76.0	76.0	89.0	78.0	78.0	78.0	89.0	

minX :
0.0	0.0	0.0	0.0	0.0	0.0	0.0	0.0	0.0	0.0	

minW :
20.0	5.0	13.0	5.0	5.0	37.0	22.0	5.0	5.0	5.0	

moyX :
23.38888888888889	29.2	31.85185185185185	24.035714285714285	24.03448275862069	30.555555555555557	29.136363636363637	26.73076923076923	25.666666666666668	24.52173913043478	

moyW :
51.6	53.5	51.370370370370374	46.714285714285715	45.689655172413794	63.666666666666664	51.31818181818182	52.07692307692308	47.2962962962963	46.0	

medX :
22.5	25.5	25.0	24.0	24.0	24.0	24.5	24.5	24.0	24.0	

medW :
53.0	56.0	57.0	50.5	51.0	64.0	53.0	54.0	52.0	44.0	

ecartTypeX :
17.69224214447579	19.365605249169636	22.47254078121202	15.86659145783353	17.014157915102572	19.02110588624653	17.086133278574856	17.645129404908776	18.451136670797396	18.833064275866093	

ecartTypeW :
17.87959731090161	21.78187319768435	23.16790268189248	20.060368076058293	19.703147741302065	18.199511592958263	16.839850905290007	17.879776020200712	18.47283253424159	22.561991894796645	

varX :
313.0154320987654	375.02666666666664	505.01508916323735	251.74872448979596	289.48156956004755	361.8024691358024	291.9359504132231	311.35059171597635	340.4444444444444	354.68431001890366	

varW :
319.68	474.45	536.7517146776406	402.41836734693874	388.2140309155766	331.2222222222222	283.5805785123967	319.6863905325444	341.24554183813456	509.04347826086956	

covarX :
331.4281045751634	387.9586206896552	524.4387464387465	261.0727513227513	299.8201970443349	407.02777777777777	305.83766233766227	323.8046153846154	353.53846153846155	370.80632411067194	

covarW :
333.0	490.8103448275862	557.3960113960114	417.3227513227512	402.0788177339899	397.46666666666664	297.0844155844156	332.4738461538462	354.37037037037044	532.1818181818182	

coef_variationX :
0.7564379064146419	0.6632056592181382	0.7055332570845635	0.6601256475770265	0.7079061399397053	0.6225089199135228	0.5864195509027251	0.6601055604714074	0.718875454706392	0.7680150325264542	

coef_variationW :
0.3465038238546823	0.40713781677914673	0.4509973845790172	0.42942683954864846	0.4312387052813282	0.2858562030307581	0.328145898951621	0.34333395607475514	0.39057672546947764	0.4904780846694923	

moy_distances_centre :	52.0
min_distances_centre :	5.0
max_distances_centre :	90.0
med_distances_centre :	48.5
ecartType_distances_centre :	27.763285108214408
var_distances_centre :	770.8
covar_distances_centre :	811.3684210526316
coef_variation_distances_centre :	0.5339093290041232
capacite_X_temoin : 
156.0	0.0	159.0	175.0	144.0	
138.0	162.0	178.0	163.0	159.0	
0.0	136.0	178.0	147.0	166.0	
166.0	141.0	159.0	168.0	171.0	
144.0	162.0	169.0	147.0	165.0	
172.0	135.0	145.0	0.0	157.0	
172.0	157.0	157.0	135.0	163.0	
141.0	172.0	145.0	156.0	148.0	
147.0	171.0	148.0	144.0	169.0	
154.0	177.0	171.0	147.0	163.0	

capacite_W_temoin : 
74.8	0.0	149.7	192.5	43.199999999999996	
81.4	198.6	177.4	161.9	51.699999999999996	
0.0	149.8	103.4	136.1	94.8	
107.8	167.3	133.7	175.4	117.3	
63.199999999999996	183.6	122.69999999999999	164.1	119.5	
117.6	131.5	123.5	0.0	110.1	
147.6	204.1	147.1	146.5	100.9	
99.3	210.6	115.5	202.8	57.4	
68.1	203.3	151.4	146.2	130.7	
126.19999999999999	230.1	166.3	151.1	114.9	

demande_cumulee_X : 
128.0	0.0	57.0	35.0	144.0	
98.0	12.0	54.0	50.0	155.0	
0.0	27.0	128.0	55.0	121.0	
108.0	16.0	73.0	43.0	105.0	
124.0	27.0	97.0	27.0	95.0	
106.0	44.0	65.0	0.0	94.0	
76.0	0.0	57.0	29.0	111.0	
84.0	13.0	73.0	0.0	135.0	
123.0	19.0	41.0	41.0	89.0	
74.0	0.0	56.0	40.0	97.0	

demande_cumulee_W : 
38.0	0.0	131.0	152.0	43.0	
44.0	72.0	171.0	37.0	45.0	
0.0	69.0	98.0	70.0	94.0	
0.0	59.0	126.0	101.0	59.0	
25.0	100.0	119.0	71.0	55.0	
60.0	66.0	110.0	0.0	73.0	
32.0	45.0	141.0	35.0	20.0	
44.0	79.0	109.0	25.0	48.0	
23.0	59.0	143.0	27.0	61.0	
23.0	29.0	163.0	18.0	34.0	

capacite_residuelle_X : 
28.0	0.0	102.0	140.0	0.0	
40.0	150.0	124.0	113.0	4.0	
0.0	109.0	50.0	92.0	45.0	
58.0	125.0	86.0	125.0	66.0	
20.0	135.0	72.0	120.0	70.0	
66.0	91.0	80.0	0.0	63.0	
96.0	157.0	100.0	106.0	52.0	
57.0	159.0	72.0	156.0	13.0	
24.0	152.0	107.0	103.0	80.0	
80.0	177.0	115.0	107.0	66.0	

capacite_residuelle_W : 
36.8	0.0	18.69999999999999	40.5	0.19999999999999574	
37.400000000000006	126.6	6.400000000000006	124.9	6.699999999999996	
0.0	80.80000000000001	5.400000000000006	66.1	0.7999999999999972	
107.8	108.30000000000001	7.699999999999989	74.4	58.3	
38.199999999999996	83.6	3.6999999999999886	93.1	64.5	
57.599999999999994	65.5	13.5	0.0	37.099999999999994	
115.6	159.1	6.099999999999994	111.5	80.9	
55.3	131.6	6.5	177.8	9.399999999999999	
45.099999999999994	144.3	8.400000000000006	119.19999999999999	69.69999999999999	
103.19999999999999	201.1	3.3000000000000114	133.1	80.9	

min_capacite_X : 
0.0	138.0	0.0	141.0	144.0	0.0	135.0	141.0	144.0	147.0	

min_capacite_W : 
0.0	51.699999999999996	0.0	107.8	63.199999999999996	0.0	100.9	57.4	68.1	114.9	

max_capacite_X : 
175.0	178.0	178.0	171.0	169.0	172.0	172.0	172.0	171.0	177.0	

max_capacite_W : 
192.5	198.6	149.8	175.4	183.6	131.5	204.1	210.6	203.3	230.1	

moy_capacite_X : 
126.8	160.0	125.4	161.0	157.4	121.8	156.8	152.4	155.8	162.4	

moy_capacite_W : 
92.03999999999999	134.2	96.82000000000001	140.3	130.62	96.54	149.23999999999998	137.12	139.94	157.71999999999997	

med_capacite_X : 
156.0	162.0	147.0	166.0	162.0	145.0	157.0	148.0	148.0	163.0	

med_capacite_W : 
74.8	161.9	103.4	133.7	122.69999999999999	117.6	147.1	115.5	146.2	151.1	

ecartType_capacite_X : 
64.16665800865744	12.821856339859686	64.37266500619654	10.75174404457249	10.011992808627062	62.13984229139949	12.204917041913886	10.965400129498239	11.685888926393234	10.910545357588685	

ecartType_capacite_W : 
70.10108701011704	57.22758076312505	52.48102133152517	26.79485025149423	41.61641022481396	48.777888433182504	32.74492937845492	59.94368690696294	43.43126063102475	40.45582281946568	

var_capacite_X : 
4117.360000000001	164.4	4143.840000000001	115.6	100.24000000000001	3861.3600000000006	148.95999999999998	120.23999999999998	136.56	119.04	

var_capacite_W : 
4914.1624	3274.996	2754.2576	717.9640000000003	1731.9256	2379.2823999999996	1072.2304	3593.2455999999997	1886.2744000000002	1636.6735999999999	

covar_capacite_X : 
5146.700000000001	205.5	5179.800000000001	144.5	125.30000000000001	4826.700000000001	186.2	150.29999999999998	170.7	148.8	

covar_capacite_W : 
6142.703	4093.7450000000003	3442.822	897.4550000000004	2164.907	2974.1029999999996	1340.2879999999998	4491.557	2357.8430000000003	2045.8419999999999	

##########	##########	##########	##########	##########	##########	##########	##########	##########	##########	##########	##########	##########	##########	##########	##########	##########	##########	##########	##########	##########	##########	##########	##########	##########	##########	##########	##########	##########	##########	##########	##########	##########	##########	##########	##########	##########	##########	##########	##########	##########	##########	##########	##########	##########	##########	##########	##########	##########	##########	nombre de noeuds : 50
nombre de strates : 10
nombre de centres : 5
titre : intelligent
instances : p8_3
temps de calcul : 0.05991721153259277
valeur objective : 1506.0
nombre de solutions : 3
nombre de noeuds : 1.0
faisability : True
centre : [18, 48, 6, 44, 30]
moy_distances :	53.19
min_distances :	1.0
max_distances :	130.0
var_distances :	651.3330085797585
covar_distances :	651.5989673419389
ecartType_distances :	25.52122662764779
coef_variation	: 0.47985484127683786
distances_centre_x :
50.0	24.0	45.0	17.0	-1.0	26.0	0.0	-1.0	33.0	19.0	-1.0	70.0	18.0	26.0	34.0	52.0	-1.0	49.0	-1.0	-1.0	-1.0	-1.0	7.0	8.0	-1.0	45.0	-1.0	28.0	22.0	-1.0	0.0	-1.0	-1.0	36.0	-1.0	-1.0	-1.0	-1.0	-1.0	-1.0	24.0	3.0	-1.0	18.0	0.0	9.0	-1.0	-1.0	0.0	38.0	
-1.0	24.0	45.0	17.0	10.0	26.0	0.0	63.0	33.0	19.0	29.0	70.0	-1.0	26.0	-1.0	-1.0	-1.0	51.0	0.0	-1.0	-1.0	-1.0	-1.0	-1.0	13.0	45.0	-1.0	28.0	22.0	-1.0	0.0	-1.0	-1.0	36.0	-1.0	4.0	-1.0	71.0	-1.0	-1.0	24.0	3.0	-1.0	18.0	0.0	-1.0	27.0	26.0	0.0	38.0	
-1.0	24.0	-1.0	49.0	10.0	-1.0	65.0	-1.0	-1.0	-1.0	29.0	70.0	-1.0	26.0	-1.0	-1.0	-1.0	-1.0	0.0	15.0	24.0	27.0	7.0	-1.0	52.0	76.0	12.0	28.0	22.0	-1.0	0.0	-1.0	25.0	-1.0	-1.0	-1.0	-1.0	-1.0	43.0	3.0	66.0	3.0	-1.0	-1.0	0.0	-1.0	-1.0	26.0	0.0	73.0	
-1.0	24.0	45.0	17.0	10.0	-1.0	0.0	-1.0	-1.0	19.0	35.0	-1.0	-1.0	26.0	34.0	52.0	-1.0	-1.0	-1.0	27.0	24.0	-1.0	7.0	8.0	-1.0	45.0	12.0	28.0	22.0	24.0	0.0	44.0	-1.0	36.0	-1.0	4.0	-1.0	-1.0	43.0	-1.0	24.0	-1.0	-1.0	-1.0	-1.0	-1.0	27.0	-1.0	0.0	38.0	
-1.0	24.0	-1.0	-1.0	10.0	-1.0	-1.0	-1.0	-1.0	19.0	29.0	-1.0	18.0	28.0	-1.0	-1.0	-1.0	-1.0	-1.0	-1.0	24.0	-1.0	-1.0	-1.0	-1.0	-1.0	33.0	-1.0	29.0	-1.0	22.0	-1.0	25.0	36.0	-1.0	-1.0	-1.0	71.0	-1.0	-1.0	-1.0	19.0	-1.0	18.0	0.0	-1.0	-1.0	-1.0	0.0	-1.0	
50.0	24.0	53.0	-1.0	-1.0	-1.0	-1.0	-1.0	33.0	19.0	-1.0	70.0	-1.0	-1.0	-1.0	-1.0	-1.0	-1.0	-1.0	-1.0	24.0	-1.0	-1.0	-1.0	-1.0	-1.0	-1.0	-1.0	-1.0	-1.0	-1.0	-1.0	-1.0	36.0	-1.0	-1.0	-1.0	-1.0	-1.0	-1.0	-1.0	-1.0	-1.0	-1.0	-1.0	-1.0	-1.0	-1.0	0.0	-1.0	
-1.0	24.0	-1.0	-1.0	10.0	-1.0	-1.0	-1.0	-1.0	-1.0	-1.0	70.0	-1.0	-1.0	-1.0	-1.0	-1.0	-1.0	-1.0	-1.0	24.0	-1.0	-1.0	-1.0	-1.0	-1.0	-1.0	28.0	-1.0	-1.0	-1.0	-1.0	-1.0	-1.0	-1.0	-1.0	53.0	-1.0	-1.0	-1.0	-1.0	19.0	10.0	-1.0	0.0	-1.0	-1.0	-1.0	0.0	-1.0	
-1.0	24.0	45.0	17.0	10.0	-1.0	0.0	-1.0	33.0	19.0	35.0	70.0	18.0	26.0	-1.0	-1.0	-1.0	-1.0	-1.0	-1.0	24.0	-1.0	7.0	-1.0	-1.0	45.0	-1.0	28.0	22.0	-1.0	-1.0	44.0	25.0	-1.0	-1.0	-1.0	-1.0	71.0	-1.0	-1.0	24.0	3.0	-1.0	-1.0	-1.0	9.0	27.0	26.0	0.0	38.0	
-1.0	24.0	45.0	17.0	10.0	26.0	0.0	-1.0	33.0	-1.0	35.0	70.0	-1.0	26.0	-1.0	52.0	-1.0	-1.0	-1.0	15.0	24.0	-1.0	7.0	-1.0	13.0	45.0	12.0	28.0	22.0	24.0	-1.0	44.0	-1.0	-1.0	-1.0	-1.0	-1.0	-1.0	-1.0	-1.0	24.0	3.0	-1.0	18.0	0.0	9.0	-1.0	26.0	-1.0	-1.0	
-1.0	24.0	53.0	17.0	-1.0	-1.0	0.0	63.0	33.0	-1.0	29.0	70.0	-1.0	-1.0	-1.0	-1.0	-1.0	-1.0	0.0	17.0	-1.0	-1.0	7.0	8.0	-1.0	45.0	-1.0	28.0	-1.0	24.0	-1.0	-1.0	-1.0	-1.0	-1.0	-1.0	-1.0	-1.0	-1.0	-1.0	24.0	3.0	-1.0	18.0	0.0	9.0	27.0	-1.0	0.0	38.0	

distances_centre_w :
72.0	45.0	53.0	49.0	-1.0	42.0	65.0	-1.0	54.0	41.0	-1.0	78.0	23.0	28.0	46.0	54.0	-1.0	51.0	-1.0	-1.0	-1.0	-1.0	27.0	19.0	-1.0	78.0	-1.0	49.0	29.0	-1.0	22.0	-1.0	-1.0	53.0	-1.0	-1.0	-1.0	-1.0	-1.0	-1.0	66.0	19.0	-1.0	26.0	26.0	20.0	-1.0	-1.0	22.0	73.0	
-1.0	45.0	53.0	49.0	25.0	42.0	65.0	89.0	54.0	41.0	35.0	78.0	-1.0	28.0	-1.0	-1.0	-1.0	52.0	65.0	-1.0	-1.0	-1.0	-1.0	-1.0	52.0	76.0	-1.0	49.0	48.0	-1.0	22.0	-1.0	-1.0	58.0	-1.0	22.0	-1.0	76.0	-1.0	-1.0	66.0	19.0	-1.0	26.0	26.0	-1.0	28.0	46.0	22.0	73.0	
-1.0	57.0	-1.0	74.0	60.0	-1.0	67.0	-1.0	-1.0	-1.0	35.0	84.0	-1.0	47.0	-1.0	-1.0	-1.0	-1.0	26.0	17.0	44.0	37.0	20.0	-1.0	77.0	78.0	24.0	49.0	29.0	-1.0	22.0	-1.0	26.0	-1.0	-1.0	-1.0	-1.0	-1.0	63.0	23.0	77.0	27.0	-1.0	-1.0	26.0	-1.0	-1.0	46.0	22.0	79.0	
-1.0	45.0	51.0	49.0	25.0	-1.0	65.0	-1.0	-1.0	41.0	43.0	-1.0	-1.0	28.0	65.0	54.0	-1.0	-1.0	-1.0	44.0	44.0	-1.0	20.0	19.0	-1.0	76.0	24.0	49.0	29.0	30.0	22.0	47.0	-1.0	36.0	-1.0	22.0	-1.0	-1.0	60.0	-1.0	66.0	-1.0	-1.0	-1.0	-1.0	-1.0	28.0	-1.0	22.0	73.0	
-1.0	-1.0	53.0	74.0	-1.0	-1.0	-1.0	-1.0	-1.0	75.0	59.0	-1.0	-1.0	47.0	-1.0	-1.0	-1.0	-1.0	-1.0	-1.0	-1.0	-1.0	27.0	-1.0	-1.0	-1.0	36.0	-1.0	-1.0	-1.0	-1.0	-1.0	-1.0	58.0	31.0	22.0	-1.0	-1.0	-1.0	-1.0	-1.0	47.0	-1.0	52.0	59.0	-1.0	57.0	-1.0	-1.0	-1.0	
-1.0	-1.0	-1.0	-1.0	60.0	-1.0	86.0	89.0	-1.0	-1.0	-1.0	-1.0	-1.0	-1.0	-1.0	-1.0	-1.0	-1.0	-1.0	-1.0	-1.0	-1.0	-1.0	-1.0	-1.0	-1.0	-1.0	-1.0	-1.0	-1.0	-1.0	-1.0	-1.0	-1.0	-1.0	-1.0	-1.0	-1.0	-1.0	-1.0	78.0	19.0	-1.0	-1.0	-1.0	-1.0	-1.0	-1.0	-1.0	-1.0	
-1.0	-1.0	-1.0	-1.0	-1.0	-1.0	-1.0	-1.0	-1.0	-1.0	-1.0	-1.0	-1.0	-1.0	-1.0	-1.0	73.0	-1.0	-1.0	-1.0	-1.0	-1.0	27.0	-1.0	-1.0	-1.0	-1.0	-1.0	29.0	-1.0	-1.0	-1.0	-1.0	-1.0	-1.0	22.0	-1.0	-1.0	-1.0	-1.0	78.0	-1.0	54.0	-1.0	-1.0	-1.0	57.0	-1.0	-1.0	-1.0	
-1.0	45.0	66.0	49.0	25.0	-1.0	65.0	-1.0	54.0	41.0	43.0	78.0	48.0	28.0	-1.0	-1.0	-1.0	-1.0	-1.0	-1.0	44.0	-1.0	20.0	-1.0	-1.0	76.0	-1.0	49.0	51.0	-1.0	-1.0	47.0	26.0	-1.0	-1.0	-1.0	-1.0	76.0	-1.0	-1.0	66.0	19.0	-1.0	-1.0	-1.0	51.0	28.0	46.0	22.0	73.0	
-1.0	45.0	51.0	49.0	25.0	48.0	65.0	-1.0	54.0	-1.0	61.0	78.0	-1.0	28.0	-1.0	54.0	-1.0	-1.0	-1.0	27.0	44.0	-1.0	20.0	-1.0	52.0	78.0	33.0	49.0	29.0	28.0	-1.0	47.0	-1.0	-1.0	-1.0	-1.0	-1.0	-1.0	-1.0	-1.0	66.0	19.0	-1.0	26.0	67.0	20.0	-1.0	46.0	-1.0	-1.0	
-1.0	45.0	66.0	49.0	-1.0	-1.0	65.0	89.0	54.0	-1.0	35.0	78.0	-1.0	-1.0	-1.0	-1.0	-1.0	-1.0	25.0	27.0	-1.0	-1.0	20.0	19.0	-1.0	76.0	-1.0	49.0	-1.0	28.0	-1.0	-1.0	-1.0	-1.0	-1.0	-1.0	-1.0	-1.0	-1.0	-1.0	66.0	19.0	-1.0	26.0	26.0	20.0	28.0	-1.0	22.0	73.0	

maxX :
70.0	71.0	76.0	52.0	71.0	70.0	70.0	71.0	70.0	70.0	

maxW :
78.0	89.0	84.0	76.0	75.0	89.0	78.0	78.0	78.0	89.0	

minX :
0.0	0.0	0.0	0.0	0.0	0.0	0.0	0.0	0.0	0.0	

minW :
19.0	19.0	17.0	19.0	22.0	19.0	22.0	19.0	19.0	19.0	

moyX :
25.035714285714285	25.6	28.703703703703702	24.107142857142858	23.823529411764707	34.333333333333336	23.8	26.53846153846154	24.14814814814815	23.347826086956523	

moyW :
43.92857142857143	47.666666666666664	45.77777777777778	42.035714285714285	49.785714285714285	66.4	48.57142857142857	47.53846153846154	44.77777777777778	43.69565217391305	

medX :
24.0	25.0	25.0	24.0	24.0	33.0	21.5	24.5	24.0	24.0	

medW :
45.5	48.5	44.0	43.5	52.5	78.0	54.0	47.5	47.0	35.0	

ecartTypeX :
18.188462086202463	20.01266265809392	24.188786527851832	14.780149056164792	15.290271009476992	19.714630776828326	21.311030007955974	17.854606751438705	16.272457311082892	19.65486707210019	

ecartTypeW :
18.892418304382186	19.40847466672456	21.990458087852108	16.912552698380875	15.529596496591234	25.75732905407702	21.10421178585073	17.86537426512907	17.256954225349343	22.24455924218363	

varX :
330.8201530612245	400.5066666666667	585.0973936899862	218.45280612244898	233.79238754325257	388.66666666666663	454.16	318.78698224852064	264.7928669410151	386.3137996219282	

varW :
356.9234693877551	376.6888888888889	483.5802469135802	286.0344387755102	241.16836734693874	663.44	445.38775510204084	319.1715976331361	297.80246913580254	494.8204158790171	

covarX :
343.07275132275134	414.31724137931036	607.6011396011396	226.54365079365076	248.40441176470586	437.25	504.62222222222226	331.5384615384615	274.977207977208	403.8735177865613	

covarW :
370.1428571428571	389.6781609195401	502.17948717948724	296.6283068783069	259.7197802197802	829.3000000000001	519.6190476190476	331.9384615384616	309.25641025641033	517.312252964427	

coef_variationX :
0.7265006254117959	0.7817446350817937	0.8427061112929025	0.6131024793668358	0.6418138448422441	0.5742125468979123	0.8954214289057132	0.6727822833875454	0.6738594285264388	0.8418285710582948	

coef_variationW :
0.43007131099406604	0.4071707972040117	0.48037408444337126	0.4023377022554499	0.31192876750685405	0.3879115821397141	0.4344984779439856	0.37580884376485096	0.38539103729068014	0.5090794652440035	

moy_distances_centre :	51.7
min_distances_centre :	22.0
max_distances_centre :	89.0
med_distances_centre :	51.5
ecartType_distances_centre :	23.790964671488208
var_distances_centre :	566.01
covar_distances_centre :	595.8
coef_variation_distances_centre :	0.4601733979011259
capacite_X_temoin : 
156.0	159.0	168.0	135.0	144.0	
138.0	178.0	154.0	168.0	159.0	
0.0	178.0	172.0	135.0	166.0	
166.0	159.0	165.0	163.0	171.0	
144.0	169.0	0.0	144.0	165.0	
172.0	145.0	135.0	0.0	157.0	
172.0	157.0	0.0	172.0	163.0	
141.0	145.0	157.0	151.0	148.0	
147.0	148.0	174.0	135.0	169.0	
154.0	171.0	148.0	153.0	163.0	

capacite_W_temoin : 
100.8	127.69999999999999	176.4	147.5	74.19999999999999	
75.4	150.4	158.2	180.4	102.69999999999999	
0.0	102.4	176.6	110.5	125.8	
107.8	132.7	173.5	187.9	124.3	
87.19999999999999	153.7	0.0	97.19999999999999	100.5	
124.6	79.5	165.5	0.0	113.1	
147.6	141.1	0.0	200.6	100.9	
99.3	150.5	181.1	160.3	68.4	
85.1	140.4	198.2	127.5	140.7	
126.19999999999999	176.3	180.4	155.9	119.9	

demande_cumulee_X : 
102.0	79.0	42.0	28.0	113.0	
104.0	81.0	42.0	38.0	104.0	
0.0	129.0	47.0	65.0	90.0	
108.0	74.0	41.0	24.0	98.0	
100.0	66.0	0.0	90.0	114.0	
99.0	109.0	10.0	0.0	91.0	
76.0	63.0	0.0	23.0	111.0	
84.0	38.0	23.0	36.0	124.0	
106.0	52.0	28.0	48.0	79.0	
74.0	46.0	12.0	43.0	92.0	

demande_cumulee_W : 
54.0	95.0	96.0	53.0	66.0	
43.0	140.0	94.0	47.0	45.0	
0.0	95.0	108.0	63.0	65.0	
0.0	126.0	108.0	72.0	39.0	
56.0	148.0	0.0	87.0	79.0	
11.0	77.0	162.0	0.0	59.0	
44.0	135.0	0.0	59.0	35.0	
19.0	122.0	113.0	31.0	20.0	
22.0	124.0	108.0	12.0	47.0	
9.0	102.0	102.0	32.0	22.0	

capacite_residuelle_X : 
54.0	80.0	126.0	107.0	31.0	
34.0	97.0	112.0	130.0	55.0	
0.0	49.0	125.0	70.0	76.0	
58.0	85.0	124.0	139.0	73.0	
44.0	103.0	0.0	54.0	51.0	
73.0	36.0	125.0	0.0	66.0	
96.0	94.0	0.0	149.0	52.0	
57.0	107.0	134.0	115.0	24.0	
41.0	96.0	146.0	87.0	90.0	
80.0	125.0	136.0	110.0	71.0	

capacite_residuelle_W : 
46.8	32.69999999999999	80.4	94.5	8.199999999999989	
32.400000000000006	10.400000000000006	64.19999999999999	133.4	57.69999999999999	
0.0	7.400000000000006	68.6	47.5	60.8	
107.8	6.699999999999989	65.5	115.9	85.3	
31.19999999999999	5.699999999999989	0.0	10.199999999999989	21.5	
113.6	2.5	3.5	0.0	54.099999999999994	
103.6	6.099999999999994	0.0	141.6	65.9	
80.3	28.5	68.1	129.3	48.400000000000006	
63.099999999999994	16.400000000000006	90.19999999999999	115.5	93.69999999999999	
117.19999999999999	74.30000000000001	78.4	123.9	97.9	

min_capacite_X : 
135.0	138.0	0.0	159.0	0.0	0.0	0.0	141.0	135.0	148.0	

min_capacite_W : 
74.19999999999999	75.4	0.0	107.8	0.0	0.0	0.0	68.4	85.1	119.9	

max_capacite_X : 
168.0	178.0	178.0	171.0	169.0	172.0	172.0	157.0	174.0	171.0	

max_capacite_W : 
176.4	180.4	176.6	187.9	153.7	165.5	200.6	181.1	198.2	180.4	

moy_capacite_X : 
152.4	159.4	130.2	164.8	124.4	121.8	132.8	148.4	154.6	157.8	

moy_capacite_W : 
125.31999999999998	133.42	103.05999999999999	145.23999999999998	87.72	96.54	118.03999999999999	131.92000000000002	138.38000000000002	151.73999999999998	

med_capacite_X : 
156.0	159.0	166.0	165.0	144.0	145.0	163.0	148.0	148.0	154.0	

med_capacite_W : 
127.69999999999999	150.4	110.5	132.7	97.19999999999999	113.1	141.1	150.5	140.4	155.9	

ecartType_capacite_X : 
11.603447763488228	13.46996659238619	66.76645864504123	3.9191835884530843	63.05743413745916	62.13984229139949	66.64352931830668	5.4258639865002145	14.62326912834473	8.182909018191515	

ecartType_capacite_W : 
35.556344019035485	38.521495298080005	57.62359239061723	30.384180094253004	49.601669326747455	55.547118737158634	67.00586839971555	41.636925919188606	36.18018242076731	24.931794961454344	

var_capacite_X : 
134.64	181.44	4457.76	15.359999999999996	3976.2400000000002	3861.3600000000006	4441.360000000001	29.439999999999998	213.84	66.96000000000001	

var_capacite_W : 
1264.2536000000005	1483.9055999999998	3320.4784	923.1984000000004	2460.3255999999997	3085.4824	4489.786399999999	1733.6336	1309.0056	621.5944000000002	

covar_capacite_X : 
168.29999999999998	226.8	5572.2	19.199999999999996	4970.3	4826.700000000001	5551.700000000001	36.8	267.3	83.70000000000002	

covar_capacite_W : 
1580.3170000000005	1854.8819999999998	4150.598	1153.9980000000005	3075.4069999999997	3856.853	5612.232999999999	2167.042	1636.2569999999998	776.9930000000003	

##########	##########	##########	##########	##########	##########	##########	##########	##########	##########	##########	##########	##########	##########	##########	##########	##########	##########	##########	##########	##########	##########	##########	##########	##########	##########	##########	##########	##########	##########	##########	##########	##########	##########	##########	##########	##########	##########	##########	##########	##########	##########	##########	##########	##########	##########	##########	##########	##########	##########	