nombre de noeuds : 50
nombre de strates : 5
nombre de centres : 5
titre : intelligent
instances : p9_2
temps de calcul : 0.039118051528930664
valeur objective : 645.0
nombre de solutions : 3
nombre de noeuds : 1.0
faisability : True
centre : [6, 41, 9, 24, 48]
moy_distances :	45.97
min_distances :	1.0
max_distances :	121.0
var_distances :	509.09473985839236
covar_distances :	509.3026184781793
ecartType_distances :	22.563127882862172
coef_variation	: 0.4907989142784672
distances_centre_x :
-1.0	-1.0	17.0	29.0	13.0	-1.0	-1.0	19.0	-1.0	0.0	8.0	-1.0	-1.0	21.0	-1.0	50.0	14.0	28.0	13.0	43.0	-1.0	-1.0	-1.0	-1.0	0.0	32.0	45.0	-1.0	9.0	21.0	-1.0	-1.0	31.0	30.0	57.0	35.0	28.0	31.0	22.0	9.0	-1.0	0.0	26.0	25.0	24.0	19.0	38.0	-1.0	0.0	25.0	
4.0	33.0	-1.0	29.0	-1.0	-1.0	0.0	-1.0	17.0	8.0	8.0	13.0	12.0	21.0	-1.0	-1.0	-1.0	28.0	13.0	43.0	35.0	-1.0	-1.0	-1.0	0.0	-1.0	45.0	33.0	9.0	-1.0	-1.0	8.0	-1.0	-1.0	57.0	-1.0	28.0	-1.0	22.0	9.0	-1.0	0.0	-1.0	-1.0	24.0	-1.0	38.0	62.0	-1.0	25.0	
4.0	33.0	-1.0	29.0	-1.0	-1.0	-1.0	19.0	-1.0	0.0	8.0	-1.0	12.0	21.0	35.0	-1.0	14.0	28.0	13.0	43.0	35.0	-1.0	12.0	23.0	-1.0	-1.0	-1.0	24.0	9.0	-1.0	46.0	-1.0	-1.0	30.0	57.0	-1.0	28.0	31.0	-1.0	9.0	24.0	0.0	-1.0	-1.0	24.0	-1.0	38.0	62.0	-1.0	25.0	
4.0	-1.0	15.0	29.0	-1.0	32.0	0.0	19.0	17.0	-1.0	8.0	-1.0	12.0	21.0	-1.0	-1.0	-1.0	28.0	13.0	43.0	-1.0	40.0	-1.0	39.0	0.0	32.0	-1.0	-1.0	9.0	-1.0	15.0	8.0	-1.0	-1.0	57.0	-1.0	-1.0	39.0	-1.0	9.0	24.0	0.0	-1.0	-1.0	24.0	-1.0	38.0	62.0	-1.0	25.0	
4.0	33.0	15.0	29.0	-1.0	-1.0	0.0	-1.0	17.0	0.0	-1.0	13.0	12.0	21.0	35.0	-1.0	14.0	28.0	13.0	43.0	-1.0	-1.0	12.0	23.0	0.0	32.0	45.0	-1.0	-1.0	-1.0	15.0	8.0	31.0	30.0	57.0	-1.0	-1.0	-1.0	-1.0	9.0	-1.0	0.0	-1.0	-1.0	24.0	-1.0	38.0	62.0	0.0	25.0	

distances_centre_w :
-1.0	-1.0	29.0	45.0	16.0	-1.0	-1.0	23.0	-1.0	8.0	56.0	-1.0	-1.0	58.0	-1.0	51.0	62.0	43.0	16.0	61.0	-1.0	-1.0	-1.0	-1.0	53.0	38.0	54.0	-1.0	51.0	27.0	-1.0	-1.0	64.0	53.0	61.0	36.0	30.0	39.0	25.0	44.0	-1.0	14.0	27.0	62.0	41.0	51.0	56.0	-1.0	48.0	57.0	
46.0	46.0	-1.0	45.0	-1.0	-1.0	8.0	-1.0	30.0	18.0	56.0	43.0	46.0	44.0	-1.0	-1.0	-1.0	43.0	16.0	61.0	68.0	-1.0	-1.0	-1.0	53.0	-1.0	54.0	62.0	51.0	-1.0	-1.0	61.0	-1.0	-1.0	61.0	-1.0	30.0	-1.0	25.0	44.0	-1.0	14.0	-1.0	-1.0	41.0	-1.0	56.0	69.0	-1.0	45.0	
46.0	46.0	-1.0	45.0	-1.0	-1.0	-1.0	23.0	-1.0	8.0	56.0	-1.0	46.0	44.0	66.0	-1.0	62.0	43.0	17.0	61.0	43.0	-1.0	57.0	39.0	-1.0	-1.0	-1.0	33.0	60.0	-1.0	53.0	-1.0	-1.0	53.0	61.0	-1.0	30.0	58.0	-1.0	44.0	28.0	14.0	-1.0	-1.0	41.0	-1.0	56.0	69.0	-1.0	45.0	
46.0	-1.0	17.0	45.0	-1.0	42.0	8.0	23.0	30.0	-1.0	56.0	-1.0	46.0	44.0	-1.0	-1.0	-1.0	43.0	16.0	61.0	-1.0	56.0	-1.0	52.0	53.0	38.0	-1.0	-1.0	51.0	-1.0	38.0	61.0	-1.0	-1.0	61.0	-1.0	-1.0	41.0	-1.0	44.0	28.0	14.0	-1.0	-1.0	41.0	-1.0	56.0	69.0	-1.0	45.0	
66.0	46.0	29.0	45.0	-1.0	-1.0	8.0	-1.0	30.0	8.0	-1.0	55.0	46.0	44.0	66.0	-1.0	62.0	43.0	16.0	61.0	-1.0	-1.0	57.0	47.0	53.0	58.0	54.0	-1.0	-1.0	-1.0	38.0	61.0	64.0	53.0	61.0	-1.0	-1.0	-1.0	-1.0	57.0	-1.0	14.0	-1.0	-1.0	41.0	-1.0	56.0	69.0	48.0	49.0	

maxX :
57.0	62.0	62.0	62.0	62.0	

maxW :
64.0	69.0	69.0	69.0	69.0	

minX :
0.0	0.0	0.0	0.0	0.0	

minW :
8.0	8.0	8.0	8.0	8.0	

moyX :
23.09090909090909	22.285714285714285	24.533333333333335	22.82758620689655	21.5	

moyW :
42.39393939393939	44.142857142857146	44.9	42.241379310344826	47.03125	

medX :
24.0	21.5	24.0	21.0	19.0	

medW :
45.0	45.5	45.5	44.0	51.0	

ecartTypeX :
14.132197573783873	16.457428072925314	15.092455804878881	16.109686453245413	16.140012391568973	

ecartTypeW :
15.878209566151655	16.194607316092878	15.326121492406356	15.239818924650109	16.53875066132566	

varX :
199.71900826446281	270.84693877551024	227.78222222222223	259.5219976218787	260.5	

varW :
252.11753902662994	262.265306122449	234.89000000000004	232.25208085612363	273.5302734375	

covarX :
205.96022727272725	280.8783068783069	235.63678160919542	268.7906403940886	268.9032258064516	

covarW :
259.9962121212121	271.97883597883595	242.9896551724138	240.54679802955664	282.3538306451613	

coef_variationX :
0.6120243043764669	0.7384743366056231	0.6151816224814761	0.7057113400968534	0.7506982507706499	

coef_variationW :
0.37453961092423493	0.3668681269017804	0.3413390087395625	0.36077938678763527	0.3516544991112433	

moy_distances_centre :	46.3
min_distances_centre :	8.0
max_distances_centre :	70.0
med_distances_centre :	55.5
ecartType_distances_centre :	22.5168825550963
var_distances_centre :	507.01000000000005
covar_distances_centre :	533.6947368421053
coef_variation_distances_centre :	0.4863257571295097
capacite_X_temoin : 
177.0	163.0	153.0	177.0	156.0	
156.0	171.0	163.0	168.0	175.0	
163.0	177.0	163.0	144.0	135.0	
166.0	154.0	162.0	172.0	157.0	
163.0	156.0	168.0	159.0	177.0	

capacite_W_temoin : 
189.1	171.9	102.9	137.1	65.8	
151.8	198.3	124.9	146.4	120.5	
196.9	202.1	114.9	105.19999999999999	55.5	
178.8	178.2	122.6	143.6	109.1	
185.9	173.8	86.4	144.7	90.1	

demande_cumulee_X : 
41.0	40.0	96.0	93.0	137.0	
51.0	24.0	87.0	72.0	107.0	
15.0	28.0	97.0	82.0	120.0	
37.0	22.0	88.0	80.0	95.0	
26.0	29.0	132.0	62.0	140.0	

demande_cumulee_W : 
81.0	38.0	97.0	129.0	62.0	
43.0	34.0	72.0	143.0	49.0	
61.0	36.0	86.0	105.0	54.0	
45.0	56.0	40.0	129.0	52.0	
81.0	40.0	67.0	129.0	72.0	

capacite_residuelle_X : 
136.0	123.0	57.0	84.0	19.0	
105.0	147.0	76.0	96.0	68.0	
148.0	149.0	66.0	62.0	15.0	
129.0	132.0	74.0	92.0	62.0	
137.0	127.0	36.0	97.0	37.0	

capacite_residuelle_W : 
108.1	133.9	5.900000000000006	8.099999999999994	3.799999999999997	
108.80000000000001	164.3	52.900000000000006	3.4000000000000057	71.5	
135.9	166.1	28.900000000000006	0.19999999999998863	1.5	
133.8	122.19999999999999	82.6	14.599999999999994	57.099999999999994	
104.9	133.8	19.400000000000006	15.699999999999989	18.099999999999994	

min_capacite_X : 
153.0	156.0	135.0	154.0	156.0	

min_capacite_W : 
65.8	120.5	55.5	109.1	86.4	

max_capacite_X : 
177.0	175.0	177.0	172.0	177.0	

max_capacite_W : 
189.1	198.3	202.1	178.8	185.9	

moy_capacite_X : 
165.2	166.6	156.4	162.2	164.6	

moy_capacite_W : 
133.35999999999999	148.38	134.92	146.46	136.18	

med_capacite_X : 
163.0	168.0	163.0	162.0	163.0	

med_capacite_W : 
137.1	146.4	114.9	143.6	144.7	

ecartType_capacite_X : 
10.166612021711067	6.590902821313632	14.987995196156156	6.3999999999999995	7.391887445030531	

ecartType_capacite_W : 
44.940921218862435	27.699198544362257	56.473512375272	28.37799147226597	41.37957950487173	

var_capacite_X : 
103.35999999999999	43.44	224.64000000000001	40.959999999999994	54.64	

var_capacite_W : 
2019.6864	767.2456000000002	3189.2576	805.3104000000001	1712.2696000000003	

covar_capacite_X : 
129.2	54.3	280.8	51.199999999999996	68.3	

covar_capacite_W : 
2524.608	959.0570000000002	3986.572	1006.6380000000001	2140.3370000000004	

##########	##########	##########	##########	##########	##########	##########	##########	##########	##########	##########	##########	##########	##########	##########	##########	##########	##########	##########	##########	##########	##########	##########	##########	##########	##########	##########	##########	##########	##########	##########	##########	##########	##########	##########	##########	##########	##########	##########	##########	##########	##########	##########	##########	##########	##########	##########	##########	##########	##########	nombre de noeuds : 50
nombre de strates : 5
nombre de centres : 5
titre : intelligent
instances : p9_2
temps de calcul : 0.0448758602142334
valeur objective : 477.0
nombre de solutions : 3
nombre de noeuds : 1.0
faisability : True
centre : [6, 41, 24, 48, 47]
moy_distances :	45.97
min_distances :	1.0
max_distances :	121.0
var_distances :	509.09473985839236
covar_distances :	509.3026184781793
ecartType_distances :	22.563127882862172
coef_variation	: 0.4907989142784672
distances_centre_x :
-1.0	-1.0	15.0	29.0	13.0	-1.0	-1.0	19.0	-1.0	8.0	8.0	-1.0	-1.0	21.0	-1.0	20.0	14.0	28.0	16.0	27.0	-1.0	-1.0	-1.0	-1.0	0.0	32.0	20.0	-1.0	9.0	21.0	-1.0	-1.0	31.0	34.0	13.0	35.0	30.0	31.0	22.0	9.0	-1.0	0.0	27.0	25.0	24.0	19.0	30.0	-1.0	0.0	25.0	
4.0	33.0	-1.0	29.0	-1.0	-1.0	0.0	-1.0	17.0	8.0	8.0	13.0	12.0	21.0	-1.0	-1.0	-1.0	28.0	16.0	27.0	35.0	-1.0	-1.0	-1.0	0.0	-1.0	20.0	25.0	9.0	-1.0	-1.0	8.0	-1.0	-1.0	13.0	-1.0	28.0	-1.0	22.0	9.0	-1.0	0.0	-1.0	-1.0	24.0	-1.0	30.0	0.0	-1.0	25.0	
4.0	33.0	-1.0	29.0	-1.0	-1.0	-1.0	19.0	-1.0	8.0	8.0	-1.0	12.0	21.0	35.0	-1.0	14.0	28.0	16.0	27.0	35.0	-1.0	12.0	23.0	-1.0	-1.0	-1.0	24.0	9.0	-1.0	15.0	-1.0	-1.0	30.0	13.0	-1.0	28.0	31.0	-1.0	9.0	24.0	0.0	-1.0	-1.0	24.0	-1.0	30.0	0.0	-1.0	25.0	
4.0	-1.0	15.0	29.0	-1.0	32.0	0.0	19.0	17.0	-1.0	8.0	-1.0	12.0	21.0	-1.0	-1.0	-1.0	28.0	16.0	27.0	-1.0	29.0	-1.0	23.0	0.0	32.0	-1.0	-1.0	9.0	-1.0	15.0	8.0	-1.0	-1.0	13.0	-1.0	-1.0	31.0	-1.0	9.0	24.0	0.0	-1.0	-1.0	24.0	-1.0	30.0	0.0	-1.0	25.0	
4.0	33.0	15.0	29.0	-1.0	-1.0	0.0	-1.0	17.0	8.0	-1.0	13.0	12.0	21.0	35.0	-1.0	14.0	28.0	16.0	27.0	-1.0	-1.0	12.0	23.0	0.0	32.0	20.0	-1.0	-1.0	-1.0	15.0	8.0	31.0	34.0	13.0	-1.0	-1.0	-1.0	-1.0	9.0	-1.0	0.0	-1.0	-1.0	24.0	-1.0	30.0	0.0	0.0	25.0	

distances_centre_w :
-1.0	-1.0	29.0	45.0	16.0	-1.0	-1.0	31.0	-1.0	18.0	54.0	-1.0	-1.0	44.0	-1.0	50.0	48.0	43.0	17.0	43.0	-1.0	-1.0	-1.0	-1.0	53.0	55.0	45.0	-1.0	51.0	37.0	-1.0	-1.0	31.0	53.0	57.0	36.0	37.0	51.0	25.0	44.0	-1.0	14.0	56.0	48.0	36.0	40.0	38.0	-1.0	48.0	45.0	
46.0	40.0	-1.0	43.0	-1.0	-1.0	14.0	-1.0	30.0	18.0	54.0	43.0	46.0	58.0	-1.0	-1.0	-1.0	43.0	17.0	43.0	39.0	-1.0	-1.0	-1.0	53.0	-1.0	45.0	33.0	51.0	-1.0	-1.0	59.0	-1.0	-1.0	57.0	-1.0	30.0	-1.0	25.0	44.0	-1.0	14.0	-1.0	-1.0	36.0	-1.0	38.0	62.0	-1.0	45.0	
46.0	40.0	-1.0	43.0	-1.0	-1.0	-1.0	31.0	-1.0	18.0	54.0	-1.0	46.0	58.0	37.0	-1.0	62.0	43.0	17.0	43.0	39.0	-1.0	50.0	39.0	-1.0	-1.0	-1.0	25.0	51.0	-1.0	38.0	-1.0	-1.0	61.0	57.0	-1.0	30.0	39.0	-1.0	44.0	28.0	14.0	-1.0	-1.0	36.0	-1.0	38.0	62.0	-1.0	45.0	
46.0	-1.0	29.0	43.0	-1.0	42.0	14.0	31.0	30.0	-1.0	54.0	-1.0	46.0	58.0	-1.0	-1.0	-1.0	43.0	17.0	43.0	-1.0	40.0	-1.0	39.0	53.0	55.0	-1.0	-1.0	51.0	-1.0	38.0	59.0	-1.0	-1.0	57.0	-1.0	-1.0	41.0	-1.0	44.0	28.0	14.0	-1.0	-1.0	36.0	-1.0	38.0	62.0	-1.0	45.0	
46.0	40.0	29.0	43.0	-1.0	-1.0	14.0	-1.0	30.0	18.0	-1.0	57.0	46.0	58.0	37.0	-1.0	48.0	43.0	17.0	43.0	-1.0	-1.0	50.0	39.0	53.0	41.0	45.0	-1.0	-1.0	-1.0	46.0	61.0	31.0	53.0	61.0	-1.0	-1.0	-1.0	-1.0	57.0	-1.0	14.0	-1.0	-1.0	36.0	-1.0	56.0	62.0	58.0	49.0	

maxX :
35.0	35.0	35.0	32.0	35.0	

maxW :
57.0	62.0	62.0	62.0	62.0	

minX :
0.0	0.0	0.0	0.0	0.0	

minW :
14.0	14.0	14.0	14.0	14.0	

moyX :
19.848484848484848	16.571428571428573	19.533333333333335	17.24137931034483	17.125	

moyW :
40.54545454545455	40.214285714285715	41.13333333333333	41.241379310344826	43.15625	

medX :
21.0	16.5	22.0	17.0	15.5	

medW :
44.0	43.0	41.5	43.0	45.5	

ecartTypeX :
9.890678844616591	10.708569903948664	10.190627502214419	10.513227046206564	11.09264959331178	

ecartTypeW :
12.035530503071234	13.331908937521565	12.669473373252558	12.623609988112978	13.654462125528783	

varX :
97.8255280073462	114.6734693877551	103.8488888888889	110.5279429250892	123.046875	

varW :
144.85399449035813	177.73979591836738	160.51555555555555	159.35552913198575	186.4443359375	

covarX :
100.88257575757576	118.92063492063491	107.42988505747127	114.47536945812809	127.01612903225806	

covarW :
149.3806818181818	184.32275132275134	166.05057471264365	165.04679802955667	192.4586693548387	

coef_variationX :
0.4983090104921336	0.6462068045486262	0.5217044796355504	0.6097671686799807	0.6477459616532426	

coef_variationW :
0.2968404384165551	0.3315217142545327	0.30800988751829556	0.306090877638191	0.3163959362903121	

moy_distances_centre :	63.7
min_distances_centre :	14.0
max_distances_centre :	106.0
med_distances_centre :	63.5
ecartType_distances_centre :	23.507658326596463
var_distances_centre :	552.61
covar_distances_centre :	581.6947368421052
coef_variation_distances_centre :	0.36903702239554886
capacite_X_temoin : 
177.0	153.0	177.0	172.0	156.0	
156.0	163.0	168.0	159.0	175.0	
163.0	163.0	144.0	177.0	135.0	
166.0	162.0	172.0	139.0	157.0	
163.0	168.0	159.0	154.0	177.0	

capacite_W_temoin : 
173.1	75.9	158.1	173.6	97.8	
158.8	156.9	122.4	145.7	142.5	
191.9	130.9	85.19999999999999	184.1	82.5	
178.8	134.6	128.6	125.69999999999999	145.1	
177.9	140.4	123.69999999999999	117.19999999999999	119.1	

demande_cumulee_X : 
57.0	123.0	72.0	50.0	105.0	
44.0	55.0	96.0	61.0	85.0	
20.0	81.0	102.0	46.0	93.0	
37.0	76.0	95.0	55.0	59.0	
34.0	78.0	83.0	83.0	111.0	

demande_cumulee_W : 
79.0	34.0	151.0	59.0	84.0	
92.0	67.0	95.0	46.0	41.0	
63.0	54.0	85.0	71.0	69.0	
85.0	34.0	111.0	23.0	69.0	
138.0	98.0	70.0	62.0	21.0	

capacite_residuelle_X : 
120.0	30.0	105.0	122.0	51.0	
112.0	108.0	72.0	98.0	90.0	
143.0	82.0	42.0	131.0	42.0	
129.0	86.0	77.0	84.0	98.0	
129.0	90.0	76.0	71.0	66.0	

capacite_residuelle_W : 
94.1	41.900000000000006	7.099999999999994	114.6	13.799999999999997	
66.80000000000001	89.9	27.400000000000006	99.69999999999999	101.5	
128.9	76.9	0.19999999999998863	113.1	13.5	
93.80000000000001	100.6	17.599999999999994	102.69999999999999	76.1	
39.900000000000006	42.400000000000006	53.69999999999999	55.19999999999999	98.1	

min_capacite_X : 
153.0	156.0	135.0	139.0	154.0	

min_capacite_W : 
75.9	122.4	82.5	125.69999999999999	117.19999999999999	

max_capacite_X : 
177.0	175.0	177.0	172.0	177.0	

max_capacite_W : 
173.6	158.8	191.9	178.8	177.9	

moy_capacite_X : 
167.0	164.2	156.4	159.2	164.2	

moy_capacite_W : 
135.7	145.26	134.92000000000002	142.56	135.66000000000003	

med_capacite_X : 
172.0	163.0	163.0	162.0	163.0	

med_capacite_W : 
158.1	145.7	130.9	134.6	123.69999999999999	

ecartType_capacite_X : 
10.411532067856296	6.734983296193095	14.987995196156156	11.232096865679177	7.884161337770808	

ecartType_capacite_W : 
40.864116288009946	13.032359724930863	46.69365695680732	19.29918132978703	22.64832002599752	

var_capacite_X : 
108.4	45.36	224.64000000000001	126.16	62.15999999999999	

var_capacite_W : 
1669.8759999999997	169.84240000000003	2180.2976000000003	372.45840000000027	512.9464000000003	

covar_capacite_X : 
135.5	56.699999999999996	280.8	157.7	77.69999999999999	

covar_capacite_W : 
2087.345	212.30300000000003	2725.3720000000003	465.5730000000003	641.1830000000003	

##########	##########	##########	##########	##########	##########	##########	##########	##########	##########	##########	##########	##########	##########	##########	##########	##########	##########	##########	##########	##########	##########	##########	##########	##########	##########	##########	##########	##########	##########	##########	##########	##########	##########	##########	##########	##########	##########	##########	##########	##########	##########	##########	##########	##########	##########	##########	##########	##########	##########	nombre de noeuds : 50
nombre de strates : 5
nombre de centres : 5
titre : intelligent
instances : p9_2
temps de calcul : 0.04016613960266113
valeur objective : 617.0
nombre de solutions : 3
nombre de noeuds : 1.0
faisability : True
centre : [6, 41, 24, 48, 39]
moy_distances :	45.97
min_distances :	1.0
max_distances :	121.0
var_distances :	509.09473985839236
covar_distances :	509.3026184781793
ecartType_distances :	22.563127882862172
coef_variation	: 0.4907989142784672
distances_centre_x :
-1.0	-1.0	15.0	24.0	13.0	-1.0	-1.0	19.0	-1.0	8.0	8.0	-1.0	-1.0	21.0	-1.0	50.0	14.0	22.0	16.0	43.0	-1.0	-1.0	-1.0	-1.0	0.0	32.0	44.0	-1.0	9.0	21.0	-1.0	-1.0	31.0	29.0	57.0	35.0	24.0	24.0	22.0	0.0	-1.0	0.0	19.0	25.0	24.0	19.0	38.0	-1.0	0.0	25.0	
4.0	33.0	-1.0	24.0	-1.0	-1.0	0.0	-1.0	17.0	8.0	12.0	13.0	12.0	21.0	-1.0	-1.0	-1.0	22.0	16.0	43.0	35.0	-1.0	-1.0	-1.0	0.0	-1.0	44.0	25.0	9.0	-1.0	-1.0	8.0	-1.0	-1.0	60.0	-1.0	24.0	-1.0	22.0	0.0	-1.0	0.0	-1.0	-1.0	24.0	-1.0	38.0	62.0	-1.0	25.0	
4.0	33.0	-1.0	24.0	-1.0	-1.0	-1.0	19.0	-1.0	8.0	8.0	-1.0	12.0	21.0	35.0	-1.0	14.0	22.0	16.0	43.0	43.0	-1.0	12.0	39.0	-1.0	-1.0	-1.0	24.0	9.0	-1.0	15.0	-1.0	-1.0	29.0	57.0	-1.0	24.0	39.0	-1.0	0.0	24.0	0.0	-1.0	-1.0	24.0	-1.0	38.0	62.0	-1.0	25.0	
4.0	-1.0	15.0	24.0	-1.0	29.0	0.0	19.0	17.0	-1.0	8.0	-1.0	12.0	21.0	-1.0	-1.0	-1.0	22.0	16.0	43.0	-1.0	40.0	-1.0	39.0	0.0	32.0	-1.0	-1.0	9.0	-1.0	15.0	8.0	-1.0	-1.0	57.0	-1.0	-1.0	31.0	-1.0	0.0	24.0	0.0	-1.0	-1.0	24.0	-1.0	38.0	62.0	-1.0	45.0	
4.0	33.0	15.0	29.0	-1.0	-1.0	0.0	-1.0	17.0	8.0	-1.0	13.0	12.0	21.0	35.0	-1.0	14.0	22.0	16.0	43.0	-1.0	-1.0	12.0	47.0	0.0	32.0	44.0	-1.0	-1.0	-1.0	15.0	8.0	31.0	29.0	60.0	-1.0	-1.0	-1.0	-1.0	0.0	-1.0	0.0	-1.0	-1.0	24.0	-1.0	38.0	62.0	0.0	25.0	

distances_centre_w :
-1.0	-1.0	29.0	29.0	16.0	-1.0	-1.0	31.0	-1.0	18.0	12.0	-1.0	-1.0	58.0	-1.0	50.0	19.0	28.0	17.0	58.0	-1.0	-1.0	-1.0	-1.0	9.0	41.0	45.0	-1.0	51.0	58.0	-1.0	-1.0	33.0	53.0	60.0	36.0	28.0	55.0	25.0	9.0	-1.0	14.0	26.0	43.0	27.0	40.0	52.0	-1.0	48.0	45.0	
46.0	41.0	-1.0	29.0	-1.0	-1.0	14.0	-1.0	30.0	18.0	56.0	43.0	46.0	43.0	-1.0	-1.0	-1.0	28.0	17.0	58.0	54.0	-1.0	-1.0	-1.0	53.0	-1.0	45.0	33.0	51.0	-1.0	-1.0	17.0	-1.0	-1.0	61.0	-1.0	28.0	-1.0	25.0	9.0	-1.0	14.0	-1.0	-1.0	27.0	-1.0	52.0	63.0	-1.0	45.0	
46.0	41.0	-1.0	29.0	-1.0	-1.0	-1.0	31.0	-1.0	18.0	12.0	-1.0	46.0	58.0	62.0	-1.0	19.0	28.0	17.0	58.0	54.0	-1.0	14.0	39.0	-1.0	-1.0	-1.0	25.0	51.0	-1.0	38.0	-1.0	-1.0	30.0	60.0	-1.0	28.0	55.0	-1.0	9.0	28.0	14.0	-1.0	-1.0	27.0	-1.0	52.0	63.0	-1.0	45.0	
46.0	-1.0	29.0	50.0	-1.0	32.0	14.0	31.0	30.0	-1.0	12.0	-1.0	46.0	58.0	-1.0	-1.0	-1.0	28.0	17.0	58.0	-1.0	53.0	-1.0	39.0	9.0	55.0	-1.0	-1.0	51.0	-1.0	38.0	61.0	-1.0	-1.0	61.0	-1.0	-1.0	55.0	-1.0	9.0	28.0	14.0	-1.0	-1.0	27.0	-1.0	52.0	63.0	-1.0	49.0	
46.0	41.0	29.0	45.0	-1.0	-1.0	14.0	-1.0	30.0	18.0	-1.0	43.0	46.0	58.0	62.0	-1.0	62.0	28.0	17.0	58.0	-1.0	-1.0	14.0	52.0	9.0	38.0	45.0	-1.0	-1.0	-1.0	38.0	17.0	33.0	53.0	61.0	-1.0	-1.0	-1.0	-1.0	9.0	-1.0	14.0	-1.0	-1.0	27.0	-1.0	52.0	63.0	48.0	45.0	

maxX :
57.0	62.0	62.0	62.0	62.0	

maxW :
60.0	63.0	63.0	63.0	63.0	

minX :
0.0	0.0	0.0	0.0	0.0	

minW :
9.0	9.0	9.0	9.0	9.0	

moyX :
22.151515151515152	21.464285714285715	24.1	22.551724137931036	22.15625	

moyW :
35.24242424242424	37.357142857142854	36.56666666666667	38.44827586206897	37.96875	

medX :
22.0	21.5	24.0	21.0	19.0	

medW :
33.0	42.0	34.5	39.0	42.0	

ecartTypeX :
13.902520399621489	16.5841622874208	15.262918025943359	16.595774715470768	16.837661237164145	

ecartTypeW :
15.749998178028376	15.73488909061254	16.507944215504917	17.161677851612318	16.969613237711105	

varX :
193.28007346189165	275.03443877551024	232.95666666666673	275.4197384066588	283.5068359375	

varW :
248.06244260789714	247.58673469387753	272.51222222222225	294.5231866825208	287.9677734375	

covarX :
199.32007575757575	285.2208994708995	240.98965517241385	285.256157635468	292.6522177419355	

covarW :
255.8143939393939	256.7566137566137	281.9091954022988	305.04187192118223	297.25705645161287	

coef_variationX :
0.6276103600376322	0.7726398403457277	0.6333161006615501	0.735898267199774	0.7599508597873803	

coef_variationW :
0.44690450548145866	0.42120162001639694	0.4514478819190041	0.4463575405352082	0.44693631572572456	

moy_distances_centre :	48.0
min_distances_centre :	9.0
max_distances_centre :	70.0
med_distances_centre :	55.0
ecartType_distances_centre :	19.667231630303235
var_distances_centre :	386.8
covar_distances_centre :	407.1578947368421
coef_variation_distances_centre :	0.4097339922979841
capacite_X_temoin : 
177.0	153.0	177.0	177.0	156.0	
156.0	163.0	159.0	168.0	175.0	
163.0	163.0	157.0	144.0	135.0	
166.0	162.0	151.0	172.0	157.0	
163.0	168.0	153.0	159.0	177.0	

capacite_W_temoin : 
173.1	159.9	128.1	158.1	65.8	
158.8	182.9	126.69999999999999	140.4	117.5	
191.9	154.9	141.1	98.19999999999999	62.5	
178.8	170.6	145.3	114.6	119.1	
177.9	128.4	145.9	123.69999999999999	101.1	

demande_cumulee_X : 
57.0	39.0	102.0	72.0	137.0	
44.0	29.0	80.0	78.0	110.0	
20.0	57.0	63.0	89.0	113.0	
37.0	40.0	51.0	109.0	85.0	
34.0	90.0	53.0	83.0	129.0	

demande_cumulee_W : 
71.0	60.0	111.0	155.0	10.0	
68.0	54.0	110.0	109.0	0.0	
66.0	43.0	136.0	75.0	22.0	
95.0	49.0	89.0	73.0	16.0	
93.0	49.0	144.0	92.0	11.0	

capacite_residuelle_X : 
120.0	114.0	75.0	105.0	19.0	
112.0	134.0	79.0	90.0	65.0	
143.0	106.0	94.0	55.0	22.0	
129.0	122.0	100.0	63.0	72.0	
129.0	78.0	100.0	76.0	48.0	

capacite_residuelle_W : 
102.1	99.9	17.099999999999994	3.0999999999999943	55.8	
90.80000000000001	128.9	16.69999999999999	31.400000000000006	117.5	
125.9	111.9	5.099999999999994	23.19999999999999	40.5	
83.80000000000001	121.6	56.30000000000001	41.599999999999994	103.1	
84.9	79.4	1.9000000000000057	31.69999999999999	90.1	

min_capacite_X : 
153.0	156.0	135.0	151.0	153.0	

min_capacite_W : 
65.8	117.5	62.5	114.6	101.1	

max_capacite_X : 
177.0	175.0	163.0	172.0	177.0	

max_capacite_W : 
173.1	182.9	191.9	178.8	177.9	

moy_capacite_X : 
168.0	164.2	152.4	161.6	164.0	

moy_capacite_W : 
137.0	145.26000000000002	129.71999999999997	145.68	135.40000000000003	

med_capacite_X : 
177.0	163.0	157.0	162.0	163.0	

med_capacite_W : 
158.1	140.4	141.1	145.3	128.4	

ecartType_capacite_X : 
11.063453348751466	6.734983296193095	11.128342194594845	7.2277243998370615	8.148619514985345	

ecartType_capacite_W : 
38.52656226553311	23.40432438674529	45.03760206760569	26.040537628858594	25.60812371104139	

var_capacite_X : 
122.4	45.36	123.84	52.24000000000001	66.4	

var_capacite_W : 
1484.2959999999998	547.7624000000003	2028.3856000000003	678.1096000000003	655.7760000000002	

covar_capacite_X : 
153.0	56.699999999999996	154.8	65.30000000000001	83.0	

covar_capacite_W : 
1855.37	684.7030000000003	2535.4820000000004	847.6370000000004	819.7200000000003	

##########	##########	##########	##########	##########	##########	##########	##########	##########	##########	##########	##########	##########	##########	##########	##########	##########	##########	##########	##########	##########	##########	##########	##########	##########	##########	##########	##########	##########	##########	##########	##########	##########	##########	##########	##########	##########	##########	##########	##########	##########	##########	##########	##########	##########	##########	##########	##########	##########	##########	nombre de noeuds : 50
nombre de strates : 5
nombre de centres : 5
titre : intelligent
instances : p9_2
temps de calcul : 0.040220022201538086
valeur objective : 502.0
nombre de solutions : 3
nombre de noeuds : 1.0
faisability : True
centre : [41, 24, 48, 39, 33]
moy_distances :	45.97
min_distances :	1.0
max_distances :	121.0
var_distances :	509.09473985839236
covar_distances :	509.3026184781793
ecartType_distances :	22.563127882862172
coef_variation	: 0.4907989142784672
distances_centre_x :
-1.0	-1.0	29.0	11.0	16.0	-1.0	-1.0	31.0	-1.0	18.0	8.0	-1.0	-1.0	21.0	-1.0	21.0	14.0	15.0	16.0	32.0	-1.0	-1.0	-1.0	-1.0	0.0	20.0	15.0	-1.0	9.0	21.0	-1.0	-1.0	11.0	0.0	31.0	35.0	24.0	20.0	25.0	0.0	-1.0	0.0	19.0	25.0	24.0	19.0	27.0	-1.0	0.0	25.0	
4.0	21.0	-1.0	11.0	-1.0	-1.0	14.0	-1.0	17.0	18.0	8.0	13.0	12.0	21.0	-1.0	-1.0	-1.0	15.0	16.0	32.0	19.0	-1.0	-1.0	-1.0	9.0	-1.0	15.0	24.0	9.0	-1.0	-1.0	8.0	-1.0	-1.0	31.0	-1.0	24.0	-1.0	25.0	0.0	-1.0	0.0	-1.0	-1.0	24.0	-1.0	27.0	34.0	-1.0	25.0	
4.0	21.0	-1.0	11.0	-1.0	-1.0	-1.0	31.0	-1.0	18.0	8.0	-1.0	12.0	21.0	35.0	-1.0	14.0	15.0	16.0	32.0	19.0	-1.0	12.0	23.0	-1.0	-1.0	-1.0	24.0	9.0	-1.0	15.0	-1.0	-1.0	0.0	31.0	-1.0	24.0	20.0	-1.0	0.0	24.0	0.0	-1.0	-1.0	24.0	-1.0	27.0	34.0	-1.0	25.0	
4.0	-1.0	29.0	24.0	-1.0	29.0	14.0	31.0	17.0	-1.0	8.0	-1.0	12.0	21.0	-1.0	-1.0	-1.0	15.0	16.0	32.0	-1.0	27.0	-1.0	23.0	9.0	20.0	-1.0	-1.0	9.0	-1.0	15.0	8.0	-1.0	-1.0	31.0	-1.0	-1.0	20.0	-1.0	0.0	24.0	0.0	-1.0	-1.0	24.0	-1.0	27.0	34.0	-1.0	25.0	
4.0	21.0	29.0	11.0	-1.0	-1.0	14.0	-1.0	17.0	18.0	-1.0	13.0	12.0	21.0	35.0	-1.0	14.0	15.0	16.0	32.0	-1.0	-1.0	12.0	23.0	0.0	20.0	15.0	-1.0	-1.0	-1.0	15.0	8.0	11.0	0.0	31.0	-1.0	-1.0	-1.0	-1.0	0.0	-1.0	0.0	-1.0	-1.0	24.0	-1.0	27.0	34.0	0.0	25.0	

distances_centre_w :
-1.0	-1.0	68.0	29.0	47.0	-1.0	-1.0	63.0	-1.0	56.0	22.0	-1.0	-1.0	50.0	-1.0	50.0	18.0	22.0	67.0	43.0	-1.0	-1.0	-1.0	-1.0	9.0	25.0	44.0	-1.0	51.0	27.0	-1.0	-1.0	31.0	29.0	57.0	36.0	28.0	41.0	44.0	9.0	-1.0	44.0	26.0	28.0	27.0	51.0	38.0	-1.0	48.0	45.0	
46.0	33.0	-1.0	24.0	-1.0	-1.0	57.0	-1.0	33.0	56.0	12.0	43.0	41.0	32.0	-1.0	-1.0	-1.0	22.0	44.0	43.0	35.0	-1.0	-1.0	-1.0	30.0	-1.0	44.0	25.0	51.0	-1.0	-1.0	17.0	-1.0	-1.0	57.0	-1.0	28.0	-1.0	44.0	9.0	-1.0	44.0	-1.0	-1.0	27.0	-1.0	38.0	62.0	-1.0	45.0	
49.0	33.0	-1.0	24.0	-1.0	-1.0	-1.0	63.0	-1.0	56.0	12.0	-1.0	41.0	32.0	38.0	-1.0	62.0	22.0	44.0	58.0	35.0	-1.0	14.0	33.0	-1.0	-1.0	-1.0	25.0	51.0	-1.0	38.0	-1.0	-1.0	29.0	57.0	-1.0	28.0	31.0	-1.0	9.0	28.0	44.0	-1.0	-1.0	27.0	-1.0	38.0	62.0	-1.0	45.0	
46.0	-1.0	68.0	50.0	-1.0	32.0	57.0	63.0	33.0	-1.0	12.0	-1.0	41.0	32.0	-1.0	-1.0	-1.0	22.0	44.0	43.0	-1.0	40.0	-1.0	33.0	30.0	25.0	-1.0	-1.0	63.0	-1.0	62.0	29.0	-1.0	-1.0	57.0	-1.0	-1.0	41.0	-1.0	9.0	28.0	44.0	-1.0	-1.0	27.0	-1.0	38.0	62.0	-1.0	45.0	
46.0	33.0	68.0	24.0	-1.0	-1.0	57.0	-1.0	33.0	56.0	-1.0	41.0	41.0	32.0	38.0	-1.0	62.0	22.0	44.0	43.0	-1.0	-1.0	14.0	39.0	9.0	41.0	44.0	-1.0	-1.0	-1.0	38.0	17.0	31.0	53.0	57.0	-1.0	-1.0	-1.0	-1.0	9.0	-1.0	44.0	-1.0	-1.0	27.0	-1.0	52.0	62.0	53.0	45.0	

maxX :
35.0	34.0	35.0	34.0	35.0	

maxW :
68.0	62.0	63.0	68.0	68.0	

minX :
0.0	0.0	0.0	0.0	0.0	

minW :
9.0	9.0	9.0	9.0	9.0	

moyX :
17.636363636363637	17.0	18.3	18.896551724137932	16.15625	

moyW :
38.57575757575758	37.214285714285715	37.6	40.55172413793103	39.84375	

medX :
19.0	16.5	19.5	20.0	15.0	

medW :
41.0	39.5	36.5	41.0	41.0	

ecartTypeX :
9.874418070519647	8.972179222463181	9.842594508901941	9.560496407492103	10.170758867336302	

ecartTypeW :
15.17779539033675	13.428001507662856	14.761662056376533	15.13294238749393	15.120576574241474	

varX :
97.50413223140495	80.5	96.87666666666664	91.40309155766941	103.4443359375	

varW :
230.36547291092745	180.31122448979593	217.90666666666664	229.0059453032105	228.6318359375	

covarX :
100.55113636363636	83.48148148148148	100.21724137931032	94.66748768472902	106.78125	

covarW :
237.56439393939394	186.98941798941797	225.4206896551724	237.1847290640394	236.0070564516129	

coef_variationX :
0.5598896844109078	0.5277752483801871	0.5378466944755159	0.5059386784986697	0.6295247267983785	

coef_variationW :
0.3934542402836706	0.36082921517712085	0.39259739511639713	0.37317630037187416	0.3794968238240997	

moy_distances_centre :	45.9
min_distances_centre :	9.0
max_distances_centre :	70.0
med_distances_centre :	50.5
ecartType_distances_centre :	17.541094606665798
var_distances_centre :	307.68999999999994
covar_distances_centre :	323.88421052631577
coef_variation_distances_centre :	0.38215892389250106
capacite_X_temoin : 
153.0	157.0	177.0	177.0	156.0	
163.0	148.0	159.0	168.0	175.0	
163.0	153.0	157.0	144.0	135.0	
162.0	172.0	151.0	172.0	157.0	
168.0	157.0	153.0	159.0	177.0	

capacite_W_temoin : 
182.9	110.1	167.1	101.1	97.8	
194.9	90.4	167.7	89.4	173.5	
176.9	102.9	164.1	85.19999999999999	106.5	
193.6	150.6	155.3	91.6	145.1	
179.4	83.1	179.9	89.69999999999999	137.1	

demande_cumulee_X : 
16.0	94.0	63.0	129.0	105.0	
17.0	102.0	39.0	129.0	54.0	
35.0	96.0	40.0	102.0	69.0	
17.0	73.0	41.0	132.0	59.0	
39.0	121.0	19.0	117.0	93.0	

demande_cumulee_W : 
86.0	59.0	87.0	89.0	86.0	
35.0	40.0	134.0	35.0	97.0	
39.0	55.0	125.0	39.0	84.0	
47.0	61.0	100.0	18.0	96.0	
56.0	74.0	175.0	26.0	58.0	

capacite_residuelle_X : 
137.0	63.0	114.0	48.0	51.0	
146.0	46.0	120.0	39.0	121.0	
128.0	57.0	117.0	42.0	66.0	
145.0	99.0	110.0	40.0	98.0	
129.0	36.0	134.0	42.0	84.0	

capacite_residuelle_W : 
96.9	51.099999999999994	80.1	12.099999999999994	11.799999999999997	
159.9	50.400000000000006	33.69999999999999	54.400000000000006	76.5	
137.9	47.900000000000006	39.099999999999994	46.19999999999999	22.5	
146.6	89.6	55.30000000000001	73.6	49.099999999999994	
123.4	9.099999999999994	4.900000000000006	63.69999999999999	79.1	

min_capacite_X : 
153.0	148.0	135.0	151.0	153.0	

min_capacite_W : 
97.8	89.4	85.19999999999999	91.6	83.1	

max_capacite_X : 
177.0	175.0	163.0	172.0	177.0	

max_capacite_W : 
182.9	194.9	176.9	193.6	179.9	

moy_capacite_X : 
164.0	162.6	150.4	162.8	162.8	

moy_capacite_W : 
131.8	143.18	127.11999999999998	147.24	133.83999999999997	

med_capacite_X : 
157.0	163.0	153.0	162.0	159.0	

med_capacite_W : 
110.1	167.7	106.5	150.6	137.1	

ecartType_capacite_X : 
10.69579356569675	9.046546302318912	9.871170143402452	8.28009661779378	8.63481325796916	

ecartType_capacite_W : 
35.85158294971088	44.43761469746097	36.37209919704938	32.63707094700749	41.78696447458227	

var_capacite_X : 
114.4	81.83999999999999	97.43999999999998	68.55999999999999	74.55999999999999	

var_capacite_W : 
1285.336	1974.7015999999996	1322.9296000000002	1065.1784000000002	1746.1504000000004	

covar_capacite_X : 
143.0	102.29999999999998	121.79999999999998	85.69999999999999	93.19999999999999	

covar_capacite_W : 
1606.67	2468.3769999999995	1653.6620000000003	1331.4730000000002	2182.6880000000006	

##########	##########	##########	##########	##########	##########	##########	##########	##########	##########	##########	##########	##########	##########	##########	##########	##########	##########	##########	##########	##########	##########	##########	##########	##########	##########	##########	##########	##########	##########	##########	##########	##########	##########	##########	##########	##########	##########	##########	##########	##########	##########	##########	##########	##########	##########	##########	##########	##########	##########	nombre de noeuds : 50
nombre de strates : 5
nombre de centres : 5
titre : intelligent
instances : p9_2
temps de calcul : 0.03667902946472168
valeur objective : 699.0
nombre de solutions : 3
nombre de noeuds : 1.0
faisability : True
centre : [24, 48, 39, 33, 22]
moy_distances :	45.97
min_distances :	1.0
max_distances :	121.0
var_distances :	509.09473985839236
covar_distances :	509.3026184781793
ecartType_distances :	22.563127882862172
coef_variation	: 0.4907989142784672
distances_centre_x :
-1.0	-1.0	68.0	24.0	60.0	-1.0	-1.0	63.0	-1.0	56.0	4.0	-1.0	-1.0	21.0	-1.0	21.0	4.0	21.0	44.0	32.0	-1.0	-1.0	-1.0	-1.0	0.0	25.0	15.0	-1.0	63.0	21.0	-1.0	-1.0	11.0	0.0	57.0	36.0	24.0	24.0	44.0	0.0	-1.0	44.0	19.0	25.0	27.0	19.0	27.0	-1.0	0.0	25.0	
4.0	21.0	-1.0	11.0	-1.0	-1.0	57.0	-1.0	33.0	56.0	4.0	13.0	12.0	21.0	-1.0	-1.0	-1.0	15.0	44.0	32.0	19.0	-1.0	-1.0	-1.0	0.0	-1.0	15.0	25.0	9.0	-1.0	-1.0	8.0	-1.0	-1.0	31.0	-1.0	24.0	-1.0	44.0	0.0	-1.0	44.0	-1.0	-1.0	27.0	-1.0	27.0	34.0	-1.0	25.0	
4.0	21.0	-1.0	20.0	-1.0	-1.0	-1.0	63.0	-1.0	56.0	4.0	-1.0	12.0	21.0	35.0	-1.0	14.0	15.0	44.0	43.0	34.0	-1.0	0.0	33.0	-1.0	-1.0	-1.0	25.0	9.0	-1.0	15.0	-1.0	-1.0	0.0	31.0	-1.0	24.0	20.0	-1.0	0.0	28.0	44.0	-1.0	-1.0	27.0	-1.0	27.0	34.0	-1.0	25.0	
4.0	-1.0	68.0	20.0	-1.0	29.0	57.0	63.0	33.0	-1.0	4.0	-1.0	12.0	21.0	-1.0	-1.0	-1.0	15.0	44.0	43.0	-1.0	27.0	-1.0	23.0	0.0	20.0	-1.0	-1.0	9.0	-1.0	15.0	11.0	-1.0	-1.0	31.0	-1.0	-1.0	20.0	-1.0	0.0	28.0	44.0	-1.0	-1.0	27.0	-1.0	27.0	34.0	-1.0	25.0	
4.0	21.0	68.0	11.0	-1.0	-1.0	57.0	-1.0	33.0	56.0	-1.0	13.0	12.0	21.0	35.0	-1.0	4.0	15.0	44.0	32.0	-1.0	-1.0	0.0	33.0	0.0	20.0	15.0	-1.0	-1.0	-1.0	15.0	8.0	11.0	18.0	31.0	-1.0	-1.0	-1.0	-1.0	0.0	-1.0	44.0	-1.0	-1.0	27.0	-1.0	27.0	50.0	0.0	25.0	

distances_centre_w :
-1.0	-1.0	72.0	45.0	73.0	-1.0	-1.0	75.0	-1.0	64.0	8.0	-1.0	-1.0	50.0	-1.0	40.0	14.0	28.0	64.0	51.0	-1.0	-1.0	-1.0	-1.0	9.0	32.0	33.0	-1.0	74.0	49.0	-1.0	-1.0	19.0	18.0	60.0	73.0	30.0	31.0	68.0	9.0	-1.0	61.0	27.0	49.0	38.0	51.0	56.0	-1.0	53.0	75.0	
49.0	33.0	-1.0	29.0	-1.0	-1.0	75.0	-1.0	48.0	65.0	8.0	41.0	41.0	32.0	-1.0	-1.0	-1.0	21.0	67.0	43.0	43.0	-1.0	-1.0	-1.0	9.0	-1.0	33.0	53.0	63.0	-1.0	-1.0	11.0	-1.0	-1.0	49.0	-1.0	30.0	-1.0	68.0	9.0	-1.0	57.0	-1.0	-1.0	38.0	-1.0	38.0	50.0	-1.0	75.0	
49.0	33.0	-1.0	24.0	-1.0	-1.0	-1.0	75.0	-1.0	65.0	8.0	-1.0	41.0	32.0	38.0	-1.0	19.0	21.0	67.0	61.0	35.0	-1.0	12.0	42.0	-1.0	-1.0	-1.0	62.0	63.0	-1.0	62.0	-1.0	-1.0	30.0	49.0	-1.0	30.0	39.0	-1.0	9.0	37.0	61.0	-1.0	-1.0	38.0	-1.0	38.0	50.0	-1.0	75.0	
49.0	-1.0	72.0	24.0	-1.0	32.0	58.0	75.0	48.0	-1.0	8.0	-1.0	53.0	32.0	-1.0	-1.0	-1.0	21.0	67.0	61.0	-1.0	40.0	-1.0	33.0	9.0	25.0	-1.0	-1.0	63.0	-1.0	62.0	17.0	-1.0	-1.0	57.0	-1.0	-1.0	39.0	-1.0	9.0	37.0	61.0	-1.0	-1.0	38.0	-1.0	38.0	50.0	-1.0	75.0	
49.0	33.0	72.0	20.0	-1.0	-1.0	75.0	-1.0	48.0	65.0	-1.0	41.0	52.0	50.0	56.0	-1.0	68.0	21.0	64.0	43.0	-1.0	-1.0	12.0	42.0	9.0	25.0	33.0	-1.0	-1.0	-1.0	62.0	17.0	19.0	30.0	49.0	-1.0	-1.0	-1.0	-1.0	9.0	-1.0	61.0	-1.0	-1.0	38.0	-1.0	38.0	62.0	53.0	75.0	

maxX :
68.0	57.0	63.0	68.0	68.0	

maxW :
75.0	75.0	75.0	75.0	75.0	

minX :
0.0	0.0	0.0	0.0	0.0	

minW :
8.0	8.0	8.0	8.0	9.0	

moyX :
28.0	23.392857142857142	24.266666666666666	26.0	23.4375	

moyW :
45.42424242424242	42.07142857142857	42.166666666666664	43.206896551724135	43.46875	

medX :
24.0	22.5	24.5	25.0	20.5	

medW :
49.0	42.0	38.5	40.0	45.5	

ecartTypeX :
19.639169272068756	15.45578783339822	15.705483826428978	17.220677226460378	17.85871198463092	

ecartTypeW :
21.124494332166044	19.216675369191673	18.704871617368084	19.77350946533026	19.573554185111604	

varX :
385.6969696969697	238.88137755102048	246.6622222222222	296.55172413793105	318.93359375	

varW :
446.24426078971527	369.28061224489795	349.8722222222222	390.9916765755054	383.1240234375	

covarX :
397.75	247.728835978836	255.16781609195402	307.1428571428571	329.22177419354836	

covarW :
460.18939393939394	382.95767195767195	361.93678160919546	404.95566502463055	395.4828629032258	

coef_variationX :
0.7013989025738842	0.6607054340994659	0.647204003836359	0.6623337394792453	0.7619717113442526	

coef_variationW :
0.4650489079129283	0.4567630817804473	0.44359379329726684	0.4576470666357363	0.4502902472491526	

moy_distances_centre :	36.2
min_distances_centre :	9.0
max_distances_centre :	70.0
med_distances_centre :	29.5
ecartType_distances_centre :	22.714752915231106
var_distances_centre :	515.96
covar_distances_centre :	543.1157894736842
coef_variation_distances_centre :	0.6274793622992018
capacite_X_temoin : 
171.0	153.0	157.0	177.0	156.0	
138.0	163.0	148.0	159.0	175.0	
135.0	163.0	153.0	157.0	135.0	
162.0	162.0	172.0	151.0	157.0	
145.0	168.0	157.0	153.0	177.0	

capacite_W_temoin : 
196.3	195.9	133.1	70.1	55.8	
171.4	199.9	90.4	85.69999999999999	129.5	
134.5	206.9	110.9	96.1	75.5	
187.6	207.6	154.6	88.3	85.1	
142.5	207.4	94.1	90.9	116.1	

demande_cumulee_X : 
26.0	3.0	71.0	160.0	147.0	
8.0	12.0	102.0	121.0	98.0	
41.0	5.0	88.0	108.0	100.0	
23.0	3.0	69.0	108.0	119.0	
46.0	11.0	110.0	108.0	114.0	

demande_cumulee_W : 
50.0	188.0	61.0	59.0	49.0	
94.0	55.0	88.0	36.0	68.0	
41.0	85.0	97.0	44.0	75.0	
60.0	45.0	87.0	56.0	74.0	
97.0	82.0	73.0	41.0	96.0	

capacite_residuelle_X : 
145.0	150.0	86.0	17.0	9.0	
130.0	151.0	46.0	38.0	77.0	
94.0	158.0	65.0	49.0	35.0	
139.0	159.0	103.0	43.0	38.0	
99.0	157.0	47.0	45.0	63.0	

capacite_residuelle_W : 
146.3	7.900000000000006	72.1	11.099999999999994	6.799999999999997	
77.4	144.9	2.4000000000000057	49.69999999999999	61.5	
93.5	121.9	13.900000000000006	52.099999999999994	0.5	
127.6	162.6	67.6	32.3	11.099999999999994	
45.5	125.4	21.099999999999994	49.900000000000006	20.099999999999994	

min_capacite_X : 
153.0	138.0	135.0	151.0	145.0	

min_capacite_W : 
55.8	85.69999999999999	75.5	85.1	90.9	

max_capacite_X : 
177.0	175.0	163.0	172.0	177.0	

max_capacite_W : 
196.3	199.9	206.9	207.6	207.4	

moy_capacite_X : 
162.8	156.6	148.6	160.8	160.0	

moy_capacite_W : 
130.24	135.38000000000002	124.78	144.64	130.2	

med_capacite_X : 
157.0	159.0	153.0	162.0	157.0	

med_capacite_W : 
133.1	129.5	110.9	154.6	116.1	

ecartType_capacite_X : 
9.431860898041277	12.690153663372245	11.551623262554921	6.910861017268398	11.278297743897348	

ecartType_capacite_W : 
59.73520235171218	44.69037480263508	45.3472998093602	50.25521266495646	42.79635498497506	

var_capacite_X : 
88.96	161.04000000000002	133.44	47.76	127.2	

var_capacite_W : 
3568.2944	1997.2296000000001	2056.3776	2525.5864	1831.5279999999998	

covar_capacite_X : 
111.19999999999999	201.3	166.8	59.699999999999996	159.0	

covar_capacite_W : 
4460.368	2496.5370000000003	2570.4719999999998	3156.983	2289.41	

##########	##########	##########	##########	##########	##########	##########	##########	##########	##########	##########	##########	##########	##########	##########	##########	##########	##########	##########	##########	##########	##########	##########	##########	##########	##########	##########	##########	##########	##########	##########	##########	##########	##########	##########	##########	##########	##########	##########	##########	##########	##########	##########	##########	##########	##########	##########	##########	##########	##########	nombre de noeuds : 50
nombre de strates : 5
nombre de centres : 5
titre : intelligent
instances : p9_2
temps de calcul : 0.036062002182006836
valeur objective : 689.0
nombre de solutions : 3
nombre de noeuds : 1.0
faisability : True
centre : [24, 48, 39, 22, 46]
moy_distances :	45.97
min_distances :	1.0
max_distances :	121.0
var_distances :	509.09473985839236
covar_distances :	509.3026184781793
ecartType_distances :	22.563127882862172
coef_variation	: 0.4907989142784672
distances_centre_x :
-1.0	-1.0	68.0	20.0	47.0	-1.0	-1.0	63.0	-1.0	56.0	12.0	-1.0	-1.0	21.0	-1.0	12.0	4.0	21.0	44.0	7.0	-1.0	-1.0	-1.0	-1.0	12.0	25.0	18.0	-1.0	9.0	21.0	-1.0	-1.0	19.0	29.0	18.0	36.0	24.0	25.0	44.0	0.0	-1.0	44.0	19.0	19.0	27.0	19.0	0.0	-1.0	0.0	25.0	
4.0	13.0	-1.0	20.0	-1.0	-1.0	57.0	-1.0	33.0	56.0	4.0	13.0	12.0	21.0	-1.0	-1.0	-1.0	21.0	44.0	7.0	15.0	-1.0	-1.0	-1.0	12.0	-1.0	18.0	25.0	9.0	-1.0	-1.0	8.0	-1.0	-1.0	18.0	-1.0	24.0	-1.0	44.0	0.0	-1.0	44.0	-1.0	-1.0	27.0	-1.0	0.0	30.0	-1.0	25.0	
4.0	13.0	-1.0	20.0	-1.0	-1.0	-1.0	63.0	-1.0	56.0	4.0	-1.0	12.0	21.0	11.0	-1.0	4.0	21.0	44.0	7.0	15.0	-1.0	0.0	23.0	-1.0	-1.0	-1.0	25.0	9.0	-1.0	15.0	-1.0	-1.0	18.0	18.0	-1.0	24.0	24.0	-1.0	0.0	28.0	44.0	-1.0	-1.0	27.0	-1.0	0.0	30.0	-1.0	25.0	
4.0	-1.0	68.0	20.0	-1.0	29.0	57.0	63.0	33.0	-1.0	4.0	-1.0	12.0	21.0	-1.0	-1.0	-1.0	21.0	44.0	7.0	-1.0	1.0	-1.0	29.0	9.0	26.0	-1.0	-1.0	9.0	-1.0	15.0	8.0	-1.0	-1.0	18.0	-1.0	-1.0	24.0	-1.0	0.0	28.0	44.0	-1.0	-1.0	27.0	-1.0	0.0	30.0	-1.0	25.0	
4.0	13.0	68.0	20.0	-1.0	-1.0	57.0	-1.0	33.0	64.0	-1.0	13.0	12.0	21.0	11.0	-1.0	4.0	21.0	44.0	7.0	-1.0	-1.0	0.0	29.0	0.0	26.0	18.0	-1.0	-1.0	-1.0	15.0	8.0	19.0	27.0	18.0	-1.0	-1.0	-1.0	-1.0	0.0	-1.0	44.0	-1.0	-1.0	27.0	-1.0	0.0	30.0	0.0	25.0	

distances_centre_w :
-1.0	-1.0	72.0	24.0	75.0	-1.0	-1.0	75.0	-1.0	64.0	49.0	-1.0	-1.0	50.0	-1.0	50.0	14.0	22.0	51.0	43.0	-1.0	-1.0	-1.0	-1.0	70.0	26.0	44.0	-1.0	47.0	47.0	-1.0	-1.0	31.0	53.0	49.0	72.0	30.0	31.0	68.0	9.0	-1.0	68.0	27.0	25.0	36.0	51.0	56.0	-1.0	38.0	63.0	
35.0	33.0	-1.0	29.0	-1.0	-1.0	58.0	-1.0	38.0	64.0	8.0	30.0	28.0	24.0	-1.0	-1.0	-1.0	22.0	51.0	43.0	34.0	-1.0	-1.0	-1.0	56.0	-1.0	33.0	53.0	47.0	-1.0	-1.0	11.0	-1.0	-1.0	49.0	-1.0	30.0	-1.0	68.0	9.0	-1.0	68.0	-1.0	-1.0	36.0	-1.0	38.0	50.0	-1.0	63.0	
35.0	33.0	-1.0	27.0	-1.0	-1.0	-1.0	75.0	-1.0	65.0	8.0	-1.0	28.0	24.0	35.0	-1.0	14.0	22.0	51.0	43.0	34.0	-1.0	12.0	39.0	-1.0	-1.0	-1.0	62.0	47.0	-1.0	51.0	-1.0	-1.0	27.0	49.0	-1.0	30.0	31.0	-1.0	9.0	37.0	68.0	-1.0	-1.0	36.0	-1.0	38.0	50.0	-1.0	63.0	
35.0	-1.0	72.0	45.0	-1.0	32.0	58.0	75.0	38.0	-1.0	8.0	-1.0	28.0	24.0	-1.0	-1.0	-1.0	22.0	51.0	43.0	-1.0	40.0	-1.0	42.0	12.0	30.0	-1.0	-1.0	47.0	-1.0	72.0	17.0	-1.0	-1.0	49.0	-1.0	-1.0	31.0	-1.0	9.0	37.0	68.0	-1.0	-1.0	36.0	-1.0	38.0	50.0	-1.0	63.0	
60.0	33.0	72.0	45.0	-1.0	-1.0	58.0	-1.0	38.0	65.0	-1.0	30.0	28.0	24.0	35.0	-1.0	14.0	22.0	51.0	58.0	-1.0	-1.0	12.0	39.0	12.0	30.0	33.0	-1.0	-1.0	-1.0	51.0	56.0	64.0	30.0	49.0	-1.0	-1.0	-1.0	-1.0	9.0	-1.0	48.0	-1.0	-1.0	36.0	-1.0	38.0	50.0	38.0	63.0	

maxX :
68.0	57.0	63.0	68.0	68.0	

maxW :
75.0	68.0	75.0	75.0	72.0	

minX :
0.0	0.0	0.0	0.0	0.0	

minW :
9.0	8.0	8.0	8.0	9.0	

moyX :
24.484848484848484	21.571428571428573	20.166666666666668	23.310344827586206	21.1875	

moyW :
46.36363636363637	39.57142857142857	38.1	40.41379310344828	40.34375	

medX :
21.0	19.0	19.0	21.0	18.5	

medW :
49.0	37.0	35.5	38.0	38.0	

ecartTypeX :
17.120112595426278	15.486004214470958	15.397149808397078	17.90800908912731	17.96600522514674	

ecartTypeW :
18.237188416044674	16.723440716185024	17.197577348762433	18.212381618916726	16.721261493604484	

varX :
293.0982552800735	239.81632653061226	237.07222222222217	320.69678953626635	322.77734375	

varW :
332.59504132231405	279.6734693877551	295.7566666666667	331.6908442330559	279.6005859375	

covarX :
302.2575757575758	248.69841269841265	245.24712643678154	332.1502463054187	333.18951612903226	

covarW :
342.9886363636364	290.03174603174597	305.95517241379315	343.5369458128079	288.61995967741933	

coef_variationX :
0.6992125193676574	0.7178942351079252	0.7634950318213427	0.7682429934684794	0.8479530489744774	

coef_variationW :
0.39335112269900274	0.42261402531875514	0.4513799829071505	0.4506476680448678	0.41446968845495236	

moy_distances_centre :	42.3
min_distances_centre :	9.0
max_distances_centre :	70.0
med_distances_centre :	48.5
ecartType_distances_centre :	21.92281916177753
var_distances_centre :	480.61
covar_distances_centre :	505.90526315789475
coef_variation_distances_centre :	0.5182699565432041
capacite_X_temoin : 
171.0	153.0	177.0	148.0	156.0	
138.0	163.0	159.0	159.0	175.0	
135.0	163.0	157.0	138.0	135.0	
162.0	162.0	151.0	159.0	157.0	
145.0	168.0	153.0	141.0	177.0	

capacite_W_temoin : 
172.3	198.9	78.1	124.4	65.8	
151.4	202.9	85.69999999999999	121.69999999999999	129.5	
117.5	211.9	93.1	97.4	84.5	
180.6	202.6	82.3	144.7	96.1	
117.5	199.4	98.9	87.3	127.1	

demande_cumulee_X : 
50.0	0.0	152.0	68.0	137.0	
28.0	9.0	121.0	85.0	98.0	
58.0	0.0	111.0	82.0	91.0	
30.0	8.0	114.0	62.0	108.0	
71.0	19.0	100.0	96.0	103.0	

demande_cumulee_W : 
26.0	185.0	68.0	92.0	36.0	
68.0	81.0	56.0	76.0	60.0	
44.0	105.0	48.0	81.0	64.0	
48.0	66.0	77.0	73.0	58.0	
55.0	72.0	52.0	83.0	127.0	

capacite_residuelle_X : 
121.0	153.0	25.0	80.0	19.0	
110.0	154.0	38.0	74.0	77.0	
77.0	163.0	46.0	56.0	44.0	
132.0	154.0	37.0	97.0	49.0	
74.0	149.0	53.0	45.0	74.0	

capacite_residuelle_W : 
146.3	13.900000000000006	10.099999999999994	32.400000000000006	29.799999999999997	
83.4	121.9	29.69999999999999	45.69999999999999	69.5	
73.5	106.9	45.099999999999994	16.400000000000006	20.5	
132.6	136.6	5.299999999999997	71.69999999999999	38.099999999999994	
62.5	127.4	46.900000000000006	4.299999999999997	0.09999999999999432	

min_capacite_X : 
148.0	138.0	135.0	151.0	141.0	

min_capacite_W : 
65.8	85.69999999999999	84.5	82.3	87.3	

max_capacite_X : 
177.0	175.0	163.0	162.0	177.0	

max_capacite_W : 
198.9	202.9	211.9	202.6	199.4	

moy_capacite_X : 
161.0	158.8	145.6	158.2	156.8	

moy_capacite_W : 
127.9	138.24	120.88	141.26000000000002	126.03999999999999	

med_capacite_X : 
156.0	159.0	138.0	159.0	153.0	

med_capacite_W : 
124.4	129.5	97.4	144.7	117.5	

ecartType_capacite_X : 
11.081516141756055	11.93984924527944	11.959933110180843	4.06939798987516	13.687950905814938	

ecartType_capacite_W : 
51.69344252417322	38.63809519114523	46.78163742324546	46.557001621668036	39.225277564346186	

var_capacite_X : 
122.8	142.56000000000003	143.04000000000002	16.559999999999995	187.35999999999999	

var_capacite_W : 
2672.2120000000004	1492.9024000000004	2188.5216000000005	2167.5544	1538.6224000000002	

covar_capacite_X : 
153.5	178.20000000000005	178.8	20.699999999999996	234.2	

covar_capacite_W : 
3340.265000000001	1866.1280000000006	2735.6520000000005	2709.4429999999998	1923.2780000000002	

##########	##########	##########	##########	##########	##########	##########	##########	##########	##########	##########	##########	##########	##########	##########	##########	##########	##########	##########	##########	##########	##########	##########	##########	##########	##########	##########	##########	##########	##########	##########	##########	##########	##########	##########	##########	##########	##########	##########	##########	##########	##########	##########	##########	##########	##########	##########	##########	##########	##########	nombre de noeuds : 50
nombre de strates : 5
nombre de centres : 5
titre : intelligent
instances : p9_2
temps de calcul : 0.03537607192993164
valeur objective : 668.0
nombre de solutions : 3
nombre de noeuds : 1.0
faisability : True
centre : [24, 48, 39, 22, 13]
moy_distances :	45.97
min_distances :	1.0
max_distances :	121.0
var_distances :	509.09473985839236
covar_distances :	509.3026184781793
ecartType_distances :	22.563127882862172
coef_variation	: 0.4907989142784672
distances_centre_x :
-1.0	-1.0	68.0	20.0	47.0	-1.0	-1.0	63.0	-1.0	56.0	4.0	-1.0	-1.0	0.0	-1.0	50.0	19.0	22.0	44.0	30.0	-1.0	-1.0	-1.0	-1.0	9.0	17.0	33.0	-1.0	9.0	21.0	-1.0	-1.0	19.0	18.0	41.0	36.0	24.0	19.0	44.0	0.0	-1.0	44.0	19.0	25.0	25.0	43.0	24.0	-1.0	0.0	25.0	
4.0	13.0	-1.0	20.0	-1.0	-1.0	57.0	-1.0	33.0	56.0	8.0	9.0	9.0	0.0	-1.0	-1.0	-1.0	21.0	44.0	30.0	14.0	-1.0	-1.0	-1.0	0.0	-1.0	33.0	25.0	9.0	-1.0	-1.0	8.0	-1.0	-1.0	41.0	-1.0	24.0	-1.0	44.0	0.0	-1.0	44.0	-1.0	-1.0	25.0	-1.0	24.0	50.0	-1.0	25.0	
4.0	37.0	-1.0	20.0	-1.0	-1.0	-1.0	63.0	-1.0	56.0	4.0	-1.0	9.0	0.0	27.0	-1.0	4.0	21.0	44.0	30.0	14.0	-1.0	0.0	6.0	-1.0	-1.0	-1.0	25.0	9.0	-1.0	30.0	-1.0	-1.0	18.0	41.0	-1.0	24.0	24.0	-1.0	0.0	20.0	44.0	-1.0	-1.0	25.0	-1.0	45.0	50.0	-1.0	25.0	
4.0	-1.0	68.0	20.0	-1.0	29.0	57.0	63.0	27.0	-1.0	4.0	-1.0	12.0	0.0	-1.0	-1.0	-1.0	21.0	44.0	30.0	-1.0	25.0	-1.0	6.0	9.0	25.0	-1.0	-1.0	31.0	-1.0	15.0	8.0	-1.0	-1.0	41.0	-1.0	-1.0	25.0	-1.0	0.0	20.0	44.0	-1.0	-1.0	25.0	-1.0	24.0	50.0	-1.0	25.0	
4.0	13.0	68.0	24.0	-1.0	-1.0	57.0	-1.0	27.0	65.0	-1.0	9.0	9.0	0.0	35.0	-1.0	4.0	21.0	44.0	51.0	-1.0	-1.0	0.0	6.0	9.0	17.0	33.0	-1.0	-1.0	-1.0	15.0	8.0	19.0	18.0	49.0	-1.0	-1.0	-1.0	-1.0	0.0	-1.0	44.0	-1.0	-1.0	25.0	-1.0	24.0	50.0	0.0	25.0	

distances_centre_w :
-1.0	-1.0	71.0	24.0	51.0	-1.0	-1.0	69.0	-1.0	64.0	8.0	-1.0	-1.0	50.0	-1.0	50.0	68.0	28.0	51.0	61.0	-1.0	-1.0	-1.0	-1.0	70.0	32.0	34.0	-1.0	31.0	23.0	-1.0	-1.0	31.0	53.0	49.0	49.0	30.0	24.0	52.0	9.0	-1.0	44.0	27.0	43.0	27.0	51.0	38.0	-1.0	21.0	43.0	
58.0	33.0	-1.0	29.0	-1.0	-1.0	58.0	-1.0	48.0	62.0	12.0	13.0	12.0	21.0	-1.0	-1.0	-1.0	43.0	51.0	61.0	34.0	-1.0	-1.0	-1.0	9.0	-1.0	44.0	53.0	31.0	-1.0	-1.0	11.0	-1.0	-1.0	57.0	-1.0	30.0	-1.0	52.0	9.0	-1.0	53.0	-1.0	-1.0	27.0	-1.0	38.0	53.0	-1.0	43.0	
17.0	41.0	-1.0	23.0	-1.0	-1.0	-1.0	69.0	-1.0	65.0	8.0	-1.0	12.0	21.0	35.0	-1.0	19.0	43.0	64.0	58.0	34.0	-1.0	12.0	23.0	-1.0	-1.0	-1.0	30.0	31.0	-1.0	63.0	-1.0	-1.0	32.0	57.0	-1.0	30.0	25.0	-1.0	9.0	45.0	57.0	-1.0	-1.0	27.0	-1.0	52.0	69.0	-1.0	43.0	
58.0	-1.0	71.0	45.0	-1.0	43.0	58.0	69.0	48.0	-1.0	8.0	-1.0	59.0	21.0	-1.0	-1.0	-1.0	28.0	64.0	43.0	-1.0	40.0	-1.0	23.0	12.0	38.0	-1.0	-1.0	71.0	-1.0	30.0	17.0	-1.0	-1.0	49.0	-1.0	-1.0	39.0	-1.0	9.0	28.0	57.0	-1.0	-1.0	27.0	-1.0	38.0	63.0	-1.0	43.0	
17.0	33.0	71.0	45.0	-1.0	-1.0	58.0	-1.0	48.0	70.0	-1.0	13.0	12.0	21.0	56.0	-1.0	19.0	43.0	64.0	61.0	-1.0	-1.0	12.0	23.0	12.0	26.0	45.0	-1.0	-1.0	-1.0	30.0	11.0	31.0	29.0	57.0	-1.0	-1.0	-1.0	-1.0	9.0	-1.0	44.0	-1.0	-1.0	27.0	-1.0	38.0	62.0	62.0	43.0	

maxX :
68.0	57.0	63.0	68.0	68.0	

maxW :
71.0	62.0	69.0	71.0	71.0	

minX :
0.0	0.0	0.0	0.0	0.0	

minW :
8.0	9.0	8.0	8.0	9.0	

moyX :
27.818181818181817	23.928571428571427	23.966666666666665	25.93103448275862	24.15625	

moyW :
41.696969696969695	37.32142857142857	37.13333333333333	41.3448275862069	37.25	

medX :
24.0	24.0	24.0	25.0	20.0	

medW :
43.0	40.5	33.0	43.0	35.5	

ecartTypeX :
17.504033380138495	16.945139571630584	17.207524194052112	17.95575219423792	19.707405611533446	

ecartTypeW :
16.94462433480207	17.43570550710846	18.723841011454414	18.40591333403286	19.23863300757099	

varX :
306.3911845730027	287.1377551020408	296.09888888888884	322.40903686087995	388.3818359375	

varW :
287.12029384756653	304.00382653061223	350.58222222222224	338.7776456599287	370.125	

covarX :
315.9659090909091	297.77248677248673	306.3091954022988	333.923645320197	400.9102822580645	

covarW :
296.092803030303	315.2632275132275	362.67126436781615	350.8768472906404	382.06451612903226	

coef_variationX :
0.6292299581095537	0.7081550865756066	0.7179773655376404	0.6924425713203454	0.8158305039703367	

coef_variationW :
0.4063754382619683	0.4671767982765903	0.5042327022833325	0.44518055603582396	0.5164733693307648	

moy_distances_centre :	38.9
min_distances_centre :	9.0
max_distances_centre :	70.0
med_distances_centre :	43.0
ecartType_distances_centre :	22.12894032709203
var_distances_centre :	489.68999999999994
covar_distances_centre :	515.4631578947368
coef_variation_distances_centre :	0.5688673605936255
capacite_X_temoin : 
163.0	171.0	153.0	177.0	156.0	
141.0	138.0	163.0	159.0	175.0	
142.0	135.0	163.0	157.0	135.0	
159.0	162.0	162.0	151.0	157.0	
139.0	145.0	168.0	153.0	177.0	

capacite_W_temoin : 
135.9	170.3	198.9	71.1	82.8	
72.3	130.4	191.9	102.69999999999999	170.5	
59.6	61.5	211.9	133.1	143.5	
59.699999999999996	164.6	202.6	121.3	158.1	
52.699999999999996	85.5	210.4	109.9	169.1	

demande_cumulee_X : 
76.0	52.0	0.0	159.0	120.0	
111.0	49.0	20.0	104.0	57.0	
125.0	114.0	0.0	71.0	32.0	
147.0	46.0	8.0	75.0	46.0	
128.0	103.0	8.0	89.0	61.0	

demande_cumulee_W : 
131.0	4.0	186.0	53.0	33.0	
72.0	33.0	88.0	52.0	96.0	
41.0	46.0	70.0	70.0	115.0	
47.0	60.0	52.0	48.0	115.0	
41.0	53.0	96.0	51.0	148.0	

capacite_residuelle_X : 
87.0	119.0	153.0	18.0	36.0	
30.0	89.0	143.0	55.0	118.0	
17.0	21.0	163.0	86.0	103.0	
12.0	116.0	154.0	76.0	111.0	
11.0	42.0	160.0	64.0	116.0	

capacite_residuelle_W : 
4.900000000000006	166.3	12.900000000000006	18.099999999999994	49.8	
0.29999999999999716	97.4	103.9	50.69999999999999	74.5	
18.6	15.5	141.9	63.099999999999994	28.5	
12.699999999999996	104.6	150.6	73.3	43.099999999999994	
11.699999999999996	32.5	114.4	58.900000000000006	21.099999999999994	

min_capacite_X : 
153.0	138.0	135.0	151.0	139.0	

min_capacite_W : 
71.1	72.3	59.6	59.699999999999996	52.699999999999996	

max_capacite_X : 
177.0	175.0	163.0	162.0	177.0	

max_capacite_W : 
198.9	191.9	211.9	202.6	210.4	

moy_capacite_X : 
164.0	155.2	146.4	158.2	156.4	

moy_capacite_W : 
131.8	133.56	121.92	141.26	125.52000000000001	

med_capacite_X : 
163.0	159.0	142.0	159.0	153.0	

med_capacite_W : 
135.9	130.4	133.1	158.1	109.9	

ecartType_capacite_X : 
8.988882021697693	13.89100428334827	11.551623262554921	4.069397989875161	14.164744967700619	

ecartType_capacite_W : 
49.166980789957	43.55050401545314	56.9586657147093	48.252195804957935	57.01257405169495	

var_capacite_X : 
80.8	192.95999999999998	133.44	16.56	200.64000000000001	

var_capacite_W : 
2417.3920000000007	1896.6464000000003	3244.2896	2328.2744000000002	3250.4336000000003	

covar_capacite_X : 
101.0	241.2	166.8	20.7	250.8	

covar_capacite_W : 
3021.7400000000007	2370.8080000000004	4055.362	2910.3430000000003	4063.0420000000004	

##########	##########	##########	##########	##########	##########	##########	##########	##########	##########	##########	##########	##########	##########	##########	##########	##########	##########	##########	##########	##########	##########	##########	##########	##########	##########	##########	##########	##########	##########	##########	##########	##########	##########	##########	##########	##########	##########	##########	##########	##########	##########	##########	##########	##########	##########	##########	##########	##########	##########	