nombre de noeuds : 50
nombre de strates : 10
nombre de centres : 5
titre : intelligent
instances : p9_3
temps de calcul : 0.0682990550994873
valeur objective : 1193.0
nombre de solutions : 3
nombre de noeuds : 1.0
faisability : True
centre : [18, 48, 7, 13, 6]
moy_distances :	45.97
min_distances :	1.0
max_distances :	121.0
var_distances :	509.09473985839236
covar_distances :	509.3026184781793
ecartType_distances :	22.563127882862172
coef_variation	: 0.4907989142784672
distances_centre_x :
4.0	33.0	-1.0	57.0	-1.0	30.0	-1.0	-1.0	-1.0	-1.0	-1.0	13.0	12.0	57.0	35.0	50.0	-1.0	53.0	-1.0	-1.0	-1.0	-1.0	58.0	23.0	-1.0	50.0	-1.0	-1.0	9.0	-1.0	15.0	-1.0	-1.0	53.0	-1.0	-1.0	-1.0	-1.0	-1.0	-1.0	38.0	-1.0	-1.0	25.0	33.0	19.0	-1.0	-1.0	0.0	-1.0	
-1.0	13.0	15.0	23.0	13.0	30.0	0.0	0.0	27.0	8.0	46.0	13.0	-1.0	0.0	-1.0	-1.0	-1.0	22.0	0.0	-1.0	-1.0	-1.0	-1.0	-1.0	51.0	50.0	-1.0	39.0	9.0	-1.0	15.0	-1.0	-1.0	32.0	-1.0	36.0	-1.0	49.0	-1.0	-1.0	38.0	14.0	-1.0	5.0	38.0	-1.0	24.0	53.0	0.0	47.0	
-1.0	33.0	-1.0	23.0	18.0	-1.0	17.0	-1.0	-1.0	-1.0	46.0	9.0	-1.0	21.0	-1.0	-1.0	-1.0	-1.0	0.0	30.0	14.0	25.0	43.0	-1.0	50.0	17.0	34.0	39.0	9.0	-1.0	49.0	-1.0	43.0	-1.0	-1.0	-1.0	-1.0	-1.0	19.0	44.0	28.0	16.0	-1.0	-1.0	33.0	-1.0	-1.0	53.0	0.0	25.0	
-1.0	13.0	9.0	23.0	13.0	-1.0	0.0	-1.0	-1.0	8.0	46.0	-1.0	-1.0	21.0	27.0	32.0	-1.0	-1.0	-1.0	30.0	14.0	-1.0	43.0	6.0	-1.0	17.0	34.0	25.0	9.0	21.0	15.0	54.0	-1.0	32.0	-1.0	32.0	-1.0	-1.0	19.0	-1.0	38.0	-1.0	-1.0	-1.0	-1.0	-1.0	24.0	-1.0	0.0	25.0	
-1.0	13.0	9.0	23.0	13.0	30.0	0.0	-1.0	-1.0	13.0	46.0	-1.0	12.0	21.0	-1.0	-1.0	-1.0	-1.0	-1.0	-1.0	14.0	-1.0	43.0	-1.0	50.0	17.0	34.0	-1.0	9.0	-1.0	15.0	-1.0	43.0	32.0	41.0	32.0	-1.0	19.0	-1.0	-1.0	28.0	14.0	-1.0	5.0	33.0	-1.0	24.0	-1.0	0.0	25.0	
4.0	13.0	9.0	23.0	13.0	30.0	0.0	0.0	27.0	8.0	-1.0	9.0	12.0	-1.0	-1.0	-1.0	-1.0	-1.0	-1.0	-1.0	14.0	-1.0	43.0	6.0	50.0	17.0	-1.0	-1.0	-1.0	21.0	-1.0	54.0	-1.0	32.0	-1.0	32.0	-1.0	-1.0	-1.0	-1.0	20.0	14.0	-1.0	5.0	-1.0	-1.0	-1.0	-1.0	0.0	25.0	
-1.0	13.0	9.0	-1.0	13.0	30.0	0.0	-1.0	-1.0	-1.0	-1.0	13.0	-1.0	-1.0	-1.0	-1.0	46.0	-1.0	-1.0	-1.0	14.0	-1.0	43.0	-1.0	-1.0	17.0	-1.0	25.0	9.0	-1.0	-1.0	54.0	-1.0	-1.0	-1.0	32.0	21.0	-1.0	-1.0	-1.0	20.0	14.0	24.0	-1.0	25.0	-1.0	24.0	-1.0	0.0	25.0	
-1.0	13.0	9.0	23.0	13.0	-1.0	0.0	-1.0	27.0	8.0	46.0	13.0	9.0	21.0	-1.0	-1.0	-1.0	-1.0	-1.0	-1.0	14.0	-1.0	43.0	-1.0	-1.0	17.0	-1.0	25.0	9.0	-1.0	-1.0	54.0	43.0	-1.0	-1.0	-1.0	-1.0	19.0	-1.0	-1.0	38.0	14.0	-1.0	-1.0	-1.0	19.0	24.0	53.0	0.0	25.0	
-1.0	13.0	15.0	23.0	13.0	30.0	0.0	-1.0	27.0	-1.0	46.0	13.0	-1.0	0.0	-1.0	32.0	-1.0	-1.0	-1.0	30.0	14.0	-1.0	43.0	-1.0	50.0	17.0	34.0	25.0	9.0	21.0	-1.0	54.0	-1.0	-1.0	-1.0	-1.0	-1.0	-1.0	-1.0	-1.0	38.0	14.0	-1.0	5.0	33.0	19.0	-1.0	53.0	-1.0	-1.0	
-1.0	13.0	9.0	23.0	-1.0	-1.0	0.0	0.0	31.0	-1.0	46.0	13.0	-1.0	-1.0	-1.0	-1.0	-1.0	-1.0	0.0	30.0	-1.0	-1.0	43.0	6.0	-1.0	17.0	-1.0	33.0	-1.0	21.0	-1.0	-1.0	-1.0	-1.0	-1.0	-1.0	-1.0	-1.0	-1.0	-1.0	20.0	14.0	-1.0	5.0	25.0	5.0	24.0	-1.0	0.0	25.0	

distances_centre_w :
-1.0	-1.0	-1.0	-1.0	-1.0	-1.0	17.0	-1.0	31.0	65.0	-1.0	-1.0	-1.0	-1.0	84.0	82.0	-1.0	-1.0	-1.0	-1.0	-1.0	-1.0	65.0	51.0	-1.0	-1.0	-1.0	40.0	-1.0	-1.0	-1.0	-1.0	-1.0	67.0	-1.0	-1.0	-1.0	-1.0	-1.0	-1.0	-1.0	16.0	-1.0	-1.0	-1.0	-1.0	-1.0	-1.0	-1.0	-1.0	
-1.0	33.0	30.0	45.0	18.0	48.0	17.0	19.0	30.0	23.0	56.0	55.0	-1.0	69.0	-1.0	-1.0	-1.0	43.0	17.0	-1.0	-1.0	-1.0	-1.0	-1.0	65.0	55.0	-1.0	40.0	31.0	-1.0	46.0	-1.0	-1.0	53.0	-1.0	36.0	-1.0	55.0	-1.0	-1.0	50.0	16.0	-1.0	25.0	54.0	-1.0	38.0	69.0	21.0	49.0	
-1.0	65.0	-1.0	45.0	28.0	-1.0	19.0	-1.0	-1.0	-1.0	56.0	58.0	-1.0	57.0	-1.0	-1.0	-1.0	-1.0	36.0	43.0	35.0	40.0	58.0	-1.0	51.0	38.0	54.0	40.0	31.0	-1.0	55.0	-1.0	64.0	-1.0	-1.0	-1.0	-1.0	-1.0	38.0	62.0	38.0	48.0	-1.0	-1.0	54.0	-1.0	-1.0	69.0	21.0	43.0	
-1.0	33.0	30.0	45.0	18.0	-1.0	17.0	-1.0	-1.0	13.0	56.0	-1.0	-1.0	57.0	35.0	50.0	-1.0	-1.0	-1.0	43.0	35.0	-1.0	58.0	52.0	-1.0	55.0	54.0	33.0	31.0	23.0	46.0	59.0	-1.0	53.0	-1.0	50.0	-1.0	-1.0	22.0	-1.0	38.0	-1.0	-1.0	-1.0	-1.0	-1.0	38.0	-1.0	21.0	43.0	
-1.0	33.0	30.0	64.0	18.0	48.0	17.0	-1.0	-1.0	62.0	56.0	-1.0	58.0	57.0	-1.0	-1.0	-1.0	-1.0	-1.0	-1.0	35.0	-1.0	58.0	-1.0	51.0	38.0	54.0	-1.0	31.0	-1.0	30.0	-1.0	64.0	53.0	57.0	36.0	-1.0	39.0	-1.0	-1.0	38.0	16.0	-1.0	25.0	54.0	-1.0	38.0	-1.0	21.0	43.0	
17.0	33.0	30.0	45.0	18.0	48.0	17.0	19.0	30.0	13.0	-1.0	55.0	58.0	-1.0	-1.0	-1.0	-1.0	-1.0	-1.0	-1.0	35.0	-1.0	58.0	23.0	51.0	38.0	-1.0	-1.0	-1.0	23.0	-1.0	59.0	-1.0	53.0	-1.0	36.0	-1.0	-1.0	-1.0	-1.0	28.0	16.0	-1.0	25.0	-1.0	-1.0	-1.0	-1.0	21.0	43.0	
-1.0	33.0	15.0	-1.0	18.0	48.0	17.0	-1.0	-1.0	-1.0	-1.0	55.0	-1.0	-1.0	-1.0	-1.0	63.0	-1.0	-1.0	-1.0	35.0	-1.0	58.0	-1.0	-1.0	38.0	-1.0	33.0	31.0	-1.0	-1.0	59.0	-1.0	-1.0	-1.0	36.0	37.0	-1.0	-1.0	-1.0	28.0	16.0	37.0	-1.0	33.0	-1.0	38.0	-1.0	21.0	43.0	
-1.0	33.0	15.0	45.0	28.0	-1.0	17.0	-1.0	30.0	13.0	56.0	55.0	58.0	57.0	-1.0	-1.0	-1.0	-1.0	-1.0	-1.0	35.0	-1.0	58.0	-1.0	-1.0	55.0	-1.0	33.0	31.0	-1.0	-1.0	59.0	64.0	-1.0	-1.0	-1.0	-1.0	49.0	-1.0	-1.0	50.0	16.0	-1.0	-1.0	-1.0	54.0	38.0	69.0	21.0	43.0	
-1.0	33.0	30.0	45.0	18.0	48.0	17.0	-1.0	30.0	-1.0	56.0	55.0	-1.0	21.0	-1.0	50.0	-1.0	-1.0	-1.0	43.0	35.0	-1.0	58.0	-1.0	51.0	38.0	54.0	30.0	31.0	23.0	-1.0	59.0	-1.0	-1.0	-1.0	-1.0	-1.0	-1.0	-1.0	-1.0	50.0	16.0	-1.0	25.0	38.0	53.0	-1.0	69.0	-1.0	-1.0	
-1.0	33.0	30.0	45.0	-1.0	-1.0	17.0	19.0	44.0	-1.0	56.0	58.0	-1.0	-1.0	-1.0	-1.0	-1.0	-1.0	17.0	43.0	-1.0	-1.0	58.0	23.0	-1.0	38.0	-1.0	40.0	-1.0	23.0	-1.0	-1.0	-1.0	-1.0	-1.0	-1.0	-1.0	-1.0	-1.0	-1.0	28.0	16.0	-1.0	25.0	33.0	19.0	38.0	-1.0	21.0	49.0	

maxX :
58.0	53.0	53.0	54.0	50.0	54.0	54.0	54.0	54.0	46.0	

maxW :
84.0	69.0	69.0	59.0	64.0	59.0	63.0	69.0	69.0	58.0	

minX :
0.0	0.0	0.0	0.0	0.0	0.0	0.0	0.0	0.0	0.0	

minW :
16.0	16.0	19.0	13.0	16.0	13.0	15.0	13.0	16.0	16.0	

moyX :
31.761904761904763	23.666666666666668	27.333333333333332	22.5	22.689655172413794	18.5	21.40909090909091	22.26923076923077	24.85185185185185	17.52173913043478	

moyW :
51.8	40.2	46.148148148148145	39.57142857142857	42.206896551724135	34.30769230769231	36.0	41.61538461538461	39.851851851851855	33.608695652173914	

medX :
33.0	22.5	25.0	22.0	21.0	14.0	20.5	19.0	23.0	17.0	

medW :
58.0	41.5	45.0	40.5	39.0	31.5	35.5	44.0	38.0	33.0	

ecartTypeX :
18.50586718263713	17.419018979903036	14.812407211773765	13.248989179771952	13.54202513321697	14.550310596737736	13.381327189609106	14.975769383876516	15.191868447989373	13.252955585756487	

ecartTypeW :
23.650792798551173	16.021652016360026	13.085767512280643	13.746242529268475	14.728296271404373	14.766826727419575	13.774152341515347	16.45057147260082	14.55183252734782	13.39285705284004	

varX :
342.46712018140585	303.42222222222216	219.40740740740745	175.53571428571428	183.38644470868013	211.71153846153845	179.05991735537194	224.27366863905323	230.79286694101506	175.64083175803407	

varW :
559.36	256.6933333333333	171.23731138545955	188.95918367346937	216.92271105826396	218.05917159763314	189.72727272727272	270.62130177514797	211.75582990397803	179.36862003780718	

covarX :
359.59047619047624	313.8850574712644	227.8461538461538	182.03703703703704	189.935960591133	220.18	187.5865800865801	233.2446153846154	239.66951566951573	183.6245059288538	

covarW :
621.5111111111111	265.5448275862069	177.8233618233618	195.95767195767192	224.66995073891627	226.78153846153847	198.76190476190476	281.4461538461539	219.9002849002849	187.52173913043478	

coef_variationX :
0.5826434945058167	0.7360148864747762	0.5419173370161133	0.5888439635454201	0.596836973956371	0.7865032754993371	0.6250301447375803	0.6724870535074083	0.6112972400830299	0.7563721550183603	

coef_variationW :
0.456579011555042	0.39854855762089614	0.2835599701698053	0.347377970053716	0.34895473192052845	0.43042320057501005	0.38261534281987075	0.39530023871314357	0.3651482139761999	0.3984938062293931	

moy_distances_centre :	46.2
min_distances_centre :	17.0
max_distances_centre :	69.0
med_distances_centre :	57.5
ecartType_distances_centre :	19.610201426808445
var_distances_centre :	384.56
covar_distances_centre :	404.79999999999995
coef_variation_distances_centre :	0.4244632343465031
capacite_X_temoin : 
156.0	171.0	0.0	159.0	144.0	
138.0	153.0	162.0	178.0	159.0	
0.0	144.0	136.0	178.0	166.0	
166.0	151.0	141.0	159.0	171.0	
144.0	144.0	162.0	169.0	165.0	
172.0	144.0	135.0	145.0	157.0	
172.0	171.0	157.0	157.0	163.0	
141.0	136.0	172.0	145.0	148.0	
147.0	139.0	171.0	148.0	169.0	
154.0	177.0	177.0	171.0	163.0	

capacite_W_temoin : 
137.8	201.3	0.0	99.69999999999999	53.199999999999996	
115.4	171.9	57.6	174.4	150.7	
0.0	147.2	51.8	133.4	128.8	
162.8	167.3	46.3	206.7	152.3	
136.2	174.2	51.6	179.7	131.5	
165.6	160.2	42.5	175.5	152.1	
175.6	207.3	93.1	142.1	169.9	
126.3	168.8	53.6	173.5	101.4	
120.1	180.7	52.3	159.4	170.7	
154.2	208.1	72.1	178.3	172.9	

demande_cumulee_X : 
65.0	21.0	0.0	107.0	134.0	
64.0	27.0	153.0	57.0	56.0	
0.0	40.0	125.0	98.0	87.0	
53.0	29.0	137.0	0.0	70.0	
51.0	13.0	159.0	40.0	83.0	
58.0	27.0	133.0	13.0	52.0	
48.0	15.0	111.0	62.0	42.0	
57.0	8.0	170.0	15.0	91.0	
71.0	0.0	170.0	33.0	49.0	
46.0	22.0	158.0	44.0	39.0	

demande_cumulee_W : 
135.0	72.0	0.0	92.0	28.0	
93.0	77.0	24.0	61.0	102.0	
0.0	58.0	32.0	133.0	127.0	
35.0	13.0	39.0	113.0	89.0	
47.0	31.0	43.0	98.0	127.0	
68.0	12.0	38.0	84.0	81.0	
89.0	12.0	30.0	86.0	61.0	
55.0	15.0	32.0	147.0	92.0	
81.0	26.0	22.0	85.0	109.0	
44.0	20.0	29.0	103.0	113.0	

capacite_residuelle_X : 
91.0	150.0	0.0	52.0	10.0	
74.0	126.0	9.0	121.0	103.0	
0.0	104.0	11.0	80.0	79.0	
113.0	122.0	4.0	159.0	101.0	
93.0	131.0	3.0	129.0	82.0	
114.0	117.0	2.0	132.0	105.0	
124.0	156.0	46.0	95.0	121.0	
84.0	128.0	2.0	130.0	57.0	
76.0	139.0	1.0	115.0	120.0	
108.0	155.0	19.0	127.0	124.0	

capacite_residuelle_W : 
2.8000000000000114	129.3	0.0	7.699999999999989	25.199999999999996	
22.400000000000006	94.9	33.6	113.4	48.69999999999999	
0.0	89.19999999999999	19.799999999999997	0.4000000000000057	1.8000000000000114	
127.80000000000001	154.3	7.299999999999997	93.69999999999999	63.30000000000001	
89.19999999999999	143.2	8.600000000000001	81.69999999999999	4.5	
97.6	148.2	4.5	91.5	71.1	
86.6	195.3	63.099999999999994	56.099999999999994	108.9	
71.3	153.8	21.6	26.5	9.400000000000006	
39.099999999999994	154.7	30.299999999999997	74.4	61.69999999999999	
110.19999999999999	188.1	43.099999999999994	75.30000000000001	59.900000000000006	

min_capacite_X : 
0.0	138.0	0.0	141.0	144.0	135.0	157.0	136.0	139.0	154.0	

min_capacite_W : 
0.0	57.6	0.0	46.3	51.6	42.5	93.1	53.6	52.3	72.1	

max_capacite_X : 
171.0	178.0	178.0	171.0	169.0	172.0	172.0	172.0	171.0	177.0	

max_capacite_W : 
201.3	174.4	147.2	206.7	179.7	175.5	207.3	173.5	180.7	208.1	

moy_capacite_X : 
126.0	158.0	124.8	157.6	156.8	150.6	164.0	148.4	154.8	168.4	

moy_capacite_W : 
98.4	134.0	92.24	147.08	134.64000000000001	139.18	157.6	124.72	136.64000000000001	157.12	

med_capacite_X : 
156.0	159.0	144.0	159.0	162.0	145.0	163.0	145.0	148.0	171.0	

med_capacite_W : 
99.69999999999999	150.7	128.8	162.8	136.2	160.2	169.9	126.3	159.4	172.9	

ecartType_capacite_X : 
63.58301660034699	12.976902558006667	64.18224053427863	10.68831137270991	10.684568311354464	12.784365451597509	6.511528238439882	12.467557900406959	12.812493902437573	8.845337754998393	

ecartType_capacite_W : 
69.09133085995667	43.65863030375552	56.91219904379025	53.65513582127996	45.833027392918304	48.934544035885324	38.329831724128404	44.55762112141985	46.917357129318354	45.89877558279742	

var_capacite_X : 
4042.8	168.4	4119.36	114.24000000000001	114.16	163.44	42.4	155.44	164.16	78.24000000000001	

var_capacite_W : 
4773.612	1906.0760000000002	3238.9984000000004	2878.8736	2100.6663999999996	2394.5896	1469.1760000000004	1985.3816000000002	2201.2383999999997	2106.6976000000004	

covar_capacite_X : 
5053.5	210.5	5149.2	142.8	142.7	204.29999999999998	53.0	194.29999999999998	205.2	97.80000000000001	

covar_capacite_W : 
5967.015	2382.5950000000003	4048.7480000000005	3598.592	2625.8329999999996	2993.2369999999996	1836.4700000000005	2481.7270000000003	2751.548	2633.3720000000003	

##########	##########	##########	##########	##########	##########	##########	##########	##########	##########	##########	##########	##########	##########	##########	##########	##########	##########	##########	##########	##########	##########	##########	##########	##########	##########	##########	##########	##########	##########	##########	##########	##########	##########	##########	##########	##########	##########	##########	##########	##########	##########	##########	##########	##########	##########	##########	##########	##########	##########	nombre de noeuds : 50
nombre de strates : 10
nombre de centres : 5
titre : intelligent
instances : p9_3
temps de calcul : 0.06367802619934082
valeur objective : 1158.0
nombre de solutions : 3
nombre de noeuds : 1.0
faisability : True
centre : [18, 48, 13, 6, 29]
moy_distances :	45.97
min_distances :	1.0
max_distances :	121.0
var_distances :	509.09473985839236
covar_distances :	509.3026184781793
ecartType_distances :	22.563127882862172
coef_variation	: 0.4907989142784672
distances_centre_x :
4.0	33.0	-1.0	45.0	-1.0	30.0	-1.0	-1.0	13.0	-1.0	-1.0	18.0	12.0	21.0	35.0	50.0	-1.0	37.0	-1.0	-1.0	-1.0	-1.0	56.0	19.0	-1.0	38.0	-1.0	7.0	9.0	-1.0	15.0	-1.0	-1.0	51.0	-1.0	-1.0	-1.0	-1.0	-1.0	-1.0	11.0	-1.0	-1.0	25.0	22.0	-1.0	-1.0	-1.0	0.0	26.0	
-1.0	13.0	15.0	23.0	13.0	30.0	0.0	19.0	13.0	8.0	46.0	18.0	-1.0	0.0	-1.0	-1.0	-1.0	22.0	0.0	-1.0	-1.0	-1.0	-1.0	-1.0	51.0	17.0	-1.0	7.0	9.0	-1.0	30.0	-1.0	-1.0	32.0	-1.0	49.0	-1.0	19.0	-1.0	-1.0	11.0	14.0	-1.0	5.0	22.0	-1.0	24.0	53.0	0.0	26.0	
-1.0	13.0	-1.0	40.0	28.0	-1.0	17.0	-1.0	-1.0	-1.0	46.0	13.0	-1.0	23.0	-1.0	-1.0	-1.0	-1.0	0.0	30.0	14.0	25.0	43.0	-1.0	50.0	17.0	34.0	7.0	9.0	-1.0	15.0	-1.0	43.0	-1.0	-1.0	-1.0	-1.0	-1.0	38.0	49.0	28.0	16.0	-1.0	-1.0	22.0	-1.0	-1.0	53.0	0.0	25.0	
-1.0	13.0	30.0	23.0	13.0	-1.0	0.0	-1.0	-1.0	8.0	46.0	-1.0	-1.0	0.0	27.0	32.0	-1.0	-1.0	-1.0	30.0	35.0	-1.0	43.0	19.0	-1.0	17.0	54.0	7.0	9.0	0.0	15.0	54.0	-1.0	32.0	-1.0	27.0	-1.0	-1.0	22.0	-1.0	11.0	-1.0	-1.0	-1.0	-1.0	-1.0	24.0	-1.0	0.0	25.0	
-1.0	13.0	15.0	23.0	13.0	30.0	0.0	-1.0	-1.0	13.0	46.0	-1.0	21.0	0.0	-1.0	-1.0	-1.0	-1.0	-1.0	-1.0	35.0	-1.0	43.0	-1.0	50.0	38.0	34.0	-1.0	9.0	-1.0	30.0	-1.0	43.0	32.0	41.0	27.0	-1.0	19.0	-1.0	-1.0	11.0	14.0	-1.0	25.0	22.0	-1.0	24.0	-1.0	0.0	25.0	
4.0	-1.0	-1.0	-1.0	-1.0	-1.0	-1.0	-1.0	-1.0	-1.0	-1.0	-1.0	12.0	-1.0	-1.0	-1.0	-1.0	-1.0	-1.0	-1.0	-1.0	-1.0	-1.0	-1.0	-1.0	-1.0	-1.0	-1.0	-1.0	21.0	-1.0	-1.0	-1.0	-1.0	-1.0	-1.0	-1.0	-1.0	-1.0	-1.0	-1.0	-1.0	-1.0	-1.0	-1.0	-1.0	-1.0	-1.0	0.0	25.0	
-1.0	13.0	15.0	-1.0	13.0	30.0	0.0	-1.0	-1.0	-1.0	-1.0	9.0	-1.0	-1.0	-1.0	-1.0	46.0	-1.0	-1.0	-1.0	14.0	-1.0	43.0	-1.0	-1.0	31.0	-1.0	7.0	9.0	-1.0	-1.0	54.0	-1.0	-1.0	-1.0	27.0	21.0	-1.0	-1.0	-1.0	11.0	14.0	24.0	-1.0	22.0	-1.0	24.0	-1.0	0.0	25.0	
-1.0	13.0	15.0	23.0	13.0	-1.0	0.0	-1.0	13.0	8.0	46.0	18.0	9.0	21.0	-1.0	-1.0	-1.0	-1.0	-1.0	-1.0	14.0	-1.0	43.0	-1.0	-1.0	17.0	-1.0	7.0	9.0	-1.0	-1.0	54.0	43.0	-1.0	-1.0	-1.0	-1.0	32.0	-1.0	-1.0	11.0	14.0	-1.0	-1.0	-1.0	5.0	24.0	53.0	0.0	26.0	
-1.0	13.0	15.0	23.0	13.0	30.0	0.0	-1.0	13.0	-1.0	46.0	13.0	-1.0	0.0	-1.0	32.0	-1.0	-1.0	-1.0	30.0	14.0	-1.0	43.0	-1.0	50.0	38.0	34.0	7.0	9.0	0.0	-1.0	54.0	-1.0	-1.0	-1.0	-1.0	-1.0	-1.0	-1.0	-1.0	11.0	14.0	-1.0	5.0	22.0	5.0	-1.0	53.0	-1.0	-1.0	
-1.0	13.0	30.0	23.0	-1.0	-1.0	0.0	19.0	13.0	-1.0	46.0	9.0	-1.0	-1.0	-1.0	-1.0	-1.0	-1.0	0.0	30.0	-1.0	-1.0	43.0	19.0	-1.0	17.0	-1.0	7.0	-1.0	0.0	-1.0	-1.0	-1.0	-1.0	-1.0	-1.0	-1.0	-1.0	-1.0	-1.0	11.0	14.0	-1.0	5.0	22.0	5.0	24.0	-1.0	0.0	25.0	

distances_centre_w :
19.0	36.0	30.0	57.0	-1.0	-1.0	17.0	-1.0	-1.0	13.0	-1.0	-1.0	21.0	57.0	48.0	56.0	-1.0	53.0	-1.0	-1.0	-1.0	-1.0	58.0	51.0	-1.0	50.0	-1.0	-1.0	25.0	-1.0	-1.0	-1.0	-1.0	53.0	-1.0	-1.0	-1.0	-1.0	-1.0	-1.0	28.0	48.0	-1.0	28.0	33.0	54.0	-1.0	-1.0	21.0	-1.0	
-1.0	33.0	30.0	40.0	28.0	48.0	17.0	36.0	33.0	44.0	56.0	55.0	-1.0	21.0	-1.0	-1.0	-1.0	37.0	17.0	-1.0	-1.0	-1.0	-1.0	-1.0	58.0	31.0	-1.0	25.0	25.0	-1.0	46.0	-1.0	-1.0	53.0	-1.0	50.0	-1.0	32.0	-1.0	-1.0	20.0	16.0	-1.0	25.0	25.0	-1.0	38.0	69.0	21.0	43.0	
-1.0	33.0	-1.0	57.0	51.0	-1.0	37.0	-1.0	-1.0	-1.0	67.0	18.0	-1.0	57.0	-1.0	-1.0	-1.0	-1.0	42.0	43.0	35.0	40.0	56.0	-1.0	51.0	38.0	54.0	25.0	68.0	-1.0	15.0	-1.0	62.0	-1.0	-1.0	-1.0	-1.0	-1.0	44.0	62.0	38.0	27.0	-1.0	-1.0	25.0	-1.0	-1.0	69.0	64.0	43.0	
-1.0	33.0	49.0	40.0	51.0	-1.0	17.0	-1.0	-1.0	13.0	56.0	-1.0	-1.0	21.0	35.0	50.0	-1.0	-1.0	-1.0	43.0	36.0	-1.0	56.0	52.0	-1.0	31.0	57.0	25.0	31.0	21.0	46.0	59.0	-1.0	51.0	-1.0	36.0	-1.0	-1.0	29.0	-1.0	20.0	-1.0	-1.0	-1.0	-1.0	-1.0	38.0	-1.0	21.0	26.0	
-1.0	33.0	30.0	40.0	51.0	48.0	17.0	-1.0	-1.0	44.0	56.0	-1.0	61.0	21.0	-1.0	-1.0	-1.0	-1.0	-1.0	-1.0	36.0	-1.0	56.0	-1.0	51.0	55.0	54.0	-1.0	25.0	-1.0	55.0	-1.0	62.0	51.0	57.0	36.0	-1.0	39.0	-1.0	-1.0	20.0	16.0	-1.0	62.0	25.0	-1.0	38.0	-1.0	58.0	43.0	
-1.0	33.0	-1.0	45.0	-1.0	-1.0	-1.0	-1.0	-1.0	-1.0	-1.0	-1.0	-1.0	-1.0	-1.0	-1.0	-1.0	-1.0	-1.0	-1.0	35.0	-1.0	-1.0	23.0	-1.0	38.0	-1.0	-1.0	-1.0	-1.0	-1.0	-1.0	-1.0	53.0	-1.0	36.0	-1.0	-1.0	-1.0	-1.0	28.0	48.0	-1.0	25.0	-1.0	-1.0	-1.0	-1.0	-1.0	-1.0	
-1.0	33.0	30.0	-1.0	51.0	48.0	17.0	-1.0	-1.0	-1.0	-1.0	13.0	-1.0	-1.0	-1.0	-1.0	60.0	-1.0	-1.0	-1.0	36.0	-1.0	56.0	-1.0	-1.0	38.0	-1.0	25.0	25.0	-1.0	-1.0	59.0	-1.0	-1.0	-1.0	36.0	37.0	-1.0	-1.0	-1.0	20.0	16.0	56.0	-1.0	25.0	-1.0	38.0	-1.0	21.0	26.0	
-1.0	33.0	30.0	40.0	51.0	-1.0	17.0	-1.0	27.0	13.0	56.0	55.0	12.0	57.0	-1.0	-1.0	-1.0	-1.0	-1.0	-1.0	35.0	-1.0	56.0	-1.0	-1.0	31.0	-1.0	33.0	25.0	-1.0	-1.0	59.0	62.0	-1.0	-1.0	-1.0	-1.0	39.0	-1.0	-1.0	20.0	16.0	-1.0	-1.0	-1.0	18.0	38.0	69.0	64.0	43.0	
-1.0	33.0	30.0	57.0	47.0	48.0	17.0	-1.0	27.0	-1.0	56.0	18.0	-1.0	21.0	-1.0	56.0	-1.0	-1.0	-1.0	53.0	35.0	-1.0	56.0	-1.0	65.0	55.0	54.0	25.0	25.0	21.0	-1.0	59.0	-1.0	-1.0	-1.0	-1.0	-1.0	-1.0	-1.0	-1.0	20.0	16.0	-1.0	25.0	25.0	18.0	-1.0	69.0	-1.0	-1.0	
-1.0	33.0	49.0	40.0	-1.0	-1.0	17.0	36.0	27.0	-1.0	56.0	13.0	-1.0	-1.0	-1.0	-1.0	-1.0	-1.0	17.0	43.0	-1.0	-1.0	56.0	23.0	-1.0	55.0	-1.0	25.0	-1.0	21.0	-1.0	-1.0	-1.0	-1.0	-1.0	-1.0	-1.0	-1.0	-1.0	-1.0	20.0	16.0	-1.0	25.0	25.0	18.0	38.0	-1.0	21.0	26.0	

maxX :
56.0	53.0	53.0	54.0	50.0	25.0	54.0	54.0	54.0	46.0	

maxW :
58.0	69.0	69.0	59.0	62.0	53.0	60.0	69.0	69.0	56.0	

minX :
0.0	0.0	0.0	0.0	0.0	0.0	0.0	0.0	0.0	0.0	

minW :
13.0	16.0	15.0	13.0	16.0	23.0	13.0	12.0	16.0	13.0	

moyX :
25.08695652173913	19.633333333333333	25.85185185185185	22.0	24.0	12.4	20.545454545454547	20.423076923076923	21.74074074074074	16.304347826086957	

moyW :
38.90909090909091	35.733333333333334	45.22222222222222	37.25	42.758620689655174	36.4	34.81818181818182	38.42307692307692	38.18518518518518	30.434782608695652	

medX :
22.0	17.5	25.0	22.5	24.0	12.0	18.0	14.5	14.0	14.0	

medW :
42.0	33.0	43.0	36.0	44.0	35.5	34.5	36.5	33.0	25.0	

ecartTypeX :
15.505715758133277	14.763656578082395	15.071935420223426	15.257316745932565	13.696211406682934	9.562426470305537	13.773252315224717	15.315083256317251	16.621255005859865	12.70205318086221	

ecartTypeW :
15.246189064541197	13.74271524198265	15.26393312095502	13.518836065705827	14.279609702996675	9.38296328459192	14.351548423384854	17.050091533530697	17.144348031061167	13.334577761713184	

varX :
240.42722117202266	217.9655555555556	227.16323731138547	232.78571428571428	187.58620689655172	91.44000000000001	189.702479338843	234.55177514792902	276.26611796982166	161.3421550094518	

varW :
232.4462809917356	188.86222222222221	232.98765432098767	182.75892857142858	203.90725326991677	88.04	205.96694214876027	290.7056213017752	293.92866941015086	177.8109640831758	

covarX :
251.3557312252964	225.4816091954023	235.90028490028493	241.4074074074074	194.28571428571428	114.30000000000001	198.73593073593074	243.93384615384616	286.89173789173793	168.67588932806325	

covarW :
243.51515151515156	195.37471264367815	241.948717948718	189.52777777777777	211.1896551724138	97.82222222222222	215.7748917748917	302.3338461538462	305.2336182336183	185.89328063241106	

coef_variationX :
0.6180787910521064	0.75196892587856	0.5830118285759778	0.6935143975423893	0.5706754752784556	0.7711634250246401	0.6703795374666898	0.7498910822302233	0.7645210990770296	0.7790592617595489	

coef_variationW :
0.3918413077335354	0.38459091162264875	0.337531690635369	0.36292177357599537	0.3339586140216964	0.25777371660966814	0.4121854638570062	0.44374612599779595	0.44897904640024394	0.43813612645629035	

moy_distances_centre :	39.8
min_distances_centre :	17.0
max_distances_centre :	64.0
med_distances_centre :	39.5
ecartType_distances_centre :	17.50885490259143
var_distances_centre :	306.56
covar_distances_centre :	322.6947368421052
coef_variation_distances_centre :	0.439920977452046
capacite_X_temoin : 
156.0	0.0	159.0	175.0	144.0	
138.0	162.0	178.0	163.0	159.0	
0.0	136.0	178.0	147.0	166.0	
166.0	141.0	159.0	168.0	171.0	
144.0	162.0	169.0	147.0	165.0	
172.0	135.0	145.0	0.0	157.0	
172.0	157.0	157.0	135.0	163.0	
141.0	172.0	145.0	156.0	148.0	
147.0	171.0	148.0	144.0	169.0	
154.0	177.0	171.0	147.0	163.0	

capacite_W_temoin : 
129.8	0.0	192.7	112.5	62.199999999999996	
103.4	62.6	194.4	139.9	182.7	
0.0	42.8	141.4	117.1	163.8	
161.8	53.3	199.7	171.4	171.3	
129.2	58.6	196.7	142.1	150.5	
138.6	42.5	175.5	0.0	152.1	
167.6	122.1	142.1	127.5	181.9	
118.3	53.6	188.5	146.8	142.4	
134.1	52.3	176.4	117.19999999999999	209.7	
147.2	106.1	190.3	116.1	186.9	

demande_cumulee_X : 
73.0	0.0	14.0	115.0	125.0	
76.0	148.0	37.0	72.0	24.0	
0.0	134.0	90.0	74.0	52.0	
54.0	130.0	7.0	47.0	51.0	
58.0	152.0	23.0	49.0	64.0	
85.0	133.0	13.0	0.0	52.0	
56.0	82.0	62.0	48.0	30.0	
65.0	170.0	0.0	56.0	50.0	
57.0	170.0	16.0	70.0	10.0	
53.0	124.0	32.0	75.0	25.0	

demande_cumulee_W : 
54.0	0.0	138.0	95.0	40.0	
41.0	61.0	83.0	39.0	133.0	
0.0	39.0	70.0	111.0	130.0	
16.0	52.0	42.0	83.0	96.0	
69.0	51.0	70.0	73.0	83.0	
49.0	38.0	90.0	0.0	106.0	
45.0	63.0	52.0	42.0	76.0	
12.0	53.0	117.0	77.0	82.0	
21.0	52.0	68.0	57.0	125.0	
26.0	70.0	61.0	61.0	91.0	

capacite_residuelle_X : 
83.0	0.0	145.0	60.0	19.0	
62.0	14.0	141.0	91.0	135.0	
0.0	2.0	88.0	73.0	114.0	
112.0	11.0	152.0	121.0	120.0	
86.0	10.0	146.0	98.0	101.0	
87.0	2.0	132.0	0.0	105.0	
116.0	75.0	95.0	87.0	133.0	
76.0	2.0	145.0	100.0	98.0	
90.0	1.0	132.0	74.0	159.0	
101.0	53.0	139.0	72.0	138.0	

capacite_residuelle_W : 
75.80000000000001	0.0	54.69999999999999	17.5	22.199999999999996	
62.400000000000006	1.6000000000000014	111.4	100.9	49.69999999999999	
0.0	3.799999999999997	71.4	6.099999999999994	33.80000000000001	
145.8	1.2999999999999972	157.7	88.4	75.30000000000001	
60.19999999999999	7.600000000000001	126.69999999999999	69.1	67.5	
89.6	4.5	85.5	0.0	46.099999999999994	
122.6	59.099999999999994	90.1	85.5	105.9	
106.3	0.6000000000000014	71.5	69.80000000000001	60.400000000000006	
113.1	0.29999999999999716	108.4	60.19999999999999	84.69999999999999	
121.19999999999999	36.099999999999994	129.3	55.099999999999994	95.9	

min_capacite_X : 
0.0	138.0	0.0	141.0	144.0	0.0	135.0	141.0	144.0	147.0	

min_capacite_W : 
0.0	62.6	0.0	53.3	58.6	0.0	122.1	53.6	52.3	106.1	

max_capacite_X : 
175.0	178.0	178.0	171.0	169.0	172.0	172.0	172.0	171.0	177.0	

max_capacite_W : 
192.7	194.4	163.8	199.7	196.7	175.5	181.9	188.5	209.7	190.3	

moy_capacite_X : 
126.8	160.0	125.4	161.0	157.4	121.8	156.8	152.4	155.8	162.4	

moy_capacite_W : 
99.44	136.6	93.02	151.5	135.42000000000002	101.74000000000001	148.23999999999998	129.92000000000002	137.94	149.32	

med_capacite_X : 
156.0	162.0	147.0	166.0	162.0	145.0	157.0	148.0	148.0	163.0	

med_capacite_W : 
112.5	139.9	117.1	171.3	142.1	138.6	142.1	142.4	134.1	147.2	

ecartType_capacite_X : 
64.16665800865744	12.821856339859686	64.37266500619654	10.75174404457249	10.011992808627062	62.13984229139949	12.204917041913886	10.965400129498239	11.685888926393234	10.910545357588685	

ecartType_capacite_W : 
64.90739865377444	49.10230137172799	61.814315494066584	50.716111838349754	44.64810858255924	68.11127953577146	23.06058108548005	44.34426231205116	53.68011177335606	34.835751750177586	

var_capacite_X : 
4117.360000000001	164.4	4143.840000000001	115.6	100.24000000000001	3861.3600000000006	148.95999999999998	120.23999999999998	136.56	119.04	

var_capacite_W : 
4212.9704	2411.036	3821.0096000000003	2572.1240000000003	1993.4536	4639.1464	531.7904000000002	1966.4136000000003	2881.5544	1213.5296000000005	

covar_capacite_X : 
5146.700000000001	205.5	5179.800000000001	144.5	125.30000000000001	4826.700000000001	186.2	150.29999999999998	170.7	148.8	

covar_capacite_W : 
5266.213	3013.795	4776.262000000001	3215.155	2491.817	5798.932999999999	664.7380000000003	2458.0170000000003	3601.943	1516.9120000000007	

##########	##########	##########	##########	##########	##########	##########	##########	##########	##########	##########	##########	##########	##########	##########	##########	##########	##########	##########	##########	##########	##########	##########	##########	##########	##########	##########	##########	##########	##########	##########	##########	##########	##########	##########	##########	##########	##########	##########	##########	##########	##########	##########	##########	##########	##########	##########	##########	##########	##########	nombre de noeuds : 50
nombre de strates : 10
nombre de centres : 5
titre : intelligent
instances : p9_3
temps de calcul : 0.06260013580322266
valeur objective : 1090.0
nombre de solutions : 1
nombre de noeuds : 0.0
faisability : True
centre : [18, 48, 13, 29, 44]
moy_distances :	45.97
min_distances :	1.0
max_distances :	121.0
var_distances :	509.09473985839236
covar_distances :	509.3026184781793
ecartType_distances :	22.563127882862172
coef_variation	: 0.4907989142784672
distances_centre_x :
4.0	31.0	30.0	25.0	-1.0	30.0	17.0	-1.0	12.0	13.0	-1.0	13.0	12.0	21.0	35.0	49.0	-1.0	43.0	-1.0	-1.0	-1.0	-1.0	36.0	19.0	-1.0	17.0	-1.0	7.0	9.0	-1.0	15.0	-1.0	-1.0	36.0	-1.0	-1.0	-1.0	-1.0	-1.0	-1.0	10.0	16.0	-1.0	25.0	0.0	18.0	-1.0	-1.0	0.0	25.0	
-1.0	13.0	30.0	23.0	28.0	30.0	17.0	36.0	12.0	13.0	36.0	9.0	-1.0	0.0	-1.0	-1.0	-1.0	21.0	0.0	-1.0	-1.0	-1.0	-1.0	-1.0	50.0	17.0	-1.0	7.0	9.0	-1.0	15.0	-1.0	-1.0	32.0	-1.0	36.0	-1.0	16.0	-1.0	-1.0	10.0	16.0	-1.0	5.0	0.0	-1.0	24.0	53.0	0.0	26.0	
-1.0	13.0	-1.0	23.0	28.0	-1.0	17.0	-1.0	-1.0	-1.0	36.0	9.0	-1.0	0.0	-1.0	-1.0	-1.0	-1.0	0.0	30.0	30.0	25.0	36.0	-1.0	36.0	17.0	34.0	7.0	9.0	-1.0	15.0	-1.0	43.0	-1.0	-1.0	-1.0	-1.0	-1.0	29.0	27.0	10.0	16.0	-1.0	-1.0	0.0	-1.0	-1.0	53.0	0.0	25.0	
-1.0	13.0	30.0	25.0	28.0	-1.0	17.0	-1.0	-1.0	13.0	36.0	-1.0	-1.0	0.0	27.0	32.0	-1.0	-1.0	-1.0	43.0	14.0	-1.0	36.0	6.0	-1.0	17.0	34.0	7.0	9.0	0.0	15.0	43.0	-1.0	36.0	-1.0	27.0	-1.0	-1.0	29.0	-1.0	10.0	-1.0	-1.0	-1.0	-1.0	-1.0	24.0	-1.0	0.0	25.0	
-1.0	13.0	30.0	23.0	28.0	30.0	17.0	-1.0	-1.0	13.0	36.0	-1.0	9.0	0.0	-1.0	-1.0	-1.0	-1.0	-1.0	-1.0	14.0	-1.0	36.0	-1.0	36.0	17.0	34.0	-1.0	9.0	-1.0	15.0	-1.0	43.0	32.0	41.0	27.0	-1.0	16.0	-1.0	-1.0	10.0	16.0	-1.0	5.0	0.0	-1.0	24.0	-1.0	0.0	25.0	
4.0	-1.0	-1.0	-1.0	47.0	-1.0	-1.0	-1.0	-1.0	-1.0	-1.0	13.0	-1.0	-1.0	-1.0	-1.0	-1.0	-1.0	-1.0	-1.0	35.0	-1.0	-1.0	23.0	-1.0	-1.0	-1.0	-1.0	-1.0	21.0	-1.0	-1.0	-1.0	-1.0	-1.0	36.0	-1.0	-1.0	-1.0	-1.0	-1.0	-1.0	-1.0	-1.0	-1.0	-1.0	-1.0	-1.0	-1.0	25.0	
-1.0	13.0	30.0	-1.0	28.0	30.0	17.0	-1.0	-1.0	-1.0	-1.0	9.0	-1.0	-1.0	-1.0	-1.0	40.0	-1.0	-1.0	-1.0	14.0	-1.0	36.0	-1.0	-1.0	31.0	-1.0	7.0	9.0	-1.0	-1.0	43.0	-1.0	-1.0	-1.0	27.0	21.0	-1.0	-1.0	-1.0	10.0	16.0	17.0	-1.0	0.0	-1.0	24.0	-1.0	0.0	25.0	
-1.0	13.0	30.0	23.0	28.0	-1.0	17.0	-1.0	12.0	13.0	36.0	13.0	9.0	0.0	-1.0	-1.0	-1.0	-1.0	-1.0	-1.0	14.0	-1.0	36.0	-1.0	-1.0	17.0	-1.0	7.0	9.0	-1.0	-1.0	43.0	43.0	-1.0	-1.0	-1.0	-1.0	16.0	-1.0	-1.0	10.0	16.0	-1.0	-1.0	-1.0	5.0	38.0	53.0	0.0	25.0	
-1.0	13.0	30.0	25.0	28.0	30.0	17.0	-1.0	12.0	-1.0	36.0	9.0	-1.0	0.0	-1.0	32.0	-1.0	-1.0	-1.0	30.0	14.0	-1.0	36.0	-1.0	50.0	17.0	34.0	7.0	9.0	0.0	-1.0	43.0	-1.0	-1.0	-1.0	-1.0	-1.0	-1.0	-1.0	-1.0	10.0	16.0	-1.0	5.0	0.0	5.0	-1.0	53.0	-1.0	-1.0	
-1.0	13.0	30.0	23.0	-1.0	-1.0	17.0	36.0	12.0	-1.0	36.0	9.0	-1.0	-1.0	-1.0	-1.0	-1.0	-1.0	0.0	30.0	-1.0	-1.0	36.0	19.0	-1.0	17.0	-1.0	7.0	-1.0	0.0	-1.0	-1.0	-1.0	-1.0	-1.0	-1.0	-1.0	-1.0	-1.0	-1.0	10.0	16.0	-1.0	5.0	0.0	5.0	24.0	-1.0	0.0	25.0	

distances_centre_w :
19.0	33.0	49.0	40.0	-1.0	41.0	37.0	-1.0	13.0	41.0	-1.0	28.0	31.0	23.0	48.0	50.0	-1.0	53.0	-1.0	-1.0	-1.0	-1.0	56.0	23.0	-1.0	31.0	-1.0	25.0	25.0	-1.0	15.0	-1.0	-1.0	51.0	-1.0	-1.0	-1.0	-1.0	-1.0	-1.0	11.0	24.0	-1.0	28.0	22.0	19.0	-1.0	-1.0	21.0	48.0	
-1.0	31.0	49.0	40.0	28.0	41.0	37.0	46.0	13.0	41.0	46.0	13.0	-1.0	21.0	-1.0	-1.0	-1.0	22.0	33.0	-1.0	-1.0	-1.0	-1.0	-1.0	51.0	17.0	-1.0	25.0	25.0	-1.0	15.0	-1.0	-1.0	51.0	-1.0	47.0	-1.0	19.0	-1.0	-1.0	11.0	24.0	-1.0	25.0	22.0	-1.0	38.0	68.0	21.0	43.0	
-1.0	36.0	-1.0	40.0	28.0	-1.0	37.0	-1.0	-1.0	-1.0	46.0	13.0	-1.0	21.0	-1.0	-1.0	-1.0	-1.0	33.0	43.0	64.0	40.0	58.0	-1.0	50.0	31.0	47.0	25.0	25.0	-1.0	15.0	-1.0	46.0	-1.0	-1.0	-1.0	-1.0	-1.0	38.0	43.0	11.0	27.0	-1.0	-1.0	22.0	-1.0	-1.0	68.0	21.0	26.0	
-1.0	31.0	49.0	40.0	28.0	-1.0	37.0	-1.0	-1.0	41.0	46.0	-1.0	-1.0	21.0	35.0	49.0	-1.0	-1.0	-1.0	52.0	30.0	-1.0	43.0	23.0	-1.0	31.0	47.0	25.0	31.0	21.0	30.0	54.0	-1.0	53.0	-1.0	36.0	-1.0	-1.0	38.0	-1.0	11.0	-1.0	-1.0	-1.0	-1.0	-1.0	38.0	-1.0	21.0	43.0	
-1.0	31.0	49.0	57.0	51.0	41.0	37.0	-1.0	-1.0	41.0	46.0	-1.0	12.0	21.0	-1.0	-1.0	-1.0	-1.0	-1.0	-1.0	30.0	-1.0	43.0	-1.0	50.0	50.0	47.0	-1.0	25.0	-1.0	15.0	-1.0	46.0	36.0	57.0	36.0	-1.0	49.0	-1.0	-1.0	38.0	48.0	-1.0	25.0	38.0	-1.0	38.0	-1.0	38.0	26.0	
-1.0	33.0	68.0	-1.0	-1.0	-1.0	58.0	63.0	33.0	-1.0	-1.0	-1.0	12.0	-1.0	-1.0	-1.0	-1.0	-1.0	-1.0	-1.0	-1.0	-1.0	-1.0	-1.0	-1.0	38.0	-1.0	-1.0	-1.0	-1.0	-1.0	-1.0	-1.0	-1.0	-1.0	-1.0	-1.0	-1.0	-1.0	-1.0	28.0	48.0	-1.0	25.0	-1.0	-1.0	-1.0	-1.0	-1.0	-1.0	
-1.0	31.0	49.0	-1.0	47.0	41.0	37.0	-1.0	-1.0	-1.0	-1.0	13.0	-1.0	-1.0	-1.0	-1.0	46.0	-1.0	-1.0	-1.0	36.0	-1.0	43.0	-1.0	-1.0	50.0	-1.0	25.0	25.0	-1.0	-1.0	54.0	-1.0	-1.0	-1.0	50.0	26.0	-1.0	-1.0	-1.0	11.0	24.0	24.0	-1.0	22.0	-1.0	38.0	-1.0	21.0	26.0	
-1.0	65.0	49.0	40.0	47.0	-1.0	37.0	-1.0	13.0	41.0	46.0	18.0	12.0	21.0	-1.0	-1.0	-1.0	-1.0	-1.0	-1.0	30.0	-1.0	43.0	-1.0	-1.0	31.0	-1.0	25.0	25.0	-1.0	-1.0	54.0	46.0	-1.0	-1.0	-1.0	-1.0	32.0	-1.0	-1.0	20.0	24.0	-1.0	-1.0	-1.0	18.0	45.0	68.0	21.0	26.0	
-1.0	65.0	49.0	40.0	28.0	41.0	37.0	-1.0	13.0	-1.0	67.0	18.0	-1.0	21.0	-1.0	50.0	-1.0	-1.0	-1.0	43.0	30.0	-1.0	43.0	-1.0	58.0	31.0	47.0	25.0	25.0	42.0	-1.0	65.0	-1.0	-1.0	-1.0	-1.0	-1.0	-1.0	-1.0	-1.0	11.0	24.0	-1.0	25.0	22.0	18.0	-1.0	68.0	-1.0	-1.0	
-1.0	31.0	49.0	40.0	-1.0	-1.0	37.0	46.0	13.0	-1.0	46.0	13.0	-1.0	-1.0	-1.0	-1.0	-1.0	-1.0	33.0	43.0	-1.0	-1.0	43.0	19.0	-1.0	38.0	-1.0	25.0	-1.0	21.0	-1.0	-1.0	-1.0	-1.0	-1.0	-1.0	-1.0	-1.0	-1.0	-1.0	11.0	24.0	-1.0	25.0	22.0	18.0	38.0	-1.0	21.0	26.0	

maxX :
49.0	53.0	53.0	43.0	43.0	47.0	43.0	53.0	53.0	36.0	

maxW :
56.0	68.0	68.0	54.0	57.0	68.0	54.0	68.0	68.0	49.0	

minX :
0.0	0.0	0.0	0.0	0.0	4.0	0.0	0.0	0.0	0.0	

minW :
11.0	11.0	11.0	11.0	12.0	12.0	11.0	12.0	11.0	11.0	

moyX :
20.285714285714285	19.466666666666665	21.037037037037038	21.285714285714285	20.655172413793103	25.5	20.318181818181817	20.23076923076923	20.77777777777778	16.08695652173913	

moyW :
32.32142857142857	32.1	35.333333333333336	35.857142857142854	38.6551724137931	40.6	33.59090909090909	34.5	37.25925925925926	29.652173913043477	

medX :
17.5	16.5	23.0	24.5	17.0	24.0	19.0	16.0	17.0	16.0	

medW :
29.5	29.5	36.0	36.5	38.0	35.5	33.5	31.5	37.0	26.0	

ecartTypeX :
12.302314366634848	13.894203427648844	13.911044057740813	12.665637265725666	12.324004784800707	12.786711852544421	11.848998283845704	13.884988275410393	15.014396383652327	11.894145594908963	

ecartTypeW :
13.038551550329977	13.962688375333265	14.522013940527975	10.982825182055473	11.53488221564894	17.18254928699464	12.408424890551693	14.954417921959228	16.80518569126714	11.472495258138707	

varX :
151.34693877551018	193.04888888888888	193.517146776406	160.41836734693874	151.88109393579072	163.5	140.39876033057845	192.79289940828406	225.4320987654321	141.47069943289227	

varW :
170.00382653061226	194.95666666666668	210.88888888888886	120.62244897959184	133.0535077288942	295.23999999999995	153.9690082644628	223.6346153846154	282.4142661179699	131.61814744801512	

covarX :
156.95238095238096	199.70574712643673	200.960113960114	166.3597883597883	157.3054187192118	186.85714285714283	147.08441558441555	200.50461538461542	234.10256410256412	147.90118577075103	

covarW :
176.3002645502646	201.6793103448276	219.00000000000006	125.08994708994709	137.80541871921181	328.0444444444444	161.30086580086578	232.58	293.27635327635335	137.60079051383397	

coef_variationX :
0.6064521166650981	0.7137433267627831	0.6612644182376795	0.5950299386582528	0.59665465569152	0.5014396804919381	0.5831721750438602	0.6863302189366354	0.7226180077693634	0.7393658072510978	

coef_variationW :
0.403402699899712	0.4349747157424693	0.41100039454324455	0.30629392938003314	0.2984046246688843	0.4232154996796709	0.36939830526676215	0.4334613890422965	0.4510338107994163	0.38690233275247843	

moy_distances_centre :	34.6
min_distances_centre :	21.0
max_distances_centre :	64.0
med_distances_centre :	29.0
ecartType_distances_centre :	14.8
var_distances_centre :	219.04000000000002
covar_distances_centre :	230.56842105263158
coef_variation_distances_centre :	0.4277456647398844
capacite_X_temoin : 
0.0	159.0	175.0	135.0	144.0	
162.0	178.0	163.0	168.0	159.0	
136.0	178.0	147.0	135.0	166.0	
141.0	159.0	168.0	163.0	171.0	
162.0	169.0	147.0	144.0	165.0	
135.0	145.0	0.0	0.0	157.0	
157.0	157.0	135.0	172.0	163.0	
172.0	145.0	156.0	151.0	148.0	
171.0	148.0	144.0	135.0	169.0	
177.0	171.0	147.0	153.0	163.0	

capacite_W_temoin : 
0.0	139.7	191.5	73.5	65.19999999999999	
92.6	121.4	193.9	137.4	176.7	
53.8	157.4	164.1	81.5	183.8	
77.3	161.7	177.4	148.9	188.3	
54.6	138.7	182.1	119.19999999999999	182.5	
45.5	90.5	0.0	0.0	149.1	
155.1	122.1	146.5	135.6	181.9	
92.6	123.5	194.8	118.3	133.4	
90.3	119.4	169.2	79.5	215.7	
134.1	137.3	174.1	112.9	186.9	

demande_cumulee_X : 
0.0	67.0	36.0	102.0	122.0	
118.0	110.0	18.0	81.0	30.0	
123.0	74.0	27.0	94.0	32.0	
106.0	45.0	41.0	63.0	34.0	
156.0	81.0	9.0	68.0	32.0	
130.0	98.0	0.0	0.0	55.0	
49.0	82.0	29.0	88.0	30.0	
131.0	65.0	8.0	78.0	59.0	
132.0	73.0	18.0	96.0	4.0	
96.0	85.0	17.0	86.0	25.0	

demande_cumulee_W : 
0.0	14.0	190.0	67.0	56.0	
55.0	3.0	115.0	102.0	82.0	
50.0	46.0	124.0	75.0	55.0	
72.0	16.0	58.0	56.0	87.0	
46.0	25.0	34.0	111.0	130.0	
45.0	90.0	0.0	0.0	148.0	
53.0	33.0	73.0	76.0	43.0	
77.0	21.0	92.0	94.0	57.0	
19.0	28.0	140.0	68.0	68.0	
47.0	0.0	130.0	63.0	69.0	

capacite_residuelle_X : 
0.0	92.0	139.0	33.0	22.0	
44.0	68.0	145.0	87.0	129.0	
13.0	104.0	120.0	41.0	134.0	
35.0	114.0	127.0	100.0	137.0	
6.0	88.0	138.0	76.0	133.0	
5.0	47.0	0.0	0.0	102.0	
108.0	75.0	106.0	84.0	133.0	
41.0	80.0	148.0	73.0	89.0	
39.0	75.0	126.0	39.0	165.0	
81.0	86.0	130.0	67.0	138.0	

capacite_residuelle_W : 
0.0	125.69999999999999	1.5	6.5	9.199999999999989	
37.599999999999994	118.4	78.9	35.400000000000006	94.69999999999999	
3.799999999999997	111.4	40.099999999999994	6.5	128.8	
5.299999999999997	145.7	119.4	92.9	101.30000000000001	
8.600000000000001	113.69999999999999	148.1	8.199999999999989	52.5	
0.5	0.5	0.0	0.0	1.0999999999999943	
102.1	89.1	73.5	59.599999999999994	138.9	
15.599999999999994	102.5	102.80000000000001	24.299999999999997	76.4	
71.3	91.4	29.19999999999999	11.5	147.7	
87.1	137.3	44.099999999999994	49.900000000000006	117.9	

min_capacite_X : 
0.0	159.0	135.0	141.0	144.0	0.0	135.0	145.0	135.0	147.0	

min_capacite_W : 
0.0	92.6	53.8	77.3	54.6	0.0	122.1	92.6	79.5	112.9	

max_capacite_X : 
175.0	178.0	178.0	171.0	169.0	157.0	172.0	172.0	171.0	177.0	

max_capacite_W : 
191.5	193.9	183.8	188.3	182.5	149.1	181.9	194.8	215.7	186.9	

moy_capacite_X : 
122.6	166.0	152.4	160.4	157.4	87.4	156.8	154.4	153.4	162.2	

moy_capacite_W : 
93.97999999999999	144.4	128.11999999999998	150.71999999999997	135.42	57.02	148.23999999999998	132.51999999999998	134.82	149.06	

med_capacite_X : 
144.0	163.0	147.0	163.0	162.0	135.0	157.0	151.0	148.0	163.0	

med_capacite_W : 
73.5	137.4	157.4	161.7	138.7	45.5	146.5	123.5	119.4	137.3	

ecartType_capacite_X : 
62.79044513299774	6.663332499583072	16.977632343763368	10.537551897855593	10.011992808627062	71.70104601747452	12.204917041913886	9.520504188329525	14.207040508142432	11.070682002478437	

ecartType_capacite_W : 
65.8489605081204	36.75535335158676	50.8901326388525	39.08567000832914	47.33131732795951	56.98229198619515	20.130335317624496	33.93154284732718	50.99738816841505	27.30755206897901	

var_capacite_X : 
3942.6399999999994	44.4	288.24	111.04	100.24	5141.04	148.95999999999998	90.64000000000001	201.84	122.55999999999999	

var_capacite_W : 
4336.0856	1350.9560000000001	2589.8056	1527.6896000000002	2240.2536000000005	3246.9816	405.23040000000015	1151.3496000000005	2600.7335999999996	745.7023999999999	

covar_capacite_X : 
4928.299999999999	55.5	360.3	138.8	125.3	6426.3	186.2	113.30000000000003	252.3	153.2	

covar_capacite_W : 
5420.107000000001	1688.6950000000002	3237.257	1909.6120000000003	2800.3170000000005	4058.727	506.5380000000002	1439.1870000000006	3250.9169999999995	932.1279999999999	

##########	##########	##########	##########	##########	##########	##########	##########	##########	##########	##########	##########	##########	##########	##########	##########	##########	##########	##########	##########	##########	##########	##########	##########	##########	##########	##########	##########	##########	##########	##########	##########	##########	##########	##########	##########	##########	##########	##########	##########	##########	##########	##########	##########	##########	##########	##########	##########	##########	##########	nombre de noeuds : 50
nombre de strates : 10
nombre de centres : 5
titre : intelligent
instances : p9_3
temps de calcul : 0.05707192420959473
valeur objective : 1101.0
nombre de solutions : 1
nombre de noeuds : 0.0
faisability : True
centre : [48, 13, 29, 44, 10]
moy_distances :	45.97
min_distances :	1.0
max_distances :	121.0
var_distances :	509.09473985839236
covar_distances :	509.3026184781793
ecartType_distances :	22.563127882862172
coef_variation	: 0.4907989142784672
distances_centre_x :
4.0	31.0	49.0	-1.0	-1.0	-1.0	37.0	-1.0	12.0	41.0	-1.0	13.0	12.0	21.0	35.0	-1.0	-1.0	-1.0	-1.0	-1.0	-1.0	-1.0	-1.0	23.0	-1.0	-1.0	-1.0	7.0	9.0	-1.0	15.0	-1.0	-1.0	36.0	-1.0	-1.0	-1.0	-1.0	-1.0	-1.0	10.0	24.0	-1.0	25.0	0.0	18.0	-1.0	-1.0	0.0	25.0	
-1.0	13.0	49.0	23.0	28.0	41.0	37.0	46.0	12.0	41.0	36.0	13.0	-1.0	0.0	-1.0	-1.0	-1.0	21.0	33.0	-1.0	-1.0	-1.0	-1.0	-1.0	36.0	17.0	-1.0	7.0	9.0	-1.0	15.0	-1.0	-1.0	32.0	-1.0	36.0	-1.0	16.0	-1.0	-1.0	10.0	44.0	-1.0	5.0	0.0	-1.0	24.0	53.0	0.0	25.0	
-1.0	13.0	-1.0	23.0	28.0	-1.0	37.0	-1.0	-1.0	-1.0	0.0	9.0	-1.0	0.0	-1.0	-1.0	-1.0	-1.0	33.0	53.0	14.0	25.0	4.0	-1.0	8.0	17.0	34.0	25.0	9.0	-1.0	15.0	-1.0	23.0	-1.0	-1.0	-1.0	-1.0	-1.0	29.0	12.0	10.0	24.0	-1.0	-1.0	0.0	-1.0	-1.0	53.0	0.0	26.0	
-1.0	13.0	49.0	23.0	28.0	-1.0	37.0	-1.0	-1.0	41.0	36.0	-1.0	-1.0	0.0	27.0	32.0	-1.0	-1.0	-1.0	43.0	14.0	-1.0	36.0	6.0	-1.0	17.0	34.0	7.0	9.0	0.0	15.0	43.0	-1.0	32.0	-1.0	27.0	-1.0	-1.0	29.0	-1.0	10.0	-1.0	-1.0	-1.0	-1.0	-1.0	24.0	-1.0	0.0	25.0	
-1.0	13.0	49.0	23.0	28.0	39.0	37.0	-1.0	-1.0	41.0	0.0	-1.0	9.0	0.0	-1.0	-1.0	-1.0	-1.0	-1.0	-1.0	14.0	-1.0	4.0	-1.0	8.0	28.0	34.0	-1.0	9.0	-1.0	15.0	-1.0	23.0	22.0	41.0	27.0	-1.0	16.0	-1.0	-1.0	10.0	24.0	-1.0	5.0	0.0	-1.0	24.0	-1.0	0.0	25.0	
4.0	-1.0	68.0	-1.0	47.0	-1.0	58.0	63.0	33.0	-1.0	-1.0	-1.0	-1.0	-1.0	-1.0	-1.0	-1.0	-1.0	-1.0	-1.0	35.0	-1.0	-1.0	-1.0	-1.0	-1.0	-1.0	-1.0	-1.0	21.0	-1.0	-1.0	-1.0	-1.0	-1.0	36.0	-1.0	-1.0	-1.0	-1.0	-1.0	-1.0	-1.0	-1.0	-1.0	-1.0	-1.0	-1.0	0.0	25.0	
-1.0	13.0	49.0	-1.0	28.0	41.0	37.0	-1.0	-1.0	-1.0	-1.0	9.0	-1.0	-1.0	-1.0	-1.0	40.0	-1.0	-1.0	-1.0	14.0	-1.0	36.0	-1.0	-1.0	17.0	-1.0	7.0	9.0	-1.0	-1.0	43.0	-1.0	-1.0	-1.0	27.0	26.0	-1.0	-1.0	-1.0	20.0	24.0	17.0	-1.0	0.0	-1.0	24.0	-1.0	0.0	25.0	
-1.0	13.0	49.0	23.0	28.0	-1.0	37.0	-1.0	12.0	41.0	0.0	13.0	9.0	0.0	-1.0	-1.0	-1.0	-1.0	-1.0	-1.0	30.0	-1.0	4.0	-1.0	-1.0	17.0	-1.0	25.0	9.0	-1.0	-1.0	8.0	23.0	-1.0	-1.0	-1.0	-1.0	19.0	-1.0	-1.0	10.0	24.0	-1.0	-1.0	-1.0	5.0	24.0	53.0	0.0	25.0	
-1.0	13.0	49.0	23.0	28.0	39.0	37.0	-1.0	12.0	-1.0	0.0	9.0	-1.0	0.0	-1.0	32.0	-1.0	-1.0	-1.0	43.0	14.0	-1.0	4.0	-1.0	8.0	17.0	34.0	7.0	9.0	0.0	-1.0	8.0	-1.0	-1.0	-1.0	-1.0	-1.0	-1.0	-1.0	-1.0	10.0	24.0	-1.0	5.0	0.0	5.0	-1.0	53.0	-1.0	-1.0	
-1.0	13.0	49.0	25.0	-1.0	-1.0	37.0	46.0	12.0	-1.0	0.0	18.0	-1.0	-1.0	-1.0	-1.0	-1.0	-1.0	33.0	30.0	-1.0	-1.0	4.0	23.0	-1.0	28.0	-1.0	7.0	-1.0	0.0	-1.0	-1.0	-1.0	-1.0	-1.0	-1.0	-1.0	-1.0	-1.0	-1.0	10.0	24.0	-1.0	5.0	0.0	5.0	24.0	-1.0	0.0	25.0	

distances_centre_w :
19.0	33.0	53.0	45.0	-1.0	41.0	38.0	-1.0	13.0	44.0	-1.0	18.0	21.0	23.0	48.0	50.0	-1.0	37.0	-1.0	-1.0	-1.0	-1.0	36.0	-1.0	-1.0	38.0	-1.0	25.0	45.0	-1.0	37.0	-1.0	-1.0	53.0	-1.0	-1.0	-1.0	-1.0	-1.0	-1.0	11.0	27.0	-1.0	-1.0	22.0	19.0	-1.0	-1.0	21.0	48.0	
-1.0	31.0	53.0	40.0	51.0	61.0	38.0	54.0	33.0	44.0	46.0	18.0	-1.0	23.0	-1.0	-1.0	-1.0	22.0	64.0	-1.0	-1.0	-1.0	-1.0	-1.0	50.0	38.0	-1.0	25.0	25.0	-1.0	30.0	-1.0	-1.0	51.0	-1.0	49.0	-1.0	19.0	-1.0	-1.0	11.0	48.0	-1.0	25.0	22.0	-1.0	38.0	68.0	38.0	26.0	
-1.0	40.0	-1.0	40.0	47.0	-1.0	38.0	-1.0	-1.0	-1.0	36.0	54.0	-1.0	21.0	-1.0	-1.0	-1.0	-1.0	42.0	54.0	36.0	40.0	36.0	-1.0	36.0	28.0	37.0	30.0	31.0	-1.0	15.0	-1.0	43.0	-1.0	-1.0	-1.0	-1.0	-1.0	42.0	27.0	11.0	27.0	-1.0	-1.0	22.0	-1.0	-1.0	54.0	21.0	43.0	
-1.0	31.0	53.0	40.0	37.0	-1.0	38.0	-1.0	-1.0	44.0	46.0	-1.0	-1.0	25.0	35.0	49.0	-1.0	-1.0	-1.0	52.0	30.0	-1.0	43.0	19.0	-1.0	38.0	47.0	26.0	25.0	21.0	37.0	54.0	-1.0	36.0	-1.0	49.0	-1.0	-1.0	44.0	-1.0	28.0	-1.0	-1.0	-1.0	-1.0	-1.0	38.0	-1.0	38.0	26.0	
-1.0	40.0	53.0	45.0	37.0	41.0	38.0	-1.0	-1.0	44.0	36.0	-1.0	12.0	21.0	-1.0	-1.0	-1.0	-1.0	-1.0	-1.0	30.0	-1.0	36.0	-1.0	36.0	38.0	37.0	-1.0	25.0	-1.0	15.0	-1.0	43.0	53.0	53.0	36.0	-1.0	32.0	-1.0	-1.0	11.0	27.0	-1.0	44.0	22.0	-1.0	38.0	-1.0	21.0	26.0	
-1.0	33.0	-1.0	45.0	-1.0	-1.0	-1.0	-1.0	-1.0	65.0	-1.0	13.0	-1.0	-1.0	-1.0	-1.0	-1.0	-1.0	-1.0	-1.0	-1.0	-1.0	65.0	-1.0	70.0	38.0	-1.0	-1.0	-1.0	-1.0	-1.0	-1.0	-1.0	53.0	-1.0	-1.0	-1.0	-1.0	-1.0	-1.0	-1.0	48.0	-1.0	-1.0	-1.0	-1.0	-1.0	-1.0	-1.0	-1.0	
-1.0	31.0	53.0	-1.0	37.0	61.0	38.0	-1.0	-1.0	-1.0	-1.0	13.0	-1.0	-1.0	-1.0	-1.0	60.0	-1.0	-1.0	-1.0	30.0	-1.0	43.0	-1.0	-1.0	38.0	-1.0	25.0	25.0	-1.0	-1.0	54.0	-1.0	-1.0	-1.0	36.0	45.0	-1.0	-1.0	-1.0	28.0	48.0	38.0	-1.0	22.0	-1.0	38.0	-1.0	38.0	43.0	
-1.0	40.0	53.0	25.0	37.0	-1.0	38.0	-1.0	13.0	44.0	46.0	18.0	12.0	21.0	-1.0	-1.0	-1.0	-1.0	-1.0	-1.0	35.0	-1.0	36.0	-1.0	-1.0	38.0	-1.0	26.0	25.0	-1.0	-1.0	43.0	43.0	-1.0	-1.0	-1.0	-1.0	27.0	-1.0	-1.0	11.0	27.0	-1.0	-1.0	-1.0	18.0	38.0	54.0	21.0	43.0	
-1.0	40.0	53.0	40.0	37.0	41.0	38.0	-1.0	13.0	-1.0	36.0	13.0	-1.0	21.0	-1.0	44.0	-1.0	-1.0	-1.0	54.0	35.0	-1.0	36.0	-1.0	36.0	31.0	37.0	25.0	25.0	22.0	-1.0	43.0	-1.0	-1.0	-1.0	-1.0	-1.0	-1.0	-1.0	-1.0	11.0	27.0	-1.0	25.0	22.0	18.0	-1.0	54.0	-1.0	-1.0	
-1.0	40.0	53.0	40.0	-1.0	-1.0	38.0	54.0	13.0	-1.0	36.0	54.0	-1.0	-1.0	-1.0	-1.0	-1.0	-1.0	42.0	52.0	-1.0	-1.0	36.0	43.0	-1.0	38.0	-1.0	25.0	-1.0	21.0	-1.0	-1.0	-1.0	-1.0	-1.0	-1.0	-1.0	-1.0	-1.0	-1.0	11.0	27.0	-1.0	25.0	22.0	18.0	38.0	-1.0	21.0	26.0	

maxX :
49.0	53.0	53.0	49.0	49.0	68.0	49.0	53.0	53.0	49.0	

maxW :
53.0	68.0	54.0	54.0	53.0	70.0	61.0	54.0	54.0	54.0	

minX :
0.0	0.0	0.0	0.0	0.0	0.0	0.0	0.0	0.0	0.0	

minW :
11.0	11.0	11.0	19.0	11.0	13.0	13.0	11.0	11.0	11.0	

moyX :
20.318181818181817	24.066666666666666	19.40740740740741	23.464285714285715	19.586206896551722	35.45454545454545	23.0	19.26923076923077	17.88888888888889	18.17391304347826	

moyW :
33.26923076923077	38.03333333333333	35.22222222222222	37.464285714285715	34.13793103448276	47.77777777777778	38.36363636363637	32.0	32.48148148148148	33.608695652173914	

medX :
19.5	23.5	17.0	26.0	22.0	35.0	24.0	18.0	12.0	18.0	

medW :
36.5	38.0	36.0	38.0	36.0	48.0	38.0	35.5	36.0	36.0	

ecartTypeX :
13.312285384138981	15.362146840710631	14.417734088317298	13.998678873525229	13.78784382477928	21.3854820608563	13.614831484951857	14.208766774581033	15.72997453162058	14.514317291117111	

ecartTypeW :
12.726585415238487	14.616163047196146	11.05318232484079	9.748560856634697	11.328097925774362	17.14498810976405	11.922268906033304	12.20025220420274	11.976428609967876	12.747511710934644	

varX :
177.21694214876032	235.9955555555556	207.87105624142663	195.9630102040816	190.10463733650414	457.3388429752067	185.36363636363637	201.88905325443787	247.43209876543213	210.66540642722117	

varW :
161.96597633136096	213.63222222222214	122.17283950617285	95.03443877551022	128.3258026159334	293.95061728395063	142.14049586776858	148.84615384615384	143.43484224965707	162.4990548204159	

covarX :
185.65584415584414	244.1333333333334	215.8660968660969	203.2208994708994	196.8940886699507	503.07272727272743	194.19047619047618	209.9646153846154	256.948717948718	220.2411067193676	

covarW :
168.44461538461536	220.99885057471258	126.87179487179489	98.55423280423283	132.9088669950739	330.69444444444446	148.90909090909088	154.8	148.95156695156697	169.88537549407116	

coef_variationX :
0.6551907795325673	0.6383163507220484	0.7428985121842883	0.5965951422506947	0.7039568149975337	0.6031802632549214	0.5919491949979069	0.7373811100580975	0.8793153464881069	0.7986346834825204	

coef_variationW :
0.382533203232602	0.3842987654828084	0.3138127473929562	0.26020944135917207	0.33183317156308734	0.3588485883438987	0.31077004257432783	0.38125788138133565	0.368715590044621	0.37929206901875395	

moy_distances_centre :	35.6
min_distances_centre :	21.0
max_distances_centre :	67.0
med_distances_centre :	30.5
ecartType_distances_centre :	15.621779668142809
var_distances_centre :	244.04000000000002
covar_distances_centre :	256.88421052631577
coef_variation_distances_centre :	0.438814035621989
capacite_X_temoin : 
166.0	0.0	175.0	135.0	144.0	
0.0	162.0	163.0	168.0	159.0	
139.0	136.0	147.0	135.0	166.0	
0.0	141.0	168.0	163.0	171.0	
177.0	162.0	147.0	144.0	165.0	
148.0	135.0	0.0	0.0	157.0	
0.0	157.0	135.0	172.0	163.0	
169.0	172.0	156.0	151.0	148.0	
153.0	171.0	144.0	135.0	169.0	
150.0	177.0	147.0	153.0	163.0	

capacite_W_temoin : 
158.8	0.0	172.5	73.5	74.19999999999999	
0.0	78.6	151.9	94.4	165.7	
100.69999999999999	80.8	130.1	95.5	182.8	
0.0	68.3	141.4	148.9	188.3	
147.1	88.6	144.1	125.19999999999999	182.5	
144.4	60.5	0.0	0.0	84.1	
0.0	139.1	123.5	92.6	181.9	
158.7	94.6	165.8	126.3	148.4	
142.9	90.3	131.2	104.5	211.7	
165.0	145.1	131.1	96.9	179.9	

demande_cumulee_X : 
57.0	0.0	55.0	102.0	113.0	
0.0	132.0	60.0	124.0	41.0	
80.0	96.0	61.0	80.0	33.0	
0.0	115.0	77.0	63.0	34.0	
83.0	122.0	47.0	62.0	32.0	
48.0	115.0	0.0	0.0	120.0	
0.0	65.0	52.0	131.0	30.0	
61.0	129.0	37.0	70.0	44.0	
56.0	132.0	56.0	71.0	8.0	
30.0	85.0	60.0	102.0	32.0	

demande_cumulee_W : 
28.0	0.0	170.0	70.0	59.0	
0.0	50.0	103.0	92.0	112.0	
59.0	63.0	90.0	86.0	52.0	
0.0	45.0	24.0	145.0	75.0	
60.0	46.0	72.0	91.0	77.0	
143.0	56.0	0.0	0.0	84.0	
0.0	34.0	88.0	83.0	73.0	
39.0	58.0	94.0	81.0	69.0	
52.0	0.0	105.0	104.0	62.0	
28.0	19.0	130.0	71.0	61.0	

capacite_residuelle_X : 
109.0	0.0	120.0	33.0	31.0	
0.0	30.0	103.0	44.0	118.0	
59.0	40.0	86.0	55.0	133.0	
0.0	26.0	91.0	100.0	137.0	
94.0	40.0	100.0	82.0	133.0	
100.0	20.0	0.0	0.0	37.0	
0.0	92.0	83.0	41.0	133.0	
108.0	43.0	119.0	81.0	104.0	
97.0	39.0	88.0	64.0	161.0	
120.0	92.0	87.0	51.0	131.0	

capacite_residuelle_W : 
130.8	0.0	2.5	3.5	15.199999999999989	
0.0	28.599999999999994	48.900000000000006	2.4000000000000057	53.69999999999999	
41.69999999999999	17.799999999999997	40.099999999999994	9.5	130.8	
0.0	23.299999999999997	117.4	3.9000000000000057	113.30000000000001	
87.1	42.599999999999994	72.1	34.19999999999999	105.5	
1.4000000000000057	4.5	0.0	0.0	0.09999999999999432	
0.0	105.1	35.5	9.599999999999994	108.9	
119.69999999999999	36.599999999999994	71.80000000000001	45.3	79.4	
90.9	90.3	26.19999999999999	0.5	149.7	
137.0	126.1	1.0999999999999943	25.900000000000006	118.9	

min_capacite_X : 
0.0	0.0	135.0	0.0	144.0	0.0	0.0	148.0	135.0	147.0	

min_capacite_W : 
0.0	0.0	80.8	0.0	88.6	0.0	0.0	94.6	90.3	96.9	

max_capacite_X : 
175.0	168.0	166.0	171.0	177.0	157.0	172.0	172.0	171.0	177.0	

max_capacite_W : 
172.5	165.7	182.8	188.3	182.5	144.4	181.9	165.8	211.7	179.9	

moy_capacite_X : 
124.0	130.4	144.6	128.6	159.0	88.0	125.4	159.2	154.4	158.0	

moy_capacite_W : 
95.8	98.11999999999999	117.98000000000002	109.38000000000002	137.5	57.8	107.42	138.76	136.11999999999998	143.6	

med_capacite_X : 
144.0	162.0	139.0	163.0	162.0	135.0	157.0	156.0	153.0	153.0	

med_capacite_W : 
74.19999999999999	94.4	100.69999999999999	141.4	144.1	60.5	123.5	148.4	131.2	145.1	

ecartType_capacite_X : 
63.658463694940046	65.26438538743776	11.499565209172042	65.15397148294186	12.149074038789951	72.19141223164982	63.87675633593177	9.620810776644554	13.965672200076874	10.917875251164945	

ecartType_capacite_W : 
63.2350851980133	59.12993827157272	36.15197919893184	67.03286954919952	30.66992011727452	54.55313006601913	60.939556939643076	25.795550003828183	42.146904987199235	28.688116006458145	

var_capacite_X : 
4052.4	4259.44	132.24	4245.04	147.6	5211.6	4080.2400000000002	92.55999999999999	195.04000000000002	119.2	

var_capacite_W : 
3998.676000000001	3496.3496	1306.9656000000004	4493.4056	940.6440000000002	2976.0440000000003	3713.6296	665.4104000000002	1776.3615999999997	823.008	

covar_capacite_X : 
5065.5	5324.299999999999	165.3	5306.3	184.5	6514.5	5100.3	115.69999999999999	243.8	149.0	

covar_capacite_W : 
4998.345000000001	4370.437	1633.7070000000006	5616.7570000000005	1175.8050000000003	3720.0550000000003	4642.037	831.7630000000003	2220.4519999999998	1028.76	

##########	##########	##########	##########	##########	##########	##########	##########	##########	##########	##########	##########	##########	##########	##########	##########	##########	##########	##########	##########	##########	##########	##########	##########	##########	##########	##########	##########	##########	##########	##########	##########	##########	##########	##########	##########	##########	##########	##########	##########	##########	##########	##########	##########	##########	##########	##########	##########	##########	##########	