nombre de noeuds : 200
nombre de strates : 3
nombre de centres : 5
titre : intelligent
instances : pmed6_1
temps de calcul : 0.061457157135009766
valeur objective : 690.0
nombre de solutions : 2
nombre de noeuds : 0.0
faisability : True
centre : [175, 177, 137, 186, 63]
moy_distances :	81.48
min_distances :	1.0
max_distances :	198.0
var_distances :	753.2317887199818
covar_distances :	753.250714617334
ecartType_distances :	27.44506856832356
coef_variation	: 0.3368234488274935
distances_centre_x :
98.0	-1.0	37.0	61.0	58.0	64.0	64.0	55.0	-1.0	-1.0	91.0	59.0	69.0	-1.0	-1.0	29.0	-1.0	19.0	48.0	56.0	-1.0	57.0	-1.0	45.0	51.0	46.0	42.0	-1.0	88.0	45.0	48.0	20.0	87.0	76.0	77.0	32.0	-1.0	70.0	46.0	-1.0	73.0	66.0	-1.0	-1.0	5.0	-1.0	-1.0	46.0	46.0	27.0	16.0	-1.0	53.0	-1.0	39.0	54.0	-1.0	58.0	29.0	48.0	-1.0	91.0	79.0	0.0	74.0	84.0	49.0	60.0	-1.0	-1.0	39.0	-1.0	22.0	42.0	13.0	-1.0	7.0	38.0	-1.0	-1.0	39.0	-1.0	39.0	77.0	-1.0	10.0	-1.0	33.0	36.0	-1.0	67.0	-1.0	-1.0	-1.0	-1.0	46.0	57.0	76.0	30.0	42.0	-1.0	58.0	37.0	-1.0	19.0	37.0	53.0	93.0	56.0	34.0	33.0	66.0	-1.0	-1.0	-1.0	-1.0	55.0	110.0	-1.0	67.0	78.0	-1.0	25.0	38.0	-1.0	-1.0	-1.0	86.0	91.0	-1.0	40.0	29.0	60.0	75.0	-1.0	33.0	47.0	-1.0	29.0	42.0	21.0	15.0	65.0	66.0	53.0	48.0	31.0	39.0	76.0	86.0	63.0	50.0	64.0	65.0	-1.0	-1.0	-1.0	72.0	55.0	86.0	17.0	58.0	-1.0	-1.0	61.0	45.0	84.0	-1.0	52.0	-1.0	-1.0	44.0	-1.0	54.0	23.0	0.0	45.0	0.0	22.0	7.0	45.0	-1.0	-1.0	50.0	57.0	-1.0	-1.0	-1.0	29.0	-1.0	27.0	57.0	1.0	-1.0	-1.0	-1.0	60.0	63.0	-1.0	98.0	
-1.0	-1.0	-1.0	61.0	58.0	-1.0	64.0	-1.0	37.0	45.0	91.0	59.0	69.0	49.0	31.0	29.0	25.0	19.0	48.0	-1.0	79.0	-1.0	55.0	45.0	51.0	46.0	42.0	56.0	88.0	45.0	48.0	20.0	87.0	76.0	-1.0	-1.0	83.0	70.0	-1.0	-1.0	-1.0	66.0	-1.0	36.0	-1.0	13.0	22.0	46.0	-1.0	27.0	16.0	54.0	-1.0	-1.0	-1.0	54.0	56.0	58.0	29.0	48.0	71.0	91.0	79.0	0.0	-1.0	84.0	49.0	60.0	-1.0	-1.0	-1.0	43.0	22.0	42.0	13.0	4.0	7.0	38.0	47.0	1.0	-1.0	-1.0	39.0	77.0	-1.0	-1.0	11.0	33.0	36.0	29.0	-1.0	85.0	73.0	63.0	47.0	46.0	57.0	76.0	30.0	42.0	-1.0	-1.0	37.0	2.0	19.0	37.0	53.0	93.0	56.0	34.0	33.0	66.0	48.0	85.0	-1.0	43.0	55.0	110.0	-1.0	67.0	-1.0	79.0	25.0	38.0	52.0	3.0	19.0	86.0	-1.0	54.0	-1.0	29.0	60.0	75.0	-1.0	33.0	47.0	0.0	-1.0	42.0	-1.0	-1.0	-1.0	66.0	53.0	48.0	-1.0	39.0	76.0	86.0	-1.0	50.0	-1.0	65.0	-1.0	-1.0	35.0	72.0	55.0	86.0	17.0	-1.0	49.0	53.0	-1.0	45.0	84.0	23.0	52.0	-1.0	52.0	-1.0	36.0	54.0	23.0	-1.0	45.0	0.0	22.0	-1.0	-1.0	74.0	-1.0	-1.0	-1.0	26.0	0.0	24.0	29.0	51.0	-1.0	57.0	-1.0	9.0	-1.0	57.0	-1.0	-1.0	30.0	98.0	
98.0	35.0	-1.0	61.0	58.0	64.0	64.0	55.0	37.0	45.0	91.0	59.0	69.0	49.0	31.0	29.0	25.0	19.0	48.0	56.0	79.0	57.0	-1.0	45.0	51.0	-1.0	42.0	-1.0	88.0	45.0	48.0	20.0	87.0	-1.0	77.0	32.0	83.0	70.0	-1.0	49.0	-1.0	66.0	96.0	-1.0	-1.0	13.0	22.0	-1.0	-1.0	27.0	16.0	-1.0	-1.0	48.0	39.0	-1.0	56.0	58.0	-1.0	48.0	71.0	91.0	-1.0	0.0	-1.0	84.0	49.0	60.0	86.0	17.0	-1.0	43.0	22.0	42.0	13.0	-1.0	7.0	-1.0	-1.0	1.0	39.0	34.0	39.0	77.0	37.0	10.0	11.0	33.0	36.0	-1.0	67.0	85.0	-1.0	63.0	47.0	46.0	57.0	76.0	-1.0	42.0	38.0	58.0	37.0	-1.0	-1.0	37.0	-1.0	-1.0	56.0	34.0	-1.0	-1.0	48.0	-1.0	51.0	43.0	55.0	110.0	78.0	67.0	78.0	79.0	25.0	38.0	-1.0	3.0	-1.0	86.0	-1.0	54.0	-1.0	29.0	60.0	-1.0	49.0	33.0	-1.0	0.0	29.0	42.0	21.0	-1.0	-1.0	-1.0	53.0	48.0	-1.0	39.0	-1.0	86.0	63.0	-1.0	64.0	-1.0	50.0	26.0	-1.0	-1.0	55.0	86.0	17.0	-1.0	49.0	53.0	61.0	45.0	-1.0	23.0	-1.0	57.0	-1.0	-1.0	36.0	54.0	23.0	0.0	-1.0	-1.0	22.0	7.0	45.0	74.0	77.0	-1.0	-1.0	-1.0	-1.0	24.0	29.0	-1.0	-1.0	57.0	1.0	-1.0	47.0	-1.0	60.0	63.0	-1.0	98.0	

distances_centre_w :
120.0	-1.0	79.0	92.0	97.0	83.0	86.0	77.0	-1.0	-1.0	105.0	97.0	73.0	-1.0	-1.0	70.0	-1.0	59.0	70.0	86.0	-1.0	70.0	-1.0	64.0	60.0	52.0	77.0	-1.0	110.0	67.0	89.0	64.0	101.0	85.0	95.0	54.0	-1.0	81.0	79.0	-1.0	110.0	88.0	-1.0	-1.0	27.0	-1.0	-1.0	73.0	80.0	59.0	64.0	-1.0	59.0	-1.0	83.0	98.0	-1.0	64.0	77.0	80.0	-1.0	108.0	110.0	48.0	98.0	101.0	88.0	69.0	-1.0	-1.0	87.0	-1.0	61.0	75.0	53.0	-1.0	47.0	47.0	-1.0	-1.0	47.0	-1.0	79.0	85.0	-1.0	54.0	-1.0	62.0	44.0	-1.0	94.0	-1.0	-1.0	-1.0	-1.0	80.0	95.0	87.0	57.0	67.0	-1.0	64.0	59.0	-1.0	41.0	62.0	75.0	108.0	57.0	68.0	67.0	100.0	-1.0	-1.0	-1.0	-1.0	56.0	116.0	-1.0	94.0	87.0	-1.0	36.0	75.0	-1.0	-1.0	-1.0	100.0	106.0	-1.0	62.0	51.0	78.0	90.0	-1.0	55.0	76.0	-1.0	69.0	57.0	43.0	37.0	87.0	88.0	75.0	70.0	55.0	102.0	98.0	97.0	95.0	72.0	86.0	66.0	-1.0	-1.0	-1.0	77.0	77.0	93.0	62.0	82.0	-1.0	-1.0	64.0	56.0	85.0	-1.0	61.0	-1.0	-1.0	62.0	-1.0	76.0	45.0	22.0	61.0	50.0	70.0	15.0	56.0	-1.0	-1.0	58.0	81.0	-1.0	-1.0	-1.0	92.0	-1.0	72.0	94.0	51.0	-1.0	-1.0	-1.0	76.0	71.0	-1.0	120.0	
-1.0	-1.0	-1.0	92.0	97.0	-1.0	86.0	-1.0	87.0	63.0	105.0	97.0	73.0	80.0	72.0	70.0	65.0	59.0	70.0	-1.0	101.0	-1.0	63.0	64.0	60.0	52.0	77.0	88.0	110.0	67.0	89.0	64.0	101.0	85.0	-1.0	-1.0	108.0	81.0	-1.0	-1.0	-1.0	88.0	-1.0	58.0	-1.0	35.0	64.0	73.0	-1.0	59.0	64.0	55.0	-1.0	-1.0	-1.0	98.0	71.0	64.0	77.0	80.0	108.0	108.0	110.0	48.0	-1.0	101.0	88.0	69.0	-1.0	-1.0	-1.0	82.0	61.0	75.0	53.0	44.0	47.0	47.0	84.0	68.0	-1.0	-1.0	79.0	85.0	-1.0	-1.0	55.0	62.0	44.0	51.0	-1.0	100.0	95.0	77.0	81.0	80.0	95.0	87.0	57.0	67.0	-1.0	-1.0	59.0	24.0	41.0	62.0	75.0	108.0	57.0	68.0	67.0	100.0	73.0	86.0	-1.0	67.0	56.0	116.0	-1.0	94.0	-1.0	84.0	36.0	75.0	89.0	25.0	41.0	100.0	-1.0	76.0	-1.0	51.0	78.0	90.0	-1.0	55.0	76.0	48.0	-1.0	57.0	-1.0	-1.0	-1.0	88.0	75.0	70.0	-1.0	102.0	98.0	97.0	-1.0	72.0	-1.0	66.0	-1.0	-1.0	69.0	77.0	77.0	93.0	62.0	-1.0	74.0	62.0	-1.0	56.0	85.0	60.0	61.0	-1.0	85.0	-1.0	66.0	76.0	45.0	-1.0	61.0	50.0	70.0	-1.0	-1.0	108.0	-1.0	-1.0	-1.0	54.0	67.0	87.0	92.0	60.0	-1.0	94.0	-1.0	59.0	-1.0	68.0	-1.0	-1.0	64.0	120.0	
120.0	57.0	-1.0	92.0	97.0	83.0	86.0	77.0	87.0	63.0	105.0	97.0	73.0	80.0	72.0	70.0	65.0	59.0	70.0	86.0	101.0	70.0	-1.0	64.0	60.0	-1.0	77.0	-1.0	110.0	67.0	89.0	64.0	101.0	-1.0	95.0	54.0	108.0	81.0	-1.0	71.0	-1.0	88.0	106.0	-1.0	-1.0	35.0	64.0	-1.0	-1.0	59.0	64.0	-1.0	-1.0	54.0	83.0	-1.0	71.0	64.0	-1.0	80.0	108.0	108.0	-1.0	48.0	-1.0	101.0	88.0	69.0	105.0	65.0	-1.0	82.0	61.0	75.0	53.0	-1.0	47.0	-1.0	-1.0	68.0	47.0	52.0	79.0	85.0	81.0	54.0	55.0	62.0	44.0	-1.0	94.0	100.0	-1.0	77.0	81.0	80.0	95.0	87.0	-1.0	67.0	63.0	64.0	59.0	-1.0	-1.0	62.0	-1.0	-1.0	57.0	68.0	-1.0	-1.0	73.0	-1.0	69.0	67.0	56.0	116.0	105.0	94.0	87.0	84.0	36.0	75.0	-1.0	25.0	-1.0	100.0	-1.0	76.0	-1.0	51.0	78.0	-1.0	71.0	55.0	-1.0	48.0	69.0	57.0	43.0	-1.0	-1.0	-1.0	75.0	70.0	-1.0	102.0	-1.0	97.0	95.0	-1.0	86.0	-1.0	61.0	60.0	-1.0	-1.0	77.0	93.0	62.0	-1.0	74.0	62.0	64.0	56.0	-1.0	60.0	-1.0	65.0	-1.0	-1.0	66.0	76.0	45.0	22.0	-1.0	-1.0	70.0	15.0	56.0	108.0	95.0	-1.0	-1.0	-1.0	-1.0	87.0	92.0	-1.0	-1.0	94.0	51.0	-1.0	72.0	-1.0	76.0	71.0	-1.0	120.0	

maxX :
110.0	110.0	110.0	

maxW :
120.0	120.0	120.0	

minX :
0.0	0.0	0.0	

minW :
15.0	24.0	15.0	

moyX :
49.94776119402985	47.638297872340424	48.333333333333336	

moyW :
74.29850746268657	73.9290780141844	74.05797101449275	

medX :
49.5	48.0	48.0	

medW :
75.0	73.0	71.5	

ecartTypeX :
23.267528191066543	23.937352216678324	23.91510750863894	

ecartTypeW :
20.276090562990714	19.277608143794367	19.941497085929768	

varX :
541.3778681220763	572.9968311453147	571.9323671497585	

varW :
411.1198485186011	371.62617574568685	397.66330602814537	

covarX :
545.4483784087084	577.0896656534954	576.1070559610706	

covarW :
414.210975199192	374.2806484295846	400.565957896964	

coef_variationX :
0.4658372594655486	0.502481265825762	0.49479532776494356	

coef_variationW :
0.27290037519493326	0.26075813011080257	0.26926874734425715	

moy_distances_centre :	53.3
min_distances_centre :	18.0
max_distances_centre :	70.0
med_distances_centre :	62.5
ecartType_distances_centre :	18.05020775503706
var_distances_centre :	325.81000000000006
covar_distances_centre :	342.95789473684215
coef_variation_distances_centre :	0.3386530535654233
capacite_X_temoin : 
195.0	183.0	196.0	179.0	187.0	
179.0	183.0	176.0	196.0	188.0	
187.0	198.0	194.0	190.0	188.0	

capacite_W_temoin : 
231.5	217.9	219.8	199.7	219.1	
212.7	216.9	196.8	221.8	209.4	
223.1	233.4	218.2	216.0	215.4	

demande_cumulee_X : 
22.0	20.0	35.0	33.0	24.0	
20.0	21.0	32.0	33.0	35.0	
20.0	24.0	34.0	31.0	29.0	

demande_cumulee_W : 
80.0	43.0	8.0	1.0	2.0	
80.0	43.0	11.0	3.0	4.0	
82.0	37.0	11.0	5.0	3.0	

capacite_residuelle_X : 
173.0	163.0	161.0	146.0	163.0	
159.0	162.0	144.0	163.0	153.0	
167.0	174.0	160.0	159.0	159.0	

capacite_residuelle_W : 
151.5	174.9	211.8	198.7	217.1	
132.7	173.9	185.8	218.8	205.4	
141.1	196.4	207.2	211.0	212.4	

min_capacite_X : 
179.0	176.0	187.0	

min_capacite_W : 
199.7	196.8	215.4	

max_capacite_X : 
196.0	196.0	198.0	

max_capacite_W : 
231.5	221.8	233.4	

moy_capacite_X : 
188.0	184.4	191.4	

moy_capacite_W : 
217.6	211.52000000000004	221.22000000000003	

med_capacite_X : 
187.0	183.0	190.0	

med_capacite_W : 
219.1	212.7	218.2	

ecartType_capacite_X : 
6.6332495807108	7.059745037889116	4.079215610874228	

ecartType_capacite_W : 
10.205880657738463	8.452076667896476	6.665253183488233	

var_capacite_X : 
44.0	49.839999999999996	16.640000000000004	

var_capacite_W : 
104.16000000000008	71.43759999999999	44.425600000000024	

covar_capacite_X : 
55.0	62.3	20.800000000000004	

covar_capacite_W : 
130.2000000000001	89.29699999999998	55.53200000000003	

##########	##########	##########	##########	##########	##########	##########	##########	##########	##########	##########	##########	##########	##########	##########	##########	##########	##########	##########	##########	##########	##########	##########	##########	##########	##########	##########	##########	##########	##########	##########	##########	##########	##########	##########	##########	##########	##########	##########	##########	##########	##########	##########	##########	##########	##########	##########	##########	##########	##########	##########	##########	##########	##########	##########	##########	##########	##########	##########	##########	##########	##########	##########	##########	##########	##########	##########	##########	##########	##########	##########	##########	##########	##########	##########	##########	##########	##########	##########	##########	##########	##########	##########	##########	##########	##########	##########	##########	##########	##########	##########	##########	##########	##########	##########	##########	##########	##########	##########	##########	##########	##########	##########	##########	##########	##########	##########	##########	##########	##########	##########	##########	##########	##########	##########	##########	##########	##########	##########	##########	##########	##########	##########	##########	##########	##########	##########	##########	##########	##########	##########	##########	##########	##########	##########	##########	##########	##########	##########	##########	##########	##########	##########	##########	##########	##########	##########	##########	##########	##########	##########	##########	##########	##########	##########	##########	##########	##########	##########	##########	##########	##########	##########	##########	##########	##########	##########	##########	##########	##########	##########	##########	##########	##########	##########	##########	##########	##########	##########	##########	##########	##########	##########	##########	##########	##########	##########	##########	##########	##########	##########	##########	##########	##########	##########	##########	##########	##########	##########	##########	nombre de noeuds : 200
nombre de strates : 3
nombre de centres : 5
titre : intelligent
instances : pmed6_1
temps de calcul : 0.06276512145996094
valeur objective : 726.0
nombre de solutions : 2
nombre de noeuds : 0.0
faisability : True
centre : [175, 137, 186, 63, 161]
moy_distances :	81.48
min_distances :	1.0
max_distances :	198.0
var_distances :	753.2317887199818
covar_distances :	753.250714617334
ecartType_distances :	27.44506856832356
coef_variation	: 0.3368234488274935
distances_centre_x :
98.0	-1.0	37.0	77.0	58.0	64.0	64.0	55.0	-1.0	-1.0	91.0	77.0	73.0	-1.0	-1.0	45.0	-1.0	19.0	48.0	64.0	-1.0	57.0	-1.0	35.0	48.0	46.0	50.0	-1.0	88.0	45.0	66.0	38.0	101.0	27.0	85.0	28.0	-1.0	70.0	57.0	-1.0	73.0	66.0	-1.0	-1.0	5.0	-1.0	-1.0	64.0	46.0	27.0	16.0	-1.0	53.0	-1.0	57.0	72.0	-1.0	58.0	29.0	48.0	-1.0	91.0	79.0	0.0	74.0	84.0	66.0	57.0	-1.0	-1.0	39.0	-1.0	22.0	42.0	13.0	-1.0	7.0	41.0	-1.0	-1.0	39.0	-1.0	39.0	37.0	-1.0	28.0	-1.0	40.0	36.0	-1.0	83.0	-1.0	-1.0	-1.0	-1.0	46.0	75.0	47.0	46.0	42.0	-1.0	58.0	37.0	-1.0	19.0	37.0	55.0	93.0	56.0	34.0	33.0	66.0	-1.0	-1.0	-1.0	-1.0	55.0	116.0	-1.0	67.0	78.0	-1.0	25.0	38.0	-1.0	-1.0	-1.0	79.0	91.0	-1.0	40.0	29.0	67.0	58.0	-1.0	33.0	47.0	-1.0	29.0	42.0	21.0	15.0	65.0	66.0	53.0	48.0	31.0	39.0	76.0	86.0	63.0	50.0	64.0	64.0	-1.0	-1.0	-1.0	32.0	55.0	53.0	33.0	0.0	-1.0	-1.0	43.0	51.0	68.0	-1.0	52.0	-1.0	-1.0	44.0	-1.0	54.0	23.0	0.0	13.0	18.0	40.0	7.0	45.0	-1.0	-1.0	50.0	57.0	-1.0	-1.0	-1.0	29.0	-1.0	45.0	57.0	17.0	-1.0	-1.0	-1.0	68.0	63.0	-1.0	98.0	
-1.0	-1.0	-1.0	77.0	58.0	-1.0	64.0	-1.0	53.0	45.0	91.0	77.0	73.0	65.0	47.0	45.0	25.0	19.0	48.0	-1.0	79.0	-1.0	55.0	35.0	48.0	46.0	50.0	56.0	88.0	45.0	66.0	38.0	101.0	27.0	-1.0	-1.0	83.0	70.0	-1.0	-1.0	-1.0	66.0	-1.0	36.0	-1.0	13.0	22.0	64.0	-1.0	27.0	16.0	54.0	-1.0	-1.0	-1.0	72.0	71.0	58.0	29.0	48.0	71.0	91.0	79.0	0.0	-1.0	84.0	66.0	57.0	-1.0	-1.0	-1.0	43.0	22.0	42.0	13.0	4.0	7.0	41.0	63.0	1.0	-1.0	-1.0	39.0	37.0	-1.0	-1.0	29.0	40.0	36.0	29.0	-1.0	85.0	73.0	63.0	55.0	46.0	75.0	47.0	46.0	42.0	-1.0	-1.0	37.0	2.0	19.0	37.0	55.0	93.0	56.0	34.0	33.0	66.0	48.0	84.0	-1.0	43.0	55.0	116.0	-1.0	67.0	-1.0	47.0	25.0	38.0	52.0	3.0	19.0	79.0	-1.0	54.0	-1.0	29.0	67.0	58.0	-1.0	33.0	47.0	0.0	-1.0	42.0	-1.0	-1.0	-1.0	66.0	53.0	48.0	-1.0	39.0	76.0	86.0	-1.0	50.0	-1.0	64.0	-1.0	-1.0	35.0	32.0	55.0	53.0	33.0	-1.0	49.0	53.0	-1.0	51.0	68.0	23.0	52.0	-1.0	52.0	-1.0	36.0	54.0	23.0	-1.0	13.0	18.0	40.0	-1.0	-1.0	74.0	-1.0	-1.0	-1.0	26.0	0.0	24.0	29.0	54.0	-1.0	57.0	-1.0	25.0	-1.0	57.0	-1.0	-1.0	30.0	98.0	
98.0	35.0	-1.0	77.0	58.0	64.0	64.0	55.0	53.0	45.0	91.0	77.0	73.0	65.0	47.0	45.0	25.0	19.0	48.0	64.0	79.0	57.0	-1.0	35.0	48.0	-1.0	50.0	-1.0	88.0	45.0	66.0	38.0	101.0	-1.0	85.0	28.0	83.0	70.0	-1.0	49.0	-1.0	66.0	96.0	-1.0	-1.0	13.0	22.0	-1.0	-1.0	27.0	16.0	-1.0	-1.0	48.0	57.0	-1.0	71.0	58.0	-1.0	48.0	71.0	91.0	-1.0	0.0	-1.0	84.0	66.0	57.0	86.0	17.0	-1.0	43.0	22.0	42.0	13.0	-1.0	7.0	-1.0	-1.0	1.0	39.0	34.0	39.0	37.0	55.0	28.0	29.0	40.0	36.0	-1.0	83.0	85.0	-1.0	63.0	55.0	46.0	75.0	47.0	-1.0	42.0	38.0	58.0	37.0	-1.0	-1.0	37.0	-1.0	-1.0	56.0	34.0	-1.0	-1.0	48.0	-1.0	51.0	43.0	55.0	116.0	78.0	67.0	78.0	47.0	25.0	38.0	-1.0	3.0	-1.0	79.0	-1.0	54.0	-1.0	29.0	67.0	-1.0	49.0	33.0	-1.0	0.0	29.0	42.0	21.0	-1.0	-1.0	-1.0	53.0	48.0	-1.0	39.0	-1.0	86.0	63.0	-1.0	64.0	-1.0	50.0	26.0	-1.0	-1.0	55.0	53.0	33.0	-1.0	49.0	53.0	43.0	51.0	-1.0	23.0	-1.0	57.0	-1.0	-1.0	36.0	54.0	23.0	0.0	-1.0	-1.0	40.0	7.0	45.0	74.0	77.0	-1.0	-1.0	-1.0	-1.0	24.0	29.0	-1.0	-1.0	57.0	17.0	-1.0	47.0	-1.0	68.0	63.0	-1.0	98.0	

distances_centre_w :
120.0	-1.0	79.0	92.0	97.0	83.0	86.0	77.0	-1.0	-1.0	98.0	109.0	74.0	-1.0	-1.0	70.0	-1.0	59.0	70.0	86.0	-1.0	70.0	-1.0	64.0	51.0	52.0	77.0	-1.0	110.0	67.0	89.0	70.0	116.0	85.0	111.0	54.0	-1.0	81.0	79.0	-1.0	110.0	88.0	-1.0	-1.0	27.0	-1.0	-1.0	95.0	76.0	59.0	64.0	-1.0	78.0	-1.0	89.0	104.0	-1.0	64.0	77.0	79.0	-1.0	108.0	110.0	48.0	98.0	113.0	88.0	60.0	-1.0	-1.0	87.0	-1.0	61.0	75.0	53.0	-1.0	47.0	47.0	-1.0	-1.0	47.0	-1.0	79.0	85.0	-1.0	60.0	-1.0	62.0	64.0	-1.0	94.0	-1.0	-1.0	-1.0	-1.0	80.0	107.0	87.0	57.0	67.0	-1.0	64.0	59.0	-1.0	41.0	62.0	77.0	108.0	57.0	64.0	65.0	98.0	-1.0	-1.0	-1.0	-1.0	88.0	126.0	-1.0	94.0	87.0	-1.0	36.0	75.0	-1.0	-1.0	-1.0	100.0	106.0	-1.0	62.0	51.0	78.0	90.0	-1.0	55.0	76.0	-1.0	69.0	57.0	43.0	37.0	87.0	88.0	76.0	76.0	55.0	102.0	98.0	97.0	78.0	72.0	86.0	66.0	-1.0	-1.0	-1.0	72.0	77.0	86.0	67.0	82.0	-1.0	-1.0	64.0	56.0	81.0	-1.0	61.0	-1.0	-1.0	62.0	-1.0	76.0	45.0	22.0	45.0	50.0	70.0	15.0	56.0	-1.0	-1.0	58.0	81.0	-1.0	-1.0	-1.0	97.0	-1.0	72.0	94.0	51.0	-1.0	-1.0	-1.0	76.0	71.0	-1.0	120.0	
-1.0	-1.0	-1.0	92.0	97.0	-1.0	86.0	-1.0	87.0	63.0	98.0	109.0	74.0	80.0	72.0	70.0	65.0	59.0	70.0	-1.0	101.0	-1.0	63.0	64.0	51.0	52.0	77.0	71.0	110.0	67.0	89.0	70.0	116.0	85.0	-1.0	-1.0	108.0	81.0	-1.0	-1.0	-1.0	88.0	-1.0	58.0	-1.0	35.0	64.0	95.0	-1.0	59.0	64.0	55.0	-1.0	-1.0	-1.0	104.0	86.0	64.0	77.0	79.0	108.0	108.0	110.0	48.0	-1.0	113.0	88.0	60.0	-1.0	-1.0	-1.0	82.0	61.0	75.0	53.0	44.0	47.0	47.0	84.0	69.0	-1.0	-1.0	79.0	85.0	-1.0	-1.0	61.0	62.0	64.0	57.0	-1.0	100.0	107.0	77.0	81.0	80.0	107.0	87.0	57.0	67.0	-1.0	-1.0	59.0	24.0	41.0	62.0	77.0	108.0	57.0	64.0	65.0	98.0	73.0	86.0	-1.0	67.0	88.0	126.0	-1.0	94.0	-1.0	79.0	36.0	75.0	89.0	25.0	41.0	100.0	-1.0	76.0	-1.0	51.0	78.0	90.0	-1.0	55.0	76.0	48.0	-1.0	57.0	-1.0	-1.0	-1.0	88.0	76.0	76.0	-1.0	102.0	98.0	97.0	-1.0	72.0	-1.0	66.0	-1.0	-1.0	64.0	72.0	77.0	86.0	67.0	-1.0	74.0	62.0	-1.0	56.0	81.0	60.0	61.0	-1.0	91.0	-1.0	62.0	76.0	45.0	-1.0	45.0	50.0	70.0	-1.0	-1.0	108.0	-1.0	-1.0	-1.0	54.0	68.0	92.0	97.0	60.0	-1.0	94.0	-1.0	59.0	-1.0	68.0	-1.0	-1.0	64.0	120.0	
120.0	57.0	-1.0	92.0	97.0	83.0	86.0	77.0	87.0	63.0	98.0	109.0	74.0	80.0	72.0	70.0	65.0	59.0	70.0	86.0	101.0	70.0	-1.0	64.0	51.0	-1.0	77.0	-1.0	110.0	67.0	89.0	70.0	116.0	-1.0	111.0	54.0	108.0	81.0	-1.0	71.0	-1.0	88.0	106.0	-1.0	-1.0	35.0	64.0	-1.0	-1.0	59.0	64.0	-1.0	-1.0	54.0	89.0	-1.0	86.0	64.0	-1.0	79.0	108.0	108.0	-1.0	48.0	-1.0	113.0	88.0	60.0	112.0	65.0	-1.0	82.0	61.0	75.0	53.0	-1.0	47.0	-1.0	-1.0	69.0	47.0	52.0	79.0	85.0	87.0	60.0	61.0	62.0	64.0	-1.0	94.0	100.0	-1.0	77.0	81.0	80.0	107.0	87.0	-1.0	67.0	63.0	64.0	59.0	-1.0	-1.0	62.0	-1.0	-1.0	57.0	64.0	-1.0	-1.0	73.0	-1.0	69.0	67.0	88.0	126.0	105.0	94.0	87.0	79.0	36.0	75.0	-1.0	25.0	-1.0	100.0	-1.0	76.0	-1.0	51.0	78.0	-1.0	71.0	55.0	-1.0	48.0	69.0	57.0	43.0	-1.0	-1.0	-1.0	76.0	76.0	-1.0	102.0	-1.0	97.0	78.0	-1.0	86.0	-1.0	61.0	60.0	-1.0	-1.0	77.0	86.0	67.0	-1.0	74.0	62.0	64.0	56.0	-1.0	60.0	-1.0	65.0	-1.0	-1.0	62.0	76.0	45.0	22.0	-1.0	-1.0	70.0	15.0	56.0	108.0	111.0	-1.0	-1.0	-1.0	-1.0	92.0	97.0	-1.0	-1.0	94.0	51.0	-1.0	72.0	-1.0	76.0	71.0	-1.0	120.0	

maxX :
116.0	116.0	116.0	

maxW :
126.0	126.0	126.0	

minX :
0.0	0.0	0.0	

minW :
15.0	24.0	15.0	

moyX :
50.26865671641791	48.297872340425535	49.97826086956522	

moyW :
75.24626865671642	74.79432624113475	75.20289855072464	

medX :
49.0	48.0	48.5	

medW :
76.0	74.0	73.5	

ecartTypeX :
23.027940257955063	23.175477587970256	23.403971975325092	

ecartTypeW :
21.080668291809822	20.160180445866022	20.833765590978818	

varX :
530.2860325239475	537.1027614305116	547.7459042218022	

varW :
444.3945756293161	406.43287560987875	434.045788699853	

covarX :
534.2731455504431	540.9392097264437	551.7440495080928	

covarW :
447.73588822803276	409.3359675785208	437.2140061356184	

coef_variationX :
0.4580973863666833	0.4798446901474018	0.4682830408286012	

coef_variationW :
0.2801556631064679	0.2695415743283813	0.277034077043272	

moy_distances_centre :	62.3
min_distances_centre :	22.0
max_distances_centre :	87.0
med_distances_centre :	64.0
ecartType_distances_centre :	17.222369175000285
var_distances_centre :	296.61
covar_distances_centre :	312.22105263157886
coef_variation_distances_centre :	0.2764425228731988
capacite_X_temoin : 
195.0	183.0	171.0	196.0	187.0	
179.0	183.0	199.0	176.0	188.0	
187.0	198.0	189.0	194.0	188.0	

capacite_W_temoin : 
234.5	214.9	209.3	213.8	205.1	
214.7	213.9	245.7	191.8	195.4	
224.1	232.4	234.7	215.2	198.4	

demande_cumulee_X : 
19.0	23.0	13.0	41.0	38.0	
18.0	24.0	13.0	37.0	49.0	
19.0	25.0	11.0	37.0	46.0	

demande_cumulee_W : 
99.0	23.0	7.0	3.0	2.0	
103.0	24.0	8.0	4.0	2.0	
102.0	23.0	5.0	4.0	4.0	

capacite_residuelle_X : 
176.0	160.0	158.0	155.0	149.0	
161.0	159.0	186.0	139.0	139.0	
168.0	173.0	178.0	157.0	142.0	

capacite_residuelle_W : 
135.5	191.9	202.3	210.8	203.1	
111.69999999999999	189.9	237.7	187.8	193.4	
122.1	209.4	229.7	211.2	194.4	

min_capacite_X : 
171.0	176.0	187.0	

min_capacite_W : 
205.1	191.8	198.4	

max_capacite_X : 
196.0	199.0	198.0	

max_capacite_W : 
234.5	245.7	234.7	

moy_capacite_X : 
186.4	185.0	191.2	

moy_capacite_W : 
215.51999999999998	212.3	220.96000000000004	

med_capacite_X : 
187.0	183.0	189.0	

med_capacite_W : 
213.8	213.9	224.1	

ecartType_capacite_X : 
9.112628599915615	8.07465169527454	4.166533331199931	

ecartType_capacite_W : 
10.107897902135734	19.129767379662507	13.203423798394109	

var_capacite_X : 
83.04	65.2	17.359999999999996	

var_capacite_W : 
102.16959999999999	365.94799999999975	174.3303999999999	

covar_capacite_X : 
103.80000000000001	81.5	21.699999999999996	

covar_capacite_W : 
127.71199999999999	457.43499999999966	217.9129999999999	

##########	##########	##########	##########	##########	##########	##########	##########	##########	##########	##########	##########	##########	##########	##########	##########	##########	##########	##########	##########	##########	##########	##########	##########	##########	##########	##########	##########	##########	##########	##########	##########	##########	##########	##########	##########	##########	##########	##########	##########	##########	##########	##########	##########	##########	##########	##########	##########	##########	##########	##########	##########	##########	##########	##########	##########	##########	##########	##########	##########	##########	##########	##########	##########	##########	##########	##########	##########	##########	##########	##########	##########	##########	##########	##########	##########	##########	##########	##########	##########	##########	##########	##########	##########	##########	##########	##########	##########	##########	##########	##########	##########	##########	##########	##########	##########	##########	##########	##########	##########	##########	##########	##########	##########	##########	##########	##########	##########	##########	##########	##########	##########	##########	##########	##########	##########	##########	##########	##########	##########	##########	##########	##########	##########	##########	##########	##########	##########	##########	##########	##########	##########	##########	##########	##########	##########	##########	##########	##########	##########	##########	##########	##########	##########	##########	##########	##########	##########	##########	##########	##########	##########	##########	##########	##########	##########	##########	##########	##########	##########	##########	##########	##########	##########	##########	##########	##########	##########	##########	##########	##########	##########	##########	##########	##########	##########	##########	##########	##########	##########	##########	##########	##########	##########	##########	##########	##########	##########	##########	##########	##########	##########	##########	##########	##########	##########	##########	##########	##########	##########	nombre de noeuds : 200
nombre de strates : 3
nombre de centres : 5
titre : intelligent
instances : pmed6_1
temps de calcul : 0.05929303169250488
valeur objective : 708.0
nombre de solutions : 2
nombre de noeuds : 0.0
faisability : True
centre : [175, 137, 186, 63, 193]
moy_distances :	81.48
min_distances :	1.0
max_distances :	198.0
var_distances :	753.2317887199818
covar_distances :	753.250714617334
ecartType_distances :	27.44506856832356
coef_variation	: 0.3368234488274935
distances_centre_x :
98.0	-1.0	37.0	70.0	58.0	64.0	64.0	55.0	-1.0	-1.0	91.0	68.0	73.0	-1.0	-1.0	38.0	-1.0	19.0	48.0	64.0	-1.0	57.0	-1.0	47.0	51.0	46.0	51.0	-1.0	88.0	45.0	57.0	29.0	96.0	94.0	86.0	32.0	-1.0	70.0	53.0	-1.0	73.0	66.0	-1.0	-1.0	5.0	-1.0	-1.0	55.0	46.0	27.0	16.0	-1.0	53.0	-1.0	48.0	63.0	-1.0	58.0	29.0	48.0	-1.0	91.0	79.0	0.0	74.0	84.0	58.0	60.0	-1.0	-1.0	39.0	-1.0	22.0	42.0	13.0	-1.0	7.0	29.0	-1.0	-1.0	31.0	-1.0	39.0	77.0	-1.0	19.0	-1.0	40.0	36.0	-1.0	58.0	-1.0	-1.0	-1.0	-1.0	46.0	66.0	47.0	21.0	42.0	-1.0	58.0	37.0	-1.0	19.0	37.0	55.0	93.0	56.0	34.0	33.0	66.0	-1.0	-1.0	-1.0	-1.0	55.0	116.0	-1.0	67.0	78.0	-1.0	25.0	38.0	-1.0	-1.0	-1.0	86.0	91.0	-1.0	40.0	29.0	67.0	58.0	-1.0	33.0	47.0	-1.0	29.0	42.0	21.0	15.0	65.0	66.0	53.0	48.0	31.0	39.0	76.0	86.0	63.0	50.0	64.0	65.0	-1.0	-1.0	-1.0	32.0	55.0	86.0	8.0	58.0	-1.0	-1.0	43.0	51.0	68.0	-1.0	52.0	-1.0	-1.0	44.0	-1.0	54.0	23.0	0.0	45.0	9.0	31.0	7.0	45.0	-1.0	-1.0	42.0	57.0	-1.0	-1.0	-1.0	29.0	-1.0	36.0	57.0	8.0	-1.0	-1.0	-1.0	68.0	63.0	-1.0	98.0	
-1.0	-1.0	-1.0	70.0	58.0	-1.0	64.0	-1.0	44.0	45.0	91.0	68.0	73.0	58.0	40.0	38.0	25.0	19.0	48.0	-1.0	79.0	-1.0	47.0	47.0	51.0	46.0	51.0	56.0	88.0	45.0	57.0	29.0	96.0	94.0	-1.0	-1.0	83.0	70.0	-1.0	-1.0	-1.0	66.0	-1.0	36.0	-1.0	13.0	22.0	55.0	-1.0	27.0	16.0	54.0	-1.0	-1.0	-1.0	63.0	65.0	58.0	29.0	48.0	71.0	91.0	79.0	0.0	-1.0	84.0	58.0	60.0	-1.0	-1.0	-1.0	43.0	22.0	42.0	13.0	4.0	7.0	29.0	56.0	1.0	-1.0	-1.0	39.0	77.0	-1.0	-1.0	20.0	40.0	36.0	29.0	-1.0	85.0	73.0	63.0	56.0	46.0	66.0	47.0	21.0	42.0	-1.0	-1.0	37.0	2.0	19.0	37.0	55.0	93.0	56.0	34.0	33.0	66.0	48.0	85.0	-1.0	43.0	55.0	116.0	-1.0	67.0	-1.0	79.0	25.0	38.0	52.0	3.0	19.0	86.0	-1.0	54.0	-1.0	29.0	67.0	58.0	-1.0	33.0	47.0	0.0	-1.0	42.0	-1.0	-1.0	-1.0	66.0	53.0	48.0	-1.0	39.0	76.0	86.0	-1.0	50.0	-1.0	65.0	-1.0	-1.0	35.0	32.0	55.0	86.0	8.0	-1.0	49.0	53.0	-1.0	51.0	68.0	23.0	52.0	-1.0	52.0	-1.0	36.0	54.0	23.0	-1.0	45.0	9.0	31.0	-1.0	-1.0	74.0	-1.0	-1.0	-1.0	26.0	0.0	24.0	29.0	42.0	-1.0	57.0	-1.0	0.0	-1.0	57.0	-1.0	-1.0	30.0	98.0	
98.0	35.0	-1.0	70.0	58.0	64.0	64.0	55.0	44.0	45.0	91.0	68.0	73.0	58.0	40.0	38.0	25.0	19.0	48.0	64.0	79.0	57.0	-1.0	47.0	51.0	-1.0	51.0	-1.0	88.0	45.0	57.0	29.0	96.0	-1.0	86.0	32.0	83.0	70.0	-1.0	49.0	-1.0	66.0	96.0	-1.0	-1.0	13.0	22.0	-1.0	-1.0	27.0	16.0	-1.0	-1.0	48.0	48.0	-1.0	65.0	58.0	-1.0	48.0	71.0	91.0	-1.0	0.0	-1.0	84.0	58.0	60.0	86.0	17.0	-1.0	43.0	22.0	42.0	13.0	-1.0	7.0	-1.0	-1.0	1.0	31.0	34.0	39.0	77.0	46.0	19.0	20.0	40.0	36.0	-1.0	58.0	85.0	-1.0	63.0	56.0	46.0	66.0	47.0	-1.0	42.0	38.0	58.0	37.0	-1.0	-1.0	37.0	-1.0	-1.0	56.0	34.0	-1.0	-1.0	48.0	-1.0	51.0	43.0	55.0	116.0	78.0	67.0	78.0	79.0	25.0	38.0	-1.0	3.0	-1.0	86.0	-1.0	54.0	-1.0	29.0	67.0	-1.0	49.0	33.0	-1.0	0.0	29.0	42.0	21.0	-1.0	-1.0	-1.0	53.0	48.0	-1.0	39.0	-1.0	86.0	63.0	-1.0	64.0	-1.0	50.0	26.0	-1.0	-1.0	55.0	86.0	8.0	-1.0	49.0	53.0	43.0	51.0	-1.0	23.0	-1.0	49.0	-1.0	-1.0	36.0	54.0	23.0	0.0	-1.0	-1.0	31.0	7.0	45.0	74.0	77.0	-1.0	-1.0	-1.0	-1.0	24.0	29.0	-1.0	-1.0	57.0	8.0	-1.0	47.0	-1.0	68.0	63.0	-1.0	98.0	

distances_centre_w :
120.0	-1.0	79.0	92.0	97.0	83.0	86.0	77.0	-1.0	-1.0	105.0	97.0	74.0	-1.0	-1.0	70.0	-1.0	59.0	70.0	86.0	-1.0	70.0	-1.0	64.0	60.0	52.0	77.0	-1.0	110.0	67.0	89.0	64.0	116.0	109.0	111.0	54.0	-1.0	81.0	79.0	-1.0	110.0	88.0	-1.0	-1.0	27.0	-1.0	-1.0	73.0	68.0	59.0	64.0	-1.0	78.0	-1.0	83.0	98.0	-1.0	64.0	77.0	80.0	-1.0	108.0	110.0	48.0	98.0	101.0	88.0	69.0	-1.0	-1.0	87.0	-1.0	61.0	75.0	53.0	-1.0	47.0	47.0	-1.0	-1.0	47.0	-1.0	79.0	85.0	-1.0	54.0	-1.0	62.0	44.0	-1.0	94.0	-1.0	-1.0	-1.0	-1.0	80.0	95.0	76.0	57.0	67.0	-1.0	64.0	59.0	-1.0	41.0	62.0	75.0	108.0	57.0	68.0	67.0	100.0	-1.0	-1.0	-1.0	-1.0	56.0	117.0	-1.0	94.0	87.0	-1.0	36.0	75.0	-1.0	-1.0	-1.0	100.0	106.0	-1.0	62.0	51.0	78.0	68.0	-1.0	55.0	76.0	-1.0	69.0	57.0	43.0	37.0	87.0	88.0	75.0	70.0	55.0	102.0	98.0	97.0	95.0	72.0	86.0	66.0	-1.0	-1.0	-1.0	72.0	77.0	96.0	62.0	82.0	-1.0	-1.0	52.0	56.0	81.0	-1.0	61.0	-1.0	-1.0	62.0	-1.0	76.0	45.0	22.0	61.0	50.0	70.0	15.0	56.0	-1.0	-1.0	58.0	81.0	-1.0	-1.0	-1.0	92.0	-1.0	72.0	94.0	51.0	-1.0	-1.0	-1.0	76.0	71.0	-1.0	120.0	
-1.0	-1.0	-1.0	92.0	97.0	-1.0	86.0	-1.0	87.0	63.0	105.0	97.0	74.0	80.0	72.0	70.0	65.0	59.0	70.0	-1.0	101.0	-1.0	63.0	64.0	60.0	52.0	77.0	88.0	110.0	67.0	89.0	64.0	116.0	109.0	-1.0	-1.0	108.0	81.0	-1.0	-1.0	-1.0	88.0	-1.0	58.0	-1.0	35.0	64.0	73.0	-1.0	59.0	64.0	55.0	-1.0	-1.0	-1.0	98.0	71.0	64.0	77.0	80.0	108.0	108.0	110.0	48.0	-1.0	101.0	88.0	69.0	-1.0	-1.0	-1.0	82.0	61.0	75.0	53.0	44.0	47.0	47.0	84.0	68.0	-1.0	-1.0	79.0	85.0	-1.0	-1.0	55.0	62.0	44.0	51.0	-1.0	100.0	95.0	77.0	81.0	80.0	95.0	76.0	57.0	67.0	-1.0	-1.0	59.0	24.0	41.0	62.0	75.0	108.0	57.0	68.0	67.0	100.0	73.0	106.0	-1.0	67.0	56.0	117.0	-1.0	94.0	-1.0	92.0	36.0	75.0	89.0	25.0	41.0	100.0	-1.0	76.0	-1.0	51.0	78.0	68.0	-1.0	55.0	76.0	48.0	-1.0	57.0	-1.0	-1.0	-1.0	88.0	75.0	70.0	-1.0	102.0	98.0	97.0	-1.0	72.0	-1.0	66.0	-1.0	-1.0	69.0	72.0	77.0	96.0	62.0	-1.0	74.0	62.0	-1.0	56.0	81.0	60.0	61.0	-1.0	85.0	-1.0	66.0	76.0	45.0	-1.0	61.0	50.0	70.0	-1.0	-1.0	108.0	-1.0	-1.0	-1.0	54.0	67.0	87.0	92.0	60.0	-1.0	94.0	-1.0	59.0	-1.0	68.0	-1.0	-1.0	64.0	120.0	
120.0	57.0	-1.0	92.0	97.0	83.0	86.0	77.0	87.0	63.0	105.0	97.0	74.0	80.0	72.0	70.0	65.0	59.0	70.0	86.0	101.0	70.0	-1.0	64.0	60.0	-1.0	77.0	-1.0	110.0	67.0	89.0	64.0	116.0	-1.0	111.0	54.0	108.0	81.0	-1.0	71.0	-1.0	88.0	106.0	-1.0	-1.0	35.0	64.0	-1.0	-1.0	59.0	64.0	-1.0	-1.0	54.0	83.0	-1.0	71.0	64.0	-1.0	80.0	108.0	108.0	-1.0	48.0	-1.0	101.0	88.0	69.0	105.0	65.0	-1.0	82.0	61.0	75.0	53.0	-1.0	47.0	-1.0	-1.0	68.0	47.0	52.0	79.0	85.0	81.0	54.0	55.0	62.0	44.0	-1.0	94.0	100.0	-1.0	77.0	81.0	80.0	95.0	76.0	-1.0	67.0	63.0	64.0	59.0	-1.0	-1.0	62.0	-1.0	-1.0	57.0	68.0	-1.0	-1.0	73.0	-1.0	69.0	67.0	56.0	117.0	105.0	94.0	87.0	92.0	36.0	75.0	-1.0	25.0	-1.0	100.0	-1.0	76.0	-1.0	51.0	78.0	-1.0	71.0	55.0	-1.0	48.0	69.0	57.0	43.0	-1.0	-1.0	-1.0	75.0	70.0	-1.0	102.0	-1.0	97.0	95.0	-1.0	86.0	-1.0	61.0	60.0	-1.0	-1.0	77.0	96.0	62.0	-1.0	74.0	62.0	52.0	56.0	-1.0	60.0	-1.0	65.0	-1.0	-1.0	66.0	76.0	45.0	22.0	-1.0	-1.0	70.0	15.0	56.0	108.0	111.0	-1.0	-1.0	-1.0	-1.0	87.0	92.0	-1.0	-1.0	94.0	51.0	-1.0	72.0	-1.0	76.0	71.0	-1.0	120.0	

maxX :
116.0	116.0	116.0	

maxW :
120.0	120.0	120.0	

minX :
0.0	0.0	0.0	

minW :
15.0	24.0	15.0	

moyX :
50.417910447761194	48.170212765957444	49.43478260869565	

moyW :
74.3955223880597	74.1418439716312	74.32608695652173	

medX :
51.0	48.0	48.5	

medW :
74.5	72.0	71.5	

ecartTypeX :
23.30597851281387	24.15991564695965	23.93589158799315	

ecartTypeW :
20.816905678811718	19.819247597302297	20.57230551623488	

varX :
543.1686344397417	583.7015240682058	572.9269061121613	

varW :
433.3435620405436	392.8025753231729	423.2197542533081	

covarX :
547.2526091347773	587.870820668693	577.1088543319581	

covarW :
436.6017843115251	395.6083080040527	426.30894953982863	

coef_variationX :
0.46225593853124014	0.501553019172749	0.4841912986137577	

coef_variationW :
0.2798139593701244	0.26731527752244344	0.27678445561474246	

moy_distances_centre :	56.0
min_distances_centre :	22.0
max_distances_centre :	70.0
med_distances_centre :	64.0
ecartType_distances_centre :	17.515707236649053
var_distances_centre :	306.8
covar_distances_centre :	322.9473684210526
coef_variation_distances_centre :	0.31278048636873307
capacite_X_temoin : 
195.0	183.0	196.0	187.0	187.0	
179.0	183.0	176.0	188.0	189.0	
187.0	198.0	194.0	188.0	183.0	

capacite_W_temoin : 
231.5	213.9	214.8	220.1	218.1	
212.7	211.9	193.8	210.4	219.7	
222.1	232.4	214.2	215.4	212.9	

demande_cumulee_X : 
22.0	24.0	40.0	23.0	25.0	
20.0	26.0	35.0	34.0	26.0	
21.0	25.0	38.0	29.0	25.0	

demande_cumulee_W : 
81.0	41.0	10.0	0.0	2.0	
84.0	42.0	12.0	1.0	2.0	
81.0	39.0	13.0	1.0	4.0	

capacite_residuelle_X : 
173.0	159.0	156.0	164.0	162.0	
159.0	157.0	141.0	154.0	163.0	
166.0	173.0	156.0	159.0	158.0	

capacite_residuelle_W : 
150.5	172.9	204.8	220.1	216.1	
128.7	169.9	181.8	209.4	217.7	
141.1	193.4	201.2	214.4	208.9	

min_capacite_X : 
183.0	176.0	183.0	

min_capacite_W : 
213.9	193.8	212.9	

max_capacite_X : 
196.0	189.0	198.0	

max_capacite_W : 
231.5	219.7	232.4	

moy_capacite_X : 
189.6	183.0	190.0	

moy_capacite_W : 
219.68	209.7	219.4	

med_capacite_X : 
187.0	183.0	188.0	

med_capacite_W : 
218.1	211.9	215.4	

ecartType_capacite_X : 
5.043808085167397	5.019960159204453	5.329165037789691	

ecartType_capacite_W : 
6.3183542160914	8.569013945606569	7.232980022093246	

var_capacite_X : 
25.440000000000005	25.2	28.4	

var_capacite_W : 
39.92159999999997	73.42799999999987	52.31600000000002	

covar_capacite_X : 
31.800000000000004	31.5	35.5	

covar_capacite_W : 
49.901999999999965	91.78499999999984	65.39500000000002	

##########	##########	##########	##########	##########	##########	##########	##########	##########	##########	##########	##########	##########	##########	##########	##########	##########	##########	##########	##########	##########	##########	##########	##########	##########	##########	##########	##########	##########	##########	##########	##########	##########	##########	##########	##########	##########	##########	##########	##########	##########	##########	##########	##########	##########	##########	##########	##########	##########	##########	##########	##########	##########	##########	##########	##########	##########	##########	##########	##########	##########	##########	##########	##########	##########	##########	##########	##########	##########	##########	##########	##########	##########	##########	##########	##########	##########	##########	##########	##########	##########	##########	##########	##########	##########	##########	##########	##########	##########	##########	##########	##########	##########	##########	##########	##########	##########	##########	##########	##########	##########	##########	##########	##########	##########	##########	##########	##########	##########	##########	##########	##########	##########	##########	##########	##########	##########	##########	##########	##########	##########	##########	##########	##########	##########	##########	##########	##########	##########	##########	##########	##########	##########	##########	##########	##########	##########	##########	##########	##########	##########	##########	##########	##########	##########	##########	##########	##########	##########	##########	##########	##########	##########	##########	##########	##########	##########	##########	##########	##########	##########	##########	##########	##########	##########	##########	##########	##########	##########	##########	##########	##########	##########	##########	##########	##########	##########	##########	##########	##########	##########	##########	##########	##########	##########	##########	##########	##########	##########	##########	##########	##########	##########	##########	##########	##########	##########	##########	##########	##########	nombre de noeuds : 200
nombre de strates : 3
nombre de centres : 5
titre : intelligent
instances : pmed6_1
temps de calcul : 0.060468196868896484
valeur objective : 687.0
nombre de solutions : 2
nombre de noeuds : 0.0
faisability : True
centre : [175, 137, 186, 63, 81]
moy_distances :	81.48
min_distances :	1.0
max_distances :	198.0
var_distances :	753.2317887199818
covar_distances :	753.250714617334
ecartType_distances :	27.44506856832356
coef_variation	: 0.3368234488274935
distances_centre_x :
98.0	-1.0	37.0	69.0	58.0	52.0	64.0	55.0	-1.0	-1.0	91.0	77.0	70.0	-1.0	-1.0	70.0	-1.0	19.0	48.0	64.0	-1.0	44.0	-1.0	47.0	51.0	46.0	60.0	-1.0	88.0	45.0	66.0	38.0	101.0	85.0	88.0	31.0	-1.0	70.0	57.0	-1.0	73.0	66.0	-1.0	-1.0	5.0	-1.0	-1.0	64.0	46.0	25.0	16.0	-1.0	53.0	-1.0	57.0	72.0	-1.0	58.0	29.0	48.0	-1.0	91.0	79.0	0.0	74.0	72.0	66.0	60.0	-1.0	-1.0	39.0	-1.0	22.0	42.0	13.0	-1.0	7.0	13.0	-1.0	-1.0	13.0	-1.0	27.0	70.0	-1.0	28.0	-1.0	40.0	36.0	-1.0	60.0	-1.0	-1.0	-1.0	-1.0	46.0	75.0	47.0	23.0	42.0	-1.0	58.0	37.0	-1.0	19.0	37.0	55.0	93.0	53.0	34.0	33.0	66.0	-1.0	-1.0	-1.0	-1.0	55.0	109.0	-1.0	60.0	75.0	-1.0	25.0	38.0	-1.0	-1.0	-1.0	86.0	91.0	-1.0	39.0	28.0	65.0	58.0	-1.0	33.0	47.0	-1.0	29.0	42.0	21.0	15.0	65.0	66.0	53.0	48.0	31.0	39.0	76.0	86.0	63.0	50.0	64.0	65.0	-1.0	-1.0	-1.0	32.0	55.0	86.0	33.0	58.0	-1.0	-1.0	43.0	46.0	68.0	-1.0	49.0	-1.0	-1.0	39.0	-1.0	54.0	23.0	0.0	45.0	18.0	40.0	7.0	45.0	-1.0	-1.0	24.0	57.0	-1.0	-1.0	-1.0	29.0	-1.0	45.0	57.0	17.0	-1.0	-1.0	-1.0	88.0	63.0	-1.0	98.0	
-1.0	-1.0	-1.0	69.0	58.0	-1.0	64.0	-1.0	53.0	38.0	91.0	77.0	70.0	57.0	72.0	70.0	25.0	19.0	48.0	-1.0	79.0	-1.0	29.0	47.0	51.0	46.0	60.0	56.0	88.0	45.0	66.0	38.0	101.0	85.0	-1.0	-1.0	83.0	70.0	-1.0	-1.0	-1.0	66.0	-1.0	36.0	-1.0	13.0	22.0	64.0	-1.0	25.0	16.0	54.0	-1.0	-1.0	-1.0	72.0	59.0	58.0	29.0	48.0	71.0	91.0	79.0	0.0	-1.0	72.0	66.0	60.0	-1.0	-1.0	-1.0	43.0	22.0	42.0	13.0	4.0	7.0	13.0	84.0	1.0	-1.0	-1.0	27.0	70.0	-1.0	-1.0	29.0	40.0	36.0	29.0	-1.0	85.0	73.0	63.0	65.0	46.0	75.0	47.0	23.0	42.0	-1.0	-1.0	37.0	2.0	19.0	37.0	55.0	93.0	53.0	34.0	33.0	66.0	48.0	85.0	-1.0	43.0	55.0	109.0	-1.0	60.0	-1.0	79.0	25.0	38.0	52.0	3.0	18.0	86.0	-1.0	54.0	-1.0	28.0	65.0	58.0	-1.0	33.0	47.0	0.0	-1.0	42.0	-1.0	-1.0	-1.0	66.0	53.0	48.0	-1.0	39.0	76.0	86.0	-1.0	50.0	-1.0	65.0	-1.0	-1.0	35.0	32.0	55.0	86.0	33.0	-1.0	49.0	50.0	-1.0	46.0	68.0	23.0	49.0	-1.0	52.0	-1.0	36.0	54.0	23.0	-1.0	45.0	18.0	40.0	-1.0	-1.0	74.0	-1.0	-1.0	-1.0	26.0	0.0	24.0	29.0	26.0	-1.0	57.0	-1.0	25.0	-1.0	57.0	-1.0	-1.0	30.0	98.0	
98.0	35.0	-1.0	69.0	58.0	52.0	64.0	55.0	53.0	38.0	91.0	77.0	70.0	57.0	72.0	70.0	25.0	19.0	48.0	64.0	79.0	44.0	-1.0	47.0	51.0	-1.0	60.0	-1.0	88.0	45.0	66.0	38.0	101.0	-1.0	88.0	31.0	83.0	70.0	-1.0	49.0	-1.0	66.0	96.0	-1.0	-1.0	13.0	22.0	-1.0	-1.0	25.0	16.0	-1.0	-1.0	48.0	57.0	-1.0	59.0	58.0	-1.0	48.0	71.0	91.0	-1.0	0.0	-1.0	72.0	66.0	60.0	86.0	17.0	-1.0	43.0	22.0	42.0	13.0	-1.0	7.0	-1.0	-1.0	1.0	13.0	0.0	27.0	70.0	55.0	28.0	29.0	40.0	36.0	-1.0	60.0	85.0	-1.0	63.0	65.0	46.0	75.0	47.0	-1.0	42.0	38.0	58.0	37.0	-1.0	-1.0	37.0	-1.0	-1.0	53.0	34.0	-1.0	-1.0	48.0	-1.0	44.0	43.0	55.0	109.0	71.0	60.0	75.0	79.0	25.0	38.0	-1.0	3.0	-1.0	86.0	-1.0	54.0	-1.0	28.0	65.0	-1.0	49.0	33.0	-1.0	0.0	29.0	42.0	21.0	-1.0	-1.0	-1.0	53.0	48.0	-1.0	39.0	-1.0	86.0	63.0	-1.0	64.0	-1.0	50.0	26.0	-1.0	-1.0	55.0	86.0	33.0	-1.0	49.0	50.0	43.0	46.0	-1.0	23.0	-1.0	31.0	-1.0	-1.0	36.0	54.0	23.0	0.0	-1.0	-1.0	40.0	7.0	45.0	74.0	77.0	-1.0	-1.0	-1.0	-1.0	24.0	29.0	-1.0	-1.0	57.0	17.0	-1.0	47.0	-1.0	88.0	63.0	-1.0	98.0	

distances_centre_w :
120.0	-1.0	102.0	92.0	97.0	64.0	86.0	77.0	-1.0	-1.0	105.0	97.0	73.0	-1.0	-1.0	79.0	-1.0	59.0	70.0	86.0	-1.0	57.0	-1.0	64.0	60.0	52.0	81.0	-1.0	99.0	67.0	89.0	70.0	116.0	86.0	95.0	54.0	-1.0	81.0	79.0	-1.0	96.0	88.0	-1.0	-1.0	27.0	-1.0	-1.0	95.0	55.0	59.0	64.0	-1.0	57.0	-1.0	77.0	92.0	-1.0	71.0	77.0	52.0	-1.0	108.0	84.0	34.0	97.0	84.0	88.0	69.0	-1.0	-1.0	87.0	-1.0	61.0	75.0	53.0	-1.0	47.0	47.0	-1.0	-1.0	47.0	-1.0	39.0	85.0	-1.0	60.0	-1.0	62.0	64.0	-1.0	94.0	-1.0	-1.0	-1.0	-1.0	80.0	95.0	57.0	57.0	67.0	-1.0	64.0	59.0	-1.0	41.0	62.0	73.0	108.0	56.0	67.0	67.0	100.0	-1.0	-1.0	-1.0	-1.0	66.0	116.0	-1.0	94.0	78.0	-1.0	36.0	75.0	-1.0	-1.0	-1.0	100.0	106.0	-1.0	62.0	51.0	78.0	68.0	-1.0	55.0	76.0	-1.0	69.0	57.0	43.0	37.0	87.0	88.0	76.0	76.0	55.0	106.0	98.0	97.0	67.0	72.0	86.0	72.0	-1.0	-1.0	-1.0	72.0	77.0	98.0	34.0	82.0	-1.0	-1.0	54.0	56.0	81.0	-1.0	52.0	-1.0	-1.0	62.0	-1.0	76.0	45.0	22.0	72.0	50.0	52.0	15.0	56.0	-1.0	-1.0	58.0	81.0	-1.0	-1.0	-1.0	96.0	-1.0	47.0	94.0	51.0	-1.0	-1.0	-1.0	90.0	73.0	-1.0	120.0	
-1.0	-1.0	-1.0	92.0	97.0	-1.0	86.0	-1.0	87.0	63.0	105.0	97.0	73.0	80.0	81.0	79.0	65.0	59.0	70.0	-1.0	101.0	-1.0	63.0	64.0	60.0	52.0	81.0	60.0	99.0	67.0	89.0	70.0	116.0	86.0	-1.0	-1.0	108.0	81.0	-1.0	-1.0	-1.0	88.0	-1.0	58.0	-1.0	35.0	64.0	95.0	-1.0	59.0	64.0	61.0	-1.0	-1.0	-1.0	92.0	71.0	71.0	77.0	52.0	108.0	108.0	84.0	34.0	-1.0	84.0	88.0	69.0	-1.0	-1.0	-1.0	82.0	61.0	75.0	53.0	44.0	47.0	47.0	97.0	68.0	-1.0	-1.0	39.0	85.0	-1.0	-1.0	61.0	62.0	64.0	57.0	-1.0	100.0	92.0	77.0	80.0	80.0	95.0	57.0	57.0	67.0	-1.0	-1.0	59.0	24.0	41.0	62.0	73.0	108.0	56.0	67.0	67.0	100.0	73.0	92.0	-1.0	67.0	66.0	116.0	-1.0	94.0	-1.0	92.0	36.0	75.0	89.0	25.0	41.0	100.0	-1.0	76.0	-1.0	51.0	78.0	68.0	-1.0	55.0	76.0	48.0	-1.0	57.0	-1.0	-1.0	-1.0	88.0	76.0	76.0	-1.0	106.0	98.0	97.0	-1.0	72.0	-1.0	72.0	-1.0	-1.0	68.0	72.0	77.0	98.0	34.0	-1.0	74.0	53.0	-1.0	56.0	81.0	60.0	52.0	-1.0	59.0	-1.0	65.0	76.0	45.0	-1.0	72.0	50.0	52.0	-1.0	-1.0	108.0	-1.0	-1.0	-1.0	54.0	67.0	91.0	96.0	60.0	-1.0	94.0	-1.0	59.0	-1.0	68.0	-1.0	-1.0	64.0	120.0	
120.0	57.0	-1.0	92.0	97.0	64.0	86.0	77.0	87.0	63.0	105.0	97.0	73.0	80.0	81.0	79.0	65.0	59.0	70.0	86.0	101.0	57.0	-1.0	64.0	60.0	-1.0	81.0	-1.0	99.0	67.0	89.0	70.0	116.0	-1.0	95.0	54.0	108.0	81.0	-1.0	71.0	-1.0	88.0	106.0	-1.0	-1.0	35.0	64.0	-1.0	-1.0	59.0	64.0	-1.0	-1.0	54.0	77.0	-1.0	71.0	71.0	-1.0	52.0	108.0	108.0	-1.0	34.0	-1.0	84.0	88.0	69.0	105.0	65.0	-1.0	82.0	61.0	75.0	53.0	-1.0	47.0	-1.0	-1.0	68.0	47.0	34.0	39.0	85.0	79.0	60.0	61.0	62.0	64.0	-1.0	94.0	100.0	-1.0	77.0	80.0	80.0	95.0	57.0	-1.0	67.0	63.0	64.0	59.0	-1.0	-1.0	62.0	-1.0	-1.0	56.0	67.0	-1.0	-1.0	73.0	-1.0	69.0	67.0	66.0	116.0	105.0	94.0	78.0	92.0	36.0	75.0	-1.0	25.0	-1.0	100.0	-1.0	76.0	-1.0	51.0	78.0	-1.0	71.0	55.0	-1.0	48.0	69.0	57.0	43.0	-1.0	-1.0	-1.0	76.0	76.0	-1.0	106.0	-1.0	97.0	67.0	-1.0	86.0	-1.0	61.0	60.0	-1.0	-1.0	77.0	98.0	34.0	-1.0	74.0	53.0	54.0	56.0	-1.0	60.0	-1.0	65.0	-1.0	-1.0	65.0	76.0	45.0	22.0	-1.0	-1.0	52.0	15.0	56.0	108.0	93.0	-1.0	-1.0	-1.0	-1.0	91.0	96.0	-1.0	-1.0	94.0	51.0	-1.0	72.0	-1.0	90.0	73.0	-1.0	120.0	

maxX :
109.0	109.0	109.0	

maxW :
120.0	120.0	120.0	

minX :
0.0	0.0	0.0	

minW :
15.0	24.0	15.0	

moyX :
50.83582089552239	49.04255319148936	49.80434782608695	

moyW :
72.5223880597015	72.92198581560284	72.85507246376811	

medX :
50.5	49.0	49.0	

medW :
72.0	72.0	71.0	

ecartTypeX :
23.23282354768297	23.980450767513275	24.15855196965086	

ecartTypeW :
20.88801570918885	19.84624262703513	20.858582053548226	

varX :
539.7640899977723	575.0620190131281	583.6356332703214	

varW :
436.3092002673201	393.87334641114626	435.0804452846041	

covarX :
543.8224666142969	579.1696048632219	587.8957473817836	

covarW :
439.5897205700819	396.6867274569402	438.25621495821434	

coef_variationX :
0.45701678734432144	0.4889723149991861	0.48506913601219537	

coef_variationW :
0.2880216201925608	0.2721571883302814	0.2863023993823011	

moy_distances_centre :	52.6
min_distances_centre :	22.0
max_distances_centre :	70.0
med_distances_centre :	56.5
ecartType_distances_centre :	16.038703189472646
var_distances_centre :	257.24
covar_distances_centre :	270.77894736842103
coef_variation_distances_centre :	0.3049183115869324
capacite_X_temoin : 
195.0	193.0	183.0	196.0	187.0	
179.0	196.0	183.0	176.0	188.0	
187.0	168.0	198.0	194.0	188.0	

capacite_W_temoin : 
239.5	225.9	214.9	218.8	207.1	
218.7	232.8	210.9	198.8	196.4	
231.1	191.4	234.4	219.2	201.4	

demande_cumulee_X : 
14.0	25.0	23.0	36.0	36.0	
14.0	22.0	27.0	30.0	48.0	
12.0	27.0	23.0	33.0	43.0	

demande_cumulee_W : 
93.0	33.0	4.0	3.0	1.0	
96.0	35.0	5.0	4.0	1.0	
97.0	24.0	8.0	7.0	2.0	

capacite_residuelle_X : 
181.0	168.0	160.0	160.0	151.0	
165.0	174.0	156.0	146.0	140.0	
175.0	141.0	175.0	161.0	145.0	

capacite_residuelle_W : 
146.5	192.9	210.9	215.8	206.1	
122.69999999999999	197.8	205.9	194.8	195.4	
134.1	167.4	226.4	212.2	199.4	

min_capacite_X : 
183.0	176.0	168.0	

min_capacite_W : 
207.1	196.4	191.4	

max_capacite_X : 
196.0	196.0	198.0	

max_capacite_W : 
239.5	232.8	234.4	

moy_capacite_X : 
190.8	184.4	187.0	

moy_capacite_W : 
221.23999999999995	211.52000000000004	215.5	

med_capacite_X : 
193.0	183.0	188.0	

med_capacite_W : 
218.8	210.9	219.2	

ecartType_capacite_X : 
4.995998398718719	7.059745037889115	10.315037566582102	

ecartType_capacite_W : 
10.965691952631172	13.380493264450303	16.696586477480952	

var_capacite_X : 
24.959999999999997	49.83999999999999	106.4	

var_capacite_W : 
120.24640000000002	179.03759999999994	278.77599999999984	

covar_capacite_X : 
31.199999999999996	62.29999999999999	133.0	

covar_capacite_W : 
150.30800000000002	223.79699999999994	348.4699999999998	

##########	##########	##########	##########	##########	##########	##########	##########	##########	##########	##########	##########	##########	##########	##########	##########	##########	##########	##########	##########	##########	##########	##########	##########	##########	##########	##########	##########	##########	##########	##########	##########	##########	##########	##########	##########	##########	##########	##########	##########	##########	##########	##########	##########	##########	##########	##########	##########	##########	##########	##########	##########	##########	##########	##########	##########	##########	##########	##########	##########	##########	##########	##########	##########	##########	##########	##########	##########	##########	##########	##########	##########	##########	##########	##########	##########	##########	##########	##########	##########	##########	##########	##########	##########	##########	##########	##########	##########	##########	##########	##########	##########	##########	##########	##########	##########	##########	##########	##########	##########	##########	##########	##########	##########	##########	##########	##########	##########	##########	##########	##########	##########	##########	##########	##########	##########	##########	##########	##########	##########	##########	##########	##########	##########	##########	##########	##########	##########	##########	##########	##########	##########	##########	##########	##########	##########	##########	##########	##########	##########	##########	##########	##########	##########	##########	##########	##########	##########	##########	##########	##########	##########	##########	##########	##########	##########	##########	##########	##########	##########	##########	##########	##########	##########	##########	##########	##########	##########	##########	##########	##########	##########	##########	##########	##########	##########	##########	##########	##########	##########	##########	##########	##########	##########	##########	##########	##########	##########	##########	##########	##########	##########	##########	##########	##########	##########	##########	##########	##########	##########	nombre de noeuds : 200
nombre de strates : 3
nombre de centres : 5
titre : intelligent
instances : pmed6_1
temps de calcul : 0.06328201293945312
valeur objective : 729.0
nombre de solutions : 2
nombre de noeuds : 0.0
faisability : True
centre : [175, 137, 186, 81, 197]
moy_distances :	81.48
min_distances :	1.0
max_distances :	198.0
var_distances :	753.2317887199818
covar_distances :	753.250714617334
ecartType_distances :	27.44506856832356
coef_variation	: 0.3368234488274935
distances_centre_x :
120.0	-1.0	37.0	28.0	58.0	52.0	64.0	55.0	-1.0	-1.0	91.0	77.0	69.0	-1.0	-1.0	36.0	-1.0	19.0	48.0	64.0	-1.0	39.0	-1.0	47.0	60.0	46.0	60.0	-1.0	88.0	45.0	66.0	38.0	101.0	85.0	88.0	31.0	-1.0	70.0	57.0	-1.0	73.0	66.0	-1.0	-1.0	5.0	-1.0	-1.0	64.0	50.0	25.0	16.0	-1.0	53.0	-1.0	57.0	72.0	-1.0	60.0	29.0	48.0	-1.0	91.0	84.0	22.0	96.0	72.0	66.0	69.0	-1.0	-1.0	39.0	-1.0	22.0	42.0	13.0	-1.0	7.0	13.0	-1.0	-1.0	13.0	-1.0	27.0	33.0	-1.0	28.0	-1.0	40.0	27.0	-1.0	60.0	-1.0	-1.0	-1.0	-1.0	46.0	75.0	47.0	23.0	42.0	-1.0	60.0	37.0	-1.0	19.0	37.0	55.0	93.0	53.0	56.0	55.0	76.0	-1.0	-1.0	-1.0	-1.0	55.0	105.0	-1.0	56.0	75.0	-1.0	25.0	38.0	-1.0	-1.0	-1.0	75.0	91.0	-1.0	39.0	28.0	60.0	58.0	-1.0	33.0	47.0	-1.0	29.0	42.0	21.0	15.0	65.0	66.0	53.0	48.0	31.0	39.0	76.0	86.0	63.0	50.0	64.0	65.0	-1.0	-1.0	-1.0	32.0	55.0	75.0	33.0	58.0	-1.0	-1.0	43.0	46.0	68.0	-1.0	49.0	-1.0	-1.0	39.0	-1.0	54.0	23.0	0.0	45.0	18.0	40.0	7.0	45.0	-1.0	-1.0	24.0	57.0	-1.0	-1.0	-1.0	29.0	-1.0	38.0	57.0	17.0	-1.0	-1.0	-1.0	5.0	0.0	-1.0	120.0	
-1.0	-1.0	-1.0	28.0	58.0	-1.0	64.0	-1.0	53.0	38.0	91.0	77.0	69.0	16.0	34.0	36.0	25.0	19.0	48.0	-1.0	79.0	-1.0	29.0	47.0	60.0	46.0	60.0	56.0	88.0	45.0	66.0	38.0	101.0	85.0	-1.0	-1.0	83.0	70.0	-1.0	-1.0	-1.0	66.0	-1.0	36.0	-1.0	13.0	22.0	64.0	-1.0	25.0	16.0	54.0	-1.0	-1.0	-1.0	72.0	59.0	60.0	29.0	48.0	71.0	91.0	84.0	22.0	-1.0	72.0	66.0	69.0	-1.0	-1.0	-1.0	43.0	22.0	42.0	13.0	4.0	7.0	13.0	54.0	1.0	-1.0	-1.0	27.0	33.0	-1.0	-1.0	29.0	40.0	27.0	29.0	-1.0	85.0	84.0	63.0	65.0	46.0	75.0	47.0	23.0	42.0	-1.0	-1.0	37.0	2.0	19.0	37.0	55.0	93.0	53.0	56.0	55.0	76.0	48.0	85.0	-1.0	43.0	55.0	105.0	-1.0	56.0	-1.0	79.0	25.0	38.0	52.0	3.0	18.0	75.0	-1.0	54.0	-1.0	28.0	60.0	58.0	-1.0	33.0	47.0	0.0	-1.0	42.0	-1.0	-1.0	-1.0	66.0	53.0	48.0	-1.0	39.0	76.0	86.0	-1.0	50.0	-1.0	65.0	-1.0	-1.0	57.0	32.0	55.0	75.0	33.0	-1.0	49.0	50.0	-1.0	46.0	68.0	23.0	49.0	-1.0	52.0	-1.0	58.0	54.0	23.0	-1.0	45.0	18.0	40.0	-1.0	-1.0	58.0	-1.0	-1.0	-1.0	26.0	0.0	24.0	29.0	26.0	-1.0	57.0	-1.0	25.0	-1.0	42.0	-1.0	-1.0	52.0	120.0	
120.0	35.0	-1.0	28.0	58.0	52.0	64.0	55.0	53.0	38.0	91.0	77.0	69.0	16.0	34.0	36.0	25.0	19.0	48.0	64.0	79.0	39.0	-1.0	47.0	60.0	-1.0	60.0	-1.0	88.0	45.0	66.0	38.0	101.0	-1.0	88.0	31.0	83.0	70.0	-1.0	49.0	-1.0	66.0	96.0	-1.0	-1.0	13.0	22.0	-1.0	-1.0	25.0	16.0	-1.0	-1.0	50.0	57.0	-1.0	59.0	60.0	-1.0	48.0	71.0	91.0	-1.0	22.0	-1.0	72.0	66.0	69.0	86.0	17.0	-1.0	43.0	22.0	42.0	13.0	-1.0	7.0	-1.0	-1.0	1.0	13.0	0.0	27.0	33.0	55.0	28.0	29.0	40.0	27.0	-1.0	60.0	85.0	-1.0	63.0	65.0	46.0	75.0	47.0	-1.0	42.0	38.0	60.0	37.0	-1.0	-1.0	37.0	-1.0	-1.0	53.0	56.0	-1.0	-1.0	48.0	-1.0	44.0	43.0	55.0	105.0	67.0	56.0	75.0	79.0	25.0	38.0	-1.0	3.0	-1.0	75.0	-1.0	54.0	-1.0	28.0	60.0	-1.0	49.0	33.0	-1.0	0.0	29.0	42.0	21.0	-1.0	-1.0	-1.0	53.0	48.0	-1.0	39.0	-1.0	86.0	63.0	-1.0	64.0	-1.0	50.0	48.0	-1.0	-1.0	55.0	75.0	33.0	-1.0	49.0	50.0	43.0	46.0	-1.0	23.0	-1.0	31.0	-1.0	-1.0	58.0	54.0	23.0	0.0	-1.0	-1.0	40.0	7.0	45.0	58.0	55.0	-1.0	-1.0	-1.0	-1.0	24.0	29.0	-1.0	-1.0	57.0	17.0	-1.0	47.0	-1.0	5.0	0.0	-1.0	120.0	

distances_centre_w :
123.0	-1.0	79.0	69.0	83.0	83.0	93.0	86.0	-1.0	-1.0	105.0	97.0	70.0	-1.0	-1.0	45.0	-1.0	71.0	79.0	95.0	-1.0	44.0	-1.0	75.0	68.0	77.0	81.0	-1.0	99.0	82.0	99.0	71.0	116.0	86.0	113.0	56.0	-1.0	78.0	80.0	-1.0	96.0	103.0	-1.0	-1.0	36.0	-1.0	-1.0	96.0	55.0	27.0	36.0	-1.0	57.0	-1.0	77.0	92.0	-1.0	71.0	71.0	52.0	-1.0	112.0	110.0	34.0	97.0	101.0	79.0	77.0	-1.0	-1.0	79.0	-1.0	68.0	86.0	65.0	-1.0	59.0	41.0	-1.0	-1.0	39.0	-1.0	79.0	70.0	-1.0	61.0	-1.0	71.0	44.0	-1.0	86.0	-1.0	-1.0	-1.0	-1.0	77.0	95.0	57.0	49.0	67.0	-1.0	64.0	60.0	-1.0	56.0	70.0	73.0	115.0	57.0	67.0	67.0	100.0	-1.0	-1.0	-1.0	-1.0	66.0	109.0	-1.0	60.0	87.0	-1.0	56.0	84.0	-1.0	-1.0	-1.0	97.0	113.0	-1.0	75.0	79.0	65.0	68.0	-1.0	63.0	79.0	-1.0	70.0	73.0	52.0	46.0	83.0	82.0	75.0	70.0	51.0	102.0	98.0	88.0	67.0	68.0	82.0	72.0	-1.0	-1.0	-1.0	72.0	63.0	98.0	34.0	59.0	-1.0	-1.0	54.0	60.0	85.0	-1.0	61.0	-1.0	-1.0	67.0	-1.0	84.0	53.0	37.0	72.0	51.0	52.0	44.0	76.0	-1.0	-1.0	50.0	63.0	-1.0	-1.0	-1.0	92.0	-1.0	47.0	70.0	50.0	-1.0	-1.0	-1.0	68.0	73.0	-1.0	123.0	
-1.0	-1.0	-1.0	69.0	83.0	-1.0	93.0	-1.0	73.0	68.0	105.0	97.0	70.0	57.0	47.0	45.0	77.0	71.0	79.0	-1.0	97.0	-1.0	55.0	75.0	68.0	77.0	81.0	60.0	99.0	82.0	99.0	71.0	116.0	86.0	-1.0	-1.0	98.0	78.0	-1.0	-1.0	-1.0	103.0	-1.0	67.0	-1.0	44.0	42.0	96.0	-1.0	27.0	36.0	61.0	-1.0	-1.0	-1.0	92.0	86.0	71.0	71.0	52.0	104.0	112.0	110.0	34.0	-1.0	101.0	79.0	77.0	-1.0	-1.0	-1.0	68.0	68.0	86.0	65.0	56.0	59.0	41.0	63.0	68.0	-1.0	-1.0	79.0	70.0	-1.0	-1.0	62.0	71.0	44.0	51.0	-1.0	107.0	92.0	74.0	80.0	77.0	95.0	57.0	49.0	67.0	-1.0	-1.0	60.0	39.0	56.0	70.0	73.0	115.0	57.0	67.0	67.0	100.0	72.0	92.0	-1.0	72.0	66.0	109.0	-1.0	60.0	-1.0	104.0	56.0	84.0	75.0	34.0	69.0	97.0	-1.0	85.0	-1.0	79.0	65.0	68.0	-1.0	63.0	79.0	52.0	-1.0	73.0	-1.0	-1.0	-1.0	82.0	75.0	70.0	-1.0	102.0	98.0	88.0	-1.0	68.0	-1.0	72.0	-1.0	-1.0	68.0	72.0	63.0	98.0	34.0	-1.0	72.0	62.0	-1.0	60.0	85.0	69.0	61.0	-1.0	59.0	-1.0	65.0	84.0	53.0	-1.0	72.0	51.0	52.0	-1.0	-1.0	85.0	-1.0	-1.0	-1.0	54.0	67.0	87.0	92.0	54.0	-1.0	70.0	-1.0	42.0	-1.0	88.0	-1.0	-1.0	64.0	123.0	
123.0	54.0	-1.0	69.0	83.0	83.0	93.0	86.0	73.0	68.0	105.0	97.0	70.0	57.0	47.0	45.0	77.0	71.0	79.0	95.0	97.0	44.0	-1.0	75.0	68.0	-1.0	81.0	-1.0	99.0	82.0	99.0	71.0	116.0	-1.0	113.0	56.0	98.0	78.0	-1.0	80.0	-1.0	103.0	103.0	-1.0	-1.0	44.0	42.0	-1.0	-1.0	27.0	36.0	-1.0	-1.0	54.0	77.0	-1.0	86.0	71.0	-1.0	52.0	104.0	112.0	-1.0	34.0	-1.0	101.0	79.0	77.0	105.0	69.0	-1.0	68.0	68.0	86.0	65.0	-1.0	59.0	-1.0	-1.0	68.0	39.0	52.0	79.0	70.0	79.0	61.0	62.0	71.0	44.0	-1.0	86.0	107.0	-1.0	74.0	80.0	77.0	95.0	57.0	-1.0	67.0	71.0	64.0	60.0	-1.0	-1.0	70.0	-1.0	-1.0	57.0	67.0	-1.0	-1.0	72.0	-1.0	74.0	72.0	66.0	109.0	71.0	60.0	87.0	104.0	56.0	84.0	-1.0	34.0	-1.0	97.0	-1.0	85.0	-1.0	79.0	65.0	-1.0	66.0	63.0	-1.0	52.0	70.0	73.0	52.0	-1.0	-1.0	-1.0	75.0	70.0	-1.0	102.0	-1.0	88.0	67.0	-1.0	82.0	-1.0	81.0	60.0	-1.0	-1.0	63.0	98.0	34.0	-1.0	72.0	62.0	54.0	60.0	-1.0	69.0	-1.0	57.0	-1.0	-1.0	65.0	84.0	53.0	37.0	-1.0	-1.0	52.0	44.0	76.0	85.0	88.0	-1.0	-1.0	-1.0	-1.0	87.0	92.0	-1.0	-1.0	70.0	50.0	-1.0	72.0	-1.0	68.0	73.0	-1.0	123.0	

maxX :
120.0	120.0	120.0	

maxW :
123.0	123.0	123.0	

minX :
0.0	0.0	0.0	

minW :
27.0	27.0	27.0	

moyX :
49.776119402985074	48.354609929078016	47.82608695652174	

moyW :
73.44776119402985	73.11347517730496	73.29710144927536	

medX :
48.5	48.0	48.0	

medW :
71.5	71.0	71.0	

ecartTypeX :
24.331246967034335	23.765740510469378	24.597900535920687	

ecartTypeW :
20.27812848829368	19.187056880953108	19.61750527813193	

varX :
592.0095789708175	564.8104220109653	605.0567107750472	

varW :
411.2024949877478	368.14315175293	384.8465133375341	

covarX :
596.4607788127032	568.8447821681864	609.4731831164709	

covarW :
414.2942430703625	370.7727456940224	387.65561197503433	

coef_variationX :
0.4888136572087858	0.4914886201197099	0.5143197384783416	

coef_variationW :
0.27608912999708934	0.262428462529284	0.2676436706260214	

moy_distances_centre :	64.4
min_distances_centre :	37.0
max_distances_centre :	83.0
med_distances_centre :	67.0
ecartType_distances_centre :	11.943198901466893
var_distances_centre :	142.64000000000001
covar_distances_centre :	150.14736842105262
coef_variation_distances_centre :	0.1854533990911008
capacite_X_temoin : 
193.0	183.0	196.0	187.0	188.0	
196.0	183.0	176.0	188.0	175.0	
168.0	198.0	194.0	188.0	188.0	

capacite_W_temoin : 
231.9	212.9	210.8	211.1	230.4	
238.8	210.9	190.8	199.4	212.5	
200.4	233.4	211.2	206.4	227.4	

demande_cumulee_X : 
19.0	25.0	44.0	32.0	14.0	
16.0	27.0	38.0	45.0	15.0	
18.0	24.0	41.0	38.0	17.0	

demande_cumulee_W : 
99.0	26.0	6.0	1.0	2.0	
103.0	27.0	8.0	1.0	2.0	
98.0	29.0	4.0	2.0	5.0	

capacite_residuelle_X : 
174.0	158.0	152.0	155.0	174.0	
180.0	156.0	138.0	143.0	160.0	
150.0	174.0	153.0	150.0	171.0	

capacite_residuelle_W : 
132.9	186.9	204.8	210.1	228.4	
135.8	183.9	182.8	198.4	210.5	
102.4	204.4	207.2	204.4	222.4	

min_capacite_X : 
183.0	175.0	168.0	

min_capacite_W : 
210.8	190.8	200.4	

max_capacite_X : 
196.0	196.0	198.0	

max_capacite_W : 
231.9	238.8	233.4	

moy_capacite_X : 
189.4	183.6	187.2	

moy_capacite_W : 
219.42000000000002	210.48000000000002	215.76	

med_capacite_X : 
188.0	183.0	188.0	

med_capacite_W : 
212.9	210.9	211.2	

ecartType_capacite_X : 
4.586937976471886	7.812809993849844	10.322790320451151	

ecartType_capacite_W : 
9.61611148021902	16.22558473522603	12.577694542323727	

var_capacite_X : 
21.040000000000003	61.04	106.55999999999999	

var_capacite_W : 
92.46960000000003	263.26959999999997	158.19840000000005	

covar_capacite_X : 
26.300000000000004	76.3	133.2	

covar_capacite_W : 
115.58700000000003	329.08699999999993	197.74800000000005	

##########	##########	##########	##########	##########	##########	##########	##########	##########	##########	##########	##########	##########	##########	##########	##########	##########	##########	##########	##########	##########	##########	##########	##########	##########	##########	##########	##########	##########	##########	##########	##########	##########	##########	##########	##########	##########	##########	##########	##########	##########	##########	##########	##########	##########	##########	##########	##########	##########	##########	##########	##########	##########	##########	##########	##########	##########	##########	##########	##########	##########	##########	##########	##########	##########	##########	##########	##########	##########	##########	##########	##########	##########	##########	##########	##########	##########	##########	##########	##########	##########	##########	##########	##########	##########	##########	##########	##########	##########	##########	##########	##########	##########	##########	##########	##########	##########	##########	##########	##########	##########	##########	##########	##########	##########	##########	##########	##########	##########	##########	##########	##########	##########	##########	##########	##########	##########	##########	##########	##########	##########	##########	##########	##########	##########	##########	##########	##########	##########	##########	##########	##########	##########	##########	##########	##########	##########	##########	##########	##########	##########	##########	##########	##########	##########	##########	##########	##########	##########	##########	##########	##########	##########	##########	##########	##########	##########	##########	##########	##########	##########	##########	##########	##########	##########	##########	##########	##########	##########	##########	##########	##########	##########	##########	##########	##########	##########	##########	##########	##########	##########	##########	##########	##########	##########	##########	##########	##########	##########	##########	##########	##########	##########	##########	##########	##########	##########	##########	##########	##########	nombre de noeuds : 200
nombre de strates : 3
nombre de centres : 5
titre : intelligent
instances : pmed6_1
temps de calcul : 0.06636619567871094
valeur objective : 729.0
nombre de solutions : 2
nombre de noeuds : 0.0
faisability : True
centre : [175, 137, 186, 81, 100]
moy_distances :	81.48
min_distances :	1.0
max_distances :	198.0
var_distances :	753.2317887199818
covar_distances :	753.250714617334
ecartType_distances :	27.44506856832356
coef_variation	: 0.3368234488274935
distances_centre_x :
120.0	-1.0	37.0	56.0	58.0	52.0	64.0	55.0	-1.0	-1.0	64.0	77.0	55.0	-1.0	-1.0	64.0	-1.0	19.0	48.0	49.0	-1.0	44.0	-1.0	47.0	60.0	42.0	81.0	-1.0	88.0	45.0	57.0	38.0	101.0	67.0	95.0	31.0	-1.0	32.0	50.0	-1.0	73.0	66.0	-1.0	-1.0	5.0	-1.0	-1.0	64.0	55.0	25.0	16.0	-1.0	15.0	-1.0	57.0	72.0	-1.0	48.0	29.0	48.0	-1.0	91.0	84.0	22.0	96.0	72.0	66.0	69.0	-1.0	-1.0	39.0	-1.0	22.0	42.0	13.0	-1.0	7.0	13.0	-1.0	-1.0	13.0	-1.0	27.0	65.0	-1.0	28.0	-1.0	40.0	32.0	-1.0	60.0	-1.0	-1.0	-1.0	-1.0	46.0	75.0	35.0	23.0	4.0	-1.0	28.0	37.0	-1.0	19.0	1.0	43.0	93.0	40.0	52.0	53.0	51.0	-1.0	-1.0	-1.0	-1.0	26.0	109.0	-1.0	60.0	62.0	-1.0	25.0	38.0	-1.0	-1.0	-1.0	50.0	89.0	-1.0	39.0	28.0	64.0	43.0	-1.0	8.0	29.0	-1.0	29.0	42.0	21.0	15.0	65.0	66.0	49.0	44.0	31.0	39.0	76.0	86.0	63.0	39.0	53.0	30.0	-1.0	-1.0	-1.0	32.0	44.0	39.0	33.0	58.0	-1.0	-1.0	43.0	38.0	50.0	-1.0	36.0	-1.0	-1.0	32.0	-1.0	42.0	23.0	0.0	45.0	18.0	40.0	7.0	45.0	-1.0	-1.0	24.0	19.0	-1.0	-1.0	-1.0	29.0	-1.0	45.0	57.0	17.0	-1.0	-1.0	-1.0	55.0	59.0	-1.0	120.0	
-1.0	-1.0	-1.0	56.0	58.0	-1.0	64.0	-1.0	53.0	33.0	64.0	77.0	55.0	44.0	62.0	64.0	25.0	19.0	48.0	-1.0	68.0	-1.0	29.0	47.0	60.0	42.0	81.0	56.0	88.0	45.0	57.0	38.0	101.0	67.0	-1.0	-1.0	45.0	32.0	-1.0	-1.0	-1.0	66.0	-1.0	36.0	-1.0	13.0	22.0	64.0	-1.0	25.0	16.0	19.0	-1.0	-1.0	-1.0	72.0	59.0	48.0	29.0	48.0	71.0	91.0	84.0	22.0	-1.0	72.0	66.0	69.0	-1.0	-1.0	-1.0	43.0	22.0	42.0	13.0	4.0	7.0	13.0	82.0	1.0	-1.0	-1.0	27.0	65.0	-1.0	-1.0	29.0	40.0	32.0	25.0	-1.0	83.0	56.0	27.0	55.0	46.0	75.0	35.0	23.0	4.0	-1.0	-1.0	37.0	2.0	19.0	1.0	43.0	93.0	40.0	52.0	53.0	51.0	12.0	50.0	-1.0	5.0	26.0	109.0	-1.0	60.0	-1.0	45.0	25.0	38.0	52.0	3.0	18.0	50.0	-1.0	54.0	-1.0	28.0	64.0	43.0	-1.0	8.0	29.0	0.0	-1.0	42.0	-1.0	-1.0	-1.0	66.0	49.0	44.0	-1.0	39.0	76.0	86.0	-1.0	39.0	-1.0	30.0	-1.0	-1.0	53.0	32.0	44.0	39.0	33.0	-1.0	13.0	35.0	-1.0	38.0	50.0	23.0	36.0	-1.0	52.0	-1.0	50.0	42.0	23.0	-1.0	45.0	18.0	40.0	-1.0	-1.0	74.0	-1.0	-1.0	-1.0	22.0	0.0	24.0	29.0	26.0	-1.0	57.0	-1.0	25.0	-1.0	42.0	-1.0	-1.0	52.0	120.0	
120.0	35.0	-1.0	56.0	58.0	52.0	64.0	55.0	53.0	33.0	64.0	77.0	55.0	44.0	62.0	64.0	25.0	19.0	48.0	49.0	68.0	44.0	-1.0	47.0	60.0	-1.0	81.0	-1.0	88.0	45.0	57.0	38.0	101.0	-1.0	95.0	31.0	45.0	32.0	-1.0	49.0	-1.0	66.0	88.0	-1.0	-1.0	13.0	22.0	-1.0	-1.0	25.0	16.0	-1.0	-1.0	38.0	57.0	-1.0	59.0	48.0	-1.0	48.0	71.0	91.0	-1.0	22.0	-1.0	72.0	66.0	69.0	80.0	17.0	-1.0	43.0	22.0	42.0	13.0	-1.0	7.0	-1.0	-1.0	1.0	13.0	0.0	27.0	65.0	55.0	28.0	29.0	40.0	32.0	-1.0	60.0	83.0	-1.0	27.0	55.0	46.0	75.0	35.0	-1.0	4.0	0.0	28.0	37.0	-1.0	-1.0	1.0	-1.0	-1.0	40.0	52.0	-1.0	-1.0	12.0	-1.0	39.0	5.0	26.0	109.0	71.0	60.0	62.0	45.0	25.0	38.0	-1.0	3.0	-1.0	50.0	-1.0	54.0	-1.0	28.0	64.0	-1.0	24.0	8.0	-1.0	0.0	29.0	42.0	21.0	-1.0	-1.0	-1.0	49.0	44.0	-1.0	39.0	-1.0	86.0	63.0	-1.0	53.0	-1.0	50.0	48.0	-1.0	-1.0	44.0	39.0	33.0	-1.0	13.0	35.0	43.0	38.0	-1.0	23.0	-1.0	31.0	-1.0	-1.0	50.0	42.0	23.0	0.0	-1.0	-1.0	40.0	7.0	45.0	74.0	77.0	-1.0	-1.0	-1.0	-1.0	24.0	29.0	-1.0	-1.0	57.0	17.0	-1.0	9.0	-1.0	55.0	59.0	-1.0	120.0	

distances_centre_w :
123.0	-1.0	79.0	69.0	83.0	67.0	67.0	86.0	-1.0	-1.0	91.0	97.0	70.0	-1.0	-1.0	70.0	-1.0	71.0	79.0	92.0	-1.0	67.0	-1.0	75.0	64.0	77.0	87.0	-1.0	99.0	82.0	92.0	71.0	116.0	86.0	113.0	73.0	-1.0	78.0	80.0	-1.0	96.0	103.0	-1.0	-1.0	36.0	-1.0	-1.0	96.0	64.0	27.0	36.0	-1.0	57.0	-1.0	77.0	92.0	-1.0	71.0	71.0	52.0	-1.0	112.0	110.0	34.0	97.0	109.0	79.0	73.0	-1.0	-1.0	79.0	-1.0	68.0	86.0	65.0	-1.0	59.0	65.0	-1.0	-1.0	39.0	-1.0	92.0	70.0	-1.0	61.0	-1.0	71.0	44.0	-1.0	81.0	-1.0	-1.0	-1.0	-1.0	77.0	95.0	57.0	48.0	67.0	-1.0	64.0	60.0	-1.0	56.0	70.0	73.0	111.0	53.0	67.0	67.0	100.0	-1.0	-1.0	-1.0	-1.0	66.0	116.0	-1.0	67.0	75.0	-1.0	56.0	84.0	-1.0	-1.0	-1.0	97.0	113.0	-1.0	81.0	70.0	65.0	68.0	-1.0	63.0	79.0	-1.0	70.0	73.0	52.0	46.0	74.0	75.0	75.0	70.0	51.0	72.0	98.0	88.0	67.0	68.0	82.0	66.0	-1.0	-1.0	-1.0	72.0	63.0	98.0	34.0	59.0	-1.0	-1.0	54.0	46.0	68.0	-1.0	49.0	-1.0	-1.0	39.0	-1.0	78.0	53.0	37.0	72.0	51.0	52.0	44.0	76.0	-1.0	-1.0	58.0	63.0	-1.0	-1.0	-1.0	62.0	-1.0	47.0	70.0	50.0	-1.0	-1.0	-1.0	68.0	73.0	-1.0	123.0	
-1.0	-1.0	-1.0	69.0	83.0	-1.0	67.0	-1.0	73.0	38.0	91.0	97.0	70.0	57.0	72.0	70.0	77.0	71.0	79.0	-1.0	97.0	-1.0	55.0	75.0	64.0	77.0	87.0	60.0	99.0	82.0	92.0	71.0	116.0	86.0	-1.0	-1.0	98.0	78.0	-1.0	-1.0	-1.0	103.0	-1.0	67.0	-1.0	44.0	42.0	96.0	-1.0	27.0	36.0	55.0	-1.0	-1.0	-1.0	92.0	70.0	71.0	71.0	52.0	104.0	112.0	110.0	34.0	-1.0	109.0	79.0	73.0	-1.0	-1.0	-1.0	68.0	68.0	86.0	65.0	56.0	59.0	65.0	84.0	68.0	-1.0	-1.0	92.0	70.0	-1.0	-1.0	62.0	71.0	44.0	51.0	-1.0	107.0	92.0	74.0	80.0	77.0	95.0	57.0	48.0	67.0	-1.0	-1.0	60.0	39.0	56.0	70.0	73.0	111.0	53.0	67.0	67.0	100.0	72.0	86.0	-1.0	72.0	66.0	116.0	-1.0	67.0	-1.0	79.0	56.0	84.0	75.0	34.0	60.0	97.0	-1.0	85.0	-1.0	70.0	65.0	68.0	-1.0	63.0	79.0	52.0	-1.0	73.0	-1.0	-1.0	-1.0	75.0	75.0	70.0	-1.0	72.0	98.0	88.0	-1.0	68.0	-1.0	66.0	-1.0	-1.0	68.0	72.0	63.0	98.0	34.0	-1.0	72.0	50.0	-1.0	46.0	68.0	69.0	49.0	-1.0	59.0	-1.0	65.0	78.0	53.0	-1.0	72.0	51.0	52.0	-1.0	-1.0	85.0	-1.0	-1.0	-1.0	54.0	67.0	57.0	62.0	56.0	-1.0	70.0	-1.0	42.0	-1.0	88.0	-1.0	-1.0	64.0	123.0	
123.0	54.0	-1.0	69.0	83.0	67.0	67.0	86.0	73.0	38.0	91.0	97.0	70.0	57.0	72.0	70.0	77.0	71.0	79.0	92.0	97.0	67.0	-1.0	75.0	64.0	-1.0	87.0	-1.0	99.0	82.0	92.0	71.0	116.0	-1.0	113.0	73.0	98.0	78.0	-1.0	80.0	-1.0	103.0	103.0	-1.0	-1.0	44.0	42.0	-1.0	-1.0	27.0	36.0	-1.0	-1.0	54.0	77.0	-1.0	70.0	71.0	-1.0	52.0	104.0	112.0	-1.0	34.0	-1.0	109.0	79.0	73.0	105.0	69.0	-1.0	68.0	68.0	86.0	65.0	-1.0	59.0	-1.0	-1.0	68.0	39.0	52.0	92.0	70.0	79.0	61.0	62.0	71.0	44.0	-1.0	81.0	107.0	-1.0	74.0	80.0	77.0	95.0	57.0	-1.0	67.0	71.0	64.0	60.0	-1.0	-1.0	70.0	-1.0	-1.0	53.0	67.0	-1.0	-1.0	72.0	-1.0	44.0	72.0	66.0	116.0	78.0	67.0	75.0	79.0	56.0	84.0	-1.0	34.0	-1.0	97.0	-1.0	85.0	-1.0	70.0	65.0	-1.0	66.0	63.0	-1.0	52.0	70.0	73.0	52.0	-1.0	-1.0	-1.0	75.0	70.0	-1.0	72.0	-1.0	88.0	67.0	-1.0	82.0	-1.0	81.0	60.0	-1.0	-1.0	63.0	98.0	34.0	-1.0	72.0	50.0	54.0	46.0	-1.0	69.0	-1.0	57.0	-1.0	-1.0	65.0	78.0	53.0	37.0	-1.0	-1.0	52.0	44.0	76.0	85.0	88.0	-1.0	-1.0	-1.0	-1.0	57.0	62.0	-1.0	-1.0	70.0	50.0	-1.0	72.0	-1.0	68.0	73.0	-1.0	123.0	

maxX :
120.0	120.0	120.0	

maxW :
123.0	123.0	123.0	

minX :
0.0	0.0	0.0	

minW :
27.0	27.0	27.0	

moyX :
46.55223880597015	43.52482269503546	44.31884057971015	

moyW :
72.58955223880596	71.75886524822695	71.92753623188406	

medX :
44.0	43.0	44.0	

medW :
70.5	70.0	70.5	

ecartTypeX :
24.22302074047987	23.718377696870412	24.998256607978746	

ecartTypeW :
19.678464889226618	18.740444641977017	19.210744910513053	

varX :
586.754733793718	562.5614405713998	624.9128334383531	

varW :
387.2419803965248	351.2042653790051	369.05272001680316	

covarX :
591.1664235214902	566.5797365754813	629.4742409816988	

covarW :
390.1535742340927	353.71286727456936	371.74653549137827	

coef_variationX :
0.5203406186637228	0.5449390997651504	0.5640548417104425	

coef_variationW :
0.2710922478828382	0.2611585979955287	0.2670847065938748	

moy_distances_centre :	57.8
min_distances_centre :	37.0
max_distances_centre :	74.0
med_distances_centre :	64.0
ecartType_distances_centre :	13.804347141389918
var_distances_centre :	190.56
covar_distances_centre :	200.5894736842105
coef_variation_distances_centre :	0.2388295353181647
capacite_X_temoin : 
193.0	190.0	183.0	196.0	187.0	
196.0	184.0	183.0	176.0	188.0	
168.0	176.0	198.0	194.0	188.0	

capacite_W_temoin : 
232.9	201.0	218.9	225.8	221.1	
240.8	182.2	217.9	204.8	218.4	
202.4	178.8	239.4	223.2	219.4	

demande_cumulee_X : 
18.0	46.0	19.0	29.0	22.0	
14.0	57.0	20.0	24.0	26.0	
16.0	50.0	18.0	29.0	25.0	

demande_cumulee_W : 
93.0	22.0	17.0	2.0	0.0	
98.0	16.0	24.0	3.0	0.0	
95.0	17.0	23.0	2.0	1.0	

capacite_residuelle_X : 
175.0	144.0	164.0	167.0	165.0	
182.0	127.0	163.0	152.0	162.0	
152.0	126.0	180.0	165.0	163.0	

capacite_residuelle_W : 
139.9	179.0	201.9	223.8	221.1	
142.8	166.2	193.9	201.8	218.4	
107.4	161.8	216.4	221.2	218.4	

min_capacite_X : 
183.0	176.0	168.0	

min_capacite_W : 
201.0	182.2	178.8	

max_capacite_X : 
196.0	196.0	198.0	

max_capacite_W : 
232.9	240.8	239.4	

moy_capacite_X : 
189.8	185.4	184.8	

moy_capacite_W : 
219.93999999999997	212.82000000000002	212.64000000000001	

med_capacite_X : 
190.0	184.0	188.0	

med_capacite_W : 
221.1	217.9	219.4	

ecartType_capacite_X : 
4.534313619501853	6.560487786742691	11.214276615100948	

ecartType_capacite_W : 
10.615573465432758	19.192331802050532	20.60733849869992	

var_capacite_X : 
20.559999999999995	43.040000000000006	125.75999999999999	

var_capacite_W : 
112.69040000000007	368.3456000000003	424.6623999999999	

covar_capacite_X : 
25.699999999999996	53.800000000000004	157.2	

covar_capacite_W : 
140.86300000000008	460.43200000000036	530.8279999999999	

##########	##########	##########	##########	##########	##########	##########	##########	##########	##########	##########	##########	##########	##########	##########	##########	##########	##########	##########	##########	##########	##########	##########	##########	##########	##########	##########	##########	##########	##########	##########	##########	##########	##########	##########	##########	##########	##########	##########	##########	##########	##########	##########	##########	##########	##########	##########	##########	##########	##########	##########	##########	##########	##########	##########	##########	##########	##########	##########	##########	##########	##########	##########	##########	##########	##########	##########	##########	##########	##########	##########	##########	##########	##########	##########	##########	##########	##########	##########	##########	##########	##########	##########	##########	##########	##########	##########	##########	##########	##########	##########	##########	##########	##########	##########	##########	##########	##########	##########	##########	##########	##########	##########	##########	##########	##########	##########	##########	##########	##########	##########	##########	##########	##########	##########	##########	##########	##########	##########	##########	##########	##########	##########	##########	##########	##########	##########	##########	##########	##########	##########	##########	##########	##########	##########	##########	##########	##########	##########	##########	##########	##########	##########	##########	##########	##########	##########	##########	##########	##########	##########	##########	##########	##########	##########	##########	##########	##########	##########	##########	##########	##########	##########	##########	##########	##########	##########	##########	##########	##########	##########	##########	##########	##########	##########	##########	##########	##########	##########	##########	##########	##########	##########	##########	##########	##########	##########	##########	##########	##########	##########	##########	##########	##########	##########	##########	##########	##########	##########	##########	nombre de noeuds : 200
nombre de strates : 3
nombre de centres : 5
titre : intelligent
instances : pmed6_1
temps de calcul : 0.06497502326965332
valeur objective : 729.0
nombre de solutions : 2
nombre de noeuds : 0.0
faisability : True
centre : [175, 186, 81, 100, 158]
moy_distances :	81.48
min_distances :	1.0
max_distances :	198.0
var_distances :	753.2317887199818
covar_distances :	753.250714617334
ecartType_distances :	27.44506856832356
coef_variation	: 0.3368234488274935
distances_centre_x :
120.0	-1.0	37.0	56.0	58.0	52.0	64.0	55.0	-1.0	-1.0	64.0	50.0	55.0	-1.0	-1.0	64.0	-1.0	68.0	48.0	49.0	-1.0	44.0	-1.0	63.0	64.0	42.0	87.0	-1.0	88.0	45.0	57.0	38.0	101.0	67.0	89.0	31.0	-1.0	32.0	50.0	-1.0	73.0	66.0	-1.0	-1.0	5.0	-1.0	-1.0	64.0	55.0	25.0	36.0	-1.0	15.0	-1.0	57.0	55.0	-1.0	48.0	66.0	52.0	-1.0	97.0	84.0	22.0	96.0	72.0	66.0	65.0	-1.0	-1.0	75.0	-1.0	22.0	74.0	65.0	-1.0	59.0	13.0	-1.0	-1.0	13.0	-1.0	27.0	65.0	-1.0	28.0	-1.0	40.0	32.0	-1.0	60.0	-1.0	-1.0	-1.0	-1.0	58.0	52.0	35.0	23.0	4.0	-1.0	28.0	37.0	-1.0	19.0	1.0	43.0	93.0	40.0	52.0	53.0	51.0	-1.0	-1.0	-1.0	-1.0	26.0	109.0	-1.0	60.0	62.0	-1.0	25.0	38.0	-1.0	-1.0	-1.0	50.0	89.0	-1.0	39.0	28.0	64.0	43.0	-1.0	8.0	29.0	-1.0	70.0	42.0	21.0	15.0	65.0	66.0	49.0	44.0	51.0	39.0	76.0	86.0	67.0	5.0	19.0	30.0	-1.0	-1.0	-1.0	72.0	0.0	39.0	33.0	59.0	-1.0	-1.0	43.0	38.0	50.0	-1.0	36.0	-1.0	-1.0	32.0	-1.0	42.0	23.0	0.0	61.0	18.0	40.0	7.0	45.0	-1.0	-1.0	24.0	19.0	-1.0	-1.0	-1.0	29.0	-1.0	45.0	57.0	17.0	-1.0	-1.0	-1.0	55.0	59.0	-1.0	120.0	
-1.0	-1.0	-1.0	56.0	58.0	-1.0	64.0	-1.0	53.0	33.0	64.0	50.0	55.0	44.0	62.0	64.0	74.0	68.0	48.0	-1.0	34.0	-1.0	29.0	63.0	64.0	42.0	87.0	60.0	88.0	45.0	57.0	38.0	101.0	67.0	-1.0	-1.0	45.0	32.0	-1.0	-1.0	-1.0	66.0	-1.0	36.0	-1.0	13.0	42.0	64.0	-1.0	25.0	36.0	19.0	-1.0	-1.0	-1.0	55.0	59.0	48.0	66.0	52.0	84.0	97.0	84.0	22.0	-1.0	72.0	66.0	65.0	-1.0	-1.0	-1.0	43.0	22.0	74.0	65.0	56.0	59.0	13.0	82.0	1.0	-1.0	-1.0	27.0	65.0	-1.0	-1.0	29.0	40.0	32.0	25.0	-1.0	83.0	56.0	27.0	55.0	58.0	52.0	35.0	23.0	4.0	-1.0	-1.0	37.0	2.0	19.0	1.0	43.0	93.0	40.0	52.0	53.0	51.0	12.0	50.0	-1.0	5.0	26.0	109.0	-1.0	60.0	-1.0	45.0	25.0	38.0	52.0	3.0	18.0	50.0	-1.0	54.0	-1.0	28.0	64.0	43.0	-1.0	8.0	29.0	52.0	-1.0	42.0	-1.0	-1.0	-1.0	66.0	49.0	44.0	-1.0	39.0	76.0	86.0	-1.0	5.0	-1.0	30.0	-1.0	-1.0	53.0	72.0	0.0	39.0	33.0	-1.0	13.0	35.0	-1.0	38.0	50.0	23.0	36.0	-1.0	52.0	-1.0	50.0	42.0	23.0	-1.0	61.0	18.0	40.0	-1.0	-1.0	74.0	-1.0	-1.0	-1.0	22.0	0.0	24.0	29.0	26.0	-1.0	57.0	-1.0	25.0	-1.0	42.0	-1.0	-1.0	52.0	120.0	
120.0	35.0	-1.0	56.0	58.0	52.0	64.0	55.0	53.0	33.0	64.0	50.0	55.0	44.0	62.0	64.0	74.0	68.0	48.0	49.0	34.0	44.0	-1.0	63.0	64.0	-1.0	87.0	-1.0	88.0	45.0	57.0	38.0	101.0	-1.0	89.0	31.0	45.0	32.0	-1.0	49.0	-1.0	66.0	88.0	-1.0	-1.0	13.0	42.0	-1.0	-1.0	25.0	36.0	-1.0	-1.0	38.0	57.0	-1.0	59.0	48.0	-1.0	52.0	84.0	97.0	-1.0	22.0	-1.0	72.0	66.0	65.0	80.0	69.0	-1.0	43.0	22.0	74.0	65.0	-1.0	59.0	-1.0	-1.0	1.0	13.0	0.0	27.0	65.0	55.0	28.0	29.0	40.0	32.0	-1.0	60.0	83.0	-1.0	27.0	55.0	58.0	52.0	35.0	-1.0	4.0	0.0	28.0	37.0	-1.0	-1.0	1.0	-1.0	-1.0	40.0	52.0	-1.0	-1.0	12.0	-1.0	39.0	5.0	26.0	109.0	71.0	60.0	62.0	45.0	25.0	38.0	-1.0	3.0	-1.0	50.0	-1.0	54.0	-1.0	28.0	64.0	-1.0	24.0	8.0	-1.0	52.0	70.0	42.0	21.0	-1.0	-1.0	-1.0	49.0	44.0	-1.0	39.0	-1.0	86.0	67.0	-1.0	19.0	-1.0	50.0	48.0	-1.0	-1.0	0.0	39.0	33.0	-1.0	13.0	35.0	43.0	38.0	-1.0	23.0	-1.0	31.0	-1.0	-1.0	50.0	42.0	23.0	0.0	-1.0	-1.0	40.0	7.0	45.0	74.0	77.0	-1.0	-1.0	-1.0	-1.0	24.0	29.0	-1.0	-1.0	57.0	17.0	-1.0	9.0	-1.0	55.0	59.0	-1.0	120.0	

distances_centre_w :
123.0	-1.0	79.0	69.0	82.0	67.0	94.0	86.0	-1.0	-1.0	105.0	85.0	70.0	-1.0	-1.0	89.0	-1.0	71.0	79.0	91.0	-1.0	67.0	-1.0	75.0	74.0	77.0	102.0	-1.0	99.0	82.0	99.0	71.0	116.0	86.0	95.0	73.0	-1.0	76.0	80.0	-1.0	96.0	103.0	-1.0	-1.0	36.0	-1.0	-1.0	96.0	64.0	69.0	58.0	-1.0	57.0	-1.0	77.0	92.0	-1.0	71.0	71.0	82.0	-1.0	112.0	101.0	34.0	97.0	109.0	79.0	73.0	-1.0	-1.0	79.0	-1.0	68.0	86.0	82.0	-1.0	70.0	69.0	-1.0	-1.0	58.0	-1.0	92.0	70.0	-1.0	61.0	-1.0	71.0	64.0	-1.0	81.0	-1.0	-1.0	-1.0	-1.0	77.0	83.0	57.0	48.0	48.0	-1.0	72.0	60.0	-1.0	56.0	43.0	73.0	111.0	53.0	67.0	67.0	93.0	-1.0	-1.0	-1.0	-1.0	66.0	109.0	-1.0	67.0	75.0	-1.0	56.0	84.0	-1.0	-1.0	-1.0	92.0	113.0	-1.0	81.0	70.0	65.0	68.0	-1.0	50.0	71.0	-1.0	82.0	73.0	52.0	46.0	74.0	75.0	77.0	82.0	63.0	106.0	98.0	88.0	76.0	68.0	82.0	72.0	-1.0	-1.0	-1.0	77.0	63.0	76.0	34.0	78.0	-1.0	-1.0	54.0	46.0	94.0	-1.0	49.0	-1.0	-1.0	39.0	-1.0	84.0	53.0	37.0	72.0	51.0	52.0	44.0	76.0	-1.0	-1.0	58.0	63.0	-1.0	-1.0	-1.0	96.0	-1.0	47.0	70.0	50.0	-1.0	-1.0	-1.0	68.0	73.0	-1.0	123.0	
-1.0	-1.0	-1.0	69.0	82.0	-1.0	94.0	-1.0	73.0	38.0	105.0	85.0	70.0	57.0	91.0	89.0	77.0	71.0	79.0	-1.0	97.0	-1.0	74.0	75.0	74.0	77.0	102.0	81.0	99.0	82.0	99.0	71.0	116.0	86.0	-1.0	-1.0	89.0	76.0	-1.0	-1.0	-1.0	103.0	-1.0	67.0	-1.0	44.0	54.0	96.0	-1.0	69.0	58.0	61.0	-1.0	-1.0	-1.0	92.0	70.0	71.0	71.0	82.0	104.0	112.0	101.0	34.0	-1.0	109.0	79.0	73.0	-1.0	-1.0	-1.0	68.0	68.0	86.0	82.0	73.0	70.0	69.0	107.0	68.0	-1.0	-1.0	92.0	70.0	-1.0	-1.0	62.0	71.0	64.0	69.0	-1.0	107.0	92.0	69.0	80.0	77.0	83.0	57.0	48.0	48.0	-1.0	-1.0	60.0	39.0	56.0	43.0	73.0	111.0	53.0	67.0	67.0	93.0	54.0	92.0	-1.0	49.0	66.0	109.0	-1.0	67.0	-1.0	82.0	56.0	84.0	75.0	34.0	60.0	92.0	-1.0	85.0	-1.0	70.0	65.0	68.0	-1.0	50.0	71.0	74.0	-1.0	73.0	-1.0	-1.0	-1.0	75.0	77.0	82.0	-1.0	106.0	98.0	88.0	-1.0	68.0	-1.0	72.0	-1.0	-1.0	68.0	77.0	63.0	76.0	34.0	-1.0	55.0	50.0	-1.0	46.0	94.0	69.0	49.0	-1.0	59.0	-1.0	65.0	84.0	53.0	-1.0	72.0	51.0	52.0	-1.0	-1.0	85.0	-1.0	-1.0	-1.0	66.0	67.0	91.0	96.0	56.0	-1.0	70.0	-1.0	42.0	-1.0	55.0	-1.0	-1.0	64.0	123.0	
123.0	54.0	-1.0	69.0	82.0	67.0	94.0	86.0	73.0	38.0	105.0	85.0	70.0	57.0	91.0	89.0	77.0	71.0	79.0	91.0	97.0	67.0	-1.0	75.0	74.0	-1.0	102.0	-1.0	99.0	82.0	99.0	71.0	116.0	-1.0	95.0	73.0	89.0	76.0	-1.0	80.0	-1.0	103.0	103.0	-1.0	-1.0	44.0	54.0	-1.0	-1.0	69.0	58.0	-1.0	-1.0	77.0	77.0	-1.0	70.0	71.0	-1.0	82.0	104.0	112.0	-1.0	34.0	-1.0	109.0	79.0	73.0	105.0	75.0	-1.0	68.0	68.0	86.0	82.0	-1.0	70.0	-1.0	-1.0	68.0	58.0	63.0	92.0	70.0	79.0	61.0	62.0	71.0	64.0	-1.0	81.0	107.0	-1.0	69.0	80.0	77.0	83.0	57.0	-1.0	48.0	44.0	72.0	60.0	-1.0	-1.0	43.0	-1.0	-1.0	53.0	67.0	-1.0	-1.0	54.0	-1.0	44.0	49.0	66.0	109.0	78.0	67.0	75.0	82.0	56.0	84.0	-1.0	34.0	-1.0	92.0	-1.0	85.0	-1.0	70.0	65.0	-1.0	66.0	50.0	-1.0	74.0	82.0	73.0	52.0	-1.0	-1.0	-1.0	77.0	82.0	-1.0	106.0	-1.0	88.0	76.0	-1.0	82.0	-1.0	81.0	60.0	-1.0	-1.0	63.0	76.0	34.0	-1.0	55.0	50.0	54.0	46.0	-1.0	69.0	-1.0	76.0	-1.0	-1.0	65.0	84.0	53.0	37.0	-1.0	-1.0	52.0	44.0	76.0	85.0	88.0	-1.0	-1.0	-1.0	-1.0	91.0	96.0	-1.0	-1.0	70.0	50.0	-1.0	53.0	-1.0	68.0	73.0	-1.0	123.0	

maxX :
120.0	120.0	120.0	

maxW :
123.0	123.0	123.0	

minX :
0.0	0.0	0.0	

minW :
34.0	34.0	34.0	

moyX :
48.485074626865675	46.02836879432624	46.57971014492754	

moyW :
74.67164179104478	74.0709219858156	73.82608695652173	

medX :
49.5	45.0	46.5	

medW :
73.0	72.0	73.0	

ecartTypeX :
24.485065528800504	23.536886174988087	24.74209333352131	

ecartTypeW :
18.788205302757152	18.443182980188705	18.749652380730573	

varX :
599.5184339496546	553.9850108143454	612.1711825246797	

varW :
352.996658498552	340.15099844072233	351.54946439823567	

covarX :
604.0260913477722	557.9420466058764	616.6395853168306	

covarW :
355.6507687128268	342.5806484295846	354.1155188828943	

coef_variationX :
0.5050021211111694	0.5113560786861818	0.531177486002791	

coef_variationW :
0.25161098446626606	0.24899356570342854	0.25397055639387706	

moy_distances_centre :	55.7
min_distances_centre :	37.0
max_distances_centre :	80.0
med_distances_centre :	58.0
ecartType_distances_centre :	14.31817027416562
var_distances_centre :	205.01
covar_distances_centre :	215.79999999999998
coef_variation_distances_centre :	0.2570587122830452
capacite_X_temoin : 
193.0	190.0	199.0	196.0	187.0	
196.0	184.0	164.0	176.0	188.0	
168.0	176.0	185.0	194.0	188.0	

capacite_W_temoin : 
225.9	200.0	250.7	220.8	223.1	
233.8	181.2	206.2	198.8	219.4	
194.4	178.8	234.5	218.2	220.4	

demande_cumulee_X : 
25.0	47.0	8.0	34.0	20.0	
21.0	58.0	7.0	30.0	25.0	
24.0	50.0	6.0	34.0	24.0	

demande_cumulee_W : 
84.0	32.0	14.0	3.0	1.0	
89.0	25.0	24.0	3.0	0.0	
83.0	29.0	22.0	1.0	3.0	

capacite_residuelle_X : 
168.0	143.0	191.0	162.0	167.0	
175.0	126.0	157.0	146.0	163.0	
144.0	126.0	179.0	160.0	164.0	

capacite_residuelle_W : 
141.9	168.0	236.7	217.8	222.1	
144.8	156.2	182.2	195.8	219.4	
111.4	149.8	212.5	217.2	217.4	

min_capacite_X : 
187.0	164.0	168.0	

min_capacite_W : 
200.0	181.2	178.8	

max_capacite_X : 
199.0	196.0	194.0	

max_capacite_W : 
250.7	233.8	234.5	

moy_capacite_X : 
193.0	181.6	182.2	

moy_capacite_W : 
224.09999999999997	207.88000000000002	209.26000000000005	

med_capacite_X : 
193.0	184.0	185.0	

med_capacite_W : 
223.1	206.2	218.2	

ecartType_capacite_X : 
4.242640687119285	10.910545357588685	9.173875952943773	

ecartType_capacite_W : 
16.14620698492373	17.897754049042025	19.948493677468477	

var_capacite_X : 
18.0	119.03999999999999	84.16	

var_capacite_W : 
260.6999999999999	320.3296000000002	397.9423999999998	

covar_capacite_X : 
22.5	148.79999999999998	105.19999999999999	

covar_capacite_W : 
325.87499999999983	400.41200000000026	497.42799999999977	

##########	##########	##########	##########	##########	##########	##########	##########	##########	##########	##########	##########	##########	##########	##########	##########	##########	##########	##########	##########	##########	##########	##########	##########	##########	##########	##########	##########	##########	##########	##########	##########	##########	##########	##########	##########	##########	##########	##########	##########	##########	##########	##########	##########	##########	##########	##########	##########	##########	##########	##########	##########	##########	##########	##########	##########	##########	##########	##########	##########	##########	##########	##########	##########	##########	##########	##########	##########	##########	##########	##########	##########	##########	##########	##########	##########	##########	##########	##########	##########	##########	##########	##########	##########	##########	##########	##########	##########	##########	##########	##########	##########	##########	##########	##########	##########	##########	##########	##########	##########	##########	##########	##########	##########	##########	##########	##########	##########	##########	##########	##########	##########	##########	##########	##########	##########	##########	##########	##########	##########	##########	##########	##########	##########	##########	##########	##########	##########	##########	##########	##########	##########	##########	##########	##########	##########	##########	##########	##########	##########	##########	##########	##########	##########	##########	##########	##########	##########	##########	##########	##########	##########	##########	##########	##########	##########	##########	##########	##########	##########	##########	##########	##########	##########	##########	##########	##########	##########	##########	##########	##########	##########	##########	##########	##########	##########	##########	##########	##########	##########	##########	##########	##########	##########	##########	##########	##########	##########	##########	##########	##########	##########	##########	##########	##########	##########	##########	##########	##########	##########	