nombre de noeuds : 100
nombre de strates : 3
nombre de centres : 10
titre : intelligent
instances : p11_1
temps de calcul : 0.13487505912780762
valeur objective : 348.0
nombre de solutions : 3
nombre de noeuds : 1.0
faisability : True
moy_distances :	50.39
min_distances :	0.0
max_distances :	123.0
var_distances :	583.6341511682481
covar_distances :	583.6931100682551
ecartType_distances :	24.158521295150663
coef_variation	: 0.47945297034706974
distances_centre_x :
-1.0	2.0	27.0	-1.0	30.0	0.0	13.0	-1.0	2.0	31.0	-1.0	-1.0	19.0	0.0	-1.0	-1.0	-1.0	12.0	-1.0	0.0	4.0	3.0	19.0	-1.0	36.0	6.0	24.0	27.0	-1.0	16.0	-1.0	-1.0	0.0	-1.0	-1.0	17.0	15.0	7.0	7.0	31.0	27.0	7.0	-1.0	-1.0	17.0	28.0	23.0	-1.0	11.0	36.0	0.0	4.0	-1.0	11.0	13.0	30.0	5.0	-1.0	-1.0	-1.0	15.0	15.0	-1.0	40.0	21.0	-1.0	35.0	39.0	15.0	-1.0	-1.0	4.0	38.0	-1.0	36.0	6.0	9.0	37.0	41.0	9.0	-1.0	-1.0	35.0	-1.0	21.0	23.0	-1.0	10.0	17.0	15.0	37.0	19.0	22.0	-1.0	7.0	0.0	-1.0	34.0	15.0	-1.0	
21.0	-1.0	-1.0	-1.0	-1.0	0.0	13.0	18.0	2.0	31.0	20.0	-1.0	-1.0	0.0	-1.0	-1.0	19.0	12.0	14.0	0.0	4.0	-1.0	19.0	5.0	36.0	-1.0	3.0	32.0	22.0	16.0	5.0	7.0	0.0	-1.0	-1.0	-1.0	15.0	-1.0	7.0	31.0	27.0	-1.0	9.0	39.0	-1.0	-1.0	23.0	18.0	-1.0	26.0	0.0	4.0	16.0	-1.0	13.0	-1.0	5.0	29.0	23.0	-1.0	-1.0	15.0	38.0	40.0	-1.0	-1.0	35.0	-1.0	15.0	24.0	-1.0	4.0	38.0	30.0	36.0	-1.0	9.0	37.0	41.0	9.0	22.0	2.0	-1.0	-1.0	21.0	-1.0	-1.0	10.0	17.0	15.0	-1.0	-1.0	22.0	0.0	7.0	-1.0	0.0	-1.0	-1.0	23.0	
21.0	2.0	-1.0	11.0	-1.0	0.0	13.0	18.0	2.0	31.0	20.0	15.0	-1.0	0.0	25.0	35.0	-1.0	12.0	14.0	0.0	4.0	-1.0	19.0	5.0	36.0	6.0	24.0	-1.0	-1.0	35.0	5.0	7.0	0.0	0.0	31.0	17.0	-1.0	-1.0	7.0	-1.0	27.0	15.0	-1.0	-1.0	-1.0	-1.0	23.0	18.0	11.0	26.0	-1.0	4.0	-1.0	11.0	20.0	30.0	5.0	29.0	23.0	12.0	-1.0	15.0	38.0	40.0	16.0	19.0	35.0	39.0	15.0	24.0	41.0	4.0	38.0	30.0	39.0	6.0	9.0	37.0	41.0	-1.0	22.0	2.0	-1.0	10.0	31.0	-1.0	0.0	-1.0	-1.0	17.0	37.0	19.0	-1.0	0.0	7.0	-1.0	-1.0	-1.0	-1.0	8.0	

distances_centre_w :
-1.0	21.0	31.0	-1.0	40.0	31.0	39.0	-1.0	17.0	53.0	-1.0	-1.0	34.0	21.0	-1.0	-1.0	-1.0	33.0	-1.0	28.0	52.0	18.0	50.0	-1.0	47.0	9.0	50.0	48.0	-1.0	35.0	-1.0	-1.0	75.0	-1.0	-1.0	27.0	16.0	73.0	17.0	62.0	29.0	15.0	-1.0	-1.0	25.0	47.0	59.0	-1.0	24.0	62.0	23.0	7.0	-1.0	19.0	17.0	46.0	7.0	-1.0	-1.0	-1.0	17.0	75.0	-1.0	45.0	33.0	-1.0	73.0	40.0	15.0	-1.0	-1.0	15.0	42.0	-1.0	39.0	10.0	11.0	46.0	41.0	70.0	-1.0	-1.0	48.0	-1.0	25.0	47.0	-1.0	25.0	41.0	17.0	40.0	27.0	31.0	-1.0	24.0	15.0	-1.0	42.0	68.0	-1.0	
36.0	-1.0	-1.0	-1.0	-1.0	28.0	39.0	35.0	17.0	53.0	32.0	-1.0	-1.0	21.0	-1.0	-1.0	34.0	26.0	66.0	21.0	24.0	-1.0	34.0	8.0	51.0	-1.0	23.0	48.0	24.0	51.0	33.0	19.0	75.0	-1.0	-1.0	-1.0	16.0	-1.0	17.0	46.0	29.0	-1.0	19.0	47.0	-1.0	-1.0	59.0	20.0	-1.0	36.0	14.0	7.0	65.0	-1.0	17.0	-1.0	7.0	50.0	47.0	-1.0	-1.0	66.0	42.0	45.0	-1.0	-1.0	73.0	-1.0	15.0	24.0	-1.0	15.0	42.0	56.0	39.0	-1.0	11.0	67.0	41.0	67.0	38.0	16.0	-1.0	-1.0	25.0	-1.0	-1.0	25.0	41.0	17.0	-1.0	-1.0	31.0	12.0	24.0	-1.0	21.0	-1.0	-1.0	31.0	
36.0	28.0	-1.0	70.0	-1.0	28.0	40.0	66.0	17.0	53.0	32.0	28.0	-1.0	21.0	29.0	49.0	-1.0	33.0	66.0	21.0	24.0	-1.0	34.0	8.0	56.0	9.0	50.0	-1.0	-1.0	51.0	33.0	19.0	75.0	12.0	49.0	27.0	-1.0	-1.0	17.0	-1.0	29.0	18.0	-1.0	-1.0	-1.0	-1.0	51.0	20.0	54.0	36.0	-1.0	7.0	-1.0	19.0	44.0	33.0	7.0	50.0	41.0	21.0	-1.0	66.0	42.0	45.0	21.0	25.0	39.0	40.0	15.0	34.0	42.0	15.0	42.0	68.0	71.0	10.0	11.0	59.0	41.0	-1.0	45.0	16.0	-1.0	16.0	63.0	-1.0	12.0	-1.0	-1.0	47.0	40.0	27.0	-1.0	12.0	44.0	-1.0	-1.0	-1.0	-1.0	23.0	

maxX :
41.0	41.0	41.0	

maxW :
75.0	75.0	75.0	

minX :
0.0	0.0	0.0	

minW :
7.0	7.0	7.0	

moyX :
17.803030303030305	17.09375	17.91780821917808	

moyW :
35.28787878787879	34.03125	34.821917808219176	

medX :
15.5	16.0	17.0	

medW :
33.0	31.5	33.0	

ecartTypeX :
12.402614212419575	12.211314873407368	12.678050738917342	

ecartTypeW :
18.17487872621384	17.611225778959852	17.8366580088522	

varX :
153.82483930211205	149.1162109375	160.73297053856257	

varW :
330.3262167125804	310.1552734375	318.1463689247513	

covarX :
156.19137529137532	151.4831349206349	162.96537290715375	

covarW :
335.4081585081585	315.078373015873	322.5650684931507	

coef_variationX :
0.6966574791656952	0.71437308217374	0.7075670519426346	

coef_variationW :
0.5150459407170946	0.5175015839547431	0.5122250332990601	

moy_distances_centre :	51.422222222222224
min_distances_centre :	12.0
max_distances_centre :	109.0
med_distances_centre :	50.0
ecartType_distances_centre :	27.38571313569572
var_distances_centre :	749.9772839506171
covar_distances_centre :	758.4039950062422
coef_variation_distances_centre :	0.5325657264936505
capacite_X_temoin : 
157.0	172.0	153.0	157.0	169.0	171.0	174.0	162.0	145.0	178.0	
171.0	160.0	175.0	166.0	175.0	178.0	157.0	162.0	178.0	175.0	
157.0	154.0	162.0	174.0	153.0	175.0	154.0	162.0	162.0	142.0	

capacite_W_temoin : 
151.1	143.6	145.9	81.1	219.7	129.3	174.2	171.6	99.5	92.4	
149.3	134.0	182.5	121.8	227.5	158.4	162.1	136.6	165.4	105.5	
111.1	120.19999999999999	133.6	134.2	166.9	110.5	163.2	113.6	113.6	54.6	

demande_cumulee_X : 
53.0	80.0	53.0	123.0	0.0	93.0	52.0	39.0	89.0	139.0	
73.0	74.0	45.0	94.0	0.0	73.0	42.0	74.0	66.0	122.0	
93.0	80.0	77.0	92.0	32.0	117.0	37.0	97.0	97.0	130.0	

demande_cumulee_W : 
109.0	116.0	2.0	54.0	88.0	43.0	137.0	54.0	44.0	74.0	
54.0	75.0	50.0	42.0	80.0	53.0	151.0	38.0	31.0	89.0	
96.0	87.0	24.0	98.0	139.0	72.0	161.0	90.0	38.0	47.0	

capacite_residuelle_X : 
104.0	92.0	100.0	34.0	169.0	78.0	122.0	123.0	56.0	39.0	
98.0	86.0	130.0	72.0	175.0	105.0	115.0	88.0	112.0	53.0	
64.0	74.0	85.0	82.0	121.0	58.0	117.0	65.0	65.0	12.0	

capacite_residuelle_W : 
42.099999999999994	27.599999999999994	143.9	27.099999999999994	131.7	86.30000000000001	37.19999999999999	117.6	55.5	18.400000000000006	
95.30000000000001	59.0	132.5	79.8	147.5	105.4	11.099999999999994	98.6	134.4	16.5	
15.099999999999994	33.19999999999999	109.6	36.19999999999999	27.900000000000006	38.5	2.1999999999999886	23.599999999999994	75.6	7.600000000000001	

min_capacite_X : 
145.0	157.0	142.0	

min_capacite_W : 
81.1	105.5	54.6	

max_capacite_X : 
178.0	178.0	175.0	

max_capacite_W : 
219.7	227.5	166.9	

moy_capacite_X : 
163.8	169.7	159.5	

moy_capacite_W : 
140.84	154.31	122.14999999999995	

med_capacite_X : 
165.5	173.0	159.5	

med_capacite_W : 
144.75	153.85000000000002	116.89999999999999	

ecartType_capacite_X : 
10.087616170334792	7.430343195303969	9.404786015641186	

ecartType_capacite_W : 
40.216817377808496	32.46907605707314	29.89114417348389	

var_capacite_X : 
101.75999999999999	55.21	88.45	

var_capacite_W : 
1617.3923999999997	1054.2409000000002	893.4805	

covar_capacite_X : 
113.06666666666666	61.34444444444444	98.27777777777777	

covar_capacite_W : 
1797.102666666666	1171.378777777778	992.7561111111111	

##########	##########	##########	##########	##########	##########	##########	##########	##########	##########	##########	##########	##########	##########	##########	##########	##########	##########	##########	##########	##########	##########	##########	##########	##########	##########	##########	##########	##########	##########	##########	##########	##########	##########	##########	##########	##########	##########	##########	##########	##########	##########	##########	##########	##########	##########	##########	##########	##########	##########	##########	##########	##########	##########	##########	##########	##########	##########	##########	##########	##########	##########	##########	##########	##########	##########	##########	##########	##########	##########	##########	##########	##########	##########	##########	##########	##########	##########	##########	##########	##########	##########	##########	##########	##########	##########	##########	##########	##########	##########	##########	##########	##########	##########	##########	##########	##########	##########	##########	##########	nombre de noeuds : 100
nombre de strates : 3
nombre de centres : 10
titre : intelligent
instances : p11_1
temps de calcul : 0.11521601676940918
valeur objective : 420.0
nombre de solutions : 3
nombre de noeuds : 1.0
faisability : True
moy_distances :	50.39
min_distances :	0.0
max_distances :	123.0
var_distances :	583.6341511682481
covar_distances :	583.6931100682551
ecartType_distances :	24.158521295150663
coef_variation	: 0.47945297034706974
distances_centre_x :
-1.0	2.0	27.0	-1.0	30.0	0.0	13.0	-1.0	2.0	52.0	-1.0	-1.0	19.0	0.0	-1.0	-1.0	-1.0	12.0	-1.0	0.0	4.0	3.0	19.0	-1.0	52.0	6.0	3.0	14.0	-1.0	16.0	-1.0	-1.0	65.0	-1.0	-1.0	17.0	15.0	65.0	7.0	34.0	27.0	7.0	-1.0	-1.0	0.0	38.0	23.0	-1.0	11.0	26.0	0.0	4.0	-1.0	11.0	13.0	30.0	5.0	-1.0	-1.0	-1.0	15.0	58.0	-1.0	45.0	33.0	-1.0	45.0	35.0	15.0	-1.0	-1.0	4.0	38.0	-1.0	36.0	6.0	9.0	43.0	41.0	56.0	-1.0	-1.0	27.0	-1.0	12.0	11.0	-1.0	10.0	17.0	7.0	37.0	19.0	22.0	-1.0	7.0	0.0	-1.0	39.0	56.0	-1.0	
21.0	-1.0	-1.0	-1.0	-1.0	0.0	13.0	18.0	2.0	52.0	20.0	-1.0	-1.0	0.0	-1.0	-1.0	19.0	12.0	60.0	0.0	4.0	-1.0	19.0	5.0	30.0	-1.0	3.0	14.0	8.0	16.0	5.0	7.0	65.0	-1.0	-1.0	-1.0	15.0	-1.0	7.0	51.0	27.0	-1.0	8.0	47.0	-1.0	-1.0	6.0	28.0	-1.0	26.0	0.0	4.0	49.0	-1.0	17.0	-1.0	5.0	40.0	23.0	-1.0	-1.0	58.0	38.0	45.0	-1.0	-1.0	28.0	-1.0	15.0	34.0	-1.0	4.0	38.0	7.0	36.0	-1.0	9.0	43.0	41.0	56.0	22.0	2.0	-1.0	-1.0	12.0	-1.0	-1.0	10.0	17.0	7.0	-1.0	-1.0	22.0	0.0	7.0	-1.0	0.0	-1.0	-1.0	8.0	
21.0	20.0	-1.0	60.0	-1.0	0.0	13.0	18.0	2.0	52.0	20.0	15.0	-1.0	0.0	25.0	48.0	-1.0	12.0	60.0	0.0	4.0	-1.0	19.0	5.0	30.0	6.0	3.0	-1.0	-1.0	16.0	5.0	7.0	65.0	0.0	19.0	17.0	-1.0	-1.0	7.0	-1.0	55.0	7.0	-1.0	-1.0	-1.0	-1.0	39.0	40.0	11.0	61.0	-1.0	4.0	-1.0	11.0	13.0	30.0	5.0	40.0	23.0	21.0	-1.0	58.0	38.0	45.0	44.0	19.0	28.0	41.0	15.0	23.0	41.0	4.0	38.0	7.0	36.0	6.0	9.0	43.0	44.0	-1.0	22.0	2.0	-1.0	10.0	12.0	-1.0	0.0	-1.0	-1.0	15.0	37.0	19.0	-1.0	0.0	7.0	-1.0	-1.0	-1.0	-1.0	8.0	

distances_centre_w :
-1.0	19.0	34.0	-1.0	30.0	31.0	39.0	-1.0	17.0	53.0	-1.0	-1.0	34.0	21.0	-1.0	-1.0	-1.0	70.0	-1.0	21.0	24.0	18.0	34.0	-1.0	58.0	9.0	24.0	15.0	-1.0	25.0	-1.0	-1.0	75.0	-1.0	-1.0	33.0	16.0	73.0	17.0	62.0	42.0	33.0	-1.0	-1.0	17.0	55.0	38.0	-1.0	24.0	29.0	14.0	7.0	-1.0	19.0	17.0	33.0	7.0	-1.0	-1.0	-1.0	17.0	69.0	-1.0	64.0	39.0	-1.0	55.0	39.0	15.0	-1.0	-1.0	15.0	40.0	-1.0	52.0	10.0	11.0	59.0	41.0	73.0	-1.0	-1.0	35.0	-1.0	21.0	56.0	-1.0	25.0	41.0	15.0	40.0	27.0	31.0	-1.0	24.0	15.0	-1.0	42.0	63.0	-1.0	
36.0	-1.0	-1.0	-1.0	-1.0	28.0	39.0	35.0	17.0	53.0	32.0	-1.0	-1.0	17.0	-1.0	-1.0	34.0	70.0	66.0	21.0	24.0	-1.0	34.0	8.0	58.0	-1.0	44.0	25.0	24.0	25.0	33.0	19.0	75.0	-1.0	-1.0	-1.0	16.0	-1.0	17.0	74.0	29.0	-1.0	9.0	71.0	-1.0	-1.0	23.0	47.0	-1.0	29.0	14.0	7.0	60.0	-1.0	39.0	-1.0	7.0	50.0	41.0	-1.0	-1.0	66.0	43.0	64.0	-1.0	-1.0	35.0	-1.0	30.0	36.0	-1.0	15.0	43.0	21.0	52.0	-1.0	11.0	46.0	44.0	67.0	45.0	16.0	-1.0	-1.0	21.0	-1.0	-1.0	25.0	41.0	15.0	-1.0	-1.0	31.0	12.0	24.0	-1.0	21.0	-1.0	-1.0	31.0	
36.0	26.0	-1.0	70.0	-1.0	28.0	63.0	49.0	17.0	53.0	34.0	28.0	-1.0	17.0	29.0	49.0	-1.0	70.0	66.0	21.0	24.0	-1.0	34.0	8.0	38.0	9.0	24.0	-1.0	-1.0	25.0	33.0	19.0	75.0	12.0	40.0	65.0	-1.0	-1.0	17.0	-1.0	63.0	15.0	-1.0	-1.0	-1.0	-1.0	51.0	58.0	24.0	72.0	-1.0	7.0	-1.0	19.0	17.0	33.0	17.0	50.0	64.0	27.0	-1.0	66.0	66.0	50.0	44.0	62.0	45.0	53.0	21.0	24.0	59.0	15.0	40.0	26.0	39.0	10.0	11.0	59.0	58.0	-1.0	45.0	16.0	-1.0	16.0	21.0	-1.0	23.0	-1.0	-1.0	17.0	40.0	27.0	-1.0	12.0	24.0	-1.0	-1.0	-1.0	-1.0	23.0	

maxX :
65.0	65.0	65.0	

maxW :
75.0	75.0	75.0	

minX :
0.0	0.0	0.0	

minW :
7.0	7.0	7.0	

moyX :
21.439393939393938	20.390625	21.91780821917808	

moyW :
33.65151515151515	34.453125	35.726027397260275	

medX :
15.5	15.5	18.0	

medW :
31.0	31.5	29.0	

ecartTypeX :
17.957128058727513	17.727641893646627	18.07424067611181	

ecartTypeW :
18.44360152188979	18.20708111516986	19.26047857409984	

varX :
322.458448117539	314.269287109375	326.67817601801465	

varW :
340.1664370982553	331.497802734375	370.966034903359	

covarX :
327.4193473193473	319.2576884920635	331.21537290715366	

covarW :
345.3997668997669	336.7596726190476	376.11834094368345	

coef_variationX :
0.8375762910784564	0.8694015947842024	0.8246372308476013	

coef_variationW :
0.5480764072241	0.5284594972203497	0.5391161564069357	

moy_distances_centre :	40.68888888888889
min_distances_centre :	12.0
max_distances_centre :	88.0
med_distances_centre :	36.0
ecartType_distances_centre :	20.401331353312568
var_distances_centre :	416.21432098765433
covar_distances_centre :	420.8908863920101
coef_variation_distances_centre :	0.5013980944287633
capacite_X_temoin : 
157.0	172.0	153.0	169.0	177.0	171.0	174.0	162.0	145.0	178.0	
171.0	160.0	175.0	175.0	136.0	178.0	157.0	162.0	178.0	175.0	
157.0	154.0	162.0	153.0	166.0	175.0	154.0	162.0	162.0	142.0	

capacite_W_temoin : 
153.1	153.6	164.9	219.7	55.1	141.3	176.2	174.6	99.5	96.4	
153.3	155.0	181.5	227.5	40.8	144.4	179.1	116.6	165.4	140.5	
127.1	171.2	171.6	157.9	67.8	95.5	135.2	102.6	113.6	68.6	

demande_cumulee_X : 
51.0	70.0	34.0	0.0	175.0	81.0	50.0	36.0	89.0	135.0	
69.0	53.0	46.0	0.0	136.0	87.0	25.0	94.0	66.0	87.0	
77.0	29.0	39.0	41.0	148.0	132.0	65.0	108.0	97.0	116.0	

demande_cumulee_W : 
21.0	90.0	82.0	89.0	48.0	77.0	105.0	106.0	12.0	91.0	
12.0	30.0	90.0	94.0	38.0	52.0	156.0	65.0	2.0	124.0	
113.0	124.0	43.0	146.0	49.0	64.0	130.0	88.0	45.0	50.0	

capacite_residuelle_X : 
106.0	102.0	119.0	169.0	2.0	90.0	124.0	126.0	56.0	43.0	
102.0	107.0	129.0	175.0	0.0	91.0	132.0	68.0	112.0	88.0	
80.0	125.0	123.0	112.0	18.0	43.0	89.0	54.0	65.0	26.0	

capacite_residuelle_W : 
132.1	63.599999999999994	82.9	130.7	7.100000000000001	64.30000000000001	71.19999999999999	68.6	87.5	5.400000000000006	
141.3	125.0	91.5	133.5	2.799999999999997	92.4	23.099999999999994	51.599999999999994	163.4	16.5	
14.099999999999994	47.19999999999999	128.6	11.900000000000006	18.799999999999997	31.5	5.199999999999989	14.599999999999994	68.6	18.599999999999994	

min_capacite_X : 
145.0	136.0	142.0	

min_capacite_W : 
55.1	40.8	67.8	

max_capacite_X : 
178.0	178.0	175.0	

max_capacite_W : 
219.7	227.5	171.6	

moy_capacite_X : 
165.8	166.7	158.7	

moy_capacite_W : 
143.44	150.41	121.10999999999999	

med_capacite_X : 
170.0	173.0	159.5	

med_capacite_W : 
153.35	154.15	120.35	

ecartType_capacite_X : 
10.514751542475931	12.586103447850729	8.426743143112885	

ecartType_capacite_W : 
45.2425065618606	46.12861259565477	36.46958870072433	

var_capacite_X : 
110.55999999999999	158.41	71.01000000000002	

var_capacite_W : 
2046.8843999999997	2127.8489000000004	1330.0309	

covar_capacite_X : 
122.84444444444445	176.0111111111111	78.9	

covar_capacite_W : 
2274.3159999999993	2364.2765555555557	1477.8121111111109	

##########	##########	##########	##########	##########	##########	##########	##########	##########	##########	##########	##########	##########	##########	##########	##########	##########	##########	##########	##########	##########	##########	##########	##########	##########	##########	##########	##########	##########	##########	##########	##########	##########	##########	##########	##########	##########	##########	##########	##########	##########	##########	##########	##########	##########	##########	##########	##########	##########	##########	##########	##########	##########	##########	##########	##########	##########	##########	##########	##########	##########	##########	##########	##########	##########	##########	##########	##########	##########	##########	##########	##########	##########	##########	##########	##########	##########	##########	##########	##########	##########	##########	##########	##########	##########	##########	##########	##########	##########	##########	##########	##########	##########	##########	##########	##########	##########	##########	##########	##########	nombre de noeuds : 100
nombre de strates : 3
nombre de centres : 10
titre : intelligent
instances : p11_1
temps de calcul : 0.1155698299407959
valeur objective : 420.0
nombre de solutions : 3
nombre de noeuds : 1.0
faisability : True
moy_distances :	50.39
min_distances :	0.0
max_distances :	123.0
var_distances :	583.6341511682481
covar_distances :	583.6931100682551
ecartType_distances :	24.158521295150663
coef_variation	: 0.47945297034706974
distances_centre_x :
-1.0	2.0	13.0	-1.0	30.0	0.0	13.0	-1.0	17.0	52.0	-1.0	-1.0	19.0	0.0	-1.0	-1.0	-1.0	12.0	-1.0	0.0	4.0	18.0	34.0	-1.0	30.0	9.0	33.0	14.0	-1.0	16.0	-1.0	-1.0	65.0	-1.0	-1.0	17.0	15.0	65.0	7.0	34.0	27.0	0.0	-1.0	-1.0	0.0	38.0	6.0	-1.0	11.0	26.0	0.0	4.0	-1.0	11.0	13.0	30.0	5.0	-1.0	-1.0	-1.0	15.0	58.0	-1.0	45.0	44.0	-1.0	55.0	41.0	15.0	-1.0	-1.0	15.0	38.0	-1.0	36.0	6.0	9.0	43.0	41.0	56.0	-1.0	-1.0	27.0	-1.0	25.0	11.0	-1.0	23.0	17.0	7.0	37.0	19.0	22.0	-1.0	7.0	15.0	-1.0	39.0	56.0	-1.0	
36.0	-1.0	-1.0	-1.0	-1.0	0.0	13.0	18.0	17.0	52.0	20.0	-1.0	-1.0	0.0	-1.0	-1.0	19.0	12.0	60.0	0.0	4.0	-1.0	34.0	5.0	30.0	-1.0	3.0	14.0	8.0	16.0	5.0	5.0	65.0	-1.0	-1.0	-1.0	15.0	-1.0	7.0	56.0	27.0	-1.0	8.0	47.0	-1.0	-1.0	6.0	20.0	-1.0	26.0	0.0	4.0	49.0	-1.0	13.0	-1.0	5.0	56.0	23.0	-1.0	-1.0	58.0	38.0	45.0	-1.0	-1.0	28.0	-1.0	15.0	23.0	-1.0	15.0	38.0	7.0	36.0	-1.0	9.0	46.0	41.0	56.0	22.0	16.0	-1.0	-1.0	12.0	-1.0	-1.0	23.0	17.0	7.0	-1.0	-1.0	22.0	0.0	7.0	-1.0	0.0	-1.0	-1.0	8.0	
37.0	2.0	-1.0	60.0	-1.0	0.0	13.0	18.0	17.0	52.0	20.0	15.0	-1.0	0.0	25.0	48.0	-1.0	12.0	60.0	0.0	4.0	-1.0	34.0	5.0	53.0	9.0	23.0	-1.0	-1.0	16.0	5.0	5.0	65.0	0.0	19.0	17.0	-1.0	-1.0	7.0	-1.0	27.0	0.0	-1.0	-1.0	-1.0	-1.0	6.0	6.0	11.0	26.0	-1.0	4.0	-1.0	11.0	13.0	30.0	5.0	40.0	23.0	5.0	-1.0	58.0	38.0	45.0	44.0	24.0	55.0	41.0	15.0	23.0	41.0	15.0	38.0	7.0	36.0	6.0	9.0	43.0	41.0	-1.0	22.0	16.0	-1.0	9.0	12.0	-1.0	18.0	-1.0	-1.0	17.0	37.0	40.0	-1.0	0.0	7.0	-1.0	-1.0	-1.0	-1.0	8.0	

distances_centre_w :
-1.0	21.0	25.0	-1.0	48.0	52.0	39.0	-1.0	23.0	53.0	-1.0	-1.0	34.0	37.0	-1.0	-1.0	-1.0	70.0	-1.0	41.0	24.0	21.0	38.0	-1.0	38.0	17.0	55.0	31.0	-1.0	18.0	-1.0	-1.0	75.0	-1.0	-1.0	33.0	16.0	73.0	17.0	46.0	55.0	63.0	-1.0	-1.0	17.0	55.0	23.0	-1.0	24.0	29.0	14.0	15.0	-1.0	19.0	17.0	41.0	7.0	-1.0	-1.0	-1.0	28.0	66.0	-1.0	64.0	50.0	-1.0	71.0	50.0	21.0	-1.0	-1.0	18.0	40.0	-1.0	52.0	10.0	11.0	46.0	44.0	70.0	-1.0	-1.0	56.0	-1.0	54.0	23.0	-1.0	43.0	41.0	15.0	40.0	27.0	31.0	-1.0	24.0	21.0	-1.0	42.0	63.0	-1.0	
37.0	-1.0	-1.0	-1.0	-1.0	31.0	39.0	35.0	23.0	53.0	69.0	-1.0	-1.0	7.0	-1.0	-1.0	34.0	70.0	66.0	21.0	24.0	-1.0	38.0	8.0	73.0	-1.0	23.0	32.0	22.0	18.0	33.0	7.0	75.0	-1.0	-1.0	-1.0	16.0	-1.0	17.0	74.0	42.0	-1.0	9.0	53.0	-1.0	-1.0	23.0	58.0	-1.0	72.0	14.0	7.0	60.0	-1.0	17.0	-1.0	7.0	75.0	41.0	-1.0	-1.0	69.0	40.0	53.0	-1.0	-1.0	71.0	-1.0	58.0	34.0	-1.0	18.0	40.0	21.0	52.0	-1.0	11.0	67.0	75.0	70.0	45.0	23.0	-1.0	-1.0	21.0	-1.0	-1.0	43.0	41.0	15.0	-1.0	-1.0	31.0	12.0	24.0	-1.0	21.0	-1.0	-1.0	23.0	
40.0	36.0	-1.0	70.0	-1.0	28.0	39.0	35.0	23.0	53.0	69.0	28.0	-1.0	7.0	29.0	64.0	-1.0	70.0	66.0	21.0	24.0	-1.0	38.0	8.0	73.0	17.0	30.0	-1.0	-1.0	18.0	33.0	7.0	75.0	12.0	31.0	27.0	-1.0	-1.0	17.0	-1.0	30.0	7.0	-1.0	-1.0	-1.0	-1.0	50.0	58.0	24.0	29.0	-1.0	16.0	-1.0	19.0	17.0	33.0	7.0	50.0	41.0	12.0	-1.0	66.0	40.0	50.0	50.0	62.0	71.0	53.0	41.0	24.0	70.0	18.0	43.0	30.0	39.0	10.0	11.0	59.0	41.0	-1.0	61.0	23.0	-1.0	10.0	21.0	-1.0	75.0	-1.0	-1.0	47.0	40.0	47.0	-1.0	12.0	24.0	-1.0	-1.0	-1.0	-1.0	37.0	

maxX :
65.0	65.0	65.0	

maxW :
75.0	75.0	75.0	

minX :
0.0	0.0	0.0	

minW :
7.0	7.0	7.0	

moyX :
22.90909090909091	21.671875	22.095890410958905	

moyW :
37.04545454545455	37.515625	36.38356164383562	

medX :
17.0	16.5	17.0	

medW :
37.5	34.0	33.0	

ecartTypeX :
17.512529949557827	17.972248300765685	17.654340444659365	

ecartTypeW :
18.09941554236508	21.69244697721709	19.922885674923275	

varX :
306.68870523415984	323.001708984375	311.67573653593547	

varW :
327.58884297520655	470.562255859375	396.9213736160631	

covarX :
311.40699300699305	328.12872023809524	316.00456621004565	

covarW :
332.6286713286713	478.031498015873	402.43417047184164	

coef_variationX :
0.7644358311314924	0.8292890347865925	0.7989875092747264	

coef_variationW :
0.48857318028470154	0.5782243259233211	0.5475793126014303	

moy_distances_centre :	38.2
min_distances_centre :	7.0
max_distances_centre :	88.0
med_distances_centre :	32.0
ecartType_distances_centre :	20.640413432551842
var_distances_centre :	426.0266666666666
covar_distances_centre :	430.81348314606726
coef_variation_distances_centre :	0.5403249589673257
capacite_X_temoin : 
157.0	172.0	153.0	169.0	150.0	177.0	171.0	174.0	162.0	178.0	
171.0	160.0	175.0	175.0	177.0	136.0	178.0	157.0	162.0	175.0	
157.0	154.0	162.0	153.0	153.0	166.0	175.0	154.0	162.0	142.0	

capacite_W_temoin : 
149.1	175.6	144.9	134.7	189.0	55.1	124.3	178.2	174.6	115.4	
145.3	177.0	181.5	165.5	206.1	43.8	144.4	173.1	136.6	129.5	
110.1	133.2	169.6	115.9	124.9	56.8	109.5	153.2	141.6	84.6	

demande_cumulee_X : 
55.0	48.0	54.0	85.0	6.0	175.0	98.0	48.0	36.0	116.0	
77.0	31.0	46.0	62.0	24.0	133.0	87.0	31.0	74.0	98.0	
94.0	67.0	41.0	83.0	74.0	159.0	118.0	47.0	69.0	100.0	

demande_cumulee_W : 
31.0	129.0	78.0	37.0	53.0	51.0	65.0	73.0	96.0	108.0	
24.0	97.0	52.0	94.0	48.0	32.0	56.0	135.0	53.0	72.0	
110.0	93.0	37.0	105.0	81.0	31.0	82.0	139.0	101.0	73.0	

capacite_residuelle_X : 
102.0	124.0	99.0	84.0	144.0	2.0	73.0	126.0	126.0	62.0	
94.0	129.0	129.0	113.0	153.0	3.0	91.0	126.0	88.0	77.0	
63.0	87.0	121.0	70.0	79.0	7.0	57.0	107.0	93.0	42.0	

capacite_residuelle_W : 
118.1	46.599999999999994	66.9	97.69999999999999	136.0	4.100000000000001	59.3	105.19999999999999	78.6	7.400000000000006	
121.30000000000001	80.0	129.5	71.5	158.1	11.799999999999997	88.4	38.099999999999994	83.6	57.5	
0.09999999999999432	40.19999999999999	132.6	10.900000000000006	43.900000000000006	25.799999999999997	27.5	14.199999999999989	40.599999999999994	11.599999999999994	

min_capacite_X : 
150.0	136.0	142.0	

min_capacite_W : 
55.1	43.8	56.8	

max_capacite_X : 
178.0	178.0	175.0	

max_capacite_W : 
189.0	206.1	169.6	

moy_capacite_X : 
166.3	166.6	157.8	

moy_capacite_W : 
144.09	150.27999999999997	119.93999999999998	

med_capacite_X : 
170.0	173.0	155.5	

med_capacite_W : 
147.0	155.4	120.4	

ecartType_capacite_X : 
9.59218431849597	12.499599993599796	8.506468127254696	

ecartType_capacite_W : 
37.88409824715378	41.92044369994192	31.14425147599473	

var_capacite_X : 
92.01000000000002	156.24	72.36	

var_capacite_W : 
1435.2049	1757.3236000000002	969.9643999999998	

covar_capacite_X : 
102.23333333333335	173.59999999999997	80.39999999999999	

covar_capacite_W : 
1594.672111111111	1952.5817777777781	1077.738222222222	

##########	##########	##########	##########	##########	##########	##########	##########	##########	##########	##########	##########	##########	##########	##########	##########	##########	##########	##########	##########	##########	##########	##########	##########	##########	##########	##########	##########	##########	##########	##########	##########	##########	##########	##########	##########	##########	##########	##########	##########	##########	##########	##########	##########	##########	##########	##########	##########	##########	##########	##########	##########	##########	##########	##########	##########	##########	##########	##########	##########	##########	##########	##########	##########	##########	##########	##########	##########	##########	##########	##########	##########	##########	##########	##########	##########	##########	##########	##########	##########	##########	##########	##########	##########	##########	##########	##########	##########	##########	##########	##########	##########	##########	##########	##########	##########	##########	##########	##########	##########	nombre de noeuds : 100
nombre de strates : 3
nombre de centres : 10
titre : intelligent
instances : p11_1
temps de calcul : 0.11346888542175293
valeur objective : 420.0
nombre de solutions : 3
nombre de noeuds : 1.0
faisability : True
moy_distances :	50.39
min_distances :	0.0
max_distances :	123.0
var_distances :	583.6341511682481
covar_distances :	583.6931100682551
ecartType_distances :	24.158521295150663
coef_variation	: 0.47945297034706974
distances_centre_x :
-1.0	2.0	13.0	-1.0	30.0	0.0	13.0	-1.0	23.0	52.0	-1.0	-1.0	19.0	0.0	-1.0	-1.0	-1.0	12.0	-1.0	0.0	4.0	21.0	34.0	-1.0	30.0	17.0	3.0	14.0	-1.0	16.0	-1.0	-1.0	65.0	-1.0	-1.0	17.0	15.0	65.0	7.0	34.0	27.0	0.0	-1.0	-1.0	0.0	38.0	35.0	-1.0	11.0	26.0	0.0	0.0	-1.0	11.0	17.0	30.0	1.0	-1.0	-1.0	-1.0	15.0	58.0	-1.0	45.0	33.0	-1.0	55.0	35.0	15.0	-1.0	-1.0	18.0	38.0	-1.0	36.0	6.0	8.0	43.0	41.0	56.0	-1.0	-1.0	27.0	-1.0	25.0	11.0	-1.0	23.0	17.0	7.0	37.0	19.0	22.0	-1.0	7.0	21.0	-1.0	42.0	56.0	-1.0	
37.0	-1.0	-1.0	-1.0	-1.0	0.0	13.0	18.0	23.0	52.0	20.0	-1.0	-1.0	0.0	-1.0	-1.0	19.0	12.0	60.0	0.0	4.0	-1.0	34.0	3.0	30.0	-1.0	3.0	14.0	8.0	16.0	5.0	5.0	65.0	-1.0	-1.0	-1.0	15.0	-1.0	7.0	58.0	27.0	-1.0	8.0	47.0	-1.0	-1.0	6.0	18.0	-1.0	26.0	0.0	0.0	49.0	-1.0	13.0	-1.0	1.0	40.0	23.0	-1.0	-1.0	58.0	38.0	45.0	-1.0	-1.0	50.0	-1.0	15.0	24.0	-1.0	18.0	38.0	7.0	36.0	-1.0	8.0	43.0	44.0	56.0	22.0	23.0	-1.0	-1.0	12.0	-1.0	-1.0	23.0	17.0	7.0	-1.0	-1.0	22.0	0.0	7.0	-1.0	0.0	-1.0	-1.0	8.0	
37.0	2.0	-1.0	60.0	-1.0	0.0	13.0	18.0	23.0	52.0	20.0	15.0	-1.0	0.0	25.0	48.0	-1.0	12.0	60.0	0.0	4.0	-1.0	34.0	3.0	30.0	17.0	3.0	-1.0	-1.0	16.0	5.0	5.0	65.0	12.0	31.0	17.0	-1.0	-1.0	7.0	-1.0	27.0	0.0	-1.0	-1.0	-1.0	-1.0	6.0	47.0	11.0	36.0	-1.0	0.0	-1.0	11.0	13.0	30.0	1.0	56.0	23.0	5.0	-1.0	58.0	38.0	45.0	33.0	24.0	55.0	35.0	15.0	24.0	41.0	18.0	40.0	7.0	36.0	6.0	8.0	46.0	44.0	-1.0	22.0	23.0	-1.0	9.0	12.0	-1.0	18.0	-1.0	-1.0	17.0	37.0	34.0	-1.0	0.0	7.0	-1.0	-1.0	-1.0	-1.0	8.0	

distances_centre_w :
-1.0	20.0	31.0	-1.0	62.0	28.0	39.0	-1.0	24.0	53.0	-1.0	-1.0	34.0	7.0	-1.0	-1.0	-1.0	70.0	-1.0	42.0	24.0	22.0	38.0	-1.0	38.0	21.0	19.0	27.0	-1.0	18.0	-1.0	-1.0	75.0	-1.0	-1.0	33.0	16.0	73.0	17.0	66.0	31.0	15.0	-1.0	-1.0	17.0	55.0	44.0	-1.0	24.0	29.0	20.0	7.0	-1.0	20.0	20.0	33.0	5.0	-1.0	-1.0	-1.0	56.0	66.0	-1.0	68.0	44.0	-1.0	59.0	39.0	58.0	-1.0	-1.0	19.0	40.0	-1.0	52.0	7.0	9.0	46.0	44.0	70.0	-1.0	-1.0	35.0	-1.0	54.0	23.0	-1.0	70.0	41.0	15.0	40.0	27.0	31.0	-1.0	24.0	22.0	-1.0	61.0	63.0	-1.0	
40.0	-1.0	-1.0	-1.0	-1.0	31.0	70.0	35.0	24.0	53.0	69.0	-1.0	-1.0	7.0	-1.0	-1.0	34.0	70.0	66.0	21.0	24.0	-1.0	38.0	5.0	61.0	-1.0	19.0	15.0	32.0	18.0	33.0	7.0	75.0	-1.0	-1.0	-1.0	16.0	-1.0	17.0	66.0	44.0	-1.0	9.0	51.0	-1.0	-1.0	23.0	28.0	-1.0	43.0	14.0	4.0	60.0	-1.0	17.0	-1.0	5.0	50.0	41.0	-1.0	-1.0	66.0	40.0	64.0	-1.0	-1.0	59.0	-1.0	58.0	24.0	-1.0	19.0	54.0	21.0	52.0	-1.0	9.0	43.0	57.0	73.0	68.0	25.0	-1.0	-1.0	21.0	-1.0	-1.0	28.0	41.0	15.0	-1.0	-1.0	31.0	4.0	64.0	-1.0	21.0	-1.0	-1.0	23.0	
40.0	57.0	-1.0	70.0	-1.0	28.0	39.0	35.0	24.0	53.0	69.0	28.0	-1.0	7.0	29.0	49.0	-1.0	70.0	66.0	21.0	24.0	-1.0	38.0	5.0	61.0	21.0	19.0	-1.0	-1.0	18.0	33.0	7.0	75.0	16.0	45.0	27.0	-1.0	-1.0	17.0	-1.0	30.0	7.0	-1.0	-1.0	-1.0	-1.0	39.0	58.0	50.0	49.0	-1.0	4.0	-1.0	19.0	17.0	54.0	5.0	60.0	41.0	12.0	-1.0	66.0	55.0	50.0	44.0	62.0	59.0	39.0	21.0	31.0	61.0	19.0	43.0	26.0	53.0	7.0	9.0	75.0	73.0	-1.0	45.0	25.0	-1.0	10.0	21.0	-1.0	75.0	-1.0	-1.0	35.0	40.0	54.0	-1.0	4.0	26.0	-1.0	-1.0	-1.0	-1.0	31.0	

maxX :
65.0	65.0	65.0	

maxW :
75.0	75.0	75.0	

minX :
0.0	0.0	0.0	

minW :
5.0	4.0	4.0	

moyX :
23.0	21.875	22.73972602739726	

moyW :
36.36363636363637	36.171875	36.917808219178085	

medX :
19.0	18.0	18.0	

medW :
33.0	32.5	35.0	

ecartTypeX :
17.389477835574574	18.1508436443048	17.755591361102937	

ecartTypeW :
19.122916890820374	21.018261916352053	20.673425085968166	

varX :
302.3939393939394	329.453125	315.2610245824732	

varW :
365.68595041322317	441.767333984375	427.3905047851379	

covarX :
307.04615384615386	334.68253968253964	319.63964992389646	

covarW :
371.31188811188815	448.77951388888886	433.32648401826475	

coef_variationX :
0.7560642537206337	0.8297528523110765	0.7808181743135628	

coef_variationW :
0.5258802144975603	0.5810664201496896	0.559985169304518	

moy_distances_centre :	36.17777777777778
min_distances_centre :	4.0
max_distances_centre :	88.0
med_distances_centre :	31.0
ecartType_distances_centre :	21.047342285522667
var_distances_centre :	442.9906172839506
covar_distances_centre :	447.9680399500624
coef_variation_distances_centre :	0.5817754317251351
capacite_X_temoin : 
157.0	172.0	153.0	150.0	177.0	171.0	154.0	174.0	162.0	178.0	
171.0	160.0	175.0	177.0	136.0	178.0	150.0	157.0	162.0	175.0	
157.0	154.0	162.0	153.0	166.0	175.0	175.0	154.0	162.0	142.0	

capacite_W_temoin : 
168.1	155.6	144.9	153.0	65.1	141.3	134.2	188.2	161.6	109.4	
153.3	166.0	181.5	181.1	60.8	144.4	110.0	177.1	173.6	122.5	
98.1	157.2	111.6	118.9	59.8	150.5	161.5	155.2	137.6	77.6	

demande_cumulee_X : 
36.0	68.0	54.0	42.0	165.0	81.0	66.0	38.0	49.0	122.0	
69.0	42.0	46.0	49.0	116.0	87.0	85.0	27.0	37.0	105.0	
106.0	43.0	99.0	80.0	156.0	77.0	66.0	45.0	73.0	107.0	

demande_cumulee_W : 
31.0	77.0	119.0	59.0	60.0	80.0	75.0	54.0	75.0	91.0	
0.0	119.0	64.0	50.0	48.0	72.0	37.0	71.0	135.0	67.0	
93.0	82.0	31.0	93.0	18.0	136.0	89.0	119.0	128.0	63.0	

capacite_residuelle_X : 
121.0	104.0	99.0	108.0	12.0	90.0	88.0	136.0	113.0	56.0	
102.0	118.0	129.0	128.0	20.0	91.0	65.0	130.0	125.0	70.0	
51.0	111.0	63.0	73.0	10.0	98.0	109.0	109.0	89.0	35.0	

capacite_residuelle_W : 
137.1	78.6	25.900000000000006	94.0	5.099999999999994	61.30000000000001	59.19999999999999	134.2	86.6	18.400000000000006	
153.3	47.0	117.5	131.1	12.799999999999997	72.4	73.0	106.1	38.599999999999994	55.5	
5.099999999999994	75.19999999999999	80.6	25.900000000000006	41.8	14.5	72.5	36.19999999999999	9.599999999999994	14.599999999999994	

min_capacite_X : 
150.0	136.0	142.0	

min_capacite_W : 
65.1	60.8	59.8	

max_capacite_X : 
178.0	178.0	175.0	

max_capacite_W : 
188.2	181.5	161.5	

moy_capacite_X : 
164.8	164.1	160.0	

moy_capacite_W : 
142.14	147.03	122.79999999999998	

med_capacite_X : 
166.5	166.5	159.5	

med_capacite_W : 
148.95	159.65	128.25	

ecartType_capacite_X : 
10.205880657738458	13.057181931795238	9.736529155710468	

ecartType_capacite_W : 
32.48335573797756	37.11301793171771	33.88203063572194	

var_capacite_X : 
104.16	170.49	94.8	

var_capacite_W : 
1055.1683999999998	1377.3761	1147.992	

covar_capacite_X : 
115.73333333333332	189.43333333333334	105.33333333333333	

covar_capacite_W : 
1172.4093333333333	1530.4178888888887	1275.5466666666666	

##########	##########	##########	##########	##########	##########	##########	##########	##########	##########	##########	##########	##########	##########	##########	##########	##########	##########	##########	##########	##########	##########	##########	##########	##########	##########	##########	##########	##########	##########	##########	##########	##########	##########	##########	##########	##########	##########	##########	##########	##########	##########	##########	##########	##########	##########	##########	##########	##########	##########	##########	##########	##########	##########	##########	##########	##########	##########	##########	##########	##########	##########	##########	##########	##########	##########	##########	##########	##########	##########	##########	##########	##########	##########	##########	##########	##########	##########	##########	##########	##########	##########	##########	##########	##########	##########	##########	##########	##########	##########	##########	##########	##########	##########	##########	##########	##########	##########	##########	##########	nombre de noeuds : 100
nombre de strates : 3
nombre de centres : 10
titre : intelligent
instances : p11_1
temps de calcul : 0.1107330322265625
valeur objective : 420.0
nombre de solutions : 3
nombre de noeuds : 1.0
faisability : True
moy_distances :	50.39
min_distances :	0.0
max_distances :	123.0
var_distances :	583.6341511682481
covar_distances :	583.6931100682551
ecartType_distances :	24.158521295150663
coef_variation	: 0.47945297034706974
distances_centre_x :
-1.0	2.0	13.0	-1.0	30.0	28.0	39.0	-1.0	23.0	52.0	-1.0	-1.0	19.0	0.0	-1.0	-1.0	-1.0	12.0	-1.0	0.0	24.0	21.0	34.0	-1.0	30.0	17.0	3.0	14.0	-1.0	11.0	-1.0	-1.0	65.0	-1.0	-1.0	17.0	15.0	65.0	7.0	34.0	21.0	0.0	-1.0	-1.0	25.0	61.0	6.0	-1.0	11.0	26.0	0.0	0.0	-1.0	11.0	0.0	33.0	1.0	-1.0	-1.0	-1.0	3.0	58.0	-1.0	50.0	39.0	-1.0	50.0	35.0	5.0	-1.0	-1.0	18.0	38.0	-1.0	36.0	6.0	8.0	43.0	41.0	56.0	-1.0	-1.0	44.0	-1.0	12.0	11.0	-1.0	23.0	41.0	7.0	40.0	19.0	19.0	-1.0	7.0	21.0	-1.0	39.0	56.0	-1.0	
37.0	-1.0	-1.0	-1.0	-1.0	28.0	39.0	35.0	23.0	53.0	20.0	-1.0	-1.0	0.0	-1.0	-1.0	19.0	12.0	60.0	0.0	24.0	-1.0	34.0	3.0	30.0	-1.0	3.0	14.0	8.0	11.0	33.0	5.0	65.0	-1.0	-1.0	-1.0	15.0	-1.0	7.0	51.0	21.0	-1.0	8.0	47.0	-1.0	-1.0	6.0	6.0	-1.0	26.0	0.0	0.0	49.0	-1.0	0.0	-1.0	1.0	40.0	41.0	-1.0	-1.0	58.0	38.0	50.0	-1.0	-1.0	28.0	-1.0	5.0	36.0	-1.0	18.0	38.0	7.0	36.0	-1.0	8.0	43.0	41.0	56.0	38.0	23.0	-1.0	-1.0	37.0	-1.0	-1.0	23.0	41.0	7.0	-1.0	-1.0	19.0	0.0	7.0	-1.0	0.0	-1.0	-1.0	8.0	
37.0	2.0	-1.0	60.0	-1.0	28.0	39.0	35.0	23.0	52.0	20.0	15.0	-1.0	0.0	25.0	48.0	-1.0	12.0	60.0	0.0	24.0	-1.0	34.0	3.0	50.0	17.0	3.0	-1.0	-1.0	11.0	33.0	5.0	65.0	12.0	19.0	17.0	-1.0	-1.0	7.0	-1.0	21.0	0.0	-1.0	-1.0	-1.0	-1.0	6.0	6.0	21.0	40.0	-1.0	0.0	-1.0	11.0	0.0	33.0	1.0	40.0	41.0	5.0	-1.0	58.0	38.0	50.0	39.0	23.0	50.0	49.0	5.0	24.0	41.0	18.0	38.0	21.0	36.0	6.0	8.0	43.0	41.0	-1.0	38.0	23.0	-1.0	9.0	21.0	-1.0	14.0	-1.0	-1.0	7.0	40.0	19.0	-1.0	0.0	7.0	-1.0	-1.0	-1.0	-1.0	8.0	

distances_centre_w :
-1.0	5.0	35.0	-1.0	48.0	56.0	70.0	-1.0	24.0	53.0	-1.0	-1.0	34.0	21.0	-1.0	-1.0	-1.0	18.0	-1.0	73.0	28.0	22.0	38.0	-1.0	38.0	21.0	55.0	23.0	-1.0	16.0	-1.0	-1.0	75.0	-1.0	-1.0	27.0	16.0	73.0	24.0	46.0	42.0	7.0	-1.0	-1.0	25.0	67.0	23.0	-1.0	43.0	62.0	20.0	7.0	-1.0	19.0	53.0	46.0	5.0	-1.0	-1.0	-1.0	41.0	66.0	-1.0	64.0	44.0	-1.0	59.0	39.0	58.0	-1.0	-1.0	19.0	55.0	-1.0	68.0	7.0	9.0	75.0	44.0	67.0	-1.0	-1.0	48.0	-1.0	21.0	23.0	-1.0	26.0	44.0	15.0	45.0	29.0	22.0	-1.0	27.0	22.0	-1.0	42.0	73.0	-1.0	
39.0	-1.0	-1.0	-1.0	-1.0	75.0	56.0	41.0	24.0	65.0	21.0	-1.0	-1.0	7.0	-1.0	-1.0	34.0	18.0	66.0	21.0	28.0	-1.0	38.0	5.0	61.0	-1.0	15.0	27.0	30.0	16.0	34.0	7.0	75.0	-1.0	-1.0	-1.0	16.0	-1.0	17.0	66.0	31.0	-1.0	9.0	51.0	-1.0	-1.0	23.0	18.0	-1.0	62.0	20.0	4.0	60.0	-1.0	13.0	-1.0	5.0	50.0	47.0	-1.0	-1.0	69.0	55.0	53.0	-1.0	-1.0	59.0	-1.0	15.0	65.0	-1.0	19.0	40.0	26.0	39.0	-1.0	9.0	73.0	65.0	73.0	51.0	25.0	-1.0	-1.0	54.0	-1.0	-1.0	43.0	44.0	15.0	-1.0	-1.0	22.0	4.0	66.0	-1.0	13.0	-1.0	-1.0	28.0	
39.0	21.0	-1.0	72.0	-1.0	31.0	40.0	41.0	24.0	53.0	21.0	28.0	-1.0	7.0	29.0	63.0	-1.0	18.0	66.0	20.0	28.0	-1.0	38.0	5.0	61.0	21.0	55.0	-1.0	-1.0	16.0	34.0	7.0	75.0	16.0	31.0	27.0	-1.0	-1.0	17.0	-1.0	27.0	7.0	-1.0	-1.0	-1.0	-1.0	23.0	18.0	38.0	49.0	-1.0	4.0	-1.0	19.0	53.0	47.0	5.0	50.0	54.0	12.0	-1.0	66.0	50.0	74.0	44.0	24.0	59.0	55.0	58.0	24.0	47.0	19.0	54.0	26.0	39.0	7.0	9.0	73.0	75.0	-1.0	50.0	25.0	-1.0	10.0	54.0	-1.0	21.0	-1.0	-1.0	31.0	45.0	65.0	-1.0	4.0	27.0	-1.0	-1.0	-1.0	-1.0	23.0	

maxX :
65.0	65.0	65.0	

maxW :
75.0	75.0	75.0	

minX :
0.0	0.0	0.0	

minW :
5.0	4.0	4.0	

moyX :
24.166666666666668	24.046875	24.041095890410958	

moyW :
38.03030303030303	36.25	35.178082191780824	

medX :
21.0	23.0	21.0	

medW :
38.0	32.5	31.0	

ecartTypeX :
18.324171264350607	18.309346731502327	17.844410011598534	

ecartTypeW :
20.26638483927578	21.691732295969356	20.252070731773365	

varX :
335.7752525252525	335.232177734375	318.42296866203793	

varW :
410.7263544536272	470.53125	410.1463689247514	

covarX :
340.94102564102565	340.5533234126984	322.84550989345513	

covarW :
417.0452214452215	478.0	415.8428462709285	

coef_variationX :
0.7582415695593354	0.761402333213872	0.7422461144425602	

coef_variationW :
0.532900955933148	0.5983926150612237	0.5757013876243986	

moy_distances_centre :	29.88888888888889
min_distances_centre :	4.0
max_distances_centre :	73.0
med_distances_centre :	25.0
ecartType_distances_centre :	15.66201664639962
var_distances_centre :	245.29876543209878
covar_distances_centre :	248.05493133583028
coef_variation_distances_centre :	0.5240079918869761
capacite_X_temoin : 
172.0	153.0	150.0	177.0	171.0	154.0	147.0	174.0	162.0	178.0	
160.0	175.0	177.0	136.0	178.0	150.0	159.0	157.0	162.0	175.0	
154.0	162.0	153.0	166.0	175.0	175.0	171.0	154.0	162.0	142.0	

capacite_W_temoin : 
204.6	165.9	112.0	58.1	141.3	152.2	134.1	205.2	144.6	90.4	
199.0	173.5	175.1	53.8	124.4	124.0	144.7	190.1	173.6	96.5	
184.2	153.6	145.9	81.8	120.5	146.5	102.3	140.2	119.6	51.6	

demande_cumulee_X : 
19.0	33.0	83.0	172.0	81.0	48.0	57.0	21.0	66.0	141.0	
9.0	54.0	55.0	123.0	107.0	71.0	62.0	14.0	37.0	131.0	
16.0	57.0	53.0	134.0	107.0	81.0	120.0	60.0	91.0	133.0	

demande_cumulee_W : 
66.0	39.0	67.0	51.0	117.0	84.0	25.0	91.0	101.0	80.0	
77.0	101.0	43.0	47.0	36.0	60.0	84.0	48.0	114.0	53.0	
126.0	49.0	80.0	48.0	109.0	78.0	66.0	130.0	116.0	50.0	

capacite_residuelle_X : 
153.0	120.0	67.0	5.0	90.0	106.0	90.0	153.0	96.0	37.0	
151.0	121.0	122.0	13.0	71.0	79.0	97.0	143.0	125.0	44.0	
138.0	105.0	100.0	32.0	68.0	94.0	51.0	94.0	71.0	9.0	

capacite_residuelle_W : 
138.6	126.9	45.0	7.100000000000001	24.30000000000001	68.19999999999999	109.1	114.19999999999999	43.599999999999994	10.400000000000006	
122.0	72.5	132.1	6.799999999999997	88.4	64.0	60.69999999999999	142.1	59.599999999999994	43.5	
58.19999999999999	104.6	65.9	33.8	11.5	68.5	36.3	10.199999999999989	3.5999999999999943	1.6000000000000014	

min_capacite_X : 
147.0	136.0	142.0	

min_capacite_W : 
58.1	53.8	51.6	

max_capacite_X : 
178.0	178.0	175.0	

max_capacite_W : 
205.2	199.0	184.2	

moy_capacite_X : 
163.8	162.9	161.4	

moy_capacite_W : 
140.84	145.46999999999997	124.61999999999998	

med_capacite_X : 
166.5	161.0	162.0	

med_capacite_W : 
142.95	159.1	130.35	

ecartType_capacite_X : 
11.347246362003427	12.918591254467337	10.200000000000001	

ecartType_capacite_W : 
43.870518574550715	43.61096307122786	36.42767629152318	

var_capacite_X : 
128.76	166.89	104.04	

var_capacite_W : 
1924.6223999999995	1901.9160999999997	1326.9756	

covar_capacite_X : 
143.06666666666663	185.4333333333333	115.60000000000001	

covar_capacite_W : 
2138.469333333333	2113.2401111111108	1474.4173333333333	

##########	##########	##########	##########	##########	##########	##########	##########	##########	##########	##########	##########	##########	##########	##########	##########	##########	##########	##########	##########	##########	##########	##########	##########	##########	##########	##########	##########	##########	##########	##########	##########	##########	##########	##########	##########	##########	##########	##########	##########	##########	##########	##########	##########	##########	##########	##########	##########	##########	##########	##########	##########	##########	##########	##########	##########	##########	##########	##########	##########	##########	##########	##########	##########	##########	##########	##########	##########	##########	##########	##########	##########	##########	##########	##########	##########	##########	##########	##########	##########	##########	##########	##########	##########	##########	##########	##########	##########	##########	##########	##########	##########	##########	##########	##########	##########	##########	##########	##########	##########	nombre de noeuds : 100
nombre de strates : 3
nombre de centres : 10
titre : intelligent
instances : p11_1
temps de calcul : 0.10816216468811035
valeur objective : 414.0
nombre de solutions : 3
nombre de noeuds : 1.0
faisability : True
moy_distances :	50.39
min_distances :	0.0
max_distances :	123.0
var_distances :	583.6341511682481
covar_distances :	583.6931100682551
ecartType_distances :	24.158521295150663
coef_variation	: 0.47945297034706974
distances_centre_x :
-1.0	2.0	13.0	-1.0	28.0	31.0	39.0	-1.0	23.0	52.0	-1.0	-1.0	19.0	0.0	-1.0	-1.0	-1.0	18.0	-1.0	20.0	28.0	21.0	34.0	-1.0	30.0	17.0	0.0	14.0	-1.0	11.0	-1.0	-1.0	65.0	-1.0	-1.0	38.0	15.0	65.0	7.0	54.0	21.0	0.0	-1.0	-1.0	22.0	38.0	6.0	-1.0	8.0	24.0	0.0	0.0	-1.0	11.0	0.0	32.0	1.0	-1.0	-1.0	-1.0	3.0	58.0	-1.0	48.0	8.0	-1.0	35.0	35.0	5.0	-1.0	-1.0	18.0	38.0	-1.0	34.0	6.0	8.0	42.0	39.0	56.0	-1.0	-1.0	27.0	-1.0	12.0	31.0	-1.0	23.0	41.0	7.0	38.0	18.0	19.0	-1.0	26.0	21.0	-1.0	40.0	56.0	-1.0	
37.0	-1.0	-1.0	-1.0	-1.0	31.0	39.0	35.0	23.0	52.0	21.0	-1.0	-1.0	0.0	-1.0	-1.0	19.0	18.0	60.0	20.0	28.0	-1.0	34.0	3.0	30.0	-1.0	0.0	14.0	8.0	11.0	34.0	5.0	65.0	-1.0	-1.0	-1.0	15.0	-1.0	7.0	51.0	21.0	-1.0	8.0	47.0	-1.0	-1.0	6.0	6.0	-1.0	24.0	0.0	0.0	64.0	-1.0	0.0	-1.0	1.0	40.0	41.0	-1.0	-1.0	58.0	38.0	48.0	-1.0	-1.0	28.0	-1.0	5.0	23.0	-1.0	18.0	38.0	6.0	36.0	-1.0	8.0	42.0	41.0	56.0	38.0	23.0	-1.0	-1.0	31.0	-1.0	-1.0	23.0	41.0	7.0	-1.0	-1.0	19.0	0.0	26.0	-1.0	0.0	-1.0	-1.0	8.0	
37.0	2.0	-1.0	60.0	-1.0	31.0	39.0	35.0	23.0	52.0	21.0	15.0	-1.0	0.0	25.0	46.0	-1.0	18.0	60.0	20.0	28.0	-1.0	34.0	3.0	53.0	17.0	0.0	-1.0	-1.0	11.0	34.0	5.0	65.0	12.0	19.0	30.0	-1.0	-1.0	7.0	-1.0	21.0	0.0	-1.0	-1.0	-1.0	-1.0	29.0	6.0	8.0	24.0	-1.0	0.0	-1.0	11.0	0.0	32.0	1.0	40.0	41.0	21.0	-1.0	58.0	38.0	50.0	8.0	23.0	28.0	35.0	5.0	24.0	41.0	18.0	38.0	6.0	34.0	6.0	8.0	43.0	41.0	-1.0	38.0	23.0	-1.0	9.0	12.0	-1.0	14.0	-1.0	-1.0	7.0	38.0	18.0	-1.0	0.0	27.0	-1.0	-1.0	-1.0	-1.0	8.0	

distances_centre_w :
-1.0	17.0	31.0	-1.0	43.0	56.0	40.0	-1.0	24.0	53.0	-1.0	-1.0	34.0	17.0	-1.0	-1.0	-1.0	26.0	-1.0	37.0	30.0	22.0	38.0	-1.0	47.0	21.0	3.0	15.0	-1.0	16.0	-1.0	-1.0	73.0	-1.0	-1.0	45.0	16.0	70.0	24.0	62.0	30.0	7.0	-1.0	-1.0	29.0	44.0	20.0	-1.0	14.0	40.0	20.0	4.0	-1.0	19.0	13.0	41.0	5.0	-1.0	-1.0	-1.0	24.0	66.0	-1.0	64.0	23.0	-1.0	55.0	61.0	26.0	-1.0	-1.0	19.0	40.0	-1.0	36.0	7.0	9.0	67.0	41.0	70.0	-1.0	-1.0	33.0	-1.0	37.0	35.0	-1.0	26.0	42.0	24.0	40.0	19.0	31.0	-1.0	27.0	22.0	-1.0	61.0	60.0	-1.0	
39.0	-1.0	-1.0	-1.0	-1.0	33.0	56.0	48.0	24.0	53.0	32.0	-1.0	-1.0	7.0	-1.0	-1.0	34.0	26.0	63.0	21.0	52.0	-1.0	38.0	5.0	47.0	-1.0	3.0	32.0	22.0	16.0	36.0	7.0	73.0	-1.0	-1.0	-1.0	16.0	-1.0	17.0	54.0	36.0	-1.0	9.0	51.0	-1.0	-1.0	38.0	18.0	-1.0	26.0	20.0	4.0	71.0	-1.0	13.0	-1.0	5.0	64.0	54.0	-1.0	-1.0	72.0	40.0	53.0	-1.0	-1.0	33.0	-1.0	21.0	31.0	-1.0	19.0	40.0	7.0	49.0	-1.0	9.0	57.0	44.0	73.0	61.0	25.0	-1.0	-1.0	37.0	-1.0	-1.0	43.0	42.0	12.0	-1.0	-1.0	31.0	4.0	29.0	-1.0	3.0	-1.0	-1.0	41.0	
39.0	5.0	-1.0	70.0	-1.0	33.0	40.0	58.0	24.0	53.0	32.0	28.0	-1.0	7.0	29.0	48.0	-1.0	26.0	63.0	21.0	37.0	-1.0	38.0	5.0	56.0	21.0	3.0	-1.0	-1.0	16.0	36.0	7.0	73.0	16.0	28.0	58.0	-1.0	-1.0	17.0	-1.0	30.0	7.0	-1.0	-1.0	-1.0	-1.0	29.0	18.0	50.0	26.0	-1.0	4.0	-1.0	19.0	53.0	33.0	5.0	50.0	41.0	33.0	-1.0	66.0	55.0	53.0	36.0	24.0	35.0	39.0	17.0	34.0	47.0	19.0	40.0	36.0	63.0	7.0	9.0	59.0	68.0	-1.0	38.0	25.0	-1.0	10.0	37.0	-1.0	25.0	-1.0	-1.0	15.0	40.0	19.0	-1.0	4.0	44.0	-1.0	-1.0	-1.0	-1.0	23.0	

maxX :
65.0	65.0	65.0	

maxW :
73.0	73.0	73.0	

minX :
0.0	0.0	0.0	

minW :
3.0	3.0	3.0	

moyX :
24.227272727272727	24.671875	23.753424657534246	

moyW :
33.5	33.421875	32.49315068493151	

medX :
21.5	23.0	23.0	

medW :
30.5	33.0	33.0	

ecartTypeX :
17.37099241294142	18.208046544985955	16.999420475148526	

ecartTypeW :
18.134388895302223	19.647522655143447	18.341601256393265	

varX :
301.7513774104683	331.532958984375	288.98029649089887	

varW :
328.8560606060606	386.025146484375	336.41433664852696	

covarX :
306.39370629370626	336.79538690476187	292.9939117199392	

covarW :
333.91538461538465	392.15252976190476	341.0867579908676	

coef_variationX :
0.7170015630107153	0.7380082196827746	0.7156618769814547	

coef_variationW :
0.5413250416508126	0.5878641654647876	0.5644759239952396	

moy_distances_centre :	26.933333333333334
min_distances_centre :	3.0
max_distances_centre :	57.0
med_distances_centre :	23.0
ecartType_distances_centre :	13.524299119239659
var_distances_centre :	182.90666666666664
covar_distances_centre :	184.96179775280902
coef_variation_distances_centre :	0.5021398187836507
capacite_X_temoin : 
172.0	172.0	150.0	177.0	171.0	154.0	147.0	174.0	162.0	178.0	
160.0	135.0	177.0	136.0	178.0	150.0	159.0	157.0	162.0	175.0	
154.0	168.0	153.0	166.0	175.0	175.0	171.0	154.0	162.0	142.0	

capacite_W_temoin : 
184.6	103.6	140.0	58.1	127.3	152.2	115.1	205.2	161.6	185.4	
199.0	84.5	181.1	42.8	144.4	124.0	132.7	183.1	152.6	158.5	
184.2	55.4	109.9	58.8	126.5	161.5	109.3	160.2	137.6	150.6	

demande_cumulee_X : 
39.0	120.0	55.0	172.0	95.0	48.0	76.0	21.0	49.0	46.0	
9.0	91.0	49.0	134.0	87.0	71.0	74.0	21.0	58.0	69.0	
16.0	163.0	89.0	157.0	101.0	66.0	113.0	40.0	73.0	34.0	

demande_cumulee_W : 
61.0	92.0	65.0	42.0	27.0	98.0	93.0	69.0	72.0	102.0	
93.0	77.0	36.0	39.0	34.0	42.0	109.0	37.0	90.0	106.0	
94.0	46.0	67.0	44.0	113.0	88.0	53.0	96.0	104.0	147.0	

capacite_residuelle_X : 
133.0	52.0	95.0	5.0	76.0	106.0	71.0	153.0	113.0	132.0	
151.0	44.0	128.0	2.0	91.0	79.0	85.0	136.0	104.0	106.0	
138.0	5.0	64.0	9.0	74.0	109.0	58.0	114.0	89.0	108.0	

capacite_residuelle_W : 
123.6	11.599999999999994	75.0	16.1	100.3	54.19999999999999	22.099999999999994	136.2	89.6	83.4	
106.0	7.5	145.1	3.799999999999997	110.4	82.0	23.69999999999999	146.1	62.599999999999994	52.5	
90.19999999999999	9.399999999999999	42.900000000000006	14.799999999999997	13.5	73.5	56.3	64.19999999999999	33.599999999999994	3.5999999999999943	

min_capacite_X : 
147.0	135.0	142.0	

min_capacite_W : 
58.1	42.8	55.4	

max_capacite_X : 
178.0	178.0	175.0	

max_capacite_W : 
205.2	199.0	184.2	

moy_capacite_X : 
165.7	158.9	162.0	

moy_capacite_W : 
143.31	140.26999999999998	125.39999999999998	

med_capacite_X : 
171.5	159.5	164.0	

med_capacite_W : 
146.1	148.5	132.05	

ecartType_capacite_X : 
10.964032105024136	14.631814651641813	10.392304845413264	

ecartType_capacite_W : 
41.97745704541903	45.14957474882792	40.7330332776728	

var_capacite_X : 
120.21	214.09	108.0	

var_capacite_W : 
1762.1069	2038.4841000000001	1659.1799999999998	

covar_capacite_X : 
133.56666666666666	237.87777777777777	120.0	

covar_capacite_W : 
1957.8965555555558	2264.9823333333334	1843.533333333333	

##########	##########	##########	##########	##########	##########	##########	##########	##########	##########	##########	##########	##########	##########	##########	##########	##########	##########	##########	##########	##########	##########	##########	##########	##########	##########	##########	##########	##########	##########	##########	##########	##########	##########	##########	##########	##########	##########	##########	##########	##########	##########	##########	##########	##########	##########	##########	##########	##########	##########	##########	##########	##########	##########	##########	##########	##########	##########	##########	##########	##########	##########	##########	##########	##########	##########	##########	##########	##########	##########	##########	##########	##########	##########	##########	##########	##########	##########	##########	##########	##########	##########	##########	##########	##########	##########	##########	##########	##########	##########	##########	##########	##########	##########	##########	##########	##########	##########	##########	##########	nombre de noeuds : 100
nombre de strates : 3
nombre de centres : 10
titre : intelligent
instances : p11_1
temps de calcul : 0.10976099967956543
valeur objective : 375.0
nombre de solutions : 3
nombre de noeuds : 1.0
faisability : True
moy_distances :	50.39
min_distances :	0.0
max_distances :	123.0
var_distances :	583.6341511682481
covar_distances :	583.6931100682551
ecartType_distances :	24.158521295150663
coef_variation	: 0.47945297034706974
distances_centre_x :
-1.0	2.0	13.0	-1.0	14.0	27.0	28.0	-1.0	23.0	52.0	-1.0	-1.0	34.0	0.0	-1.0	-1.0	-1.0	18.0	-1.0	20.0	26.0	21.0	34.0	-1.0	26.0	17.0	0.0	15.0	-1.0	11.0	-1.0	-1.0	60.0	-1.0	-1.0	2.0	16.0	56.0	17.0	34.0	21.0	0.0	-1.0	-1.0	0.0	47.0	6.0	-1.0	8.0	10.0	14.0	0.0	-1.0	19.0	0.0	14.0	1.0	-1.0	-1.0	-1.0	3.0	58.0	-1.0	31.0	8.0	-1.0	45.0	35.0	5.0	-1.0	-1.0	18.0	40.0	-1.0	17.0	6.0	8.0	25.0	22.0	53.0	-1.0	-1.0	24.0	-1.0	12.0	11.0	-1.0	23.0	28.0	7.0	21.0	0.0	19.0	-1.0	26.0	21.0	-1.0	40.0	46.0	-1.0	
37.0	-1.0	-1.0	-1.0	-1.0	27.0	28.0	20.0	23.0	52.0	21.0	-1.0	-1.0	0.0	-1.0	-1.0	34.0	18.0	49.0	20.0	26.0	-1.0	34.0	3.0	26.0	-1.0	0.0	15.0	8.0	11.0	27.0	5.0	60.0	-1.0	-1.0	-1.0	16.0	-1.0	17.0	34.0	21.0	-1.0	13.0	53.0	-1.0	-1.0	6.0	18.0	-1.0	10.0	14.0	0.0	49.0	-1.0	0.0	-1.0	1.0	52.0	25.0	-1.0	-1.0	58.0	40.0	31.0	-1.0	-1.0	23.0	-1.0	5.0	23.0	-1.0	18.0	40.0	6.0	17.0	-1.0	8.0	25.0	39.0	53.0	21.0	23.0	-1.0	-1.0	12.0	-1.0	-1.0	23.0	28.0	7.0	-1.0	-1.0	19.0	0.0	26.0	-1.0	0.0	-1.0	-1.0	23.0	
37.0	2.0	-1.0	60.0	-1.0	27.0	28.0	20.0	23.0	52.0	21.0	28.0	-1.0	0.0	29.0	29.0	-1.0	18.0	49.0	20.0	30.0	-1.0	34.0	3.0	26.0	17.0	0.0	-1.0	-1.0	11.0	27.0	5.0	60.0	12.0	19.0	30.0	-1.0	-1.0	17.0	-1.0	21.0	0.0	-1.0	-1.0	-1.0	-1.0	6.0	6.0	8.0	10.0	-1.0	0.0	-1.0	19.0	0.0	14.0	1.0	55.0	25.0	5.0	-1.0	58.0	43.0	31.0	8.0	23.0	45.0	53.0	5.0	23.0	46.0	18.0	40.0	6.0	36.0	6.0	8.0	42.0	41.0	-1.0	21.0	23.0	-1.0	9.0	12.0	-1.0	0.0	-1.0	-1.0	12.0	21.0	54.0	-1.0	0.0	26.0	-1.0	-1.0	-1.0	-1.0	23.0	

distances_centre_w :
-1.0	17.0	27.0	-1.0	28.0	41.0	39.0	-1.0	24.0	58.0	-1.0	-1.0	38.0	7.0	-1.0	-1.0	-1.0	26.0	-1.0	37.0	28.0	22.0	38.0	-1.0	36.0	22.0	15.0	25.0	-1.0	16.0	-1.0	-1.0	65.0	-1.0	-1.0	30.0	16.0	65.0	24.0	43.0	44.0	15.0	-1.0	-1.0	17.0	61.0	20.0	-1.0	14.0	24.0	20.0	4.0	-1.0	20.0	39.0	33.0	5.0	-1.0	-1.0	-1.0	17.0	60.0	-1.0	50.0	13.0	-1.0	47.0	61.0	26.0	-1.0	-1.0	19.0	65.0	-1.0	34.0	7.0	9.0	42.0	41.0	64.0	-1.0	-1.0	35.0	-1.0	21.0	20.0	-1.0	26.0	41.0	12.0	38.0	18.0	31.0	-1.0	37.0	22.0	-1.0	42.0	56.0	-1.0	
39.0	-1.0	-1.0	-1.0	-1.0	52.0	39.0	35.0	24.0	58.0	32.0	-1.0	-1.0	7.0	-1.0	-1.0	38.0	55.0	60.0	21.0	28.0	-1.0	38.0	5.0	47.0	-1.0	3.0	32.0	19.0	16.0	34.0	7.0	65.0	-1.0	-1.0	-1.0	17.0	-1.0	24.0	35.0	35.0	-1.0	22.0	65.0	-1.0	-1.0	35.0	34.0	-1.0	24.0	36.0	4.0	57.0	-1.0	39.0	-1.0	5.0	59.0	41.0	-1.0	-1.0	60.0	43.0	53.0	-1.0	-1.0	28.0	-1.0	17.0	24.0	-1.0	19.0	65.0	7.0	34.0	-1.0	9.0	42.0	44.0	64.0	50.0	25.0	-1.0	-1.0	21.0	-1.0	-1.0	30.0	41.0	12.0	-1.0	-1.0	31.0	4.0	27.0	-1.0	3.0	-1.0	-1.0	64.0	
39.0	5.0	-1.0	60.0	-1.0	31.0	39.0	35.0	24.0	58.0	32.0	34.0	-1.0	7.0	30.0	46.0	-1.0	55.0	60.0	21.0	49.0	-1.0	38.0	5.0	30.0	21.0	3.0	-1.0	-1.0	16.0	34.0	7.0	65.0	16.0	24.0	38.0	-1.0	-1.0	24.0	-1.0	30.0	7.0	-1.0	-1.0	-1.0	-1.0	20.0	18.0	43.0	24.0	-1.0	4.0	-1.0	20.0	13.0	54.0	5.0	64.0	41.0	12.0	-1.0	60.0	54.0	53.0	13.0	24.0	55.0	61.0	17.0	24.0	61.0	19.0	65.0	7.0	60.0	7.0	9.0	57.0	55.0	-1.0	38.0	25.0	-1.0	10.0	21.0	-1.0	44.0	-1.0	-1.0	31.0	38.0	59.0	-1.0	4.0	27.0	-1.0	-1.0	-1.0	-1.0	28.0	

maxX :
60.0	60.0	60.0	

maxW :
65.0	65.0	65.0	

minX :
0.0	0.0	0.0	

minW :
4.0	3.0	3.0	

moyX :
20.575757575757574	22.515625	22.424657534246574	

moyW :
31.166666666666668	32.859375	31.876712328767123	

medX :
18.5	21.0	21.0	

medW :
27.5	34.0	30.0	

ecartTypeX :
15.774990377042261	15.76090117535717	16.767481417967794	

ecartTypeW :
16.2467556978946	18.053624279057516	18.956290895997657	

varX :
248.85032139577595	248.406005859375	281.1484331018953	

varW :
263.95707070707067	325.933349609375	359.34096453368363	

covarX :
252.67878787878783	252.34895833333331	285.05327245053275	

covarW :
268.0179487179487	331.1068948412698	364.331811263318	

coef_variationX :
0.7666784719328346	0.6999983866917827	0.7477251945703415	

coef_variationW :
0.521286279076832	0.5494208054492064	0.5946752193415681	

moy_distances_centre :	27.57777777777778
min_distances_centre :	3.0
max_distances_centre :	59.0
med_distances_centre :	24.0
ecartType_distances_centre :	14.00870981273022
var_distances_centre :	196.24395061728399
covar_distances_centre :	198.44893882646696
coef_variation_distances_centre :	0.5079709440554874
capacite_X_temoin : 
172.0	172.0	150.0	177.0	154.0	147.0	174.0	178.0	162.0	178.0	
160.0	135.0	177.0	136.0	150.0	159.0	157.0	160.0	162.0	175.0	
154.0	168.0	153.0	166.0	175.0	171.0	154.0	135.0	162.0	142.0	

capacite_W_temoin : 
187.6	177.6	153.0	69.1	152.2	127.1	159.2	62.4	147.6	206.4	
179.0	139.5	175.1	54.8	107.0	132.7	159.1	52.0	173.6	206.5	
162.2	156.4	145.9	50.8	161.5	113.3	90.19999999999999	43.5	122.6	155.6	

demande_cumulee_X : 
36.0	46.0	42.0	161.0	48.0	64.0	67.0	169.0	63.0	25.0	
29.0	36.0	55.0	122.0	88.0	74.0	45.0	156.0	37.0	21.0	
38.0	62.0	53.0	165.0	66.0	109.0	110.0	132.0	88.0	29.0	

demande_cumulee_W : 
53.0	155.0	79.0	53.0	82.0	109.0	72.0	8.0	58.0	52.0	
58.0	119.0	32.0	37.0	66.0	39.0	120.0	38.0	80.0	74.0	
97.0	127.0	85.0	45.0	138.0	68.0	77.0	28.0	110.0	77.0	

capacite_residuelle_X : 
136.0	126.0	108.0	16.0	106.0	83.0	107.0	9.0	99.0	153.0	
131.0	99.0	122.0	14.0	62.0	85.0	112.0	4.0	125.0	154.0	
116.0	106.0	100.0	1.0	109.0	62.0	44.0	3.0	74.0	113.0	

capacite_residuelle_W : 
134.6	22.599999999999994	74.0	16.099999999999994	70.19999999999999	18.099999999999994	87.19999999999999	54.4	89.6	154.4	
121.0	20.5	143.1	17.799999999999997	41.0	93.69999999999999	39.099999999999994	14.0	93.6	132.5	
65.19999999999999	29.400000000000006	60.900000000000006	5.799999999999997	23.5	45.3	13.199999999999989	15.5	12.599999999999994	78.6	

min_capacite_X : 
147.0	135.0	135.0	

min_capacite_W : 
62.4	52.0	43.5	

max_capacite_X : 
178.0	177.0	175.0	

max_capacite_W : 
206.4	206.5	162.2	

moy_capacite_X : 
166.4	157.1	158.0	

moy_capacite_W : 
144.21999999999997	137.93	120.19999999999997	

med_capacite_X : 
172.0	159.5	158.0	

med_capacite_W : 
152.6	149.3	134.25	

ecartType_capacite_X : 
11.490865937778581	13.209466302617983	12.165525060596439	

ecartType_capacite_W : 
44.575347446767026	49.77123767800033	42.83269779035637	

var_capacite_X : 
132.04000000000002	174.49	148.0	

var_capacite_W : 
1986.9615999999999	2477.1760999999997	1834.6399999999994	

covar_capacite_X : 
146.71111111111114	193.87777777777777	164.44444444444443	

covar_capacite_W : 
2207.735111111111	2752.4178888888882	2038.4888888888886	

##########	##########	##########	##########	##########	##########	##########	##########	##########	##########	##########	##########	##########	##########	##########	##########	##########	##########	##########	##########	##########	##########	##########	##########	##########	##########	##########	##########	##########	##########	##########	##########	##########	##########	##########	##########	##########	##########	##########	##########	##########	##########	##########	##########	##########	##########	##########	##########	##########	##########	##########	##########	##########	##########	##########	##########	##########	##########	##########	##########	##########	##########	##########	##########	##########	##########	##########	##########	##########	##########	##########	##########	##########	##########	##########	##########	##########	##########	##########	##########	##########	##########	##########	##########	##########	##########	##########	##########	##########	##########	##########	##########	##########	##########	##########	##########	##########	##########	##########	##########	nombre de noeuds : 100
nombre de strates : 3
nombre de centres : 10
titre : intelligent
instances : p11_1
temps de calcul : 0.1308739185333252
valeur objective : 295.0
nombre de solutions : 3
nombre de noeuds : 1.0
faisability : True
moy_distances :	50.39
min_distances :	0.0
max_distances :	123.0
var_distances :	583.6341511682481
covar_distances :	583.6931100682551
ecartType_distances :	24.158521295150663
coef_variation	: 0.47945297034706974
distances_centre_x :
-1.0	2.0	13.0	-1.0	14.0	27.0	28.0	-1.0	24.0	0.0	-1.0	-1.0	34.0	0.0	-1.0	-1.0	-1.0	18.0	-1.0	20.0	26.0	21.0	34.0	-1.0	26.0	21.0	0.0	15.0	-1.0	11.0	-1.0	-1.0	31.0	-1.0	-1.0	2.0	16.0	37.0	17.0	27.0	21.0	0.0	-1.0	-1.0	0.0	32.0	6.0	-1.0	8.0	10.0	14.0	0.0	-1.0	19.0	0.0	14.0	1.0	-1.0	-1.0	-1.0	3.0	16.0	-1.0	31.0	8.0	-1.0	23.0	17.0	5.0	-1.0	-1.0	18.0	14.0	-1.0	17.0	6.0	8.0	25.0	22.0	24.0	-1.0	-1.0	24.0	-1.0	12.0	11.0	-1.0	23.0	28.0	7.0	21.0	0.0	19.0	-1.0	26.0	22.0	-1.0	26.0	36.0	-1.0	
37.0	-1.0	-1.0	-1.0	-1.0	27.0	28.0	20.0	24.0	0.0	21.0	-1.0	-1.0	0.0	-1.0	-1.0	34.0	18.0	39.0	20.0	26.0	-1.0	34.0	3.0	26.0	-1.0	0.0	15.0	8.0	11.0	27.0	5.0	31.0	-1.0	-1.0	-1.0	16.0	-1.0	17.0	27.0	21.0	-1.0	8.0	8.0	-1.0	-1.0	6.0	6.0	-1.0	10.0	14.0	0.0	24.0	-1.0	0.0	-1.0	1.0	15.0	25.0	-1.0	-1.0	16.0	14.0	31.0	-1.0	-1.0	23.0	-1.0	5.0	23.0	-1.0	18.0	14.0	6.0	17.0	-1.0	8.0	25.0	22.0	24.0	21.0	25.0	-1.0	-1.0	12.0	-1.0	-1.0	23.0	28.0	7.0	-1.0	-1.0	19.0	4.0	26.0	-1.0	0.0	-1.0	-1.0	23.0	
37.0	2.0	-1.0	20.0	-1.0	27.0	28.0	20.0	24.0	0.0	21.0	28.0	-1.0	0.0	29.0	29.0	-1.0	18.0	39.0	20.0	26.0	-1.0	34.0	3.0	36.0	21.0	0.0	-1.0	-1.0	11.0	27.0	5.0	31.0	16.0	19.0	2.0	-1.0	-1.0	17.0	-1.0	21.0	0.0	-1.0	-1.0	-1.0	-1.0	6.0	6.0	8.0	26.0	-1.0	0.0	-1.0	19.0	0.0	14.0	1.0	15.0	25.0	5.0	-1.0	16.0	14.0	31.0	8.0	23.0	35.0	17.0	5.0	23.0	11.0	18.0	14.0	6.0	17.0	6.0	8.0	25.0	22.0	-1.0	21.0	25.0	-1.0	9.0	12.0	-1.0	0.0	-1.0	-1.0	7.0	38.0	18.0	-1.0	4.0	26.0	-1.0	-1.0	-1.0	-1.0	23.0	

distances_centre_w :
-1.0	5.0	39.0	-1.0	30.0	31.0	39.0	-1.0	27.0	52.0	-1.0	-1.0	38.0	17.0	-1.0	-1.0	-1.0	26.0	-1.0	37.0	28.0	26.0	38.0	-1.0	30.0	22.0	15.0	25.0	-1.0	16.0	-1.0	-1.0	60.0	-1.0	-1.0	15.0	17.0	56.0	24.0	34.0	30.0	7.0	-1.0	-1.0	17.0	33.0	20.0	-1.0	11.0	24.0	20.0	7.0	-1.0	20.0	13.0	47.0	7.0	-1.0	-1.0	-1.0	15.0	58.0	-1.0	48.0	13.0	-1.0	28.0	35.0	17.0	-1.0	-1.0	23.0	40.0	-1.0	34.0	7.0	9.0	42.0	41.0	53.0	-1.0	-1.0	27.0	-1.0	21.0	20.0	-1.0	26.0	41.0	12.0	38.0	18.0	31.0	-1.0	27.0	25.0	-1.0	39.0	46.0	-1.0	
39.0	-1.0	-1.0	-1.0	-1.0	31.0	39.0	35.0	27.0	52.0	32.0	-1.0	-1.0	7.0	-1.0	-1.0	38.0	26.0	49.0	34.0	28.0	-1.0	38.0	8.0	30.0	-1.0	3.0	23.0	32.0	16.0	34.0	7.0	60.0	-1.0	-1.0	-1.0	17.0	-1.0	24.0	34.0	30.0	-1.0	9.0	51.0	-1.0	-1.0	20.0	18.0	-1.0	24.0	33.0	7.0	46.0	-1.0	13.0	-1.0	7.0	40.0	41.0	-1.0	-1.0	58.0	40.0	48.0	-1.0	-1.0	55.0	-1.0	21.0	24.0	-1.0	23.0	40.0	7.0	34.0	-1.0	9.0	42.0	55.0	53.0	38.0	27.0	-1.0	-1.0	21.0	-1.0	-1.0	26.0	41.0	12.0	-1.0	-1.0	31.0	12.0	27.0	-1.0	3.0	-1.0	-1.0	28.0	
39.0	5.0	-1.0	60.0	-1.0	33.0	39.0	35.0	27.0	52.0	32.0	34.0	-1.0	7.0	55.0	46.0	-1.0	26.0	49.0	21.0	28.0	-1.0	38.0	8.0	53.0	22.0	3.0	-1.0	-1.0	16.0	34.0	7.0	60.0	30.0	24.0	15.0	-1.0	-1.0	24.0	-1.0	30.0	15.0	-1.0	-1.0	-1.0	-1.0	48.0	49.0	24.0	49.0	-1.0	7.0	-1.0	20.0	13.0	32.0	7.0	40.0	41.0	12.0	-1.0	58.0	40.0	48.0	54.0	24.0	39.0	55.0	15.0	24.0	46.0	23.0	40.0	7.0	34.0	7.0	9.0	43.0	41.0	-1.0	50.0	27.0	-1.0	13.0	42.0	-1.0	18.0	-1.0	-1.0	12.0	40.0	40.0	-1.0	12.0	27.0	-1.0	-1.0	-1.0	-1.0	43.0	

maxX :
37.0	39.0	39.0	

maxW :
60.0	60.0	60.0	

minX :
0.0	0.0	0.0	

minW :
5.0	3.0	3.0	

moyX :
16.37878787878788	16.96875	16.684931506849313	

moyW :
27.833333333333332	29.328125	30.684931506849313	

medX :
17.0	18.0	18.0	

medW :
26.5	30.0	32.0	

ecartTypeX :
10.487749204631422	10.304684538475692	10.904161216921903	

ecartTypeW :
13.430611048322156	14.736280364609483	15.786136376822462	

varX :
109.99288337924702	106.1865234375	118.90073184462375	

varW :
180.38131313131316	217.157958984375	249.2021017076374	

covarX :
111.68508158508159	107.87202380952381	120.55213089802128	

covarW :
183.15641025641028	220.6049107142857	252.66324200913246	

coef_variationX :
0.6403251133262478	0.6072742269451605	0.6535334719501634	

coef_variationW :
0.482536923891814	0.5024624098748038	0.5144589087089463	

moy_distances_centre :	34.6
min_distances_centre :	3.0
max_distances_centre :	77.0
med_distances_centre :	29.0
ecartType_distances_centre :	19.443822212266348
var_distances_centre :	378.0622222222222
covar_distances_centre :	382.3101123595506
coef_variation_distances_centre :	0.5619601795452701
capacite_X_temoin : 
154.0	172.0	172.0	150.0	177.0	154.0	147.0	174.0	178.0	178.0	
150.0	160.0	135.0	177.0	136.0	150.0	159.0	157.0	160.0	175.0	
166.0	154.0	168.0	153.0	166.0	175.0	171.0	154.0	135.0	142.0	

capacite_W_temoin : 
72.19999999999999	207.6	184.6	119.0	144.1	123.19999999999999	127.1	159.2	67.4	227.4	
103.0	199.0	149.5	158.1	98.8	93.0	132.7	166.1	57.0	206.5	
104.8	184.2	131.4	121.9	104.8	112.5	133.3	128.2	50.5	135.6	

demande_cumulee_X : 
128.0	16.0	39.0	76.0	86.0	77.0	64.0	67.0	164.0	4.0	
92.0	9.0	26.0	72.0	78.0	102.0	74.0	38.0	151.0	21.0	
111.0	16.0	87.0	77.0	111.0	115.0	89.0	72.0	125.0	49.0	

demande_cumulee_W : 
1.0	65.0	148.0	23.0	132.0	111.0	24.0	81.0	53.0	83.0	
0.0	71.0	122.0	14.0	96.0	90.0	18.0	130.0	14.0	108.0	
96.0	99.0	101.0	99.0	82.0	110.0	31.0	86.0	16.0	132.0	

capacite_residuelle_X : 
26.0	156.0	133.0	74.0	91.0	77.0	83.0	107.0	14.0	174.0	
58.0	151.0	109.0	105.0	58.0	48.0	85.0	119.0	9.0	154.0	
55.0	138.0	81.0	76.0	55.0	60.0	82.0	82.0	10.0	93.0	

capacite_residuelle_W : 
71.19999999999999	142.6	36.599999999999994	96.0	12.099999999999994	12.199999999999989	103.1	78.19999999999999	14.400000000000006	144.4	
103.0	128.0	27.5	144.1	2.799999999999997	3.0	114.69999999999999	36.099999999999994	43.0	98.5	
8.799999999999997	85.19999999999999	30.400000000000006	22.900000000000006	22.799999999999997	2.5	102.30000000000001	42.19999999999999	34.5	3.5999999999999943	

min_capacite_X : 
147.0	135.0	135.0	

min_capacite_W : 
67.4	57.0	50.5	

max_capacite_X : 
178.0	177.0	175.0	

max_capacite_W : 
227.4	206.5	184.2	

moy_capacite_X : 
165.6	155.9	158.4	

moy_capacite_W : 
143.18	136.37	120.71999999999998	

med_capacite_X : 
172.0	158.0	160.0	

med_capacite_W : 
135.6	141.1	125.05	

ecartType_capacite_X : 
12.034949106664307	13.25481044753187	12.354756169184402	

ecartType_capacite_W : 
50.23868628855655	45.921978398148305	31.75861457935468	

var_capacite_X : 
144.84	175.69	152.64000000000004	

var_capacite_W : 
2523.9256	2108.8280999999997	1008.6095999999998	

covar_capacite_X : 
160.93333333333337	195.21111111111108	169.6	

covar_capacite_W : 
2804.3617777777777	2343.142333333333	1120.6773333333333	

##########	##########	##########	##########	##########	##########	##########	##########	##########	##########	##########	##########	##########	##########	##########	##########	##########	##########	##########	##########	##########	##########	##########	##########	##########	##########	##########	##########	##########	##########	##########	##########	##########	##########	##########	##########	##########	##########	##########	##########	##########	##########	##########	##########	##########	##########	##########	##########	##########	##########	##########	##########	##########	##########	##########	##########	##########	##########	##########	##########	##########	##########	##########	##########	##########	##########	##########	##########	##########	##########	##########	##########	##########	##########	##########	##########	##########	##########	##########	##########	##########	##########	##########	##########	##########	##########	##########	##########	##########	##########	##########	##########	##########	##########	##########	##########	##########	##########	##########	##########	nombre de noeuds : 100
nombre de strates : 3
nombre de centres : 10
titre : intelligent
instances : p11_1
temps de calcul : 0.11246705055236816
valeur objective : 375.0
nombre de solutions : 3
nombre de noeuds : 1.0
faisability : True
moy_distances :	50.39
min_distances :	0.0
max_distances :	123.0
var_distances :	583.6341511682481
covar_distances :	583.6931100682551
ecartType_distances :	24.158521295150663
coef_variation	: 0.47945297034706974
distances_centre_x :
-1.0	2.0	38.0	-1.0	14.0	27.0	39.0	-1.0	0.0	52.0	-1.0	-1.0	34.0	0.0	-1.0	-1.0	-1.0	18.0	-1.0	20.0	26.0	4.0	17.0	-1.0	26.0	8.0	0.0	15.0	-1.0	11.0	-1.0	-1.0	60.0	-1.0	-1.0	17.0	16.0	56.0	17.0	34.0	21.0	0.0	-1.0	-1.0	0.0	33.0	6.0	-1.0	8.0	24.0	14.0	0.0	-1.0	19.0	0.0	32.0	1.0	-1.0	-1.0	-1.0	3.0	58.0	-1.0	50.0	8.0	-1.0	23.0	35.0	5.0	-1.0	-1.0	5.0	40.0	-1.0	17.0	6.0	8.0	25.0	22.0	53.0	-1.0	-1.0	35.0	-1.0	12.0	11.0	-1.0	10.0	28.0	7.0	21.0	0.0	19.0	-1.0	26.0	2.0	-1.0	26.0	46.0	-1.0	
19.0	-1.0	-1.0	-1.0	-1.0	31.0	28.0	20.0	0.0	52.0	21.0	-1.0	-1.0	0.0	-1.0	-1.0	34.0	18.0	49.0	20.0	26.0	-1.0	17.0	3.0	26.0	-1.0	0.0	15.0	8.0	11.0	27.0	5.0	60.0	-1.0	-1.0	-1.0	16.0	-1.0	17.0	34.0	21.0	-1.0	9.0	51.0	-1.0	-1.0	6.0	6.0	-1.0	10.0	14.0	0.0	46.0	-1.0	0.0	-1.0	1.0	40.0	25.0	-1.0	-1.0	58.0	40.0	48.0	-1.0	-1.0	23.0	-1.0	5.0	23.0	-1.0	5.0	50.0	6.0	17.0	-1.0	8.0	25.0	22.0	53.0	21.0	1.0	-1.0	-1.0	12.0	-1.0	-1.0	10.0	28.0	7.0	-1.0	-1.0	19.0	4.0	26.0	-1.0	0.0	-1.0	-1.0	23.0	
19.0	2.0	-1.0	60.0	-1.0	27.0	28.0	20.0	0.0	52.0	21.0	28.0	-1.0	0.0	29.0	29.0	-1.0	18.0	49.0	20.0	26.0	-1.0	17.0	3.0	47.0	8.0	0.0	-1.0	-1.0	11.0	27.0	5.0	60.0	16.0	19.0	2.0	-1.0	-1.0	17.0	-1.0	29.0	0.0	-1.0	-1.0	-1.0	-1.0	35.0	21.0	8.0	26.0	-1.0	0.0	-1.0	19.0	0.0	14.0	1.0	40.0	41.0	5.0	-1.0	58.0	55.0	31.0	8.0	23.0	28.0	35.0	5.0	23.0	46.0	5.0	40.0	6.0	49.0	6.0	8.0	25.0	41.0	-1.0	38.0	1.0	-1.0	9.0	12.0	-1.0	0.0	-1.0	-1.0	12.0	40.0	0.0	-1.0	4.0	27.0	-1.0	-1.0	-1.0	-1.0	23.0	

distances_centre_w :
-1.0	42.0	55.0	-1.0	28.0	33.0	51.0	-1.0	24.0	58.0	-1.0	-1.0	38.0	7.0	-1.0	-1.0	-1.0	26.0	-1.0	21.0	28.0	21.0	34.0	-1.0	36.0	22.0	15.0	47.0	-1.0	16.0	-1.0	-1.0	65.0	-1.0	-1.0	45.0	31.0	65.0	33.0	43.0	29.0	7.0	-1.0	-1.0	47.0	44.0	53.0	-1.0	53.0	49.0	20.0	7.0	-1.0	20.0	39.0	33.0	7.0	-1.0	-1.0	-1.0	15.0	60.0	-1.0	64.0	51.0	-1.0	28.0	41.0	15.0	-1.0	-1.0	18.0	43.0	-1.0	34.0	7.0	9.0	42.0	39.0	56.0	-1.0	-1.0	54.0	-1.0	51.0	20.0	-1.0	26.0	41.0	12.0	38.0	18.0	31.0	-1.0	37.0	22.0	-1.0	39.0	56.0	-1.0	
37.0	-1.0	-1.0	-1.0	-1.0	33.0	51.0	35.0	24.0	58.0	32.0	-1.0	-1.0	7.0	-1.0	-1.0	38.0	55.0	60.0	21.0	28.0	-1.0	34.0	8.0	38.0	-1.0	3.0	31.0	19.0	16.0	34.0	7.0	65.0	-1.0	-1.0	-1.0	17.0	-1.0	24.0	35.0	29.0	-1.0	38.0	53.0	-1.0	-1.0	53.0	46.0	-1.0	24.0	20.0	27.0	49.0	-1.0	39.0	-1.0	7.0	46.0	41.0	-1.0	-1.0	60.0	43.0	64.0	-1.0	-1.0	28.0	-1.0	15.0	24.0	-1.0	18.0	54.0	7.0	34.0	-1.0	9.0	42.0	39.0	56.0	38.0	25.0	-1.0	-1.0	51.0	-1.0	-1.0	26.0	41.0	12.0	-1.0	-1.0	31.0	12.0	27.0	-1.0	3.0	-1.0	-1.0	28.0	
37.0	5.0	-1.0	60.0	-1.0	31.0	39.0	35.0	24.0	65.0	32.0	42.0	-1.0	7.0	30.0	46.0	-1.0	55.0	60.0	21.0	28.0	-1.0	34.0	8.0	53.0	22.0	3.0	-1.0	-1.0	16.0	34.0	7.0	65.0	17.0	24.0	15.0	-1.0	-1.0	24.0	-1.0	35.0	7.0	-1.0	-1.0	-1.0	-1.0	53.0	25.0	53.0	43.0	-1.0	15.0	-1.0	20.0	38.0	32.0	14.0	46.0	41.0	12.0	-1.0	60.0	57.0	48.0	51.0	37.0	33.0	55.0	26.0	24.0	61.0	18.0	43.0	29.0	63.0	7.0	9.0	42.0	58.0	-1.0	38.0	25.0	-1.0	13.0	51.0	-1.0	18.0	-1.0	-1.0	15.0	59.0	18.0	-1.0	12.0	29.0	-1.0	-1.0	-1.0	-1.0	44.0	

maxX :
60.0	60.0	60.0	

maxW :
65.0	65.0	65.0	

minX :
0.0	0.0	0.0	

minW :
7.0	3.0	3.0	

moyX :
19.848484848484848	20.625	21.328767123287673	

moyW :
34.22727272727273	32.328125	33.0958904109589	

medX :
17.0	19.0	20.0	

medW :
34.0	32.5	32.0	

ecartTypeX :
16.238042149712236	16.26873919515584	16.931008105435318	

ecartTypeW :
16.06312873269699	16.22214409331809	17.47025996118197	

varX :
263.6740128558311	264.671875	286.65903546631637	

varW :
258.02410468319556	263.157958984375	305.2099831112779	

covarX :
267.7305361305362	268.87301587301585	290.64041095890406	

covarW :
261.9937062937063	267.33506944444446	309.44901065449005	

coef_variationX :
0.8180998334969524	0.7887873549166469	0.7938109131000501	

coef_variationW :
0.4693078779805229	0.5017966273428505	0.5278679541251176	

moy_distances_centre :	29.844444444444445
min_distances_centre :	3.0
max_distances_centre :	69.0
med_distances_centre :	27.0
ecartType_distances_centre :	14.351082894573272
var_distances_centre :	205.95358024691356
covar_distances_centre :	208.2676654182272
coef_variation_distances_centre :	0.48086279244661
capacite_X_temoin : 
163.0	172.0	172.0	150.0	177.0	154.0	147.0	174.0	178.0	178.0	
162.0	160.0	135.0	177.0	136.0	150.0	159.0	157.0	160.0	175.0	
145.0	154.0	168.0	153.0	166.0	175.0	171.0	154.0	135.0	142.0	

capacite_W_temoin : 
122.9	207.6	164.6	193.0	70.1	138.2	126.1	159.2	66.4	195.4	
144.6	193.0	147.5	224.1	43.8	75.0	132.7	166.1	49.0	203.5	
111.5	166.2	169.4	160.9	55.8	109.5	116.3	113.19999999999999	43.5	133.6	

demande_cumulee_X : 
89.0	16.0	59.0	2.0	160.0	62.0	65.0	67.0	165.0	36.0	
66.0	15.0	28.0	6.0	133.0	120.0	74.0	38.0	159.0	24.0	
77.0	34.0	49.0	38.0	160.0	118.0	106.0	87.0	132.0	51.0	

demande_cumulee_W : 
90.0	26.0	123.0	149.0	69.0	57.0	28.0	125.0	16.0	38.0	
82.0	47.0	108.0	74.0	34.0	35.0	10.0	164.0	27.0	82.0	
110.0	78.0	134.0	159.0	44.0	97.0	0.0	104.0	25.0	101.0	

capacite_residuelle_X : 
74.0	156.0	113.0	148.0	17.0	92.0	82.0	107.0	13.0	142.0	
96.0	145.0	107.0	171.0	3.0	30.0	85.0	119.0	1.0	151.0	
68.0	120.0	119.0	115.0	6.0	57.0	65.0	67.0	3.0	91.0	

capacite_residuelle_W : 
32.900000000000006	181.6	41.599999999999994	44.0	1.0999999999999943	81.19999999999999	98.1	34.19999999999999	50.400000000000006	157.4	
62.599999999999994	146.0	39.5	150.1	9.799999999999997	40.0	122.69999999999999	2.0999999999999943	22.0	121.5	
1.5	88.19999999999999	35.400000000000006	1.9000000000000057	11.799999999999997	12.5	116.3	9.199999999999989	18.5	32.599999999999994	

min_capacite_X : 
147.0	135.0	135.0	

min_capacite_W : 
66.4	43.8	43.5	

max_capacite_X : 
178.0	177.0	175.0	

max_capacite_W : 
207.6	224.1	169.4	

moy_capacite_X : 
166.5	157.1	156.3	

moy_capacite_W : 
144.35	137.93	117.98999999999998	

med_capacite_X : 
172.0	159.5	154.0	

med_capacite_W : 
148.7	146.05	114.75	

ecartType_capacite_X : 
11.4564392373896	13.209466302617983	12.665306944563168	

ecartType_capacite_W : 
46.930080971590066	60.36850254892861	40.75351395892139	

var_capacite_X : 
131.25	174.49	160.41	

var_capacite_W : 
2202.4325	3644.3561	1660.8489000000002	

covar_capacite_X : 
145.83333333333331	193.87777777777777	178.23333333333332	

covar_capacite_W : 
2447.147222222222	4049.2845555555555	1845.3876666666663	

##########	##########	##########	##########	##########	##########	##########	##########	##########	##########	##########	##########	##########	##########	##########	##########	##########	##########	##########	##########	##########	##########	##########	##########	##########	##########	##########	##########	##########	##########	##########	##########	##########	##########	##########	##########	##########	##########	##########	##########	##########	##########	##########	##########	##########	##########	##########	##########	##########	##########	##########	##########	##########	##########	##########	##########	##########	##########	##########	##########	##########	##########	##########	##########	##########	##########	##########	##########	##########	##########	##########	##########	##########	##########	##########	##########	##########	##########	##########	##########	##########	##########	##########	##########	##########	##########	##########	##########	##########	##########	##########	##########	##########	##########	##########	##########	##########	##########	##########	##########	nombre de noeuds : 100
nombre de strates : 3
nombre de centres : 10
titre : intelligent
instances : p11_1
temps de calcul : 0.11134600639343262
valeur objective : 375.0
nombre de solutions : 3
nombre de noeuds : 1.0
faisability : True
moy_distances :	50.39
min_distances :	0.0
max_distances :	123.0
var_distances :	583.6341511682481
covar_distances :	583.6931100682551
ecartType_distances :	24.158521295150663
coef_variation	: 0.47945297034706974
distances_centre_x :
-1.0	2.0	13.0	-1.0	14.0	27.0	28.0	-1.0	24.0	52.0	-1.0	-1.0	34.0	0.0	-1.0	-1.0	-1.0	18.0	-1.0	20.0	26.0	21.0	34.0	-1.0	31.0	21.0	0.0	15.0	-1.0	11.0	-1.0	-1.0	60.0	-1.0	-1.0	2.0	16.0	56.0	17.0	34.0	21.0	0.0	-1.0	-1.0	0.0	33.0	6.0	-1.0	7.0	10.0	14.0	0.0	-1.0	19.0	0.0	14.0	1.0	-1.0	-1.0	-1.0	3.0	58.0	-1.0	31.0	3.0	-1.0	23.0	35.0	5.0	-1.0	-1.0	18.0	40.0	-1.0	36.0	6.0	8.0	25.0	22.0	53.0	-1.0	-1.0	24.0	-1.0	12.0	11.0	-1.0	23.0	28.0	0.0	21.0	18.0	19.0	-1.0	26.0	22.0	-1.0	26.0	46.0	-1.0	
37.0	-1.0	-1.0	-1.0	-1.0	27.0	28.0	20.0	24.0	52.0	21.0	-1.0	-1.0	0.0	-1.0	-1.0	34.0	18.0	49.0	20.0	26.0	-1.0	34.0	3.0	26.0	-1.0	0.0	15.0	8.0	11.0	27.0	5.0	60.0	-1.0	-1.0	-1.0	16.0	-1.0	17.0	34.0	21.0	-1.0	9.0	53.0	-1.0	-1.0	29.0	6.0	-1.0	10.0	14.0	0.0	46.0	-1.0	0.0	-1.0	1.0	40.0	25.0	-1.0	-1.0	58.0	40.0	31.0	-1.0	-1.0	23.0	-1.0	5.0	23.0	-1.0	18.0	40.0	6.0	17.0	-1.0	8.0	41.0	22.0	53.0	21.0	25.0	-1.0	-1.0	12.0	-1.0	-1.0	23.0	28.0	0.0	-1.0	-1.0	19.0	4.0	26.0	-1.0	0.0	-1.0	-1.0	23.0	
37.0	2.0	-1.0	60.0	-1.0	27.0	28.0	20.0	24.0	52.0	21.0	28.0	-1.0	0.0	29.0	46.0	-1.0	18.0	49.0	20.0	26.0	-1.0	34.0	3.0	26.0	21.0	0.0	-1.0	-1.0	11.0	34.0	5.0	60.0	16.0	19.0	21.0	-1.0	-1.0	17.0	-1.0	21.0	0.0	-1.0	-1.0	-1.0	-1.0	6.0	6.0	7.0	10.0	-1.0	0.0	-1.0	19.0	0.0	14.0	14.0	55.0	41.0	5.0	-1.0	58.0	46.0	31.0	3.0	23.0	23.0	35.0	5.0	23.0	46.0	18.0	40.0	6.0	36.0	6.0	8.0	42.0	41.0	-1.0	21.0	25.0	-1.0	9.0	12.0	-1.0	0.0	-1.0	-1.0	17.0	21.0	0.0	-1.0	4.0	26.0	-1.0	-1.0	-1.0	-1.0	23.0	

distances_centre_w :
-1.0	19.0	31.0	-1.0	30.0	45.0	39.0	-1.0	27.0	57.0	-1.0	-1.0	38.0	7.0	-1.0	-1.0	-1.0	26.0	-1.0	35.0	28.0	26.0	38.0	-1.0	47.0	22.0	3.0	23.0	-1.0	16.0	-1.0	-1.0	65.0	-1.0	-1.0	15.0	17.0	65.0	24.0	35.0	31.0	15.0	-1.0	-1.0	7.0	38.0	20.0	-1.0	8.0	24.0	33.0	15.0	-1.0	35.0	15.0	33.0	7.0	-1.0	-1.0	-1.0	19.0	60.0	-1.0	48.0	8.0	-1.0	33.0	61.0	17.0	-1.0	-1.0	23.0	65.0	-1.0	60.0	7.0	9.0	41.0	55.0	56.0	-1.0	-1.0	33.0	-1.0	19.0	20.0	-1.0	26.0	41.0	7.0	38.0	19.0	31.0	-1.0	27.0	25.0	-1.0	38.0	60.0	-1.0	
39.0	-1.0	-1.0	-1.0	-1.0	33.0	40.0	35.0	27.0	57.0	32.0	-1.0	-1.0	7.0	-1.0	-1.0	38.0	55.0	60.0	24.0	28.0	-1.0	38.0	8.0	30.0	-1.0	3.0	45.0	19.0	16.0	34.0	7.0	65.0	-1.0	-1.0	-1.0	17.0	-1.0	24.0	35.0	54.0	-1.0	13.0	61.0	-1.0	-1.0	35.0	13.0	-1.0	24.0	36.0	7.0	49.0	-1.0	39.0	-1.0	7.0	64.0	41.0	-1.0	-1.0	61.0	43.0	50.0	-1.0	-1.0	33.0	-1.0	15.0	24.0	-1.0	23.0	65.0	7.0	34.0	-1.0	9.0	57.0	55.0	64.0	38.0	27.0	-1.0	-1.0	19.0	-1.0	-1.0	44.0	41.0	7.0	-1.0	-1.0	31.0	12.0	29.0	-1.0	3.0	-1.0	-1.0	28.0	
39.0	5.0	-1.0	63.0	-1.0	31.0	39.0	35.0	27.0	57.0	32.0	34.0	-1.0	7.0	42.0	46.0	-1.0	55.0	63.0	21.0	28.0	-1.0	38.0	8.0	51.0	22.0	3.0	-1.0	-1.0	16.0	59.0	7.0	65.0	30.0	20.0	27.0	-1.0	-1.0	24.0	-1.0	30.0	7.0	-1.0	-1.0	-1.0	-1.0	35.0	13.0	8.0	24.0	-1.0	7.0	-1.0	20.0	39.0	47.0	43.0	64.0	54.0	10.0	-1.0	60.0	55.0	50.0	21.0	24.0	33.0	61.0	43.0	30.0	59.0	23.0	65.0	7.0	53.0	7.0	63.0	43.0	58.0	-1.0	38.0	27.0	-1.0	13.0	19.0	-1.0	7.0	-1.0	-1.0	24.0	38.0	18.0	-1.0	59.0	27.0	-1.0	-1.0	-1.0	-1.0	43.0	

maxX :
60.0	60.0	60.0	

maxW :
65.0	65.0	65.0	

minX :
0.0	0.0	0.0	

minW :
3.0	3.0	3.0	

moyX :
20.348484848484848	22.375	21.91780821917808	

moyW :
30.37878787878788	32.46875	33.73972602739726	

medX :
19.5	21.5	21.0	

medW :
27.5	33.0	32.0	

ecartTypeX :
15.194189902565553	15.54780933122091	16.21917808219178	

ecartTypeW :
16.597521859123894	17.766689996662294	18.486594474575483	

varX :
230.863406795225	241.734375	263.06173766185026	

varW :
275.4777318640955	315.6552734375	341.7541752674048	

covarX :
234.41515151515154	245.57142857142856	266.71537290715384	

covarW :
279.71585081585084	320.6656746031746	346.5007610350076	

coef_variationX :
0.7466988336331545	0.6948741600545658	0.7400000000000001	

coef_variationW :
0.5463523404998389	0.5471935321397434	0.5479177412277751	

moy_distances_centre :	25.622222222222224
min_distances_centre :	3.0
max_distances_centre :	57.0
med_distances_centre :	23.0
ecartType_distances_centre :	12.492288979631287
var_distances_centre :	156.0572839506173
covar_distances_centre :	157.8107365792759
coef_variation_distances_centre :	0.4875568118676564
capacite_X_temoin : 
172.0	172.0	150.0	177.0	154.0	147.0	174.0	168.0	178.0	178.0	
160.0	135.0	177.0	136.0	150.0	159.0	157.0	145.0	160.0	175.0	
154.0	168.0	153.0	166.0	175.0	171.0	154.0	156.0	135.0	142.0	

capacite_W_temoin : 
207.6	188.6	119.0	92.1	123.19999999999999	127.1	159.2	160.4	61.4	211.4	
193.0	149.5	141.1	56.8	93.0	132.7	159.1	173.5	52.0	206.5	
178.2	172.4	100.9	53.8	133.5	133.3	113.19999999999999	119.8	43.5	145.6	

demande_cumulee_X : 
16.0	35.0	76.0	138.0	77.0	64.0	67.0	58.0	170.0	20.0	
15.0	26.0	89.0	120.0	102.0	74.0	45.0	15.0	156.0	21.0	
22.0	46.0	98.0	162.0	94.0	89.0	87.0	83.0	132.0	39.0	

demande_cumulee_W : 
63.0	161.0	79.0	64.0	94.0	41.0	47.0	79.0	18.0	75.0	
43.0	131.0	15.0	35.0	90.0	49.0	153.0	65.0	16.0	66.0	
106.0	133.0	74.0	34.0	131.0	75.0	91.0	98.0	37.0	73.0	

capacite_residuelle_X : 
156.0	137.0	74.0	39.0	77.0	83.0	107.0	110.0	8.0	158.0	
145.0	109.0	88.0	16.0	48.0	85.0	112.0	130.0	4.0	154.0	
132.0	122.0	55.0	4.0	81.0	82.0	67.0	73.0	3.0	103.0	

capacite_residuelle_W : 
144.6	27.599999999999994	40.0	28.099999999999994	29.19999999999999	86.1	112.19999999999999	81.4	43.4	136.4	
150.0	18.5	126.1	21.799999999999997	3.0	83.69999999999999	6.099999999999994	108.5	36.0	140.5	
72.19999999999999	39.400000000000006	26.900000000000006	19.799999999999997	2.5	58.30000000000001	22.19999999999999	21.799999999999997	6.5	72.6	

min_capacite_X : 
147.0	135.0	135.0	

min_capacite_W : 
61.4	52.0	43.5	

max_capacite_X : 
178.0	177.0	175.0	

max_capacite_W : 
211.4	206.5	178.2	

moy_capacite_X : 
167.0	155.4	157.4	

moy_capacite_W : 
145.0	135.71999999999997	119.41999999999999	

med_capacite_X : 
172.0	158.0	155.0	

med_capacite_W : 
143.14999999999998	145.3	126.55000000000001	

ecartType_capacite_X : 
11.40175425099138	13.558761005342634	12.101239605924675	

ecartType_capacite_W : 
46.82574078431649	50.55206820694876	42.17809384028634	

var_capacite_X : 
130.0	183.84	146.44	

var_capacite_W : 
2192.65	2555.5116	1778.9916	

covar_capacite_X : 
144.44444444444443	204.26666666666665	162.7111111111111	

covar_capacite_W : 
2436.277777777778	2839.457333333333	1976.6573333333333	

##########	##########	##########	##########	##########	##########	##########	##########	##########	##########	##########	##########	##########	##########	##########	##########	##########	##########	##########	##########	##########	##########	##########	##########	##########	##########	##########	##########	##########	##########	##########	##########	##########	##########	##########	##########	##########	##########	##########	##########	##########	##########	##########	##########	##########	##########	##########	##########	##########	##########	##########	##########	##########	##########	##########	##########	##########	##########	##########	##########	##########	##########	##########	##########	##########	##########	##########	##########	##########	##########	##########	##########	##########	##########	##########	##########	##########	##########	##########	##########	##########	##########	##########	##########	##########	##########	##########	##########	##########	##########	##########	##########	##########	##########	##########	##########	##########	##########	##########	##########	nombre de noeuds : 100
nombre de strates : 3
nombre de centres : 10
titre : intelligent
instances : p11_1
temps de calcul : 0.13008499145507812
valeur objective : 288.0
nombre de solutions : 3
nombre de noeuds : 1.0
faisability : True
moy_distances :	50.39
min_distances :	0.0
max_distances :	123.0
var_distances :	583.6341511682481
covar_distances :	583.6931100682551
ecartType_distances :	24.158521295150663
coef_variation	: 0.47945297034706974
distances_centre_x :
-1.0	2.0	13.0	-1.0	14.0	27.0	28.0	-1.0	24.0	24.0	-1.0	-1.0	34.0	0.0	-1.0	-1.0	-1.0	18.0	-1.0	20.0	26.0	21.0	34.0	-1.0	21.0	22.0	0.0	15.0	-1.0	11.0	-1.0	-1.0	16.0	-1.0	-1.0	2.0	17.0	17.0	17.0	14.0	21.0	0.0	-1.0	-1.0	0.0	13.0	6.0	-1.0	7.0	10.0	14.0	7.0	-1.0	19.0	0.0	14.0	7.0	-1.0	-1.0	-1.0	3.0	14.0	-1.0	31.0	3.0	-1.0	23.0	27.0	5.0	-1.0	-1.0	24.0	30.0	-1.0	17.0	6.0	9.0	25.0	22.0	7.0	-1.0	-1.0	24.0	-1.0	12.0	11.0	-1.0	23.0	28.0	0.0	21.0	0.0	19.0	-1.0	26.0	22.0	-1.0	22.0	12.0	-1.0	
37.0	-1.0	-1.0	-1.0	-1.0	27.0	28.0	20.0	24.0	24.0	21.0	-1.0	-1.0	0.0	-1.0	-1.0	34.0	18.0	16.0	20.0	26.0	-1.0	34.0	8.0	21.0	-1.0	0.0	15.0	8.0	11.0	27.0	5.0	16.0	-1.0	-1.0	-1.0	17.0	-1.0	17.0	14.0	21.0	-1.0	8.0	31.0	-1.0	-1.0	6.0	6.0	-1.0	10.0	14.0	7.0	0.0	-1.0	0.0	-1.0	7.0	15.0	25.0	-1.0	-1.0	14.0	30.0	31.0	-1.0	-1.0	23.0	-1.0	5.0	23.0	-1.0	18.0	30.0	6.0	17.0	-1.0	9.0	25.0	22.0	7.0	21.0	25.0	-1.0	-1.0	12.0	-1.0	-1.0	23.0	28.0	0.0	-1.0	-1.0	19.0	12.0	26.0	-1.0	0.0	-1.0	-1.0	23.0	
37.0	2.0	-1.0	14.0	-1.0	27.0	28.0	20.0	24.0	24.0	21.0	28.0	-1.0	0.0	29.0	26.0	-1.0	18.0	16.0	20.0	30.0	-1.0	34.0	8.0	21.0	22.0	0.0	-1.0	-1.0	11.0	36.0	5.0	16.0	23.0	19.0	2.0	-1.0	-1.0	17.0	-1.0	21.0	0.0	-1.0	-1.0	-1.0	-1.0	6.0	6.0	7.0	10.0	-1.0	7.0	-1.0	19.0	0.0	37.0	19.0	15.0	25.0	5.0	-1.0	14.0	30.0	31.0	3.0	23.0	28.0	27.0	5.0	23.0	31.0	18.0	30.0	6.0	17.0	6.0	9.0	25.0	22.0	-1.0	21.0	25.0	-1.0	9.0	12.0	-1.0	0.0	-1.0	-1.0	0.0	21.0	19.0	-1.0	12.0	26.0	-1.0	-1.0	-1.0	-1.0	23.0	

distances_centre_w :
-1.0	19.0	19.0	-1.0	43.0	31.0	39.0	-1.0	30.0	52.0	-1.0	-1.0	52.0	17.0	-1.0	-1.0	-1.0	26.0	-1.0	35.0	28.0	26.0	38.0	-1.0	30.0	29.0	12.0	31.0	-1.0	16.0	-1.0	-1.0	60.0	-1.0	-1.0	15.0	31.0	56.0	33.0	34.0	30.0	7.0	-1.0	-1.0	7.0	33.0	9.0	-1.0	8.0	24.0	33.0	15.0	-1.0	35.0	13.0	54.0	14.0	-1.0	-1.0	-1.0	15.0	58.0	-1.0	34.0	8.0	-1.0	24.0	35.0	34.0	-1.0	-1.0	33.0	40.0	-1.0	33.0	21.0	29.0	27.0	32.0	53.0	-1.0	-1.0	24.0	-1.0	19.0	20.0	-1.0	26.0	41.0	7.0	36.0	18.0	31.0	-1.0	27.0	28.0	-1.0	26.0	46.0	-1.0	
39.0	-1.0	-1.0	-1.0	-1.0	31.0	39.0	35.0	30.0	52.0	32.0	-1.0	-1.0	7.0	-1.0	-1.0	52.0	26.0	49.0	24.0	28.0	-1.0	38.0	18.0	53.0	-1.0	3.0	25.0	22.0	16.0	34.0	7.0	60.0	-1.0	-1.0	-1.0	31.0	-1.0	33.0	34.0	36.0	-1.0	9.0	51.0	-1.0	-1.0	9.0	13.0	-1.0	24.0	33.0	15.0	46.0	-1.0	13.0	-1.0	14.0	40.0	41.0	-1.0	-1.0	58.0	40.0	34.0	-1.0	-1.0	24.0	-1.0	30.0	24.0	-1.0	24.0	40.0	7.0	33.0	-1.0	23.0	27.0	39.0	53.0	38.0	31.0	-1.0	-1.0	19.0	-1.0	-1.0	26.0	41.0	7.0	-1.0	-1.0	31.0	15.0	27.0	-1.0	3.0	-1.0	-1.0	41.0	
39.0	19.0	-1.0	60.0	-1.0	31.0	39.0	35.0	30.0	52.0	32.0	42.0	-1.0	17.0	30.0	29.0	-1.0	26.0	49.0	21.0	37.0	-1.0	38.0	46.0	50.0	29.0	3.0	-1.0	-1.0	16.0	59.0	7.0	60.0	23.0	20.0	15.0	-1.0	-1.0	40.0	-1.0	35.0	18.0	-1.0	-1.0	-1.0	-1.0	43.0	34.0	8.0	24.0	-1.0	15.0	-1.0	50.0	13.0	42.0	32.0	51.0	41.0	10.0	-1.0	58.0	40.0	34.0	8.0	24.0	33.0	50.0	15.0	24.0	46.0	24.0	40.0	7.0	33.0	49.0	23.0	41.0	41.0	-1.0	38.0	31.0	-1.0	16.0	19.0	-1.0	42.0	-1.0	-1.0	17.0	38.0	33.0	-1.0	44.0	27.0	-1.0	-1.0	-1.0	-1.0	44.0	

maxX :
34.0	37.0	37.0	

maxW :
60.0	60.0	60.0	

minX :
0.0	0.0	0.0	

minW :
7.0	3.0	3.0	

moyX :
15.469696969696969	16.984375	17.410958904109588	

moyW :
28.924242424242426	29.640625	32.178082191780824	

medX :
16.5	17.5	19.0	

medW :
29.5	31.0	33.0	

ecartTypeX :
9.43433397140096	9.700986076650919	10.250072657862567	

ecartTypeW :
12.999196485728024	13.981424269700673	13.996420741828448	

varX :
89.00665748393023	94.109130859375	105.0639894914618	

varW :
168.97910927456383	195.480224609375	195.89979358228558	

covarX :
90.37599067599068	95.60292658730158	106.5232115677321	

covarW :
171.5787878787879	198.5830853174603	198.62062404870625	

coef_variationX :
0.6098590030484461	0.5711712133446724	0.5887138505302655	

coef_variationW :
0.44942219384916166	0.47169802491346496	0.43496752411812545	

moy_distances_centre :	31.177777777777777
min_distances_centre :	3.0
max_distances_centre :	71.0
med_distances_centre :	24.0
ecartType_distances_centre :	17.83665251215895
var_distances_centre :	318.14617283950616
covar_distances_centre :	321.7208489388264
coef_variation_distances_centre :	0.5720950556287617
capacite_X_temoin : 
172.0	172.0	150.0	177.0	175.0	147.0	174.0	168.0	178.0	178.0	
160.0	135.0	177.0	136.0	135.0	159.0	157.0	145.0	160.0	175.0	
154.0	168.0	153.0	166.0	153.0	171.0	154.0	156.0	135.0	142.0	

capacite_W_temoin : 
194.6	204.6	117.0	167.1	77.5	127.1	97.19999999999999	175.4	89.4	227.4	
199.0	149.5	158.1	105.8	66.5	132.7	64.1	181.5	74.0	206.5	
163.2	179.4	86.9	128.8	66.9	133.3	54.199999999999996	136.8	50.5	165.6	

demande_cumulee_X : 
29.0	19.0	78.0	63.0	150.0	64.0	129.0	43.0	142.0	4.0	
9.0	26.0	72.0	71.0	109.0	74.0	140.0	7.0	134.0	21.0	
37.0	39.0	112.0	87.0	132.0	89.0	146.0	66.0	125.0	19.0	

demande_cumulee_W : 
113.0	90.0	107.0	131.0	60.0	18.0	0.0	79.0	61.0	62.0	
84.0	76.0	154.0	99.0	47.0	17.0	6.0	58.0	13.0	109.0	
125.0	171.0	48.0	121.0	36.0	64.0	37.0	100.0	43.0	107.0	

capacite_residuelle_X : 
143.0	153.0	72.0	114.0	25.0	83.0	45.0	125.0	36.0	174.0	
151.0	109.0	105.0	65.0	26.0	85.0	17.0	138.0	26.0	154.0	
117.0	129.0	41.0	79.0	21.0	82.0	8.0	90.0	10.0	123.0	

capacite_residuelle_W : 
81.6	114.6	10.0	36.099999999999994	17.5	109.1	97.19999999999999	96.4	28.400000000000006	165.4	
115.0	73.5	4.099999999999994	6.799999999999997	19.5	115.69999999999999	58.099999999999994	123.5	61.0	97.5	
38.19999999999999	8.400000000000006	38.900000000000006	7.800000000000011	30.900000000000006	69.30000000000001	17.199999999999996	36.80000000000001	7.5	58.599999999999994	

min_capacite_X : 
147.0	135.0	135.0	

min_capacite_W : 
77.5	64.1	50.5	

max_capacite_X : 
178.0	177.0	171.0	

max_capacite_W : 
227.4	206.5	179.4	

moy_capacite_X : 
169.1	153.9	155.2	

moy_capacite_W : 
147.73000000000002	133.76999999999998	116.56000000000002	

med_capacite_X : 
173.0	158.0	154.0	

med_capacite_W : 
147.1	141.1	131.05	

ecartType_capacite_X : 
10.728000745712128	14.842169652715873	10.609429767899876	

ecartType_capacite_W : 
50.176668881064636	51.37822593278207	45.79006879226105	

var_capacite_X : 
115.08999999999999	220.29000000000002	112.56000000000002	

var_capacite_W : 
2517.6981	2639.7221	2096.7304	

covar_capacite_X : 
127.87777777777778	244.76666666666665	125.06666666666668	

covar_capacite_W : 
2797.442333333333	2933.0245555555553	2329.700444444444	

##########	##########	##########	##########	##########	##########	##########	##########	##########	##########	##########	##########	##########	##########	##########	##########	##########	##########	##########	##########	##########	##########	##########	##########	##########	##########	##########	##########	##########	##########	##########	##########	##########	##########	##########	##########	##########	##########	##########	##########	##########	##########	##########	##########	##########	##########	##########	##########	##########	##########	##########	##########	##########	##########	##########	##########	##########	##########	##########	##########	##########	##########	##########	##########	##########	##########	##########	##########	##########	##########	##########	##########	##########	##########	##########	##########	##########	##########	##########	##########	##########	##########	##########	##########	##########	##########	##########	##########	##########	##########	##########	##########	##########	##########	##########	##########	##########	##########	##########	##########	nombre de noeuds : 100
nombre de strates : 3
nombre de centres : 10
titre : intelligent
instances : p11_1
temps de calcul : 0.1157829761505127
valeur objective : 375.0
nombre de solutions : 3
nombre de noeuds : 1.0
faisability : True
moy_distances :	50.39
min_distances :	0.0
max_distances :	123.0
var_distances :	583.6341511682481
covar_distances :	583.6931100682551
ecartType_distances :	24.158521295150663
coef_variation	: 0.47945297034706974
distances_centre_x :
-1.0	2.0	13.0	-1.0	14.0	27.0	28.0	-1.0	4.0	52.0	-1.0	-1.0	34.0	0.0	-1.0	-1.0	-1.0	18.0	-1.0	20.0	28.0	0.0	17.0	-1.0	26.0	9.0	0.0	15.0	-1.0	11.0	-1.0	-1.0	60.0	-1.0	-1.0	2.0	17.0	56.0	17.0	34.0	21.0	0.0	-1.0	-1.0	0.0	33.0	6.0	-1.0	7.0	25.0	14.0	7.0	-1.0	19.0	0.0	14.0	7.0	-1.0	-1.0	-1.0	3.0	58.0	-1.0	31.0	3.0	-1.0	23.0	35.0	5.0	-1.0	-1.0	3.0	40.0	-1.0	17.0	6.0	9.0	25.0	22.0	53.0	-1.0	-1.0	24.0	-1.0	12.0	11.0	-1.0	7.0	28.0	0.0	21.0	19.0	19.0	-1.0	26.0	3.0	-1.0	26.0	46.0	-1.0	
19.0	-1.0	-1.0	-1.0	-1.0	27.0	28.0	20.0	4.0	57.0	21.0	-1.0	-1.0	0.0	-1.0	-1.0	34.0	18.0	49.0	20.0	26.0	-1.0	17.0	8.0	31.0	-1.0	0.0	15.0	8.0	11.0	27.0	5.0	60.0	-1.0	-1.0	-1.0	17.0	-1.0	17.0	34.0	21.0	-1.0	8.0	51.0	-1.0	-1.0	6.0	13.0	-1.0	10.0	14.0	7.0	46.0	-1.0	0.0	-1.0	7.0	40.0	25.0	-1.0	-1.0	58.0	40.0	31.0	-1.0	-1.0	23.0	-1.0	5.0	23.0	-1.0	3.0	40.0	6.0	17.0	-1.0	9.0	25.0	22.0	53.0	21.0	5.0	-1.0	-1.0	12.0	-1.0	-1.0	7.0	28.0	0.0	-1.0	-1.0	19.0	12.0	26.0	-1.0	0.0	-1.0	-1.0	23.0	
19.0	2.0	-1.0	60.0	-1.0	27.0	28.0	20.0	4.0	52.0	21.0	48.0	-1.0	0.0	29.0	29.0	-1.0	18.0	49.0	20.0	26.0	-1.0	17.0	8.0	38.0	9.0	0.0	-1.0	-1.0	11.0	27.0	5.0	60.0	47.0	19.0	17.0	-1.0	-1.0	17.0	-1.0	21.0	0.0	-1.0	-1.0	-1.0	-1.0	6.0	30.0	7.0	25.0	-1.0	7.0	-1.0	19.0	0.0	14.0	7.0	40.0	41.0	5.0	-1.0	58.0	40.0	31.0	3.0	16.0	35.0	35.0	5.0	23.0	46.0	3.0	40.0	6.0	17.0	6.0	9.0	25.0	41.0	-1.0	38.0	5.0	-1.0	9.0	12.0	-1.0	18.0	-1.0	-1.0	0.0	21.0	0.0	-1.0	12.0	26.0	-1.0	-1.0	-1.0	-1.0	23.0	

distances_centre_w :
-1.0	5.0	25.0	-1.0	28.0	45.0	39.0	-1.0	24.0	57.0	-1.0	-1.0	52.0	17.0	-1.0	-1.0	-1.0	55.0	-1.0	35.0	49.0	21.0	34.0	-1.0	30.0	22.0	3.0	25.0	-1.0	16.0	-1.0	-1.0	65.0	-1.0	-1.0	15.0	31.0	65.0	35.0	36.0	26.0	18.0	-1.0	-1.0	17.0	38.0	50.0	-1.0	50.0	53.0	33.0	20.0	-1.0	40.0	15.0	33.0	14.0	-1.0	-1.0	-1.0	24.0	60.0	-1.0	50.0	47.0	-1.0	33.0	41.0	15.0	-1.0	-1.0	18.0	43.0	-1.0	34.0	21.0	23.0	41.0	55.0	56.0	-1.0	-1.0	48.0	-1.0	48.0	20.0	-1.0	23.0	41.0	7.0	38.0	33.0	30.0	-1.0	27.0	22.0	-1.0	38.0	60.0	-1.0	
37.0	-1.0	-1.0	-1.0	-1.0	45.0	39.0	35.0	24.0	61.0	32.0	-1.0	-1.0	7.0	-1.0	-1.0	52.0	29.0	60.0	35.0	28.0	-1.0	34.0	18.0	47.0	-1.0	3.0	31.0	51.0	16.0	34.0	7.0	65.0	-1.0	-1.0	-1.0	31.0	-1.0	33.0	35.0	30.0	-1.0	9.0	53.0	-1.0	-1.0	50.0	43.0	-1.0	24.0	33.0	15.0	49.0	-1.0	39.0	-1.0	14.0	44.0	41.0	-1.0	-1.0	60.0	55.0	50.0	-1.0	-1.0	33.0	-1.0	34.0	24.0	-1.0	18.0	43.0	7.0	34.0	-1.0	23.0	41.0	41.0	56.0	50.0	25.0	-1.0	-1.0	48.0	-1.0	-1.0	44.0	41.0	7.0	-1.0	-1.0	30.0	15.0	29.0	-1.0	3.0	-1.0	-1.0	41.0	
37.0	5.0	-1.0	60.0	-1.0	31.0	39.0	35.0	24.0	57.0	32.0	49.0	-1.0	7.0	30.0	46.0	-1.0	55.0	63.0	21.0	28.0	-1.0	38.0	37.0	47.0	52.0	3.0	-1.0	-1.0	16.0	34.0	7.0	65.0	54.0	20.0	38.0	-1.0	-1.0	33.0	-1.0	31.0	7.0	-1.0	-1.0	-1.0	-1.0	29.0	43.0	50.0	40.0	-1.0	15.0	-1.0	35.0	13.0	32.0	14.0	44.0	41.0	10.0	-1.0	60.0	57.0	53.0	13.0	23.0	45.0	61.0	21.0	56.0	52.0	24.0	43.0	11.0	34.0	21.0	23.0	41.0	44.0	-1.0	45.0	25.0	-1.0	14.0	48.0	-1.0	21.0	-1.0	-1.0	23.0	38.0	18.0	-1.0	15.0	29.0	-1.0	-1.0	-1.0	-1.0	53.0	

maxX :
60.0	60.0	60.0	

maxW :
65.0	65.0	65.0	

minX :
0.0	0.0	0.0	

minW :
3.0	3.0	3.0	

moyX :
18.666666666666668	20.765625	21.26027397260274	

moyW :
33.81818181818182	34.140625	33.945205479452056	

medX :
17.0	19.0	19.0	

medW :
33.0	34.0	34.0	

ecartTypeX :
15.371494015964364	15.45734270045712	16.05557761426473	

ecartTypeW :
15.132654928302017	15.38756314720999	16.20915554826701	

varX :
236.28282828282826	238.929443359375	257.7815725276788	

varW :
228.99724517906333	236.777099609375	262.73672358791515	

covarX :
239.9179487179487	242.7219742063492	261.36187214611874	

covarW :
232.52027972027972	240.53546626984127	266.38584474885846	

coef_variationX :
0.8234728937123766	0.7443716575088455	0.7551914728359055	

coef_variationW :
0.447470979062694	0.4507112317718258	0.4775094249489474	

moy_distances_centre :	27.288888888888888
min_distances_centre :	3.0
max_distances_centre :	65.0
med_distances_centre :	24.0
ecartType_distances_centre :	13.197006768745743
var_distances_centre :	174.16098765432096
covar_distances_centre :	176.11785268414482
coef_variation_distances_centre :	0.48360366823579676
capacite_X_temoin : 
172.0	159.0	172.0	150.0	177.0	147.0	174.0	168.0	178.0	178.0	
160.0	166.0	135.0	177.0	136.0	159.0	157.0	145.0	160.0	175.0	
154.0	139.0	168.0	153.0	166.0	171.0	154.0	156.0	135.0	142.0	

capacite_W_temoin : 
207.6	117.69999999999999	204.6	193.0	92.1	127.1	97.19999999999999	156.4	55.4	205.4	
199.0	149.8	149.5	224.1	66.8	132.7	64.1	124.5	61.0	206.5	
171.2	83.69999999999999	194.4	176.9	69.8	134.3	51.199999999999996	116.8	44.5	104.6	

demande_cumulee_X : 
16.0	89.0	19.0	2.0	138.0	64.0	129.0	62.0	176.0	26.0	
9.0	66.0	26.0	6.0	110.0	74.0	140.0	64.0	147.0	21.0	
29.0	97.0	24.0	22.0	146.0	88.0	149.0	86.0	131.0	80.0	

demande_cumulee_W : 
59.0	83.0	115.0	191.0	71.0	21.0	80.0	63.0	4.0	34.0	
44.0	65.0	135.0	209.0	30.0	0.0	50.0	23.0	39.0	68.0	
98.0	76.0	144.0	155.0	42.0	90.0	39.0	100.0	15.0	93.0	

capacite_residuelle_X : 
156.0	70.0	153.0	148.0	39.0	83.0	45.0	106.0	2.0	152.0	
151.0	100.0	109.0	171.0	26.0	85.0	17.0	81.0	13.0	154.0	
125.0	42.0	144.0	131.0	20.0	83.0	5.0	70.0	4.0	62.0	

capacite_residuelle_W : 
148.6	34.69999999999999	89.6	2.0	21.099999999999994	106.1	17.19999999999999	93.4	51.4	171.4	
155.0	84.80000000000001	14.5	15.099999999999994	36.8	132.7	14.099999999999994	101.5	22.0	138.5	
73.19999999999999	7.699999999999989	50.400000000000006	21.900000000000006	27.799999999999997	44.30000000000001	12.199999999999996	16.799999999999997	29.5	11.599999999999994	

min_capacite_X : 
147.0	135.0	135.0	

min_capacite_W : 
55.4	61.0	44.5	

max_capacite_X : 
178.0	177.0	171.0	

max_capacite_W : 
207.6	224.1	194.4	

moy_capacite_X : 
167.5	157.0	153.8	

moy_capacite_W : 
145.65	137.8	114.74000000000001	

med_capacite_X : 
172.0	159.5	154.0	

med_capacite_W : 
141.75	141.1	110.69999999999999	

ecartType_capacite_X : 
10.920164833920778	13.769531582446804	11.677328461596	

ecartType_capacite_W : 
52.65541282717286	57.242938429119796	50.83408698894867	

var_capacite_X : 
119.25	189.6	136.36	

var_capacite_W : 
2772.5925	3276.754	2584.1044	

covar_capacite_X : 
132.5	210.66666666666666	151.51111111111112	

covar_capacite_W : 
3080.6583333333333	3640.837777777778	2871.2271111111113	

##########	##########	##########	##########	##########	##########	##########	##########	##########	##########	##########	##########	##########	##########	##########	##########	##########	##########	##########	##########	##########	##########	##########	##########	##########	##########	##########	##########	##########	##########	##########	##########	##########	##########	##########	##########	##########	##########	##########	##########	##########	##########	##########	##########	##########	##########	##########	##########	##########	##########	##########	##########	##########	##########	##########	##########	##########	##########	##########	##########	##########	##########	##########	##########	##########	##########	##########	##########	##########	##########	##########	##########	##########	##########	##########	##########	##########	##########	##########	##########	##########	##########	##########	##########	##########	##########	##########	##########	##########	##########	##########	##########	##########	##########	##########	##########	##########	##########	##########	##########	