nombre de noeuds : 100
nombre de strates : 3
nombre de centres : 10
titre : fenetre
instances : p12_1
temps de calcul : 0.13991022109985352
valeur objective : 255.0
nombre de solutions : 4
nombre de noeuds : 1.0
faisability : True
moy_distances :	50.08
min_distances :	0.0
max_distances :	125.0
var_distances :	591.5627762065095
covar_distances :	591.6225360586368
ecartType_distances :	24.32206356801391
coef_variation	: 0.485707313641886
distances_centre_x :
-1.0	20.0	10.0	-1.0	2.0	0.0	11.0	-1.0	21.0	10.0	-1.0	-1.0	10.0	0.0	-1.0	-1.0	-1.0	5.0	-1.0	0.0	16.0	19.0	15.0	-1.0	12.0	3.0	29.0	8.0	-1.0	8.0	-1.0	-1.0	0.0	-1.0	-1.0	15.0	14.0	24.0	19.0	9.0	9.0	18.0	-1.0	-1.0	27.0	27.0	23.0	-1.0	16.0	13.0	0.0	29.0	-1.0	26.0	19.0	17.0	18.0	-1.0	-1.0	-1.0	14.0	6.0	-1.0	19.0	14.0	-1.0	28.0	21.0	20.0	-1.0	-1.0	9.0	11.0	-1.0	27.0	16.0	7.0	6.0	23.0	10.0	-1.0	-1.0	26.0	-1.0	25.0	18.0	-1.0	12.0	23.0	30.0	12.0	0.0	17.0	-1.0	10.0	0.0	-1.0	13.0	16.0	-1.0	
2.0	-1.0	-1.0	-1.0	-1.0	0.0	11.0	16.0	21.0	10.0	13.0	-1.0	-1.0	0.0	-1.0	-1.0	13.0	5.0	23.0	0.0	16.0	-1.0	15.0	21.0	12.0	-1.0	29.0	8.0	15.0	8.0	16.0	18.0	0.0	-1.0	-1.0	-1.0	14.0	-1.0	19.0	9.0	9.0	-1.0	12.0	24.0	-1.0	-1.0	23.0	17.0	-1.0	13.0	0.0	29.0	15.0	-1.0	19.0	-1.0	18.0	12.0	22.0	-1.0	-1.0	6.0	19.0	19.0	-1.0	-1.0	28.0	-1.0	20.0	7.0	-1.0	9.0	11.0	30.0	27.0	-1.0	7.0	6.0	23.0	9.0	15.0	13.0	-1.0	-1.0	25.0	-1.0	-1.0	12.0	23.0	30.0	-1.0	-1.0	17.0	0.0	10.0	-1.0	0.0	-1.0	-1.0	5.0	
2.0	28.0	-1.0	15.0	-1.0	0.0	11.0	16.0	21.0	10.0	13.0	4.0	-1.0	0.0	29.0	13.0	-1.0	5.0	23.0	0.0	16.0	-1.0	15.0	21.0	12.0	3.0	29.0	-1.0	-1.0	8.0	16.0	18.0	0.0	0.0	3.0	15.0	-1.0	-1.0	19.0	-1.0	9.0	18.0	-1.0	-1.0	-1.0	-1.0	23.0	17.0	16.0	13.0	-1.0	29.0	-1.0	26.0	19.0	30.0	18.0	12.0	22.0	4.0	-1.0	6.0	15.0	19.0	14.0	12.0	28.0	21.0	20.0	19.0	13.0	9.0	11.0	30.0	27.0	16.0	7.0	6.0	23.0	-1.0	15.0	13.0	-1.0	23.0	25.0	-1.0	0.0	-1.0	-1.0	30.0	12.0	0.0	-1.0	0.0	10.0	-1.0	-1.0	-1.0	-1.0	5.0	

distances_centre_w :
-1.0	46.0	27.0	-1.0	55.0	46.0	45.0	-1.0	24.0	38.0	-1.0	-1.0	17.0	15.0	-1.0	-1.0	-1.0	50.0	-1.0	26.0	27.0	47.0	35.0	-1.0	55.0	32.0	34.0	17.0	-1.0	26.0	-1.0	-1.0	7.0	-1.0	-1.0	23.0	39.0	24.0	34.0	18.0	24.0	30.0	-1.0	-1.0	29.0	55.0	51.0	-1.0	44.0	37.0	7.0	38.0	-1.0	52.0	30.0	30.0	41.0	-1.0	-1.0	-1.0	50.0	44.0	-1.0	38.0	44.0	-1.0	32.0	26.0	23.0	-1.0	-1.0	53.0	26.0	-1.0	33.0	47.0	38.0	25.0	30.0	54.0	-1.0	-1.0	40.0	-1.0	33.0	23.0	-1.0	33.0	33.0	36.0	26.0	46.0	28.0	-1.0	19.0	54.0	-1.0	38.0	29.0	-1.0	
9.0	-1.0	-1.0	-1.0	-1.0	46.0	45.0	52.0	24.0	38.0	20.0	-1.0	-1.0	15.0	-1.0	-1.0	25.0	50.0	49.0	26.0	27.0	-1.0	35.0	52.0	55.0	-1.0	34.0	17.0	36.0	26.0	23.0	31.0	7.0	-1.0	-1.0	-1.0	39.0	-1.0	22.0	18.0	24.0	-1.0	34.0	26.0	-1.0	-1.0	29.0	19.0	-1.0	22.0	7.0	38.0	26.0	-1.0	30.0	-1.0	41.0	43.0	23.0	-1.0	-1.0	34.0	42.0	38.0	-1.0	-1.0	32.0	-1.0	23.0	50.0	-1.0	53.0	26.0	34.0	33.0	-1.0	38.0	25.0	30.0	10.0	20.0	23.0	-1.0	-1.0	33.0	-1.0	-1.0	33.0	33.0	36.0	-1.0	-1.0	19.0	19.0	19.0	-1.0	50.0	-1.0	-1.0	42.0	
9.0	46.0	-1.0	31.0	-1.0	46.0	45.0	42.0	24.0	32.0	20.0	51.0	-1.0	15.0	43.0	51.0	-1.0	50.0	40.0	26.0	27.0	-1.0	48.0	39.0	55.0	36.0	53.0	-1.0	-1.0	26.0	23.0	31.0	7.0	15.0	10.0	23.0	-1.0	-1.0	32.0	-1.0	24.0	30.0	-1.0	-1.0	-1.0	-1.0	30.0	43.0	19.0	41.0	-1.0	38.0	-1.0	52.0	30.0	30.0	41.0	43.0	39.0	15.0	-1.0	34.0	27.0	38.0	31.0	17.0	32.0	26.0	23.0	47.0	19.0	53.0	26.0	36.0	42.0	47.0	53.0	47.0	30.0	-1.0	50.0	28.0	-1.0	30.0	42.0	-1.0	26.0	-1.0	-1.0	36.0	53.0	41.0	-1.0	55.0	19.0	-1.0	-1.0	-1.0	-1.0	42.0	

maxX :
30.0	30.0	30.0	

maxW :
55.0	55.0	55.0	

minX :
0.0	0.0	0.0	

minW :
7.0	7.0	7.0	

moyX :
14.469696969696969	14.03125	14.383561643835616	

moyW :
34.484848484848484	30.90625	34.534246575342465	

medX :
14.5	13.5	15.0	

medW :
33.0	30.5	34.0	

ecartTypeX :
8.397726418446943	8.2745255717473	8.806333550483108	

ecartTypeW :
11.800413994076168	11.782824828431423	12.23747018329956	

varX :
70.52180899908173	68.4677734375	77.55151060236442	

varW :
139.24977043158864	138.8349609375	149.7556764871458	

covarX :
71.6067599067599	69.5545634920635	78.62861491628614	

covarW :
141.3920745920746	141.03869047619048	151.83561643835617	

coef_variationX :
0.580366433107328	0.5897211988773132	0.6122498563669209	

coef_variationW :
0.3421912669635444	0.38124407938301874	0.3543575261328314	

moy_distances_centre :	60.2
min_distances_centre :	7.0
max_distances_centre :	112.0
med_distances_centre :	55.0
ecartType_distances_centre :	25.604339909910237
var_distances_centre :	655.5822222222222
covar_distances_centre :	662.9483146067415
coef_variation_distances_centre :	0.42532126096196404
capacite_X_temoin : 
157.0	172.0	153.0	157.0	169.0	171.0	174.0	162.0	145.0	178.0	
171.0	160.0	175.0	166.0	175.0	178.0	157.0	162.0	178.0	175.0	
157.0	154.0	162.0	174.0	153.0	175.0	154.0	162.0	162.0	142.0	

capacite_W_temoin : 
60.1	175.6	153.9	130.1	171.7	219.3	102.19999999999999	138.6	79.5	155.4	
78.3	181.0	182.5	159.8	199.5	228.4	87.1	166.6	146.4	84.5	
54.1	137.2	173.6	157.2	152.9	227.5	93.19999999999999	134.6	94.6	70.6	

demande_cumulee_X : 
144.0	48.0	45.0	74.0	48.0	3.0	124.0	72.0	109.0	76.0	
144.0	27.0	45.0	56.0	28.0	3.0	117.0	44.0	85.0	143.0	
150.0	63.0	37.0	69.0	46.0	0.0	107.0	76.0	116.0	114.0	

demande_cumulee_W : 
40.0	106.0	113.0	37.0	65.0	59.0	94.0	131.0	74.0	24.0	
18.0	67.0	83.0	29.0	57.0	42.0	55.0	166.0	143.0	32.0	
33.0	47.0	122.0	52.0	145.0	56.0	89.0	117.0	94.0	23.0	

capacite_residuelle_X : 
13.0	124.0	108.0	83.0	121.0	168.0	50.0	90.0	36.0	102.0	
27.0	133.0	130.0	110.0	147.0	175.0	40.0	118.0	93.0	32.0	
7.0	91.0	125.0	105.0	107.0	175.0	47.0	86.0	46.0	28.0	

capacite_residuelle_W : 
20.1	69.6	40.900000000000006	93.1	106.69999999999999	160.3	8.199999999999989	7.599999999999994	5.5	131.4	
60.3	114.0	99.5	130.8	142.5	186.4	32.099999999999994	0.5999999999999943	3.4000000000000057	52.5	
21.1	90.19999999999999	51.599999999999994	105.19999999999999	7.900000000000006	171.5	4.199999999999989	17.599999999999994	0.5999999999999943	47.599999999999994	

min_capacite_X : 
145.0	157.0	142.0	

min_capacite_W : 
60.1	78.3	54.1	

max_capacite_X : 
178.0	178.0	175.0	

max_capacite_W : 
219.3	228.4	227.5	

moy_capacite_X : 
163.8	169.7	159.5	

moy_capacite_W : 
138.64000000000001	151.41	129.54999999999995	

med_capacite_X : 
165.5	173.0	159.5	

med_capacite_W : 
146.25	163.2	135.89999999999998	

ecartType_capacite_X : 
10.087616170334792	7.430343195303969	9.404786015641186	

ecartType_capacite_W : 
45.32734715378786	49.362221384374514	49.637692331533714	

var_capacite_X : 
101.75999999999999	55.21	88.45	

var_capacite_W : 
2054.5684000000006	2436.6289000000006	2463.9005000000006	

covar_capacite_X : 
113.06666666666666	61.34444444444444	98.27777777777777	

covar_capacite_W : 
2282.8537777777783	2707.365444444444	2737.667222222223	

##########	##########	##########	##########	##########	##########	##########	##########	##########	##########	##########	##########	##########	##########	##########	##########	##########	##########	##########	##########	##########	##########	##########	##########	##########	##########	##########	##########	##########	##########	##########	##########	##########	##########	##########	##########	##########	##########	##########	##########	##########	##########	##########	##########	##########	##########	##########	##########	##########	##########	##########	##########	##########	##########	##########	##########	##########	##########	##########	##########	##########	##########	##########	##########	##########	##########	##########	##########	##########	##########	##########	##########	##########	##########	##########	##########	##########	##########	##########	##########	##########	##########	##########	##########	##########	##########	##########	##########	##########	##########	##########	##########	##########	##########	##########	##########	##########	##########	##########	##########	nombre de noeuds : 100
nombre de strates : 3
nombre de centres : 10
titre : fenetre
instances : p12_1
temps de calcul : 0.1224660873413086
valeur objective : 222.0
nombre de solutions : 3
nombre de noeuds : 1.0
faisability : True
moy_distances :	50.08
min_distances :	0.0
max_distances :	125.0
var_distances :	591.5627762065095
covar_distances :	591.6225360586368
ecartType_distances :	24.32206356801391
coef_variation	: 0.485707313641886
distances_centre_x :
-1.0	20.0	10.0	-1.0	2.0	0.0	11.0	-1.0	21.0	10.0	-1.0	-1.0	10.0	0.0	-1.0	-1.0	-1.0	5.0	-1.0	0.0	16.0	10.0	15.0	-1.0	12.0	3.0	29.0	8.0	-1.0	8.0	-1.0	-1.0	0.0	-1.0	-1.0	15.0	14.0	17.0	19.0	9.0	9.0	18.0	-1.0	-1.0	0.0	23.0	23.0	-1.0	16.0	13.0	7.0	29.0	-1.0	26.0	19.0	17.0	18.0	-1.0	-1.0	-1.0	14.0	6.0	-1.0	19.0	14.0	-1.0	8.0	21.0	20.0	-1.0	-1.0	9.0	11.0	-1.0	14.0	16.0	7.0	6.0	23.0	9.0	-1.0	-1.0	26.0	-1.0	15.0	18.0	-1.0	12.0	17.0	16.0	12.0	0.0	17.0	-1.0	10.0	0.0	-1.0	13.0	16.0	-1.0	
2.0	-1.0	-1.0	-1.0	-1.0	0.0	11.0	16.0	21.0	10.0	13.0	-1.0	-1.0	0.0	-1.0	-1.0	13.0	5.0	21.0	0.0	16.0	-1.0	15.0	21.0	12.0	-1.0	29.0	8.0	15.0	8.0	16.0	18.0	0.0	-1.0	-1.0	-1.0	14.0	-1.0	19.0	9.0	9.0	-1.0	12.0	24.0	-1.0	-1.0	23.0	17.0	-1.0	13.0	7.0	29.0	15.0	-1.0	19.0	-1.0	18.0	12.0	22.0	-1.0	-1.0	6.0	15.0	19.0	-1.0	-1.0	8.0	-1.0	20.0	7.0	-1.0	9.0	11.0	5.0	14.0	-1.0	7.0	6.0	23.0	9.0	15.0	13.0	-1.0	-1.0	15.0	-1.0	-1.0	12.0	17.0	16.0	-1.0	-1.0	17.0	0.0	10.0	-1.0	0.0	-1.0	-1.0	5.0	
2.0	20.0	-1.0	15.0	-1.0	0.0	11.0	11.0	21.0	10.0	13.0	4.0	-1.0	0.0	3.0	13.0	-1.0	5.0	21.0	0.0	16.0	-1.0	15.0	21.0	12.0	3.0	29.0	-1.0	-1.0	8.0	16.0	18.0	0.0	0.0	3.0	15.0	-1.0	-1.0	19.0	-1.0	9.0	18.0	-1.0	-1.0	-1.0	-1.0	23.0	17.0	16.0	13.0	-1.0	29.0	-1.0	26.0	19.0	17.0	18.0	12.0	22.0	4.0	-1.0	6.0	15.0	19.0	14.0	12.0	8.0	21.0	20.0	7.0	13.0	9.0	11.0	5.0	14.0	16.0	7.0	6.0	23.0	-1.0	15.0	13.0	-1.0	23.0	15.0	-1.0	0.0	-1.0	-1.0	16.0	12.0	0.0	-1.0	0.0	10.0	-1.0	-1.0	-1.0	-1.0	5.0	

distances_centre_w :
-1.0	35.0	16.0	-1.0	17.0	40.0	45.0	-1.0	24.0	38.0	-1.0	-1.0	28.0	15.0	-1.0	-1.0	-1.0	45.0	-1.0	26.0	20.0	19.0	25.0	-1.0	44.0	22.0	34.0	17.0	-1.0	26.0	-1.0	-1.0	36.0	-1.0	-1.0	23.0	39.0	24.0	22.0	18.0	24.0	30.0	-1.0	-1.0	38.0	27.0	29.0	-1.0	19.0	22.0	38.0	38.0	-1.0	38.0	30.0	18.0	41.0	-1.0	-1.0	-1.0	33.0	34.0	-1.0	45.0	25.0	-1.0	28.0	26.0	21.0	-1.0	-1.0	43.0	26.0	-1.0	27.0	24.0	38.0	25.0	30.0	10.0	-1.0	-1.0	32.0	-1.0	25.0	23.0	-1.0	31.0	23.0	30.0	19.0	19.0	19.0	-1.0	19.0	19.0	-1.0	38.0	29.0	-1.0	
34.0	-1.0	-1.0	-1.0	-1.0	40.0	45.0	41.0	24.0	24.0	44.0	-1.0	-1.0	15.0	-1.0	-1.0	25.0	45.0	23.0	26.0	20.0	-1.0	35.0	38.0	44.0	-1.0	34.0	17.0	25.0	26.0	33.0	31.0	36.0	-1.0	-1.0	-1.0	39.0	-1.0	43.0	18.0	24.0	-1.0	22.0	26.0	-1.0	-1.0	29.0	19.0	-1.0	41.0	38.0	38.0	26.0	-1.0	30.0	-1.0	41.0	43.0	23.0	-1.0	-1.0	34.0	45.0	38.0	-1.0	-1.0	28.0	-1.0	21.0	19.0	-1.0	43.0	45.0	30.0	27.0	-1.0	38.0	25.0	30.0	10.0	20.0	23.0	-1.0	-1.0	25.0	-1.0	-1.0	33.0	23.0	30.0	-1.0	-1.0	19.0	19.0	44.0	-1.0	35.0	-1.0	-1.0	39.0	
34.0	28.0	-1.0	31.0	-1.0	40.0	45.0	42.0	24.0	24.0	26.0	23.0	-1.0	15.0	29.0	19.0	-1.0	45.0	23.0	26.0	20.0	-1.0	25.0	38.0	44.0	22.0	34.0	-1.0	-1.0	26.0	23.0	31.0	36.0	15.0	34.0	39.0	-1.0	-1.0	22.0	-1.0	24.0	30.0	-1.0	-1.0	-1.0	-1.0	29.0	19.0	19.0	22.0	-1.0	38.0	-1.0	38.0	30.0	18.0	41.0	43.0	23.0	15.0	-1.0	34.0	19.0	38.0	25.0	17.0	28.0	26.0	21.0	19.0	19.0	43.0	26.0	36.0	27.0	24.0	34.0	25.0	30.0	-1.0	20.0	23.0	-1.0	30.0	25.0	-1.0	26.0	-1.0	-1.0	30.0	19.0	19.0	-1.0	35.0	19.0	-1.0	-1.0	-1.0	-1.0	39.0	

maxX :
29.0	29.0	29.0	

maxW :
45.0	45.0	45.0	

minX :
0.0	0.0	0.0	

minW :
10.0	10.0	15.0	

moyX :
12.893939393939394	12.671875	12.356164383561644	

moyW :
28.045454545454547	30.75	28.054794520547944	

medX :
13.5	13.0	13.0	

medW :
26.0	30.0	26.0	

ecartTypeX :
7.299084184726249	6.980004225240483	7.4803301205698185	

ecartTypeW :
8.523464614569164	9.105286925737156	8.128910710626599	

varX :
53.27662993572085	48.720458984375	55.95533871270407	

varW :
72.64944903581267	82.90625	66.07918934133984	

covarX :
54.09627039627041	49.4937996031746	56.732496194824954	

covarW :
73.76713286713287	84.22222222222221	66.99695585996957	

coef_variationX :
0.5660864350081461	0.550826474001715	0.6053925707334775	

coef_variationW :
0.30391608026016464	0.2961068918938912	0.28975121185338953	

moy_distances_centre :	57.44444444444444
min_distances_centre :	15.0
max_distances_centre :	105.0
med_distances_centre :	55.0
ecartType_distances_centre :	23.04059755740873
var_distances_centre :	530.8691358024691
covar_distances_centre :	536.8339575530587
coef_variation_distances_centre :	0.40109357450034544
capacite_X_temoin : 
157.0	172.0	153.0	157.0	169.0	177.0	174.0	162.0	145.0	178.0	
171.0	160.0	175.0	166.0	175.0	136.0	157.0	162.0	178.0	175.0	
157.0	154.0	162.0	174.0	153.0	166.0	154.0	162.0	162.0	142.0	

capacite_W_temoin : 
63.1	175.6	153.9	143.1	171.7	162.1	102.19999999999999	164.6	102.5	155.4	
121.3	181.0	182.5	174.8	199.5	101.8	87.1	171.6	155.4	84.5	
66.1	137.2	173.6	173.2	152.9	129.8	93.19999999999999	168.6	118.6	70.6	

demande_cumulee_X : 
141.0	48.0	45.0	61.0	48.0	68.0	124.0	46.0	86.0	76.0	
101.0	27.0	45.0	41.0	28.0	75.0	117.0	39.0	76.0	143.0	
138.0	63.0	37.0	53.0	46.0	86.0	107.0	42.0	92.0	114.0	

demande_cumulee_W : 
28.0	32.0	103.0	32.0	50.0	158.0	55.0	153.0	95.0	37.0	
61.0	29.0	83.0	18.0	34.0	99.0	55.0	136.0	139.0	38.0	
34.0	35.0	75.0	35.0	86.0	128.0	46.0	168.0	116.0	55.0	

capacite_residuelle_X : 
16.0	124.0	108.0	96.0	121.0	109.0	50.0	116.0	59.0	102.0	
70.0	133.0	130.0	125.0	147.0	61.0	40.0	123.0	102.0	32.0	
19.0	91.0	125.0	121.0	107.0	80.0	47.0	120.0	70.0	28.0	

capacite_residuelle_W : 
35.1	143.6	50.900000000000006	111.1	121.69999999999999	4.099999999999994	47.19999999999999	11.599999999999994	7.5	118.4	
60.3	152.0	99.5	156.8	165.5	2.799999999999997	32.099999999999994	35.599999999999994	16.400000000000006	46.5	
32.099999999999994	102.19999999999999	98.6	138.2	66.9	1.8000000000000114	47.19999999999999	0.5999999999999943	2.5999999999999943	15.599999999999994	

min_capacite_X : 
145.0	136.0	142.0	

min_capacite_W : 
63.1	84.5	66.1	

max_capacite_X : 
178.0	178.0	174.0	

max_capacite_W : 
175.6	199.5	173.6	

moy_capacite_X : 
164.4	165.5	158.6	

moy_capacite_W : 
139.42000000000002	145.95	128.37999999999997	

med_capacite_X : 
165.5	168.5	159.5	

med_capacite_W : 
154.65	163.5	133.5	

ecartType_capacite_X : 
10.660206376989144	12.010412149464313	8.2365041127896	

ecartType_capacite_W : 
35.42758247467643	40.9973474751721	38.6043728093075	

var_capacite_X : 
113.64000000000001	144.25	67.84	

var_capacite_W : 
1255.1136000000001	1680.7825	1490.2976	

covar_capacite_X : 
126.26666666666667	160.27777777777777	75.37777777777778	

covar_capacite_W : 
1394.5706666666667	1867.536111111111	1655.8862222222222	

##########	##########	##########	##########	##########	##########	##########	##########	##########	##########	##########	##########	##########	##########	##########	##########	##########	##########	##########	##########	##########	##########	##########	##########	##########	##########	##########	##########	##########	##########	##########	##########	##########	##########	##########	##########	##########	##########	##########	##########	##########	##########	##########	##########	##########	##########	##########	##########	##########	##########	##########	##########	##########	##########	##########	##########	##########	##########	##########	##########	##########	##########	##########	##########	##########	##########	##########	##########	##########	##########	##########	##########	##########	##########	##########	##########	##########	##########	##########	##########	##########	##########	##########	##########	##########	##########	##########	##########	##########	##########	##########	##########	##########	##########	##########	##########	##########	##########	##########	##########	nombre de noeuds : 100
nombre de strates : 3
nombre de centres : 10
titre : fenetre
instances : p12_1
temps de calcul : 0.12603497505187988
valeur objective : 247.0
nombre de solutions : 3
nombre de noeuds : 1.0
faisability : True
moy_distances :	50.08
min_distances :	0.0
max_distances :	125.0
var_distances :	591.5627762065095
covar_distances :	591.6225360586368
ecartType_distances :	24.32206356801391
coef_variation	: 0.485707313641886
distances_centre_x :
-1.0	20.0	10.0	-1.0	2.0	0.0	11.0	-1.0	21.0	10.0	-1.0	-1.0	28.0	0.0	-1.0	-1.0	-1.0	5.0	-1.0	0.0	16.0	10.0	15.0	-1.0	12.0	3.0	16.0	8.0	-1.0	8.0	-1.0	-1.0	36.0	-1.0	-1.0	23.0	14.0	17.0	19.0	9.0	9.0	0.0	-1.0	-1.0	0.0	23.0	23.0	-1.0	16.0	13.0	38.0	29.0	-1.0	26.0	19.0	17.0	18.0	-1.0	-1.0	-1.0	14.0	6.0	-1.0	19.0	14.0	-1.0	8.0	21.0	21.0	-1.0	-1.0	9.0	11.0	-1.0	14.0	16.0	7.0	6.0	23.0	9.0	-1.0	-1.0	26.0	-1.0	15.0	18.0	-1.0	12.0	17.0	16.0	12.0	0.0	17.0	-1.0	10.0	0.0	-1.0	13.0	16.0	-1.0	
34.0	-1.0	-1.0	-1.0	-1.0	0.0	11.0	21.0	21.0	10.0	26.0	-1.0	-1.0	0.0	-1.0	-1.0	13.0	5.0	21.0	0.0	16.0	-1.0	15.0	21.0	12.0	-1.0	16.0	8.0	15.0	8.0	16.0	18.0	36.0	-1.0	-1.0	-1.0	14.0	-1.0	19.0	9.0	9.0	-1.0	12.0	24.0	-1.0	-1.0	23.0	17.0	-1.0	13.0	38.0	29.0	5.0	-1.0	19.0	-1.0	18.0	12.0	22.0	-1.0	-1.0	6.0	15.0	19.0	-1.0	-1.0	8.0	-1.0	21.0	7.0	-1.0	9.0	11.0	5.0	14.0	-1.0	7.0	6.0	23.0	9.0	15.0	13.0	-1.0	-1.0	15.0	-1.0	-1.0	12.0	17.0	16.0	-1.0	-1.0	17.0	0.0	10.0	-1.0	0.0	-1.0	-1.0	5.0	
34.0	20.0	-1.0	31.0	-1.0	0.0	11.0	11.0	21.0	10.0	26.0	4.0	-1.0	0.0	29.0	13.0	-1.0	5.0	21.0	0.0	16.0	-1.0	15.0	21.0	12.0	3.0	16.0	-1.0	-1.0	8.0	16.0	18.0	36.0	0.0	34.0	23.0	-1.0	-1.0	19.0	-1.0	9.0	0.0	-1.0	-1.0	-1.0	-1.0	23.0	17.0	16.0	13.0	-1.0	29.0	-1.0	26.0	19.0	17.0	18.0	12.0	22.0	4.0	-1.0	6.0	15.0	19.0	14.0	12.0	8.0	21.0	21.0	7.0	13.0	9.0	11.0	34.0	14.0	16.0	7.0	6.0	31.0	-1.0	15.0	13.0	-1.0	13.0	15.0	-1.0	0.0	-1.0	-1.0	16.0	12.0	0.0	-1.0	0.0	10.0	-1.0	-1.0	-1.0	-1.0	5.0	

distances_centre_w :
-1.0	28.0	16.0	-1.0	40.0	40.0	45.0	-1.0	24.0	25.0	-1.0	-1.0	34.0	15.0	-1.0	-1.0	-1.0	45.0	-1.0	26.0	20.0	32.0	25.0	-1.0	44.0	30.0	29.0	17.0	-1.0	26.0	-1.0	-1.0	38.0	-1.0	-1.0	39.0	39.0	24.0	22.0	18.0	24.0	18.0	-1.0	-1.0	27.0	27.0	30.0	-1.0	19.0	22.0	45.0	38.0	-1.0	38.0	30.0	18.0	41.0	-1.0	-1.0	-1.0	33.0	44.0	-1.0	45.0	25.0	-1.0	32.0	26.0	23.0	-1.0	-1.0	43.0	45.0	-1.0	27.0	24.0	34.0	25.0	30.0	10.0	-1.0	-1.0	40.0	-1.0	25.0	23.0	-1.0	33.0	23.0	41.0	19.0	19.0	19.0	-1.0	19.0	19.0	-1.0	38.0	29.0	-1.0	
37.0	-1.0	-1.0	-1.0	-1.0	40.0	45.0	41.0	24.0	24.0	37.0	-1.0	-1.0	15.0	-1.0	-1.0	25.0	45.0	23.0	26.0	28.0	-1.0	25.0	38.0	44.0	-1.0	29.0	17.0	25.0	26.0	23.0	31.0	38.0	-1.0	-1.0	-1.0	39.0	-1.0	34.0	18.0	24.0	-1.0	22.0	25.0	-1.0	-1.0	39.0	19.0	-1.0	22.0	45.0	38.0	15.0	-1.0	30.0	-1.0	41.0	43.0	23.0	-1.0	-1.0	40.0	19.0	38.0	-1.0	-1.0	28.0	-1.0	23.0	19.0	-1.0	43.0	26.0	30.0	27.0	-1.0	38.0	25.0	30.0	10.0	39.0	23.0	-1.0	-1.0	33.0	-1.0	-1.0	33.0	23.0	43.0	-1.0	-1.0	19.0	19.0	19.0	-1.0	35.0	-1.0	-1.0	42.0	
37.0	28.0	-1.0	33.0	-1.0	40.0	45.0	16.0	24.0	32.0	44.0	23.0	-1.0	15.0	29.0	42.0	-1.0	45.0	23.0	26.0	20.0	-1.0	25.0	39.0	44.0	22.0	29.0	-1.0	-1.0	26.0	23.0	31.0	38.0	15.0	36.0	29.0	-1.0	-1.0	22.0	-1.0	24.0	18.0	-1.0	-1.0	-1.0	-1.0	30.0	43.0	19.0	22.0	-1.0	38.0	-1.0	38.0	30.0	18.0	41.0	43.0	23.0	15.0	-1.0	42.0	19.0	38.0	25.0	17.0	28.0	26.0	23.0	19.0	19.0	43.0	26.0	36.0	27.0	24.0	34.0	25.0	33.0	-1.0	41.0	23.0	-1.0	23.0	25.0	-1.0	26.0	-1.0	-1.0	41.0	19.0	19.0	-1.0	35.0	19.0	-1.0	-1.0	-1.0	-1.0	42.0	

maxX :
38.0	38.0	36.0	

maxW :
45.0	45.0	45.0	

minX :
0.0	0.0	0.0	

minW :
10.0	10.0	15.0	

moyX :
13.848484848484848	14.15625	14.534246575342467	

moyW :
29.257575757575758	29.796875	29.041095890410958	

medX :
14.0	14.0	14.0	

medW :
27.0	28.0	26.0	

ecartTypeX :
8.386935049378748	8.254201108375057	9.154805896778683	

ecartTypeW :
9.162358115914309	9.093575492311865	8.926547072336573	

varX :
70.34067952249771	68.1318359375	83.81047100769375	

varW :
83.9488062442608	82.693115234375	79.68324263464065	

covarX :
71.42284382284384	69.21329365079364	84.97450532724504	

covarW :
85.24032634032636	84.00570436507937	80.78995433789953	

coef_variationX :
0.6056211304803034	0.5830782239911739	0.6298782568000413	

coef_variationW :
0.3131619034957765	0.30518554352803323	0.3073763850380047	

moy_distances_centre :	56.44444444444444
min_distances_centre :	15.0
max_distances_centre :	116.0
med_distances_centre :	54.0
ecartType_distances_centre :	23.69299526635157
var_distances_centre :	561.358024691358
covar_distances_centre :	567.6654182272159
coef_variation_distances_centre :	0.4197577901518979
capacite_X_temoin : 
157.0	172.0	153.0	169.0	150.0	177.0	174.0	162.0	145.0	178.0	
171.0	160.0	175.0	175.0	177.0	136.0	157.0	162.0	178.0	175.0	
157.0	154.0	162.0	153.0	153.0	166.0	154.0	162.0	162.0	142.0	

capacite_W_temoin : 
63.1	210.6	153.9	171.7	160.0	121.1	102.19999999999999	164.6	102.5	135.4	
121.3	194.0	182.5	199.5	217.1	83.8	87.1	153.6	173.4	61.5	
66.1	185.2	165.6	136.9	150.9	122.8	93.19999999999999	162.6	117.6	55.6	

demande_cumulee_X : 
141.0	13.0	45.0	48.0	35.0	109.0	124.0	46.0	86.0	96.0	
101.0	14.0	45.0	28.0	13.0	93.0	117.0	57.0	58.0	166.0	
138.0	15.0	45.0	62.0	48.0	93.0	107.0	48.0	93.0	129.0	

demande_cumulee_W : 
36.0	70.0	124.0	72.0	0.0	121.0	55.0	155.0	98.0	12.0	
45.0	41.0	83.0	64.0	11.0	82.0	55.0	145.0	163.0	3.0	
36.0	83.0	107.0	72.0	35.0	121.0	38.0	149.0	110.0	27.0	

capacite_residuelle_X : 
16.0	159.0	108.0	121.0	115.0	68.0	50.0	116.0	59.0	82.0	
70.0	146.0	130.0	147.0	164.0	43.0	40.0	105.0	120.0	9.0	
19.0	139.0	117.0	91.0	105.0	73.0	47.0	114.0	69.0	13.0	

capacite_residuelle_W : 
27.1	140.6	29.900000000000006	99.69999999999999	160.0	0.09999999999999432	47.19999999999999	9.599999999999994	4.5	123.4	
76.3	153.0	99.5	135.5	206.1	1.7999999999999972	32.099999999999994	8.599999999999994	10.400000000000006	58.5	
30.099999999999994	102.19999999999999	58.599999999999994	64.9	115.9	1.7999999999999972	55.19999999999999	13.599999999999994	7.599999999999994	28.6	

min_capacite_X : 
145.0	136.0	142.0	

min_capacite_W : 
63.1	61.5	55.6	

max_capacite_X : 
178.0	178.0	166.0	

max_capacite_W : 
210.6	217.1	185.2	

moy_capacite_X : 
163.7	166.6	156.5	

moy_capacite_W : 
138.51	147.38	125.64999999999998	

med_capacite_X : 
165.5	173.0	155.5	

med_capacite_W : 
144.65	163.5	129.85	

ecartType_capacite_X : 
11.331813623599711	12.499599993599796	6.545991139621257	

ecartType_capacite_W : 
40.36395545533168	52.37516205225526	41.04968331181131	

var_capacite_X : 
128.41	156.24	42.85	

var_capacite_W : 
1629.2489	2743.1576	1685.0765	

covar_capacite_X : 
142.67777777777775	173.59999999999997	47.61111111111111	

covar_capacite_W : 
1810.2765555555554	3047.952888888889	1872.307222222222	

##########	##########	##########	##########	##########	##########	##########	##########	##########	##########	##########	##########	##########	##########	##########	##########	##########	##########	##########	##########	##########	##########	##########	##########	##########	##########	##########	##########	##########	##########	##########	##########	##########	##########	##########	##########	##########	##########	##########	##########	##########	##########	##########	##########	##########	##########	##########	##########	##########	##########	##########	##########	##########	##########	##########	##########	##########	##########	##########	##########	##########	##########	##########	##########	##########	##########	##########	##########	##########	##########	##########	##########	##########	##########	##########	##########	##########	##########	##########	##########	##########	##########	##########	##########	##########	##########	##########	##########	##########	##########	##########	##########	##########	##########	##########	##########	##########	##########	##########	##########	nombre de noeuds : 100
nombre de strates : 3
nombre de centres : 10
titre : fenetre
instances : p12_1
temps de calcul : 0.1242530345916748
valeur objective : 246.0
nombre de solutions : 3
nombre de noeuds : 1.0
faisability : True
moy_distances :	50.08
min_distances :	0.0
max_distances :	125.0
var_distances :	591.5627762065095
covar_distances :	591.6225360586368
ecartType_distances :	24.32206356801391
coef_variation	: 0.485707313641886
distances_centre_x :
-1.0	20.0	10.0	-1.0	2.0	0.0	11.0	-1.0	21.0	24.0	-1.0	-1.0	28.0	0.0	-1.0	-1.0	-1.0	5.0	-1.0	0.0	16.0	10.0	15.0	-1.0	12.0	3.0	16.0	8.0	-1.0	8.0	-1.0	-1.0	36.0	-1.0	-1.0	23.0	14.0	17.0	23.0	9.0	24.0	0.0	-1.0	-1.0	0.0	17.0	21.0	-1.0	16.0	13.0	38.0	0.0	-1.0	16.0	19.0	17.0	18.0	-1.0	-1.0	-1.0	14.0	6.0	-1.0	19.0	25.0	-1.0	8.0	21.0	21.0	-1.0	-1.0	9.0	11.0	-1.0	14.0	16.0	7.0	6.0	23.0	9.0	-1.0	-1.0	12.0	-1.0	15.0	23.0	-1.0	12.0	17.0	16.0	12.0	0.0	17.0	-1.0	10.0	0.0	-1.0	13.0	16.0	-1.0	
34.0	-1.0	-1.0	-1.0	-1.0	0.0	11.0	11.0	21.0	10.0	26.0	-1.0	-1.0	0.0	-1.0	-1.0	13.0	5.0	21.0	0.0	16.0	-1.0	15.0	17.0	12.0	-1.0	16.0	8.0	15.0	8.0	16.0	18.0	36.0	-1.0	-1.0	-1.0	14.0	-1.0	22.0	9.0	24.0	-1.0	12.0	24.0	-1.0	-1.0	21.0	17.0	-1.0	13.0	38.0	0.0	5.0	-1.0	19.0	-1.0	18.0	12.0	22.0	-1.0	-1.0	6.0	15.0	19.0	-1.0	-1.0	8.0	-1.0	34.0	7.0	-1.0	9.0	11.0	5.0	14.0	-1.0	7.0	6.0	23.0	9.0	15.0	13.0	-1.0	-1.0	15.0	-1.0	-1.0	12.0	17.0	16.0	-1.0	-1.0	17.0	0.0	10.0	-1.0	0.0	-1.0	-1.0	5.0	
34.0	20.0	-1.0	15.0	-1.0	0.0	11.0	16.0	28.0	10.0	26.0	4.0	-1.0	0.0	3.0	13.0	-1.0	5.0	21.0	0.0	16.0	-1.0	15.0	17.0	12.0	3.0	16.0	-1.0	-1.0	8.0	16.0	18.0	36.0	15.0	34.0	23.0	-1.0	-1.0	22.0	-1.0	24.0	0.0	-1.0	-1.0	-1.0	-1.0	21.0	17.0	16.0	13.0	-1.0	0.0	-1.0	16.0	19.0	17.0	18.0	12.0	22.0	4.0	-1.0	6.0	15.0	19.0	14.0	12.0	8.0	21.0	21.0	7.0	13.0	9.0	11.0	5.0	14.0	16.0	7.0	6.0	23.0	-1.0	15.0	13.0	-1.0	13.0	15.0	-1.0	0.0	-1.0	-1.0	16.0	12.0	0.0	-1.0	19.0	10.0	-1.0	-1.0	-1.0	-1.0	5.0	

distances_centre_w :
-1.0	20.0	16.0	-1.0	17.0	40.0	31.0	-1.0	28.0	38.0	-1.0	-1.0	34.0	18.0	-1.0	-1.0	-1.0	41.0	-1.0	26.0	20.0	30.0	39.0	-1.0	44.0	22.0	29.0	25.0	-1.0	26.0	-1.0	-1.0	38.0	-1.0	-1.0	29.0	29.0	24.0	32.0	18.0	43.0	18.0	-1.0	-1.0	27.0	23.0	23.0	-1.0	19.0	22.0	45.0	29.0	-1.0	26.0	21.0	18.0	24.0	-1.0	-1.0	-1.0	25.0	34.0	-1.0	45.0	45.0	-1.0	28.0	25.0	23.0	-1.0	-1.0	43.0	26.0	-1.0	27.0	24.0	38.0	22.0	24.0	10.0	-1.0	-1.0	26.0	-1.0	25.0	27.0	-1.0	33.0	23.0	41.0	19.0	19.0	19.0	-1.0	19.0	27.0	-1.0	38.0	24.0	-1.0	
37.0	-1.0	-1.0	-1.0	-1.0	39.0	45.0	16.0	28.0	24.0	44.0	-1.0	-1.0	18.0	-1.0	-1.0	27.0	45.0	23.0	26.0	35.0	-1.0	25.0	21.0	44.0	-1.0	29.0	25.0	40.0	26.0	23.0	21.0	38.0	-1.0	-1.0	-1.0	29.0	-1.0	23.0	18.0	27.0	-1.0	22.0	25.0	-1.0	-1.0	23.0	19.0	-1.0	22.0	45.0	29.0	15.0	-1.0	21.0	-1.0	24.0	30.0	25.0	-1.0	-1.0	34.0	38.0	21.0	-1.0	-1.0	28.0	-1.0	36.0	42.0	-1.0	43.0	45.0	30.0	27.0	-1.0	34.0	22.0	24.0	10.0	20.0	23.0	-1.0	-1.0	25.0	-1.0	-1.0	30.0	23.0	41.0	-1.0	-1.0	19.0	19.0	19.0	-1.0	35.0	-1.0	-1.0	34.0	
39.0	20.0	-1.0	33.0	-1.0	39.0	31.0	41.0	31.0	24.0	37.0	25.0	-1.0	18.0	29.0	14.0	-1.0	41.0	23.0	26.0	20.0	-1.0	25.0	21.0	44.0	22.0	29.0	-1.0	-1.0	26.0	23.0	21.0	38.0	28.0	36.0	29.0	-1.0	-1.0	23.0	-1.0	30.0	18.0	-1.0	-1.0	-1.0	-1.0	23.0	19.0	19.0	22.0	-1.0	29.0	-1.0	26.0	21.0	18.0	24.0	30.0	23.0	16.0	-1.0	34.0	42.0	21.0	25.0	40.0	28.0	25.0	34.0	19.0	19.0	43.0	26.0	30.0	27.0	24.0	34.0	22.0	24.0	-1.0	20.0	23.0	-1.0	23.0	25.0	-1.0	26.0	-1.0	-1.0	41.0	19.0	19.0	-1.0	35.0	19.0	-1.0	-1.0	-1.0	-1.0	34.0	

maxX :
38.0	38.0	36.0	

maxW :
45.0	45.0	44.0	

minX :
0.0	0.0	0.0	

minW :
10.0	10.0	14.0	

moyX :
13.666666666666666	13.9375	13.712328767123287	

moyW :
27.742424242424242	28.40625	27.054794520547944	

medX :
14.0	13.5	15.0	

medW :
26.0	26.0	25.0	

ecartTypeX :
8.370824754509384	8.556567287762073	8.161854899393978	

ecartTypeW :
8.36716273923645	8.715501186822248	7.41137668789227	

varX :
70.07070707070707	73.21484375	66.61587539876149	

varW :
70.00941230486683	75.9599609375	54.928504409832996	

covarX :
71.14871794871796	74.37698412698413	67.54109589041096	

covarW :
71.08648018648017	77.1656746031746	55.69140030441398	

coef_variationX :
0.6124993722811745	0.6139241103327048	0.5952201874682921	

coef_variationW :
0.3016017153411282	0.30681632340848397	0.27393949276766366	

moy_distances_centre :	58.644444444444446
min_distances_centre :	18.0
max_distances_centre :	116.0
med_distances_centre :	55.0
ecartType_distances_centre :	22.800736397031425
var_distances_centre :	519.8735802469135
covar_distances_centre :	525.7148564294631
coef_variation_distances_centre :	0.38879618714149833
capacite_X_temoin : 
157.0	172.0	153.0	150.0	177.0	154.0	174.0	162.0	145.0	178.0	
171.0	160.0	175.0	177.0	136.0	150.0	157.0	162.0	178.0	175.0	
157.0	154.0	162.0	153.0	166.0	175.0	154.0	162.0	162.0	142.0	

capacite_W_temoin : 
102.1	195.6	153.9	160.0	121.1	139.2	123.19999999999999	161.6	75.5	133.4	
121.3	176.0	182.5	217.1	79.8	160.0	121.1	161.6	160.4	61.5	
85.1	137.2	173.6	150.9	126.8	175.5	125.19999999999999	161.6	96.6	52.6	

demande_cumulee_X : 
102.0	28.0	45.0	35.0	109.0	61.0	103.0	49.0	113.0	98.0	
101.0	32.0	45.0	13.0	97.0	35.0	83.0	49.0	71.0	166.0	
119.0	63.0	37.0	48.0	89.0	52.0	75.0	49.0	114.0	132.0	

demande_cumulee_W : 
67.0	65.0	46.0	11.0	111.0	138.0	66.0	152.0	46.0	41.0	
60.0	24.0	25.0	21.0	68.0	145.0	79.0	158.0	75.0	37.0	
66.0	53.0	61.0	44.0	111.0	149.0	67.0	152.0	62.0	13.0	

capacite_residuelle_X : 
55.0	144.0	108.0	115.0	68.0	93.0	71.0	113.0	32.0	80.0	
70.0	128.0	130.0	164.0	39.0	115.0	74.0	113.0	107.0	9.0	
38.0	91.0	125.0	105.0	77.0	123.0	79.0	113.0	48.0	10.0	

capacite_residuelle_W : 
35.099999999999994	130.6	107.9	149.0	10.099999999999994	1.1999999999999886	57.19999999999999	9.599999999999994	29.5	92.4	
61.3	152.0	157.5	196.1	11.799999999999997	15.0	42.099999999999994	3.5999999999999943	85.4	24.5	
19.099999999999994	84.19999999999999	112.6	106.9	15.799999999999997	26.5	58.19999999999999	9.599999999999994	34.599999999999994	39.6	

min_capacite_X : 
145.0	136.0	142.0	

min_capacite_W : 
75.5	61.5	52.6	

max_capacite_X : 
178.0	178.0	175.0	

max_capacite_W : 
195.6	217.1	175.5	

moy_capacite_X : 
162.2	164.1	158.7	

moy_capacite_W : 
136.56	144.13000000000002	128.50999999999996	

med_capacite_X : 
159.5	166.5	159.5	

med_capacite_W : 
136.3	160.2	132.0	

ecartType_capacite_X : 
11.52215257666726	13.057181931795236	8.426743143112885	

ecartType_capacite_W : 
32.114021859617644	45.444472711210985	38.19925261048965	

var_capacite_X : 
132.76	170.48999999999998	71.01000000000002	

var_capacite_W : 
1031.3103999999998	2065.2001	1459.1829000000002	

covar_capacite_X : 
147.5111111111111	189.43333333333337	78.9	

covar_capacite_W : 
1145.9004444444442	2294.6667777777775	1621.3143333333335	

##########	##########	##########	##########	##########	##########	##########	##########	##########	##########	##########	##########	##########	##########	##########	##########	##########	##########	##########	##########	##########	##########	##########	##########	##########	##########	##########	##########	##########	##########	##########	##########	##########	##########	##########	##########	##########	##########	##########	##########	##########	##########	##########	##########	##########	##########	##########	##########	##########	##########	##########	##########	##########	##########	##########	##########	##########	##########	##########	##########	##########	##########	##########	##########	##########	##########	##########	##########	##########	##########	##########	##########	##########	##########	##########	##########	##########	##########	##########	##########	##########	##########	##########	##########	##########	##########	##########	##########	##########	##########	##########	##########	##########	##########	##########	##########	##########	##########	##########	##########	nombre de noeuds : 100
nombre de strates : 3
nombre de centres : 10
titre : fenetre
instances : p12_1
temps de calcul : 0.12367582321166992
valeur objective : 268.0
nombre de solutions : 4
nombre de noeuds : 1.0
faisability : True
moy_distances :	50.08
min_distances :	0.0
max_distances :	125.0
var_distances :	591.5627762065095
covar_distances :	591.6225360586368
ecartType_distances :	24.32206356801391
coef_variation	: 0.485707313641886
distances_centre_x :
-1.0	20.0	10.0	-1.0	2.0	0.0	11.0	-1.0	28.0	10.0	-1.0	-1.0	28.0	0.0	-1.0	-1.0	-1.0	5.0	-1.0	0.0	16.0	27.0	15.0	-1.0	12.0	3.0	16.0	8.0	-1.0	8.0	-1.0	-1.0	38.0	-1.0	-1.0	23.0	14.0	17.0	22.0	9.0	24.0	0.0	-1.0	-1.0	0.0	17.0	5.0	-1.0	16.0	22.0	45.0	0.0	-1.0	16.0	0.0	17.0	17.0	-1.0	-1.0	-1.0	14.0	34.0	-1.0	19.0	14.0	-1.0	8.0	6.0	21.0	-1.0	-1.0	9.0	26.0	-1.0	14.0	16.0	7.0	6.0	12.0	9.0	-1.0	-1.0	10.0	-1.0	15.0	23.0	-1.0	12.0	23.0	16.0	12.0	0.0	38.0	-1.0	10.0	0.0	-1.0	13.0	3.0	-1.0	
37.0	-1.0	-1.0	-1.0	-1.0	0.0	11.0	16.0	28.0	10.0	26.0	-1.0	-1.0	0.0	-1.0	-1.0	29.0	5.0	21.0	0.0	16.0	-1.0	15.0	10.0	12.0	-1.0	16.0	8.0	15.0	8.0	16.0	2.0	38.0	-1.0	-1.0	-1.0	14.0	-1.0	23.0	9.0	24.0	-1.0	12.0	25.0	-1.0	-1.0	5.0	19.0	-1.0	22.0	45.0	0.0	5.0	-1.0	0.0	-1.0	17.0	12.0	22.0	-1.0	-1.0	42.0	15.0	19.0	-1.0	-1.0	8.0	-1.0	23.0	7.0	-1.0	9.0	26.0	5.0	14.0	-1.0	7.0	6.0	12.0	9.0	20.0	23.0	-1.0	-1.0	15.0	-1.0	-1.0	12.0	33.0	16.0	-1.0	-1.0	19.0	0.0	10.0	-1.0	35.0	-1.0	-1.0	5.0	
37.0	20.0	-1.0	33.0	-1.0	0.0	11.0	11.0	28.0	24.0	26.0	4.0	-1.0	0.0	29.0	13.0	-1.0	5.0	21.0	0.0	16.0	-1.0	15.0	10.0	12.0	3.0	16.0	-1.0	-1.0	8.0	16.0	2.0	38.0	15.0	36.0	23.0	-1.0	-1.0	29.0	-1.0	24.0	0.0	-1.0	-1.0	-1.0	-1.0	5.0	19.0	16.0	22.0	-1.0	0.0	-1.0	16.0	0.0	17.0	17.0	12.0	22.0	4.0	-1.0	34.0	15.0	19.0	14.0	12.0	8.0	6.0	21.0	7.0	12.0	9.0	26.0	5.0	14.0	16.0	7.0	6.0	12.0	-1.0	20.0	23.0	-1.0	13.0	15.0	-1.0	0.0	-1.0	-1.0	16.0	12.0	0.0	-1.0	0.0	10.0	-1.0	-1.0	-1.0	-1.0	5.0	

distances_centre_w :
-1.0	20.0	16.0	-1.0	17.0	39.0	31.0	-1.0	31.0	24.0	-1.0	-1.0	46.0	18.0	-1.0	-1.0	-1.0	41.0	-1.0	26.0	20.0	30.0	25.0	-1.0	44.0	22.0	29.0	25.0	-1.0	10.0	-1.0	-1.0	41.0	-1.0	-1.0	29.0	18.0	24.0	23.0	18.0	27.0	18.0	-1.0	-1.0	40.0	23.0	21.0	-1.0	35.0	41.0	48.0	21.0	-1.0	26.0	19.0	30.0	18.0	-1.0	-1.0	-1.0	25.0	42.0	-1.0	21.0	38.0	-1.0	44.0	21.0	34.0	-1.0	-1.0	43.0	44.0	-1.0	27.0	24.0	34.0	22.0	23.0	10.0	-1.0	-1.0	12.0	-1.0	25.0	28.0	-1.0	33.0	43.0	41.0	19.0	19.0	38.0	-1.0	19.0	33.0	-1.0	30.0	16.0	-1.0	
39.0	-1.0	-1.0	-1.0	-1.0	39.0	31.0	40.0	46.0	24.0	37.0	-1.0	-1.0	18.0	-1.0	-1.0	45.0	41.0	23.0	26.0	20.0	-1.0	25.0	17.0	44.0	-1.0	29.0	25.0	40.0	10.0	33.0	18.0	41.0	-1.0	-1.0	-1.0	18.0	-1.0	29.0	18.0	37.0	-1.0	22.0	26.0	-1.0	-1.0	21.0	38.0	-1.0	41.0	48.0	21.0	15.0	-1.0	19.0	-1.0	18.0	30.0	23.0	-1.0	-1.0	44.0	19.0	45.0	-1.0	-1.0	28.0	-1.0	34.0	32.0	-1.0	43.0	45.0	30.0	27.0	-1.0	38.0	22.0	23.0	10.0	39.0	42.0	-1.0	-1.0	25.0	-1.0	-1.0	30.0	43.0	41.0	-1.0	-1.0	38.0	19.0	19.0	-1.0	48.0	-1.0	-1.0	34.0	
39.0	20.0	-1.0	34.0	-1.0	39.0	31.0	21.0	30.0	38.0	37.0	42.0	-1.0	18.0	29.0	14.0	-1.0	41.0	23.0	26.0	28.0	-1.0	25.0	17.0	44.0	22.0	29.0	-1.0	-1.0	10.0	33.0	18.0	41.0	28.0	37.0	40.0	-1.0	-1.0	32.0	-1.0	39.0	18.0	-1.0	-1.0	-1.0	-1.0	21.0	38.0	35.0	41.0	-1.0	21.0	-1.0	26.0	19.0	30.0	18.0	30.0	44.0	16.0	-1.0	42.0	28.0	21.0	31.0	17.0	44.0	21.0	34.0	40.0	13.0	43.0	44.0	30.0	27.0	24.0	34.0	22.0	30.0	-1.0	39.0	42.0	-1.0	23.0	25.0	-1.0	26.0	-1.0	-1.0	43.0	41.0	33.0	-1.0	19.0	19.0	-1.0	-1.0	-1.0	-1.0	34.0	

maxX :
45.0	45.0	38.0	

maxW :
48.0	48.0	44.0	

minX :
0.0	0.0	0.0	

minW :
10.0	10.0	10.0	

moyX :
13.803030303030303	15.359375	14.136986301369863	

moyW :
27.90909090909091	30.515625	29.73972602739726	

medX :
13.5	14.5	14.0	

medW :
25.5	30.0	30.0	

ecartTypeX :
10.015472419559673	10.587975472647026	9.78860823567851	

ecartTypeW :
9.679292599883516	10.301687039479262	9.217356167549324	

varX :
100.30968778696048	112.105224609375	95.81685119159316	

varW :
93.68870523415978	106.124755859375	84.95965471945956	

covarX :
101.85291375291375	113.8846726190476	97.14764079147639	

covarW :
95.13006993006992	107.80927579365078	86.1396499238965	

coef_variationX :
0.7255995386289116	0.6893493695314442	0.692411241477259	

coef_variationW :
0.34681504429550053	0.3375872864959922	0.3099341318429759	

moy_distances_centre :	54.51111111111111
min_distances_centre :	18.0
max_distances_centre :	116.0
med_distances_centre :	52.0
ecartType_distances_centre :	22.938199311504835
var_distances_centre :	526.1609876543209
covar_distances_centre :	532.07290886392
coef_variation_distances_centre :	0.4207986013117479
capacite_X_temoin : 
157.0	172.0	153.0	150.0	177.0	154.0	147.0	174.0	162.0	145.0	
171.0	160.0	175.0	177.0	136.0	150.0	159.0	157.0	162.0	178.0	
157.0	154.0	162.0	153.0	166.0	175.0	171.0	154.0	162.0	162.0	

capacite_W_temoin : 
93.1	182.6	153.9	160.0	110.1	160.2	90.1	180.2	91.6	103.5	
121.3	165.0	182.5	185.1	84.8	194.0	114.69999999999999	170.1	64.6	138.4	
85.1	137.2	173.6	134.9	85.8	207.5	114.3	182.2	97.6	104.6	

demande_cumulee_X : 
111.0	41.0	45.0	35.0	120.0	40.0	101.0	46.0	119.0	85.0	
101.0	43.0	45.0	45.0	92.0	1.0	92.0	34.0	146.0	93.0	
119.0	63.0	37.0	64.0	130.0	20.0	108.0	18.0	113.0	106.0	

demande_cumulee_W : 
84.0	59.0	4.0	42.0	106.0	100.0	54.0	102.0	89.0	103.0	
33.0	45.0	4.0	34.0	84.0	149.0	63.0	94.0	62.0	124.0	
67.0	78.0	33.0	50.0	84.0	120.0	66.0	102.0	76.0	102.0	

capacite_residuelle_X : 
46.0	131.0	108.0	115.0	57.0	114.0	46.0	128.0	43.0	60.0	
70.0	117.0	130.0	132.0	44.0	149.0	67.0	123.0	16.0	85.0	
38.0	91.0	125.0	89.0	36.0	155.0	63.0	136.0	49.0	56.0	

capacite_residuelle_W : 
9.099999999999994	123.6	149.9	118.0	4.099999999999994	60.19999999999999	36.099999999999994	78.19999999999999	2.5999999999999943	0.5	
88.3	120.0	178.5	151.1	0.7999999999999972	45.0	51.69999999999999	76.1	2.5999999999999943	14.400000000000006	
18.099999999999994	59.19999999999999	140.6	84.9	1.7999999999999972	87.5	48.3	80.19999999999999	21.599999999999994	2.5999999999999943	

min_capacite_X : 
145.0	136.0	153.0	

min_capacite_W : 
90.1	64.6	85.1	

max_capacite_X : 
177.0	178.0	175.0	

max_capacite_W : 
182.6	194.0	207.5	

moy_capacite_X : 
159.1	162.5	161.6	

moy_capacite_W : 
132.52999999999997	142.05	132.27999999999997	

med_capacite_X : 
155.5	161.0	162.0	

med_capacite_W : 
132.0	151.7	124.6	

ecartType_capacite_X : 
11.0131739294356	12.595634164265013	7.059745037889116	

ecartType_capacite_W : 
36.238765155562355	42.3907831963506	40.70255028864899	

var_capacite_X : 
121.29	158.65	49.84	

var_capacite_W : 
1313.2481000000002	1796.9785	1656.6976	

covar_capacite_X : 
134.76666666666668	176.27777777777777	55.37777777777779	

covar_capacite_W : 
1459.1645555555556	1996.6427777777776	1840.7751111111108	

##########	##########	##########	##########	##########	##########	##########	##########	##########	##########	##########	##########	##########	##########	##########	##########	##########	##########	##########	##########	##########	##########	##########	##########	##########	##########	##########	##########	##########	##########	##########	##########	##########	##########	##########	##########	##########	##########	##########	##########	##########	##########	##########	##########	##########	##########	##########	##########	##########	##########	##########	##########	##########	##########	##########	##########	##########	##########	##########	##########	##########	##########	##########	##########	##########	##########	##########	##########	##########	##########	##########	##########	##########	##########	##########	##########	##########	##########	##########	##########	##########	##########	##########	##########	##########	##########	##########	##########	##########	##########	##########	##########	##########	##########	##########	##########	##########	##########	##########	##########	nombre de noeuds : 100
nombre de strates : 3
nombre de centres : 10
titre : fenetre
instances : p12_1
temps de calcul : 0.11974596977233887
valeur objective : 268.0
nombre de solutions : 3
nombre de noeuds : 1.0
faisability : True
moy_distances :	50.08
min_distances :	0.0
max_distances :	125.0
var_distances :	591.5627762065095
covar_distances :	591.6225360586368
ecartType_distances :	24.32206356801391
coef_variation	: 0.485707313641886
distances_centre_x :
-1.0	20.0	10.0	-1.0	2.0	0.0	11.0	-1.0	23.0	10.0	-1.0	-1.0	28.0	0.0	-1.0	-1.0	-1.0	5.0	-1.0	26.0	16.0	10.0	15.0	-1.0	12.0	3.0	0.0	8.0	-1.0	8.0	-1.0	-1.0	38.0	-1.0	-1.0	23.0	14.0	17.0	22.0	18.0	24.0	0.0	-1.0	-1.0	0.0	17.0	5.0	-1.0	16.0	22.0	45.0	0.0	-1.0	16.0	0.0	17.0	17.0	-1.0	-1.0	-1.0	14.0	28.0	-1.0	19.0	14.0	-1.0	8.0	6.0	21.0	-1.0	-1.0	9.0	26.0	-1.0	14.0	16.0	7.0	6.0	12.0	9.0	-1.0	-1.0	10.0	-1.0	15.0	28.0	-1.0	12.0	17.0	16.0	12.0	0.0	19.0	-1.0	19.0	0.0	-1.0	13.0	3.0	-1.0	
37.0	-1.0	-1.0	-1.0	-1.0	0.0	11.0	40.0	23.0	10.0	26.0	-1.0	-1.0	0.0	-1.0	-1.0	13.0	5.0	23.0	26.0	16.0	-1.0	15.0	10.0	12.0	-1.0	0.0	8.0	15.0	8.0	16.0	2.0	38.0	-1.0	-1.0	-1.0	14.0	-1.0	23.0	18.0	24.0	-1.0	12.0	16.0	-1.0	-1.0	5.0	19.0	-1.0	38.0	45.0	0.0	5.0	-1.0	0.0	-1.0	17.0	12.0	22.0	-1.0	-1.0	28.0	15.0	19.0	-1.0	-1.0	8.0	-1.0	21.0	7.0	-1.0	9.0	26.0	5.0	14.0	-1.0	7.0	6.0	12.0	9.0	20.0	23.0	-1.0	-1.0	15.0	-1.0	-1.0	12.0	17.0	16.0	-1.0	-1.0	19.0	0.0	19.0	-1.0	34.0	-1.0	-1.0	5.0	
37.0	20.0	-1.0	21.0	-1.0	0.0	11.0	11.0	23.0	10.0	26.0	25.0	-1.0	0.0	3.0	13.0	-1.0	5.0	21.0	26.0	16.0	-1.0	15.0	10.0	12.0	3.0	0.0	-1.0	-1.0	8.0	16.0	2.0	38.0	15.0	36.0	23.0	-1.0	-1.0	22.0	-1.0	24.0	0.0	-1.0	-1.0	-1.0	-1.0	5.0	19.0	16.0	22.0	-1.0	0.0	-1.0	16.0	0.0	17.0	17.0	12.0	22.0	4.0	-1.0	28.0	15.0	19.0	14.0	17.0	8.0	6.0	21.0	7.0	12.0	9.0	26.0	5.0	14.0	16.0	7.0	6.0	12.0	-1.0	20.0	23.0	-1.0	6.0	15.0	-1.0	0.0	-1.0	-1.0	16.0	12.0	0.0	-1.0	0.0	19.0	-1.0	-1.0	-1.0	-1.0	5.0	

distances_centre_w :
-1.0	20.0	16.0	-1.0	17.0	46.0	31.0	-1.0	28.0	24.0	-1.0	-1.0	34.0	18.0	-1.0	-1.0	-1.0	45.0	-1.0	30.0	20.0	19.0	25.0	-1.0	44.0	22.0	16.0	25.0	-1.0	10.0	-1.0	-1.0	41.0	-1.0	-1.0	29.0	18.0	24.0	23.0	21.0	39.0	16.0	-1.0	-1.0	27.0	23.0	21.0	-1.0	35.0	38.0	48.0	21.0	-1.0	26.0	19.0	18.0	18.0	-1.0	-1.0	-1.0	25.0	42.0	-1.0	38.0	31.0	-1.0	28.0	21.0	34.0	-1.0	-1.0	43.0	43.0	-1.0	27.0	24.0	34.0	22.0	23.0	10.0	-1.0	-1.0	12.0	-1.0	25.0	31.0	-1.0	30.0	23.0	41.0	19.0	19.0	46.0	-1.0	20.0	27.0	-1.0	30.0	16.0	-1.0	
39.0	-1.0	-1.0	-1.0	-1.0	39.0	45.0	41.0	28.0	24.0	47.0	-1.0	-1.0	18.0	-1.0	-1.0	29.0	41.0	40.0	30.0	20.0	-1.0	39.0	17.0	44.0	-1.0	16.0	25.0	36.0	10.0	33.0	18.0	41.0	-1.0	-1.0	-1.0	18.0	-1.0	43.0	21.0	41.0	-1.0	34.0	25.0	-1.0	-1.0	21.0	38.0	-1.0	48.0	48.0	21.0	15.0	-1.0	19.0	-1.0	18.0	30.0	25.0	-1.0	-1.0	42.0	19.0	21.0	-1.0	-1.0	28.0	-1.0	23.0	42.0	-1.0	48.0	43.0	30.0	27.0	-1.0	34.0	22.0	23.0	10.0	39.0	42.0	-1.0	-1.0	25.0	-1.0	-1.0	30.0	23.0	41.0	-1.0	-1.0	38.0	19.0	20.0	-1.0	35.0	-1.0	-1.0	34.0	
39.0	20.0	-1.0	33.0	-1.0	39.0	31.0	16.0	28.0	24.0	37.0	32.0	-1.0	18.0	29.0	14.0	-1.0	41.0	23.0	30.0	28.0	-1.0	25.0	17.0	44.0	22.0	16.0	-1.0	-1.0	10.0	33.0	18.0	41.0	30.0	37.0	29.0	-1.0	-1.0	23.0	-1.0	39.0	16.0	-1.0	-1.0	-1.0	-1.0	21.0	38.0	35.0	38.0	-1.0	21.0	-1.0	26.0	19.0	18.0	18.0	30.0	23.0	16.0	-1.0	34.0	19.0	21.0	31.0	18.0	28.0	21.0	23.0	40.0	13.0	43.0	43.0	30.0	27.0	39.0	34.0	22.0	23.0	-1.0	39.0	42.0	-1.0	13.0	25.0	-1.0	19.0	-1.0	-1.0	43.0	19.0	29.0	-1.0	19.0	20.0	-1.0	-1.0	-1.0	-1.0	34.0	

maxX :
45.0	45.0	38.0	

maxW :
48.0	48.0	44.0	

minX :
0.0	0.0	0.0	

minW :
10.0	10.0	10.0	

moyX :
13.5	15.46875	13.698630136986301	

moyW :
26.954545454545453	30.359375	27.34246575342466	

medX :
14.0	15.0	14.0	

medW :
25.0	30.0	27.0	

ecartTypeX :
9.347256930309133	10.489531611921478	9.250968007856228	

ecartTypeW :
9.533722949521708	10.410882508672115	9.017819768220855	

varX :
87.37121212121212	110.0302734375	85.58040908237943	

varW :
90.89187327823691	108.386474609375	81.32107337211484	

covarX :
88.71538461538462	111.77678571428571	86.76902587519025	

covarW :
92.29020979020977	110.10689484126983	82.45053272450531	

coef_variationX :
0.6923894022451209	0.6781111345080552	0.6753206645735047	

coef_variationW :
0.353696298295915	0.34292150311632286	0.3298100416233078	

moy_distances_centre :	57.888888888888886
min_distances_centre :	16.0
max_distances_centre :	116.0
med_distances_centre :	58.0
ecartType_distances_centre :	25.33089656896602
var_distances_centre :	641.6543209876544
covar_distances_centre :	648.8639200998751
coef_variation_distances_centre :	0.43757786779403873
capacite_X_temoin : 
157.0	172.0	172.0	150.0	177.0	154.0	147.0	174.0	162.0	145.0	
171.0	160.0	135.0	177.0	136.0	150.0	159.0	157.0	162.0	178.0	
157.0	154.0	168.0	153.0	166.0	175.0	171.0	154.0	162.0	162.0	

capacite_W_temoin : 
102.1	173.6	179.6	171.0	101.1	160.2	104.1	135.2	110.6	112.5	
105.3	176.0	97.5	228.1	76.8	176.0	114.69999999999999	125.1	95.6	173.4	
85.1	150.2	145.4	175.9	76.8	187.5	125.3	145.2	91.6	147.6	

demande_cumulee_X : 
102.0	50.0	44.0	24.0	129.0	40.0	87.0	91.0	100.0	76.0	
117.0	32.0	78.0	2.0	100.0	19.0	92.0	79.0	115.0	58.0	
119.0	50.0	73.0	23.0	139.0	40.0	97.0	55.0	119.0	63.0	

demande_cumulee_W : 
67.0	13.0	89.0	59.0	90.0	61.0	92.0	57.0	108.0	107.0	
72.0	13.0	29.0	64.0	54.0	122.0	80.0	59.0	89.0	110.0	
47.0	13.0	43.0	91.0	69.0	142.0	91.0	57.0	86.0	139.0	

capacite_residuelle_X : 
55.0	122.0	128.0	126.0	48.0	114.0	60.0	83.0	62.0	69.0	
54.0	128.0	57.0	175.0	36.0	131.0	67.0	78.0	47.0	120.0	
38.0	104.0	95.0	130.0	27.0	135.0	74.0	99.0	43.0	99.0	

capacite_residuelle_W : 
35.099999999999994	160.6	90.6	112.0	11.099999999999994	99.19999999999999	12.099999999999994	78.19999999999999	2.5999999999999943	5.5	
33.3	163.0	68.5	164.1	22.799999999999997	54.0	34.69999999999999	66.1	6.599999999999994	63.400000000000006	
38.099999999999994	137.2	102.4	84.9	7.799999999999997	45.5	34.3	88.19999999999999	5.599999999999994	8.599999999999994	

min_capacite_X : 
145.0	135.0	153.0	

min_capacite_W : 
101.1	76.8	76.8	

max_capacite_X : 
177.0	178.0	175.0	

max_capacite_W : 
179.6	228.1	187.5	

moy_capacite_X : 
161.0	158.5	162.2	

moy_capacite_W : 
134.99999999999997	136.85	133.06	

med_capacite_X : 
159.5	159.5	162.0	

med_capacite_W : 
123.85	119.89999999999999	145.3	

ecartType_capacite_X : 
11.428035701729321	14.23551895787435	7.318469785412794	

ecartType_capacite_W : 
31.141997366899894	46.05212807243548	35.84455886184122	

var_capacite_X : 
130.6	202.65	53.55999999999999	

var_capacite_W : 
969.8239999999998	2120.7985	1284.8324	

covar_capacite_X : 
145.11111111111111	225.16666666666666	59.5111111111111	

covar_capacite_W : 
1077.582222222222	2356.442777777778	1427.5915555555555	

##########	##########	##########	##########	##########	##########	##########	##########	##########	##########	##########	##########	##########	##########	##########	##########	##########	##########	##########	##########	##########	##########	##########	##########	##########	##########	##########	##########	##########	##########	##########	##########	##########	##########	##########	##########	##########	##########	##########	##########	##########	##########	##########	##########	##########	##########	##########	##########	##########	##########	##########	##########	##########	##########	##########	##########	##########	##########	##########	##########	##########	##########	##########	##########	##########	##########	##########	##########	##########	##########	##########	##########	##########	##########	##########	##########	##########	##########	##########	##########	##########	##########	##########	##########	##########	##########	##########	##########	##########	##########	##########	##########	##########	##########	##########	##########	##########	##########	##########	##########	nombre de noeuds : 100
nombre de strates : 3
nombre de centres : 10
titre : fenetre
instances : p12_1
temps de calcul : 0.11997103691101074
valeur objective : 268.0
nombre de solutions : 3
nombre de noeuds : 1.0
faisability : True
moy_distances :	50.08
min_distances :	0.0
max_distances :	125.0
var_distances :	591.5627762065095
covar_distances :	591.6225360586368
ecartType_distances :	24.32206356801391
coef_variation	: 0.485707313641886
distances_centre_x :
-1.0	20.0	10.0	-1.0	2.0	0.0	11.0	-1.0	23.0	10.0	-1.0	-1.0	28.0	0.0	-1.0	-1.0	-1.0	5.0	-1.0	26.0	16.0	10.0	15.0	-1.0	12.0	3.0	0.0	8.0	-1.0	8.0	-1.0	-1.0	38.0	-1.0	-1.0	23.0	14.0	17.0	22.0	18.0	24.0	0.0	-1.0	-1.0	0.0	17.0	5.0	-1.0	16.0	22.0	45.0	0.0	-1.0	16.0	0.0	17.0	17.0	-1.0	-1.0	-1.0	14.0	28.0	-1.0	19.0	14.0	-1.0	8.0	6.0	21.0	-1.0	-1.0	9.0	26.0	-1.0	14.0	16.0	7.0	6.0	12.0	9.0	-1.0	-1.0	10.0	-1.0	15.0	31.0	-1.0	12.0	17.0	16.0	12.0	0.0	19.0	-1.0	19.0	0.0	-1.0	13.0	3.0	-1.0	
37.0	-1.0	-1.0	-1.0	-1.0	0.0	11.0	11.0	23.0	24.0	26.0	-1.0	-1.0	0.0	-1.0	-1.0	13.0	5.0	21.0	26.0	16.0	-1.0	15.0	10.0	12.0	-1.0	0.0	8.0	15.0	8.0	16.0	2.0	38.0	-1.0	-1.0	-1.0	14.0	-1.0	22.0	18.0	24.0	-1.0	12.0	16.0	-1.0	-1.0	5.0	38.0	-1.0	22.0	45.0	0.0	5.0	-1.0	0.0	-1.0	17.0	12.0	22.0	-1.0	-1.0	28.0	15.0	19.0	-1.0	-1.0	8.0	-1.0	23.0	7.0	-1.0	9.0	26.0	5.0	14.0	-1.0	7.0	22.0	12.0	9.0	20.0	23.0	-1.0	-1.0	15.0	-1.0	-1.0	12.0	17.0	41.0	-1.0	-1.0	38.0	0.0	19.0	-1.0	34.0	-1.0	-1.0	5.0	
37.0	20.0	-1.0	21.0	-1.0	0.0	11.0	11.0	23.0	10.0	26.0	4.0	-1.0	0.0	3.0	13.0	-1.0	5.0	21.0	26.0	16.0	-1.0	15.0	10.0	12.0	3.0	0.0	-1.0	-1.0	8.0	16.0	2.0	38.0	15.0	36.0	23.0	-1.0	-1.0	22.0	-1.0	24.0	0.0	-1.0	-1.0	-1.0	-1.0	5.0	19.0	16.0	22.0	-1.0	0.0	-1.0	16.0	0.0	17.0	17.0	12.0	22.0	4.0	-1.0	28.0	15.0	19.0	14.0	17.0	28.0	6.0	21.0	7.0	12.0	9.0	26.0	5.0	14.0	16.0	7.0	6.0	12.0	-1.0	20.0	23.0	-1.0	6.0	15.0	-1.0	0.0	-1.0	-1.0	16.0	12.0	0.0	-1.0	19.0	19.0	-1.0	-1.0	-1.0	-1.0	5.0	

distances_centre_w :
-1.0	20.0	16.0	-1.0	17.0	46.0	31.0	-1.0	28.0	24.0	-1.0	-1.0	34.0	18.0	-1.0	-1.0	-1.0	45.0	-1.0	30.0	20.0	19.0	25.0	-1.0	44.0	22.0	16.0	25.0	-1.0	10.0	-1.0	-1.0	41.0	-1.0	-1.0	29.0	18.0	24.0	23.0	21.0	39.0	16.0	-1.0	-1.0	27.0	23.0	21.0	-1.0	35.0	38.0	48.0	21.0	-1.0	26.0	19.0	18.0	18.0	-1.0	-1.0	-1.0	25.0	42.0	-1.0	21.0	31.0	-1.0	28.0	21.0	34.0	-1.0	-1.0	43.0	43.0	-1.0	27.0	24.0	38.0	22.0	23.0	10.0	-1.0	-1.0	12.0	-1.0	25.0	35.0	-1.0	30.0	23.0	41.0	19.0	19.0	46.0	-1.0	20.0	27.0	-1.0	30.0	16.0	-1.0	
39.0	-1.0	-1.0	-1.0	-1.0	39.0	45.0	16.0	28.0	44.0	37.0	-1.0	-1.0	18.0	-1.0	-1.0	29.0	41.0	23.0	30.0	20.0	-1.0	39.0	17.0	44.0	-1.0	16.0	25.0	25.0	10.0	33.0	18.0	41.0	-1.0	-1.0	-1.0	18.0	-1.0	23.0	21.0	41.0	-1.0	22.0	25.0	-1.0	-1.0	21.0	38.0	-1.0	38.0	48.0	21.0	15.0	-1.0	19.0	-1.0	18.0	30.0	25.0	-1.0	-1.0	42.0	19.0	21.0	-1.0	-1.0	28.0	-1.0	34.0	19.0	-1.0	48.0	43.0	30.0	27.0	-1.0	34.0	25.0	23.0	10.0	39.0	44.0	-1.0	-1.0	25.0	-1.0	-1.0	30.0	23.0	43.0	-1.0	-1.0	38.0	19.0	20.0	-1.0	35.0	-1.0	-1.0	34.0	
39.0	20.0	-1.0	33.0	-1.0	39.0	31.0	16.0	28.0	38.0	37.0	25.0	-1.0	18.0	29.0	14.0	-1.0	41.0	23.0	30.0	20.0	-1.0	25.0	17.0	44.0	22.0	16.0	-1.0	-1.0	10.0	33.0	18.0	41.0	30.0	37.0	29.0	-1.0	-1.0	23.0	-1.0	39.0	16.0	-1.0	-1.0	-1.0	-1.0	21.0	38.0	35.0	38.0	-1.0	21.0	-1.0	26.0	19.0	18.0	18.0	30.0	26.0	16.0	-1.0	34.0	19.0	21.0	31.0	18.0	32.0	21.0	23.0	40.0	13.0	43.0	43.0	30.0	27.0	39.0	34.0	22.0	24.0	-1.0	39.0	44.0	-1.0	13.0	25.0	-1.0	19.0	-1.0	-1.0	41.0	19.0	29.0	-1.0	29.0	20.0	-1.0	-1.0	-1.0	-1.0	34.0	

maxX :
45.0	45.0	38.0	

maxW :
48.0	48.0	44.0	

minX :
0.0	0.0	0.0	

minW :
10.0	10.0	10.0	

moyX :
13.545454545454545	16.203125	13.945205479452055	

moyW :
26.818181818181817	28.953125	27.575342465753426	

medX :
14.0	15.0	15.0	

medW :
24.5	27.5	27.0	

ecartTypeX :
9.424632165769394	10.886028441740129	9.232002722749094	

ecartTypeW :
9.559873669301428	10.062973106114068	9.070375999545343	

varX :
88.8236914600551	118.505615234375	85.22987427284669	

varW :
91.39118457300275	101.263427734375	82.27172077312818	

covarX :
90.1902097902098	120.38665674603173	86.41362252663623	

covarW :
92.79720279720279	102.87078373015872	83.41438356164383	

coef_variationX :
0.6957782135802908	0.6718474640996801	0.6620198416116737	

coef_variationW :
0.3564698656349685	0.34756086281235854	0.32893067459851466	

moy_distances_centre :	57.888888888888886
min_distances_centre :	16.0
max_distances_centre :	116.0
med_distances_centre :	58.0
ecartType_distances_centre :	25.33089656896602
var_distances_centre :	641.6543209876544
covar_distances_centre :	648.863920099875
coef_variation_distances_centre :	0.43757786779403873
capacite_X_temoin : 
157.0	172.0	172.0	150.0	177.0	154.0	147.0	174.0	178.0	162.0	
171.0	160.0	135.0	177.0	136.0	150.0	159.0	157.0	160.0	162.0	
157.0	154.0	168.0	153.0	166.0	175.0	171.0	154.0	135.0	162.0	

capacite_W_temoin : 
102.1	195.6	157.6	171.0	101.1	160.2	104.1	135.2	155.4	110.6	
121.3	176.0	104.5	228.1	74.8	190.0	114.69999999999999	125.1	109.0	101.6	
85.1	150.2	145.4	175.9	84.8	207.5	125.3	145.2	80.5	95.6	

demande_cumulee_X : 
102.0	28.0	66.0	24.0	129.0	40.0	87.0	91.0	76.0	100.0	
101.0	32.0	71.0	2.0	102.0	5.0	92.0	79.0	99.0	109.0	
119.0	50.0	73.0	23.0	131.0	20.0	97.0	55.0	95.0	115.0	

demande_cumulee_W : 
67.0	13.0	67.0	81.0	90.0	63.0	92.0	57.0	105.0	108.0	
43.0	13.0	51.0	57.0	74.0	118.0	96.0	49.0	109.0	82.0	
55.0	27.0	57.0	91.0	82.0	173.0	71.0	57.0	72.0	93.0	

capacite_residuelle_X : 
55.0	144.0	106.0	126.0	48.0	114.0	60.0	83.0	102.0	62.0	
70.0	128.0	64.0	175.0	34.0	145.0	67.0	78.0	61.0	53.0	
38.0	104.0	95.0	130.0	35.0	155.0	74.0	99.0	40.0	47.0	

capacite_residuelle_W : 
35.099999999999994	182.6	90.6	90.0	11.099999999999994	97.19999999999999	12.099999999999994	78.19999999999999	50.400000000000006	2.5999999999999943	
78.3	163.0	53.5	171.1	0.7999999999999972	72.0	18.69999999999999	76.1	0.0	19.599999999999994	
30.099999999999994	123.19999999999999	88.4	84.9	2.799999999999997	34.5	54.3	88.19999999999999	8.5	2.5999999999999943	

min_capacite_X : 
147.0	135.0	135.0	

min_capacite_W : 
101.1	74.8	80.5	

max_capacite_X : 
178.0	177.0	175.0	

max_capacite_W : 
195.6	228.1	207.5	

moy_capacite_X : 
164.3	156.7	159.5	

moy_capacite_W : 
139.29	134.51	129.55	

med_capacite_X : 
167.0	159.5	159.5	

med_capacite_W : 
145.3	118.0	135.25	

ecartType_capacite_X : 
11.090987332063813	12.712592182556634	10.965856099730654	

ecartType_capacite_W : 
31.824690100612134	45.18279429163274	40.86811104027198	

var_capacite_X : 
123.00999999999999	161.61	120.25	

var_capacite_W : 
1012.8109000000001	2041.4849000000002	1670.2025	

covar_capacite_X : 
136.67777777777775	179.56666666666666	133.61111111111111	

covar_capacite_W : 
1125.3454444444446	2268.3165555555556	1855.7805555555556	

##########	##########	##########	##########	##########	##########	##########	##########	##########	##########	##########	##########	##########	##########	##########	##########	##########	##########	##########	##########	##########	##########	##########	##########	##########	##########	##########	##########	##########	##########	##########	##########	##########	##########	##########	##########	##########	##########	##########	##########	##########	##########	##########	##########	##########	##########	##########	##########	##########	##########	##########	##########	##########	##########	##########	##########	##########	##########	##########	##########	##########	##########	##########	##########	##########	##########	##########	##########	##########	##########	##########	##########	##########	##########	##########	##########	##########	##########	##########	##########	##########	##########	##########	##########	##########	##########	##########	##########	##########	##########	##########	##########	##########	##########	##########	##########	##########	##########	##########	##########	nombre de noeuds : 100
nombre de strates : 3
nombre de centres : 10
titre : fenetre
instances : p12_1
temps de calcul : 0.11635208129882812
valeur objective : 268.0
nombre de solutions : 3
nombre de noeuds : 1.0
faisability : True
moy_distances :	50.08
min_distances :	0.0
max_distances :	125.0
var_distances :	591.5627762065095
covar_distances :	591.6225360586368
ecartType_distances :	24.32206356801391
coef_variation	: 0.485707313641886
distances_centre_x :
-1.0	20.0	8.0	-1.0	2.0	0.0	11.0	-1.0	22.0	0.0	-1.0	-1.0	28.0	18.0	-1.0	-1.0	-1.0	5.0	-1.0	26.0	16.0	10.0	15.0	-1.0	12.0	3.0	0.0	25.0	-1.0	8.0	-1.0	-1.0	38.0	-1.0	-1.0	23.0	14.0	17.0	16.0	18.0	17.0	0.0	-1.0	-1.0	0.0	17.0	5.0	-1.0	14.0	20.0	45.0	0.0	-1.0	16.0	0.0	17.0	17.0	-1.0	-1.0	-1.0	14.0	28.0	-1.0	19.0	8.0	-1.0	8.0	6.0	21.0	-1.0	-1.0	9.0	26.0	-1.0	14.0	16.0	7.0	6.0	12.0	9.0	-1.0	-1.0	10.0	-1.0	15.0	14.0	-1.0	12.0	17.0	16.0	12.0	0.0	19.0	-1.0	19.0	0.0	-1.0	13.0	3.0	-1.0	
37.0	-1.0	-1.0	-1.0	-1.0	0.0	11.0	11.0	22.0	0.0	26.0	-1.0	-1.0	18.0	-1.0	-1.0	6.0	5.0	21.0	26.0	16.0	-1.0	15.0	10.0	12.0	-1.0	0.0	25.0	15.0	8.0	10.0	2.0	38.0	-1.0	-1.0	-1.0	14.0	-1.0	16.0	18.0	17.0	-1.0	12.0	16.0	-1.0	-1.0	5.0	19.0	-1.0	20.0	45.0	0.0	5.0	-1.0	0.0	-1.0	17.0	12.0	22.0	-1.0	-1.0	28.0	15.0	19.0	-1.0	-1.0	8.0	-1.0	21.0	7.0	-1.0	9.0	26.0	5.0	14.0	-1.0	7.0	6.0	12.0	9.0	20.0	23.0	-1.0	-1.0	15.0	-1.0	-1.0	12.0	17.0	16.0	-1.0	-1.0	19.0	0.0	19.0	-1.0	32.0	-1.0	-1.0	5.0	
37.0	20.0	-1.0	21.0	-1.0	0.0	11.0	11.0	22.0	0.0	26.0	4.0	-1.0	18.0	3.0	13.0	-1.0	5.0	21.0	26.0	16.0	-1.0	15.0	10.0	12.0	3.0	0.0	-1.0	-1.0	8.0	10.0	2.0	38.0	25.0	36.0	23.0	-1.0	-1.0	16.0	-1.0	17.0	0.0	-1.0	-1.0	-1.0	-1.0	5.0	19.0	14.0	20.0	-1.0	0.0	-1.0	16.0	0.0	17.0	17.0	12.0	22.0	16.0	-1.0	28.0	15.0	19.0	8.0	17.0	8.0	6.0	21.0	7.0	12.0	9.0	26.0	5.0	14.0	16.0	7.0	6.0	12.0	-1.0	20.0	23.0	-1.0	6.0	15.0	-1.0	0.0	-1.0	-1.0	16.0	12.0	0.0	-1.0	0.0	19.0	-1.0	-1.0	-1.0	-1.0	5.0	

distances_centre_w :
-1.0	20.0	10.0	-1.0	17.0	39.0	31.0	-1.0	23.0	24.0	-1.0	-1.0	34.0	29.0	-1.0	-1.0	-1.0	45.0	-1.0	30.0	20.0	30.0	35.0	-1.0	44.0	11.0	16.0	37.0	-1.0	10.0	-1.0	-1.0	41.0	-1.0	-1.0	29.0	18.0	24.0	29.0	21.0	41.0	16.0	-1.0	-1.0	27.0	23.0	21.0	-1.0	16.0	22.0	48.0	21.0	-1.0	26.0	19.0	18.0	18.0	-1.0	-1.0	-1.0	25.0	31.0	-1.0	21.0	14.0	-1.0	28.0	21.0	23.0	-1.0	-1.0	43.0	27.0	-1.0	27.0	24.0	34.0	22.0	23.0	10.0	-1.0	-1.0	12.0	-1.0	25.0	23.0	-1.0	33.0	23.0	41.0	19.0	19.0	21.0	-1.0	20.0	19.0	-1.0	30.0	16.0	-1.0	
39.0	-1.0	-1.0	-1.0	-1.0	39.0	31.0	16.0	23.0	10.0	37.0	-1.0	-1.0	29.0	-1.0	-1.0	13.0	41.0	23.0	30.0	20.0	-1.0	25.0	17.0	44.0	-1.0	16.0	37.0	36.0	10.0	16.0	18.0	41.0	-1.0	-1.0	-1.0	18.0	-1.0	43.0	21.0	39.0	-1.0	38.0	25.0	-1.0	-1.0	21.0	22.0	-1.0	22.0	48.0	21.0	15.0	-1.0	19.0	-1.0	18.0	30.0	26.0	-1.0	-1.0	31.0	16.0	38.0	-1.0	-1.0	28.0	-1.0	23.0	19.0	-1.0	43.0	27.0	30.0	27.0	-1.0	34.0	22.0	23.0	10.0	21.0	25.0	-1.0	-1.0	25.0	-1.0	-1.0	30.0	23.0	41.0	-1.0	-1.0	21.0	10.0	20.0	-1.0	34.0	-1.0	-1.0	34.0	
39.0	20.0	-1.0	27.0	-1.0	39.0	31.0	16.0	23.0	24.0	37.0	32.0	-1.0	29.0	40.0	19.0	-1.0	41.0	23.0	30.0	28.0	-1.0	25.0	17.0	44.0	11.0	16.0	-1.0	-1.0	10.0	16.0	18.0	41.0	30.0	37.0	29.0	-1.0	-1.0	22.0	-1.0	27.0	16.0	-1.0	-1.0	-1.0	-1.0	21.0	22.0	16.0	22.0	-1.0	21.0	-1.0	26.0	19.0	18.0	18.0	30.0	23.0	25.0	-1.0	31.0	16.0	21.0	14.0	18.0	28.0	21.0	34.0	40.0	13.0	43.0	27.0	30.0	27.0	24.0	34.0	22.0	23.0	-1.0	21.0	25.0	-1.0	13.0	25.0	-1.0	19.0	-1.0	-1.0	41.0	19.0	19.0	-1.0	29.0	20.0	-1.0	-1.0	-1.0	-1.0	34.0	

maxX :
45.0	45.0	38.0	

maxW :
48.0	48.0	44.0	

minX :
0.0	0.0	0.0	

minW :
10.0	10.0	10.0	

moyX :
13.272727272727273	14.625	13.41095890410959	

moyW :
25.106060606060606	26.4375	25.328767123287673	

medX :
14.0	15.0	14.0	

medW :
23.0	25.0	24.0	

ecartTypeX :
9.12297375518208	9.532018411648187	9.125961186289015	

ecartTypeW :
8.978305144572342	9.589830225295962	8.327302502801594	

varX :
83.22865013774104	90.859375	83.2831675736536	

varW :
80.60996326905419	91.96484375	69.34396697316569	

covarX :
84.50909090909092	92.30158730158729	84.43987823439878	

covarW :
81.85011655011657	93.42460317460316	70.30707762557078	

coef_variationX :
0.6873473377191978	0.6517619426767991	0.6804853591410603	

coef_variationW :
0.3576150510209865	0.36273589504665577	0.32876856825555234	

moy_distances_centre :	55.13333333333333
min_distances_centre :	10.0
max_distances_centre :	116.0
med_distances_centre :	52.0
ecartType_distances_centre :	24.889623005046364
var_distances_centre :	619.4933333333332
covar_distances_centre :	626.4539325842696
coef_variation_distances_centre :	0.4514441899343355
capacite_X_temoin : 
157.0	154.0	172.0	150.0	177.0	154.0	147.0	174.0	178.0	162.0	
171.0	150.0	135.0	177.0	136.0	150.0	159.0	157.0	160.0	162.0	
157.0	166.0	168.0	153.0	166.0	175.0	171.0	154.0	135.0	162.0	

capacite_W_temoin : 
102.1	101.19999999999999	192.6	158.0	101.1	160.2	104.1	135.2	155.4	159.6	
121.3	106.0	132.5	214.1	42.8	194.0	114.69999999999999	125.1	160.0	121.6	
85.1	125.8	158.4	160.9	76.8	207.5	125.3	145.2	92.5	133.6	

demande_cumulee_X : 
102.0	99.0	31.0	37.0	129.0	40.0	87.0	91.0	76.0	51.0	
101.0	89.0	43.0	16.0	134.0	1.0	92.0	79.0	48.0	89.0	
119.0	90.0	60.0	38.0	139.0	20.0	97.0	55.0	83.0	77.0	

demande_cumulee_W : 
67.0	62.0	65.0	11.0	77.0	79.0	103.0	57.0	63.0	159.0	
43.0	106.0	44.0	40.0	38.0	97.0	90.0	59.0	54.0	121.0	
47.0	113.0	51.0	44.0	74.0	102.0	91.0	57.0	80.0	119.0	

capacite_residuelle_X : 
55.0	55.0	141.0	113.0	48.0	114.0	60.0	83.0	102.0	111.0	
70.0	61.0	92.0	161.0	2.0	149.0	67.0	78.0	112.0	73.0	
38.0	76.0	108.0	115.0	27.0	155.0	74.0	99.0	52.0	85.0	

capacite_residuelle_W : 
35.099999999999994	39.19999999999999	127.6	147.0	24.099999999999994	81.19999999999999	1.0999999999999943	78.19999999999999	92.4	0.5999999999999943	
78.3	0.0	88.5	174.1	4.799999999999997	97.0	24.69999999999999	66.1	106.0	0.5999999999999943	
38.099999999999994	12.799999999999997	107.4	116.9	2.799999999999997	105.5	34.3	88.19999999999999	12.5	14.599999999999994	

min_capacite_X : 
147.0	135.0	135.0	

min_capacite_W : 
101.1	42.8	76.8	

max_capacite_X : 
178.0	177.0	175.0	

max_capacite_W : 
192.6	214.1	207.5	

moy_capacite_X : 
162.5	155.7	160.7	

moy_capacite_W : 
136.95	133.20999999999998	131.10999999999999	

med_capacite_X : 
159.5	158.0	164.0	

med_capacite_W : 
145.3	123.35	129.7	

ecartType_capacite_X : 
11.155716023635597	12.806638903318856	10.954907576059233	

ecartType_capacite_W : 
31.29537505766627	45.33895565625658	37.80413866232109	

var_capacite_X : 
124.45	164.01	120.00999999999999	

var_capacite_W : 
979.4005000000001	2055.6209000000003	1429.1529	

covar_capacite_X : 
138.27777777777777	182.23333333333332	133.34444444444443	

covar_capacite_W : 
1088.2227777777778	2284.023222222222	1587.9476666666667	

##########	##########	##########	##########	##########	##########	##########	##########	##########	##########	##########	##########	##########	##########	##########	##########	##########	##########	##########	##########	##########	##########	##########	##########	##########	##########	##########	##########	##########	##########	##########	##########	##########	##########	##########	##########	##########	##########	##########	##########	##########	##########	##########	##########	##########	##########	##########	##########	##########	##########	##########	##########	##########	##########	##########	##########	##########	##########	##########	##########	##########	##########	##########	##########	##########	##########	##########	##########	##########	##########	##########	##########	##########	##########	##########	##########	##########	##########	##########	##########	##########	##########	##########	##########	##########	##########	##########	##########	##########	##########	##########	##########	##########	##########	##########	##########	##########	##########	##########	##########	nombre de noeuds : 100
nombre de strates : 3
nombre de centres : 10
titre : fenetre
instances : p12_1
temps de calcul : 0.12668704986572266
valeur objective : 284.0
nombre de solutions : 3
nombre de noeuds : 1.0
faisability : True
moy_distances :	50.08
min_distances :	0.0
max_distances :	125.0
var_distances :	591.5627762065095
covar_distances :	591.6225360586368
ecartType_distances :	24.32206356801391
coef_variation	: 0.485707313641886
distances_centre_x :
-1.0	20.0	8.0	-1.0	2.0	0.0	11.0	-1.0	0.0	0.0	-1.0	-1.0	28.0	18.0	-1.0	-1.0	-1.0	5.0	-1.0	26.0	20.0	10.0	15.0	-1.0	12.0	11.0	0.0	25.0	-1.0	8.0	-1.0	-1.0	38.0	-1.0	-1.0	23.0	14.0	17.0	16.0	18.0	32.0	0.0	-1.0	-1.0	0.0	17.0	5.0	-1.0	14.0	18.0	45.0	0.0	-1.0	16.0	0.0	17.0	17.0	-1.0	-1.0	-1.0	14.0	16.0	-1.0	19.0	8.0	-1.0	8.0	6.0	21.0	-1.0	-1.0	9.0	25.0	-1.0	14.0	16.0	7.0	6.0	12.0	9.0	-1.0	-1.0	10.0	-1.0	15.0	9.0	-1.0	12.0	17.0	16.0	12.0	0.0	21.0	-1.0	19.0	0.0	-1.0	13.0	3.0	-1.0	
37.0	-1.0	-1.0	-1.0	-1.0	0.0	11.0	16.0	0.0	0.0	26.0	-1.0	-1.0	18.0	-1.0	-1.0	6.0	5.0	21.0	26.0	28.0	-1.0	15.0	10.0	12.0	-1.0	0.0	25.0	15.0	8.0	10.0	2.0	38.0	-1.0	-1.0	-1.0	14.0	-1.0	16.0	18.0	17.0	-1.0	12.0	7.0	-1.0	-1.0	5.0	22.0	-1.0	18.0	45.0	0.0	5.0	-1.0	0.0	-1.0	17.0	12.0	22.0	-1.0	-1.0	16.0	15.0	19.0	-1.0	-1.0	8.0	-1.0	21.0	7.0	-1.0	9.0	25.0	5.0	14.0	-1.0	7.0	6.0	12.0	9.0	21.0	25.0	-1.0	-1.0	15.0	-1.0	-1.0	12.0	17.0	16.0	-1.0	-1.0	21.0	10.0	19.0	-1.0	21.0	-1.0	-1.0	5.0	
37.0	20.0	-1.0	7.0	-1.0	0.0	11.0	11.0	0.0	0.0	26.0	4.0	-1.0	18.0	3.0	13.0	-1.0	5.0	21.0	26.0	20.0	-1.0	15.0	10.0	12.0	11.0	0.0	-1.0	-1.0	8.0	10.0	2.0	38.0	24.0	36.0	23.0	-1.0	-1.0	16.0	-1.0	17.0	0.0	-1.0	-1.0	-1.0	-1.0	5.0	22.0	14.0	18.0	-1.0	0.0	-1.0	16.0	0.0	17.0	17.0	12.0	22.0	16.0	-1.0	16.0	15.0	19.0	8.0	17.0	8.0	6.0	21.0	7.0	12.0	9.0	25.0	5.0	14.0	16.0	7.0	6.0	12.0	-1.0	21.0	25.0	-1.0	6.0	15.0	-1.0	0.0	-1.0	-1.0	16.0	12.0	0.0	-1.0	10.0	19.0	-1.0	-1.0	-1.0	-1.0	5.0	

distances_centre_w :
-1.0	20.0	16.0	-1.0	22.0	40.0	31.0	-1.0	31.0	22.0	-1.0	-1.0	42.0	28.0	-1.0	-1.0	-1.0	45.0	-1.0	30.0	26.0	30.0	39.0	-1.0	44.0	22.0	16.0	36.0	-1.0	10.0	-1.0	-1.0	48.0	-1.0	-1.0	38.0	18.0	24.0	23.0	21.0	49.0	16.0	-1.0	-1.0	27.0	23.0	21.0	-1.0	18.0	41.0	54.0	21.0	-1.0	26.0	19.0	18.0	18.0	-1.0	-1.0	-1.0	25.0	28.0	-1.0	21.0	16.0	-1.0	28.0	21.0	34.0	-1.0	-1.0	43.0	27.0	-1.0	27.0	24.0	34.0	22.0	23.0	17.0	-1.0	-1.0	12.0	-1.0	25.0	14.0	-1.0	50.0	23.0	43.0	19.0	24.0	25.0	-1.0	20.0	24.0	-1.0	30.0	16.0	-1.0	
46.0	-1.0	-1.0	-1.0	-1.0	39.0	31.0	40.0	22.0	22.0	47.0	-1.0	-1.0	28.0	-1.0	-1.0	17.0	41.0	23.0	30.0	40.0	-1.0	39.0	17.0	44.0	-1.0	16.0	36.0	25.0	10.0	14.0	18.0	48.0	-1.0	-1.0	-1.0	18.0	-1.0	23.0	21.0	25.0	-1.0	22.0	16.0	-1.0	-1.0	21.0	26.0	-1.0	20.0	54.0	21.0	15.0	-1.0	19.0	-1.0	18.0	30.0	23.0	-1.0	-1.0	28.0	16.0	21.0	-1.0	-1.0	28.0	-1.0	32.0	42.0	-1.0	43.0	27.0	30.0	27.0	-1.0	34.0	22.0	23.0	17.0	23.0	42.0	-1.0	-1.0	25.0	-1.0	-1.0	30.0	23.0	43.0	-1.0	-1.0	25.0	19.0	20.0	-1.0	54.0	-1.0	-1.0	34.0	
46.0	20.0	-1.0	21.0	-1.0	39.0	31.0	16.0	22.0	22.0	46.0	25.0	-1.0	29.0	29.0	14.0	-1.0	41.0	23.0	30.0	26.0	-1.0	25.0	17.0	44.0	22.0	16.0	-1.0	-1.0	10.0	14.0	18.0	48.0	42.0	44.0	38.0	-1.0	-1.0	23.0	-1.0	25.0	16.0	-1.0	-1.0	-1.0	-1.0	21.0	26.0	18.0	20.0	-1.0	21.0	-1.0	26.0	19.0	18.0	18.0	30.0	23.0	25.0	-1.0	28.0	16.0	21.0	16.0	40.0	28.0	21.0	32.0	32.0	13.0	43.0	27.0	30.0	27.0	24.0	34.0	22.0	23.0	-1.0	23.0	25.0	-1.0	13.0	25.0	-1.0	19.0	-1.0	-1.0	43.0	29.0	46.0	-1.0	30.0	20.0	-1.0	-1.0	-1.0	-1.0	34.0	

maxX :
45.0	45.0	38.0	

maxW :
54.0	54.0	48.0	

minX :
0.0	0.0	0.0	

minW :
10.0	10.0	10.0	

moyX :
13.075757575757576	14.28125	13.082191780821917	

moyW :
27.09090909090909	28.015625	26.45205479452055	

medX :
13.5	14.5	12.0	

medW :
24.0	25.0	25.0	

ecartTypeX :
9.254500307484488	9.37494791652199	8.876247239634019	

ecartTypeW :
10.102095901237334	10.470930276693423	9.348710402444734	

varX :
85.64577594123048	87.8896484375	78.78776505911053	

varW :
102.05234159779614	109.640380859375	87.39838618877837	

covarX :
86.96340326340326	89.28472222222221	79.88203957382039	

covarW :
103.62237762237763	111.38070436507935	88.61225266362251	

coef_variationX :
0.7077601625654417	0.6564514952488045	0.678498480097679	

coef_variationW :
0.37289615742822374	0.3737532279466699	0.35342095255228667	

moy_distances_centre :	57.08888888888889
min_distances_centre :	16.0
max_distances_centre :	116.0
med_distances_centre :	59.0
ecartType_distances_centre :	24.984281478314607
var_distances_centre :	624.2143209876543
covar_distances_centre :	631.2279650436955
coef_variation_distances_centre :	0.43763825088523056
capacite_X_temoin : 
157.0	163.0	154.0	172.0	150.0	177.0	154.0	147.0	174.0	178.0	
171.0	162.0	150.0	135.0	177.0	136.0	150.0	159.0	157.0	160.0	
157.0	145.0	166.0	168.0	153.0	166.0	175.0	171.0	154.0	135.0	

capacite_W_temoin : 
102.1	136.9	129.2	212.6	158.0	92.1	160.2	104.1	135.2	140.4	
121.3	117.6	87.0	164.5	214.1	60.8	194.0	114.69999999999999	125.1	133.0	
85.1	87.5	123.8	193.4	160.9	67.8	207.5	125.3	145.2	92.5	

demande_cumulee_X : 
102.0	75.0	71.0	11.0	37.0	138.0	40.0	87.0	91.0	91.0	
101.0	93.0	108.0	11.0	16.0	116.0	1.0	92.0	79.0	75.0	
119.0	101.0	92.0	25.0	38.0	148.0	20.0	97.0	55.0	83.0	

demande_cumulee_W : 
67.0	59.0	129.0	44.0	24.0	76.0	93.0	98.0	57.0	96.0	
60.0	117.0	83.0	34.0	11.0	43.0	121.0	80.0	49.0	94.0	
64.0	79.0	114.0	69.0	25.0	62.0	149.0	73.0	57.0	86.0	

capacite_residuelle_X : 
55.0	88.0	83.0	161.0	113.0	39.0	114.0	60.0	83.0	87.0	
70.0	69.0	42.0	124.0	161.0	20.0	149.0	67.0	78.0	85.0	
38.0	44.0	74.0	143.0	115.0	18.0	155.0	74.0	99.0	52.0	

capacite_residuelle_W : 
35.099999999999994	77.9	0.19999999999998863	168.6	134.0	16.099999999999994	67.19999999999999	6.099999999999994	78.19999999999999	44.400000000000006	
61.3	0.5999999999999943	4.0	130.5	203.1	17.799999999999997	73.0	34.69999999999999	76.1	39.0	
21.099999999999994	8.5	9.799999999999997	124.4	135.9	5.799999999999997	58.5	52.3	88.19999999999999	6.5	

min_capacite_X : 
147.0	135.0	135.0	

min_capacite_W : 
92.1	60.8	67.8	

max_capacite_X : 
178.0	177.0	175.0	

max_capacite_W : 
212.6	214.1	207.5	

moy_capacite_X : 
162.6	155.7	159.0	

moy_capacite_W : 
137.07999999999998	133.20999999999998	128.9	

med_capacite_X : 
160.0	158.0	161.5	

med_capacite_W : 
136.05	123.19999999999999	124.55	

ecartType_capacite_X : 
11.155267813907473	12.806638903318857	11.899579824514813	

ecartType_capacite_W : 
33.296570393961	44.034315028168656	45.11921985141144	

var_capacite_X : 
124.44000000000001	164.01000000000002	141.6	

var_capacite_W : 
1108.6616	1939.0209	2035.744	

covar_capacite_X : 
138.26666666666665	182.23333333333332	157.33333333333331	

covar_capacite_W : 
1231.8462222222222	2154.4676666666664	2261.9377777777777	

##########	##########	##########	##########	##########	##########	##########	##########	##########	##########	##########	##########	##########	##########	##########	##########	##########	##########	##########	##########	##########	##########	##########	##########	##########	##########	##########	##########	##########	##########	##########	##########	##########	##########	##########	##########	##########	##########	##########	##########	##########	##########	##########	##########	##########	##########	##########	##########	##########	##########	##########	##########	##########	##########	##########	##########	##########	##########	##########	##########	##########	##########	##########	##########	##########	##########	##########	##########	##########	##########	##########	##########	##########	##########	##########	##########	##########	##########	##########	##########	##########	##########	##########	##########	##########	##########	##########	##########	##########	##########	##########	##########	##########	##########	##########	##########	##########	##########	##########	##########	nombre de noeuds : 100
nombre de strates : 3
nombre de centres : 10
titre : fenetre
instances : p12_1
temps de calcul : 0.1212930679321289
valeur objective : 243.0
nombre de solutions : 3
nombre de noeuds : 1.0
faisability : True
moy_distances :	50.08
min_distances :	0.0
max_distances :	125.0
var_distances :	591.5627762065095
covar_distances :	591.6225360586368
ecartType_distances :	24.32206356801391
coef_variation	: 0.485707313641886
distances_centre_x :
-1.0	20.0	16.0	-1.0	2.0	0.0	11.0	-1.0	0.0	0.0	-1.0	-1.0	21.0	18.0	-1.0	-1.0	-1.0	5.0	-1.0	30.0	20.0	10.0	15.0	-1.0	12.0	30.0	0.0	25.0	-1.0	10.0	-1.0	-1.0	30.0	-1.0	-1.0	19.0	18.0	17.0	16.0	21.0	17.0	0.0	-1.0	-1.0	16.0	17.0	21.0	-1.0	14.0	18.0	36.0	0.0	-1.0	16.0	0.0	17.0	17.0	-1.0	-1.0	-1.0	14.0	16.0	-1.0	19.0	8.0	-1.0	8.0	6.0	21.0	-1.0	-1.0	9.0	25.0	-1.0	14.0	16.0	7.0	6.0	23.0	9.0	-1.0	-1.0	10.0	-1.0	15.0	9.0	-1.0	12.0	17.0	0.0	12.0	0.0	21.0	-1.0	20.0	0.0	-1.0	30.0	24.0	-1.0	
29.0	-1.0	-1.0	-1.0	-1.0	0.0	11.0	11.0	0.0	0.0	16.0	-1.0	-1.0	18.0	-1.0	-1.0	6.0	5.0	21.0	30.0	26.0	-1.0	15.0	10.0	12.0	-1.0	0.0	25.0	15.0	30.0	10.0	2.0	30.0	-1.0	-1.0	-1.0	18.0	-1.0	16.0	21.0	17.0	-1.0	12.0	7.0	-1.0	-1.0	5.0	22.0	-1.0	18.0	36.0	0.0	5.0	-1.0	0.0	-1.0	17.0	12.0	22.0	-1.0	-1.0	16.0	15.0	19.0	-1.0	-1.0	8.0	-1.0	21.0	7.0	-1.0	9.0	25.0	5.0	14.0	-1.0	7.0	6.0	12.0	9.0	21.0	25.0	-1.0	-1.0	15.0	-1.0	-1.0	12.0	17.0	0.0	-1.0	-1.0	21.0	10.0	20.0	-1.0	21.0	-1.0	-1.0	5.0	
29.0	20.0	-1.0	7.0	-1.0	0.0	11.0	11.0	0.0	0.0	16.0	4.0	-1.0	18.0	3.0	13.0	-1.0	5.0	21.0	30.0	26.0	-1.0	15.0	10.0	12.0	11.0	0.0	-1.0	-1.0	10.0	10.0	2.0	30.0	24.0	29.0	19.0	-1.0	-1.0	16.0	-1.0	17.0	0.0	-1.0	-1.0	-1.0	-1.0	5.0	22.0	14.0	18.0	-1.0	0.0	-1.0	16.0	0.0	17.0	17.0	12.0	22.0	16.0	-1.0	16.0	15.0	19.0	8.0	18.0	8.0	6.0	21.0	7.0	12.0	9.0	25.0	5.0	14.0	16.0	7.0	6.0	12.0	-1.0	21.0	25.0	-1.0	6.0	15.0	-1.0	19.0	-1.0	-1.0	0.0	12.0	0.0	-1.0	10.0	20.0	-1.0	-1.0	-1.0	-1.0	5.0	

distances_centre_w :
-1.0	28.0	30.0	-1.0	22.0	40.0	46.0	-1.0	31.0	22.0	-1.0	-1.0	28.0	28.0	-1.0	-1.0	-1.0	41.0	-1.0	47.0	40.0	20.0	25.0	-1.0	44.0	40.0	16.0	36.0	-1.0	30.0	-1.0	-1.0	38.0	-1.0	-1.0	23.0	29.0	24.0	23.0	43.0	25.0	16.0	-1.0	-1.0	40.0	23.0	39.0	-1.0	18.0	20.0	45.0	21.0	-1.0	26.0	21.0	18.0	24.0	-1.0	-1.0	-1.0	36.0	28.0	-1.0	21.0	16.0	-1.0	21.0	25.0	22.0	-1.0	-1.0	43.0	27.0	-1.0	23.0	24.0	38.0	22.0	32.0	17.0	-1.0	-1.0	12.0	-1.0	25.0	14.0	-1.0	33.0	23.0	16.0	19.0	33.0	25.0	-1.0	41.0	24.0	-1.0	45.0	36.0	-1.0	
37.0	-1.0	-1.0	-1.0	-1.0	39.0	31.0	16.0	23.0	22.0	26.0	-1.0	-1.0	28.0	-1.0	-1.0	17.0	45.0	23.0	47.0	26.0	-1.0	35.0	17.0	44.0	-1.0	16.0	36.0	40.0	43.0	14.0	21.0	38.0	-1.0	-1.0	-1.0	29.0	-1.0	23.0	43.0	25.0	-1.0	22.0	16.0	-1.0	-1.0	21.0	26.0	-1.0	20.0	45.0	21.0	15.0	-1.0	33.0	-1.0	24.0	30.0	26.0	-1.0	-1.0	28.0	16.0	43.0	-1.0	-1.0	21.0	-1.0	22.0	40.0	-1.0	43.0	27.0	17.0	23.0	-1.0	38.0	22.0	23.0	17.0	23.0	45.0	-1.0	-1.0	25.0	-1.0	-1.0	30.0	23.0	16.0	-1.0	-1.0	25.0	19.0	41.0	-1.0	32.0	-1.0	-1.0	34.0	
37.0	20.0	-1.0	21.0	-1.0	46.0	31.0	16.0	22.0	22.0	26.0	25.0	-1.0	28.0	14.0	28.0	-1.0	41.0	23.0	47.0	26.0	-1.0	25.0	17.0	44.0	22.0	16.0	-1.0	-1.0	43.0	14.0	21.0	38.0	25.0	36.0	23.0	-1.0	-1.0	23.0	-1.0	25.0	16.0	-1.0	-1.0	-1.0	-1.0	21.0	26.0	18.0	20.0	-1.0	21.0	-1.0	26.0	21.0	18.0	24.0	30.0	23.0	25.0	-1.0	28.0	34.0	21.0	16.0	40.0	21.0	25.0	22.0	20.0	34.0	43.0	27.0	17.0	23.0	24.0	34.0	22.0	23.0	-1.0	23.0	42.0	-1.0	13.0	25.0	-1.0	38.0	-1.0	-1.0	16.0	35.0	24.0	-1.0	47.0	41.0	-1.0	-1.0	-1.0	-1.0	34.0	

maxX :
36.0	36.0	30.0	

maxW :
47.0	47.0	47.0	

minX :
0.0	0.0	0.0	

minW :
12.0	14.0	13.0	

moyX :
14.030303030303031	13.90625	12.808219178082192	

moyW :
28.348484848484848	28.0625	26.65753424657534	

medX :
16.0	14.5	12.0	

medW :
25.0	25.5	24.0	

ecartTypeX :
8.738576433835824	8.772682653413378	8.16718716228187	

ecartTypeW :
9.218710263178743	9.470142224380794	8.7947979301624	

varX :
76.36271808999082	76.9599609375	66.70294614374178	

varW :
84.98461891643709	89.68359375	77.34847063238882	

covarX :
77.53752913752915	78.18154761904762	67.62937595129375	

covarW :
86.29207459207458	91.10714285714285	78.42275494672755	

coef_variationX :
0.622835901331711	0.6308445953016362	0.6376520458252155	

coef_variationW :
0.3251923449330823	0.3374660926282688	0.32991790796600984	

moy_distances_centre :	56.955555555555556
min_distances_centre :	16.0
max_distances_centre :	116.0
med_distances_centre :	51.0
ecartType_distances_centre :	25.397248805994327
var_distances_centre :	645.0202469135803
covar_distances_centre :	652.2676654182274
coef_variation_distances_centre :	0.4459134593327135
capacite_X_temoin : 
157.0	163.0	154.0	172.0	150.0	177.0	154.0	147.0	168.0	178.0	
171.0	162.0	150.0	135.0	177.0	136.0	150.0	159.0	145.0	160.0	
157.0	145.0	166.0	168.0	153.0	166.0	175.0	171.0	156.0	135.0	

capacite_W_temoin : 
102.1	136.9	128.2	212.6	158.0	164.1	131.2	51.1	140.4	138.4	
121.3	117.6	87.0	164.5	214.1	87.8	178.0	51.699999999999996	134.5	160.0	
85.1	87.5	123.8	193.4	160.9	132.8	207.5	70.3	137.8	92.5	

demande_cumulee_X : 
102.0	75.0	72.0	11.0	37.0	66.0	69.0	140.0	78.0	93.0	
101.0	93.0	108.0	11.0	16.0	89.0	17.0	155.0	54.0	48.0	
119.0	101.0	92.0	25.0	38.0	83.0	20.0	152.0	65.0	83.0	

demande_cumulee_W : 
82.0	91.0	116.0	44.0	24.0	153.0	131.0	19.0	30.0	53.0	
42.0	108.0	81.0	45.0	11.0	80.0	175.0	21.0	44.0	85.0	
56.0	86.0	99.0	58.0	25.0	131.0	197.0	5.0	37.0	84.0	

capacite_residuelle_X : 
55.0	88.0	82.0	161.0	113.0	111.0	85.0	7.0	90.0	85.0	
70.0	69.0	42.0	124.0	161.0	47.0	133.0	4.0	91.0	112.0	
38.0	44.0	74.0	143.0	115.0	83.0	155.0	19.0	91.0	52.0	

capacite_residuelle_W : 
20.099999999999994	45.900000000000006	12.199999999999989	168.6	134.0	11.099999999999994	0.19999999999998863	32.1	110.4	85.4	
79.3	9.599999999999994	6.0	119.5	203.1	7.799999999999997	3.0	30.699999999999996	90.5	75.0	
29.099999999999994	1.5	24.799999999999997	135.4	135.9	1.8000000000000114	10.5	65.3	100.80000000000001	8.5	

min_capacite_X : 
147.0	135.0	135.0	

min_capacite_W : 
51.1	51.699999999999996	70.3	

max_capacite_X : 
178.0	177.0	175.0	

max_capacite_W : 
212.6	214.1	207.5	

moy_capacite_X : 
162.0	154.5	159.2	

moy_capacite_W : 
136.3	131.65	129.16	

med_capacite_X : 
160.0	154.5	161.5	

med_capacite_W : 
137.65	127.9	128.3	

ecartType_capacite_X : 
10.677078252031311	13.185218997043622	11.830469136936202	

ecartType_capacite_W : 
39.50607548213313	46.31443079645911	44.57946163874122	

var_capacite_X : 
114.0	173.85	139.95999999999998	

var_capacite_W : 
1560.73	2145.0265000000004	1987.3284000000003	

covar_capacite_X : 
126.66666666666666	193.16666666666666	155.5111111111111	

covar_capacite_W : 
1734.1444444444442	2383.362777777778	2208.142666666667	

##########	##########	##########	##########	##########	##########	##########	##########	##########	##########	##########	##########	##########	##########	##########	##########	##########	##########	##########	##########	##########	##########	##########	##########	##########	##########	##########	##########	##########	##########	##########	##########	##########	##########	##########	##########	##########	##########	##########	##########	##########	##########	##########	##########	##########	##########	##########	##########	##########	##########	##########	##########	##########	##########	##########	##########	##########	##########	##########	##########	##########	##########	##########	##########	##########	##########	##########	##########	##########	##########	##########	##########	##########	##########	##########	##########	##########	##########	##########	##########	##########	##########	##########	##########	##########	##########	##########	##########	##########	##########	##########	##########	##########	##########	##########	##########	##########	##########	##########	##########	nombre de noeuds : 100
nombre de strates : 3
nombre de centres : 10
titre : fenetre
instances : p12_1
temps de calcul : 0.1258378028869629
valeur objective : 282.0
nombre de solutions : 3
nombre de noeuds : 1.0
faisability : True
moy_distances :	50.08
min_distances :	0.0
max_distances :	125.0
var_distances :	591.5627762065095
covar_distances :	591.6225360586368
ecartType_distances :	24.32206356801391
coef_variation	: 0.485707313641886
distances_centre_x :
-1.0	20.0	8.0	-1.0	2.0	39.0	31.0	-1.0	0.0	24.0	-1.0	-1.0	21.0	15.0	-1.0	-1.0	-1.0	41.0	-1.0	30.0	20.0	10.0	35.0	-1.0	44.0	11.0	0.0	22.0	-1.0	10.0	-1.0	-1.0	30.0	-1.0	-1.0	19.0	18.0	17.0	16.0	21.0	25.0	0.0	-1.0	-1.0	0.0	36.0	5.0	-1.0	14.0	18.0	36.0	0.0	-1.0	16.0	21.0	17.0	17.0	-1.0	-1.0	-1.0	25.0	16.0	-1.0	21.0	8.0	-1.0	8.0	6.0	21.0	-1.0	-1.0	43.0	25.0	-1.0	14.0	24.0	34.0	6.0	12.0	9.0	-1.0	-1.0	10.0	-1.0	15.0	9.0	-1.0	33.0	17.0	0.0	12.0	0.0	21.0	-1.0	44.0	0.0	-1.0	30.0	3.0	-1.0	
29.0	-1.0	-1.0	-1.0	-1.0	39.0	31.0	16.0	0.0	0.0	16.0	-1.0	-1.0	15.0	-1.0	-1.0	6.0	41.0	27.0	30.0	20.0	-1.0	25.0	10.0	44.0	-1.0	0.0	22.0	25.0	10.0	14.0	2.0	30.0	-1.0	-1.0	-1.0	18.0	-1.0	16.0	21.0	17.0	-1.0	12.0	7.0	-1.0	-1.0	5.0	22.0	-1.0	18.0	36.0	0.0	0.0	-1.0	21.0	-1.0	17.0	30.0	23.0	-1.0	-1.0	16.0	15.0	21.0	-1.0	-1.0	8.0	-1.0	21.0	7.0	-1.0	43.0	25.0	5.0	14.0	-1.0	34.0	6.0	12.0	9.0	44.0	25.0	-1.0	-1.0	25.0	-1.0	-1.0	30.0	27.0	0.0	-1.0	-1.0	21.0	10.0	20.0	-1.0	21.0	-1.0	-1.0	34.0	
29.0	20.0	-1.0	7.0	-1.0	39.0	31.0	11.0	0.0	0.0	16.0	4.0	-1.0	15.0	3.0	13.0	-1.0	41.0	21.0	30.0	20.0	-1.0	25.0	10.0	44.0	11.0	0.0	-1.0	-1.0	10.0	10.0	2.0	30.0	24.0	29.0	19.0	-1.0	-1.0	16.0	-1.0	17.0	0.0	-1.0	-1.0	-1.0	-1.0	5.0	22.0	14.0	18.0	-1.0	0.0	-1.0	16.0	0.0	17.0	17.0	30.0	23.0	12.0	-1.0	16.0	15.0	21.0	8.0	18.0	8.0	6.0	21.0	7.0	12.0	43.0	25.0	5.0	14.0	24.0	34.0	6.0	12.0	-1.0	21.0	25.0	-1.0	6.0	15.0	-1.0	19.0	-1.0	-1.0	0.0	12.0	24.0	-1.0	10.0	20.0	-1.0	-1.0	-1.0	-1.0	34.0	

distances_centre_w :
-1.0	28.0	16.0	-1.0	22.0	40.0	45.0	-1.0	31.0	43.0	-1.0	-1.0	46.0	18.0	-1.0	-1.0	-1.0	45.0	-1.0	47.0	26.0	20.0	39.0	-1.0	50.0	22.0	15.0	25.0	-1.0	30.0	-1.0	-1.0	38.0	-1.0	-1.0	23.0	29.0	50.0	23.0	43.0	34.0	5.0	-1.0	-1.0	16.0	37.0	21.0	-1.0	18.0	48.0	45.0	21.0	-1.0	49.0	33.0	34.0	24.0	-1.0	-1.0	-1.0	33.0	28.0	-1.0	38.0	16.0	-1.0	21.0	25.0	22.0	-1.0	-1.0	50.0	27.0	-1.0	23.0	34.0	34.0	22.0	23.0	17.0	-1.0	-1.0	48.0	-1.0	25.0	14.0	-1.0	44.0	27.0	16.0	19.0	24.0	25.0	-1.0	44.0	24.0	-1.0	45.0	24.0	-1.0	
37.0	-1.0	-1.0	-1.0	-1.0	46.0	45.0	50.0	22.0	22.0	26.0	-1.0	-1.0	18.0	-1.0	-1.0	17.0	45.0	40.0	47.0	26.0	-1.0	39.0	38.0	50.0	-1.0	15.0	25.0	35.0	30.0	39.0	21.0	38.0	-1.0	-1.0	-1.0	50.0	-1.0	23.0	43.0	25.0	-1.0	22.0	16.0	-1.0	-1.0	21.0	26.0	-1.0	38.0	45.0	50.0	5.0	-1.0	44.0	-1.0	24.0	43.0	25.0	-1.0	-1.0	28.0	16.0	38.0	-1.0	-1.0	21.0	-1.0	22.0	36.0	-1.0	48.0	27.0	17.0	23.0	-1.0	34.0	22.0	23.0	17.0	49.0	45.0	-1.0	-1.0	33.0	-1.0	-1.0	33.0	33.0	16.0	-1.0	-1.0	25.0	19.0	41.0	-1.0	32.0	-1.0	-1.0	39.0	
37.0	28.0	-1.0	21.0	-1.0	40.0	45.0	31.0	22.0	48.0	26.0	50.0	-1.0	18.0	14.0	28.0	-1.0	45.0	27.0	50.0	26.0	-1.0	35.0	17.0	50.0	22.0	15.0	-1.0	-1.0	30.0	14.0	21.0	38.0	25.0	36.0	23.0	-1.0	-1.0	23.0	-1.0	25.0	5.0	-1.0	-1.0	-1.0	-1.0	29.0	46.0	18.0	20.0	-1.0	21.0	-1.0	38.0	21.0	39.0	24.0	43.0	25.0	16.0	-1.0	28.0	16.0	38.0	16.0	40.0	21.0	25.0	22.0	49.0	34.0	48.0	27.0	17.0	23.0	34.0	34.0	28.0	23.0	-1.0	43.0	42.0	-1.0	10.0	25.0	-1.0	38.0	-1.0	-1.0	16.0	41.0	46.0	-1.0	47.0	41.0	-1.0	-1.0	-1.0	-1.0	42.0	

maxX :
44.0	44.0	44.0	

maxW :
50.0	50.0	50.0	

minX :
0.0	0.0	0.0	

minW :
5.0	5.0	5.0	

moyX :
17.803030303030305	18.875	16.465753424657535	

moyW :
30.166666666666668	31.375	29.986301369863014	

medX :
17.0	19.0	16.0	

medW :
27.0	31.0	28.0	

ecartTypeX :
12.080813359344814	11.663913365590469	10.8275171919485	

ecartTypeW :
11.263487986239502	11.275665168849242	11.29734257840461	

varX :
145.94605142332412	136.046875	117.23512854194031	

varW :
126.8661616161616	127.140625	127.62994933383374	

covarX :
148.19137529137527	138.2063492063492	118.86339421613393	

covarW :
128.81794871794872	129.15873015873015	129.40258751902587	

coef_variationX :
0.6785818567802193	0.6179556749981705	0.6575779991782367	

coef_variationW :
0.37337529236153044	0.35938375040156945	0.3767501179641556	

moy_distances_centre :	53.75555555555555
min_distances_centre :	5.0
max_distances_centre :	97.0
med_distances_centre :	51.0
ecartType_distances_centre :	25.02013016713236
var_distances_centre :	626.0069135802469
covar_distances_centre :	633.0406991260924
coef_variation_distances_centre :	0.46544268603594724
capacite_X_temoin : 
163.0	154.0	172.0	150.0	177.0	154.0	175.0	147.0	168.0	178.0	
162.0	150.0	135.0	177.0	136.0	150.0	135.0	159.0	145.0	160.0	
145.0	166.0	168.0	153.0	166.0	175.0	153.0	171.0	156.0	135.0	

capacite_W_temoin : 
121.9	130.2	212.6	171.0	87.1	115.19999999999999	214.5	52.1	149.4	132.4	
114.6	101.0	164.5	230.1	100.8	113.0	159.5	56.699999999999996	90.5	139.0	
87.5	106.8	193.4	175.9	73.8	141.5	183.9	70.3	146.8	106.5	

demande_cumulee_X : 
90.0	70.0	11.0	24.0	143.0	85.0	13.0	139.0	69.0	99.0	
96.0	94.0	11.0	0.0	76.0	82.0	16.0	150.0	98.0	69.0	
101.0	109.0	25.0	23.0	142.0	86.0	15.0	152.0	56.0	69.0	

demande_cumulee_W : 
29.0	126.0	20.0	33.0	80.0	113.0	67.0	26.0	124.0	125.0	
80.0	87.0	39.0	16.0	85.0	110.0	45.0	18.0	73.0	139.0	
77.0	101.0	67.0	48.0	70.0	132.0	48.0	34.0	95.0	106.0	

capacite_residuelle_X : 
73.0	84.0	161.0	126.0	34.0	69.0	162.0	8.0	99.0	79.0	
66.0	56.0	124.0	177.0	60.0	68.0	119.0	9.0	47.0	91.0	
44.0	57.0	143.0	130.0	24.0	89.0	138.0	19.0	100.0	66.0	

capacite_residuelle_W : 
92.9	4.199999999999989	192.6	138.0	7.099999999999994	2.1999999999999886	147.5	26.1	25.400000000000006	7.400000000000006	
34.599999999999994	14.0	125.5	214.1	15.799999999999997	3.0	114.5	38.699999999999996	17.5	0.0	
10.5	5.799999999999997	126.4	127.9	3.799999999999997	9.5	135.9	36.3	51.80000000000001	0.5	

min_capacite_X : 
147.0	135.0	135.0	

min_capacite_W : 
52.1	56.699999999999996	70.3	

max_capacite_X : 
178.0	177.0	175.0	

max_capacite_W : 
214.5	230.1	193.4	

moy_capacite_X : 
163.8	150.9	158.8	

moy_capacite_W : 
138.64000000000001	126.97	128.64	

med_capacite_X : 
165.5	150.0	161.0	

med_capacite_W : 
131.3	113.8	124.15	

ecartType_capacite_X : 
11.187493016757596	13.103053079339944	11.96494880891682	

ecartType_capacite_W : 
48.4490908067427	46.06803772682314	43.64269010957047	

var_capacite_X : 
125.16	171.69	143.16	

var_capacite_W : 
2347.3144	2122.2641000000003	1904.6844	

covar_capacite_X : 
139.06666666666666	190.76666666666668	159.06666666666663	

covar_capacite_W : 
2608.1271111111114	2358.0712222222223	2116.316	

##########	##########	##########	##########	##########	##########	##########	##########	##########	##########	##########	##########	##########	##########	##########	##########	##########	##########	##########	##########	##########	##########	##########	##########	##########	##########	##########	##########	##########	##########	##########	##########	##########	##########	##########	##########	##########	##########	##########	##########	##########	##########	##########	##########	##########	##########	##########	##########	##########	##########	##########	##########	##########	##########	##########	##########	##########	##########	##########	##########	##########	##########	##########	##########	##########	##########	##########	##########	##########	##########	##########	##########	##########	##########	##########	##########	##########	##########	##########	##########	##########	##########	##########	##########	##########	##########	##########	##########	##########	##########	##########	##########	##########	##########	##########	##########	##########	##########	##########	##########	nombre de noeuds : 100
nombre de strates : 3
nombre de centres : 10
titre : fenetre
instances : p12_1
temps de calcul : 0.12082600593566895
valeur objective : 309.0
nombre de solutions : 3
nombre de noeuds : 1.0
faisability : True
moy_distances :	50.08
min_distances :	0.0
max_distances :	125.0
var_distances :	591.5627762065095
covar_distances :	591.6225360586368
ecartType_distances :	24.32206356801391
coef_variation	: 0.485707313641886
distances_centre_x :
-1.0	20.0	8.0	-1.0	2.0	39.0	31.0	-1.0	0.0	0.0	-1.0	-1.0	21.0	15.0	-1.0	-1.0	-1.0	41.0	-1.0	47.0	26.0	0.0	35.0	-1.0	50.0	11.0	0.0	22.0	-1.0	10.0	-1.0	-1.0	30.0	-1.0	-1.0	19.0	18.0	24.0	13.0	21.0	17.0	0.0	-1.0	-1.0	16.0	17.0	5.0	-1.0	14.0	18.0	36.0	0.0	-1.0	16.0	27.0	17.0	17.0	-1.0	-1.0	-1.0	25.0	16.0	-1.0	21.0	8.0	-1.0	21.0	6.0	22.0	-1.0	-1.0	48.0	25.0	-1.0	23.0	34.0	34.0	6.0	12.0	9.0	-1.0	-1.0	10.0	-1.0	25.0	9.0	-1.0	30.0	27.0	0.0	12.0	10.0	21.0	-1.0	20.0	0.0	-1.0	30.0	3.0	-1.0	
29.0	-1.0	-1.0	-1.0	-1.0	39.0	31.0	16.0	0.0	0.0	16.0	-1.0	-1.0	15.0	-1.0	-1.0	6.0	41.0	27.0	30.0	26.0	-1.0	35.0	10.0	50.0	-1.0	0.0	22.0	35.0	10.0	10.0	2.0	30.0	-1.0	-1.0	-1.0	18.0	-1.0	13.0	21.0	17.0	-1.0	12.0	7.0	-1.0	-1.0	22.0	22.0	-1.0	18.0	36.0	0.0	0.0	-1.0	0.0	-1.0	17.0	30.0	23.0	-1.0	-1.0	16.0	5.0	21.0	-1.0	-1.0	21.0	-1.0	22.0	7.0	-1.0	48.0	25.0	17.0	23.0	-1.0	34.0	6.0	23.0	9.0	21.0	25.0	-1.0	-1.0	25.0	-1.0	-1.0	30.0	27.0	0.0	-1.0	-1.0	39.0	10.0	20.0	-1.0	21.0	-1.0	-1.0	34.0	
29.0	20.0	-1.0	7.0	-1.0	39.0	31.0	26.0	0.0	0.0	16.0	4.0	-1.0	15.0	14.0	13.0	-1.0	41.0	27.0	30.0	26.0	-1.0	35.0	10.0	50.0	11.0	0.0	-1.0	-1.0	10.0	10.0	2.0	30.0	24.0	29.0	19.0	-1.0	-1.0	13.0	-1.0	17.0	0.0	-1.0	-1.0	-1.0	-1.0	5.0	22.0	14.0	18.0	-1.0	0.0	-1.0	16.0	0.0	17.0	17.0	30.0	23.0	12.0	-1.0	16.0	5.0	21.0	8.0	18.0	21.0	6.0	22.0	7.0	12.0	48.0	25.0	17.0	23.0	34.0	34.0	6.0	12.0	-1.0	21.0	25.0	-1.0	6.0	25.0	-1.0	19.0	-1.0	-1.0	0.0	12.0	24.0	-1.0	19.0	20.0	-1.0	-1.0	-1.0	-1.0	34.0	

distances_centre_w :
-1.0	35.0	12.0	-1.0	10.0	46.0	52.0	-1.0	22.0	44.0	-1.0	-1.0	42.0	28.0	-1.0	-1.0	-1.0	54.0	-1.0	50.0	40.0	10.0	45.0	-1.0	51.0	29.0	15.0	25.0	-1.0	43.0	-1.0	-1.0	48.0	-1.0	-1.0	40.0	29.0	32.0	16.0	38.0	39.0	5.0	-1.0	-1.0	27.0	37.0	21.0	-1.0	18.0	48.0	54.0	30.0	-1.0	42.0	33.0	34.0	24.0	-1.0	-1.0	-1.0	33.0	28.0	-1.0	38.0	16.0	-1.0	28.0	31.0	32.0	-1.0	-1.0	50.0	27.0	-1.0	33.0	34.0	38.0	10.0	15.0	13.0	-1.0	-1.0	12.0	-1.0	33.0	14.0	-1.0	50.0	33.0	43.0	22.0	46.0	25.0	-1.0	35.0	10.0	-1.0	45.0	30.0	-1.0	
46.0	-1.0	-1.0	-1.0	-1.0	54.0	45.0	31.0	22.0	20.0	46.0	-1.0	-1.0	18.0	-1.0	-1.0	17.0	50.0	40.0	42.0	26.0	-1.0	45.0	17.0	51.0	-1.0	15.0	25.0	36.0	36.0	14.0	21.0	48.0	-1.0	-1.0	-1.0	29.0	-1.0	16.0	38.0	23.0	-1.0	21.0	16.0	-1.0	-1.0	29.0	26.0	-1.0	20.0	54.0	21.0	5.0	-1.0	21.0	-1.0	24.0	43.0	40.0	-1.0	-1.0	28.0	36.0	38.0	-1.0	-1.0	28.0	-1.0	32.0	17.0	-1.0	50.0	27.0	40.0	33.0	-1.0	38.0	10.0	24.0	13.0	23.0	51.0	-1.0	-1.0	33.0	-1.0	-1.0	33.0	43.0	43.0	-1.0	-1.0	42.0	30.0	35.0	-1.0	44.0	-1.0	-1.0	42.0	
46.0	40.0	-1.0	21.0	-1.0	46.0	45.0	31.0	22.0	44.0	46.0	44.0	-1.0	18.0	29.0	23.0	-1.0	50.0	49.0	42.0	26.0	-1.0	35.0	17.0	51.0	29.0	15.0	-1.0	-1.0	30.0	14.0	29.0	48.0	26.0	50.0	38.0	-1.0	-1.0	16.0	-1.0	37.0	5.0	-1.0	-1.0	-1.0	-1.0	21.0	26.0	18.0	20.0	-1.0	21.0	-1.0	42.0	21.0	26.0	24.0	50.0	26.0	16.0	-1.0	28.0	15.0	43.0	16.0	44.0	44.0	24.0	32.0	17.0	33.0	50.0	27.0	30.0	33.0	34.0	38.0	10.0	15.0	-1.0	23.0	44.0	-1.0	10.0	44.0	-1.0	38.0	-1.0	-1.0	43.0	22.0	46.0	-1.0	19.0	35.0	-1.0	-1.0	-1.0	-1.0	42.0	

maxX :
50.0	50.0	50.0	

maxW :
54.0	54.0	51.0	

minX :
0.0	0.0	0.0	

minW :
5.0	5.0	5.0	

moyX :
18.333333333333332	19.765625	17.972602739726028	

moyW :
31.696969696969695	31.625	31.123287671232877	

medX :
17.5	21.0	17.0	

medW :
33.0	31.5	30.0	

ecartTypeX :
12.458821060687171	12.261145678906804	11.506963469753394	

ecartTypeW :
12.855808375947493	12.128865363256367	12.14517797709558	

varX :
155.2222222222222	150.335693359375	132.41020829423906	

varW :
165.2718089990817	147.109375	147.50534809532746	

covarX :
157.61025641025643	152.7219742063492	134.24923896499237	

covarW :
167.81445221445222	149.44444444444443	149.5540334855403	

coef_variationX :
0.6795720578556639	0.6203267379051663	0.6402502540335349	

coef_variationW :
0.4055847766790318	0.3835214344112685	0.39022798958097593	

moy_distances_centre :	50.6
min_distances_centre :	5.0
max_distances_centre :	97.0
med_distances_centre :	50.0
ecartType_distances_centre :	24.546011217032124
var_distances_centre :	602.5066666666668
covar_distances_centre :	609.276404494382
coef_variation_distances_centre :	0.48509903590972575
capacite_X_temoin : 
163.0	154.0	159.0	172.0	150.0	154.0	175.0	147.0	168.0	178.0	
162.0	150.0	166.0	135.0	177.0	150.0	135.0	159.0	145.0	160.0	
145.0	166.0	139.0	168.0	153.0	175.0	153.0	171.0	156.0	135.0	

capacite_W_temoin : 
136.9	116.19999999999999	140.7	212.6	171.0	91.19999999999999	195.5	55.1	60.4	183.4	
117.6	108.0	169.8	164.5	230.1	114.0	159.5	55.699999999999996	54.5	135.0	
87.5	112.8	141.7	193.4	175.9	122.5	183.9	70.3	51.8	111.5	

demande_cumulee_X : 
75.0	84.0	66.0	11.0	24.0	109.0	32.0	136.0	158.0	48.0	
93.0	87.0	46.0	11.0	0.0	81.0	16.0	151.0	134.0	73.0	
101.0	103.0	39.0	25.0	23.0	105.0	15.0	152.0	151.0	64.0	

demande_cumulee_W : 
71.0	114.0	139.0	20.0	45.0	68.0	35.0	44.0	36.0	171.0	
49.0	98.0	158.0	32.0	16.0	111.0	43.0	1.0	52.0	132.0	
76.0	112.0	138.0	49.0	15.0	118.0	67.0	50.0	47.0	106.0	

capacite_residuelle_X : 
88.0	70.0	93.0	161.0	126.0	45.0	143.0	11.0	10.0	130.0	
69.0	63.0	120.0	124.0	177.0	69.0	119.0	8.0	11.0	87.0	
44.0	63.0	100.0	143.0	130.0	70.0	138.0	19.0	5.0	71.0	

capacite_residuelle_W : 
65.9	2.1999999999999886	1.6999999999999886	192.6	126.0	23.19999999999999	160.5	11.100000000000001	24.4	12.400000000000006	
68.6	10.0	11.800000000000011	132.5	214.1	3.0	116.5	54.699999999999996	2.5	3.0	
11.5	0.7999999999999972	3.6999999999999886	144.4	160.9	4.5	116.9	20.299999999999997	4.799999999999997	5.5	

min_capacite_X : 
147.0	135.0	135.0	

min_capacite_W : 
55.1	54.5	51.8	

max_capacite_X : 
178.0	177.0	175.0	

max_capacite_W : 
212.6	230.1	193.4	

moy_capacite_X : 
162.0	153.9	156.1	

moy_capacite_W : 
136.3	130.86999999999998	125.13	

med_capacite_X : 
161.0	154.5	154.5	

med_capacite_W : 
138.8	126.3	117.65	

ecartType_capacite_X : 
10.334408546211051	12.778497564267875	13.034185820372517	

ecartType_capacite_W : 
52.498399975618305	50.79023626643216	45.94694875614702	

var_capacite_X : 
106.8	163.29000000000002	169.89000000000001	

var_capacite_W : 
2756.0820000000003	2579.6481000000003	2111.1221000000005	

covar_capacite_X : 
118.66666666666666	181.43333333333334	188.76666666666668	

covar_capacite_W : 
3062.3133333333335	2866.2756666666664	2345.691222222222	

##########	##########	##########	##########	##########	##########	##########	##########	##########	##########	##########	##########	##########	##########	##########	##########	##########	##########	##########	##########	##########	##########	##########	##########	##########	##########	##########	##########	##########	##########	##########	##########	##########	##########	##########	##########	##########	##########	##########	##########	##########	##########	##########	##########	##########	##########	##########	##########	##########	##########	##########	##########	##########	##########	##########	##########	##########	##########	##########	##########	##########	##########	##########	##########	##########	##########	##########	##########	##########	##########	##########	##########	##########	##########	##########	##########	##########	##########	##########	##########	##########	##########	##########	##########	##########	##########	##########	##########	##########	##########	##########	##########	##########	##########	##########	##########	##########	##########	##########	##########	