nombre de noeuds : 100
nombre de strates : 3
nombre de centres : 10
titre : intelligent
instances : p15_1
temps de calcul : 0.12631511688232422
valeur objective : 257.0
nombre de solutions : 3
nombre de noeuds : 1.0
faisability : True
moy_distances :	53.1
min_distances :	1.0
max_distances :	129.0
var_distances :	639.288544801551
covar_distances :	639.3531259253816
ecartType_distances :	25.284156003346265
coef_variation	: 0.4761683763817822
distances_centre_x :
-1.0	32.0	14.0	-1.0	23.0	0.0	7.0	-1.0	14.0	11.0	-1.0	-1.0	11.0	0.0	-1.0	-1.0	-1.0	19.0	-1.0	0.0	17.0	11.0	15.0	-1.0	26.0	22.0	22.0	20.0	-1.0	14.0	-1.0	-1.0	0.0	-1.0	-1.0	10.0	10.0	3.0	22.0	18.0	22.0	14.0	-1.0	-1.0	16.0	1.0	14.0	-1.0	12.0	25.0	0.0	6.0	-1.0	17.0	9.0	21.0	18.0	-1.0	-1.0	-1.0	12.0	24.0	-1.0	8.0	17.0	-1.0	23.0	32.0	24.0	-1.0	-1.0	25.0	9.0	-1.0	5.0	28.0	16.0	25.0	14.0	22.0	-1.0	-1.0	17.0	-1.0	15.0	20.0	-1.0	26.0	15.0	3.0	24.0	14.0	8.0	-1.0	32.0	0.0	-1.0	26.0	10.0	-1.0	
7.0	-1.0	-1.0	-1.0	-1.0	0.0	7.0	33.0	14.0	11.0	15.0	-1.0	-1.0	0.0	-1.0	-1.0	26.0	19.0	8.0	0.0	17.0	-1.0	15.0	5.0	26.0	-1.0	22.0	20.0	21.0	14.0	9.0	15.0	0.0	-1.0	-1.0	-1.0	10.0	-1.0	22.0	18.0	22.0	-1.0	12.0	11.0	-1.0	-1.0	14.0	6.0	-1.0	25.0	0.0	6.0	18.0	-1.0	9.0	-1.0	18.0	22.0	15.0	-1.0	-1.0	24.0	16.0	8.0	-1.0	-1.0	23.0	-1.0	24.0	20.0	-1.0	25.0	9.0	38.0	5.0	-1.0	16.0	25.0	14.0	22.0	20.0	6.0	-1.0	-1.0	15.0	-1.0	-1.0	26.0	15.0	3.0	-1.0	-1.0	8.0	0.0	32.0	-1.0	0.0	-1.0	-1.0	20.0	
7.0	32.0	-1.0	8.0	-1.0	0.0	7.0	33.0	14.0	11.0	15.0	12.0	-1.0	0.0	21.0	24.0	-1.0	19.0	8.0	0.0	17.0	-1.0	15.0	5.0	26.0	22.0	22.0	-1.0	-1.0	14.0	9.0	15.0	0.0	0.0	24.0	10.0	-1.0	-1.0	22.0	-1.0	22.0	14.0	-1.0	-1.0	-1.0	-1.0	14.0	6.0	12.0	25.0	-1.0	6.0	-1.0	17.0	9.0	21.0	18.0	34.0	15.0	23.0	-1.0	38.0	16.0	8.0	17.0	39.0	23.0	32.0	24.0	20.0	12.0	25.0	9.0	38.0	5.0	28.0	16.0	25.0	14.0	-1.0	20.0	28.0	-1.0	13.0	15.0	-1.0	0.0	-1.0	-1.0	3.0	24.0	14.0	-1.0	19.0	32.0	-1.0	-1.0	-1.0	-1.0	20.0	

distances_centre_w :
-1.0	39.0	21.0	-1.0	40.0	39.0	17.0	-1.0	18.0	13.0	-1.0	-1.0	30.0	15.0	-1.0	-1.0	-1.0	44.0	-1.0	15.0	34.0	16.0	18.0	-1.0	29.0	45.0	49.0	46.0	-1.0	24.0	-1.0	-1.0	22.0	-1.0	-1.0	28.0	23.0	19.0	27.0	33.0	25.0	50.0	-1.0	-1.0	24.0	15.0	24.0	-1.0	19.0	43.0	16.0	25.0	-1.0	30.0	30.0	35.0	23.0	-1.0	-1.0	-1.0	25.0	26.0	-1.0	21.0	43.0	-1.0	26.0	51.0	33.0	-1.0	-1.0	36.0	27.0	-1.0	35.0	33.0	32.0	32.0	22.0	30.0	-1.0	-1.0	23.0	-1.0	31.0	25.0	-1.0	26.0	21.0	19.0	38.0	22.0	42.0	-1.0	33.0	24.0	-1.0	43.0	16.0	-1.0	
18.0	-1.0	-1.0	-1.0	-1.0	21.0	17.0	35.0	18.0	13.0	16.0	-1.0	-1.0	15.0	-1.0	-1.0	35.0	34.0	18.0	15.0	34.0	-1.0	18.0	19.0	29.0	-1.0	33.0	24.0	24.0	24.0	24.0	17.0	22.0	-1.0	-1.0	-1.0	23.0	-1.0	27.0	33.0	25.0	-1.0	28.0	33.0	-1.0	-1.0	24.0	21.0	-1.0	43.0	16.0	25.0	23.0	-1.0	24.0	-1.0	42.0	27.0	19.0	-1.0	-1.0	26.0	16.0	21.0	-1.0	-1.0	26.0	-1.0	33.0	40.0	-1.0	36.0	27.0	46.0	23.0	-1.0	32.0	32.0	22.0	30.0	28.0	28.0	-1.0	-1.0	15.0	-1.0	-1.0	26.0	21.0	19.0	-1.0	-1.0	42.0	19.0	40.0	-1.0	16.0	-1.0	-1.0	29.0	
18.0	50.0	-1.0	15.0	-1.0	21.0	17.0	41.0	18.0	13.0	16.0	17.0	-1.0	15.0	28.0	25.0	-1.0	34.0	18.0	15.0	34.0	-1.0	18.0	19.0	29.0	27.0	27.0	-1.0	-1.0	24.0	24.0	17.0	22.0	24.0	26.0	28.0	-1.0	-1.0	27.0	-1.0	25.0	50.0	-1.0	-1.0	-1.0	-1.0	24.0	21.0	12.0	43.0	-1.0	25.0	-1.0	30.0	19.0	35.0	23.0	40.0	49.0	39.0	-1.0	44.0	16.0	21.0	23.0	47.0	26.0	51.0	33.0	40.0	16.0	36.0	27.0	46.0	23.0	33.0	51.0	32.0	22.0	-1.0	28.0	30.0	-1.0	28.0	15.0	-1.0	37.0	-1.0	-1.0	19.0	38.0	22.0	-1.0	30.0	46.0	-1.0	-1.0	-1.0	-1.0	29.0	

maxX :
32.0	38.0	39.0	

maxW :
51.0	46.0	51.0	

minX :
0.0	0.0	0.0	

minW :
13.0	13.0	12.0	

moyX :
15.303030303030303	14.78125	16.78082191780822	

moyW :
28.757575757575758	25.765625	28.095890410958905	

medX :
15.0	15.0	16.0	

medW :
26.5	24.0	26.0	

ecartTypeX :
8.566972692864956	8.90306960758479	9.70841546449782	

ecartTypeW :
9.668851277796115	7.932808037471662	10.473926379166956	

varX :
73.39302112029385	79.2646484375	94.25333083130042	

varW :
93.48668503213956	62.929443359375	109.70313379620941	

covarX :
74.52214452214453	80.52281746031746	95.56240487062406	

covarW :
94.92494172494172	63.92832341269841	111.22678843226788	

coef_variationX :
0.5598219779495912	0.6023218339169414	0.5785423093129314	

coef_variationW :
0.33621927520260464	0.30788339260047687	0.37279211393427	

moy_distances_centre :	58.333333333333336
min_distances_centre :	15.0
max_distances_centre :	111.0
med_distances_centre :	61.0
ecartType_distances_centre :	24.01758614941236
var_distances_centre :	576.8444444444444
covar_distances_centre :	583.3258426966293
coef_variation_distances_centre :	0.4117300482756404
capacite_X_temoin : 
157.0	172.0	153.0	157.0	169.0	171.0	174.0	162.0	145.0	178.0	
171.0	160.0	175.0	166.0	175.0	178.0	157.0	162.0	178.0	175.0	
157.0	154.0	162.0	174.0	153.0	175.0	154.0	162.0	162.0	142.0	

capacite_W_temoin : 
94.1	198.6	114.9	182.1	157.7	154.3	151.2	91.6	70.5	160.4	
113.3	175.0	157.5	187.8	191.5	168.4	95.1	67.6	128.4	189.5	
82.1	143.2	163.6	198.2	115.9	173.5	97.19999999999999	55.6	105.6	159.6	

demande_cumulee_X : 
110.0	25.0	84.0	22.0	62.0	68.0	75.0	119.0	118.0	71.0	
109.0	33.0	70.0	28.0	36.0	63.0	109.0	143.0	103.0	38.0	
122.0	57.0	47.0	28.0	83.0	54.0	103.0	155.0	105.0	25.0	

demande_cumulee_W : 
85.0	65.0	81.0	33.0	99.0	85.0	59.0	20.0	68.0	159.0	
95.0	59.0	84.0	22.0	75.0	72.0	39.0	0.0	118.0	168.0	
44.0	72.0	129.0	38.0	114.0	59.0	36.0	31.0	104.0	152.0	

capacite_residuelle_X : 
47.0	147.0	69.0	135.0	107.0	103.0	99.0	43.0	27.0	107.0	
62.0	127.0	105.0	138.0	139.0	115.0	48.0	19.0	75.0	137.0	
35.0	97.0	115.0	146.0	70.0	121.0	51.0	7.0	57.0	117.0	

capacite_residuelle_W : 
9.099999999999994	133.6	33.900000000000006	149.1	58.69999999999999	69.30000000000001	92.19999999999999	71.6	2.5	1.4000000000000057	
18.299999999999997	116.0	73.5	165.8	116.5	96.4	56.099999999999994	67.6	10.400000000000006	21.5	
38.099999999999994	71.19999999999999	34.599999999999994	160.2	1.9000000000000057	114.5	61.19999999999999	24.6	1.5999999999999943	7.599999999999994	

min_capacite_X : 
145.0	157.0	142.0	

min_capacite_W : 
70.5	67.6	55.6	

max_capacite_X : 
178.0	178.0	175.0	

max_capacite_W : 
198.6	191.5	198.2	

moy_capacite_X : 
163.8	169.7	159.5	

moy_capacite_W : 
137.54000000000002	147.41	129.44999999999996	

med_capacite_X : 
165.5	173.0	159.5	

med_capacite_W : 
152.75	162.95	129.55	

ecartType_capacite_X : 
10.087616170334792	7.430343195303969	9.404786015641186	

ecartType_capacite_W : 
40.14332323064447	41.57076977877605	42.91806729106054	

var_capacite_X : 
101.75999999999999	55.21	88.45	

var_capacite_W : 
1611.4864	1728.1289000000002	1841.9605000000004	

covar_capacite_X : 
113.06666666666666	61.34444444444444	98.27777777777777	

covar_capacite_W : 
1790.5404444444443	1920.1432222222222	2046.6227777777776	

##########	##########	##########	##########	##########	##########	##########	##########	##########	##########	##########	##########	##########	##########	##########	##########	##########	##########	##########	##########	##########	##########	##########	##########	##########	##########	##########	##########	##########	##########	##########	##########	##########	##########	##########	##########	##########	##########	##########	##########	##########	##########	##########	##########	##########	##########	##########	##########	##########	##########	##########	##########	##########	##########	##########	##########	##########	##########	##########	##########	##########	##########	##########	##########	##########	##########	##########	##########	##########	##########	##########	##########	##########	##########	##########	##########	##########	##########	##########	##########	##########	##########	##########	##########	##########	##########	##########	##########	##########	##########	##########	##########	##########	##########	##########	##########	##########	##########	##########	##########	nombre de noeuds : 100
nombre de strates : 3
nombre de centres : 10
titre : intelligent
instances : p15_1
temps de calcul : 0.13972997665405273
valeur objective : 303.0
nombre de solutions : 4
nombre de noeuds : 1.0
faisability : True
moy_distances :	53.1
min_distances :	1.0
max_distances :	129.0
var_distances :	639.288544801551
covar_distances :	639.3531259253816
ecartType_distances :	25.284156003346265
coef_variation	: 0.4761683763817822
distances_centre_x :
-1.0	39.0	24.0	-1.0	23.0	0.0	17.0	-1.0	14.0	11.0	-1.0	-1.0	11.0	0.0	-1.0	-1.0	-1.0	18.0	-1.0	0.0	17.0	11.0	15.0	-1.0	26.0	22.0	13.0	15.0	-1.0	14.0	-1.0	-1.0	0.0	-1.0	-1.0	10.0	10.0	3.0	22.0	33.0	22.0	11.0	-1.0	-1.0	0.0	1.0	14.0	-1.0	12.0	25.0	0.0	6.0	-1.0	30.0	8.0	21.0	6.0	-1.0	-1.0	-1.0	12.0	24.0	-1.0	8.0	17.0	-1.0	23.0	32.0	33.0	-1.0	-1.0	25.0	9.0	-1.0	5.0	28.0	16.0	32.0	14.0	22.0	-1.0	-1.0	17.0	-1.0	15.0	25.0	-1.0	26.0	15.0	3.0	24.0	22.0	8.0	-1.0	32.0	0.0	-1.0	26.0	16.0	-1.0	
7.0	-1.0	-1.0	-1.0	-1.0	16.0	17.0	33.0	14.0	11.0	10.0	-1.0	-1.0	0.0	-1.0	-1.0	26.0	18.0	8.0	0.0	17.0	-1.0	15.0	19.0	26.0	-1.0	13.0	15.0	21.0	14.0	7.0	15.0	0.0	-1.0	-1.0	-1.0	10.0	-1.0	22.0	18.0	22.0	-1.0	12.0	33.0	-1.0	-1.0	14.0	6.0	-1.0	25.0	0.0	6.0	18.0	-1.0	8.0	-1.0	6.0	22.0	15.0	-1.0	-1.0	24.0	16.0	8.0	-1.0	-1.0	23.0	-1.0	33.0	20.0	-1.0	25.0	9.0	38.0	5.0	-1.0	16.0	32.0	14.0	22.0	28.0	6.0	-1.0	-1.0	15.0	-1.0	-1.0	26.0	15.0	3.0	-1.0	-1.0	8.0	0.0	32.0	-1.0	0.0	-1.0	-1.0	20.0	
7.0	39.0	-1.0	8.0	-1.0	0.0	17.0	33.0	14.0	11.0	10.0	12.0	-1.0	0.0	21.0	24.0	-1.0	18.0	8.0	0.0	17.0	-1.0	15.0	19.0	26.0	39.0	13.0	-1.0	-1.0	14.0	7.0	15.0	0.0	24.0	24.0	10.0	-1.0	-1.0	22.0	-1.0	22.0	11.0	-1.0	-1.0	-1.0	-1.0	14.0	6.0	12.0	25.0	-1.0	6.0	-1.0	30.0	8.0	21.0	6.0	22.0	25.0	23.0	-1.0	24.0	16.0	8.0	17.0	39.0	23.0	32.0	33.0	20.0	12.0	37.0	9.0	38.0	5.0	40.0	16.0	32.0	14.0	-1.0	28.0	28.0	-1.0	28.0	31.0	-1.0	0.0	-1.0	-1.0	3.0	24.0	22.0	-1.0	0.0	32.0	-1.0	-1.0	-1.0	-1.0	20.0	

distances_centre_w :
-1.0	50.0	47.0	-1.0	40.0	16.0	51.0	-1.0	43.0	20.0	-1.0	-1.0	37.0	15.0	-1.0	-1.0	-1.0	34.0	-1.0	15.0	34.0	16.0	44.0	-1.0	47.0	27.0	27.0	36.0	-1.0	24.0	-1.0	-1.0	22.0	-1.0	-1.0	28.0	40.0	19.0	27.0	46.0	25.0	35.0	-1.0	-1.0	16.0	15.0	40.0	-1.0	12.0	43.0	16.0	25.0	-1.0	60.0	9.0	35.0	24.0	-1.0	-1.0	-1.0	25.0	26.0	-1.0	21.0	23.0	-1.0	26.0	51.0	55.0	-1.0	-1.0	37.0	25.0	-1.0	12.0	40.0	32.0	52.0	22.0	30.0	-1.0	-1.0	23.0	-1.0	15.0	41.0	-1.0	26.0	21.0	19.0	38.0	60.0	42.0	-1.0	33.0	60.0	-1.0	43.0	49.0	-1.0	
17.0	-1.0	-1.0	-1.0	-1.0	34.0	51.0	35.0	55.0	13.0	15.0	-1.0	-1.0	15.0	-1.0	-1.0	35.0	19.0	41.0	15.0	34.0	-1.0	44.0	53.0	36.0	-1.0	22.0	20.0	24.0	24.0	9.0	17.0	22.0	-1.0	-1.0	-1.0	23.0	-1.0	27.0	28.0	25.0	-1.0	64.0	66.0	-1.0	-1.0	40.0	21.0	-1.0	43.0	16.0	25.0	49.0	-1.0	9.0	-1.0	23.0	43.0	19.0	-1.0	-1.0	26.0	16.0	21.0	-1.0	-1.0	26.0	-1.0	60.0	40.0	-1.0	37.0	25.0	47.0	30.0	-1.0	32.0	52.0	22.0	30.0	56.0	28.0	-1.0	-1.0	15.0	-1.0	-1.0	26.0	21.0	19.0	-1.0	-1.0	42.0	19.0	33.0	-1.0	16.0	-1.0	-1.0	29.0	
17.0	50.0	-1.0	15.0	-1.0	16.0	51.0	35.0	51.0	13.0	15.0	44.0	-1.0	15.0	28.0	25.0	-1.0	19.0	41.0	15.0	34.0	-1.0	44.0	57.0	43.0	40.0	22.0	-1.0	-1.0	52.0	9.0	33.0	22.0	58.0	26.0	28.0	-1.0	-1.0	27.0	-1.0	25.0	14.0	-1.0	-1.0	-1.0	-1.0	40.0	21.0	12.0	43.0	-1.0	25.0	-1.0	60.0	9.0	35.0	18.0	42.0	49.0	39.0	-1.0	26.0	16.0	21.0	30.0	49.0	26.0	51.0	55.0	40.0	16.0	37.0	25.0	47.0	12.0	58.0	32.0	52.0	22.0	-1.0	56.0	56.0	-1.0	59.0	46.0	-1.0	48.0	-1.0	-1.0	26.0	38.0	60.0	-1.0	19.0	33.0	-1.0	-1.0	-1.0	-1.0	29.0	

maxX :
39.0	38.0	40.0	

maxW :
60.0	66.0	60.0	

minX :
0.0	0.0	0.0	

minW :
9.0	9.0	9.0	

moyX :
15.954545454545455	15.578125	18.205479452054796	

moyW :
31.924242424242426	30.296875	33.726027397260275	

medX :
15.0	15.0	17.0	

medW :
29.0	26.0	33.0	

ecartTypeX :
9.855673367186087	9.38050619552991	10.881628232452337	

ecartTypeW :
13.17517248010911	13.839119922682041	14.995214098580357	

varX :
97.13429752066114	87.993896484375	118.4098329893038	

varW :
173.58516988062442	191.521240234375	224.8564458622631	

covarX :
98.62867132867135	89.390625	120.05441400304413	

covarW :
176.25571095571095	194.5612599206349	227.97945205479456	

coef_variationX :
0.6177345130430026	0.6021588731333142	0.5977117087803014	

coef_variationW :
0.412701178778928	0.4567837416460292	0.44461845215124535	

moy_distances_centre :	51.77777777777778
min_distances_centre :	15.0
max_distances_centre :	95.0
med_distances_centre :	55.0
ecartType_distances_centre :	22.051343006607595
var_distances_centre :	486.2617283950617
covar_distances_centre :	491.72534332084894
coef_variation_distances_centre :	0.4258843069945673
capacite_X_temoin : 
157.0	172.0	153.0	157.0	177.0	171.0	174.0	162.0	145.0	178.0	
171.0	160.0	175.0	166.0	136.0	178.0	157.0	162.0	178.0	175.0	
157.0	154.0	162.0	174.0	166.0	175.0	154.0	162.0	162.0	142.0	

capacite_W_temoin : 
133.1	207.6	105.9	185.1	152.1	154.3	151.2	91.6	44.5	160.4	
157.3	190.0	157.5	190.8	114.8	168.4	95.1	67.6	92.4	189.5	
143.1	168.2	154.6	201.2	149.8	159.5	97.19999999999999	49.6	48.6	139.6	

demande_cumulee_X : 
71.0	16.0	93.0	19.0	78.0	68.0	75.0	119.0	144.0	71.0	
65.0	18.0	70.0	25.0	62.0	63.0	109.0	143.0	139.0	38.0	
61.0	32.0	56.0	25.0	66.0	68.0	103.0	161.0	162.0	45.0	

demande_cumulee_W : 
111.0	107.0	57.0	34.0	57.0	93.0	59.0	60.0	31.0	145.0	
152.0	101.0	46.0	1.0	56.0	72.0	39.0	21.0	76.0	168.0	
121.0	74.0	109.0	25.0	149.0	74.0	37.0	43.0	15.0	132.0	

capacite_residuelle_X : 
86.0	156.0	60.0	138.0	99.0	103.0	99.0	43.0	1.0	107.0	
106.0	142.0	105.0	141.0	74.0	115.0	48.0	19.0	39.0	137.0	
96.0	122.0	106.0	149.0	100.0	107.0	51.0	1.0	0.0	97.0	

capacite_residuelle_W : 
22.099999999999994	100.6	48.900000000000006	151.1	95.1	61.30000000000001	92.19999999999999	31.599999999999994	13.5	15.400000000000006	
5.300000000000011	89.0	111.5	189.8	58.8	96.4	56.099999999999994	46.599999999999994	16.400000000000006	21.5	
22.099999999999994	94.19999999999999	45.599999999999994	176.2	0.8000000000000114	85.5	60.19999999999999	6.600000000000001	33.6	7.599999999999994	

min_capacite_X : 
145.0	136.0	142.0	

min_capacite_W : 
44.5	67.6	48.6	

max_capacite_X : 
178.0	178.0	175.0	

max_capacite_W : 
207.6	190.8	201.2	

moy_capacite_X : 
164.6	165.8	160.8	

moy_capacite_W : 
138.58	142.34	131.13999999999996	

med_capacite_X : 
166.5	168.5	162.0	

med_capacite_W : 
151.64999999999998	157.4	146.45	

ecartType_capacite_X : 
10.762899237658969	12.278436382536661	9.314504817756013	

ecartType_capacite_W : 
44.88801176260762	43.64264428285711	47.762813987452624	

var_capacite_X : 
115.84	150.76	86.75999999999999	

var_capacite_W : 
2014.9335999999998	1904.6804000000004	2281.2864	

covar_capacite_X : 
128.7111111111111	167.51111111111112	96.39999999999999	

covar_capacite_W : 
2238.815111111111	2116.311555555556	2534.762666666666	

##########	##########	##########	##########	##########	##########	##########	##########	##########	##########	##########	##########	##########	##########	##########	##########	##########	##########	##########	##########	##########	##########	##########	##########	##########	##########	##########	##########	##########	##########	##########	##########	##########	##########	##########	##########	##########	##########	##########	##########	##########	##########	##########	##########	##########	##########	##########	##########	##########	##########	##########	##########	##########	##########	##########	##########	##########	##########	##########	##########	##########	##########	##########	##########	##########	##########	##########	##########	##########	##########	##########	##########	##########	##########	##########	##########	##########	##########	##########	##########	##########	##########	##########	##########	##########	##########	##########	##########	##########	##########	##########	##########	##########	##########	##########	##########	##########	##########	##########	##########	nombre de noeuds : 100
nombre de strates : 3
nombre de centres : 10
titre : intelligent
instances : p15_1
temps de calcul : 0.13383197784423828
valeur objective : 299.0
nombre de solutions : 3
nombre de noeuds : 1.0
faisability : True
moy_distances :	53.1
min_distances :	1.0
max_distances :	129.0
var_distances :	639.288544801551
covar_distances :	639.3531259253816
ecartType_distances :	25.284156003346265
coef_variation	: 0.4761683763817822
distances_centre_x :
-1.0	39.0	13.0	-1.0	23.0	0.0	17.0	-1.0	40.0	11.0	-1.0	-1.0	11.0	0.0	-1.0	-1.0	-1.0	18.0	-1.0	0.0	17.0	11.0	15.0	-1.0	26.0	22.0	8.0	6.0	-1.0	14.0	-1.0	-1.0	0.0	-1.0	-1.0	28.0	10.0	3.0	27.0	18.0	22.0	0.0	-1.0	-1.0	0.0	1.0	14.0	-1.0	19.0	25.0	0.0	6.0	-1.0	30.0	8.0	21.0	6.0	-1.0	-1.0	-1.0	12.0	24.0	-1.0	8.0	17.0	-1.0	23.0	32.0	33.0	-1.0	-1.0	25.0	9.0	-1.0	5.0	28.0	32.0	32.0	22.0	22.0	-1.0	-1.0	17.0	-1.0	15.0	20.0	-1.0	26.0	15.0	3.0	24.0	22.0	42.0	-1.0	32.0	0.0	-1.0	26.0	16.0	-1.0	
32.0	-1.0	-1.0	-1.0	-1.0	0.0	17.0	33.0	14.0	11.0	10.0	-1.0	-1.0	0.0	-1.0	-1.0	26.0	18.0	8.0	0.0	17.0	-1.0	15.0	19.0	26.0	-1.0	8.0	6.0	21.0	14.0	9.0	15.0	0.0	-1.0	-1.0	-1.0	10.0	-1.0	27.0	18.0	22.0	-1.0	12.0	33.0	-1.0	-1.0	14.0	6.0	-1.0	25.0	0.0	6.0	18.0	-1.0	8.0	-1.0	6.0	22.0	15.0	-1.0	-1.0	31.0	16.0	8.0	-1.0	-1.0	26.0	-1.0	33.0	40.0	-1.0	25.0	9.0	38.0	5.0	-1.0	32.0	32.0	22.0	22.0	28.0	6.0	-1.0	-1.0	15.0	-1.0	-1.0	26.0	15.0	3.0	-1.0	-1.0	42.0	0.0	32.0	-1.0	16.0	-1.0	-1.0	29.0	
7.0	39.0	-1.0	8.0	-1.0	0.0	17.0	33.0	40.0	11.0	10.0	12.0	-1.0	0.0	21.0	24.0	-1.0	18.0	8.0	0.0	17.0	-1.0	15.0	19.0	26.0	27.0	8.0	-1.0	-1.0	14.0	7.0	15.0	0.0	24.0	24.0	28.0	-1.0	-1.0	27.0	-1.0	22.0	0.0	-1.0	-1.0	-1.0	-1.0	14.0	6.0	12.0	25.0	-1.0	6.0	-1.0	30.0	8.0	21.0	6.0	22.0	15.0	39.0	-1.0	24.0	32.0	8.0	17.0	39.0	36.0	32.0	33.0	40.0	12.0	25.0	9.0	38.0	5.0	40.0	32.0	32.0	22.0	-1.0	28.0	28.0	-1.0	28.0	15.0	-1.0	37.0	-1.0	-1.0	3.0	24.0	22.0	-1.0	0.0	32.0	-1.0	-1.0	-1.0	-1.0	29.0	

distances_centre_w :
-1.0	50.0	14.0	-1.0	40.0	31.0	51.0	-1.0	43.0	20.0	-1.0	-1.0	37.0	15.0	-1.0	-1.0	-1.0	44.0	-1.0	15.0	34.0	16.0	55.0	-1.0	29.0	27.0	13.0	15.0	-1.0	24.0	-1.0	-1.0	22.0	-1.0	-1.0	35.0	23.0	19.0	32.0	46.0	46.0	11.0	-1.0	-1.0	16.0	15.0	30.0	-1.0	23.0	43.0	16.0	56.0	-1.0	57.0	9.0	35.0	15.0	-1.0	-1.0	-1.0	25.0	30.0	-1.0	21.0	21.0	-1.0	26.0	51.0	55.0	-1.0	-1.0	37.0	20.0	-1.0	23.0	40.0	33.0	52.0	32.0	31.0	-1.0	-1.0	23.0	-1.0	15.0	25.0	-1.0	34.0	24.0	19.0	38.0	49.0	43.0	-1.0	33.0	27.0	-1.0	43.0	43.0	-1.0	
54.0	-1.0	-1.0	-1.0	-1.0	16.0	43.0	35.0	40.0	13.0	15.0	-1.0	-1.0	15.0	-1.0	-1.0	35.0	19.0	32.0	15.0	34.0	-1.0	41.0	46.0	29.0	-1.0	13.0	15.0	24.0	24.0	27.0	17.0	22.0	-1.0	-1.0	-1.0	23.0	-1.0	32.0	20.0	31.0	-1.0	33.0	61.0	-1.0	-1.0	30.0	21.0	-1.0	43.0	16.0	25.0	23.0	-1.0	9.0	-1.0	15.0	27.0	15.0	-1.0	-1.0	51.0	37.0	21.0	-1.0	-1.0	28.0	-1.0	58.0	46.0	-1.0	37.0	20.0	47.0	32.0	-1.0	33.0	52.0	32.0	49.0	56.0	23.0	-1.0	-1.0	15.0	-1.0	-1.0	34.0	24.0	19.0	-1.0	-1.0	43.0	19.0	33.0	-1.0	19.0	-1.0	-1.0	32.0	
17.0	50.0	-1.0	15.0	-1.0	34.0	43.0	35.0	43.0	13.0	15.0	35.0	-1.0	15.0	28.0	25.0	-1.0	19.0	32.0	15.0	48.0	-1.0	41.0	53.0	29.0	47.0	13.0	-1.0	-1.0	39.0	9.0	17.0	22.0	50.0	26.0	35.0	-1.0	-1.0	32.0	-1.0	31.0	11.0	-1.0	-1.0	-1.0	-1.0	40.0	37.0	12.0	43.0	-1.0	25.0	-1.0	57.0	9.0	37.0	15.0	27.0	15.0	47.0	-1.0	30.0	46.0	21.0	54.0	49.0	42.0	51.0	55.0	46.0	16.0	37.0	20.0	47.0	9.0	46.0	33.0	52.0	32.0	-1.0	54.0	34.0	-1.0	55.0	38.0	-1.0	45.0	-1.0	-1.0	19.0	40.0	49.0	-1.0	19.0	33.0	-1.0	-1.0	-1.0	-1.0	52.0	

maxX :
42.0	42.0	40.0	

maxW :
57.0	61.0	57.0	

minX :
0.0	0.0	0.0	

minW :
9.0	9.0	9.0	

moyX :
16.833333333333332	17.375	19.82191780821918	

moyW :
30.833333333333332	29.8125	33.21917808219178	

medX :
17.0	16.0	21.0	

medW :
30.0	28.5	34.0	

ecartTypeX :
11.01181642646212	10.989341427037381	11.811698943778154	

ecartTypeW :
12.949298955323544	12.751072258833764	14.131715593862655	

varX :
121.260101010101	120.765625	139.51623193844998	

varW :
167.68434343434342	162.58984375	199.70538562582095	

covarX :
123.125641025641	122.68253968253967	141.4539573820396	

covarW :
170.26410256410256	165.1706349206349	202.47907153729068	

coef_variationX :
0.6541673124630963	0.6324800821316479	0.5958908243924016	

coef_variationW :
0.41997726341589875	0.42770892272817657	0.42540834571215413	

moy_distances_centre :	48.15555555555556
min_distances_centre :	11.0
max_distances_centre :	95.0
med_distances_centre :	50.0
ecartType_distances_centre :	23.434026121153693
var_distances_centre :	549.1535802469135
covar_distances_centre :	555.3238451935081
coef_variation_distances_centre :	0.4866318299270494
capacite_X_temoin : 
157.0	172.0	153.0	157.0	150.0	177.0	171.0	162.0	145.0	178.0	
171.0	160.0	175.0	166.0	177.0	136.0	178.0	162.0	178.0	175.0	
157.0	154.0	162.0	174.0	153.0	166.0	175.0	162.0	162.0	142.0	

capacite_W_temoin : 
139.1	207.6	79.9	185.1	127.0	206.1	134.3	91.6	43.5	140.4	
141.3	190.0	129.5	194.8	203.1	153.8	80.4	67.6	92.4	196.5	
105.1	168.2	121.6	201.2	164.9	191.8	99.5	70.6	59.6	127.6	

demande_cumulee_X : 
65.0	16.0	119.0	19.0	68.0	24.0	88.0	119.0	145.0	91.0	
81.0	18.0	98.0	21.0	27.0	23.0	151.0	143.0	139.0	31.0	
99.0	32.0	89.0	25.0	34.0	24.0	128.0	140.0	151.0	57.0	

demande_cumulee_W : 
103.0	116.0	59.0	12.0	125.0	33.0	80.0	61.0	27.0	138.0	
116.0	101.0	33.0	1.0	167.0	50.0	18.0	18.0	41.0	187.0	
99.0	112.0	89.0	22.0	150.0	53.0	36.0	56.0	39.0	123.0	

capacite_residuelle_X : 
92.0	156.0	34.0	138.0	82.0	153.0	83.0	43.0	0.0	87.0	
90.0	142.0	77.0	145.0	150.0	113.0	27.0	19.0	39.0	144.0	
58.0	122.0	73.0	149.0	119.0	142.0	47.0	22.0	11.0	85.0	

capacite_residuelle_W : 
36.099999999999994	91.6	20.900000000000006	173.1	2.0	173.1	54.30000000000001	30.599999999999994	16.5	2.4000000000000057	
25.30000000000001	89.0	96.5	193.8	36.099999999999994	103.80000000000001	62.400000000000006	49.599999999999994	51.400000000000006	9.5	
6.099999999999994	56.19999999999999	32.599999999999994	179.2	14.900000000000006	138.8	63.5	14.599999999999994	20.6	4.599999999999994	

min_capacite_X : 
145.0	136.0	142.0	

min_capacite_W : 
43.5	67.6	59.6	

max_capacite_X : 
178.0	178.0	175.0	

max_capacite_W : 
207.6	203.1	201.2	

moy_capacite_X : 
162.2	167.8	160.7	

moy_capacite_W : 
135.46	144.94	131.01	

med_capacite_X : 
159.5	173.0	162.0	

med_capacite_W : 
136.7	147.55	124.6	

ecartType_capacite_X : 
11.070682002478437	12.310970717209914	9.392017887546851	

ecartType_capacite_W : 
51.221229973517815	48.78004100039277	46.54764118620835	

var_capacite_X : 
122.55999999999999	151.56	88.21000000000001	

var_capacite_W : 
2623.6143999999995	2379.4924	2166.6829000000002	

covar_capacite_X : 
136.17777777777775	168.39999999999998	98.01111111111112	

covar_capacite_W : 
2915.1271111111105	2643.8804444444445	2407.4254444444446	

##########	##########	##########	##########	##########	##########	##########	##########	##########	##########	##########	##########	##########	##########	##########	##########	##########	##########	##########	##########	##########	##########	##########	##########	##########	##########	##########	##########	##########	##########	##########	##########	##########	##########	##########	##########	##########	##########	##########	##########	##########	##########	##########	##########	##########	##########	##########	##########	##########	##########	##########	##########	##########	##########	##########	##########	##########	##########	##########	##########	##########	##########	##########	##########	##########	##########	##########	##########	##########	##########	##########	##########	##########	##########	##########	##########	##########	##########	##########	##########	##########	##########	##########	##########	##########	##########	##########	##########	##########	##########	##########	##########	##########	##########	##########	##########	##########	##########	##########	##########	nombre de noeuds : 100
nombre de strates : 3
nombre de centres : 10
titre : intelligent
instances : p15_1
temps de calcul : 0.12931299209594727
valeur objective : 299.0
nombre de solutions : 3
nombre de noeuds : 1.0
faisability : True
moy_distances :	53.1
min_distances :	1.0
max_distances :	129.0
var_distances :	639.288544801551
covar_distances :	639.3531259253816
ecartType_distances :	25.284156003346265
coef_variation	: 0.4761683763817822
distances_centre_x :
-1.0	39.0	13.0	-1.0	19.0	0.0	17.0	-1.0	14.0	11.0	-1.0	-1.0	7.0	0.0	-1.0	-1.0	-1.0	18.0	-1.0	0.0	13.0	11.0	15.0	-1.0	26.0	39.0	8.0	6.0	-1.0	14.0	-1.0	-1.0	22.0	-1.0	-1.0	28.0	10.0	3.0	27.0	18.0	22.0	0.0	-1.0	-1.0	0.0	1.0	14.0	-1.0	12.0	19.0	0.0	0.0	-1.0	30.0	8.0	18.0	6.0	-1.0	-1.0	-1.0	12.0	24.0	-1.0	8.0	17.0	-1.0	23.0	26.0	33.0	-1.0	-1.0	25.0	9.0	-1.0	5.0	28.0	32.0	32.0	22.0	22.0	-1.0	-1.0	17.0	-1.0	15.0	20.0	-1.0	26.0	15.0	3.0	21.0	22.0	42.0	-1.0	30.0	0.0	-1.0	21.0	16.0	-1.0	
32.0	-1.0	-1.0	-1.0	-1.0	0.0	17.0	30.0	14.0	11.0	10.0	-1.0	-1.0	0.0	-1.0	-1.0	25.0	18.0	8.0	0.0	13.0	-1.0	15.0	19.0	26.0	-1.0	8.0	6.0	21.0	14.0	7.0	15.0	22.0	-1.0	-1.0	-1.0	10.0	-1.0	27.0	18.0	22.0	-1.0	12.0	33.0	-1.0	-1.0	14.0	6.0	-1.0	19.0	0.0	0.0	18.0	-1.0	8.0	-1.0	6.0	22.0	15.0	-1.0	-1.0	24.0	16.0	8.0	-1.0	-1.0	23.0	-1.0	33.0	40.0	-1.0	25.0	9.0	33.0	5.0	-1.0	32.0	32.0	22.0	22.0	28.0	6.0	-1.0	-1.0	15.0	-1.0	-1.0	26.0	15.0	3.0	-1.0	-1.0	42.0	0.0	30.0	-1.0	0.0	-1.0	-1.0	29.0	
17.0	39.0	-1.0	8.0	-1.0	0.0	17.0	30.0	40.0	11.0	10.0	12.0	-1.0	0.0	21.0	24.0	-1.0	18.0	8.0	0.0	13.0	-1.0	15.0	19.0	26.0	30.0	8.0	-1.0	-1.0	14.0	7.0	15.0	22.0	24.0	24.0	28.0	-1.0	-1.0	27.0	-1.0	22.0	0.0	-1.0	-1.0	-1.0	-1.0	14.0	6.0	12.0	19.0	-1.0	0.0	-1.0	30.0	8.0	18.0	6.0	22.0	15.0	39.0	-1.0	24.0	16.0	8.0	17.0	34.0	23.0	26.0	33.0	40.0	12.0	25.0	9.0	33.0	5.0	28.0	32.0	32.0	22.0	-1.0	28.0	34.0	-1.0	28.0	38.0	-1.0	37.0	-1.0	-1.0	3.0	21.0	22.0	-1.0	0.0	30.0	-1.0	-1.0	-1.0	-1.0	29.0	

distances_centre_w :
-1.0	45.0	14.0	-1.0	23.0	16.0	43.0	-1.0	43.0	20.0	-1.0	-1.0	11.0	15.0	-1.0	-1.0	-1.0	23.0	-1.0	21.0	17.0	16.0	41.0	-1.0	28.0	39.0	13.0	15.0	-1.0	15.0	-1.0	-1.0	24.0	-1.0	-1.0	35.0	23.0	19.0	32.0	20.0	31.0	11.0	-1.0	-1.0	11.0	15.0	30.0	-1.0	12.0	25.0	16.0	6.0	-1.0	57.0	9.0	21.0	42.0	-1.0	-1.0	-1.0	42.0	30.0	-1.0	21.0	21.0	-1.0	26.0	32.0	51.0	-1.0	-1.0	36.0	41.0	-1.0	12.0	37.0	33.0	49.0	32.0	31.0	-1.0	-1.0	23.0	-1.0	15.0	25.0	-1.0	34.0	24.0	19.0	24.0	49.0	43.0	-1.0	32.0	27.0	-1.0	26.0	43.0	-1.0	
54.0	-1.0	-1.0	-1.0	-1.0	16.0	51.0	33.0	40.0	13.0	15.0	-1.0	-1.0	15.0	-1.0	-1.0	26.0	34.0	32.0	15.0	17.0	-1.0	41.0	46.0	28.0	-1.0	13.0	15.0	24.0	15.0	9.0	17.0	24.0	-1.0	-1.0	-1.0	23.0	-1.0	32.0	20.0	31.0	-1.0	42.0	61.0	-1.0	-1.0	30.0	21.0	-1.0	25.0	16.0	6.0	23.0	-1.0	9.0	-1.0	42.0	27.0	15.0	-1.0	-1.0	30.0	16.0	21.0	-1.0	-1.0	26.0	-1.0	51.0	46.0	-1.0	37.0	20.0	38.0	9.0	-1.0	33.0	49.0	32.0	55.0	56.0	23.0	-1.0	-1.0	15.0	-1.0	-1.0	34.0	24.0	19.0	-1.0	-1.0	43.0	6.0	32.0	-1.0	16.0	-1.0	-1.0	32.0	
18.0	45.0	-1.0	15.0	-1.0	14.0	51.0	33.0	55.0	13.0	15.0	35.0	-1.0	15.0	47.0	25.0	-1.0	23.0	32.0	15.0	17.0	-1.0	41.0	46.0	28.0	40.0	13.0	-1.0	-1.0	15.0	27.0	50.0	24.0	50.0	26.0	35.0	-1.0	-1.0	32.0	-1.0	31.0	11.0	-1.0	-1.0	-1.0	-1.0	30.0	21.0	12.0	25.0	-1.0	6.0	-1.0	57.0	9.0	21.0	15.0	27.0	37.0	47.0	-1.0	30.0	16.0	21.0	45.0	39.0	26.0	32.0	51.0	46.0	16.0	36.0	47.0	38.0	9.0	37.0	33.0	49.0	32.0	-1.0	53.0	50.0	-1.0	55.0	46.0	-1.0	55.0	-1.0	-1.0	31.0	24.0	49.0	-1.0	6.0	32.0	-1.0	-1.0	-1.0	-1.0	32.0	

maxX :
42.0	42.0	40.0	

maxW :
57.0	61.0	57.0	

minX :
0.0	0.0	0.0	

minW :
6.0	6.0	6.0	

moyX :
16.272727272727273	16.859375	19.54794520547945	

moyW :
26.893939393939394	27.796875	31.232876712328768	

medX :
16.5	15.5	21.0	

medW :
24.5	25.5	32.0	

ecartTypeX :
10.666494488968508	10.741082329512935	11.136809380387174	

ecartTypeW :
11.845122750145896	13.522180491118101	14.132950469905433	

varX :
113.77410468319557	115.370849609375	124.02852317507974	

varW :
140.30693296602388	182.849365234375	199.74028898480017	

covarX :
115.52447552447555	117.20213293650794	125.75114155251141	

covarW :
142.46550116550117	185.75173611111111	202.5144596651446	

coef_variationX :
0.655482901556724	0.6370984884975235	0.5697176487514112	

coef_variationW :
0.44043836704767836	0.4864640536433718	0.45250236153644585	

moy_distances_centre :	47.84444444444444
min_distances_centre :	6.0
max_distances_centre :	83.0
med_distances_centre :	55.0
ecartType_distances_centre :	22.406304227511562
var_distances_centre :	502.0424691358025
covar_distances_centre :	507.68339575530604
coef_variation_distances_centre :	0.4683156944904879
capacite_X_temoin : 
157.0	172.0	153.0	150.0	177.0	171.0	154.0	162.0	145.0	178.0	
171.0	160.0	175.0	177.0	136.0	178.0	150.0	162.0	178.0	175.0	
157.0	154.0	162.0	153.0	166.0	175.0	175.0	162.0	162.0	142.0	

capacite_W_temoin : 
148.1	188.6	70.9	141.0	206.1	134.3	102.19999999999999	173.6	45.5	140.4	
146.3	169.0	135.5	198.1	153.8	99.4	137.0	125.6	92.4	171.5	
113.1	147.2	121.6	148.9	181.8	121.5	162.5	140.6	52.6	121.6	

demande_cumulee_X : 
56.0	35.0	128.0	54.0	24.0	88.0	98.0	37.0	143.0	91.0	
76.0	39.0	92.0	32.0	23.0	132.0	58.0	85.0	139.0	56.0	
91.0	53.0	89.0	50.0	34.0	106.0	65.0	70.0	158.0	63.0	

demande_cumulee_W : 
69.0	78.0	54.0	137.0	64.0	70.0	47.0	117.0	23.0	95.0	
75.0	76.0	55.0	165.0	57.0	21.0	48.0	62.0	6.0	167.0	
34.0	91.0	99.0	147.0	52.0	18.0	102.0	105.0	18.0	113.0	

capacite_residuelle_X : 
101.0	137.0	25.0	96.0	153.0	83.0	56.0	125.0	2.0	87.0	
95.0	121.0	83.0	145.0	113.0	46.0	92.0	77.0	39.0	119.0	
66.0	101.0	73.0	103.0	132.0	69.0	110.0	92.0	4.0	79.0	

capacite_residuelle_W : 
79.1	110.6	16.900000000000006	4.0	142.1	64.30000000000001	55.19999999999999	56.599999999999994	22.5	45.400000000000006	
71.30000000000001	93.0	80.5	33.099999999999994	96.80000000000001	78.4	89.0	63.599999999999994	86.4	4.5	
79.1	56.19999999999999	22.599999999999994	1.9000000000000057	129.8	103.5	60.5	35.599999999999994	34.6	8.599999999999994	

min_capacite_X : 
145.0	136.0	142.0	

min_capacite_W : 
45.5	92.4	52.6	

max_capacite_X : 
178.0	178.0	175.0	

max_capacite_W : 
206.1	198.1	181.8	

moy_capacite_X : 
161.9	166.2	160.8	

moy_capacite_W : 
135.07	142.86000000000004	131.14	

med_capacite_X : 
159.5	173.0	162.0	

med_capacite_W : 
140.7	141.65	131.1	

ecartType_capacite_X : 
11.246777316191514	13.429817571359635	9.53729521405309	

ecartType_capacite_W : 
47.80192569342787	30.834921760886633	33.13856363815427	

var_capacite_X : 
126.48999999999998	180.36	90.96	

var_capacite_W : 
2285.0240999999996	950.7923999999999	1098.1644000000001	

covar_capacite_X : 
140.54444444444445	200.39999999999998	101.06666666666665	

covar_capacite_W : 
2538.9156666666663	1056.436	1220.1826666666668	

##########	##########	##########	##########	##########	##########	##########	##########	##########	##########	##########	##########	##########	##########	##########	##########	##########	##########	##########	##########	##########	##########	##########	##########	##########	##########	##########	##########	##########	##########	##########	##########	##########	##########	##########	##########	##########	##########	##########	##########	##########	##########	##########	##########	##########	##########	##########	##########	##########	##########	##########	##########	##########	##########	##########	##########	##########	##########	##########	##########	##########	##########	##########	##########	##########	##########	##########	##########	##########	##########	##########	##########	##########	##########	##########	##########	##########	##########	##########	##########	##########	##########	##########	##########	##########	##########	##########	##########	##########	##########	##########	##########	##########	##########	##########	##########	##########	##########	##########	##########	nombre de noeuds : 100
nombre de strates : 3
nombre de centres : 10
titre : intelligent
instances : p15_1
temps de calcul : 0.1326901912689209
valeur objective : 299.0
nombre de solutions : 3
nombre de noeuds : 1.0
faisability : True
moy_distances :	53.1
min_distances :	1.0
max_distances :	129.0
var_distances :	639.288544801551
covar_distances :	639.3531259253816
ecartType_distances :	25.284156003346265
coef_variation	: 0.4761683763817822
distances_centre_x :
-1.0	39.0	13.0	-1.0	19.0	0.0	17.0	-1.0	14.0	11.0	-1.0	-1.0	7.0	15.0	-1.0	-1.0	-1.0	18.0	-1.0	0.0	13.0	11.0	15.0	-1.0	26.0	40.0	8.0	6.0	-1.0	14.0	-1.0	-1.0	24.0	-1.0	-1.0	28.0	10.0	3.0	27.0	18.0	22.0	0.0	-1.0	-1.0	0.0	1.0	14.0	-1.0	19.0	19.0	0.0	0.0	-1.0	30.0	0.0	18.0	6.0	-1.0	-1.0	-1.0	12.0	24.0	-1.0	8.0	17.0	-1.0	23.0	26.0	33.0	-1.0	-1.0	25.0	9.0	-1.0	5.0	28.0	32.0	32.0	22.0	22.0	-1.0	-1.0	17.0	-1.0	15.0	20.0	-1.0	26.0	15.0	3.0	21.0	22.0	42.0	-1.0	30.0	0.0	-1.0	21.0	16.0	-1.0	
17.0	-1.0	-1.0	-1.0	-1.0	0.0	17.0	30.0	14.0	11.0	10.0	-1.0	-1.0	15.0	-1.0	-1.0	25.0	18.0	8.0	0.0	13.0	-1.0	15.0	19.0	26.0	-1.0	8.0	6.0	21.0	14.0	4.0	15.0	24.0	-1.0	-1.0	-1.0	10.0	-1.0	27.0	18.0	22.0	-1.0	12.0	33.0	-1.0	-1.0	14.0	6.0	-1.0	19.0	0.0	0.0	18.0	-1.0	0.0	-1.0	6.0	22.0	15.0	-1.0	-1.0	31.0	16.0	8.0	-1.0	-1.0	23.0	-1.0	33.0	40.0	-1.0	25.0	9.0	33.0	5.0	-1.0	32.0	32.0	22.0	22.0	28.0	6.0	-1.0	-1.0	15.0	-1.0	-1.0	26.0	15.0	3.0	-1.0	-1.0	42.0	0.0	30.0	-1.0	0.0	-1.0	-1.0	29.0	
17.0	39.0	-1.0	15.0	-1.0	0.0	17.0	30.0	14.0	11.0	10.0	12.0	-1.0	15.0	21.0	24.0	-1.0	18.0	8.0	0.0	13.0	-1.0	15.0	19.0	26.0	35.0	8.0	-1.0	-1.0	14.0	4.0	15.0	24.0	24.0	34.0	28.0	-1.0	-1.0	27.0	-1.0	22.0	0.0	-1.0	-1.0	-1.0	-1.0	14.0	6.0	12.0	19.0	-1.0	0.0	-1.0	30.0	0.0	18.0	6.0	22.0	15.0	39.0	-1.0	24.0	16.0	8.0	17.0	34.0	23.0	26.0	33.0	40.0	12.0	37.0	9.0	33.0	5.0	37.0	32.0	32.0	22.0	-1.0	28.0	28.0	-1.0	28.0	15.0	-1.0	37.0	-1.0	-1.0	3.0	21.0	22.0	-1.0	0.0	30.0	-1.0	-1.0	-1.0	-1.0	29.0	

distances_centre_w :
-1.0	45.0	14.0	-1.0	23.0	9.0	51.0	-1.0	40.0	13.0	-1.0	-1.0	11.0	24.0	-1.0	-1.0	-1.0	44.0	-1.0	19.0	17.0	33.0	44.0	-1.0	29.0	45.0	13.0	15.0	-1.0	15.0	-1.0	-1.0	30.0	-1.0	-1.0	48.0	23.0	19.0	32.0	20.0	31.0	11.0	-1.0	-1.0	8.0	15.0	30.0	-1.0	23.0	25.0	16.0	6.0	-1.0	57.0	8.0	21.0	15.0	-1.0	-1.0	-1.0	25.0	30.0	-1.0	21.0	21.0	-1.0	26.0	32.0	51.0	-1.0	-1.0	36.0	57.0	-1.0	12.0	37.0	33.0	49.0	41.0	31.0	-1.0	-1.0	23.0	-1.0	55.0	25.0	-1.0	34.0	35.0	19.0	24.0	49.0	43.0	-1.0	32.0	27.0	-1.0	26.0	43.0	-1.0	
22.0	-1.0	-1.0	-1.0	-1.0	21.0	51.0	47.0	40.0	13.0	13.0	-1.0	-1.0	24.0	-1.0	-1.0	56.0	26.0	32.0	19.0	17.0	-1.0	41.0	46.0	28.0	-1.0	13.0	15.0	24.0	15.0	9.0	17.0	30.0	-1.0	-1.0	-1.0	23.0	-1.0	49.0	20.0	31.0	-1.0	40.0	61.0	-1.0	-1.0	30.0	21.0	-1.0	25.0	16.0	6.0	23.0	-1.0	8.0	-1.0	23.0	27.0	15.0	-1.0	-1.0	43.0	16.0	21.0	-1.0	-1.0	26.0	-1.0	60.0	46.0	-1.0	50.0	18.0	38.0	6.0	-1.0	33.0	49.0	41.0	31.0	56.0	23.0	-1.0	-1.0	15.0	-1.0	-1.0	34.0	35.0	19.0	-1.0	-1.0	43.0	6.0	32.0	-1.0	16.0	-1.0	-1.0	32.0	
27.0	45.0	-1.0	30.0	-1.0	9.0	51.0	33.0	40.0	20.0	13.0	35.0	-1.0	24.0	51.0	25.0	-1.0	23.0	32.0	19.0	17.0	-1.0	41.0	57.0	28.0	40.0	13.0	-1.0	-1.0	15.0	9.0	47.0	30.0	50.0	46.0	48.0	-1.0	-1.0	32.0	-1.0	31.0	11.0	-1.0	-1.0	-1.0	-1.0	30.0	21.0	12.0	25.0	-1.0	6.0	-1.0	57.0	8.0	21.0	14.0	27.0	15.0	47.0	-1.0	30.0	16.0	21.0	21.0	39.0	26.0	32.0	51.0	46.0	31.0	50.0	57.0	38.0	6.0	40.0	33.0	49.0	41.0	-1.0	56.0	32.0	-1.0	55.0	15.0	-1.0	48.0	-1.0	-1.0	19.0	24.0	49.0	-1.0	6.0	32.0	-1.0	-1.0	-1.0	-1.0	32.0	

maxX :
42.0	42.0	40.0	

maxW :
57.0	61.0	57.0	

minX :
0.0	0.0	0.0	

minW :
6.0	6.0	6.0	

moyX :
16.53030303030303	16.828125	19.465753424657535	

moyW :
28.46969696969697	28.53125	31.095890410958905	

medX :
17.0	15.5	19.0	

medW :
26.0	25.5	31.0	

ecartTypeX :
10.660348076882567	10.69543519378127	11.046703086889115	

ecartTypeW :
13.278165829170854	14.155353172475069	14.567899016035733	

varX :
113.64302112029384	114.392333984375	122.02964908988552	

varW :
176.30968778696052	200.3740234375	212.2236817414149	

covarX :
115.39137529137528	116.20808531746032	123.72450532724507	

covarW :
179.02214452214454	203.5545634920635	215.17123287671234	

coef_variationX :
0.6448973172082946	0.6355690365849594	0.5674942472504612	

coef_variationW :
0.4663964580762514	0.4961350509520287	0.46848309611040023	

moy_distances_centre :	44.977777777777774
min_distances_centre :	6.0
max_distances_centre :	83.0
med_distances_centre :	53.0
ecartType_distances_centre :	22.763995830539933
var_distances_centre :	518.1995061728395
covar_distances_centre :	524.0219725343321
coef_variation_distances_centre :	0.5061165080900677
capacite_X_temoin : 
157.0	153.0	150.0	177.0	171.0	154.0	147.0	162.0	145.0	178.0	
171.0	175.0	177.0	136.0	178.0	150.0	159.0	162.0	178.0	175.0	
157.0	162.0	153.0	166.0	175.0	175.0	171.0	162.0	162.0	142.0	

capacite_W_temoin : 
139.1	63.9	141.0	177.1	134.3	118.19999999999999	185.1	173.6	45.5	140.4	
150.3	117.5	203.1	133.8	83.4	137.0	196.7	125.6	92.4	187.5	
121.1	98.6	183.9	171.8	116.5	155.5	187.3	123.6	48.6	126.6	

demande_cumulee_X : 
65.0	135.0	54.0	53.0	88.0	82.0	6.0	37.0	143.0	91.0	
72.0	110.0	27.0	43.0	148.0	58.0	10.0	85.0	139.0	40.0	
83.0	112.0	15.0	44.0	111.0	72.0	35.0	87.0	162.0	58.0	

demande_cumulee_W : 
115.0	38.0	127.0	59.0	94.0	34.0	92.0	82.0	22.0	91.0	
100.0	49.0	139.0	35.0	21.0	36.0	141.0	38.0	0.0	173.0	
59.0	66.0	180.0	44.0	44.0	44.0	135.0	95.0	0.0	112.0	

capacite_residuelle_X : 
92.0	18.0	96.0	124.0	83.0	72.0	141.0	125.0	2.0	87.0	
99.0	65.0	150.0	93.0	30.0	92.0	149.0	77.0	39.0	135.0	
74.0	50.0	138.0	122.0	64.0	103.0	136.0	75.0	0.0	84.0	

capacite_residuelle_W : 
24.099999999999994	25.9	14.0	118.1	40.30000000000001	84.19999999999999	93.1	91.6	23.5	49.400000000000006	
50.30000000000001	68.5	64.1	98.80000000000001	62.400000000000006	101.0	55.69999999999999	87.6	92.4	14.5	
62.099999999999994	32.599999999999994	3.9000000000000057	127.80000000000001	72.5	111.5	52.30000000000001	28.599999999999994	48.6	14.599999999999994	

min_capacite_X : 
145.0	136.0	142.0	

min_capacite_W : 
45.5	83.4	48.6	

max_capacite_X : 
178.0	178.0	175.0	

max_capacite_W : 
185.1	203.1	187.3	

moy_capacite_X : 
159.4	166.1	162.5	

moy_capacite_W : 
131.82000000000002	142.73000000000002	133.35	

med_capacite_X : 
155.5	173.0	162.0	

med_capacite_W : 
139.75	135.4	125.1	

ecartType_capacite_X : 
11.499565209172042	13.479243302203578	9.687620966986684	

ecartType_capacite_W : 
43.70516674261751	39.64174693426111	40.496499848752364	

var_capacite_X : 
132.24	181.69	93.85	

var_capacite_W : 
1910.1415999999997	1571.4680999999998	1639.9665000000005	

covar_capacite_X : 
146.93333333333334	201.87777777777774	104.27777777777777	

covar_capacite_W : 
2122.3795555555553	1746.0756666666662	1822.1850000000004	

##########	##########	##########	##########	##########	##########	##########	##########	##########	##########	##########	##########	##########	##########	##########	##########	##########	##########	##########	##########	##########	##########	##########	##########	##########	##########	##########	##########	##########	##########	##########	##########	##########	##########	##########	##########	##########	##########	##########	##########	##########	##########	##########	##########	##########	##########	##########	##########	##########	##########	##########	##########	##########	##########	##########	##########	##########	##########	##########	##########	##########	##########	##########	##########	##########	##########	##########	##########	##########	##########	##########	##########	##########	##########	##########	##########	##########	##########	##########	##########	##########	##########	##########	##########	##########	##########	##########	##########	##########	##########	##########	##########	##########	##########	##########	##########	##########	##########	##########	##########	nombre de noeuds : 100
nombre de strates : 3
nombre de centres : 10
titre : intelligent
instances : p15_1
temps de calcul : 0.12176203727722168
valeur objective : 310.0
nombre de solutions : 3
nombre de noeuds : 1.0
faisability : True
moy_distances :	53.1
min_distances :	1.0
max_distances :	129.0
var_distances :	639.288544801551
covar_distances :	639.3531259253816
ecartType_distances :	25.284156003346265
coef_variation	: 0.4761683763817822
distances_centre_x :
-1.0	39.0	13.0	-1.0	19.0	0.0	17.0	-1.0	41.0	13.0	-1.0	-1.0	7.0	15.0	-1.0	-1.0	-1.0	18.0	-1.0	0.0	13.0	11.0	15.0	-1.0	28.0	22.0	0.0	3.0	-1.0	14.0	-1.0	-1.0	24.0	-1.0	-1.0	28.0	25.0	3.0	32.0	15.0	22.0	0.0	-1.0	-1.0	0.0	1.0	14.0	-1.0	12.0	19.0	16.0	0.0	-1.0	30.0	0.0	18.0	6.0	-1.0	-1.0	-1.0	25.0	24.0	-1.0	8.0	17.0	-1.0	23.0	26.0	33.0	-1.0	-1.0	25.0	9.0	-1.0	5.0	28.0	32.0	32.0	22.0	31.0	-1.0	-1.0	17.0	-1.0	15.0	20.0	-1.0	34.0	35.0	3.0	21.0	22.0	43.0	-1.0	30.0	0.0	-1.0	21.0	16.0	-1.0	
17.0	-1.0	-1.0	-1.0	-1.0	0.0	17.0	30.0	14.0	13.0	10.0	-1.0	-1.0	15.0	-1.0	-1.0	25.0	18.0	8.0	0.0	13.0	-1.0	15.0	19.0	26.0	-1.0	0.0	3.0	21.0	14.0	4.0	15.0	24.0	-1.0	-1.0	-1.0	10.0	-1.0	32.0	15.0	22.0	-1.0	12.0	33.0	-1.0	-1.0	14.0	21.0	-1.0	19.0	16.0	0.0	18.0	-1.0	0.0	-1.0	6.0	22.0	15.0	-1.0	-1.0	24.0	16.0	8.0	-1.0	-1.0	23.0	-1.0	33.0	46.0	-1.0	25.0	9.0	33.0	5.0	-1.0	32.0	32.0	22.0	31.0	28.0	6.0	-1.0	-1.0	15.0	-1.0	-1.0	34.0	15.0	3.0	-1.0	-1.0	43.0	0.0	30.0	-1.0	0.0	-1.0	-1.0	32.0	
17.0	39.0	-1.0	15.0	-1.0	0.0	17.0	30.0	14.0	13.0	10.0	12.0	-1.0	15.0	28.0	24.0	-1.0	18.0	43.0	0.0	13.0	-1.0	15.0	19.0	26.0	40.0	0.0	-1.0	-1.0	14.0	4.0	15.0	24.0	24.0	24.0	28.0	-1.0	-1.0	32.0	-1.0	22.0	0.0	-1.0	-1.0	-1.0	-1.0	26.0	21.0	12.0	19.0	-1.0	0.0	-1.0	30.0	0.0	18.0	6.0	34.0	15.0	47.0	-1.0	43.0	16.0	8.0	17.0	34.0	23.0	26.0	33.0	46.0	31.0	44.0	9.0	33.0	5.0	28.0	36.0	32.0	22.0	-1.0	28.0	6.0	-1.0	28.0	15.0	-1.0	37.0	-1.0	-1.0	3.0	21.0	22.0	-1.0	0.0	30.0	-1.0	-1.0	-1.0	-1.0	32.0	

distances_centre_w :
-1.0	45.0	21.0	-1.0	23.0	9.0	42.0	-1.0	51.0	20.0	-1.0	-1.0	11.0	24.0	-1.0	-1.0	-1.0	18.0	-1.0	19.0	17.0	30.0	41.0	-1.0	45.0	27.0	8.0	6.0	-1.0	15.0	-1.0	-1.0	30.0	-1.0	-1.0	48.0	56.0	27.0	49.0	18.0	31.0	8.0	-1.0	-1.0	8.0	19.0	26.0	-1.0	50.0	25.0	30.0	6.0	-1.0	57.0	8.0	21.0	14.0	-1.0	-1.0	-1.0	42.0	30.0	-1.0	21.0	21.0	-1.0	26.0	32.0	55.0	-1.0	-1.0	36.0	47.0	-1.0	6.0	37.0	36.0	49.0	41.0	49.0	-1.0	-1.0	50.0	-1.0	46.0	25.0	-1.0	52.0	48.0	19.0	24.0	52.0	45.0	-1.0	32.0	34.0	-1.0	26.0	49.0	-1.0	
22.0	-1.0	-1.0	-1.0	-1.0	21.0	42.0	33.0	40.0	20.0	13.0	-1.0	-1.0	24.0	-1.0	-1.0	56.0	34.0	31.0	19.0	17.0	-1.0	41.0	53.0	28.0	-1.0	8.0	6.0	24.0	15.0	9.0	17.0	30.0	-1.0	-1.0	-1.0	23.0	-1.0	49.0	18.0	31.0	-1.0	32.0	60.0	-1.0	-1.0	26.0	37.0	-1.0	25.0	30.0	6.0	23.0	-1.0	8.0	-1.0	14.0	27.0	15.0	-1.0	-1.0	30.0	46.0	21.0	-1.0	-1.0	26.0	-1.0	51.0	55.0	-1.0	57.0	18.0	47.0	6.0	-1.0	36.0	52.0	41.0	49.0	54.0	23.0	-1.0	-1.0	15.0	-1.0	-1.0	52.0	35.0	19.0	-1.0	-1.0	45.0	6.0	32.0	-1.0	48.0	-1.0	-1.0	46.0	
54.0	45.0	-1.0	30.0	-1.0	9.0	42.0	56.0	40.0	20.0	13.0	32.0	-1.0	24.0	47.0	25.0	-1.0	26.0	44.0	19.0	17.0	-1.0	41.0	53.0	28.0	47.0	8.0	-1.0	-1.0	15.0	9.0	50.0	30.0	50.0	26.0	48.0	-1.0	-1.0	49.0	-1.0	31.0	8.0	-1.0	-1.0	-1.0	-1.0	42.0	37.0	12.0	25.0	-1.0	6.0	-1.0	57.0	8.0	21.0	14.0	41.0	15.0	57.0	-1.0	51.0	16.0	21.0	21.0	39.0	42.0	32.0	51.0	55.0	35.0	57.0	47.0	38.0	6.0	37.0	57.0	49.0	41.0	-1.0	55.0	28.0	-1.0	55.0	15.0	-1.0	48.0	-1.0	-1.0	20.0	24.0	52.0	-1.0	53.0	44.0	-1.0	-1.0	-1.0	-1.0	46.0	

maxX :
43.0	46.0	47.0	

maxW :
57.0	60.0	57.0	

minX :
0.0	0.0	0.0	

minW :
6.0	6.0	6.0	

moyX :
17.727272727272727	17.515625	20.972602739726028	

moyW :
30.803030303030305	30.265625	34.32876712328767	

medX :
17.5	16.0	21.0	

medW :
30.0	29.0	37.0	

ecartTypeX :
11.355876138150405	11.166344785084105	12.387546334308906	

ecartTypeW :
14.879536178183432	15.082318069825176	15.833945496523107	

varX :
128.95592286501378	124.687255859375	153.45130418465	

varW :
221.40059687786962	227.476318359375	250.71382998686437	

covarX :
130.93986013986017	126.66641865079364	155.5825722983257	

covarW :
224.8067599067599	231.08705357142856	254.19596651445963	

coef_variationX :
0.6405878847161768	0.6375076416105109	0.5906537442224364	

coef_variationW :
0.48305429796365296	0.49833162440310336	0.46124422236479923	

moy_distances_centre :	41.08888888888889
min_distances_centre :	6.0
max_distances_centre :	73.0
med_distances_centre :	38.0
ecartType_distances_centre :	22.457685862995493
var_distances_centre :	504.3476543209877
covar_distances_centre :	510.014481897628
coef_variation_distances_centre :	0.546563474221091
capacite_X_temoin : 
157.0	153.0	172.0	150.0	177.0	154.0	147.0	162.0	145.0	178.0	
171.0	175.0	135.0	177.0	136.0	150.0	159.0	162.0	178.0	175.0	
157.0	162.0	168.0	153.0	166.0	175.0	171.0	162.0	162.0	142.0	

capacite_W_temoin : 
148.1	70.9	172.6	165.0	194.1	105.19999999999999	152.1	186.6	55.5	69.4	
150.3	102.5	136.5	230.1	134.8	137.0	196.7	125.6	103.4	54.5	
127.1	79.6	186.4	189.9	146.8	162.5	177.3	140.6	67.6	46.6	

demande_cumulee_X : 
56.0	128.0	51.0	30.0	36.0	95.0	39.0	24.0	133.0	162.0	
72.0	125.0	39.0	0.0	42.0	58.0	10.0	85.0	128.0	173.0	
77.0	131.0	32.0	9.0	69.0	65.0	45.0	70.0	143.0	138.0	

demande_cumulee_W : 
130.0	59.0	49.0	61.0	21.0	70.0	124.0	174.0	36.0	30.0	
109.0	100.0	42.0	103.0	5.0	33.0	145.0	125.0	17.0	53.0	
96.0	76.0	46.0	112.0	33.0	84.0	148.0	132.0	22.0	30.0	

capacite_residuelle_X : 
101.0	25.0	121.0	120.0	141.0	59.0	108.0	138.0	12.0	16.0	
99.0	50.0	96.0	177.0	94.0	92.0	149.0	77.0	50.0	2.0	
80.0	31.0	136.0	144.0	97.0	110.0	126.0	92.0	19.0	4.0	

capacite_residuelle_W : 
18.099999999999994	11.900000000000006	123.6	104.0	173.1	35.19999999999999	28.099999999999994	12.599999999999994	19.5	39.400000000000006	
41.30000000000001	2.5	94.5	127.1	129.8	104.0	51.69999999999999	0.5999999999999943	86.4	1.5	
31.099999999999994	3.5999999999999943	140.4	77.9	113.80000000000001	78.5	29.30000000000001	8.599999999999994	45.599999999999994	16.6	

min_capacite_X : 
145.0	135.0	142.0	

min_capacite_W : 
55.5	54.5	46.6	

max_capacite_X : 
178.0	178.0	175.0	

max_capacite_W : 
194.1	230.1	189.9	

moy_capacite_X : 
159.5	161.8	161.8	

moy_capacite_W : 
131.95	137.14000000000001	132.44	

med_capacite_X : 
155.5	166.5	162.0	

med_capacite_W : 
150.1	135.65	143.7	

ecartType_capacite_X : 
11.603878661895772	15.67673435381234	8.98665677546439	

ecartType_capacite_W : 
49.45764349420623	46.54987003204197	48.78059450232234	

var_capacite_X : 
134.65	245.76	80.76	

var_capacite_W : 
2446.0585	2166.8903999999993	2379.5464	

covar_capacite_X : 
149.61111111111111	273.0666666666667	89.73333333333335	

covar_capacite_W : 
2717.8427777777774	2407.6559999999995	2643.940444444445	

##########	##########	##########	##########	##########	##########	##########	##########	##########	##########	##########	##########	##########	##########	##########	##########	##########	##########	##########	##########	##########	##########	##########	##########	##########	##########	##########	##########	##########	##########	##########	##########	##########	##########	##########	##########	##########	##########	##########	##########	##########	##########	##########	##########	##########	##########	##########	##########	##########	##########	##########	##########	##########	##########	##########	##########	##########	##########	##########	##########	##########	##########	##########	##########	##########	##########	##########	##########	##########	##########	##########	##########	##########	##########	##########	##########	##########	##########	##########	##########	##########	##########	##########	##########	##########	##########	##########	##########	##########	##########	##########	##########	##########	##########	##########	##########	##########	##########	##########	##########	nombre de noeuds : 100
nombre de strates : 3
nombre de centres : 10
titre : intelligent
instances : p15_1
temps de calcul : 0.1265730857849121
valeur objective : 310.0
nombre de solutions : 3
nombre de noeuds : 1.0
faisability : True
moy_distances :	53.1
min_distances :	1.0
max_distances :	129.0
var_distances :	639.288544801551
covar_distances :	639.3531259253816
ecartType_distances :	25.284156003346265
coef_variation	: 0.4761683763817822
distances_centre_x :
-1.0	20.0	13.0	-1.0	19.0	0.0	14.0	-1.0	9.0	13.0	-1.0	-1.0	7.0	15.0	-1.0	-1.0	-1.0	18.0	-1.0	0.0	13.0	11.0	8.0	-1.0	29.0	27.0	0.0	3.0	-1.0	14.0	-1.0	-1.0	24.0	-1.0	-1.0	28.0	10.0	3.0	32.0	15.0	22.0	0.0	-1.0	-1.0	0.0	1.0	26.0	-1.0	12.0	19.0	16.0	0.0	-1.0	8.0	0.0	18.0	6.0	-1.0	-1.0	-1.0	25.0	24.0	-1.0	8.0	17.0	-1.0	23.0	26.0	12.0	-1.0	-1.0	24.0	9.0	-1.0	5.0	19.0	32.0	13.0	22.0	31.0	-1.0	-1.0	17.0	-1.0	15.0	25.0	-1.0	34.0	15.0	3.0	21.0	0.0	43.0	-1.0	27.0	22.0	-1.0	21.0	8.0	-1.0	
17.0	-1.0	-1.0	-1.0	-1.0	0.0	14.0	27.0	9.0	13.0	10.0	-1.0	-1.0	15.0	-1.0	-1.0	25.0	18.0	21.0	0.0	13.0	-1.0	8.0	9.0	26.0	-1.0	0.0	3.0	24.0	14.0	4.0	15.0	24.0	-1.0	-1.0	-1.0	10.0	-1.0	32.0	15.0	22.0	-1.0	19.0	15.0	-1.0	-1.0	26.0	21.0	-1.0	19.0	16.0	0.0	18.0	-1.0	0.0	-1.0	6.0	22.0	15.0	-1.0	-1.0	24.0	16.0	8.0	-1.0	-1.0	23.0	-1.0	12.0	46.0	-1.0	24.0	9.0	32.0	5.0	-1.0	32.0	13.0	22.0	31.0	7.0	23.0	-1.0	-1.0	15.0	-1.0	-1.0	34.0	15.0	3.0	-1.0	-1.0	43.0	0.0	27.0	-1.0	0.0	-1.0	-1.0	32.0	
17.0	20.0	-1.0	15.0	-1.0	9.0	14.0	27.0	41.0	13.0	10.0	22.0	-1.0	24.0	28.0	28.0	-1.0	18.0	21.0	0.0	13.0	-1.0	41.0	9.0	26.0	27.0	0.0	-1.0	-1.0	14.0	4.0	15.0	24.0	14.0	24.0	28.0	-1.0	-1.0	32.0	-1.0	22.0	0.0	-1.0	-1.0	-1.0	-1.0	26.0	21.0	12.0	19.0	-1.0	0.0	-1.0	8.0	0.0	18.0	6.0	22.0	15.0	47.0	-1.0	24.0	16.0	8.0	17.0	34.0	42.0	26.0	12.0	46.0	12.0	24.0	9.0	32.0	5.0	19.0	32.0	13.0	22.0	-1.0	7.0	23.0	-1.0	6.0	15.0	-1.0	37.0	-1.0	-1.0	3.0	24.0	0.0	-1.0	0.0	27.0	-1.0	-1.0	-1.0	-1.0	46.0	

distances_centre_w :
-1.0	45.0	14.0	-1.0	23.0	14.0	42.0	-1.0	40.0	20.0	-1.0	-1.0	11.0	24.0	-1.0	-1.0	-1.0	23.0	-1.0	19.0	17.0	30.0	41.0	-1.0	38.0	30.0	8.0	6.0	-1.0	15.0	-1.0	-1.0	30.0	-1.0	-1.0	48.0	23.0	21.0	49.0	20.0	31.0	8.0	-1.0	-1.0	8.0	19.0	30.0	-1.0	23.0	25.0	30.0	6.0	-1.0	57.0	9.0	21.0	15.0	-1.0	-1.0	-1.0	48.0	30.0	-1.0	21.0	21.0	-1.0	26.0	32.0	51.0	-1.0	-1.0	36.0	18.0	-1.0	52.0	37.0	36.0	49.0	41.0	55.0	-1.0	-1.0	36.0	-1.0	20.0	42.0	-1.0	52.0	35.0	19.0	24.0	52.0	45.0	-1.0	30.0	27.0	-1.0	26.0	49.0	-1.0	
22.0	-1.0	-1.0	-1.0	-1.0	16.0	55.0	30.0	40.0	20.0	13.0	-1.0	-1.0	24.0	-1.0	-1.0	56.0	18.0	31.0	19.0	17.0	-1.0	41.0	53.0	28.0	-1.0	8.0	6.0	27.0	15.0	9.0	17.0	30.0	-1.0	-1.0	-1.0	23.0	-1.0	49.0	20.0	46.0	-1.0	34.0	60.0	-1.0	-1.0	30.0	37.0	-1.0	25.0	30.0	6.0	23.0	-1.0	8.0	-1.0	15.0	27.0	15.0	-1.0	-1.0	30.0	16.0	21.0	-1.0	-1.0	26.0	-1.0	55.0	55.0	-1.0	37.0	18.0	33.0	6.0	-1.0	36.0	49.0	41.0	49.0	53.0	24.0	-1.0	-1.0	47.0	-1.0	-1.0	52.0	35.0	19.0	-1.0	-1.0	45.0	6.0	30.0	-1.0	48.0	-1.0	-1.0	46.0	
29.0	45.0	-1.0	30.0	-1.0	14.0	43.0	56.0	49.0	20.0	13.0	32.0	-1.0	35.0	47.0	47.0	-1.0	23.0	31.0	19.0	17.0	-1.0	42.0	53.0	28.0	47.0	8.0	-1.0	-1.0	15.0	9.0	17.0	30.0	49.0	46.0	48.0	-1.0	-1.0	49.0	-1.0	32.0	8.0	-1.0	-1.0	-1.0	-1.0	30.0	37.0	19.0	25.0	-1.0	6.0	-1.0	57.0	8.0	21.0	14.0	27.0	15.0	57.0	-1.0	30.0	16.0	21.0	21.0	34.0	42.0	32.0	51.0	55.0	31.0	44.0	18.0	33.0	6.0	37.0	36.0	57.0	41.0	-1.0	56.0	34.0	-1.0	55.0	20.0	-1.0	56.0	-1.0	-1.0	20.0	38.0	52.0	-1.0	6.0	53.0	-1.0	-1.0	-1.0	-1.0	52.0	

maxX :
43.0	46.0	47.0	

maxW :
57.0	60.0	57.0	

minX :
0.0	0.0	0.0	

minW :
6.0	6.0	6.0	

moyX :
15.363636363636363	16.578125	18.835616438356166	

moyW :
29.439393939393938	30.0	32.794520547945204	

medX :
15.0	15.0	18.0	

medW :
28.5	29.0	32.0	

ecartTypeX :
10.082442530603391	10.623977432410848	11.883006974541	

ecartTypeW :
13.646099218279002	15.035374953754895	15.52369722247433	

varX :
101.65564738292011	112.868896484375	141.20585475699005	

varW :
186.2160238751148	226.0625	240.98517545505726	

covarX :
103.21958041958042	114.66046626984127	143.16704718417046	

covarW :
189.0808857808858	229.65079365079364	244.33219178082186	

coef_variationX :
0.6562536558380906	0.6408431250464602	0.630879643011995	

coef_variationW :
0.46353193433165935	0.5011791651251631	0.4733625301757002	

moy_distances_centre :	43.86666666666667
min_distances_centre :	6.0
max_distances_centre :	74.0
med_distances_centre :	52.0
ecartType_distances_centre :	22.989466186833383
var_distances_centre :	528.5155555555555
covar_distances_centre :	534.4539325842696
coef_variation_distances_centre :	0.5240759769034966
capacite_X_temoin : 
157.0	153.0	172.0	150.0	177.0	154.0	147.0	178.0	162.0	178.0	
171.0	175.0	135.0	177.0	136.0	150.0	159.0	160.0	162.0	175.0	
157.0	162.0	168.0	153.0	166.0	175.0	171.0	135.0	162.0	142.0	

capacite_W_temoin : 
116.1	46.9	165.6	165.0	194.1	123.19999999999999	176.1	119.4	186.6	69.4	
128.3	102.5	116.5	224.1	134.8	151.0	196.7	114.0	125.6	54.5	
111.1	92.6	175.4	167.9	166.8	179.5	187.3	41.5	123.6	43.6	

demande_cumulee_X : 
88.0	152.0	58.0	30.0	36.0	77.0	15.0	112.0	24.0	162.0	
94.0	125.0	59.0	6.0	42.0	44.0	10.0	94.0	85.0	173.0	
93.0	118.0	43.0	31.0	49.0	48.0	35.0	134.0	87.0	141.0	

demande_cumulee_W : 
107.0	44.0	42.0	154.0	0.0	67.0	129.0	5.0	185.0	21.0	
86.0	90.0	28.0	153.0	13.0	51.0	141.0	0.0	117.0	53.0	
105.0	89.0	95.0	115.0	11.0	70.0	134.0	1.0	116.0	43.0	

capacite_residuelle_X : 
69.0	1.0	114.0	120.0	141.0	77.0	132.0	66.0	138.0	16.0	
77.0	50.0	76.0	171.0	94.0	106.0	149.0	66.0	77.0	2.0	
64.0	44.0	125.0	122.0	117.0	127.0	136.0	1.0	75.0	1.0	

capacite_residuelle_W : 
9.099999999999994	2.8999999999999986	123.6	11.0	194.1	56.19999999999999	47.099999999999994	114.4	1.5999999999999943	48.400000000000006	
42.30000000000001	12.5	88.5	71.1	121.80000000000001	100.0	55.69999999999999	114.0	8.599999999999994	1.5	
6.099999999999994	3.5999999999999943	80.4	52.900000000000006	155.8	109.5	53.30000000000001	40.5	7.599999999999994	0.6000000000000014	

min_capacite_X : 
147.0	135.0	135.0	

min_capacite_W : 
46.9	54.5	41.5	

max_capacite_X : 
178.0	177.0	175.0	

max_capacite_W : 
194.1	224.1	187.3	

moy_capacite_X : 
162.8	160.0	159.1	

moy_capacite_W : 
136.24	134.8	128.92999999999998	

med_capacite_X : 
159.5	161.0	162.0	

med_capacite_W : 
144.1	126.95	145.2	

ecartType_capacite_X : 
11.702991070662236	14.717336715588184	12.053630158587081	

ecartType_capacite_W : 
47.40289442639552	45.226474547547916	52.60041919985049	

var_capacite_X : 
136.96	216.6	145.29000000000002	

var_capacite_W : 
2247.0343999999996	2045.4339999999997	2766.8041000000003	

covar_capacite_X : 
152.17777777777778	240.66666666666666	161.43333333333334	

covar_capacite_W : 
2496.7048888888885	2272.704444444444	3074.226777777778	

##########	##########	##########	##########	##########	##########	##########	##########	##########	##########	##########	##########	##########	##########	##########	##########	##########	##########	##########	##########	##########	##########	##########	##########	##########	##########	##########	##########	##########	##########	##########	##########	##########	##########	##########	##########	##########	##########	##########	##########	##########	##########	##########	##########	##########	##########	##########	##########	##########	##########	##########	##########	##########	##########	##########	##########	##########	##########	##########	##########	##########	##########	##########	##########	##########	##########	##########	##########	##########	##########	##########	##########	##########	##########	##########	##########	##########	##########	##########	##########	##########	##########	##########	##########	##########	##########	##########	##########	##########	##########	##########	##########	##########	##########	##########	##########	##########	##########	##########	##########	nombre de noeuds : 100
nombre de strates : 3
nombre de centres : 10
titre : intelligent
instances : p15_1
temps de calcul : 0.11917710304260254
valeur objective : 349.0
nombre de solutions : 3
nombre de noeuds : 1.0
faisability : True
moy_distances :	53.1
min_distances :	1.0
max_distances :	129.0
var_distances :	639.288544801551
covar_distances :	639.3531259253816
ecartType_distances :	25.284156003346265
coef_variation	: 0.4761683763817822
distances_centre_x :
-1.0	45.0	13.0	-1.0	19.0	0.0	42.0	-1.0	40.0	0.0	-1.0	-1.0	7.0	15.0	-1.0	-1.0	-1.0	18.0	-1.0	0.0	13.0	11.0	41.0	-1.0	26.0	27.0	0.0	3.0	-1.0	14.0	-1.0	-1.0	24.0	-1.0	-1.0	28.0	10.0	3.0	32.0	15.0	22.0	0.0	-1.0	-1.0	0.0	1.0	26.0	-1.0	12.0	19.0	11.0	0.0	-1.0	57.0	0.0	18.0	6.0	-1.0	-1.0	-1.0	24.0	24.0	-1.0	8.0	17.0	-1.0	23.0	26.0	51.0	-1.0	-1.0	36.0	9.0	-1.0	5.0	37.0	32.0	49.0	22.0	31.0	-1.0	-1.0	17.0	-1.0	15.0	25.0	-1.0	34.0	15.0	3.0	21.0	49.0	43.0	-1.0	30.0	27.0	-1.0	21.0	43.0	-1.0	
17.0	-1.0	-1.0	-1.0	-1.0	0.0	42.0	30.0	40.0	0.0	10.0	-1.0	-1.0	15.0	-1.0	-1.0	25.0	18.0	31.0	0.0	13.0	-1.0	41.0	46.0	26.0	-1.0	0.0	3.0	24.0	14.0	4.0	15.0	24.0	-1.0	-1.0	-1.0	10.0	-1.0	32.0	15.0	22.0	-1.0	32.0	60.0	-1.0	-1.0	26.0	18.0	-1.0	19.0	11.0	0.0	18.0	-1.0	0.0	-1.0	6.0	42.0	15.0	-1.0	-1.0	24.0	16.0	8.0	-1.0	-1.0	23.0	-1.0	51.0	51.0	-1.0	36.0	9.0	33.0	5.0	-1.0	32.0	49.0	22.0	31.0	53.0	23.0	-1.0	-1.0	15.0	-1.0	-1.0	34.0	15.0	3.0	-1.0	-1.0	43.0	0.0	30.0	-1.0	0.0	-1.0	-1.0	32.0	
22.0	45.0	-1.0	15.0	-1.0	0.0	42.0	30.0	40.0	0.0	10.0	32.0	-1.0	15.0	28.0	24.0	-1.0	23.0	31.0	0.0	13.0	-1.0	41.0	46.0	26.0	27.0	0.0	-1.0	-1.0	14.0	4.0	15.0	24.0	49.0	24.0	28.0	-1.0	-1.0	32.0	-1.0	22.0	0.0	-1.0	-1.0	-1.0	-1.0	26.0	18.0	12.0	19.0	-1.0	0.0	-1.0	57.0	0.0	18.0	6.0	22.0	15.0	47.0	-1.0	24.0	16.0	8.0	17.0	34.0	34.0	26.0	51.0	46.0	12.0	36.0	9.0	33.0	5.0	37.0	32.0	49.0	22.0	-1.0	53.0	23.0	-1.0	55.0	15.0	-1.0	37.0	-1.0	-1.0	3.0	21.0	49.0	-1.0	0.0	30.0	-1.0	-1.0	-1.0	-1.0	32.0	

distances_centre_w :
-1.0	50.0	21.0	-1.0	23.0	21.0	55.0	-1.0	41.0	13.0	-1.0	-1.0	11.0	24.0	-1.0	-1.0	-1.0	23.0	-1.0	19.0	17.0	30.0	42.0	-1.0	28.0	30.0	8.0	6.0	-1.0	15.0	-1.0	-1.0	33.0	-1.0	-1.0	48.0	23.0	17.0	38.0	20.0	31.0	8.0	-1.0	-1.0	8.0	13.0	30.0	-1.0	14.0	25.0	16.0	6.0	-1.0	57.0	9.0	21.0	14.0	-1.0	-1.0	-1.0	25.0	30.0	-1.0	30.0	57.0	-1.0	50.0	32.0	55.0	-1.0	-1.0	37.0	54.0	-1.0	12.0	40.0	36.0	52.0	41.0	33.0	-1.0	-1.0	28.0	-1.0	20.0	28.0	-1.0	37.0	35.0	19.0	24.0	52.0	45.0	-1.0	32.0	27.0	-1.0	26.0	49.0	-1.0	
22.0	-1.0	-1.0	-1.0	-1.0	14.0	43.0	61.0	41.0	13.0	13.0	-1.0	-1.0	24.0	-1.0	-1.0	56.0	26.0	32.0	19.0	17.0	-1.0	42.0	53.0	28.0	-1.0	8.0	6.0	27.0	15.0	9.0	17.0	30.0	-1.0	-1.0	-1.0	23.0	-1.0	38.0	20.0	44.0	-1.0	40.0	61.0	-1.0	-1.0	30.0	21.0	-1.0	25.0	16.0	6.0	23.0	-1.0	8.0	-1.0	15.0	49.0	15.0	-1.0	-1.0	30.0	16.0	21.0	-1.0	-1.0	26.0	-1.0	60.0	55.0	-1.0	47.0	18.0	38.0	12.0	-1.0	36.0	59.0	41.0	33.0	56.0	24.0	-1.0	-1.0	47.0	-1.0	-1.0	37.0	35.0	19.0	-1.0	-1.0	45.0	6.0	32.0	-1.0	19.0	-1.0	-1.0	39.0	
27.0	50.0	-1.0	30.0	-1.0	9.0	55.0	33.0	41.0	13.0	13.0	35.0	-1.0	24.0	32.0	25.0	-1.0	26.0	32.0	19.0	17.0	-1.0	42.0	57.0	28.0	30.0	8.0	-1.0	-1.0	15.0	9.0	17.0	30.0	50.0	26.0	48.0	-1.0	-1.0	38.0	-1.0	32.0	8.0	-1.0	-1.0	-1.0	-1.0	30.0	21.0	12.0	25.0	-1.0	6.0	-1.0	57.0	8.0	21.0	14.0	27.0	15.0	50.0	-1.0	30.0	20.0	21.0	57.0	39.0	41.0	32.0	55.0	51.0	31.0	37.0	54.0	38.0	23.0	40.0	36.0	57.0	41.0	-1.0	54.0	34.0	-1.0	55.0	20.0	-1.0	55.0	-1.0	-1.0	20.0	24.0	49.0	-1.0	20.0	53.0	-1.0	-1.0	-1.0	-1.0	39.0	

maxX :
57.0	60.0	57.0	

maxW :
57.0	61.0	57.0	

minX :
0.0	0.0	0.0	

minW :
6.0	6.0	6.0	

moyX :
20.53030303030303	21.90625	24.26027397260274	

moyW :
29.0	29.703125	31.931506849315067	

medX :
19.0	20.5	24.0	

medW :
28.0	26.5	30.0	

ecartTypeX :
14.81422299475999	15.470454451550543	15.461864174819137	

ecartTypeW :
14.143206957062569	15.455257689031749	14.825310426303203	

varX :
219.46120293847568	239.3349609375	239.06924376055545	

varW :
200.03030303030303	238.864990234375	219.78982923625443	

covarX :
222.83752913752917	243.13392857142856	242.38964992389649	

covarW :
203.10769230769233	242.656498015873	222.84246575342465	

coef_variationX :
0.7215783894126637	0.7062119007840476	0.6373326283239961	

coef_variationW :
0.4876967916228472	0.5203242988416791	0.4642847109052483	

moy_distances_centre :	42.93333333333333
min_distances_centre :	6.0
max_distances_centre :	82.0
med_distances_centre :	50.0
ecartType_distances_centre :	24.949192817047656
var_distances_centre :	622.4622222222223
covar_distances_centre :	629.4561797752809
coef_variation_distances_centre :	0.5811147395275076
capacite_X_temoin : 
157.0	154.0	153.0	172.0	150.0	177.0	154.0	147.0	162.0	178.0	
171.0	150.0	175.0	135.0	177.0	136.0	150.0	159.0	162.0	175.0	
157.0	166.0	162.0	168.0	153.0	166.0	175.0	171.0	162.0	142.0	

capacite_W_temoin : 
129.1	163.2	46.9	114.6	134.0	194.1	93.19999999999999	176.1	173.6	106.4	
128.3	128.0	102.5	79.5	194.1	121.8	124.0	196.7	125.6	134.5	
111.1	180.8	89.6	108.4	139.9	176.8	137.5	202.3	126.6	56.6	

demande_cumulee_X : 
75.0	37.0	152.0	109.0	61.0	36.0	107.0	15.0	37.0	125.0	
94.0	67.0	125.0	96.0	36.0	55.0	71.0	10.0	85.0	93.0	
93.0	35.0	121.0	110.0	59.0	39.0	90.0	20.0	84.0	128.0	

demande_cumulee_W : 
121.0	128.0	42.0	65.0	85.0	24.0	37.0	90.0	104.0	58.0	
74.0	50.0	71.0	53.0	150.0	17.0	30.0	137.0	40.0	110.0	
73.0	121.0	42.0	57.0	139.0	11.0	69.0	131.0	83.0	53.0	

capacite_residuelle_X : 
82.0	117.0	1.0	63.0	89.0	141.0	47.0	132.0	125.0	53.0	
77.0	83.0	50.0	39.0	141.0	81.0	79.0	149.0	77.0	82.0	
64.0	131.0	41.0	58.0	94.0	127.0	85.0	151.0	78.0	14.0	

capacite_residuelle_W : 
8.099999999999994	35.19999999999999	4.899999999999999	49.599999999999994	49.0	170.1	56.19999999999999	86.1	69.6	48.400000000000006	
54.30000000000001	78.0	31.5	26.5	44.099999999999994	104.8	94.0	59.69999999999999	85.6	24.5	
38.099999999999994	59.80000000000001	47.599999999999994	51.400000000000006	0.9000000000000057	165.8	68.5	71.30000000000001	43.599999999999994	3.6000000000000014	

min_capacite_X : 
147.0	135.0	142.0	

min_capacite_W : 
46.9	79.5	56.6	

max_capacite_X : 
178.0	177.0	175.0	

max_capacite_W : 
194.1	196.7	202.3	

moy_capacite_X : 
160.4	159.0	162.2	

moy_capacite_W : 
133.11999999999998	133.49999999999997	132.95999999999998	

med_capacite_X : 
155.5	160.5	164.0	

med_capacite_W : 
131.55	126.8	132.05	

ecartType_capacite_X : 
10.762899237658969	15.019986684414869	9.075241043630742	

ecartType_capacite_W : 
42.673945212506425	34.483967289162074	42.33186034182765	

var_capacite_X : 
115.84	225.6	82.36	

var_capacite_W : 
1821.0656	1189.1439999999998	1791.9864000000005	

covar_capacite_X : 
128.71111111111108	250.66666666666666	91.5111111111111	

covar_capacite_W : 
2023.406222222222	1321.271111111111	1991.0960000000005	

##########	##########	##########	##########	##########	##########	##########	##########	##########	##########	##########	##########	##########	##########	##########	##########	##########	##########	##########	##########	##########	##########	##########	##########	##########	##########	##########	##########	##########	##########	##########	##########	##########	##########	##########	##########	##########	##########	##########	##########	##########	##########	##########	##########	##########	##########	##########	##########	##########	##########	##########	##########	##########	##########	##########	##########	##########	##########	##########	##########	##########	##########	##########	##########	##########	##########	##########	##########	##########	##########	##########	##########	##########	##########	##########	##########	##########	##########	##########	##########	##########	##########	##########	##########	##########	##########	##########	##########	##########	##########	##########	##########	##########	##########	##########	##########	##########	##########	##########	##########	nombre de noeuds : 100
nombre de strates : 3
nombre de centres : 10
titre : intelligent
instances : p15_1
temps de calcul : 0.1248319149017334
valeur objective : 310.0
nombre de solutions : 3
nombre de noeuds : 1.0
faisability : True
moy_distances :	53.1
min_distances :	1.0
max_distances :	129.0
var_distances :	639.288544801551
covar_distances :	639.3531259253816
ecartType_distances :	25.284156003346265
coef_variation	: 0.4761683763817822
distances_centre_x :
-1.0	25.0	13.0	-1.0	19.0	0.0	15.0	-1.0	0.0	13.0	-1.0	-1.0	7.0	15.0	-1.0	-1.0	-1.0	18.0	-1.0	0.0	13.0	11.0	1.0	-1.0	26.0	21.0	0.0	3.0	-1.0	14.0	-1.0	-1.0	24.0	-1.0	-1.0	28.0	10.0	3.0	32.0	15.0	22.0	0.0	-1.0	-1.0	0.0	1.0	25.0	-1.0	12.0	19.0	16.0	0.0	-1.0	17.0	0.0	18.0	6.0	-1.0	-1.0	-1.0	25.0	24.0	-1.0	8.0	17.0	-1.0	23.0	26.0	19.0	-1.0	-1.0	18.0	9.0	-1.0	5.0	17.0	32.0	18.0	22.0	31.0	-1.0	-1.0	17.0	-1.0	20.0	22.0	-1.0	34.0	15.0	3.0	21.0	9.0	43.0	-1.0	24.0	14.0	-1.0	21.0	8.0	-1.0	
17.0	-1.0	-1.0	-1.0	-1.0	0.0	15.0	25.0	0.0	13.0	10.0	-1.0	-1.0	15.0	-1.0	-1.0	25.0	18.0	15.0	0.0	13.0	-1.0	1.0	12.0	26.0	-1.0	0.0	3.0	23.0	14.0	4.0	15.0	24.0	-1.0	-1.0	-1.0	10.0	-1.0	32.0	15.0	22.0	-1.0	10.0	23.0	-1.0	-1.0	25.0	21.0	-1.0	19.0	16.0	0.0	18.0	-1.0	0.0	-1.0	6.0	22.0	15.0	-1.0	-1.0	24.0	16.0	8.0	-1.0	-1.0	23.0	-1.0	19.0	46.0	-1.0	18.0	9.0	33.0	5.0	-1.0	32.0	18.0	22.0	31.0	14.0	17.0	-1.0	-1.0	15.0	-1.0	-1.0	34.0	15.0	3.0	-1.0	-1.0	43.0	0.0	24.0	-1.0	0.0	-1.0	-1.0	46.0	
17.0	25.0	-1.0	15.0	-1.0	0.0	15.0	25.0	0.0	20.0	10.0	32.0	-1.0	15.0	28.0	28.0	-1.0	18.0	15.0	0.0	13.0	-1.0	42.0	12.0	26.0	30.0	0.0	-1.0	-1.0	14.0	4.0	15.0	24.0	18.0	24.0	28.0	-1.0	-1.0	32.0	-1.0	22.0	0.0	-1.0	-1.0	-1.0	-1.0	30.0	21.0	19.0	19.0	-1.0	0.0	-1.0	17.0	0.0	18.0	6.0	28.0	15.0	47.0	-1.0	24.0	16.0	8.0	17.0	34.0	36.0	26.0	19.0	46.0	31.0	18.0	9.0	33.0	5.0	17.0	32.0	18.0	22.0	-1.0	14.0	17.0	-1.0	15.0	15.0	-1.0	37.0	-1.0	-1.0	3.0	21.0	9.0	-1.0	0.0	24.0	-1.0	-1.0	-1.0	-1.0	32.0	

distances_centre_w :
-1.0	45.0	14.0	-1.0	23.0	14.0	54.0	-1.0	40.0	20.0	-1.0	-1.0	11.0	24.0	-1.0	-1.0	-1.0	18.0	-1.0	19.0	17.0	30.0	41.0	-1.0	28.0	27.0	8.0	6.0	-1.0	15.0	-1.0	-1.0	30.0	-1.0	-1.0	48.0	23.0	21.0	49.0	20.0	31.0	8.0	-1.0	-1.0	8.0	19.0	26.0	-1.0	28.0	43.0	30.0	6.0	-1.0	57.0	8.0	21.0	28.0	-1.0	-1.0	-1.0	42.0	30.0	-1.0	21.0	21.0	-1.0	26.0	32.0	55.0	-1.0	-1.0	36.0	47.0	-1.0	6.0	37.0	36.0	49.0	41.0	55.0	-1.0	-1.0	36.0	-1.0	47.0	25.0	-1.0	52.0	35.0	19.0	24.0	52.0	45.0	-1.0	30.0	34.0	-1.0	26.0	49.0	-1.0	
22.0	-1.0	-1.0	-1.0	-1.0	14.0	55.0	33.0	40.0	20.0	13.0	-1.0	-1.0	24.0	-1.0	-1.0	56.0	18.0	31.0	19.0	17.0	-1.0	41.0	53.0	28.0	-1.0	8.0	6.0	24.0	15.0	9.0	17.0	30.0	-1.0	-1.0	-1.0	23.0	-1.0	60.0	20.0	31.0	-1.0	33.0	60.0	-1.0	-1.0	26.0	37.0	-1.0	25.0	30.0	25.0	23.0	-1.0	8.0	-1.0	15.0	27.0	15.0	-1.0	-1.0	30.0	16.0	21.0	-1.0	-1.0	26.0	-1.0	55.0	55.0	-1.0	36.0	18.0	34.0	17.0	-1.0	36.0	57.0	41.0	49.0	53.0	23.0	-1.0	-1.0	38.0	-1.0	-1.0	52.0	35.0	19.0	-1.0	-1.0	45.0	6.0	30.0	-1.0	48.0	-1.0	-1.0	58.0	
27.0	45.0	-1.0	30.0	-1.0	9.0	42.0	33.0	49.0	24.0	13.0	45.0	-1.0	24.0	47.0	37.0	-1.0	18.0	31.0	19.0	17.0	-1.0	52.0	53.0	28.0	36.0	8.0	-1.0	-1.0	15.0	9.0	47.0	30.0	49.0	26.0	48.0	-1.0	-1.0	52.0	-1.0	31.0	8.0	-1.0	-1.0	-1.0	-1.0	42.0	37.0	23.0	25.0	-1.0	6.0	-1.0	57.0	8.0	21.0	14.0	49.0	15.0	57.0	-1.0	30.0	16.0	21.0	21.0	36.0	41.0	32.0	51.0	55.0	35.0	57.0	47.0	34.0	6.0	37.0	36.0	49.0	41.0	-1.0	56.0	23.0	-1.0	55.0	15.0	-1.0	56.0	-1.0	-1.0	26.0	38.0	52.0	-1.0	6.0	30.0	-1.0	-1.0	-1.0	-1.0	46.0	

maxX :
43.0	46.0	47.0	

maxW :
57.0	60.0	57.0	

minX :
0.0	0.0	0.0	

minW :
6.0	6.0	6.0	

moyX :
15.257575757575758	16.515625	18.972602739726028	

moyW :
29.78787878787879	30.453125	32.93150684931507	

medX :
16.5	15.5	18.0	

medW :
28.0	27.5	33.0	

ecartTypeX :
9.906090269429153	11.152343065893149	11.221277004392485	

ecartTypeW :
14.055641756868622	15.085102012726828	15.360801176953572	

varX :
98.13062442607897	124.374755859375	125.91705760930758	

varW :
197.56106519742886	227.560302734375	235.95421279789826	

covarX :
99.64032634032634	126.34895833333333	127.66590563165903	

covarW :
200.60046620046623	231.17237103174602	239.2313546423135	

coef_variationX :
0.6492571576785741	0.6752601288714868	0.5914463691845858	

coef_variationW :
0.47185775989487744	0.4953548121162222	0.4664469575364437	

moy_distances_centre :	42.37777777777778
min_distances_centre :	6.0
max_distances_centre :	73.0
med_distances_centre :	49.0
ecartType_distances_centre :	22.23539609510415
var_distances_centre :	494.4128395061729
covar_distances_centre :	499.9680399500625
coef_variation_distances_centre :	0.5246947164550009
capacite_X_temoin : 
157.0	163.0	153.0	172.0	150.0	177.0	154.0	147.0	162.0	178.0	
171.0	162.0	175.0	135.0	177.0	136.0	150.0	159.0	162.0	175.0	
157.0	145.0	162.0	168.0	153.0	166.0	175.0	171.0	162.0	142.0	

capacite_W_temoin : 
148.1	59.9	46.9	186.6	165.0	194.1	108.19999999999999	176.1	188.6	69.4	
150.3	74.6	86.5	136.5	230.1	134.8	145.0	196.7	125.6	70.5	
111.1	57.5	93.6	179.4	151.9	171.8	170.5	204.3	105.6	56.6	

demande_cumulee_X : 
56.0	152.0	152.0	37.0	30.0	36.0	92.0	15.0	22.0	162.0	
72.0	136.0	141.0	39.0	0.0	42.0	50.0	10.0	85.0	157.0	
93.0	131.0	117.0	39.0	47.0	44.0	57.0	18.0	105.0	128.0	

demande_cumulee_W : 
124.0	0.0	46.0	64.0	94.0	9.0	82.0	125.0	185.0	25.0	
146.0	6.0	71.0	47.0	124.0	6.0	39.0	119.0	111.0	63.0	
74.0	7.0	89.0	84.0	68.0	51.0	103.0	168.0	92.0	43.0	

capacite_residuelle_X : 
101.0	11.0	1.0	135.0	120.0	141.0	62.0	132.0	140.0	16.0	
99.0	26.0	34.0	96.0	177.0	94.0	100.0	149.0	77.0	18.0	
64.0	14.0	45.0	129.0	106.0	122.0	118.0	153.0	57.0	14.0	

capacite_residuelle_W : 
24.099999999999994	59.9	0.8999999999999986	122.6	71.0	185.1	26.19999999999999	51.099999999999994	3.5999999999999943	44.400000000000006	
4.300000000000011	68.6	15.5	89.5	106.1	128.8	106.0	77.69999999999999	14.599999999999994	7.5	
37.099999999999994	50.5	4.599999999999994	95.4	83.9	120.80000000000001	67.5	36.30000000000001	13.599999999999994	13.600000000000001	

min_capacite_X : 
147.0	135.0	142.0	

min_capacite_W : 
46.9	70.5	56.6	

max_capacite_X : 
178.0	177.0	175.0	

max_capacite_W : 
194.1	230.1	204.3	

moy_capacite_X : 
161.3	160.2	160.1	

moy_capacite_W : 
134.29000000000002	135.06	130.22999999999996	

med_capacite_X : 
159.5	162.0	162.0	

med_capacite_W : 
156.55	135.65	131.5	

ecartType_capacite_X : 
10.564563407921787	14.729562111617575	10.299999999999999	

ecartType_capacite_W : 
54.96119449211416	48.41101527545152	49.74812659789311	

var_capacite_X : 
111.60999999999999	216.95999999999998	106.08999999999999	

var_capacite_W : 
3020.7329	2343.6264	2474.8761000000004	

covar_capacite_X : 
124.01111111111112	241.06666666666663	117.87777777777778	

covar_capacite_W : 
3356.369888888889	2604.029333333333	2749.862333333334	

##########	##########	##########	##########	##########	##########	##########	##########	##########	##########	##########	##########	##########	##########	##########	##########	##########	##########	##########	##########	##########	##########	##########	##########	##########	##########	##########	##########	##########	##########	##########	##########	##########	##########	##########	##########	##########	##########	##########	##########	##########	##########	##########	##########	##########	##########	##########	##########	##########	##########	##########	##########	##########	##########	##########	##########	##########	##########	##########	##########	##########	##########	##########	##########	##########	##########	##########	##########	##########	##########	##########	##########	##########	##########	##########	##########	##########	##########	##########	##########	##########	##########	##########	##########	##########	##########	##########	##########	##########	##########	##########	##########	##########	##########	##########	##########	##########	##########	##########	##########	nombre de noeuds : 100
nombre de strates : 3
nombre de centres : 10
titre : intelligent
instances : p15_1
temps de calcul : 0.11958003044128418
valeur objective : 349.0
nombre de solutions : 3
nombre de noeuds : 1.0
faisability : True
moy_distances :	53.1
min_distances :	1.0
max_distances :	129.0
var_distances :	639.288544801551
covar_distances :	639.3531259253816
ecartType_distances :	25.284156003346265
coef_variation	: 0.4761683763817822
distances_centre_x :
-1.0	45.0	13.0	-1.0	19.0	0.0	42.0	-1.0	40.0	13.0	-1.0	-1.0	7.0	15.0	-1.0	-1.0	-1.0	18.0	-1.0	0.0	13.0	11.0	41.0	-1.0	26.0	27.0	0.0	3.0	-1.0	14.0	-1.0	-1.0	24.0	-1.0	-1.0	28.0	7.0	3.0	32.0	15.0	19.0	0.0	-1.0	-1.0	0.0	1.0	26.0	-1.0	14.0	19.0	16.0	0.0	-1.0	57.0	0.0	18.0	6.0	-1.0	-1.0	-1.0	25.0	24.0	-1.0	5.0	17.0	-1.0	23.0	26.0	51.0	-1.0	-1.0	36.0	9.0	-1.0	5.0	37.0	32.0	49.0	21.0	31.0	-1.0	-1.0	17.0	-1.0	15.0	25.0	-1.0	34.0	15.0	0.0	21.0	49.0	42.0	-1.0	30.0	27.0	-1.0	21.0	43.0	-1.0	
27.0	-1.0	-1.0	-1.0	-1.0	0.0	42.0	30.0	40.0	20.0	10.0	-1.0	-1.0	15.0	-1.0	-1.0	25.0	18.0	31.0	0.0	13.0	-1.0	41.0	46.0	26.0	-1.0	0.0	3.0	24.0	14.0	4.0	15.0	24.0	-1.0	-1.0	-1.0	7.0	-1.0	32.0	15.0	19.0	-1.0	32.0	60.0	-1.0	-1.0	26.0	21.0	-1.0	19.0	16.0	0.0	18.0	-1.0	0.0	-1.0	6.0	22.0	15.0	-1.0	-1.0	24.0	16.0	5.0	-1.0	-1.0	26.0	-1.0	51.0	46.0	-1.0	36.0	9.0	33.0	5.0	-1.0	32.0	49.0	21.0	31.0	53.0	23.0	-1.0	-1.0	15.0	-1.0	-1.0	34.0	15.0	0.0	-1.0	-1.0	42.0	0.0	30.0	-1.0	0.0	-1.0	-1.0	32.0	
17.0	45.0	-1.0	15.0	-1.0	0.0	42.0	30.0	40.0	13.0	10.0	32.0	-1.0	15.0	28.0	24.0	-1.0	18.0	31.0	0.0	13.0	-1.0	41.0	46.0	29.0	27.0	0.0	-1.0	-1.0	14.0	4.0	15.0	24.0	49.0	23.0	28.0	-1.0	-1.0	32.0	-1.0	19.0	0.0	-1.0	-1.0	-1.0	-1.0	26.0	21.0	12.0	19.0	-1.0	0.0	-1.0	57.0	0.0	18.0	6.0	22.0	15.0	47.0	-1.0	38.0	16.0	5.0	17.0	34.0	23.0	26.0	51.0	46.0	12.0	36.0	9.0	33.0	5.0	37.0	32.0	49.0	21.0	-1.0	53.0	23.0	-1.0	55.0	15.0	-1.0	36.0	-1.0	-1.0	0.0	24.0	49.0	-1.0	0.0	30.0	-1.0	-1.0	-1.0	-1.0	46.0	

distances_centre_w :
-1.0	50.0	14.0	-1.0	23.0	21.0	43.0	-1.0	41.0	20.0	-1.0	-1.0	11.0	31.0	-1.0	-1.0	-1.0	26.0	-1.0	3.0	17.0	13.0	42.0	-1.0	28.0	30.0	8.0	6.0	-1.0	15.0	-1.0	-1.0	33.0	-1.0	-1.0	48.0	23.0	27.0	47.0	20.0	22.0	8.0	-1.0	-1.0	8.0	19.0	30.0	-1.0	28.0	25.0	30.0	6.0	-1.0	57.0	18.0	21.0	15.0	-1.0	-1.0	-1.0	48.0	27.0	-1.0	8.0	21.0	-1.0	34.0	32.0	55.0	-1.0	-1.0	37.0	47.0	-1.0	23.0	40.0	34.0	52.0	22.0	49.0	-1.0	-1.0	35.0	-1.0	20.0	28.0	-1.0	52.0	16.0	3.0	24.0	49.0	43.0	-1.0	32.0	34.0	-1.0	26.0	49.0	-1.0	
27.0	-1.0	-1.0	-1.0	-1.0	22.0	54.0	47.0	41.0	24.0	13.0	-1.0	-1.0	25.0	-1.0	-1.0	56.0	26.0	32.0	3.0	17.0	-1.0	42.0	57.0	28.0	-1.0	8.0	6.0	27.0	15.0	9.0	17.0	30.0	-1.0	-1.0	-1.0	10.0	-1.0	49.0	20.0	22.0	-1.0	40.0	61.0	-1.0	-1.0	30.0	37.0	-1.0	25.0	30.0	6.0	23.0	-1.0	8.0	-1.0	14.0	27.0	15.0	-1.0	-1.0	27.0	16.0	8.0	-1.0	-1.0	42.0	-1.0	58.0	53.0	-1.0	44.0	18.0	38.0	53.0	-1.0	34.0	57.0	22.0	49.0	54.0	24.0	-1.0	-1.0	15.0	-1.0	-1.0	54.0	16.0	3.0	-1.0	-1.0	43.0	6.0	32.0	-1.0	19.0	-1.0	-1.0	44.0	
22.0	50.0	-1.0	18.0	-1.0	20.0	43.0	47.0	41.0	20.0	13.0	35.0	-1.0	19.0	47.0	25.0	-1.0	26.0	32.0	3.0	17.0	-1.0	42.0	46.0	38.0	47.0	8.0	-1.0	-1.0	15.0	9.0	17.0	30.0	50.0	24.0	28.0	-1.0	-1.0	47.0	-1.0	22.0	8.0	-1.0	-1.0	-1.0	-1.0	30.0	37.0	12.0	43.0	-1.0	6.0	-1.0	57.0	8.0	21.0	14.0	49.0	15.0	56.0	-1.0	47.0	46.0	8.0	21.0	39.0	42.0	51.0	55.0	53.0	14.0	37.0	47.0	38.0	17.0	40.0	34.0	52.0	22.0	-1.0	56.0	28.0	-1.0	55.0	38.0	-1.0	37.0	-1.0	-1.0	19.0	38.0	52.0	-1.0	19.0	44.0	-1.0	-1.0	-1.0	-1.0	52.0	

maxX :
57.0	60.0	57.0	

maxW :
57.0	61.0	57.0	

minX :
0.0	0.0	0.0	

minW :
3.0	3.0	3.0	

moyX :
20.636363636363637	21.9375	24.493150684931507	

moyW :
28.28787878787879	29.25	32.3013698630137	

medX :
19.0	21.0	23.0	

medW :
27.0	27.0	35.0	

ecartTypeX :
14.694501510961418	14.975892085281597	15.618853454203013	

ecartTypeW :
14.117220465880573	16.326741867255695	15.374489573001265	

varX :
215.9283746556474	224.27734375	243.9485832238694	

varW :
199.2959136822773	266.5625	236.3749296303246	

covarX :
219.25034965034968	227.83730158730157	247.33675799086762	

covarW :
202.36200466200467	270.7936507936508	239.65791476407915	

coef_variationX :
0.7120683551567207	0.6826617474772237	0.6376824956134339	

coef_variationW :
0.49905546371082904	0.5581792091369469	0.47597020306577287	

moy_distances_centre :	38.84444444444444
min_distances_centre :	3.0
max_distances_centre :	73.0
med_distances_centre :	38.0
ecartType_distances_centre :	23.065082369056434
var_distances_centre :	531.998024691358
covar_distances_centre :	537.9755305867664
coef_variation_distances_centre :	0.5937807246038556
capacite_X_temoin : 
157.0	153.0	172.0	150.0	177.0	154.0	147.0	168.0	162.0	178.0	
171.0	175.0	135.0	177.0	136.0	150.0	159.0	145.0	162.0	175.0	
157.0	162.0	168.0	153.0	166.0	175.0	171.0	156.0	162.0	142.0	

capacite_W_temoin : 
129.1	132.9	114.6	134.0	185.1	93.19999999999999	185.1	126.4	173.6	75.4	
128.3	171.5	75.5	194.1	138.8	124.0	196.7	113.5	107.6	78.5	
82.1	125.6	98.4	153.9	172.8	136.5	203.3	149.8	138.6	55.6	

demande_cumulee_X : 
75.0	66.0	109.0	61.0	45.0	107.0	6.0	92.0	37.0	156.0	
94.0	56.0	100.0	36.0	38.0	71.0	10.0	75.0	103.0	149.0	
122.0	85.0	120.0	45.0	43.0	91.0	19.0	53.0	72.0	129.0	

demande_cumulee_W : 
74.0	71.0	97.0	115.0	0.0	81.0	22.0	124.0	170.0	0.0	
18.0	118.0	44.0	159.0	40.0	48.0	62.0	95.0	85.0	63.0	
53.0	84.0	61.0	146.0	11.0	44.0	64.0	132.0	133.0	51.0	

capacite_residuelle_X : 
82.0	87.0	63.0	89.0	132.0	47.0	141.0	76.0	125.0	22.0	
77.0	119.0	35.0	141.0	98.0	79.0	149.0	70.0	59.0	26.0	
35.0	77.0	48.0	108.0	123.0	84.0	152.0	103.0	90.0	13.0	

capacite_residuelle_W : 
55.099999999999994	61.900000000000006	17.599999999999994	19.0	185.1	12.199999999999989	163.1	2.4000000000000057	3.5999999999999943	75.4	
110.30000000000001	53.5	31.5	35.099999999999994	98.80000000000001	76.0	134.7	18.5	22.599999999999994	15.5	
29.099999999999994	41.599999999999994	37.400000000000006	7.900000000000006	161.8	92.5	139.3	17.80000000000001	5.599999999999994	4.600000000000001	

min_capacite_X : 
147.0	135.0	142.0	

min_capacite_W : 
75.4	75.5	55.6	

max_capacite_X : 
178.0	177.0	175.0	

max_capacite_W : 
185.1	196.7	203.3	

moy_capacite_X : 
161.8	158.5	161.2	

moy_capacite_W : 
134.94	132.85	131.66	

med_capacite_X : 
159.5	160.5	162.0	

med_capacite_W : 
131.0	126.15	137.55	

ecartType_capacite_X : 
10.74988372030135	15.389931773727913	9.15204895091804	

ecartType_capacite_W : 
35.12788635827666	40.87978106594995	41.35737419130959	

var_capacite_X : 
115.55999999999999	236.85	83.76	

var_capacite_W : 
1233.9683999999997	1671.1564999999998	1710.4324000000004	

covar_capacite_X : 
128.39999999999998	263.16666666666663	93.06666666666668	

covar_capacite_W : 
1371.0759999999996	1856.8405555555557	1900.4804444444449	

##########	##########	##########	##########	##########	##########	##########	##########	##########	##########	##########	##########	##########	##########	##########	##########	##########	##########	##########	##########	##########	##########	##########	##########	##########	##########	##########	##########	##########	##########	##########	##########	##########	##########	##########	##########	##########	##########	##########	##########	##########	##########	##########	##########	##########	##########	##########	##########	##########	##########	##########	##########	##########	##########	##########	##########	##########	##########	##########	##########	##########	##########	##########	##########	##########	##########	##########	##########	##########	##########	##########	##########	##########	##########	##########	##########	##########	##########	##########	##########	##########	##########	##########	##########	##########	##########	##########	##########	##########	##########	##########	##########	##########	##########	##########	##########	##########	##########	##########	##########	nombre de noeuds : 100
nombre de strates : 3
nombre de centres : 10
titre : intelligent
instances : p15_1
temps de calcul : 0.12112307548522949
valeur objective : 317.0
nombre de solutions : 3
nombre de noeuds : 1.0
faisability : True
moy_distances :	53.1
min_distances :	1.0
max_distances :	129.0
var_distances :	639.288544801551
covar_distances :	639.3531259253816
ecartType_distances :	25.284156003346265
coef_variation	: 0.4761683763817822
distances_centre_x :
-1.0	44.0	13.0	-1.0	23.0	0.0	39.0	-1.0	28.0	13.0	-1.0	-1.0	11.0	15.0	-1.0	-1.0	-1.0	18.0	-1.0	0.0	17.0	11.0	28.0	-1.0	15.0	9.0	0.0	3.0	-1.0	14.0	-1.0	-1.0	24.0	-1.0	-1.0	28.0	7.0	3.0	32.0	15.0	19.0	0.0	-1.0	-1.0	0.0	1.0	26.0	-1.0	14.0	25.0	16.0	6.0	-1.0	43.0	0.0	21.0	6.0	-1.0	-1.0	-1.0	25.0	24.0	-1.0	5.0	1.0	-1.0	26.0	32.0	42.0	-1.0	-1.0	19.0	9.0	-1.0	5.0	28.0	32.0	40.0	21.0	31.0	-1.0	-1.0	35.0	-1.0	15.0	7.0	-1.0	34.0	15.0	0.0	24.0	37.0	42.0	-1.0	26.0	23.0	-1.0	26.0	35.0	-1.0	
32.0	-1.0	-1.0	-1.0	-1.0	0.0	51.0	29.0	28.0	13.0	10.0	-1.0	-1.0	15.0	-1.0	-1.0	22.0	18.0	31.0	0.0	17.0	-1.0	28.0	46.0	15.0	-1.0	0.0	3.0	6.0	14.0	4.0	15.0	24.0	-1.0	-1.0	-1.0	7.0	-1.0	32.0	15.0	19.0	-1.0	17.0	52.0	-1.0	-1.0	26.0	21.0	-1.0	25.0	16.0	6.0	18.0	-1.0	0.0	-1.0	6.0	24.0	15.0	-1.0	-1.0	24.0	16.0	5.0	-1.0	-1.0	26.0	-1.0	42.0	46.0	-1.0	37.0	9.0	38.0	5.0	-1.0	32.0	40.0	21.0	49.0	39.0	17.0	-1.0	-1.0	15.0	-1.0	-1.0	34.0	15.0	0.0	-1.0	-1.0	42.0	0.0	26.0	-1.0	0.0	-1.0	-1.0	46.0	
17.0	44.0	-1.0	15.0	-1.0	0.0	39.0	29.0	28.0	13.0	10.0	32.0	-1.0	15.0	28.0	35.0	-1.0	18.0	41.0	0.0	17.0	-1.0	42.0	46.0	15.0	27.0	0.0	-1.0	-1.0	14.0	4.0	15.0	24.0	45.0	26.0	28.0	-1.0	-1.0	32.0	-1.0	19.0	0.0	-1.0	-1.0	-1.0	-1.0	26.0	21.0	12.0	25.0	-1.0	6.0	-1.0	43.0	0.0	21.0	6.0	34.0	25.0	47.0	-1.0	38.0	16.0	5.0	1.0	39.0	23.0	32.0	42.0	46.0	12.0	19.0	9.0	38.0	5.0	40.0	36.0	40.0	21.0	-1.0	39.0	17.0	-1.0	43.0	30.0	-1.0	36.0	-1.0	-1.0	0.0	24.0	37.0	-1.0	0.0	26.0	-1.0	-1.0	-1.0	-1.0	32.0	

distances_centre_w :
-1.0	50.0	14.0	-1.0	40.0	20.0	51.0	-1.0	40.0	20.0	-1.0	-1.0	30.0	24.0	-1.0	-1.0	-1.0	26.0	-1.0	3.0	34.0	13.0	41.0	-1.0	26.0	27.0	8.0	6.0	-1.0	24.0	-1.0	-1.0	30.0	-1.0	-1.0	28.0	10.0	21.0	47.0	20.0	22.0	8.0	-1.0	-1.0	8.0	45.0	30.0	-1.0	23.0	43.0	30.0	25.0	-1.0	57.0	8.0	35.0	15.0	-1.0	-1.0	-1.0	57.0	27.0	-1.0	8.0	17.0	-1.0	31.0	51.0	55.0	-1.0	-1.0	37.0	11.0	-1.0	20.0	40.0	34.0	52.0	22.0	49.0	-1.0	-1.0	50.0	-1.0	38.0	37.0	-1.0	52.0	16.0	3.0	38.0	52.0	43.0	-1.0	32.0	34.0	-1.0	43.0	49.0	-1.0	
32.0	-1.0	-1.0	-1.0	-1.0	9.0	54.0	47.0	40.0	20.0	13.0	-1.0	-1.0	38.0	-1.0	-1.0	56.0	18.0	31.0	3.0	34.0	-1.0	41.0	53.0	26.0	-1.0	8.0	6.0	24.0	24.0	9.0	17.0	30.0	-1.0	-1.0	-1.0	10.0	-1.0	49.0	20.0	22.0	-1.0	34.0	60.0	-1.0	-1.0	30.0	37.0	-1.0	43.0	30.0	56.0	35.0	-1.0	8.0	-1.0	14.0	34.0	22.0	-1.0	-1.0	27.0	16.0	8.0	-1.0	-1.0	34.0	-1.0	55.0	53.0	-1.0	37.0	11.0	45.0	12.0	-1.0	34.0	52.0	22.0	55.0	56.0	23.0	-1.0	-1.0	47.0	-1.0	-1.0	54.0	16.0	3.0	-1.0	-1.0	43.0	19.0	32.0	-1.0	19.0	-1.0	-1.0	52.0	
27.0	50.0	-1.0	18.0	-1.0	9.0	43.0	47.0	40.0	20.0	13.0	44.0	-1.0	19.0	49.0	38.0	-1.0	18.0	43.0	38.0	34.0	-1.0	55.0	53.0	26.0	35.0	8.0	-1.0	-1.0	28.0	9.0	43.0	30.0	49.0	46.0	28.0	-1.0	-1.0	47.0	-1.0	22.0	8.0	-1.0	-1.0	-1.0	-1.0	30.0	37.0	12.0	43.0	-1.0	25.0	-1.0	57.0	8.0	35.0	14.0	49.0	37.0	56.0	-1.0	41.0	16.0	8.0	17.0	47.0	26.0	51.0	55.0	53.0	14.0	37.0	28.0	45.0	6.0	46.0	52.0	57.0	22.0	-1.0	56.0	34.0	-1.0	55.0	57.0	-1.0	37.0	-1.0	-1.0	3.0	38.0	52.0	-1.0	19.0	44.0	-1.0	-1.0	-1.0	-1.0	46.0	

maxX :
44.0	52.0	47.0	

maxW :
57.0	60.0	57.0	

minX :
0.0	0.0	0.0	

minW :
3.0	3.0	3.0	

moyX :
18.87878787878788	21.0	23.698630136986303	

moyW :
30.303030303030305	30.65625	34.273972602739725	

medX :
18.5	18.0	25.0	

medW :
30.0	30.5	37.0	

ecartTypeX :
12.772502604156573	14.45791305825291	14.115652374548324	

ecartTypeW :
14.99390754755198	16.20688390584384	15.745632378947123	

varX :
163.13682277318642	209.03125	199.25164195909173	

varW :
224.81726354453627	262.6630859375	247.92493901294802	

covarX :
165.6466200466201	212.34920634920633	202.01902587519024	

covarW :
228.27599067599067	266.83234126984127	251.3683409436834	

coef_variationX :
0.6765531074432856	0.6884720503929957	0.5956315741861431	

coef_variationW :
0.49479894906921534	0.5286649184373118	0.45940494151204636	

moy_distances_centre :	34.24444444444445
min_distances_centre :	3.0
max_distances_centre :	71.0
med_distances_centre :	31.0
ecartType_distances_centre :	19.668537261949385
var_distances_centre :	386.8513580246914
covar_distances_centre :	391.1980024968789
coef_variation_distances_centre :	0.5743570258194174
capacite_X_temoin : 
157.0	153.0	172.0	150.0	177.0	175.0	147.0	168.0	162.0	178.0	
171.0	175.0	135.0	177.0	136.0	135.0	159.0	145.0	162.0	175.0	
157.0	162.0	168.0	153.0	166.0	153.0	171.0	156.0	162.0	142.0	

capacite_W_temoin : 
168.1	126.9	165.6	165.0	185.1	63.5	185.1	118.4	109.6	89.4	
148.3	155.5	90.5	230.1	138.8	57.5	196.7	96.5	134.6	60.5	
130.1	118.6	143.4	189.9	150.8	47.9	199.3	137.8	91.6	78.6	

demande_cumulee_X : 
36.0	72.0	58.0	30.0	45.0	164.0	6.0	100.0	101.0	142.0	
74.0	72.0	85.0	0.0	38.0	118.0	10.0	92.0	76.0	167.0	
74.0	92.0	75.0	9.0	65.0	151.0	23.0	65.0	119.0	106.0	

demande_cumulee_W : 
101.0	86.0	34.0	99.0	9.0	60.0	65.0	118.0	100.0	82.0	
59.0	127.0	29.0	92.0	13.0	42.0	103.0	96.0	123.0	48.0	
90.0	102.0	99.0	54.0	22.0	39.0	94.0	114.0	90.0	75.0	

capacite_residuelle_X : 
121.0	81.0	114.0	120.0	132.0	11.0	141.0	68.0	61.0	36.0	
97.0	103.0	50.0	177.0	98.0	17.0	149.0	53.0	86.0	8.0	
83.0	70.0	93.0	144.0	101.0	2.0	148.0	91.0	43.0	36.0	

capacite_residuelle_W : 
67.1	40.900000000000006	131.6	66.0	176.1	3.5	120.1	0.4000000000000057	9.599999999999994	7.400000000000006	
89.30000000000001	28.5	61.5	138.1	125.80000000000001	15.5	93.69999999999999	0.5	11.599999999999994	12.5	
40.099999999999994	16.599999999999994	44.400000000000006	135.9	128.8	8.899999999999999	105.30000000000001	23.80000000000001	1.5999999999999943	3.5999999999999943	

min_capacite_X : 
147.0	135.0	142.0	

min_capacite_W : 
63.5	57.5	47.9	

max_capacite_X : 
178.0	177.0	171.0	

max_capacite_W : 
185.1	230.1	199.3	

moy_capacite_X : 
163.9	157.0	159.0	

moy_capacite_W : 
137.67000000000002	130.9	128.8	

med_capacite_X : 
165.0	160.5	159.5	

med_capacite_W : 
145.95	136.7	133.95	

ecartType_capacite_X : 
11.06752004741803	16.81071087134628	8.160882305241266	

ecartType_capacite_W : 
40.0732342093822	53.21046889475791	44.76163535886507	

var_capacite_X : 
122.49000000000001	282.6	66.6	

var_capacite_W : 
1605.8640999999996	2831.3539999999994	2003.604	

covar_capacite_X : 
136.1	314.0	74.0	

covar_capacite_W : 
1784.2934444444443	3145.948888888888	2226.2266666666665	

##########	##########	##########	##########	##########	##########	##########	##########	##########	##########	##########	##########	##########	##########	##########	##########	##########	##########	##########	##########	##########	##########	##########	##########	##########	##########	##########	##########	##########	##########	##########	##########	##########	##########	##########	##########	##########	##########	##########	##########	##########	##########	##########	##########	##########	##########	##########	##########	##########	##########	##########	##########	##########	##########	##########	##########	##########	##########	##########	##########	##########	##########	##########	##########	##########	##########	##########	##########	##########	##########	##########	##########	##########	##########	##########	##########	##########	##########	##########	##########	##########	##########	##########	##########	##########	##########	##########	##########	##########	##########	##########	##########	##########	##########	##########	##########	##########	##########	##########	##########	nombre de noeuds : 100
nombre de strates : 3
nombre de centres : 10
titre : intelligent
instances : p15_1
temps de calcul : 0.12018680572509766
valeur objective : 318.0
nombre de solutions : 3
nombre de noeuds : 1.0
faisability : True
moy_distances :	53.1
min_distances :	1.0
max_distances :	129.0
var_distances :	639.288544801551
covar_distances :	639.3531259253816
ecartType_distances :	25.284156003346265
coef_variation	: 0.4761683763817822
distances_centre_x :
-1.0	44.0	13.0	-1.0	23.0	0.0	39.0	-1.0	28.0	13.0	-1.0	-1.0	11.0	15.0	-1.0	-1.0	-1.0	18.0	-1.0	0.0	34.0	0.0	28.0	-1.0	15.0	9.0	8.0	6.0	-1.0	14.0	-1.0	-1.0	24.0	-1.0	-1.0	19.0	7.0	3.0	32.0	20.0	19.0	0.0	-1.0	-1.0	0.0	1.0	30.0	-1.0	12.0	25.0	16.0	6.0	-1.0	43.0	0.0	21.0	6.0	-1.0	-1.0	-1.0	25.0	27.0	-1.0	5.0	1.0	-1.0	23.0	32.0	42.0	-1.0	-1.0	19.0	9.0	-1.0	5.0	28.0	32.0	40.0	16.0	31.0	-1.0	-1.0	36.0	-1.0	15.0	7.0	-1.0	34.0	8.0	0.0	24.0	37.0	37.0	-1.0	26.0	23.0	-1.0	26.0	43.0	-1.0	
17.0	-1.0	-1.0	-1.0	-1.0	0.0	39.0	33.0	51.0	13.0	10.0	-1.0	-1.0	15.0	-1.0	-1.0	22.0	18.0	31.0	0.0	17.0	-1.0	28.0	39.0	26.0	-1.0	8.0	6.0	6.0	14.0	4.0	15.0	24.0	-1.0	-1.0	-1.0	7.0	-1.0	45.0	20.0	19.0	-1.0	17.0	52.0	-1.0	-1.0	30.0	21.0	-1.0	25.0	16.0	6.0	0.0	-1.0	0.0	-1.0	6.0	27.0	15.0	-1.0	-1.0	27.0	16.0	5.0	-1.0	-1.0	28.0	-1.0	42.0	46.0	-1.0	40.0	9.0	38.0	5.0	-1.0	32.0	40.0	16.0	31.0	39.0	17.0	-1.0	-1.0	15.0	-1.0	-1.0	34.0	8.0	0.0	-1.0	-1.0	37.0	0.0	48.0	-1.0	0.0	-1.0	-1.0	32.0	
17.0	44.0	-1.0	9.0	-1.0	0.0	39.0	29.0	28.0	13.0	10.0	35.0	-1.0	15.0	28.0	24.0	-1.0	18.0	31.0	0.0	17.0	-1.0	44.0	39.0	29.0	40.0	8.0	-1.0	-1.0	14.0	4.0	15.0	24.0	45.0	23.0	19.0	-1.0	-1.0	32.0	-1.0	19.0	0.0	-1.0	-1.0	-1.0	-1.0	30.0	21.0	14.0	25.0	-1.0	6.0	-1.0	43.0	0.0	21.0	6.0	22.0	15.0	47.0	-1.0	27.0	16.0	5.0	1.0	39.0	23.0	32.0	42.0	46.0	1.0	40.0	9.0	38.0	5.0	40.0	32.0	40.0	16.0	-1.0	39.0	23.0	-1.0	43.0	15.0	-1.0	29.0	-1.0	-1.0	19.0	24.0	37.0	-1.0	0.0	44.0	-1.0	-1.0	-1.0	-1.0	32.0	

distances_centre_w :
-1.0	50.0	18.0	-1.0	40.0	14.0	55.0	-1.0	40.0	20.0	-1.0	-1.0	30.0	16.0	-1.0	-1.0	-1.0	26.0	-1.0	3.0	51.0	11.0	44.0	-1.0	29.0	27.0	13.0	15.0	-1.0	24.0	-1.0	-1.0	30.0	-1.0	-1.0	28.0	10.0	21.0	45.0	28.0	22.0	11.0	-1.0	-1.0	8.0	19.0	36.0	-1.0	12.0	43.0	30.0	25.0	-1.0	57.0	8.0	35.0	15.0	-1.0	-1.0	-1.0	57.0	31.0	-1.0	8.0	17.0	-1.0	28.0	51.0	55.0	-1.0	-1.0	37.0	11.0	-1.0	12.0	40.0	32.0	52.0	21.0	49.0	-1.0	-1.0	44.0	-1.0	55.0	37.0	-1.0	50.0	15.0	3.0	38.0	49.0	42.0	-1.0	32.0	27.0	-1.0	43.0	54.0	-1.0	
22.0	-1.0	-1.0	-1.0	-1.0	14.0	43.0	56.0	55.0	60.0	13.0	-1.0	-1.0	16.0	-1.0	-1.0	26.0	34.0	32.0	3.0	34.0	-1.0	41.0	46.0	29.0	-1.0	13.0	15.0	24.0	24.0	9.0	17.0	30.0	-1.0	-1.0	-1.0	10.0	-1.0	47.0	28.0	22.0	-1.0	33.0	61.0	-1.0	-1.0	36.0	37.0	-1.0	60.0	30.0	56.0	18.0	-1.0	8.0	-1.0	15.0	28.0	15.0	-1.0	-1.0	41.0	16.0	8.0	-1.0	-1.0	42.0	-1.0	58.0	49.0	-1.0	45.0	11.0	45.0	9.0	-1.0	32.0	52.0	21.0	49.0	56.0	23.0	-1.0	-1.0	47.0	-1.0	-1.0	50.0	15.0	3.0	-1.0	-1.0	42.0	19.0	58.0	-1.0	50.0	-1.0	-1.0	42.0	
22.0	50.0	-1.0	15.0	-1.0	21.0	51.0	47.0	40.0	20.0	13.0	35.0	-1.0	16.0	47.0	28.0	-1.0	23.0	32.0	3.0	34.0	-1.0	50.0	46.0	45.0	47.0	13.0	-1.0	-1.0	41.0	9.0	43.0	30.0	50.0	24.0	28.0	-1.0	-1.0	45.0	-1.0	22.0	11.0	-1.0	-1.0	-1.0	-1.0	36.0	37.0	20.0	43.0	-1.0	56.0	-1.0	57.0	8.0	35.0	14.0	24.0	35.0	52.0	-1.0	30.0	42.0	8.0	17.0	47.0	26.0	51.0	55.0	49.0	12.0	45.0	20.0	45.0	12.0	47.0	48.0	52.0	21.0	-1.0	54.0	32.0	-1.0	55.0	30.0	-1.0	37.0	-1.0	-1.0	31.0	38.0	49.0	-1.0	19.0	53.0	-1.0	-1.0	-1.0	-1.0	42.0	

maxX :
44.0	52.0	47.0	

maxW :
57.0	61.0	57.0	

minX :
0.0	0.0	0.0	

minW :
3.0	3.0	3.0	

moyX :
18.984848484848484	21.046875	23.54794520547945	

moyW :
30.28787878787879	31.921875	34.04109589041096	

medX :
19.0	17.5	23.0	

medW :
29.5	31.0	35.0	

ecartTypeX :
13.040138993777756	14.537053612557635	13.932362145591165	

ecartTypeW :
15.44664830910925	16.76893024269512	14.729002566611337	

varX :
170.04522497704315	211.325927734375	194.11071495590167	

varW :
238.59894398530764	281.197021484375	216.94351660724337	

covarX :
172.66130536130535	214.68030753968253	196.80669710806694	

covarW :
242.26969696969698	285.66046626984127	219.9566210045662	

coef_variationX :
0.6868708488342633	0.6906989095795758	0.591659358131562	

coef_variationW :
0.5099943913963034	0.5253115690320547	0.4326829727817415	

moy_distances_centre :	34.888888888888886
min_distances_centre :	3.0
max_distances_centre :	70.0
med_distances_centre :	31.0
ecartType_distances_centre :	18.879997907511914
var_distances_centre :	356.4543209876543
covar_distances_centre :	360.45942571785264
coef_variation_distances_centre :	0.5411464368395135
capacite_X_temoin : 
157.0	153.0	159.0	150.0	177.0	175.0	147.0	168.0	162.0	178.0	
171.0	175.0	166.0	177.0	136.0	135.0	159.0	145.0	162.0	175.0	
157.0	162.0	139.0	153.0	166.0	153.0	171.0	156.0	162.0	142.0	

capacite_W_temoin : 
168.1	161.9	125.69999999999999	84.0	193.1	87.5	176.1	163.4	112.6	87.4	
170.3	187.5	147.8	142.1	121.8	47.5	196.7	134.5	128.6	72.5	
112.1	172.6	107.69999999999999	135.9	155.8	67.9	207.3	154.8	77.6	58.6	

demande_cumulee_X : 
36.0	37.0	81.0	111.0	37.0	140.0	15.0	55.0	98.0	144.0	
52.0	40.0	68.0	88.0	55.0	128.0	10.0	54.0	82.0	155.0	
92.0	38.0	73.0	63.0	60.0	131.0	15.0	48.0	133.0	126.0	

demande_cumulee_W : 
106.0	84.0	76.0	48.0	98.0	70.0	37.0	62.0	108.0	65.0	
94.0	64.0	69.0	76.0	54.0	47.0	63.0	80.0	119.0	66.0	
66.0	93.0	79.0	126.0	40.0	64.0	73.0	114.0	68.0	56.0	

capacite_residuelle_X : 
121.0	116.0	78.0	39.0	140.0	35.0	132.0	113.0	64.0	34.0	
119.0	135.0	98.0	89.0	81.0	7.0	149.0	91.0	80.0	20.0	
65.0	124.0	66.0	90.0	106.0	22.0	156.0	108.0	29.0	16.0	

capacite_residuelle_W : 
62.099999999999994	77.9	49.69999999999999	36.0	95.1	17.5	139.1	101.4	4.599999999999994	22.400000000000006	
76.30000000000001	123.5	78.80000000000001	66.1	67.8	0.5	133.7	54.5	9.599999999999994	6.5	
46.099999999999994	79.6	28.69999999999999	9.900000000000006	115.80000000000001	3.9000000000000057	134.3	40.80000000000001	9.599999999999994	2.6000000000000014	

min_capacite_X : 
147.0	135.0	139.0	

min_capacite_W : 
84.0	47.5	58.6	

max_capacite_X : 
178.0	177.0	171.0	

max_capacite_W : 
193.1	196.7	207.3	

moy_capacite_X : 
162.6	160.1	156.1	

moy_capacite_W : 
135.98000000000002	134.93	125.02999999999997	

med_capacite_X : 
160.5	164.0	156.5	

med_capacite_W : 
143.8	138.3	124.0	

ecartType_capacite_X : 
10.799999999999999	15.254179755070412	9.491575211733824	

ecartType_capacite_W : 
39.232965730365066	44.49874267886678	46.23457688786608	

var_capacite_X : 
116.63999999999999	232.69	90.08999999999999	

var_capacite_W : 
1539.2255999999998	1980.1381000000001	2137.6361000000006	

covar_capacite_X : 
129.59999999999997	258.5444444444444	100.09999999999998	

covar_capacite_W : 
1710.2506666666663	2200.1534444444446	2375.1512222222227	

##########	##########	##########	##########	##########	##########	##########	##########	##########	##########	##########	##########	##########	##########	##########	##########	##########	##########	##########	##########	##########	##########	##########	##########	##########	##########	##########	##########	##########	##########	##########	##########	##########	##########	##########	##########	##########	##########	##########	##########	##########	##########	##########	##########	##########	##########	##########	##########	##########	##########	##########	##########	##########	##########	##########	##########	##########	##########	##########	##########	##########	##########	##########	##########	##########	##########	##########	##########	##########	##########	##########	##########	##########	##########	##########	##########	##########	##########	##########	##########	##########	##########	##########	##########	##########	##########	##########	##########	##########	##########	##########	##########	##########	##########	##########	##########	##########	##########	##########	##########	