nombre de noeuds : 100
nombre de strates : 3
nombre de centres : 10
titre : intelligent
instances : p19_1
temps de calcul : 0.12540984153747559
valeur objective : 241.0
nombre de solutions : 4
nombre de noeuds : 1.0
faisability : True
moy_distances :	50.07
min_distances :	0.0
max_distances :	130.0
var_distances :	570.6520671768187
covar_distances :	570.7097146227404
ecartType_distances :	23.888324913581084
coef_variation	: 0.4771264740720584
distances_centre_x :
-1.0	14.0	21.0	-1.0	5.0	23.0	12.0	-1.0	12.0	11.0	-1.0	-1.0	13.0	0.0	-1.0	-1.0	-1.0	21.0	-1.0	0.0	26.0	18.0	13.0	-1.0	25.0	25.0	11.0	9.0	-1.0	12.0	-1.0	-1.0	0.0	-1.0	-1.0	11.0	28.0	8.0	29.0	8.0	5.0	19.0	-1.0	-1.0	25.0	5.0	23.0	-1.0	24.0	19.0	0.0	11.0	-1.0	10.0	4.0	7.0	28.0	-1.0	-1.0	-1.0	14.0	16.0	-1.0	33.0	15.0	-1.0	7.0	20.0	24.0	-1.0	-1.0	21.0	10.0	-1.0	17.0	27.0	3.0	27.0	5.0	17.0	-1.0	-1.0	7.0	-1.0	11.0	13.0	-1.0	25.0	17.0	17.0	4.0	21.0	18.0	-1.0	25.0	0.0	-1.0	2.0	25.0	-1.0	
26.0	-1.0	-1.0	-1.0	-1.0	0.0	12.0	13.0	12.0	11.0	15.0	-1.0	-1.0	0.0	-1.0	-1.0	4.0	21.0	21.0	0.0	26.0	-1.0	13.0	21.0	25.0	-1.0	11.0	9.0	27.0	12.0	17.0	11.0	0.0	-1.0	-1.0	-1.0	28.0	-1.0	29.0	8.0	5.0	-1.0	21.0	21.0	-1.0	-1.0	23.0	20.0	-1.0	19.0	0.0	11.0	7.0	-1.0	4.0	-1.0	28.0	17.0	8.0	-1.0	-1.0	16.0	8.0	33.0	-1.0	-1.0	7.0	-1.0	24.0	28.0	-1.0	21.0	10.0	30.0	17.0	-1.0	3.0	27.0	5.0	17.0	8.0	15.0	-1.0	-1.0	11.0	-1.0	-1.0	25.0	17.0	17.0	-1.0	-1.0	18.0	0.0	25.0	-1.0	0.0	-1.0	-1.0	17.0	
26.0	14.0	-1.0	18.0	-1.0	0.0	12.0	13.0	12.0	27.0	15.0	29.0	-1.0	0.0	12.0	17.0	-1.0	21.0	17.0	0.0	26.0	-1.0	13.0	21.0	25.0	25.0	11.0	-1.0	-1.0	12.0	17.0	11.0	0.0	0.0	16.0	11.0	-1.0	-1.0	29.0	-1.0	5.0	19.0	-1.0	-1.0	-1.0	-1.0	28.0	20.0	24.0	19.0	-1.0	11.0	-1.0	10.0	4.0	7.0	28.0	32.0	8.0	13.0	-1.0	16.0	8.0	33.0	15.0	9.0	7.0	20.0	24.0	28.0	7.0	21.0	10.0	30.0	17.0	27.0	3.0	27.0	17.0	-1.0	8.0	15.0	-1.0	15.0	11.0	-1.0	0.0	-1.0	-1.0	17.0	4.0	21.0	-1.0	0.0	25.0	-1.0	-1.0	-1.0	-1.0	17.0	

distances_centre_w :
-1.0	16.0	32.0	-1.0	39.0	35.0	28.0	-1.0	23.0	36.0	-1.0	-1.0	21.0	32.0	-1.0	-1.0	-1.0	34.0	-1.0	18.0	35.0	25.0	17.0	-1.0	27.0	36.0	20.0	19.0	-1.0	22.0	-1.0	-1.0	12.0	-1.0	-1.0	13.0	36.0	23.0	29.0	28.0	16.0	31.0	-1.0	-1.0	30.0	19.0	28.0	-1.0	36.0	31.0	12.0	12.0	-1.0	25.0	9.0	23.0	29.0	-1.0	-1.0	-1.0	30.0	33.0	-1.0	33.0	34.0	-1.0	13.0	33.0	35.0	-1.0	-1.0	34.0	39.0	-1.0	21.0	34.0	34.0	40.0	17.0	24.0	-1.0	-1.0	16.0	-1.0	16.0	29.0	-1.0	27.0	29.0	38.0	23.0	30.0	28.0	-1.0	35.0	37.0	-1.0	8.0	29.0	-1.0	
30.0	-1.0	-1.0	-1.0	-1.0	48.0	28.0	17.0	23.0	27.0	23.0	-1.0	-1.0	18.0	-1.0	-1.0	7.0	34.0	38.0	47.0	35.0	-1.0	17.0	30.0	27.0	-1.0	20.0	19.0	57.0	43.0	25.0	48.0	12.0	-1.0	-1.0	-1.0	49.0	-1.0	29.0	27.0	16.0	-1.0	54.0	30.0	-1.0	-1.0	36.0	25.0	-1.0	31.0	12.0	12.0	26.0	-1.0	9.0	-1.0	29.0	32.0	13.0	-1.0	-1.0	33.0	23.0	33.0	-1.0	-1.0	13.0	-1.0	35.0	29.0	-1.0	31.0	15.0	36.0	21.0	-1.0	45.0	48.0	17.0	24.0	24.0	27.0	-1.0	-1.0	16.0	-1.0	-1.0	27.0	29.0	19.0	-1.0	-1.0	28.0	12.0	34.0	-1.0	19.0	-1.0	-1.0	45.0	
30.0	16.0	-1.0	43.0	-1.0	25.0	28.0	17.0	23.0	43.0	23.0	30.0	-1.0	18.0	26.0	19.0	-1.0	34.0	20.0	18.0	35.0	-1.0	17.0	30.0	27.0	36.0	20.0	-1.0	-1.0	43.0	25.0	25.0	12.0	10.0	45.0	13.0	-1.0	-1.0	41.0	-1.0	16.0	31.0	-1.0	-1.0	-1.0	-1.0	39.0	41.0	36.0	31.0	-1.0	12.0	-1.0	44.0	9.0	40.0	41.0	40.0	13.0	33.0	-1.0	33.0	32.0	33.0	34.0	34.0	43.0	33.0	36.0	41.0	40.0	34.0	35.0	44.0	21.0	34.0	39.0	40.0	40.0	-1.0	27.0	27.0	-1.0	39.0	16.0	-1.0	41.0	-1.0	-1.0	19.0	35.0	30.0	-1.0	12.0	37.0	-1.0	-1.0	-1.0	-1.0	45.0	

maxX :
33.0	33.0	33.0	

maxW :
40.0	57.0	45.0	

minX :
0.0	0.0	0.0	

minW :
8.0	7.0	9.0	

moyX :
14.787878787878787	14.921875	15.479452054794521	

moyW :
26.606060606060606	27.90625	30.027397260273972	

medX :
14.0	15.5	15.0	

medW :
28.5	27.0	33.0	

ecartTypeX :
8.675138897700633	8.998792779277396	8.864442729536668	

ecartTypeW :
8.353694134530938	11.528116105309662	10.181870273522533	

varX :
75.25803489439853	80.978271484375	78.5783449052355	

varW :
69.7842056932966	132.8974609375	103.6704822668418	

covarX :
76.41585081585082	82.26364087301587	79.66971080669711	

covarW :
70.85780885780885	135.00694444444443	105.11035007610349	

coef_variationX :
0.5866384910330346	0.603060458506548	0.5726586896072361	

coef_variationW :
0.3139771143958098	0.4131015849607046	0.3390860081966902	

moy_distances_centre :	55.977777777777774
min_distances_centre :	10.0
max_distances_centre :	108.0
med_distances_centre :	60.0
ecartType_distances_centre :	24.714807876960357
var_distances_centre :	610.8217283950618
covar_distances_centre :	617.6848938826466
coef_variation_distances_centre :	0.4415110577464137
capacite_X_temoin : 
157.0	172.0	153.0	157.0	169.0	171.0	174.0	162.0	145.0	178.0	
171.0	160.0	175.0	166.0	175.0	178.0	157.0	162.0	178.0	175.0	
157.0	154.0	162.0	174.0	153.0	175.0	154.0	162.0	162.0	142.0	

capacite_W_temoin : 
102.1	148.6	55.9	183.1	172.7	178.3	168.2	76.6	150.5	99.4	
156.3	117.0	108.5	191.8	198.5	175.4	121.1	102.6	208.4	105.5	
69.1	97.19999999999999	73.6	203.2	153.9	195.5	114.19999999999999	54.6	166.6	87.6	

demande_cumulee_X : 
102.0	75.0	143.0	21.0	47.0	44.0	58.0	134.0	38.0	132.0	
66.0	91.0	119.0	24.0	29.0	56.0	83.0	108.0	23.0	122.0	
135.0	103.0	137.0	23.0	45.0	32.0	86.0	156.0	44.0	97.0	

demande_cumulee_W : 
97.0	131.0	55.0	66.0	57.0	83.0	67.0	33.0	110.0	95.0	
127.0	103.0	103.0	52.0	22.0	23.0	67.0	60.0	82.0	82.0	
66.0	95.0	61.0	156.0	29.0	94.0	80.0	54.0	138.0	85.0	

capacite_residuelle_X : 
55.0	97.0	10.0	136.0	122.0	127.0	116.0	28.0	107.0	46.0	
105.0	69.0	56.0	142.0	146.0	122.0	74.0	54.0	155.0	53.0	
22.0	51.0	25.0	151.0	108.0	143.0	68.0	6.0	118.0	45.0	

capacite_residuelle_W : 
5.099999999999994	17.599999999999994	0.8999999999999986	117.1	115.69999999999999	95.30000000000001	101.19999999999999	43.599999999999994	40.5	4.400000000000006	
29.30000000000001	14.0	5.5	139.8	176.5	152.4	54.099999999999994	42.599999999999994	126.4	23.5	
3.0999999999999943	2.1999999999999886	12.599999999999994	47.19999999999999	124.9	101.5	34.19999999999999	0.6000000000000014	28.599999999999994	2.5999999999999943	

min_capacite_X : 
145.0	157.0	142.0	

min_capacite_W : 
55.9	102.6	54.6	

max_capacite_X : 
178.0	178.0	175.0	

max_capacite_W : 
183.1	208.4	203.2	

moy_capacite_X : 
163.8	169.7	159.5	

moy_capacite_W : 
133.54000000000002	148.51	121.54999999999998	

med_capacite_X : 
165.5	173.0	159.5	

med_capacite_W : 
149.55	138.7	105.69999999999999	

ecartType_capacite_X : 
10.087616170334792	7.430343195303969	9.404786015641186	

ecartType_capacite_W : 
43.74135800361026	40.05766967760357	51.52029211873707	

var_capacite_X : 
101.75999999999999	55.21	88.45	

var_capacite_W : 
1913.3063999999995	1604.6169000000004	2654.3405000000007	

covar_capacite_X : 
113.06666666666666	61.34444444444444	98.27777777777777	

covar_capacite_W : 
2125.8959999999993	1782.907666666667	2949.2672222222222	

##########	##########	##########	##########	##########	##########	##########	##########	##########	##########	##########	##########	##########	##########	##########	##########	##########	##########	##########	##########	##########	##########	##########	##########	##########	##########	##########	##########	##########	##########	##########	##########	##########	##########	##########	##########	##########	##########	##########	##########	##########	##########	##########	##########	##########	##########	##########	##########	##########	##########	##########	##########	##########	##########	##########	##########	##########	##########	##########	##########	##########	##########	##########	##########	##########	##########	##########	##########	##########	##########	##########	##########	##########	##########	##########	##########	##########	##########	##########	##########	##########	##########	##########	##########	##########	##########	##########	##########	##########	##########	##########	##########	##########	##########	##########	##########	##########	##########	##########	##########	nombre de noeuds : 100
nombre de strates : 3
nombre de centres : 10
titre : intelligent
instances : p19_1
temps de calcul : 0.12851905822753906
valeur objective : 303.0
nombre de solutions : 3
nombre de noeuds : 1.0
faisability : True
moy_distances :	50.07
min_distances :	0.0
max_distances :	130.0
var_distances :	570.6520671768187
covar_distances :	570.7097146227404
ecartType_distances :	23.888324913581084
coef_variation	: 0.4771264740720584
distances_centre_x :
-1.0	14.0	13.0	-1.0	5.0	0.0	12.0	-1.0	12.0	11.0	-1.0	-1.0	13.0	0.0	-1.0	-1.0	-1.0	21.0	-1.0	0.0	9.0	18.0	13.0	-1.0	25.0	25.0	11.0	9.0	-1.0	12.0	-1.0	-1.0	12.0	-1.0	-1.0	11.0	28.0	8.0	29.0	8.0	5.0	19.0	-1.0	-1.0	0.0	5.0	23.0	-1.0	24.0	31.0	0.0	11.0	-1.0	10.0	4.0	7.0	28.0	-1.0	-1.0	-1.0	14.0	16.0	-1.0	33.0	15.0	-1.0	7.0	10.0	24.0	-1.0	-1.0	5.0	10.0	-1.0	17.0	17.0	3.0	10.0	5.0	17.0	-1.0	-1.0	7.0	-1.0	11.0	13.0	-1.0	25.0	17.0	17.0	4.0	9.0	18.0	-1.0	25.0	0.0	-1.0	2.0	25.0	-1.0	
26.0	-1.0	-1.0	-1.0	-1.0	0.0	12.0	13.0	12.0	11.0	15.0	-1.0	-1.0	0.0	-1.0	-1.0	4.0	21.0	17.0	0.0	9.0	-1.0	13.0	21.0	25.0	-1.0	11.0	9.0	27.0	12.0	17.0	11.0	12.0	-1.0	-1.0	-1.0	28.0	-1.0	29.0	8.0	5.0	-1.0	21.0	21.0	-1.0	-1.0	23.0	8.0	-1.0	19.0	0.0	11.0	7.0	-1.0	4.0	-1.0	28.0	32.0	8.0	-1.0	-1.0	16.0	8.0	33.0	-1.0	-1.0	7.0	-1.0	24.0	28.0	-1.0	5.0	10.0	30.0	17.0	-1.0	3.0	10.0	5.0	17.0	27.0	15.0	-1.0	-1.0	11.0	-1.0	-1.0	25.0	17.0	17.0	-1.0	-1.0	18.0	0.0	25.0	-1.0	0.0	-1.0	-1.0	17.0	
26.0	14.0	-1.0	16.0	-1.0	25.0	12.0	13.0	12.0	11.0	15.0	29.0	-1.0	0.0	12.0	17.0	-1.0	21.0	17.0	0.0	9.0	-1.0	13.0	21.0	25.0	25.0	11.0	-1.0	-1.0	12.0	17.0	11.0	12.0	0.0	16.0	11.0	-1.0	-1.0	29.0	-1.0	5.0	19.0	-1.0	-1.0	-1.0	-1.0	23.0	8.0	24.0	19.0	-1.0	11.0	-1.0	29.0	4.0	7.0	28.0	17.0	8.0	13.0	-1.0	33.0	8.0	33.0	15.0	9.0	7.0	20.0	24.0	29.0	7.0	5.0	10.0	30.0	17.0	17.0	3.0	10.0	5.0	-1.0	8.0	15.0	-1.0	15.0	11.0	-1.0	0.0	-1.0	-1.0	31.0	23.0	9.0	-1.0	0.0	25.0	-1.0	-1.0	-1.0	-1.0	17.0	

distances_centre_w :
-1.0	16.0	21.0	-1.0	19.0	25.0	28.0	-1.0	48.0	27.0	-1.0	-1.0	21.0	18.0	-1.0	-1.0	-1.0	34.0	-1.0	18.0	26.0	52.0	17.0	-1.0	27.0	36.0	63.0	19.0	-1.0	43.0	-1.0	-1.0	68.0	-1.0	-1.0	55.0	68.0	16.0	29.0	27.0	16.0	39.0	-1.0	-1.0	25.0	19.0	28.0	-1.0	36.0	59.0	12.0	12.0	-1.0	54.0	26.0	23.0	29.0	-1.0	-1.0	-1.0	30.0	60.0	-1.0	64.0	47.0	-1.0	62.0	20.0	61.0	-1.0	-1.0	21.0	15.0	-1.0	21.0	27.0	27.0	40.0	17.0	24.0	-1.0	-1.0	16.0	-1.0	16.0	29.0	-1.0	27.0	29.0	58.0	23.0	21.0	28.0	-1.0	49.0	10.0	-1.0	8.0	29.0	-1.0	
30.0	-1.0	-1.0	-1.0	-1.0	35.0	28.0	17.0	48.0	27.0	23.0	-1.0	-1.0	18.0	-1.0	-1.0	7.0	34.0	21.0	18.0	26.0	-1.0	17.0	42.0	59.0	-1.0	53.0	19.0	31.0	22.0	47.0	25.0	68.0	-1.0	-1.0	-1.0	33.0	-1.0	51.0	59.0	16.0	-1.0	34.0	30.0	-1.0	-1.0	36.0	20.0	-1.0	31.0	12.0	12.0	26.0	-1.0	26.0	-1.0	29.0	63.0	13.0	-1.0	-1.0	33.0	17.0	33.0	-1.0	-1.0	13.0	-1.0	56.0	29.0	-1.0	21.0	23.0	42.0	21.0	-1.0	27.0	27.0	17.0	24.0	47.0	43.0	-1.0	-1.0	16.0	-1.0	-1.0	27.0	29.0	41.0	-1.0	-1.0	28.0	57.0	34.0	-1.0	19.0	-1.0	-1.0	21.0	
30.0	16.0	-1.0	17.0	-1.0	35.0	28.0	17.0	48.0	46.0	23.0	30.0	-1.0	18.0	14.0	19.0	-1.0	66.0	30.0	18.0	26.0	-1.0	17.0	42.0	27.0	36.0	51.0	-1.0	-1.0	53.0	47.0	25.0	68.0	10.0	34.0	55.0	-1.0	-1.0	41.0	-1.0	16.0	47.0	-1.0	-1.0	-1.0	-1.0	46.0	20.0	36.0	31.0	-1.0	12.0	-1.0	54.0	26.0	23.0	29.0	32.0	13.0	17.0	-1.0	33.0	17.0	66.0	33.0	58.0	13.0	46.0	50.0	41.0	15.0	21.0	15.0	36.0	21.0	27.0	27.0	48.0	17.0	-1.0	24.0	43.0	-1.0	30.0	16.0	-1.0	30.0	-1.0	-1.0	61.0	51.0	21.0	-1.0	63.0	49.0	-1.0	-1.0	-1.0	-1.0	21.0	

maxX :
33.0	33.0	33.0	

maxW :
68.0	68.0	68.0	

minX :
0.0	0.0	0.0	

minW :
8.0	7.0	10.0	

moyX :
13.06060606060606	14.609375	15.10958904109589	

moyW :
31.484848484848484	30.484375	32.63013698630137	

medX :
12.0	13.0	14.0	

medW :
27.0	27.5	30.0	

ecartTypeX :
8.456445968642461	9.004542581906923	8.633419684432765	

ecartTypeW :
16.10217604741333	13.856397650882245	15.3163059759316	

varX :
71.51147842056932	81.081787109375	74.53593544755114	

varW :
259.2800734618916	191.999755859375	234.58922874835804	

covarX :
72.61165501165502	82.3687996031746	75.57115677321157	

covarW :
263.26899766899766	195.04737103174602	237.8474124809741	

coef_variationX :
0.6474773015433902	0.6163537168364097	0.5713867968844893	

coef_variationW :
0.5114261882239075	0.45454097880905364	0.4693914090021019	

moy_distances_centre :	51.31111111111111
min_distances_centre :	10.0
max_distances_centre :	96.0
med_distances_centre :	53.0
ecartType_distances_centre :	22.2579046854742
var_distances_centre :	495.41432098765443
covar_distances_centre :	500.98077403245946
coef_variation_distances_centre :	0.43378333081261977
capacite_X_temoin : 
157.0	172.0	153.0	169.0	177.0	171.0	174.0	162.0	145.0	178.0	
171.0	160.0	175.0	175.0	136.0	178.0	157.0	162.0	178.0	175.0	
157.0	154.0	162.0	153.0	166.0	175.0	154.0	162.0	162.0	142.0	

capacite_W_temoin : 
149.1	146.6	57.9	172.7	136.1	183.3	210.2	73.6	150.5	81.4	
192.3	110.0	130.5	198.5	119.8	175.4	142.1	62.6	208.4	106.5	
151.1	104.19999999999999	73.6	153.9	114.8	195.5	127.19999999999999	58.6	161.6	64.6	

demande_cumulee_X : 
55.0	77.0	141.0	47.0	94.0	39.0	16.0	137.0	38.0	150.0	
30.0	98.0	97.0	29.0	57.0	56.0	62.0	148.0	23.0	121.0	
53.0	96.0	137.0	45.0	101.0	32.0	73.0	152.0	49.0	120.0	

demande_cumulee_W : 
145.0	113.0	53.0	46.0	55.0	64.0	82.0	53.0	137.0	46.0	
127.0	97.0	128.0	37.0	102.0	32.0	44.0	20.0	93.0	41.0	
149.0	98.0	69.0	74.0	83.0	44.0	94.0	32.0	154.0	61.0	

capacite_residuelle_X : 
102.0	95.0	12.0	122.0	83.0	132.0	158.0	25.0	107.0	28.0	
141.0	62.0	78.0	146.0	79.0	122.0	95.0	14.0	155.0	54.0	
104.0	58.0	25.0	108.0	65.0	143.0	81.0	10.0	113.0	22.0	

capacite_residuelle_W : 
4.099999999999994	33.599999999999994	4.899999999999999	126.69999999999999	81.1	119.30000000000001	128.2	20.599999999999994	13.5	35.400000000000006	
65.30000000000001	13.0	2.5	161.5	17.799999999999997	143.4	98.1	42.6	115.4	65.5	
2.0999999999999943	6.199999999999989	4.599999999999994	79.9	31.799999999999997	151.5	33.19999999999999	26.6	7.599999999999994	3.5999999999999943	

min_capacite_X : 
145.0	136.0	142.0	

min_capacite_W : 
57.9	62.6	58.6	

max_capacite_X : 
178.0	178.0	175.0	

max_capacite_W : 
210.2	208.4	195.5	

moy_capacite_X : 
165.8	166.7	158.7	

moy_capacite_W : 
136.14000000000001	144.60999999999999	120.50999999999999	

med_capacite_X : 
170.0	173.0	159.5	

med_capacite_W : 
147.85	136.3	121.0	

ecartType_capacite_X : 
10.514751542475931	12.586103447850729	8.426743143112885	

ecartType_capacite_W : 
47.49566717080622	45.15799929137694	43.434121379394796	

var_capacite_X : 
110.55999999999999	158.41	71.01000000000002	

var_capacite_W : 
2255.8383999999996	2039.2449000000004	1886.5229	

covar_capacite_X : 
122.84444444444445	176.0111111111111	78.9	

covar_capacite_W : 
2506.4871111111106	2265.827666666667	2096.1365555555553	

##########	##########	##########	##########	##########	##########	##########	##########	##########	##########	##########	##########	##########	##########	##########	##########	##########	##########	##########	##########	##########	##########	##########	##########	##########	##########	##########	##########	##########	##########	##########	##########	##########	##########	##########	##########	##########	##########	##########	##########	##########	##########	##########	##########	##########	##########	##########	##########	##########	##########	##########	##########	##########	##########	##########	##########	##########	##########	##########	##########	##########	##########	##########	##########	##########	##########	##########	##########	##########	##########	##########	##########	##########	##########	##########	##########	##########	##########	##########	##########	##########	##########	##########	##########	##########	##########	##########	##########	##########	##########	##########	##########	##########	##########	##########	##########	##########	##########	##########	##########	nombre de noeuds : 100
nombre de strates : 3
nombre de centres : 10
titre : intelligent
instances : p19_1
temps de calcul : 0.12320494651794434
valeur objective : 201.0
nombre de solutions : 3
nombre de noeuds : 1.0
faisability : True
moy_distances :	50.07
min_distances :	0.0
max_distances :	130.0
var_distances :	570.6520671768187
covar_distances :	570.7097146227404
ecartType_distances :	23.888324913581084
coef_variation	: 0.4771264740720584
distances_centre_x :
-1.0	14.0	13.0	-1.0	5.0	0.0	12.0	-1.0	10.0	11.0	-1.0	-1.0	13.0	0.0	-1.0	-1.0	-1.0	21.0	-1.0	0.0	9.0	18.0	13.0	-1.0	25.0	7.0	11.0	9.0	-1.0	12.0	-1.0	-1.0	12.0	-1.0	-1.0	11.0	28.0	8.0	11.0	8.0	5.0	0.0	-1.0	-1.0	0.0	5.0	23.0	-1.0	8.0	19.0	0.0	12.0	-1.0	10.0	4.0	7.0	12.0	-1.0	-1.0	-1.0	14.0	16.0	-1.0	33.0	15.0	-1.0	7.0	10.0	13.0	-1.0	-1.0	5.0	10.0	-1.0	17.0	17.0	3.0	10.0	5.0	17.0	-1.0	-1.0	16.0	-1.0	16.0	13.0	-1.0	25.0	17.0	17.0	4.0	9.0	18.0	-1.0	13.0	0.0	-1.0	2.0	18.0	-1.0	
26.0	-1.0	-1.0	-1.0	-1.0	0.0	12.0	13.0	10.0	11.0	15.0	-1.0	-1.0	0.0	-1.0	-1.0	4.0	21.0	21.0	0.0	9.0	-1.0	13.0	17.0	25.0	-1.0	11.0	9.0	27.0	12.0	17.0	11.0	12.0	-1.0	-1.0	-1.0	28.0	-1.0	11.0	8.0	5.0	-1.0	21.0	21.0	-1.0	-1.0	23.0	8.0	-1.0	19.0	0.0	12.0	7.0	-1.0	4.0	-1.0	12.0	17.0	8.0	-1.0	-1.0	16.0	8.0	33.0	-1.0	-1.0	7.0	-1.0	13.0	10.0	-1.0	5.0	10.0	13.0	17.0	-1.0	3.0	10.0	5.0	17.0	8.0	5.0	-1.0	-1.0	16.0	-1.0	-1.0	25.0	17.0	17.0	-1.0	-1.0	18.0	0.0	13.0	-1.0	0.0	-1.0	-1.0	17.0	
26.0	14.0	-1.0	16.0	-1.0	0.0	12.0	13.0	10.0	11.0	15.0	21.0	-1.0	0.0	12.0	17.0	-1.0	21.0	21.0	0.0	9.0	-1.0	17.0	17.0	25.0	7.0	11.0	-1.0	-1.0	12.0	17.0	11.0	12.0	10.0	16.0	11.0	-1.0	-1.0	11.0	-1.0	5.0	0.0	-1.0	-1.0	-1.0	-1.0	23.0	8.0	8.0	19.0	-1.0	12.0	-1.0	10.0	4.0	7.0	28.0	17.0	8.0	13.0	-1.0	16.0	8.0	33.0	15.0	9.0	7.0	10.0	13.0	28.0	7.0	5.0	15.0	13.0	17.0	17.0	3.0	10.0	5.0	-1.0	8.0	5.0	-1.0	15.0	16.0	-1.0	0.0	-1.0	-1.0	17.0	4.0	9.0	-1.0	0.0	13.0	-1.0	-1.0	-1.0	-1.0	17.0	

distances_centre_w :
-1.0	16.0	21.0	-1.0	19.0	25.0	28.0	-1.0	12.0	27.0	-1.0	-1.0	21.0	32.0	-1.0	-1.0	-1.0	34.0	-1.0	18.0	26.0	25.0	17.0	-1.0	27.0	25.0	16.0	20.0	-1.0	32.0	-1.0	-1.0	31.0	-1.0	-1.0	27.0	29.0	16.0	29.0	27.0	16.0	19.0	-1.0	-1.0	25.0	22.0	24.0	-1.0	24.0	31.0	12.0	24.0	-1.0	32.0	9.0	23.0	29.0	-1.0	-1.0	-1.0	30.0	33.0	-1.0	33.0	33.0	-1.0	13.0	20.0	24.0	-1.0	-1.0	21.0	15.0	-1.0	30.0	27.0	27.0	27.0	17.0	24.0	-1.0	-1.0	24.0	-1.0	26.0	27.0	-1.0	27.0	29.0	19.0	23.0	21.0	31.0	-1.0	25.0	12.0	-1.0	11.0	25.0	-1.0	
30.0	-1.0	-1.0	-1.0	-1.0	25.0	28.0	17.0	12.0	27.0	23.0	-1.0	-1.0	18.0	-1.0	-1.0	16.0	34.0	30.0	18.0	26.0	-1.0	17.0	21.0	27.0	-1.0	16.0	20.0	31.0	22.0	25.0	29.0	31.0	-1.0	-1.0	-1.0	29.0	-1.0	29.0	27.0	16.0	-1.0	34.0	30.0	-1.0	-1.0	24.0	20.0	-1.0	31.0	12.0	24.0	26.0	-1.0	9.0	-1.0	28.0	30.0	13.0	-1.0	-1.0	33.0	17.0	33.0	-1.0	-1.0	13.0	-1.0	24.0	28.0	-1.0	21.0	23.0	30.0	21.0	-1.0	27.0	27.0	17.0	24.0	24.0	15.0	-1.0	-1.0	26.0	-1.0	-1.0	27.0	29.0	19.0	-1.0	-1.0	22.0	19.0	25.0	-1.0	19.0	-1.0	-1.0	21.0	
30.0	16.0	-1.0	30.0	-1.0	25.0	28.0	23.0	12.0	27.0	23.0	29.0	-1.0	18.0	14.0	19.0	-1.0	34.0	30.0	34.0	26.0	-1.0	32.0	21.0	27.0	25.0	16.0	-1.0	-1.0	32.0	25.0	34.0	31.0	16.0	34.0	27.0	-1.0	-1.0	29.0	-1.0	16.0	19.0	-1.0	-1.0	-1.0	-1.0	28.0	20.0	24.0	31.0	-1.0	24.0	-1.0	32.0	9.0	23.0	29.0	32.0	13.0	17.0	-1.0	33.0	17.0	33.0	33.0	34.0	13.0	20.0	24.0	29.0	15.0	21.0	23.0	30.0	21.0	27.0	27.0	27.0	17.0	-1.0	27.0	15.0	-1.0	30.0	26.0	-1.0	30.0	-1.0	-1.0	31.0	23.0	21.0	-1.0	19.0	25.0	-1.0	-1.0	-1.0	-1.0	21.0	

maxX :
33.0	33.0	33.0	

maxW :
34.0	34.0	34.0	

minX :
0.0	0.0	0.0	

minW :
9.0	9.0	9.0	

moyX :
11.303030303030303	12.546875	12.219178082191782	

moyW :
23.696969696969695	23.578125	24.602739726027398	

medX :
11.0	12.0	12.0	

medW :
25.0	24.0	25.0	

ecartTypeX :
7.064571652651374	7.551758254497757	6.985791010098992	

ecartTypeW :
6.186421340248474	6.051354929631462	6.422860980811651	

varX :
49.90817263544536	57.029052734375	48.80127603677989	

varW :
38.27180899908173	36.618896484375	41.2531431788328	

covarX :
50.67599067599068	57.93427579365079	49.47907153729073	

covarW :
38.86060606060607	37.20014880952381	41.82610350076104	

coef_variationX :
0.625015722620631	0.6018835968715522	0.571707111813034	

coef_variationW :
0.2610638161485929	0.256651236246795	0.2610628349661751	

moy_distances_centre :	51.08888888888889
min_distances_centre :	12.0
max_distances_centre :	96.0
med_distances_centre :	49.0
ecartType_distances_centre :	20.338056524896288
var_distances_centre :	413.63654320987655
covar_distances_centre :	418.28414481897636
coef_variation_distances_centre :	0.3980915805221109
capacite_X_temoin : 
157.0	172.0	153.0	150.0	177.0	171.0	174.0	162.0	145.0	178.0	
171.0	160.0	175.0	177.0	136.0	178.0	157.0	162.0	178.0	175.0	
157.0	154.0	162.0	153.0	166.0	175.0	154.0	162.0	162.0	142.0	

capacite_W_temoin : 
149.1	148.6	55.9	77.0	136.1	183.3	210.2	155.6	109.5	111.4	
192.3	117.0	108.5	120.1	119.8	175.4	142.1	155.6	184.4	133.5	
145.1	103.19999999999999	54.6	58.9	112.8	195.5	155.2	151.6	141.6	86.6	

demande_cumulee_X : 
55.0	75.0	143.0	118.0	94.0	39.0	16.0	55.0	79.0	120.0	
30.0	91.0	119.0	110.0	57.0	56.0	62.0	55.0	47.0	94.0	
59.0	97.0	156.0	140.0	103.0	32.0	45.0	59.0	69.0	98.0	

demande_cumulee_W : 
143.0	126.0	52.0	71.0	16.0	97.0	68.0	112.0	89.0	20.0	
83.0	112.0	97.0	84.0	77.0	58.0	44.0	93.0	61.0	12.0	
130.0	102.0	48.0	50.0	74.0	83.0	113.0	132.0	52.0	74.0	

capacite_residuelle_X : 
102.0	97.0	10.0	32.0	83.0	132.0	158.0	107.0	66.0	58.0	
141.0	69.0	56.0	67.0	79.0	122.0	95.0	107.0	131.0	81.0	
98.0	57.0	6.0	13.0	63.0	143.0	109.0	103.0	93.0	44.0	

capacite_residuelle_W : 
6.099999999999994	22.599999999999994	3.8999999999999986	6.0	120.1	86.30000000000001	142.2	43.599999999999994	20.5	91.4	
109.30000000000001	5.0	11.5	36.099999999999994	42.8	117.4	98.1	62.599999999999994	123.4	121.5	
15.099999999999994	1.1999999999999886	6.600000000000001	8.899999999999999	38.8	112.5	42.19999999999999	19.599999999999994	89.6	12.599999999999994	

min_capacite_X : 
145.0	136.0	142.0	

min_capacite_W : 
55.9	108.5	54.6	

max_capacite_X : 
178.0	178.0	175.0	

max_capacite_W : 
210.2	192.3	195.5	

moy_capacite_X : 
163.9	166.9	158.7	

moy_capacite_W : 
133.67000000000002	144.87	120.50999999999996	

med_capacite_X : 
166.5	173.0	159.5	

med_capacite_W : 
142.35	137.8	127.19999999999999	

ecartType_capacite_X : 
11.44071676076285	12.731457104353767	8.426743143112885	

ecartType_capacite_W : 
44.28047086470513	28.87552770080575	43.002126691595144	

var_capacite_X : 
130.89000000000001	162.09	71.01000000000002	

var_capacite_W : 
1960.7601	833.7961000000003	1849.1828999999998	

covar_capacite_X : 
145.43333333333334	180.1	78.9	

covar_capacite_W : 
2178.622333333333	926.4401111111114	2054.6476666666663	

##########	##########	##########	##########	##########	##########	##########	##########	##########	##########	##########	##########	##########	##########	##########	##########	##########	##########	##########	##########	##########	##########	##########	##########	##########	##########	##########	##########	##########	##########	##########	##########	##########	##########	##########	##########	##########	##########	##########	##########	##########	##########	##########	##########	##########	##########	##########	##########	##########	##########	##########	##########	##########	##########	##########	##########	##########	##########	##########	##########	##########	##########	##########	##########	##########	##########	##########	##########	##########	##########	##########	##########	##########	##########	##########	##########	##########	##########	##########	##########	##########	##########	##########	##########	##########	##########	##########	##########	##########	##########	##########	##########	##########	##########	##########	##########	##########	##########	##########	##########	nombre de noeuds : 100
nombre de strates : 3
nombre de centres : 10
titre : intelligent
instances : p19_1
temps de calcul : 0.1287989616394043
valeur objective : 238.0
nombre de solutions : 3
nombre de noeuds : 1.0
faisability : True
moy_distances :	50.07
min_distances :	0.0
max_distances :	130.0
var_distances :	570.6520671768187
covar_distances :	570.7097146227404
ecartType_distances :	23.888324913581084
coef_variation	: 0.4771264740720584
distances_centre_x :
-1.0	16.0	13.0	-1.0	5.0	23.0	12.0	-1.0	10.0	11.0	-1.0	-1.0	13.0	0.0	-1.0	-1.0	-1.0	21.0	-1.0	0.0	9.0	18.0	13.0	-1.0	25.0	7.0	11.0	9.0	-1.0	12.0	-1.0	-1.0	12.0	-1.0	-1.0	11.0	28.0	8.0	11.0	8.0	5.0	0.0	-1.0	-1.0	0.0	5.0	24.0	-1.0	8.0	19.0	0.0	0.0	-1.0	10.0	4.0	7.0	12.0	-1.0	-1.0	-1.0	14.0	16.0	-1.0	33.0	15.0	-1.0	7.0	10.0	13.0	-1.0	-1.0	5.0	10.0	-1.0	17.0	17.0	27.0	10.0	5.0	17.0	-1.0	-1.0	8.0	-1.0	4.0	13.0	-1.0	25.0	17.0	17.0	4.0	9.0	18.0	-1.0	25.0	0.0	-1.0	2.0	18.0	-1.0	
26.0	-1.0	-1.0	-1.0	-1.0	0.0	12.0	13.0	10.0	11.0	15.0	-1.0	-1.0	0.0	-1.0	-1.0	4.0	21.0	17.0	0.0	9.0	-1.0	13.0	17.0	25.0	-1.0	11.0	9.0	31.0	12.0	17.0	11.0	12.0	-1.0	-1.0	-1.0	28.0	-1.0	11.0	8.0	5.0	-1.0	34.0	21.0	-1.0	-1.0	23.0	8.0	-1.0	19.0	0.0	0.0	26.0	-1.0	4.0	-1.0	12.0	17.0	8.0	-1.0	-1.0	16.0	8.0	33.0	-1.0	-1.0	7.0	-1.0	13.0	10.0	-1.0	5.0	10.0	13.0	17.0	-1.0	27.0	10.0	5.0	17.0	8.0	5.0	-1.0	-1.0	4.0	-1.0	-1.0	25.0	17.0	17.0	-1.0	-1.0	18.0	0.0	13.0	-1.0	0.0	-1.0	-1.0	21.0	
26.0	14.0	-1.0	18.0	-1.0	25.0	12.0	13.0	10.0	11.0	15.0	19.0	-1.0	0.0	12.0	17.0	-1.0	21.0	17.0	0.0	9.0	-1.0	13.0	32.0	25.0	25.0	11.0	-1.0	-1.0	12.0	17.0	11.0	12.0	10.0	16.0	11.0	-1.0	-1.0	11.0	-1.0	5.0	0.0	-1.0	-1.0	-1.0	-1.0	24.0	8.0	8.0	19.0	-1.0	0.0	-1.0	10.0	4.0	7.0	28.0	32.0	8.0	17.0	-1.0	16.0	8.0	33.0	15.0	9.0	28.0	10.0	13.0	10.0	7.0	5.0	23.0	13.0	17.0	17.0	27.0	10.0	5.0	-1.0	27.0	5.0	-1.0	15.0	4.0	-1.0	30.0	-1.0	-1.0	17.0	4.0	9.0	-1.0	0.0	13.0	-1.0	-1.0	-1.0	-1.0	21.0	

distances_centre_w :
-1.0	25.0	32.0	-1.0	19.0	25.0	28.0	-1.0	12.0	27.0	-1.0	-1.0	21.0	18.0	-1.0	-1.0	-1.0	34.0	-1.0	18.0	35.0	25.0	17.0	-1.0	27.0	25.0	16.0	20.0	-1.0	32.0	-1.0	-1.0	31.0	-1.0	-1.0	27.0	29.0	16.0	29.0	27.0	16.0	19.0	-1.0	-1.0	25.0	19.0	28.0	-1.0	24.0	31.0	12.0	12.0	-1.0	32.0	9.0	23.0	28.0	-1.0	-1.0	-1.0	30.0	33.0	-1.0	33.0	33.0	-1.0	33.0	33.0	24.0	-1.0	-1.0	21.0	15.0	-1.0	21.0	27.0	34.0	27.0	17.0	36.0	-1.0	-1.0	16.0	-1.0	16.0	27.0	-1.0	27.0	35.0	21.0	23.0	30.0	22.0	-1.0	35.0	12.0	-1.0	11.0	25.0	-1.0	
30.0	-1.0	-1.0	-1.0	-1.0	23.0	28.0	42.0	12.0	27.0	23.0	-1.0	-1.0	18.0	-1.0	-1.0	8.0	54.0	21.0	18.0	35.0	-1.0	17.0	21.0	27.0	-1.0	16.0	20.0	57.0	22.0	25.0	29.0	31.0	-1.0	-1.0	-1.0	29.0	-1.0	29.0	27.0	16.0	-1.0	54.0	30.0	-1.0	-1.0	24.0	20.0	-1.0	31.0	12.0	12.0	31.0	-1.0	9.0	-1.0	28.0	30.0	13.0	-1.0	-1.0	33.0	17.0	33.0	-1.0	-1.0	13.0	-1.0	24.0	28.0	-1.0	21.0	15.0	26.0	21.0	-1.0	34.0	27.0	17.0	36.0	24.0	15.0	-1.0	-1.0	16.0	-1.0	-1.0	27.0	57.0	19.0	-1.0	-1.0	22.0	19.0	25.0	-1.0	19.0	-1.0	-1.0	45.0	
30.0	16.0	-1.0	43.0	-1.0	25.0	28.0	17.0	12.0	43.0	23.0	29.0	-1.0	38.0	14.0	19.0	-1.0	34.0	20.0	34.0	35.0	-1.0	17.0	42.0	27.0	37.0	16.0	-1.0	-1.0	43.0	25.0	29.0	31.0	11.0	45.0	27.0	-1.0	-1.0	29.0	-1.0	16.0	19.0	-1.0	-1.0	-1.0	-1.0	28.0	20.0	24.0	31.0	-1.0	12.0	-1.0	29.0	9.0	23.0	41.0	40.0	13.0	33.0	-1.0	33.0	17.0	33.0	33.0	26.0	42.0	33.0	24.0	28.0	15.0	44.0	39.0	26.0	21.0	27.0	34.0	27.0	17.0	-1.0	39.0	15.0	-1.0	30.0	16.0	-1.0	41.0	-1.0	-1.0	41.0	23.0	30.0	-1.0	19.0	25.0	-1.0	-1.0	-1.0	-1.0	45.0	

maxX :
33.0	34.0	33.0	

maxW :
36.0	57.0	45.0	

minX :
0.0	0.0	0.0	

minW :
9.0	8.0	9.0	

moyX :
11.757575757575758	13.109375	14.054794520547945	

moyW :
24.393939393939394	25.5	27.671232876712327	

medX :
11.0	12.0	13.0	

medW :
25.0	24.0	28.0	

ecartTypeX :
7.625834491962584	8.511237401775078	8.2791873252148	

ecartTypeW :
7.085791989434846	10.779030568655049	9.672804404895071	

varX :
58.15335169880624	72.441162109375	68.54494276599738	

varW :
50.20844811753903	116.1875	93.5631450553575	

covarX :
59.04801864801865	73.59102182539682	69.49695585996956	

covarW :
50.98088578088578	118.03174603174602	94.86263318112631	

coef_variationX :
0.6485890160689827	0.6492481450698511	0.5890649851273687	

coef_variationW :
0.2904734604364595	0.4227070811237274	0.34956174334521795	

moy_distances_centre :	48.86666666666667
min_distances_centre :	12.0
max_distances_centre :	90.0
med_distances_centre :	49.0
ecartType_distances_centre :	19.95840118290485
var_distances_centre :	398.3377777777778
covar_distances_centre :	402.8134831460674
coef_variation_distances_centre :	0.4084256722286122
capacite_X_temoin : 
157.0	172.0	153.0	150.0	177.0	171.0	154.0	162.0	145.0	178.0	
171.0	160.0	175.0	177.0	136.0	178.0	150.0	162.0	178.0	175.0	
157.0	154.0	162.0	153.0	166.0	175.0	175.0	162.0	162.0	142.0	

capacite_W_temoin : 
172.1	148.6	63.9	85.0	120.1	160.3	153.2	139.6	156.5	111.4	
192.3	98.0	108.5	120.1	69.8	175.4	166.0	155.6	213.4	140.5	
149.1	97.19999999999999	85.6	67.9	68.8	195.5	181.5	155.6	161.6	69.6	

demande_cumulee_X : 
32.0	75.0	135.0	110.0	110.0	62.0	47.0	71.0	32.0	120.0	
30.0	110.0	119.0	110.0	107.0	56.0	29.0	55.0	18.0	87.0	
55.0	103.0	125.0	131.0	147.0	32.0	46.0	55.0	49.0	115.0	

demande_cumulee_W : 
172.0	142.0	58.0	78.0	5.0	74.0	0.0	66.0	108.0	91.0	
144.0	98.0	103.0	84.0	36.0	28.0	11.0	93.0	85.0	39.0	
148.0	97.0	84.0	62.0	57.0	63.0	28.0	149.0	111.0	59.0	

capacite_residuelle_X : 
125.0	97.0	18.0	40.0	67.0	109.0	107.0	91.0	113.0	58.0	
141.0	50.0	56.0	67.0	29.0	122.0	121.0	107.0	160.0	88.0	
102.0	51.0	37.0	22.0	19.0	143.0	129.0	107.0	113.0	27.0	

capacite_residuelle_W : 
0.09999999999999432	6.599999999999994	5.899999999999999	7.0	115.1	86.30000000000001	153.2	73.6	48.5	20.400000000000006	
48.30000000000001	0.0	5.5	36.099999999999994	33.8	147.4	155.0	62.599999999999994	128.4	101.5	
1.0999999999999943	0.19999999999998863	1.5999999999999943	5.900000000000006	11.799999999999997	132.5	153.5	6.599999999999994	50.599999999999994	10.599999999999994	

min_capacite_X : 
145.0	136.0	142.0	

min_capacite_W : 
63.9	69.8	67.9	

max_capacite_X : 
178.0	178.0	175.0	

max_capacite_W : 
172.1	213.4	195.5	

moy_capacite_X : 
161.9	166.2	160.8	

moy_capacite_W : 
131.07	143.95999999999998	123.23999999999998	

med_capacite_X : 
159.5	173.0	162.0	

med_capacite_W : 
144.1	148.05	123.14999999999999	

ecartType_capacite_X : 
11.246777316191514	13.429817571359635	9.53729521405309	

ecartType_capacite_W : 
33.46018678967587	42.6838423762435	47.75087852594966	

var_capacite_X : 
126.48999999999998	180.36	90.96	

var_capacite_W : 
1119.5840999999998	1821.9104000000002	2280.1464	

covar_capacite_X : 
140.54444444444445	200.39999999999998	101.06666666666665	

covar_capacite_W : 
1243.9823333333331	2024.344888888889	2533.496	

##########	##########	##########	##########	##########	##########	##########	##########	##########	##########	##########	##########	##########	##########	##########	##########	##########	##########	##########	##########	##########	##########	##########	##########	##########	##########	##########	##########	##########	##########	##########	##########	##########	##########	##########	##########	##########	##########	##########	##########	##########	##########	##########	##########	##########	##########	##########	##########	##########	##########	##########	##########	##########	##########	##########	##########	##########	##########	##########	##########	##########	##########	##########	##########	##########	##########	##########	##########	##########	##########	##########	##########	##########	##########	##########	##########	##########	##########	##########	##########	##########	##########	##########	##########	##########	##########	##########	##########	##########	##########	##########	##########	##########	##########	##########	##########	##########	##########	##########	##########	nombre de noeuds : 100
nombre de strates : 3
nombre de centres : 10
titre : intelligent
instances : p19_1
temps de calcul : 0.12317705154418945
valeur objective : 238.0
nombre de solutions : 3
nombre de noeuds : 1.0
faisability : True
moy_distances :	50.07
min_distances :	0.0
max_distances :	130.0
var_distances :	570.6520671768187
covar_distances :	570.7097146227404
ecartType_distances :	23.888324913581084
coef_variation	: 0.4771264740720584
distances_centre_x :
-1.0	14.0	13.0	-1.0	5.0	0.0	12.0	-1.0	10.0	11.0	-1.0	-1.0	13.0	0.0	-1.0	-1.0	-1.0	21.0	-1.0	0.0	9.0	18.0	13.0	-1.0	25.0	7.0	11.0	16.0	-1.0	12.0	-1.0	-1.0	12.0	-1.0	-1.0	11.0	28.0	14.0	29.0	8.0	14.0	0.0	-1.0	-1.0	0.0	23.0	24.0	-1.0	24.0	19.0	9.0	0.0	-1.0	10.0	0.0	7.0	12.0	-1.0	-1.0	-1.0	14.0	16.0	-1.0	33.0	15.0	-1.0	7.0	10.0	13.0	-1.0	-1.0	5.0	10.0	-1.0	17.0	17.0	27.0	10.0	5.0	17.0	-1.0	-1.0	8.0	-1.0	4.0	13.0	-1.0	25.0	17.0	17.0	4.0	9.0	18.0	-1.0	13.0	0.0	-1.0	2.0	18.0	-1.0	
26.0	-1.0	-1.0	-1.0	-1.0	0.0	12.0	13.0	10.0	11.0	15.0	-1.0	-1.0	18.0	-1.0	-1.0	4.0	21.0	20.0	0.0	9.0	-1.0	13.0	17.0	25.0	-1.0	11.0	16.0	31.0	12.0	17.0	11.0	12.0	-1.0	-1.0	-1.0	28.0	-1.0	11.0	8.0	14.0	-1.0	34.0	21.0	-1.0	-1.0	23.0	8.0	-1.0	19.0	9.0	0.0	26.0	-1.0	0.0	-1.0	12.0	17.0	12.0	-1.0	-1.0	16.0	8.0	33.0	-1.0	-1.0	7.0	-1.0	13.0	10.0	-1.0	5.0	10.0	13.0	17.0	-1.0	27.0	10.0	5.0	17.0	27.0	5.0	-1.0	-1.0	4.0	-1.0	-1.0	25.0	17.0	17.0	-1.0	-1.0	18.0	0.0	13.0	-1.0	0.0	-1.0	-1.0	21.0	
26.0	14.0	-1.0	16.0	-1.0	0.0	12.0	13.0	10.0	11.0	15.0	19.0	-1.0	0.0	12.0	17.0	-1.0	21.0	21.0	0.0	9.0	-1.0	13.0	17.0	25.0	7.0	11.0	-1.0	-1.0	12.0	17.0	11.0	12.0	9.0	16.0	11.0	-1.0	-1.0	29.0	-1.0	14.0	0.0	-1.0	-1.0	-1.0	-1.0	23.0	8.0	8.0	19.0	-1.0	0.0	-1.0	10.0	0.0	7.0	12.0	17.0	12.0	17.0	-1.0	16.0	8.0	33.0	15.0	9.0	7.0	10.0	13.0	28.0	15.0	5.0	10.0	13.0	17.0	17.0	27.0	10.0	28.0	-1.0	8.0	5.0	-1.0	15.0	4.0	-1.0	30.0	-1.0	-1.0	21.0	23.0	9.0	-1.0	0.0	13.0	-1.0	-1.0	-1.0	-1.0	21.0	

distances_centre_w :
-1.0	23.0	21.0	-1.0	19.0	25.0	28.0	-1.0	12.0	27.0	-1.0	-1.0	21.0	18.0	-1.0	-1.0	-1.0	34.0	-1.0	18.0	35.0	25.0	17.0	-1.0	27.0	25.0	16.0	20.0	-1.0	32.0	-1.0	-1.0	31.0	-1.0	-1.0	27.0	29.0	16.0	29.0	27.0	16.0	19.0	-1.0	-1.0	25.0	27.0	28.0	-1.0	29.0	31.0	12.0	12.0	-1.0	32.0	4.0	23.0	28.0	-1.0	-1.0	-1.0	30.0	33.0	-1.0	33.0	31.0	-1.0	13.0	33.0	24.0	-1.0	-1.0	21.0	15.0	-1.0	23.0	27.0	34.0	27.0	17.0	36.0	-1.0	-1.0	16.0	-1.0	16.0	27.0	-1.0	27.0	35.0	21.0	23.0	30.0	34.0	-1.0	25.0	12.0	-1.0	2.0	18.0	-1.0	
30.0	-1.0	-1.0	-1.0	-1.0	19.0	28.0	23.0	12.0	27.0	23.0	-1.0	-1.0	53.0	-1.0	-1.0	6.0	34.0	21.0	18.0	35.0	-1.0	17.0	21.0	27.0	-1.0	51.0	20.0	57.0	22.0	54.0	45.0	31.0	-1.0	-1.0	-1.0	29.0	-1.0	29.0	27.0	16.0	-1.0	54.0	30.0	-1.0	-1.0	24.0	20.0	-1.0	31.0	12.0	12.0	31.0	-1.0	4.0	-1.0	28.0	30.0	13.0	-1.0	-1.0	33.0	17.0	33.0	-1.0	-1.0	13.0	-1.0	24.0	28.0	-1.0	21.0	23.0	26.0	23.0	-1.0	34.0	27.0	17.0	36.0	39.0	15.0	-1.0	-1.0	16.0	-1.0	-1.0	27.0	35.0	19.0	-1.0	-1.0	22.0	19.0	25.0	-1.0	19.0	-1.0	-1.0	45.0	
30.0	23.0	-1.0	18.0	-1.0	25.0	28.0	17.0	12.0	36.0	23.0	32.0	-1.0	18.0	14.0	19.0	-1.0	34.0	40.0	18.0	35.0	-1.0	17.0	21.0	27.0	30.0	16.0	-1.0	-1.0	32.0	25.0	25.0	31.0	10.0	45.0	27.0	-1.0	-1.0	45.0	-1.0	16.0	19.0	-1.0	-1.0	-1.0	-1.0	24.0	45.0	24.0	31.0	-1.0	12.0	-1.0	29.0	4.0	23.0	29.0	30.0	13.0	33.0	-1.0	33.0	17.0	33.0	45.0	26.0	43.0	33.0	24.0	43.0	40.0	21.0	38.0	26.0	23.0	27.0	45.0	27.0	38.0	-1.0	27.0	15.0	-1.0	30.0	16.0	-1.0	32.0	-1.0	-1.0	38.0	35.0	32.0	-1.0	19.0	25.0	-1.0	-1.0	-1.0	-1.0	45.0	

maxX :
33.0	34.0	33.0	

maxW :
36.0	57.0	45.0	

minX :
0.0	0.0	0.0	

minW :
2.0	4.0	4.0	

moyX :
12.393939393939394	14.125	13.465753424657533	

moyW :
23.803030303030305	26.5625	27.410958904109588	

medX :
12.0	13.0	13.0	

medW :
25.0	25.5	27.0	

ecartTypeX :
7.840993265541445	8.345095865237258	7.6786167985647396	

ecartTypeW :
7.564309532009608	11.359020369292415	9.637022811508958	

varX :
61.481175390266294	69.640625	58.96115593920061	

varW :
57.218778696051416	129.02734375	92.87220866954401	

covarX :
62.427039627039626	70.74603174603175	59.78006088280061	

covarW :
58.0990675990676	131.0753968253968	94.16210045662099	

coef_variationX :
0.6326473783933195	0.590803247096443	0.5702329870755097	

coef_variationW :
0.31778766970886957	0.42763370802042033	0.35157554484765313	

moy_distances_centre :	48.2
min_distances_centre :	4.0
max_distances_centre :	90.0
med_distances_centre :	49.0
ecartType_distances_centre :	20.252407264322926
var_distances_centre :	410.1600000000001
covar_distances_centre :	414.76853932584277
coef_variation_distances_centre :	0.42017442457101506
capacite_X_temoin : 
157.0	172.0	153.0	150.0	177.0	154.0	147.0	162.0	145.0	178.0	
171.0	160.0	175.0	177.0	136.0	150.0	159.0	162.0	178.0	175.0	
157.0	154.0	162.0	153.0	166.0	175.0	171.0	162.0	162.0	142.0	

capacite_W_temoin : 
170.1	148.6	63.9	102.0	120.1	153.2	100.1	122.6	187.5	111.4	
192.3	107.0	110.5	120.1	69.8	166.0	138.7	155.6	225.4	129.5	
157.1	93.19999999999999	81.6	79.9	57.8	187.5	159.3	133.6	197.6	79.6	

demande_cumulee_X : 
34.0	75.0	135.0	93.0	110.0	47.0	91.0	88.0	1.0	120.0	
30.0	101.0	117.0	110.0	107.0	29.0	68.0	55.0	6.0	98.0	
47.0	107.0	129.0	119.0	158.0	40.0	63.0	77.0	13.0	105.0	

demande_cumulee_W : 
167.0	142.0	58.0	84.0	37.0	22.0	50.0	67.0	92.0	75.0	
124.0	107.0	104.0	94.0	47.0	5.0	6.0	93.0	99.0	42.0	
153.0	83.0	81.0	72.0	31.0	10.0	59.0	129.0	168.0	72.0	

capacite_residuelle_X : 
123.0	97.0	18.0	57.0	67.0	107.0	56.0	74.0	144.0	58.0	
141.0	59.0	58.0	67.0	29.0	121.0	91.0	107.0	172.0	77.0	
110.0	47.0	33.0	34.0	8.0	135.0	108.0	85.0	149.0	37.0	

capacite_residuelle_W : 
3.0999999999999943	6.599999999999994	5.899999999999999	18.0	83.1	131.2	50.099999999999994	55.599999999999994	95.5	36.400000000000006	
68.30000000000001	0.0	6.5	26.099999999999994	22.799999999999997	161.0	132.7	62.599999999999994	126.4	87.5	
4.099999999999994	10.199999999999989	0.5999999999999943	7.900000000000006	26.799999999999997	177.5	100.30000000000001	4.599999999999994	29.599999999999994	7.599999999999994	

min_capacite_X : 
145.0	136.0	142.0	

min_capacite_W : 
63.9	69.8	57.8	

max_capacite_X : 
178.0	178.0	175.0	

max_capacite_W : 
187.5	225.4	197.6	

moy_capacite_X : 
159.5	164.3	160.4	

moy_capacite_W : 
127.95	141.49	122.71999999999998	

med_capacite_X : 
155.5	166.5	162.0	

med_capacite_W : 
121.35	134.1	113.39999999999999	

ecartType_capacite_X : 
11.603878661895772	12.961867149450343	9.00222194794152	

ecartType_capacite_W : 
35.07475587940706	42.80286088569315	47.86616341425329	

var_capacite_X : 
134.65	168.01	81.03999999999999	

var_capacite_W : 
1230.2385	1832.0849000000003	2291.1696	

covar_capacite_X : 
149.61111111111111	186.67777777777775	90.04444444444445	

covar_capacite_W : 
1366.9316666666666	2035.649888888889	2545.744	

##########	##########	##########	##########	##########	##########	##########	##########	##########	##########	##########	##########	##########	##########	##########	##########	##########	##########	##########	##########	##########	##########	##########	##########	##########	##########	##########	##########	##########	##########	##########	##########	##########	##########	##########	##########	##########	##########	##########	##########	##########	##########	##########	##########	##########	##########	##########	##########	##########	##########	##########	##########	##########	##########	##########	##########	##########	##########	##########	##########	##########	##########	##########	##########	##########	##########	##########	##########	##########	##########	##########	##########	##########	##########	##########	##########	##########	##########	##########	##########	##########	##########	##########	##########	##########	##########	##########	##########	##########	##########	##########	##########	##########	##########	##########	##########	##########	##########	##########	##########	nombre de noeuds : 100
nombre de strates : 3
nombre de centres : 10
titre : intelligent
instances : p19_1
temps de calcul : 0.1340010166168213
valeur objective : 238.0
nombre de solutions : 3
nombre de noeuds : 1.0
faisability : True
moy_distances :	50.07
min_distances :	0.0
max_distances :	130.0
var_distances :	570.6520671768187
covar_distances :	570.7097146227404
ecartType_distances :	23.888324913581084
coef_variation	: 0.4771264740720584
distances_centre_x :
-1.0	14.0	13.0	-1.0	5.0	0.0	12.0	-1.0	6.0	11.0	-1.0	-1.0	13.0	0.0	-1.0	-1.0	-1.0	21.0	-1.0	18.0	9.0	18.0	17.0	-1.0	25.0	7.0	0.0	16.0	-1.0	12.0	-1.0	-1.0	20.0	-1.0	-1.0	22.0	29.0	14.0	11.0	8.0	14.0	0.0	-1.0	-1.0	0.0	5.0	24.0	-1.0	8.0	19.0	9.0	0.0	-1.0	10.0	0.0	7.0	12.0	-1.0	-1.0	-1.0	14.0	16.0	-1.0	33.0	15.0	-1.0	7.0	10.0	27.0	-1.0	-1.0	5.0	10.0	-1.0	17.0	17.0	27.0	10.0	5.0	17.0	-1.0	-1.0	8.0	-1.0	4.0	13.0	-1.0	25.0	17.0	17.0	4.0	9.0	31.0	-1.0	28.0	0.0	-1.0	2.0	26.0	-1.0	
26.0	-1.0	-1.0	-1.0	-1.0	0.0	12.0	13.0	6.0	11.0	15.0	-1.0	-1.0	0.0	-1.0	-1.0	4.0	21.0	17.0	0.0	9.0	-1.0	13.0	10.0	25.0	-1.0	0.0	16.0	31.0	12.0	17.0	11.0	20.0	-1.0	-1.0	-1.0	29.0	-1.0	11.0	8.0	14.0	-1.0	34.0	21.0	-1.0	-1.0	23.0	8.0	-1.0	19.0	9.0	0.0	26.0	-1.0	0.0	-1.0	12.0	17.0	12.0	-1.0	-1.0	16.0	8.0	33.0	-1.0	-1.0	7.0	-1.0	13.0	10.0	-1.0	5.0	10.0	13.0	17.0	-1.0	27.0	10.0	5.0	17.0	8.0	5.0	-1.0	-1.0	4.0	-1.0	-1.0	25.0	17.0	17.0	-1.0	-1.0	18.0	11.0	13.0	-1.0	0.0	-1.0	-1.0	21.0	
26.0	14.0	-1.0	16.0	-1.0	0.0	12.0	13.0	6.0	11.0	15.0	19.0	-1.0	0.0	12.0	17.0	-1.0	21.0	17.0	0.0	9.0	-1.0	13.0	10.0	25.0	7.0	0.0	-1.0	-1.0	12.0	17.0	11.0	20.0	9.0	16.0	22.0	-1.0	-1.0	11.0	-1.0	14.0	0.0	-1.0	-1.0	-1.0	-1.0	28.0	8.0	29.0	19.0	-1.0	0.0	-1.0	10.0	0.0	7.0	29.0	32.0	12.0	17.0	-1.0	16.0	8.0	33.0	15.0	9.0	7.0	10.0	13.0	10.0	7.0	5.0	10.0	26.0	17.0	17.0	27.0	10.0	5.0	-1.0	27.0	5.0	-1.0	15.0	4.0	-1.0	30.0	-1.0	-1.0	17.0	23.0	9.0	-1.0	11.0	13.0	-1.0	-1.0	-1.0	-1.0	21.0	

distances_centre_w :
-1.0	23.0	21.0	-1.0	19.0	25.0	28.0	-1.0	10.0	27.0	-1.0	-1.0	21.0	18.0	-1.0	-1.0	-1.0	34.0	-1.0	34.0	35.0	25.0	20.0	-1.0	27.0	19.0	16.0	20.0	-1.0	36.0	-1.0	-1.0	31.0	-1.0	-1.0	27.0	33.0	16.0	28.0	27.0	16.0	16.0	-1.0	-1.0	25.0	22.0	28.0	-1.0	36.0	31.0	12.0	12.0	-1.0	35.0	4.0	23.0	29.0	-1.0	-1.0	-1.0	30.0	33.0	-1.0	33.0	34.0	-1.0	13.0	36.0	35.0	-1.0	-1.0	21.0	15.0	-1.0	23.0	27.0	34.0	27.0	17.0	36.0	-1.0	-1.0	16.0	-1.0	16.0	27.0	-1.0	27.0	35.0	21.0	35.0	30.0	34.0	-1.0	35.0	4.0	-1.0	2.0	29.0	-1.0	
30.0	-1.0	-1.0	-1.0	-1.0	19.0	28.0	17.0	10.0	27.0	23.0	-1.0	-1.0	38.0	-1.0	-1.0	6.0	34.0	40.0	54.0	35.0	-1.0	17.0	17.0	27.0	-1.0	16.0	20.0	57.0	22.0	25.0	48.0	31.0	-1.0	-1.0	-1.0	52.0	-1.0	28.0	27.0	16.0	-1.0	54.0	30.0	-1.0	-1.0	24.0	20.0	-1.0	52.0	12.0	12.0	31.0	-1.0	4.0	-1.0	28.0	30.0	13.0	-1.0	-1.0	33.0	23.0	33.0	-1.0	-1.0	13.0	-1.0	27.0	26.0	-1.0	21.0	15.0	26.0	35.0	-1.0	39.0	27.0	17.0	52.0	47.0	15.0	-1.0	-1.0	16.0	-1.0	-1.0	27.0	35.0	19.0	-1.0	-1.0	22.0	19.0	28.0	-1.0	19.0	-1.0	-1.0	45.0	
30.0	23.0	-1.0	17.0	-1.0	26.0	28.0	17.0	10.0	44.0	23.0	23.0	-1.0	38.0	45.0	21.0	-1.0	34.0	20.0	34.0	35.0	-1.0	17.0	17.0	27.0	19.0	16.0	-1.0	-1.0	22.0	25.0	29.0	31.0	10.0	34.0	27.0	-1.0	-1.0	28.0	-1.0	16.0	16.0	-1.0	-1.0	-1.0	-1.0	39.0	20.0	40.0	31.0	-1.0	12.0	-1.0	29.0	4.0	23.0	41.0	45.0	13.0	33.0	-1.0	33.0	17.0	33.0	45.0	26.0	13.0	33.0	27.0	26.0	15.0	44.0	23.0	26.0	23.0	27.0	45.0	27.0	17.0	-1.0	39.0	15.0	-1.0	30.0	16.0	-1.0	41.0	-1.0	-1.0	38.0	44.0	30.0	-1.0	19.0	28.0	-1.0	-1.0	-1.0	-1.0	45.0	

maxX :
33.0	34.0	33.0	

maxW :
36.0	57.0	45.0	

minX :
0.0	0.0	0.0	

minW :
2.0	4.0	4.0	

moyX :
12.772727272727273	13.46875	13.780821917808218	

moyW :
24.757575757575758	27.390625	27.08219178082192	

medX :
12.0	12.5	13.0	

medW :
27.0	27.0	27.0	

ecartTypeX :
8.520555278792173	8.455709517095535	8.306205924409634	

ecartTypeW :
8.628811158081774	12.397854133251245	10.128967580024764	

varX :
72.59986225895317	71.4990234375	68.9930568586977	

varW :
74.45638200183653	153.706787109375	102.59598423719272	

covarX :
73.71678321678321	72.63392857142857	69.95129375951295	

covarW :
75.60186480186479	156.14657738095238	104.02092846270928	

coef_variationX :
0.6670897371296363	0.6278020987170699	0.6027366128050728	

coef_variationW :
0.3485321520400227	0.4526312975060352	0.37400841342529473	

moy_distances_centre :	47.46666666666667
min_distances_centre :	4.0
max_distances_centre :	87.0
med_distances_centre :	49.0
ecartType_distances_centre :	20.102625588602987
var_distances_centre :	404.11555555555555
covar_distances_centre :	408.656179775281
coef_variation_distances_centre :	0.4235103705464112
capacite_X_temoin : 
157.0	172.0	153.0	172.0	150.0	177.0	154.0	147.0	145.0	178.0	
171.0	160.0	175.0	135.0	177.0	136.0	150.0	159.0	178.0	175.0	
157.0	154.0	162.0	168.0	153.0	166.0	175.0	171.0	162.0	142.0	

capacite_W_temoin : 
146.1	125.6	86.9	133.6	104.0	120.1	153.2	121.1	175.5	126.4	
192.3	98.0	108.5	119.5	121.1	69.8	166.0	138.7	225.4	140.5	
157.1	78.19999999999999	104.6	136.4	103.9	67.8	168.5	159.3	197.6	61.6	

demande_cumulee_X : 
58.0	98.0	112.0	90.0	91.0	110.0	47.0	70.0	13.0	105.0	
30.0	110.0	119.0	56.0	109.0	107.0	29.0	68.0	6.0	87.0	
47.0	122.0	106.0	82.0	95.0	148.0	59.0	63.0	13.0	123.0	

demande_cumulee_W : 
140.0	109.0	73.0	53.0	98.0	14.0	0.0	57.0	133.0	117.0	
167.0	96.0	105.0	79.0	85.0	25.0	0.0	6.0	98.0	60.0	
156.0	78.0	104.0	134.0	101.0	50.0	0.0	49.0	127.0	59.0	

capacite_residuelle_X : 
99.0	74.0	41.0	82.0	59.0	67.0	107.0	77.0	132.0	73.0	
141.0	50.0	56.0	79.0	68.0	29.0	121.0	91.0	172.0	88.0	
110.0	32.0	56.0	86.0	58.0	18.0	116.0	108.0	149.0	19.0	

capacite_residuelle_W : 
6.099999999999994	16.599999999999994	13.900000000000006	80.6	6.0	106.1	153.2	64.1	42.5	9.400000000000006	
25.30000000000001	2.0	3.5	40.5	36.099999999999994	44.8	166.0	132.7	127.4	80.5	
1.0999999999999943	0.19999999999998863	0.5999999999999943	2.4000000000000057	2.9000000000000057	17.799999999999997	168.5	110.30000000000001	70.6	2.6000000000000014	

min_capacite_X : 
145.0	135.0	142.0	

min_capacite_W : 
86.9	69.8	61.6	

max_capacite_X : 
178.0	178.0	175.0	

max_capacite_W : 
175.5	225.4	197.6	

moy_capacite_X : 
160.5	161.6	161.0	

moy_capacite_W : 
129.25	137.98	123.49999999999997	

med_capacite_X : 
155.5	165.5	162.0	

med_capacite_W : 
126.0	129.89999999999998	120.5	

ecartType_capacite_X : 
12.192210628101861	15.685662242952956	9.284395510748128	

ecartType_capacite_W : 
23.70271081543206	43.734809934421804	44.52008535481485	

var_capacite_X : 
148.65	246.03999999999996	86.2	

var_capacite_W : 
561.8185	1912.7336000000003	1982.038	

covar_capacite_X : 
165.16666666666666	273.37777777777774	95.77777777777777	

covar_capacite_W : 
624.2427777777777	2125.259555555556	2202.2644444444445	

##########	##########	##########	##########	##########	##########	##########	##########	##########	##########	##########	##########	##########	##########	##########	##########	##########	##########	##########	##########	##########	##########	##########	##########	##########	##########	##########	##########	##########	##########	##########	##########	##########	##########	##########	##########	##########	##########	##########	##########	##########	##########	##########	##########	##########	##########	##########	##########	##########	##########	##########	##########	##########	##########	##########	##########	##########	##########	##########	##########	##########	##########	##########	##########	##########	##########	##########	##########	##########	##########	##########	##########	##########	##########	##########	##########	##########	##########	##########	##########	##########	##########	##########	##########	##########	##########	##########	##########	##########	##########	##########	##########	##########	##########	##########	##########	##########	##########	##########	##########	nombre de noeuds : 100
nombre de strates : 3
nombre de centres : 10
titre : intelligent
instances : p19_1
temps de calcul : 0.15613698959350586
valeur objective : 205.0
nombre de solutions : 6
nombre de noeuds : 1.0
faisability : True
moy_distances :	50.07
min_distances :	0.0
max_distances :	130.0
var_distances :	570.6520671768187
covar_distances :	570.7097146227404
ecartType_distances :	23.888324913581084
coef_variation	: 0.4771264740720584
distances_centre_x :
-1.0	14.0	13.0	-1.0	5.0	0.0	12.0	-1.0	6.0	11.0	-1.0	-1.0	21.0	0.0	-1.0	-1.0	-1.0	21.0	-1.0	18.0	9.0	18.0	13.0	-1.0	25.0	7.0	0.0	20.0	-1.0	12.0	-1.0	-1.0	20.0	-1.0	-1.0	22.0	29.0	16.0	11.0	8.0	16.0	0.0	-1.0	-1.0	0.0	5.0	24.0	-1.0	8.0	19.0	12.0	0.0	-1.0	10.0	4.0	7.0	12.0	-1.0	-1.0	-1.0	14.0	16.0	-1.0	33.0	15.0	-1.0	7.0	3.0	13.0	-1.0	-1.0	5.0	10.0	-1.0	17.0	17.0	18.0	10.0	5.0	17.0	-1.0	-1.0	8.0	-1.0	4.0	13.0	-1.0	25.0	17.0	17.0	4.0	0.0	18.0	-1.0	13.0	0.0	-1.0	2.0	18.0	-1.0	
26.0	-1.0	-1.0	-1.0	-1.0	0.0	12.0	13.0	6.0	11.0	15.0	-1.0	-1.0	0.0	-1.0	-1.0	4.0	21.0	17.0	0.0	9.0	-1.0	13.0	10.0	25.0	-1.0	0.0	20.0	27.0	12.0	17.0	11.0	20.0	-1.0	-1.0	-1.0	29.0	-1.0	11.0	8.0	16.0	-1.0	28.0	21.0	-1.0	-1.0	24.0	8.0	-1.0	19.0	12.0	0.0	22.0	-1.0	4.0	-1.0	12.0	17.0	13.0	-1.0	-1.0	16.0	8.0	33.0	-1.0	-1.0	7.0	-1.0	13.0	10.0	-1.0	5.0	10.0	13.0	17.0	-1.0	18.0	10.0	5.0	17.0	8.0	5.0	-1.0	-1.0	4.0	-1.0	-1.0	25.0	17.0	17.0	-1.0	-1.0	18.0	11.0	13.0	-1.0	0.0	-1.0	-1.0	14.0	
26.0	25.0	-1.0	16.0	-1.0	0.0	12.0	17.0	6.0	11.0	15.0	19.0	-1.0	0.0	12.0	17.0	-1.0	21.0	21.0	0.0	9.0	-1.0	13.0	10.0	25.0	19.0	0.0	-1.0	-1.0	12.0	17.0	11.0	20.0	10.0	16.0	22.0	-1.0	-1.0	11.0	-1.0	16.0	0.0	-1.0	-1.0	-1.0	-1.0	24.0	8.0	17.0	19.0	-1.0	0.0	-1.0	10.0	4.0	7.0	12.0	30.0	13.0	7.0	-1.0	16.0	8.0	33.0	15.0	9.0	13.0	3.0	13.0	26.0	7.0	5.0	10.0	26.0	17.0	17.0	18.0	10.0	17.0	-1.0	24.0	5.0	-1.0	15.0	4.0	-1.0	21.0	-1.0	-1.0	19.0	4.0	0.0	-1.0	11.0	13.0	-1.0	-1.0	-1.0	-1.0	14.0	

distances_centre_w :
-1.0	25.0	21.0	-1.0	19.0	30.0	28.0	-1.0	10.0	27.0	-1.0	-1.0	25.0	18.0	-1.0	-1.0	-1.0	34.0	-1.0	34.0	9.0	25.0	17.0	-1.0	27.0	19.0	16.0	29.0	-1.0	32.0	-1.0	-1.0	31.0	-1.0	-1.0	27.0	33.0	16.0	28.0	27.0	20.0	16.0	-1.0	-1.0	9.0	22.0	28.0	-1.0	17.0	31.0	23.0	12.0	-1.0	32.0	15.0	23.0	28.0	-1.0	-1.0	-1.0	30.0	33.0	-1.0	33.0	23.0	-1.0	13.0	10.0	27.0	-1.0	-1.0	13.0	15.0	-1.0	23.0	26.0	27.0	27.0	17.0	36.0	-1.0	-1.0	16.0	-1.0	16.0	27.0	-1.0	27.0	35.0	35.0	23.0	9.0	31.0	-1.0	28.0	12.0	-1.0	12.0	18.0	-1.0	
30.0	-1.0	-1.0	-1.0	-1.0	25.0	28.0	17.0	10.0	27.0	23.0	-1.0	-1.0	18.0	-1.0	-1.0	8.0	34.0	21.0	18.0	9.0	-1.0	17.0	17.0	27.0	-1.0	16.0	29.0	31.0	22.0	25.0	27.0	31.0	-1.0	-1.0	-1.0	33.0	-1.0	28.0	27.0	20.0	-1.0	34.0	30.0	-1.0	-1.0	28.0	10.0	-1.0	31.0	23.0	12.0	31.0	-1.0	15.0	-1.0	28.0	30.0	15.0	-1.0	-1.0	33.0	17.0	33.0	-1.0	-1.0	13.0	-1.0	27.0	26.0	-1.0	13.0	15.0	26.0	23.0	-1.0	27.0	19.0	17.0	36.0	24.0	15.0	-1.0	-1.0	16.0	-1.0	-1.0	27.0	35.0	21.0	-1.0	-1.0	22.0	19.0	28.0	-1.0	19.0	-1.0	-1.0	21.0	
30.0	28.0	-1.0	18.0	-1.0	30.0	28.0	23.0	10.0	27.0	23.0	23.0	-1.0	18.0	14.0	22.0	-1.0	34.0	34.0	34.0	9.0	-1.0	17.0	32.0	27.0	30.0	16.0	-1.0	-1.0	32.0	25.0	31.0	31.0	11.0	34.0	27.0	-1.0	-1.0	28.0	-1.0	29.0	16.0	-1.0	-1.0	-1.0	-1.0	28.0	20.0	29.0	31.0	-1.0	12.0	-1.0	29.0	15.0	23.0	29.0	32.0	26.0	17.0	-1.0	33.0	32.0	33.0	31.0	26.0	33.0	10.0	27.0	29.0	15.0	13.0	22.0	30.0	30.0	26.0	27.0	19.0	28.0	-1.0	27.0	15.0	-1.0	30.0	16.0	-1.0	30.0	-1.0	-1.0	21.0	23.0	9.0	-1.0	19.0	28.0	-1.0	-1.0	-1.0	-1.0	21.0	

maxX :
33.0	33.0	33.0	

maxW :
36.0	36.0	34.0	

minX :
0.0	0.0	0.0	

minW :
9.0	8.0	9.0	

moyX :
11.924242424242424	13.234375	13.32876712328767	

moyW :
23.106060606060606	23.078125	24.45205479452055	

medX :
12.0	13.0	13.0	

medW :
25.0	23.5	27.0	

ecartTypeX :
7.715216381931122	7.7917067038855485	7.699946262969485	

ecartTypeW :
7.629942586619823	7.172657909337026	7.117489737356923	

varX :
59.52456382001836	60.710693359375	59.28917245261774	

varW :
58.216023875114786	51.447021484375	50.65866016138112	

covarX :
60.44032634032634	61.67435515873016	60.112633181126334	

covarW :
59.11165501165502	52.26364087301587	51.36225266362252	

coef_variationX :
0.6470194170361551	0.5887476139889907	0.5776938100686253	

coef_variationW :
0.3302139086668251	0.31079898862394695	0.29107941222804223	

moy_distances_centre :	48.91111111111111
min_distances_centre :	9.0
max_distances_centre :	87.0
med_distances_centre :	49.0
ecartType_distances_centre :	19.810011186515684
var_distances_centre :	392.4365432098765
covar_distances_centre :	396.84594257178514
coef_variation_distances_centre :	0.40502067396329205
capacite_X_temoin : 
157.0	172.0	153.0	172.0	150.0	177.0	154.0	178.0	145.0	178.0	
171.0	160.0	175.0	135.0	177.0	136.0	150.0	160.0	178.0	175.0	
157.0	154.0	162.0	168.0	153.0	166.0	175.0	135.0	162.0	142.0	

capacite_W_temoin : 
144.1	125.6	106.9	169.6	68.0	155.1	153.2	196.4	122.5	91.4	
192.3	110.0	116.5	119.5	113.1	119.8	166.0	146.0	157.4	140.5	
161.1	115.19999999999999	61.6	115.4	86.9	130.8	187.5	112.5	117.6	99.6	

demande_cumulee_X : 
60.0	98.0	92.0	54.0	127.0	75.0	47.0	35.0	66.0	140.0	
30.0	98.0	111.0	56.0	117.0	57.0	29.0	62.0	74.0	87.0	
43.0	85.0	149.0	103.0	112.0	85.0	40.0	63.0	93.0	85.0	

demande_cumulee_W : 
108.0	123.0	94.0	86.0	62.0	46.0	48.0	81.0	103.0	43.0	
99.0	101.0	112.0	79.0	77.0	92.0	29.0	57.0	29.0	46.0	
84.0	110.0	61.0	108.0	83.0	90.0	101.0	72.0	53.0	96.0	

capacite_residuelle_X : 
97.0	74.0	61.0	118.0	23.0	102.0	107.0	143.0	79.0	38.0	
141.0	62.0	64.0	79.0	60.0	79.0	121.0	98.0	104.0	88.0	
114.0	69.0	13.0	65.0	41.0	81.0	135.0	72.0	69.0	57.0	

capacite_residuelle_W : 
36.099999999999994	2.5999999999999943	12.900000000000006	83.6	6.0	109.1	105.19999999999999	115.4	19.5	48.400000000000006	
93.30000000000001	9.0	4.5	40.5	36.099999999999994	27.799999999999997	137.0	89.0	128.4	94.5	
77.1	5.199999999999989	0.6000000000000014	7.400000000000006	3.9000000000000057	40.80000000000001	86.5	40.5	64.6	3.5999999999999943	

min_capacite_X : 
145.0	135.0	135.0	

min_capacite_W : 
68.0	110.0	61.6	

max_capacite_X : 
178.0	178.0	175.0	

max_capacite_W : 
196.4	192.3	187.5	

moy_capacite_X : 
163.6	161.7	157.4	

moy_capacite_W : 
133.28000000000003	138.10999999999999	118.81999999999998	

med_capacite_X : 
164.5	165.5	159.5	

med_capacite_W : 
134.85	130.15	115.3	

ecartType_capacite_X : 
12.306096050332128	15.67194946393077	11.438531374263043	

ecartType_capacite_W : 
36.30396121637417	25.92051118323094	33.7293877797982	

var_capacite_X : 
151.44	245.60999999999999	130.83999999999997	

var_capacite_W : 
1317.9776	671.8729000000002	1137.6716000000001	

covar_capacite_X : 
168.26666666666668	272.9	145.37777777777777	

covar_capacite_W : 
1464.4195555555555	746.5254444444446	1264.0795555555555	

##########	##########	##########	##########	##########	##########	##########	##########	##########	##########	##########	##########	##########	##########	##########	##########	##########	##########	##########	##########	##########	##########	##########	##########	##########	##########	##########	##########	##########	##########	##########	##########	##########	##########	##########	##########	##########	##########	##########	##########	##########	##########	##########	##########	##########	##########	##########	##########	##########	##########	##########	##########	##########	##########	##########	##########	##########	##########	##########	##########	##########	##########	##########	##########	##########	##########	##########	##########	##########	##########	##########	##########	##########	##########	##########	##########	##########	##########	##########	##########	##########	##########	##########	##########	##########	##########	##########	##########	##########	##########	##########	##########	##########	##########	##########	##########	##########	##########	##########	##########	nombre de noeuds : 100
nombre de strates : 3
nombre de centres : 10
titre : intelligent
instances : p19_1
temps de calcul : 0.13736510276794434
valeur objective : 276.0
nombre de solutions : 3
nombre de noeuds : 1.0
faisability : True
moy_distances :	50.07
min_distances :	0.0
max_distances :	130.0
var_distances :	570.6520671768187
covar_distances :	570.7097146227404
ecartType_distances :	23.888324913581084
coef_variation	: 0.4771264740720584
distances_centre_x :
-1.0	14.0	13.0	-1.0	5.0	0.0	12.0	-1.0	10.0	0.0	-1.0	-1.0	13.0	0.0	-1.0	-1.0	-1.0	21.0	-1.0	0.0	9.0	9.0	13.0	-1.0	25.0	7.0	16.0	20.0	-1.0	12.0	-1.0	-1.0	31.0	-1.0	-1.0	27.0	29.0	16.0	11.0	8.0	16.0	0.0	-1.0	-1.0	0.0	5.0	19.0	-1.0	29.0	31.0	12.0	0.0	-1.0	9.0	4.0	7.0	12.0	-1.0	-1.0	-1.0	14.0	16.0	-1.0	33.0	8.0	-1.0	7.0	3.0	24.0	-1.0	-1.0	5.0	10.0	-1.0	17.0	17.0	18.0	10.0	5.0	17.0	-1.0	-1.0	8.0	-1.0	4.0	2.0	-1.0	25.0	17.0	17.0	4.0	0.0	9.0	-1.0	13.0	0.0	-1.0	2.0	18.0	-1.0	
26.0	-1.0	-1.0	-1.0	-1.0	0.0	12.0	13.0	10.0	0.0	15.0	-1.0	-1.0	0.0	-1.0	-1.0	4.0	21.0	17.0	0.0	9.0	-1.0	13.0	17.0	25.0	-1.0	16.0	20.0	27.0	11.0	17.0	11.0	31.0	-1.0	-1.0	-1.0	29.0	-1.0	11.0	8.0	16.0	-1.0	28.0	21.0	-1.0	-1.0	19.0	8.0	-1.0	19.0	12.0	0.0	22.0	-1.0	4.0	-1.0	12.0	17.0	13.0	-1.0	-1.0	16.0	8.0	33.0	-1.0	-1.0	7.0	-1.0	13.0	10.0	-1.0	5.0	10.0	13.0	17.0	-1.0	18.0	10.0	5.0	17.0	8.0	5.0	-1.0	-1.0	4.0	-1.0	-1.0	25.0	17.0	17.0	-1.0	-1.0	9.0	19.0	13.0	-1.0	0.0	-1.0	-1.0	14.0	
26.0	14.0	-1.0	15.0	-1.0	25.0	12.0	23.0	10.0	0.0	15.0	19.0	-1.0	0.0	12.0	17.0	-1.0	21.0	17.0	0.0	9.0	-1.0	13.0	17.0	25.0	7.0	16.0	-1.0	-1.0	11.0	17.0	11.0	31.0	10.0	16.0	27.0	-1.0	-1.0	11.0	-1.0	16.0	0.0	-1.0	-1.0	-1.0	-1.0	19.0	8.0	29.0	19.0	-1.0	0.0	-1.0	9.0	4.0	7.0	17.0	32.0	13.0	7.0	-1.0	16.0	8.0	33.0	8.0	9.0	28.0	3.0	13.0	29.0	7.0	5.0	10.0	26.0	17.0	17.0	18.0	10.0	5.0	-1.0	8.0	5.0	-1.0	15.0	4.0	-1.0	21.0	-1.0	-1.0	17.0	4.0	0.0	-1.0	19.0	24.0	-1.0	-1.0	-1.0	-1.0	14.0	

distances_centre_w :
-1.0	25.0	21.0	-1.0	19.0	19.0	28.0	-1.0	38.0	27.0	-1.0	-1.0	55.0	38.0	-1.0	-1.0	-1.0	34.0	-1.0	34.0	9.0	25.0	19.0	-1.0	27.0	30.0	55.0	29.0	-1.0	40.0	-1.0	-1.0	59.0	-1.0	-1.0	51.0	33.0	36.0	17.0	27.0	20.0	39.0	-1.0	-1.0	9.0	22.0	24.0	-1.0	39.0	52.0	23.0	43.0	-1.0	10.0	15.0	23.0	17.0	-1.0	-1.0	-1.0	30.0	33.0	-1.0	33.0	48.0	-1.0	13.0	58.0	47.0	-1.0	-1.0	13.0	15.0	-1.0	23.0	26.0	27.0	48.0	38.0	49.0	-1.0	-1.0	51.0	-1.0	47.0	38.0	-1.0	27.0	48.0	21.0	23.0	9.0	18.0	-1.0	35.0	43.0	-1.0	12.0	18.0	-1.0	
30.0	-1.0	-1.0	-1.0	-1.0	19.0	28.0	17.0	38.0	44.0	23.0	-1.0	-1.0	18.0	-1.0	-1.0	8.0	34.0	20.0	18.0	9.0	-1.0	17.0	32.0	27.0	-1.0	44.0	29.0	31.0	12.0	25.0	17.0	59.0	-1.0	-1.0	-1.0	33.0	-1.0	17.0	27.0	20.0	-1.0	34.0	30.0	-1.0	-1.0	28.0	10.0	-1.0	31.0	23.0	12.0	26.0	-1.0	15.0	-1.0	41.0	24.0	15.0	-1.0	-1.0	33.0	17.0	33.0	-1.0	-1.0	13.0	-1.0	24.0	39.0	-1.0	13.0	23.0	21.0	23.0	-1.0	27.0	19.0	17.0	36.0	27.0	31.0	-1.0	-1.0	16.0	-1.0	-1.0	27.0	35.0	19.0	-1.0	-1.0	18.0	58.0	24.0	-1.0	11.0	-1.0	-1.0	21.0	
30.0	25.0	-1.0	16.0	-1.0	27.0	28.0	41.0	38.0	11.0	23.0	21.0	-1.0	18.0	14.0	19.0	-1.0	34.0	20.0	18.0	9.0	-1.0	17.0	32.0	27.0	26.0	42.0	-1.0	-1.0	12.0	25.0	35.0	59.0	11.0	34.0	51.0	-1.0	-1.0	41.0	-1.0	20.0	28.0	-1.0	-1.0	-1.0	-1.0	28.0	10.0	29.0	55.0	-1.0	12.0	-1.0	10.0	15.0	23.0	28.0	59.0	15.0	17.0	-1.0	33.0	17.0	33.0	48.0	26.0	42.0	10.0	35.0	54.0	54.0	13.0	15.0	30.0	23.0	26.0	27.0	19.0	17.0	-1.0	39.0	31.0	-1.0	54.0	16.0	-1.0	47.0	-1.0	-1.0	38.0	55.0	9.0	-1.0	52.0	35.0	-1.0	-1.0	-1.0	-1.0	21.0	

maxX :
33.0	33.0	33.0	

maxW :
59.0	59.0	59.0	

minX :
0.0	0.0	0.0	

minW :
9.0	8.0	9.0	

moyX :
11.93939393939394	13.546875	13.972602739726028	

moyW :
30.636363636363637	25.15625	28.383561643835616	

medX :
11.5	13.0	14.0	

medW :
27.5	24.0	27.0	

ecartTypeX :
8.748816002801314	7.962666182527998	8.409017668982077	

ecartTypeW :
13.393390911572501	10.485434465843559	13.74785675648699	

varX :
76.54178145087238	63.404052734375	70.71157815725276	

varW :
179.38292011019286	109.9443359375	189.00356539688497	

covarX :
77.71934731934734	64.41046626984127	71.69368340943683	

covarW :
182.14265734265737	111.68948412698413	191.62861491628612	

coef_variationX :
0.7327688530265061	0.5877862003250194	0.6018218527800898	

coef_variationW :
0.4371729971136425	0.41681230174781847	0.4843598181580841	

moy_distances_centre :	43.55555555555556
min_distances_centre :	9.0
max_distances_centre :	81.0
med_distances_centre :	43.0
ecartType_distances_centre :	17.678053632878072
var_distances_centre :	312.51358024691365
covar_distances_centre :	316.02496878901377
coef_variation_distances_centre :	0.4058736803466904
capacite_X_temoin : 
157.0	154.0	172.0	153.0	150.0	177.0	154.0	178.0	145.0	178.0	
171.0	150.0	160.0	175.0	177.0	136.0	150.0	160.0	178.0	175.0	
157.0	166.0	154.0	162.0	153.0	166.0	175.0	135.0	162.0	142.0	

capacite_W_temoin : 
144.1	92.19999999999999	165.6	46.9	57.0	155.1	147.2	196.4	122.5	182.4	
192.3	136.0	110.0	116.5	65.1	119.8	166.0	146.0	157.4	191.5	
162.1	113.8	97.19999999999999	85.6	58.9	138.8	168.5	96.5	134.6	129.6	

demande_cumulee_X : 
60.0	108.0	58.0	152.0	138.0	75.0	53.0	35.0	66.0	49.0	
30.0	59.0	98.0	111.0	165.0	57.0	29.0	62.0	74.0	36.0	
42.0	102.0	103.0	125.0	140.0	77.0	59.0	79.0	76.0	55.0	

demande_cumulee_W : 
65.0	82.0	121.0	37.0	18.0	49.0	78.0	93.0	75.0	176.0	
75.0	128.0	101.0	116.0	0.0	102.0	36.0	57.0	39.0	67.0	
121.0	111.0	93.0	80.0	37.0	97.0	71.0	84.0	53.0	111.0	

capacite_residuelle_X : 
97.0	46.0	114.0	1.0	12.0	102.0	101.0	143.0	79.0	129.0	
141.0	91.0	62.0	64.0	12.0	79.0	121.0	98.0	104.0	139.0	
115.0	64.0	51.0	37.0	13.0	89.0	116.0	56.0	86.0	87.0	

capacite_residuelle_W : 
79.1	10.199999999999989	44.599999999999994	9.899999999999999	39.0	106.1	69.19999999999999	103.4	47.5	6.400000000000006	
117.30000000000001	8.0	9.0	0.5	65.1	17.799999999999997	130.0	89.0	118.4	124.5	
41.099999999999994	2.799999999999997	4.199999999999989	5.599999999999994	21.9	41.80000000000001	97.5	12.5	81.6	18.599999999999994	

min_capacite_X : 
145.0	136.0	135.0	

min_capacite_W : 
46.9	65.1	58.9	

max_capacite_X : 
178.0	178.0	175.0	

max_capacite_W : 
196.4	192.3	168.5	

moy_capacite_X : 
161.8	163.2	157.2	

moy_capacite_W : 
130.94	140.06	118.55999999999999	

med_capacite_X : 
155.5	165.5	159.5	

med_capacite_W : 
145.64999999999998	141.0	121.69999999999999	

ecartType_capacite_X : 
12.262136844775464	13.629380029920656	11.26765281680262	

ecartType_capacite_W : 
48.22613814105376	37.267363738263	32.847806623882825	

var_capacite_X : 
150.35999999999999	185.76	126.96000000000001	

var_capacite_W : 
2325.7604	1388.8564000000001	1078.9784000000002	

covar_capacite_X : 
167.06666666666663	206.4	141.06666666666666	

covar_capacite_W : 
2584.178222222222	1543.173777777778	1198.864888888889	

##########	##########	##########	##########	##########	##########	##########	##########	##########	##########	##########	##########	##########	##########	##########	##########	##########	##########	##########	##########	##########	##########	##########	##########	##########	##########	##########	##########	##########	##########	##########	##########	##########	##########	##########	##########	##########	##########	##########	##########	##########	##########	##########	##########	##########	##########	##########	##########	##########	##########	##########	##########	##########	##########	##########	##########	##########	##########	##########	##########	##########	##########	##########	##########	##########	##########	##########	##########	##########	##########	##########	##########	##########	##########	##########	##########	##########	##########	##########	##########	##########	##########	##########	##########	##########	##########	##########	##########	##########	##########	##########	##########	##########	##########	##########	##########	##########	##########	##########	##########	nombre de noeuds : 100
nombre de strates : 3
nombre de centres : 10
titre : intelligent
instances : p19_1
temps de calcul : 0.12103104591369629
valeur objective : 216.0
nombre de solutions : 3
nombre de noeuds : 1.0
faisability : True
moy_distances :	50.07
min_distances :	0.0
max_distances :	130.0
var_distances :	570.6520671768187
covar_distances :	570.7097146227404
ecartType_distances :	23.888324913581084
coef_variation	: 0.4771264740720584
distances_centre_x :
-1.0	14.0	13.0	-1.0	5.0	0.0	12.0	-1.0	0.0	0.0	-1.0	-1.0	13.0	0.0	-1.0	-1.0	-1.0	21.0	-1.0	0.0	9.0	9.0	13.0	-1.0	25.0	7.0	6.0	20.0	-1.0	11.0	-1.0	-1.0	23.0	-1.0	-1.0	22.0	29.0	16.0	11.0	8.0	16.0	0.0	-1.0	-1.0	0.0	5.0	19.0	-1.0	8.0	19.0	12.0	12.0	-1.0	9.0	4.0	23.0	12.0	-1.0	-1.0	-1.0	14.0	16.0	-1.0	33.0	8.0	-1.0	7.0	3.0	13.0	-1.0	-1.0	5.0	10.0	-1.0	17.0	17.0	18.0	10.0	5.0	17.0	-1.0	-1.0	16.0	-1.0	16.0	2.0	-1.0	25.0	17.0	17.0	4.0	0.0	9.0	-1.0	13.0	25.0	-1.0	2.0	18.0	-1.0	
26.0	-1.0	-1.0	-1.0	-1.0	0.0	12.0	13.0	0.0	0.0	15.0	-1.0	-1.0	0.0	-1.0	-1.0	4.0	21.0	17.0	0.0	9.0	-1.0	13.0	11.0	25.0	-1.0	6.0	20.0	27.0	11.0	17.0	11.0	23.0	-1.0	-1.0	-1.0	29.0	-1.0	11.0	8.0	16.0	-1.0	28.0	21.0	-1.0	-1.0	19.0	8.0	-1.0	19.0	12.0	12.0	22.0	-1.0	4.0	-1.0	12.0	17.0	13.0	-1.0	-1.0	16.0	8.0	33.0	-1.0	-1.0	7.0	-1.0	13.0	10.0	-1.0	5.0	10.0	13.0	17.0	-1.0	18.0	10.0	5.0	17.0	8.0	5.0	-1.0	-1.0	16.0	-1.0	-1.0	25.0	17.0	17.0	-1.0	-1.0	9.0	12.0	13.0	-1.0	0.0	-1.0	-1.0	14.0	
26.0	14.0	-1.0	15.0	-1.0	0.0	12.0	13.0	0.0	0.0	15.0	29.0	-1.0	0.0	12.0	17.0	-1.0	21.0	21.0	31.0	9.0	-1.0	13.0	11.0	25.0	7.0	6.0	-1.0	-1.0	11.0	17.0	11.0	23.0	10.0	16.0	22.0	-1.0	-1.0	17.0	-1.0	16.0	0.0	-1.0	-1.0	-1.0	-1.0	19.0	8.0	8.0	19.0	-1.0	12.0	-1.0	9.0	4.0	23.0	17.0	17.0	13.0	7.0	-1.0	16.0	8.0	33.0	8.0	9.0	7.0	3.0	13.0	10.0	7.0	5.0	10.0	13.0	17.0	17.0	18.0	10.0	5.0	-1.0	8.0	5.0	-1.0	15.0	16.0	-1.0	30.0	-1.0	-1.0	17.0	4.0	0.0	-1.0	12.0	13.0	-1.0	-1.0	-1.0	-1.0	14.0	

distances_centre_w :
-1.0	25.0	21.0	-1.0	19.0	25.0	28.0	-1.0	10.0	11.0	-1.0	-1.0	18.0	38.0	-1.0	-1.0	-1.0	34.0	-1.0	18.0	9.0	25.0	17.0	-1.0	27.0	13.0	16.0	32.0	-1.0	12.0	-1.0	-1.0	31.0	-1.0	-1.0	27.0	32.0	16.0	17.0	27.0	20.0	10.0	-1.0	-1.0	9.0	22.0	28.0	-1.0	12.0	31.0	23.0	36.0	-1.0	10.0	26.0	40.0	17.0	-1.0	-1.0	-1.0	30.0	33.0	-1.0	33.0	15.0	-1.0	13.0	10.0	21.0	-1.0	-1.0	13.0	15.0	-1.0	23.0	26.0	27.0	19.0	16.0	36.0	-1.0	-1.0	41.0	-1.0	38.0	13.0	-1.0	27.0	35.0	35.0	23.0	9.0	18.0	-1.0	22.0	37.0	-1.0	27.0	23.0	-1.0	
30.0	-1.0	-1.0	-1.0	-1.0	25.0	28.0	17.0	10.0	11.0	23.0	-1.0	-1.0	18.0	-1.0	-1.0	29.0	34.0	20.0	18.0	9.0	-1.0	17.0	17.0	27.0	-1.0	16.0	32.0	31.0	12.0	25.0	29.0	31.0	-1.0	-1.0	-1.0	32.0	-1.0	17.0	27.0	20.0	-1.0	34.0	30.0	-1.0	-1.0	23.0	10.0	-1.0	31.0	23.0	36.0	26.0	-1.0	26.0	-1.0	17.0	24.0	15.0	-1.0	-1.0	33.0	17.0	33.0	-1.0	-1.0	13.0	-1.0	21.0	18.0	-1.0	13.0	22.0	21.0	23.0	-1.0	27.0	19.0	16.0	36.0	23.0	9.0	-1.0	-1.0	38.0	-1.0	-1.0	27.0	35.0	19.0	-1.0	-1.0	18.0	19.0	22.0	-1.0	11.0	-1.0	-1.0	21.0	
30.0	25.0	-1.0	16.0	-1.0	30.0	28.0	17.0	10.0	11.0	23.0	37.0	-1.0	18.0	14.0	19.0	-1.0	34.0	26.0	34.0	9.0	-1.0	17.0	17.0	27.0	13.0	16.0	-1.0	-1.0	12.0	25.0	17.0	31.0	35.0	34.0	27.0	-1.0	-1.0	21.0	-1.0	20.0	10.0	-1.0	-1.0	-1.0	-1.0	23.0	10.0	12.0	31.0	-1.0	36.0	-1.0	10.0	26.0	36.0	28.0	24.0	15.0	17.0	-1.0	33.0	17.0	33.0	15.0	26.0	17.0	10.0	21.0	18.0	15.0	13.0	15.0	21.0	23.0	26.0	27.0	19.0	16.0	-1.0	23.0	9.0	-1.0	30.0	38.0	-1.0	32.0	-1.0	-1.0	38.0	35.0	9.0	-1.0	19.0	22.0	-1.0	-1.0	-1.0	-1.0	21.0	

maxX :
33.0	33.0	33.0	

maxW :
41.0	38.0	38.0	

minX :
0.0	0.0	0.0	

minW :
9.0	9.0	9.0	

moyX :
11.863636363636363	13.28125	12.863013698630137	

moyW :
22.87878787878788	22.71875	22.08219178082192	

medX :
12.0	13.0	13.0	

medW :
23.0	22.5	21.0	

ecartTypeX :
7.831340230583941	7.66581035752255	7.540420882285294	

ecartTypeW :
8.943450543368105	7.5838412719083195	8.400511114028642	

varX :
61.329889807162544	58.7646484375	56.85794708200413	

varW :
79.98530762167125	57.5146484375	70.56858697691875	

covarX :
62.27342657342658	59.69742063492063	57.647640791476405	

covarW :
81.21585081585081	58.42757936507936	71.54870624048706	

coef_variationX :
0.6601129696277652	0.577190426919345	0.5862095041606246	

coef_variationW :
0.3909057853392682	0.3338141962875739	0.3804201683151928	

moy_distances_centre :	44.577777777777776
min_distances_centre :	9.0
max_distances_centre :	82.0
med_distances_centre :	44.0
ecartType_distances_centre :	18.36359791530684
var_distances_centre :	337.2217283950618
covar_distances_centre :	341.0107365792759
coef_variation_distances_centre :	0.41194511774118037
capacite_X_temoin : 
157.0	163.0	154.0	172.0	153.0	150.0	177.0	178.0	145.0	178.0	
171.0	162.0	150.0	160.0	175.0	177.0	136.0	160.0	178.0	175.0	
157.0	145.0	166.0	154.0	162.0	153.0	166.0	135.0	162.0	142.0	

capacite_W_temoin : 
143.1	157.9	99.19999999999999	163.6	48.9	76.0	155.1	196.4	76.5	204.4	
192.3	154.6	136.0	110.0	116.5	121.1	119.8	146.0	128.4	191.5	
157.1	118.5	89.8	99.19999999999999	88.6	102.9	138.8	104.5	94.6	152.6	

demande_cumulee_X : 
61.0	54.0	101.0	60.0	150.0	119.0	75.0	35.0	112.0	27.0	
30.0	56.0	59.0	98.0	111.0	109.0	57.0	62.0	103.0	36.0	
47.0	70.0	126.0	101.0	122.0	96.0	77.0	71.0	116.0	32.0	

demande_cumulee_W : 
120.0	89.0	62.0	130.0	40.0	71.0	51.0	82.0	44.0	105.0	
92.0	71.0	81.0	101.0	106.0	74.0	75.0	65.0	5.0	51.0	
115.0	105.0	71.0	85.0	88.0	85.0	96.0	77.0	17.0	119.0	

capacite_residuelle_X : 
96.0	109.0	53.0	112.0	3.0	31.0	102.0	143.0	33.0	151.0	
141.0	106.0	91.0	62.0	64.0	68.0	79.0	98.0	75.0	139.0	
110.0	75.0	40.0	53.0	40.0	57.0	89.0	64.0	46.0	110.0	

capacite_residuelle_W : 
23.099999999999994	68.9	37.19999999999999	33.599999999999994	8.899999999999999	5.0	104.1	114.4	32.5	99.4	
100.30000000000001	83.6	55.0	9.0	10.5	47.099999999999994	44.8	81.0	123.4	140.5	
42.099999999999994	13.5	18.799999999999997	14.199999999999989	0.5999999999999943	17.900000000000006	42.80000000000001	27.5	77.6	33.599999999999994	

min_capacite_X : 
145.0	136.0	135.0	

min_capacite_W : 
48.9	110.0	88.6	

max_capacite_X : 
178.0	178.0	166.0	

max_capacite_W : 
204.4	192.3	157.1	

moy_capacite_X : 
162.7	164.4	154.2	

moy_capacite_W : 
132.10999999999999	141.62	114.66000000000001	

med_capacite_X : 
160.0	166.5	155.5	

med_capacite_W : 
149.1	132.2	103.7	

ecartType_capacite_X : 
11.983738982471206	12.924395537122809	10.057832768544126	

ecartType_capacite_W : 
50.9047041048271	28.24626700999621	24.531946518774248	

var_capacite_X : 
143.61	167.04	101.16	

var_capacite_W : 
2591.2889000000005	797.8516000000002	601.8163999999999	

covar_capacite_X : 
159.56666666666666	185.6	112.39999999999998	

covar_capacite_W : 
2879.2098888888886	886.5017777777779	668.6848888888888	

##########	##########	##########	##########	##########	##########	##########	##########	##########	##########	##########	##########	##########	##########	##########	##########	##########	##########	##########	##########	##########	##########	##########	##########	##########	##########	##########	##########	##########	##########	##########	##########	##########	##########	##########	##########	##########	##########	##########	##########	##########	##########	##########	##########	##########	##########	##########	##########	##########	##########	##########	##########	##########	##########	##########	##########	##########	##########	##########	##########	##########	##########	##########	##########	##########	##########	##########	##########	##########	##########	##########	##########	##########	##########	##########	##########	##########	##########	##########	##########	##########	##########	##########	##########	##########	##########	##########	##########	##########	##########	##########	##########	##########	##########	##########	##########	##########	##########	##########	##########	nombre de noeuds : 100
nombre de strates : 3
nombre de centres : 10
titre : intelligent
instances : p19_1
temps de calcul : 0.1279909610748291
valeur objective : 239.0
nombre de solutions : 3
nombre de noeuds : 1.0
faisability : True
moy_distances :	50.07
min_distances :	0.0
max_distances :	130.0
var_distances :	570.6520671768187
covar_distances :	570.7097146227404
ecartType_distances :	23.888324913581084
coef_variation	: 0.4771264740720584
distances_centre_x :
-1.0	14.0	21.0	-1.0	19.0	19.0	12.0	-1.0	0.0	0.0	-1.0	-1.0	13.0	18.0	-1.0	-1.0	-1.0	21.0	-1.0	0.0	9.0	9.0	13.0	-1.0	25.0	7.0	6.0	20.0	-1.0	11.0	-1.0	-1.0	23.0	-1.0	-1.0	22.0	29.0	16.0	11.0	8.0	16.0	0.0	-1.0	-1.0	9.0	5.0	19.0	-1.0	8.0	19.0	12.0	12.0	-1.0	9.0	4.0	7.0	12.0	-1.0	-1.0	-1.0	14.0	16.0	-1.0	33.0	8.0	-1.0	7.0	3.0	13.0	-1.0	-1.0	13.0	10.0	-1.0	17.0	26.0	18.0	19.0	5.0	17.0	-1.0	-1.0	16.0	-1.0	16.0	2.0	-1.0	25.0	17.0	0.0	4.0	0.0	9.0	-1.0	13.0	25.0	-1.0	2.0	18.0	-1.0	
26.0	-1.0	-1.0	-1.0	-1.0	0.0	12.0	6.0	0.0	0.0	15.0	-1.0	-1.0	0.0	-1.0	-1.0	4.0	21.0	1.0	0.0	9.0	-1.0	13.0	11.0	25.0	-1.0	6.0	20.0	27.0	11.0	17.0	10.0	23.0	-1.0	-1.0	-1.0	29.0	-1.0	11.0	8.0	16.0	-1.0	28.0	21.0	-1.0	-1.0	19.0	10.0	-1.0	19.0	12.0	12.0	22.0	-1.0	4.0	-1.0	12.0	17.0	13.0	-1.0	-1.0	16.0	8.0	33.0	-1.0	-1.0	7.0	-1.0	13.0	10.0	-1.0	13.0	10.0	13.0	17.0	-1.0	18.0	19.0	5.0	17.0	8.0	5.0	-1.0	-1.0	16.0	-1.0	-1.0	25.0	17.0	0.0	-1.0	-1.0	9.0	12.0	13.0	-1.0	0.0	-1.0	-1.0	14.0	
26.0	14.0	-1.0	17.0	-1.0	0.0	12.0	6.0	0.0	0.0	15.0	21.0	-1.0	0.0	7.0	17.0	-1.0	21.0	1.0	0.0	9.0	-1.0	13.0	11.0	25.0	7.0	6.0	-1.0	-1.0	11.0	17.0	10.0	23.0	10.0	16.0	22.0	-1.0	-1.0	11.0	-1.0	16.0	0.0	-1.0	-1.0	-1.0	-1.0	19.0	10.0	8.0	19.0	-1.0	12.0	-1.0	9.0	4.0	7.0	28.0	17.0	13.0	7.0	-1.0	16.0	23.0	33.0	8.0	9.0	7.0	3.0	13.0	10.0	7.0	13.0	10.0	13.0	17.0	26.0	18.0	19.0	5.0	-1.0	8.0	5.0	-1.0	15.0	16.0	-1.0	21.0	-1.0	-1.0	0.0	4.0	0.0	-1.0	12.0	22.0	-1.0	-1.0	-1.0	-1.0	14.0	

distances_centre_w :
-1.0	25.0	22.0	-1.0	23.0	38.0	28.0	-1.0	10.0	11.0	-1.0	-1.0	13.0	41.0	-1.0	-1.0	-1.0	34.0	-1.0	18.0	35.0	18.0	24.0	-1.0	27.0	13.0	16.0	32.0	-1.0	12.0	-1.0	-1.0	31.0	-1.0	-1.0	27.0	32.0	16.0	17.0	23.0	20.0	10.0	-1.0	-1.0	33.0	22.0	23.0	-1.0	12.0	31.0	23.0	37.0	-1.0	10.0	40.0	23.0	17.0	-1.0	-1.0	-1.0	30.0	32.0	-1.0	33.0	15.0	-1.0	13.0	36.0	21.0	-1.0	-1.0	41.0	15.0	-1.0	30.0	27.0	31.0	27.0	16.0	30.0	-1.0	-1.0	41.0	-1.0	40.0	13.0	-1.0	27.0	32.0	17.0	22.0	30.0	18.0	-1.0	22.0	36.0	-1.0	39.0	23.0	-1.0	
30.0	-1.0	-1.0	-1.0	-1.0	19.0	28.0	13.0	10.0	43.0	23.0	-1.0	-1.0	17.0	-1.0	-1.0	29.0	34.0	17.0	18.0	35.0	-1.0	17.0	17.0	27.0	-1.0	16.0	32.0	56.0	12.0	25.0	11.0	31.0	-1.0	-1.0	-1.0	32.0	-1.0	17.0	23.0	20.0	-1.0	53.0	30.0	-1.0	-1.0	24.0	20.0	-1.0	31.0	23.0	36.0	24.0	-1.0	26.0	-1.0	17.0	24.0	15.0	-1.0	-1.0	32.0	23.0	33.0	-1.0	-1.0	13.0	-1.0	21.0	18.0	-1.0	21.0	40.0	21.0	30.0	-1.0	31.0	27.0	16.0	30.0	17.0	9.0	-1.0	-1.0	38.0	-1.0	-1.0	27.0	32.0	17.0	-1.0	-1.0	18.0	19.0	22.0	-1.0	11.0	-1.0	-1.0	43.0	
30.0	25.0	-1.0	28.0	-1.0	25.0	31.0	13.0	10.0	11.0	23.0	29.0	-1.0	18.0	12.0	19.0	-1.0	34.0	17.0	18.0	35.0	-1.0	17.0	17.0	27.0	13.0	16.0	-1.0	-1.0	12.0	25.0	11.0	31.0	35.0	33.0	27.0	-1.0	-1.0	17.0	-1.0	20.0	10.0	-1.0	-1.0	-1.0	-1.0	23.0	25.0	12.0	31.0	-1.0	36.0	-1.0	10.0	26.0	23.0	37.0	24.0	15.0	31.0	-1.0	32.0	23.0	33.0	15.0	26.0	13.0	33.0	21.0	18.0	15.0	21.0	15.0	21.0	30.0	27.0	31.0	27.0	16.0	-1.0	17.0	9.0	-1.0	30.0	38.0	-1.0	31.0	-1.0	-1.0	17.0	22.0	30.0	-1.0	19.0	40.0	-1.0	-1.0	-1.0	-1.0	43.0	

maxX :
33.0	33.0	33.0	

maxW :
41.0	56.0	43.0	

minX :
0.0	0.0	0.0	

minW :
10.0	9.0	9.0	

moyX :
12.787878787878787	12.9375	12.10958904109589	

moyW :
24.90909090909091	24.75	23.21917808219178	

medX :
13.0	12.5	12.0	

medW :
23.5	23.0	23.0	

ecartTypeX :
7.7273915617719275	7.952741272668186	7.625770374441885	

ecartTypeW :
9.028116473126694	9.714679613862724	8.406205430240806	

varX :
59.71258034894399	63.24609375	58.15237380371552	

varW :
81.50688705234158	94.375	70.66428973541002	

covarX :
60.63123543123543	64.25	58.960045662100455	

covarW :
82.76083916083915	95.87301587301587	71.64573820395741	

coef_variationX :
0.6042746955888001	0.6147046394332898	0.6297299064867167	

coef_variationW :
0.36244263213282346	0.3925123076308171	0.3620371660221704	

moy_distances_centre :	42.31111111111111
min_distances_centre :	10.0
max_distances_centre :	82.0
med_distances_centre :	41.0
ecartType_distances_centre :	17.476107146262706
var_distances_centre :	305.4143209876544
covar_distances_centre :	308.8459425717853
coef_variation_distances_centre :	0.4130382466291081
capacite_X_temoin : 
157.0	163.0	154.0	172.0	153.0	150.0	168.0	178.0	145.0	178.0	
171.0	162.0	150.0	160.0	175.0	177.0	145.0	160.0	178.0	175.0	
157.0	145.0	166.0	154.0	162.0	153.0	156.0	135.0	162.0	142.0	

capacite_W_temoin : 
143.1	157.9	99.19999999999999	168.6	60.9	76.0	201.4	131.4	71.5	199.4	
192.3	154.6	136.0	136.0	127.5	121.1	150.5	89.0	128.4	192.5	
172.1	87.5	141.8	120.19999999999999	80.6	100.9	160.8	40.5	109.6	119.6	

demande_cumulee_X : 
61.0	54.0	101.0	55.0	138.0	119.0	17.0	100.0	117.0	32.0	
30.0	56.0	59.0	72.0	100.0	109.0	38.0	119.0	103.0	35.0	
32.0	101.0	74.0	80.0	130.0	98.0	42.0	135.0	101.0	65.0	

demande_cumulee_W : 
131.0	106.0	58.0	116.0	8.0	64.0	124.0	10.0	50.0	127.0	
148.0	71.0	70.0	112.0	44.0	82.0	112.0	33.0	11.0	38.0	
170.0	71.0	61.0	88.0	74.0	85.0	159.0	15.0	47.0	88.0	

capacite_residuelle_X : 
96.0	109.0	53.0	117.0	15.0	31.0	151.0	78.0	28.0	146.0	
141.0	106.0	91.0	88.0	75.0	68.0	107.0	41.0	75.0	140.0	
125.0	44.0	92.0	74.0	32.0	55.0	114.0	0.0	61.0	77.0	

capacite_residuelle_W : 
12.099999999999994	51.900000000000006	41.19999999999999	52.599999999999994	52.9	12.0	77.4	121.4	21.5	72.4	
44.30000000000001	83.6	66.0	24.0	83.5	39.099999999999994	38.5	56.0	117.4	154.5	
2.0999999999999943	16.5	80.80000000000001	32.19999999999999	6.599999999999994	15.900000000000006	1.8000000000000114	25.5	62.599999999999994	31.599999999999994	

min_capacite_X : 
145.0	145.0	135.0	

min_capacite_W : 
60.9	89.0	40.5	

max_capacite_X : 
178.0	178.0	166.0	

max_capacite_W : 
201.4	192.5	172.1	

moy_capacite_X : 
161.8	165.3	153.2	

moy_capacite_W : 
130.94	142.79000000000002	113.36000000000001	

med_capacite_X : 
160.0	166.5	155.0	

med_capacite_W : 
137.25	136.0	114.6	

ecartType_capacite_X : 
11.187493016757596	11.1	9.303762679690404	

ecartType_capacite_W : 
49.40559077675319	30.030199799535136	37.16910545062929	

var_capacite_X : 
125.16	123.21	86.55999999999999	

var_capacite_W : 
2440.9124	901.8129000000001	1381.5423999999998	

covar_capacite_X : 
139.06666666666666	136.89999999999998	96.17777777777776	

covar_capacite_W : 
2712.1248888888886	1002.0143333333334	1535.047111111111	

##########	##########	##########	##########	##########	##########	##########	##########	##########	##########	##########	##########	##########	##########	##########	##########	##########	##########	##########	##########	##########	##########	##########	##########	##########	##########	##########	##########	##########	##########	##########	##########	##########	##########	##########	##########	##########	##########	##########	##########	##########	##########	##########	##########	##########	##########	##########	##########	##########	##########	##########	##########	##########	##########	##########	##########	##########	##########	##########	##########	##########	##########	##########	##########	##########	##########	##########	##########	##########	##########	##########	##########	##########	##########	##########	##########	##########	##########	##########	##########	##########	##########	##########	##########	##########	##########	##########	##########	##########	##########	##########	##########	##########	##########	##########	##########	##########	##########	##########	##########	nombre de noeuds : 100
nombre de strates : 3
nombre de centres : 10
titre : intelligent
instances : p19_1
temps de calcul : 0.13134002685546875
valeur objective : 242.0
nombre de solutions : 3
nombre de noeuds : 1.0
faisability : True
moy_distances :	50.07
min_distances :	0.0
max_distances :	130.0
var_distances :	570.6520671768187
covar_distances :	570.7097146227404
ecartType_distances :	23.888324913581084
coef_variation	: 0.4771264740720584
distances_centre_x :
-1.0	14.0	21.0	-1.0	5.0	0.0	28.0	-1.0	0.0	0.0	-1.0	-1.0	13.0	0.0	-1.0	-1.0	-1.0	21.0	-1.0	0.0	29.0	9.0	17.0	-1.0	25.0	7.0	6.0	20.0	-1.0	11.0	-1.0	-1.0	23.0	-1.0	-1.0	22.0	29.0	16.0	11.0	8.0	16.0	0.0	-1.0	-1.0	25.0	5.0	19.0	-1.0	8.0	19.0	12.0	12.0	-1.0	9.0	4.0	7.0	12.0	-1.0	-1.0	-1.0	14.0	16.0	-1.0	33.0	8.0	-1.0	17.0	22.0	13.0	-1.0	-1.0	21.0	10.0	-1.0	30.0	27.0	8.0	27.0	5.0	17.0	-1.0	-1.0	16.0	-1.0	16.0	2.0	-1.0	25.0	17.0	0.0	4.0	22.0	9.0	-1.0	13.0	0.0	-1.0	2.0	18.0	-1.0	
26.0	-1.0	-1.0	-1.0	-1.0	0.0	12.0	6.0	0.0	0.0	15.0	-1.0	-1.0	0.0	-1.0	-1.0	4.0	21.0	1.0	0.0	29.0	-1.0	13.0	11.0	25.0	-1.0	6.0	20.0	34.0	11.0	17.0	10.0	23.0	-1.0	-1.0	-1.0	29.0	-1.0	11.0	8.0	16.0	-1.0	29.0	21.0	-1.0	-1.0	19.0	20.0	-1.0	19.0	12.0	12.0	0.0	-1.0	4.0	-1.0	12.0	17.0	13.0	-1.0	-1.0	16.0	8.0	33.0	-1.0	-1.0	7.0	-1.0	13.0	10.0	-1.0	21.0	10.0	13.0	17.0	-1.0	8.0	27.0	5.0	17.0	8.0	5.0	-1.0	-1.0	16.0	-1.0	-1.0	25.0	17.0	0.0	-1.0	-1.0	9.0	12.0	13.0	-1.0	0.0	-1.0	-1.0	23.0	
26.0	14.0	-1.0	17.0	-1.0	19.0	12.0	6.0	0.0	0.0	15.0	21.0	-1.0	0.0	7.0	17.0	-1.0	21.0	1.0	0.0	29.0	-1.0	13.0	11.0	25.0	7.0	6.0	-1.0	-1.0	11.0	17.0	10.0	23.0	10.0	16.0	22.0	-1.0	-1.0	17.0	-1.0	16.0	0.0	-1.0	-1.0	-1.0	-1.0	19.0	20.0	8.0	19.0	-1.0	12.0	-1.0	9.0	4.0	7.0	12.0	17.0	13.0	14.0	-1.0	16.0	8.0	33.0	8.0	9.0	7.0	22.0	13.0	10.0	15.0	21.0	10.0	13.0	17.0	27.0	8.0	27.0	5.0	-1.0	8.0	5.0	-1.0	15.0	16.0	-1.0	7.0	-1.0	-1.0	0.0	4.0	22.0	-1.0	12.0	22.0	-1.0	-1.0	-1.0	-1.0	23.0	

distances_centre_w :
-1.0	25.0	36.0	-1.0	19.0	27.0	31.0	-1.0	10.0	11.0	-1.0	-1.0	13.0	17.0	-1.0	-1.0	-1.0	34.0	-1.0	18.0	35.0	18.0	27.0	-1.0	27.0	13.0	16.0	32.0	-1.0	12.0	-1.0	-1.0	31.0	-1.0	-1.0	27.0	32.0	35.0	17.0	22.0	43.0	10.0	-1.0	-1.0	31.0	22.0	23.0	-1.0	12.0	31.0	23.0	40.0	-1.0	10.0	26.0	26.0	17.0	-1.0	-1.0	-1.0	30.0	29.0	-1.0	33.0	15.0	-1.0	43.0	33.0	21.0	-1.0	-1.0	31.0	30.0	-1.0	35.0	43.0	31.0	40.0	16.0	21.0	-1.0	-1.0	41.0	-1.0	38.0	13.0	-1.0	27.0	26.0	17.0	22.0	43.0	18.0	-1.0	22.0	36.0	-1.0	27.0	23.0	-1.0	
30.0	-1.0	-1.0	-1.0	-1.0	19.0	28.0	13.0	10.0	44.0	23.0	-1.0	-1.0	18.0	-1.0	-1.0	29.0	34.0	17.0	18.0	35.0	-1.0	17.0	17.0	27.0	-1.0	16.0	32.0	56.0	12.0	25.0	11.0	31.0	-1.0	-1.0	-1.0	32.0	-1.0	17.0	22.0	20.0	-1.0	53.0	52.0	-1.0	-1.0	29.0	25.0	-1.0	31.0	23.0	36.0	24.0	-1.0	26.0	-1.0	17.0	24.0	15.0	-1.0	-1.0	29.0	23.0	33.0	-1.0	-1.0	13.0	-1.0	21.0	18.0	-1.0	31.0	15.0	21.0	30.0	-1.0	31.0	41.0	16.0	21.0	17.0	9.0	-1.0	-1.0	38.0	-1.0	-1.0	27.0	26.0	17.0	-1.0	-1.0	18.0	19.0	22.0	-1.0	11.0	-1.0	-1.0	43.0	
30.0	25.0	-1.0	18.0	-1.0	27.0	39.0	13.0	10.0	11.0	23.0	21.0	-1.0	41.0	12.0	19.0	-1.0	34.0	17.0	18.0	35.0	-1.0	17.0	17.0	27.0	13.0	16.0	-1.0	-1.0	12.0	25.0	11.0	31.0	35.0	33.0	27.0	-1.0	-1.0	41.0	-1.0	20.0	10.0	-1.0	-1.0	-1.0	-1.0	28.0	33.0	12.0	31.0	-1.0	36.0	-1.0	10.0	26.0	23.0	17.0	24.0	33.0	31.0	-1.0	29.0	23.0	33.0	41.0	26.0	17.0	33.0	21.0	18.0	40.0	31.0	23.0	21.0	30.0	43.0	31.0	40.0	16.0	-1.0	17.0	9.0	-1.0	30.0	38.0	-1.0	32.0	-1.0	-1.0	17.0	22.0	32.0	-1.0	19.0	40.0	-1.0	-1.0	-1.0	-1.0	43.0	

maxX :
33.0	34.0	33.0	

maxW :
43.0	56.0	43.0	

minX :
0.0	0.0	0.0	

minW :
10.0	9.0	9.0	

moyX :
13.56060606060606	13.421875	13.232876712328768	

moyW :
25.803030303030305	24.96875	25.301369863013697	

medX :
13.0	12.5	13.0	

medW :
26.5	23.0	25.0	

ecartTypeX :
8.925837178083645	8.842024456219006	7.681182393186799	

ecartTypeW :
9.300080965710928	10.324377629547458	9.515214826369842	

varX :
79.67056932966021	78.181396484375	59.000562957402884	

varW :
86.4915059687787	106.5927734375	90.53931319196847	

covarX :
80.89627039627038	79.42237103174602	59.82001522070016	

covarW :
87.82214452214453	108.28472222222221	91.79680365296804	

coef_variationX :
0.6582181606184587	0.6587771422561308	0.580462023501694	

coef_variationW :
0.36042592116084626	0.41349197014457906	0.37607508517866733	

moy_distances_centre :	42.022222222222226
min_distances_centre :	10.0
max_distances_centre :	82.0
med_distances_centre :	40.0
ecartType_distances_centre :	17.918939562979958
var_distances_centre :	321.08839506172836
covar_distances_centre :	324.6961298377028
coef_variation_distances_centre :	0.42641580134008356
capacite_X_temoin : 
157.0	163.0	154.0	172.0	153.0	150.0	175.0	168.0	145.0	178.0	
171.0	162.0	150.0	160.0	175.0	177.0	135.0	145.0	178.0	175.0	
157.0	145.0	166.0	154.0	162.0	153.0	153.0	156.0	162.0	142.0	

capacite_W_temoin : 
100.1	157.9	96.19999999999999	181.6	47.9	76.0	169.5	201.4	64.5	210.4	
156.3	154.6	136.0	136.0	127.5	121.1	92.5	150.5	128.4	192.5	
113.1	87.5	123.8	112.19999999999999	88.6	106.9	112.9	160.8	109.6	141.6	

demande_cumulee_X : 
104.0	54.0	104.0	42.0	151.0	119.0	58.0	17.0	124.0	21.0	
66.0	56.0	59.0	72.0	100.0	109.0	83.0	38.0	103.0	35.0	
91.0	101.0	92.0	88.0	122.0	92.0	86.0	42.0	101.0	43.0	

demande_cumulee_W : 
97.0	99.0	78.0	127.0	8.0	74.0	63.0	62.0	39.0	147.0	
120.0	71.0	78.0	96.0	46.0	74.0	63.0	81.0	11.0	81.0	
109.0	71.0	55.0	85.0	87.0	100.0	28.0	137.0	45.0	141.0	

capacite_residuelle_X : 
53.0	109.0	50.0	130.0	2.0	31.0	117.0	151.0	21.0	157.0	
105.0	106.0	91.0	88.0	75.0	68.0	52.0	107.0	75.0	140.0	
66.0	44.0	74.0	66.0	40.0	61.0	67.0	114.0	61.0	99.0	

capacite_residuelle_W : 
3.0999999999999943	58.900000000000006	18.19999999999999	54.599999999999994	39.9	2.0	106.5	139.4	25.5	63.400000000000006	
36.30000000000001	83.6	58.0	40.0	81.5	47.099999999999994	29.5	69.5	117.4	111.5	
4.099999999999994	16.5	68.8	27.19999999999999	1.5999999999999943	6.900000000000006	84.9	23.80000000000001	64.6	0.5999999999999943	

min_capacite_X : 
145.0	135.0	142.0	

min_capacite_W : 
47.9	92.5	87.5	

max_capacite_X : 
178.0	178.0	166.0	

max_capacite_W : 
210.4	192.5	160.8	

moy_capacite_X : 
161.5	162.8	155.0	

moy_capacite_W : 
130.55	139.54000000000002	115.7	

med_capacite_X : 
160.0	166.5	155.0	

med_capacite_W : 
129.0	136.0	112.55	

ecartType_capacite_X : 
10.781929326423912	14.35130656072819	7.085195833567341	

ecartType_capacite_W : 
57.046844785667155	25.058938525005406	21.075056346306646	

var_capacite_X : 
116.25	205.95999999999998	50.2	

var_capacite_W : 
3254.3424999999997	627.9504000000001	444.1580000000001	

covar_capacite_X : 
129.16666666666666	228.84444444444443	55.77777777777777	

covar_capacite_W : 
3615.9361111111107	697.7226666666667	493.508888888889	

##########	##########	##########	##########	##########	##########	##########	##########	##########	##########	##########	##########	##########	##########	##########	##########	##########	##########	##########	##########	##########	##########	##########	##########	##########	##########	##########	##########	##########	##########	##########	##########	##########	##########	##########	##########	##########	##########	##########	##########	##########	##########	##########	##########	##########	##########	##########	##########	##########	##########	##########	##########	##########	##########	##########	##########	##########	##########	##########	##########	##########	##########	##########	##########	##########	##########	##########	##########	##########	##########	##########	##########	##########	##########	##########	##########	##########	##########	##########	##########	##########	##########	##########	##########	##########	##########	##########	##########	##########	##########	##########	##########	##########	##########	##########	##########	##########	##########	##########	##########	nombre de noeuds : 100
nombre de strates : 3
nombre de centres : 10
titre : intelligent
instances : p19_1
temps de calcul : 0.12116885185241699
valeur objective : 269.0
nombre de solutions : 3
nombre de noeuds : 1.0
faisability : True
moy_distances :	50.07
min_distances :	0.0
max_distances :	130.0
var_distances :	570.6520671768187
covar_distances :	570.7097146227404
ecartType_distances :	23.888324913581084
coef_variation	: 0.4771264740720584
distances_centre_x :
-1.0	14.0	21.0	-1.0	5.0	19.0	12.0	-1.0	0.0	0.0	-1.0	-1.0	25.0	0.0	-1.0	-1.0	-1.0	21.0	-1.0	0.0	29.0	0.0	13.0	-1.0	25.0	7.0	6.0	32.0	-1.0	11.0	-1.0	-1.0	23.0	-1.0	-1.0	22.0	29.0	35.0	11.0	8.0	20.0	0.0	-1.0	-1.0	25.0	5.0	10.0	-1.0	8.0	19.0	41.0	40.0	-1.0	9.0	39.0	7.0	12.0	-1.0	-1.0	-1.0	14.0	16.0	-1.0	33.0	5.0	-1.0	7.0	37.0	13.0	-1.0	-1.0	34.0	10.0	-1.0	17.0	27.0	8.0	27.0	5.0	17.0	-1.0	-1.0	41.0	-1.0	38.0	2.0	-1.0	25.0	17.0	0.0	4.0	22.0	9.0	-1.0	13.0	25.0	-1.0	27.0	28.0	-1.0	
26.0	-1.0	-1.0	-1.0	-1.0	0.0	12.0	6.0	0.0	0.0	15.0	-1.0	-1.0	0.0	-1.0	-1.0	29.0	21.0	1.0	0.0	29.0	-1.0	13.0	11.0	25.0	-1.0	6.0	32.0	34.0	11.0	17.0	10.0	23.0	-1.0	-1.0	-1.0	29.0	-1.0	11.0	8.0	20.0	-1.0	29.0	21.0	-1.0	-1.0	10.0	20.0	-1.0	19.0	23.0	36.0	0.0	-1.0	26.0	-1.0	12.0	15.0	15.0	-1.0	-1.0	16.0	8.0	33.0	-1.0	-1.0	7.0	-1.0	13.0	10.0	-1.0	21.0	10.0	13.0	17.0	-1.0	8.0	27.0	5.0	17.0	8.0	5.0	-1.0	-1.0	38.0	-1.0	-1.0	25.0	17.0	0.0	-1.0	-1.0	9.0	12.0	13.0	-1.0	0.0	-1.0	-1.0	23.0	
26.0	14.0	-1.0	17.0	-1.0	0.0	12.0	6.0	0.0	0.0	15.0	21.0	-1.0	0.0	7.0	19.0	-1.0	21.0	1.0	0.0	29.0	-1.0	13.0	11.0	25.0	7.0	6.0	-1.0	-1.0	11.0	17.0	10.0	23.0	35.0	16.0	22.0	-1.0	-1.0	11.0	-1.0	20.0	0.0	-1.0	-1.0	-1.0	-1.0	10.0	20.0	8.0	19.0	-1.0	36.0	-1.0	9.0	26.0	7.0	12.0	15.0	15.0	14.0	-1.0	16.0	8.0	33.0	5.0	9.0	7.0	22.0	13.0	18.0	7.0	34.0	10.0	13.0	35.0	27.0	8.0	27.0	5.0	-1.0	8.0	9.0	-1.0	15.0	38.0	-1.0	7.0	-1.0	-1.0	0.0	4.0	22.0	-1.0	12.0	13.0	-1.0	-1.0	-1.0	-1.0	23.0	

distances_centre_w :
-1.0	34.0	36.0	-1.0	19.0	38.0	28.0	-1.0	10.0	9.0	-1.0	-1.0	48.0	17.0	-1.0	-1.0	-1.0	40.0	-1.0	19.0	40.0	47.0	17.0	-1.0	40.0	13.0	16.0	50.0	-1.0	47.0	-1.0	-1.0	31.0	-1.0	-1.0	27.0	30.0	39.0	13.0	22.0	39.0	10.0	-1.0	-1.0	31.0	24.0	19.0	-1.0	12.0	31.0	43.0	43.0	-1.0	10.0	48.0	23.0	28.0	-1.0	-1.0	-1.0	30.0	29.0	-1.0	33.0	8.0	-1.0	13.0	46.0	17.0	-1.0	-1.0	41.0	40.0	-1.0	35.0	48.0	31.0	40.0	16.0	21.0	-1.0	-1.0	45.0	-1.0	40.0	7.0	-1.0	27.0	26.0	17.0	22.0	30.0	13.0	-1.0	17.0	44.0	-1.0	39.0	30.0	-1.0	
30.0	-1.0	-1.0	-1.0	-1.0	49.0	31.0	13.0	10.0	9.0	23.0	-1.0	-1.0	17.0	-1.0	-1.0	39.0	34.0	17.0	18.0	35.0	-1.0	39.0	17.0	27.0	-1.0	16.0	50.0	56.0	47.0	25.0	11.0	31.0	-1.0	-1.0	-1.0	30.0	-1.0	13.0	22.0	39.0	-1.0	53.0	30.0	-1.0	-1.0	19.0	25.0	-1.0	31.0	41.0	37.0	24.0	-1.0	39.0	-1.0	12.0	17.0	33.0	-1.0	-1.0	29.0	23.0	33.0	-1.0	-1.0	13.0	-1.0	17.0	15.0	-1.0	31.0	15.0	21.0	35.0	-1.0	31.0	41.0	16.0	21.0	23.0	9.0	-1.0	-1.0	40.0	-1.0	-1.0	27.0	26.0	17.0	-1.0	-1.0	13.0	19.0	17.0	-1.0	11.0	-1.0	-1.0	43.0	
30.0	34.0	-1.0	35.0	-1.0	27.0	31.0	13.0	10.0	9.0	23.0	21.0	-1.0	17.0	12.0	39.0	-1.0	34.0	17.0	18.0	35.0	-1.0	17.0	17.0	27.0	13.0	16.0	-1.0	-1.0	11.0	41.0	11.0	31.0	46.0	33.0	27.0	-1.0	-1.0	13.0	-1.0	39.0	10.0	-1.0	-1.0	-1.0	-1.0	29.0	25.0	12.0	38.0	-1.0	37.0	-1.0	10.0	39.0	23.0	41.0	17.0	33.0	31.0	-1.0	29.0	23.0	33.0	8.0	26.0	13.0	37.0	17.0	20.0	15.0	42.0	15.0	21.0	44.0	43.0	31.0	41.0	16.0	-1.0	23.0	27.0	-1.0	30.0	40.0	-1.0	41.0	-1.0	-1.0	17.0	22.0	45.0	-1.0	19.0	17.0	-1.0	-1.0	-1.0	-1.0	43.0	

maxX :
41.0	38.0	38.0	

maxW :
50.0	56.0	46.0	

minX :
0.0	0.0	0.0	

minW :
7.0	9.0	8.0	

moyX :
17.03030303030303	15.15625	14.438356164383562	

moyW :
28.727272727272727	26.484375	25.89041095890411	

medX :
15.0	13.0	13.0	

medW :
30.0	25.0	26.0	

ecartTypeX :
11.893427898671598	10.109121422631148	9.662788816318162	

ecartTypeW :
12.33809750884394	11.743338786706913	10.941390114575567	

varX :
141.4536271808999	102.1943359375	93.36948770876336	

varW :
152.22865013774106	137.906005859375	119.71401763933193	

covarX :
143.62983682983685	103.81646825396825	94.66628614916284	

covarW :
154.57062937062938	140.09499007936506	121.37671232876711	

coef_variationX :
0.6983685420928163	0.6669935784004056	0.6692443867089429	

coef_variationW :
0.4294907360673524	0.44340630227093947	0.42260395680635787	

moy_distances_centre :	37.6
min_distances_centre :	9.0
max_distances_centre :	82.0
med_distances_centre :	38.0
ecartType_distances_centre :	17.091128302913962
var_distances_centre :	292.1066666666666
covar_distances_centre :	295.3887640449438
coef_variation_distances_centre :	0.45455128465196704
capacite_X_temoin : 
157.0	163.0	154.0	172.0	153.0	159.0	150.0	175.0	168.0	178.0	
171.0	162.0	150.0	160.0	175.0	166.0	177.0	135.0	145.0	175.0	
157.0	145.0	166.0	154.0	162.0	139.0	153.0	153.0	156.0	142.0	

capacite_W_temoin : 
48.1	157.9	112.19999999999999	164.6	64.9	165.7	77.0	163.5	199.4	170.4	
71.3	154.6	144.0	136.0	138.5	196.8	103.1	92.5	150.5	192.5	
53.1	85.5	146.8	120.19999999999999	91.6	130.7	96.9	104.9	160.8	136.6	

demande_cumulee_X : 
156.0	54.0	88.0	59.0	134.0	41.0	118.0	64.0	19.0	61.0	
151.0	56.0	51.0	72.0	89.0	19.0	127.0	83.0	38.0	35.0	
151.0	103.0	69.0	80.0	119.0	50.0	102.0	94.0	42.0	48.0	

demande_cumulee_W : 
40.0	80.0	72.0	89.0	9.0	122.0	74.0	68.0	95.0	145.0	
50.0	47.0	40.0	104.0	55.0	113.0	72.0	44.0	67.0	129.0	
50.0	78.0	84.0	102.0	90.0	113.0	95.0	23.0	96.0	127.0	

capacite_residuelle_X : 
1.0	109.0	66.0	113.0	19.0	118.0	32.0	111.0	149.0	117.0	
20.0	106.0	99.0	88.0	86.0	147.0	50.0	52.0	107.0	140.0	
6.0	42.0	97.0	74.0	43.0	89.0	51.0	59.0	114.0	94.0	

capacite_residuelle_W : 
8.100000000000001	77.9	40.19999999999999	75.6	55.900000000000006	43.69999999999999	3.0	95.5	104.4	25.400000000000006	
21.299999999999997	107.6	104.0	32.0	83.5	83.80000000000001	31.099999999999994	48.5	83.5	63.5	
3.1000000000000014	7.5	62.80000000000001	18.19999999999999	1.5999999999999943	17.69999999999999	1.9000000000000057	81.9	64.80000000000001	9.599999999999994	

min_capacite_X : 
150.0	135.0	139.0	

min_capacite_W : 
48.1	71.3	53.1	

max_capacite_X : 
178.0	177.0	166.0	

max_capacite_W : 
199.4	196.8	160.8	

moy_capacite_X : 
162.9	161.6	152.7	

moy_capacite_W : 
132.37	137.98	112.71	

med_capacite_X : 
161.0	164.0	153.5	

med_capacite_W : 
160.7	141.25	112.55	

ecartType_capacite_X : 
9.364293886887575	13.507035203922436	8.1	

ecartType_capacite_W : 
49.83585155287306	38.25819650741525	30.7824121861819	

var_capacite_X : 
87.69000000000001	182.44	65.61	

var_capacite_W : 
2483.6121000000003	1463.6896000000002	947.5568999999999	

covar_capacite_X : 
97.43333333333334	202.71111111111114	72.9	

covar_capacite_W : 
2759.569	1626.321777777778	1052.8409999999997	

##########	##########	##########	##########	##########	##########	##########	##########	##########	##########	##########	##########	##########	##########	##########	##########	##########	##########	##########	##########	##########	##########	##########	##########	##########	##########	##########	##########	##########	##########	##########	##########	##########	##########	##########	##########	##########	##########	##########	##########	##########	##########	##########	##########	##########	##########	##########	##########	##########	##########	##########	##########	##########	##########	##########	##########	##########	##########	##########	##########	##########	##########	##########	##########	##########	##########	##########	##########	##########	##########	##########	##########	##########	##########	##########	##########	##########	##########	##########	##########	##########	##########	##########	##########	##########	##########	##########	##########	##########	##########	##########	##########	##########	##########	##########	##########	##########	##########	##########	##########	