nombre de noeuds : 50
nombre de strates : 20
nombre de centres : 5
titre : fenetre
instances : p1_5
temps de calcul : 0.11839008331298828
valeur objective : 2297.0
nombre de solutions : 3
nombre de noeuds : 1.0
faisability : True
moy_distances :	53.73
min_distances :	1.0
max_distances :	119.0
var_distances :	623.2722272386505
covar_distances :	623.5267279439339
ecartType_distances :	24.96542063011658
coef_variation	: 0.46466171767009756
distances_centre_x :
-1.0	-1.0	6.0	-1.0	-1.0	-1.0	38.0	-1.0	34.0	-1.0	-1.0	33.0	-1.0	-1.0	40.0	-1.0	21.0	32.0	-1.0	32.0	25.0	-1.0	-1.0	-1.0	-1.0	-1.0	20.0	0.0	29.0	33.0	14.0	8.0	25.0	-1.0	41.0	33.0	9.0	-1.0	-1.0	21.0	-1.0	15.0	42.0	18.0	-1.0	-1.0	17.0	-1.0	-1.0	23.0	
-1.0	-1.0	6.0	-1.0	-1.0	-1.0	38.0	-1.0	34.0	-1.0	-1.0	33.0	-1.0	2.0	-1.0	-1.0	-1.0	32.0	-1.0	-1.0	25.0	-1.0	-1.0	0.0	-1.0	-1.0	23.0	0.0	-1.0	-1.0	-1.0	8.0	25.0	-1.0	41.0	33.0	9.0	-1.0	35.0	21.0	0.0	15.0	-1.0	18.0	21.0	-1.0	-1.0	-1.0	27.0	23.0	
-1.0	-1.0	6.0	-1.0	-1.0	36.0	38.0	-1.0	34.0	-1.0	-1.0	-1.0	7.0	-1.0	-1.0	-1.0	-1.0	32.0	-1.0	32.0	-1.0	-1.0	-1.0	-1.0	-1.0	-1.0	-1.0	-1.0	-1.0	-1.0	11.0	8.0	25.0	-1.0	41.0	33.0	9.0	-1.0	-1.0	21.0	0.0	-1.0	-1.0	18.0	-1.0	-1.0	-1.0	-1.0	27.0	23.0	
-1.0	-1.0	6.0	10.0	-1.0	36.0	38.0	-1.0	34.0	-1.0	-1.0	33.0	-1.0	-1.0	-1.0	26.0	21.0	-1.0	12.0	32.0	25.0	-1.0	16.0	0.0	-1.0	-1.0	-1.0	0.0	-1.0	-1.0	11.0	8.0	25.0	0.0	-1.0	33.0	9.0	-1.0	-1.0	21.0	-1.0	15.0	-1.0	-1.0	21.0	-1.0	-1.0	10.0	27.0	23.0	
-1.0	-1.0	-1.0	-1.0	-1.0	-1.0	-1.0	-1.0	-1.0	-1.0	-1.0	-1.0	-1.0	-1.0	40.0	-1.0	-1.0	32.0	-1.0	-1.0	-1.0	-1.0	-1.0	-1.0	-1.0	-1.0	-1.0	-1.0	-1.0	-1.0	-1.0	-1.0	-1.0	-1.0	-1.0	33.0	-1.0	-1.0	35.0	-1.0	-1.0	-1.0	-1.0	18.0	-1.0	-1.0	-1.0	-1.0	-1.0	23.0	
-1.0	-1.0	6.0	10.0	-1.0	-1.0	38.0	-1.0	34.0	-1.0	-1.0	33.0	-1.0	2.0	40.0	-1.0	-1.0	32.0	12.0	32.0	25.0	24.0	-1.0	-1.0	-1.0	-1.0	-1.0	-1.0	-1.0	33.0	-1.0	8.0	25.0	0.0	41.0	33.0	9.0	29.0	-1.0	21.0	-1.0	15.0	-1.0	-1.0	21.0	-1.0	-1.0	-1.0	-1.0	-1.0	
19.0	-1.0	6.0	-1.0	-1.0	-1.0	38.0	-1.0	34.0	-1.0	-1.0	33.0	7.0	2.0	-1.0	-1.0	-1.0	32.0	-1.0	32.0	25.0	-1.0	16.0	-1.0	-1.0	-1.0	20.0	-1.0	-1.0	-1.0	11.0	8.0	-1.0	-1.0	41.0	-1.0	9.0	-1.0	-1.0	-1.0	0.0	-1.0	-1.0	18.0	21.0	-1.0	-1.0	-1.0	27.0	23.0	
-1.0	-1.0	6.0	-1.0	-1.0	40.0	38.0	-1.0	34.0	-1.0	0.0	33.0	-1.0	2.0	40.0	-1.0	21.0	32.0	-1.0	32.0	25.0	-1.0	-1.0	0.0	-1.0	-1.0	-1.0	-1.0	29.0	-1.0	-1.0	8.0	25.0	-1.0	41.0	33.0	9.0	29.0	35.0	-1.0	-1.0	15.0	-1.0	32.0	21.0	-1.0	17.0	-1.0	-1.0	23.0	
-1.0	-1.0	6.0	-1.0	21.0	-1.0	38.0	-1.0	-1.0	-1.0	-1.0	33.0	-1.0	-1.0	40.0	26.0	-1.0	32.0	-1.0	-1.0	25.0	22.0	-1.0	-1.0	-1.0	9.0	-1.0	0.0	-1.0	-1.0	14.0	8.0	25.0	-1.0	-1.0	33.0	9.0	-1.0	35.0	21.0	0.0	-1.0	42.0	-1.0	21.0	-1.0	-1.0	-1.0	27.0	-1.0	
-1.0	-1.0	-1.0	-1.0	-1.0	-1.0	-1.0	-1.0	-1.0	-1.0	-1.0	-1.0	-1.0	-1.0	-1.0	-1.0	-1.0	-1.0	-1.0	-1.0	-1.0	-1.0	-1.0	-1.0	-1.0	-1.0	-1.0	-1.0	-1.0	-1.0	-1.0	-1.0	-1.0	-1.0	-1.0	-1.0	-1.0	-1.0	-1.0	-1.0	-1.0	-1.0	-1.0	-1.0	-1.0	-1.0	-1.0	-1.0	-1.0	-1.0	
19.0	-1.0	6.0	-1.0	-1.0	36.0	38.0	39.0	34.0	-1.0	0.0	33.0	7.0	-1.0	-1.0	-1.0	-1.0	32.0	12.0	32.0	25.0	22.0	-1.0	-1.0	-1.0	-1.0	20.0	0.0	29.0	-1.0	-1.0	8.0	25.0	-1.0	41.0	33.0	9.0	-1.0	35.0	21.0	0.0	-1.0	-1.0	-1.0	21.0	-1.0	-1.0	-1.0	-1.0	23.0	
-1.0	-1.0	6.0	-1.0	21.0	-1.0	38.0	39.0	34.0	-1.0	0.0	33.0	7.0	2.0	-1.0	-1.0	21.0	32.0	-1.0	32.0	25.0	-1.0	-1.0	-1.0	-1.0	9.0	20.0	-1.0	-1.0	33.0	11.0	8.0	25.0	-1.0	41.0	33.0	-1.0	29.0	35.0	-1.0	0.0	15.0	42.0	18.0	21.0	-1.0	-1.0	-1.0	27.0	23.0	
-1.0	-1.0	6.0	-1.0	-1.0	-1.0	-1.0	-1.0	34.0	-1.0	0.0	33.0	7.0	-1.0	-1.0	-1.0	21.0	32.0	-1.0	32.0	25.0	-1.0	-1.0	-1.0	-1.0	-1.0	20.0	0.0	29.0	-1.0	-1.0	-1.0	-1.0	-1.0	-1.0	33.0	9.0	-1.0	-1.0	21.0	-1.0	-1.0	42.0	18.0	21.0	-1.0	-1.0	-1.0	27.0	-1.0	
-1.0	-1.0	6.0	-1.0	-1.0	-1.0	38.0	-1.0	34.0	22.0	-1.0	33.0	7.0	-1.0	-1.0	-1.0	-1.0	32.0	12.0	32.0	25.0	-1.0	16.0	-1.0	-1.0	-1.0	20.0	0.0	-1.0	33.0	-1.0	8.0	25.0	-1.0	41.0	33.0	9.0	-1.0	-1.0	21.0	0.0	15.0	42.0	32.0	21.0	-1.0	-1.0	-1.0	-1.0	23.0	
-1.0	-1.0	6.0	-1.0	-1.0	36.0	38.0	39.0	34.0	-1.0	-1.0	33.0	-1.0	-1.0	-1.0	26.0	-1.0	-1.0	-1.0	-1.0	25.0	-1.0	-1.0	-1.0	-1.0	-1.0	-1.0	0.0	29.0	-1.0	11.0	8.0	-1.0	0.0	-1.0	33.0	9.0	-1.0	-1.0	21.0	0.0	-1.0	-1.0	18.0	-1.0	-1.0	-1.0	-1.0	27.0	23.0	
-1.0	27.0	6.0	-1.0	-1.0	-1.0	38.0	-1.0	34.0	-1.0	0.0	33.0	-1.0	-1.0	-1.0	26.0	21.0	32.0	12.0	32.0	25.0	-1.0	-1.0	-1.0	-1.0	-1.0	20.0	0.0	29.0	33.0	11.0	-1.0	25.0	-1.0	-1.0	33.0	-1.0	29.0	35.0	21.0	0.0	15.0	42.0	32.0	21.0	18.0	-1.0	-1.0	27.0	-1.0	
-1.0	27.0	-1.0	-1.0	-1.0	-1.0	38.0	39.0	34.0	-1.0	-1.0	33.0	-1.0	-1.0	-1.0	-1.0	-1.0	-1.0	12.0	32.0	25.0	-1.0	-1.0	-1.0	51.0	-1.0	-1.0	-1.0	-1.0	33.0	-1.0	8.0	-1.0	-1.0	41.0	33.0	9.0	29.0	35.0	21.0	0.0	-1.0	42.0	-1.0	21.0	-1.0	-1.0	10.0	27.0	-1.0	
-1.0	-1.0	6.0	-1.0	-1.0	40.0	38.0	39.0	34.0	-1.0	0.0	33.0	40.0	-1.0	-1.0	26.0	-1.0	-1.0	12.0	32.0	25.0	-1.0	16.0	-1.0	-1.0	-1.0	20.0	-1.0	29.0	33.0	-1.0	-1.0	25.0	0.0	41.0	33.0	9.0	-1.0	-1.0	21.0	0.0	15.0	-1.0	-1.0	21.0	-1.0	-1.0	-1.0	27.0	23.0	
-1.0	-1.0	6.0	-1.0	-1.0	-1.0	38.0	-1.0	34.0	-1.0	-1.0	33.0	-1.0	2.0	40.0	-1.0	21.0	32.0	12.0	-1.0	25.0	-1.0	-1.0	-1.0	-1.0	-1.0	23.0	-1.0	-1.0	33.0	-1.0	8.0	25.0	-1.0	-1.0	33.0	9.0	-1.0	35.0	-1.0	-1.0	15.0	-1.0	-1.0	-1.0	-1.0	17.0	10.0	27.0	-1.0	
-1.0	-1.0	6.0	-1.0	-1.0	-1.0	38.0	-1.0	-1.0	-1.0	0.0	33.0	7.0	-1.0	40.0	-1.0	-1.0	32.0	-1.0	32.0	-1.0	-1.0	-1.0	-1.0	-1.0	-1.0	-1.0	0.0	-1.0	-1.0	-1.0	8.0	25.0	-1.0	41.0	33.0	9.0	-1.0	35.0	21.0	-1.0	-1.0	-1.0	18.0	-1.0	-1.0	-1.0	-1.0	27.0	-1.0	

distances_centre_w :
-1.0	-1.0	32.0	-1.0	-1.0	-1.0	73.0	-1.0	36.0	-1.0	-1.0	36.0	-1.0	-1.0	43.0	-1.0	54.0	40.0	-1.0	34.0	38.0	-1.0	-1.0	-1.0	-1.0	-1.0	50.0	50.0	50.0	55.0	40.0	29.0	47.0	-1.0	44.0	47.0	13.0	-1.0	-1.0	24.0	-1.0	40.0	45.0	32.0	-1.0	-1.0	20.0	-1.0	-1.0	44.0	
-1.0	-1.0	32.0	-1.0	-1.0	-1.0	73.0	-1.0	36.0	-1.0	-1.0	36.0	-1.0	37.0	-1.0	-1.0	-1.0	40.0	-1.0	-1.0	38.0	-1.0	-1.0	3.0	-1.0	-1.0	50.0	50.0	-1.0	-1.0	-1.0	29.0	47.0	-1.0	44.0	47.0	13.0	-1.0	52.0	24.0	35.0	40.0	-1.0	32.0	56.0	-1.0	-1.0	-1.0	46.0	44.0	
-1.0	-1.0	32.0	-1.0	-1.0	40.0	73.0	-1.0	36.0	-1.0	-1.0	-1.0	40.0	-1.0	-1.0	-1.0	-1.0	40.0	-1.0	34.0	-1.0	-1.0	-1.0	-1.0	-1.0	-1.0	-1.0	-1.0	-1.0	-1.0	40.0	29.0	47.0	-1.0	44.0	47.0	13.0	-1.0	-1.0	24.0	35.0	-1.0	-1.0	32.0	-1.0	-1.0	-1.0	-1.0	46.0	44.0	
-1.0	-1.0	32.0	13.0	-1.0	40.0	73.0	-1.0	36.0	-1.0	-1.0	36.0	-1.0	-1.0	-1.0	64.0	54.0	-1.0	13.0	34.0	38.0	-1.0	48.0	3.0	-1.0	-1.0	-1.0	3.0	-1.0	-1.0	14.0	29.0	47.0	50.0	-1.0	47.0	13.0	-1.0	-1.0	24.0	-1.0	40.0	-1.0	-1.0	56.0	-1.0	-1.0	72.0	46.0	70.0	
-1.0	-1.0	32.0	-1.0	-1.0	-1.0	73.0	-1.0	-1.0	-1.0	-1.0	-1.0	-1.0	-1.0	-1.0	-1.0	-1.0	-1.0	-1.0	-1.0	-1.0	-1.0	-1.0	-1.0	-1.0	-1.0	-1.0	-1.0	-1.0	-1.0	-1.0	-1.0	55.0	-1.0	-1.0	-1.0	-1.0	-1.0	-1.0	-1.0	-1.0	40.0	-1.0	-1.0	56.0	-1.0	-1.0	-1.0	-1.0	-1.0	
-1.0	-1.0	32.0	13.0	-1.0	-1.0	73.0	-1.0	36.0	-1.0	-1.0	36.0	-1.0	37.0	43.0	-1.0	-1.0	50.0	13.0	34.0	38.0	31.0	-1.0	-1.0	-1.0	-1.0	-1.0	-1.0	-1.0	55.0	-1.0	29.0	48.0	50.0	44.0	47.0	59.0	63.0	-1.0	24.0	-1.0	40.0	-1.0	-1.0	56.0	-1.0	-1.0	-1.0	-1.0	-1.0	
42.0	-1.0	32.0	-1.0	-1.0	-1.0	73.0	-1.0	36.0	-1.0	-1.0	36.0	40.0	37.0	-1.0	-1.0	-1.0	40.0	-1.0	34.0	38.0	-1.0	48.0	-1.0	-1.0	-1.0	23.0	-1.0	-1.0	-1.0	40.0	29.0	-1.0	-1.0	44.0	-1.0	13.0	-1.0	-1.0	-1.0	35.0	-1.0	-1.0	32.0	56.0	-1.0	-1.0	-1.0	46.0	44.0	
-1.0	-1.0	32.0	-1.0	-1.0	53.0	73.0	-1.0	36.0	-1.0	35.0	36.0	-1.0	37.0	43.0	-1.0	54.0	40.0	-1.0	34.0	38.0	-1.0	-1.0	3.0	-1.0	-1.0	-1.0	-1.0	43.0	-1.0	-1.0	29.0	47.0	-1.0	44.0	47.0	13.0	57.0	36.0	-1.0	-1.0	40.0	-1.0	66.0	56.0	-1.0	20.0	-1.0	-1.0	44.0	
-1.0	-1.0	32.0	-1.0	22.0	-1.0	73.0	-1.0	-1.0	-1.0	-1.0	36.0	-1.0	-1.0	43.0	50.0	-1.0	40.0	-1.0	-1.0	38.0	66.0	-1.0	-1.0	-1.0	41.0	-1.0	3.0	-1.0	-1.0	40.0	29.0	47.0	-1.0	-1.0	47.0	13.0	-1.0	36.0	24.0	35.0	-1.0	45.0	-1.0	56.0	-1.0	-1.0	-1.0	46.0	-1.0	
-1.0	-1.0	-1.0	-1.0	-1.0	-1.0	-1.0	-1.0	-1.0	-1.0	-1.0	-1.0	-1.0	-1.0	-1.0	-1.0	-1.0	-1.0	-1.0	-1.0	-1.0	-1.0	-1.0	-1.0	-1.0	-1.0	-1.0	-1.0	-1.0	-1.0	-1.0	-1.0	-1.0	-1.0	-1.0	-1.0	-1.0	-1.0	-1.0	-1.0	-1.0	-1.0	-1.0	-1.0	-1.0	-1.0	-1.0	-1.0	-1.0	-1.0	
42.0	-1.0	32.0	-1.0	-1.0	40.0	73.0	41.0	36.0	-1.0	35.0	36.0	40.0	-1.0	-1.0	-1.0	-1.0	40.0	13.0	34.0	38.0	31.0	-1.0	-1.0	-1.0	-1.0	59.0	3.0	29.0	-1.0	-1.0	29.0	47.0	-1.0	44.0	47.0	13.0	-1.0	52.0	24.0	35.0	-1.0	-1.0	-1.0	56.0	-1.0	-1.0	-1.0	-1.0	57.0	
-1.0	-1.0	32.0	-1.0	22.0	-1.0	73.0	41.0	36.0	-1.0	35.0	36.0	40.0	37.0	-1.0	-1.0	54.0	40.0	-1.0	34.0	38.0	-1.0	-1.0	-1.0	-1.0	41.0	68.0	-1.0	-1.0	55.0	40.0	29.0	47.0	-1.0	44.0	47.0	-1.0	57.0	36.0	-1.0	35.0	40.0	45.0	32.0	56.0	-1.0	-1.0	-1.0	46.0	44.0	
-1.0	-1.0	32.0	-1.0	-1.0	-1.0	-1.0	-1.0	36.0	-1.0	35.0	36.0	40.0	-1.0	-1.0	-1.0	54.0	50.0	-1.0	34.0	55.0	-1.0	-1.0	-1.0	-1.0	-1.0	50.0	50.0	56.0	-1.0	-1.0	-1.0	-1.0	-1.0	-1.0	47.0	13.0	-1.0	-1.0	24.0	-1.0	-1.0	45.0	32.0	56.0	-1.0	-1.0	-1.0	46.0	-1.0	
-1.0	-1.0	32.0	-1.0	-1.0	-1.0	73.0	-1.0	36.0	55.0	-1.0	36.0	66.0	-1.0	-1.0	-1.0	-1.0	40.0	13.0	34.0	38.0	-1.0	48.0	-1.0	-1.0	-1.0	50.0	50.0	-1.0	55.0	-1.0	29.0	47.0	-1.0	44.0	47.0	13.0	-1.0	-1.0	24.0	35.0	40.0	45.0	63.0	56.0	-1.0	-1.0	-1.0	-1.0	44.0	
-1.0	-1.0	32.0	-1.0	-1.0	40.0	73.0	41.0	36.0	-1.0	-1.0	36.0	-1.0	-1.0	-1.0	50.0	-1.0	-1.0	-1.0	-1.0	38.0	-1.0	-1.0	-1.0	-1.0	-1.0	-1.0	3.0	56.0	-1.0	14.0	29.0	-1.0	50.0	-1.0	47.0	13.0	-1.0	-1.0	24.0	35.0	-1.0	-1.0	32.0	-1.0	-1.0	-1.0	-1.0	46.0	44.0	
-1.0	30.0	32.0	-1.0	-1.0	-1.0	73.0	-1.0	36.0	-1.0	35.0	36.0	-1.0	-1.0	-1.0	50.0	54.0	40.0	13.0	34.0	38.0	-1.0	-1.0	-1.0	-1.0	-1.0	23.0	3.0	43.0	55.0	14.0	-1.0	47.0	-1.0	-1.0	47.0	-1.0	57.0	36.0	24.0	35.0	40.0	45.0	67.0	56.0	36.0	-1.0	-1.0	46.0	-1.0	
-1.0	30.0	-1.0	-1.0	-1.0	-1.0	73.0	41.0	36.0	-1.0	-1.0	36.0	-1.0	-1.0	-1.0	-1.0	-1.0	-1.0	13.0	34.0	38.0	-1.0	-1.0	-1.0	52.0	-1.0	-1.0	-1.0	-1.0	55.0	-1.0	29.0	-1.0	-1.0	44.0	47.0	13.0	57.0	49.0	24.0	35.0	-1.0	45.0	-1.0	56.0	-1.0	-1.0	44.0	46.0	-1.0	
-1.0	-1.0	32.0	-1.0	-1.0	53.0	73.0	41.0	36.0	-1.0	70.0	36.0	63.0	-1.0	-1.0	64.0	-1.0	-1.0	13.0	34.0	38.0	-1.0	48.0	-1.0	-1.0	-1.0	23.0	-1.0	43.0	55.0	-1.0	-1.0	55.0	53.0	44.0	47.0	13.0	-1.0	-1.0	70.0	35.0	40.0	-1.0	-1.0	71.0	-1.0	-1.0	-1.0	46.0	57.0	
-1.0	-1.0	32.0	-1.0	-1.0	-1.0	73.0	-1.0	36.0	-1.0	-1.0	36.0	-1.0	37.0	43.0	-1.0	59.0	40.0	13.0	-1.0	38.0	-1.0	-1.0	-1.0	-1.0	-1.0	68.0	-1.0	-1.0	55.0	-1.0	29.0	64.0	-1.0	-1.0	47.0	13.0	-1.0	49.0	-1.0	-1.0	40.0	-1.0	-1.0	-1.0	-1.0	35.0	46.0	46.0	-1.0	
-1.0	-1.0	32.0	-1.0	-1.0	-1.0	73.0	-1.0	-1.0	-1.0	35.0	36.0	40.0	-1.0	43.0	-1.0	-1.0	40.0	-1.0	34.0	-1.0	-1.0	-1.0	-1.0	-1.0	-1.0	-1.0	3.0	-1.0	-1.0	-1.0	29.0	47.0	-1.0	44.0	47.0	13.0	-1.0	36.0	24.0	-1.0	-1.0	-1.0	32.0	-1.0	-1.0	-1.0	-1.0	46.0	-1.0	

maxX :
42.0	41.0	41.0	38.0	40.0	41.0	41.0	41.0	42.0	nan	41.0	42.0	42.0	42.0	39.0	42.0	51.0	41.0	40.0	41.0	

maxW :
73.0	73.0	73.0	73.0	73.0	73.0	73.0	73.0	73.0	nan	73.0	73.0	56.0	73.0	73.0	73.0	73.0	73.0	73.0	73.0	

minX :
0.0	0.0	0.0	0.0	18.0	0.0	0.0	0.0	0.0	nan	0.0	0.0	0.0	0.0	0.0	0.0	0.0	0.0	2.0	0.0	

minW :
13.0	3.0	13.0	3.0	32.0	13.0	13.0	3.0	3.0	nan	3.0	22.0	13.0	13.0	3.0	3.0	13.0	13.0	13.0	3.0	

moyX :
24.36	20.391304347826086	22.27777777777778	18.923076923076923	30.166666666666668	22.73913043478261	20.095238095238095	23.846153846153847	22.136363636363637	nan	22.22222222222222	22.666666666666668	21.57894736842105	22.307692307692307	20.8	23.344827586206897	27.272727272727273	23.62962962962963	22.761904761904763	22.5	

moyW :
40.64	39.30434782608695	38.666666666666664	38.26923076923077	51.2	41.34782608695652	38.95238095238095	40.61538461538461	39.18181818181818	nan	38.0	42.666666666666664	41.63157894736842	42.80769230769231	36.95	39.48275862068966	40.77272727272727	46.407407407407405	42.80952380952381	36.333333333333336	

medX :
25.0	23.0	24.0	21.0	32.5	25.0	20.0	27.0	23.5	nan	23.0	24.0	21.0	22.5	24.0	26.0	30.5	25.0	25.0	26.0	

medW :
40.0	40.0	40.0	39.0	55.0	40.0	38.0	40.0	40.0	nan	38.0	40.0	45.0	44.0	37.0	38.0	42.5	46.0	40.0	36.0	

ecartTypeX :
11.38729116164156	12.84942607561092	12.42669865677014	11.472116956151611	7.425556469981821	12.347213701899635	11.867943063663487	12.730013921354125	12.385091677810408	nan	12.673487442318995	12.474863615375607	11.935421803556373	12.161633337828722	13.056033088193367	11.390485630617686	12.638979454564064	12.570241602168984	11.397179107567684	13.768926368215256	

ecartTypeW :
12.115708811291233	14.013765848990104	11.864981153705124	19.97605815490844	14.190137420053407	14.472188307389345	11.610652704987247	14.699756468618327	15.373047144674887	nan	14.583095236151571	10.860734577161693	11.467163767704125	14.155779550224572	15.49346636489072	15.178525414852468	13.892220904264823	16.109024982011054	15.107926168292456	14.341083176199303	

varX :
129.6704	165.10775047258983	154.42283950617283	131.6094674556213	55.138888888888886	152.4536862003781	140.84807256235828	162.0532544378698	153.3904958677686	nan	160.6172839506173	155.62222222222215	142.45429362880887	147.90532544378698	170.46	129.74316290130798	159.74380165289253	158.01097393689986	129.89569160997732	189.58333333333334	

varW :
146.7904	196.38563327032134	140.77777777777777	399.04289940828403	201.35999999999999	209.44423440453687	134.80725623582768	216.08284023668637	236.33057851239667	nan	212.66666666666666	117.95555555555558	131.49584487534628	200.3860946745562	240.04750000000004	230.38763376932226	192.99380165289256	259.50068587105625	228.24943310657596	205.66666666666669	

covarX :
135.07333333333332	172.6126482213439	163.50653594771242	136.87384615384616	66.16666666666667	159.38339920948619	147.89047619047616	168.53538461538466	160.6948051948052	nan	166.79487179487177	160.98850574712634	150.36842105263156	153.82153846153847	179.43157894736845	134.3768472906404	167.3506493506493	164.0883190883191	136.3904761904762	200.73529411764704	

covarW :
152.90666666666664	205.31225296442688	149.05882352941174	415.0046153846154	251.7	218.96442687747037	141.54761904761907	224.72615384615386	247.58441558441555	nan	220.84615384615387	122.02298850574715	138.80116959064327	208.40153846153848	252.6815789473684	238.615763546798	202.18398268398266	269.48148148148147	239.6619047619048	217.76470588235296	

coef_variationX :
0.4674585862742841	0.6301424301472306	0.5578069222490337	0.6062500830486623	0.24615104320381725	0.5429941016131771	0.5905848444003158	0.5338392934761407	0.5594907944801416	nan	0.5703069349043548	0.5503616300901003	0.5531049128477344	0.5451766668681841	0.6276938984708349	0.4879233135715109	0.46342924666734897	0.5319694721921043	0.5007128896630154	0.6119522830317892	

coef_variationW :
0.29812275618334727	0.3565449275738633	0.30685296087168423	0.5219874492739894	0.2771511214854181	0.3500108633753469	0.29807299120382913	0.36192582214401187	0.39235155125620363	nan	0.3837656641092519	0.2545484666522272	0.27544388316861995	0.33068308023884896	0.4193089679266771	0.38443426814910175	0.3407233666597838	0.3471218471782111	0.35291039992674256	0.39470871127154045	

moy_distances_centre :	62.3
min_distances_centre :	3.0
max_distances_centre :	88.0
med_distances_centre :	71.5
ecartType_distances_centre :	25.930869634472348
var_distances_centre :	672.4100000000001
covar_distances_centre :	707.8000000000001
coef_variation_distances_centre :	0.4162258368294117
capacite_X_temoin : 
157.0	157.0	166.0	148.0	163.0	
154.0	154.0	153.0	174.0	141.0	
141.0	141.0	139.0	162.0	165.0	
150.0	156.0	174.0	139.0	162.0	
141.0	145.0	175.0	0.0	174.0	
166.0	168.0	172.0	148.0	159.0	
163.0	148.0	174.0	160.0	150.0	
160.0	157.0	172.0	162.0	148.0	
154.0	168.0	153.0	168.0	154.0	
144.0	157.0	142.0	157.0	0.0	
147.0	139.0	169.0	175.0	156.0	
163.0	154.0	175.0	171.0	136.0	
153.0	145.0	168.0	175.0	165.0	
153.0	165.0	136.0	135.0	157.0	
148.0	166.0	168.0	142.0	172.0	
138.0	166.0	171.0	168.0	145.0	
142.0	166.0	147.0	141.0	153.0	
175.0	162.0	148.0	163.0	178.0	
162.0	166.0	138.0	175.0	144.0	
177.0	157.0	171.0	154.0	171.0	

capacite_W_temoin : 
134.1	78.1	207.8	180.4	144.9	
141.2	105.19999999999999	188.9	214.2	116.3	
153.3	101.3	177.7	197.6	175.5	
110.0	97.8	194.2	141.7	175.6	
117.3	124.5	205.5	0.0	168.2	
140.8	102.4	203.6	165.4	129.7	
159.9	114.4	223.2	208.0	143.0	
124.0	94.1	220.6	198.6	110.4	
163.2	156.4	165.9	181.4	119.19999999999999	
43.199999999999996	101.1	145.6	159.1	0.0	
151.1	56.699999999999996	186.7	215.5	135.8	
99.9	117.19999999999999	203.5	191.3	108.8	
147.9	100.5	194.4	227.5	172.5	
113.9	106.5	149.8	161.5	153.1	
164.4	135.8	208.4	165.6	181.6	
62.4	110.8	190.3	201.4	127.5	
115.6	83.8	172.1	175.3	147.9	
124.5	92.6	167.4	180.9	189.4	
127.6	179.8	153.4	206.5	107.19999999999999	
191.1	119.1	215.3	186.2	163.3	

demande_cumulee_X : 
70.0	126.0	8.0	12.0	67.0	
59.0	95.0	10.0	12.0	67.0	
30.0	82.0	3.0	13.0	39.0	
85.0	105.0	32.0	39.0	35.0	
66.0	64.0	22.0	0.0	58.0	
75.0	116.0	20.0	27.0	77.0	
52.0	78.0	3.0	0.0	52.0	
84.0	110.0	3.0	12.0	82.0	
37.0	62.0	33.0	37.0	81.0	
144.0	103.0	39.0	45.0	0.0	
40.0	124.0	33.0	12.0	67.0	
112.0	83.0	24.0	31.0	68.0	
51.0	88.0	24.0	0.0	42.0	
85.0	108.0	27.0	14.0	51.0	
28.0	80.0	10.0	19.0	42.0	
117.0	105.0	32.0	17.0	61.0	
69.0	132.0	19.0	8.0	51.0	
103.0	118.0	25.0	31.0	42.0	
83.0	36.0	26.0	21.0	80.0	
39.0	85.0	7.0	14.0	59.0	

demande_cumulee_W : 
87.0	18.0	115.0	10.0	53.0	
64.0	9.0	107.0	13.0	50.0	
25.0	9.0	95.0	17.0	21.0	
37.0	42.0	135.0	0.0	82.0	
14.0	22.0	115.0	0.0	59.0	
65.0	53.0	116.0	26.0	55.0	
52.0	10.0	78.0	3.0	42.0	
84.0	11.0	107.0	15.0	74.0	
85.0	39.0	96.0	3.0	27.0	
39.0	101.0	144.0	47.0	0.0	
59.0	29.0	133.0	15.0	40.0	
68.0	60.0	111.0	3.0	76.0	
4.0	10.0	85.0	49.0	57.0	
54.0	39.0	122.0	8.0	62.0	
42.0	20.0	85.0	0.0	32.0	
61.0	72.0	109.0	14.0	76.0	
45.0	70.0	140.0	0.0	24.0	
63.0	88.0	83.0	17.0	68.0	
88.0	79.0	36.0	1.0	42.0	
59.0	16.0	99.0	0.0	30.0	

capacite_residuelle_X : 
87.0	31.0	158.0	136.0	96.0	
95.0	59.0	143.0	162.0	74.0	
111.0	59.0	136.0	149.0	126.0	
65.0	51.0	142.0	100.0	127.0	
75.0	81.0	153.0	0.0	116.0	
91.0	52.0	152.0	121.0	82.0	
111.0	70.0	171.0	160.0	98.0	
76.0	47.0	169.0	150.0	66.0	
117.0	106.0	120.0	131.0	73.0	
0.0	54.0	103.0	112.0	0.0	
107.0	15.0	136.0	163.0	89.0	
51.0	71.0	151.0	140.0	68.0	
102.0	57.0	144.0	175.0	123.0	
68.0	57.0	109.0	121.0	106.0	
120.0	86.0	158.0	123.0	130.0	
21.0	61.0	139.0	151.0	84.0	
73.0	34.0	128.0	133.0	102.0	
72.0	44.0	123.0	132.0	136.0	
79.0	130.0	112.0	154.0	64.0	
138.0	72.0	164.0	140.0	112.0	

capacite_residuelle_W : 
47.099999999999994	60.099999999999994	92.80000000000001	170.4	91.9	
77.19999999999999	96.19999999999999	81.9	201.2	66.3	
128.3	92.3	82.69999999999999	180.6	154.5	
73.0	55.8	59.19999999999999	141.7	93.6	
103.3	102.5	90.5	0.0	109.19999999999999	
75.80000000000001	49.400000000000006	87.6	139.4	74.69999999999999	
107.9	104.4	145.2	205.0	101.0	
40.0	83.1	113.6	183.6	36.400000000000006	
78.19999999999999	117.4	69.9	178.4	92.19999999999999	
4.199999999999996	0.09999999999999432	1.5999999999999943	112.1	0.0	
92.1	27.699999999999996	53.69999999999999	200.5	95.80000000000001	
31.900000000000006	57.19999999999999	92.5	188.3	32.8	
143.9	90.5	109.4	178.5	115.5	
59.900000000000006	67.5	27.80000000000001	153.5	91.1	
122.4	115.80000000000001	123.4	165.6	149.6	
1.3999999999999986	38.8	81.30000000000001	187.4	51.5	
70.6	13.799999999999997	32.099999999999994	175.3	123.9	
61.5	4.599999999999994	84.4	163.9	121.4	
39.599999999999994	100.80000000000001	117.4	205.5	65.19999999999999	
132.1	103.1	116.30000000000001	186.2	133.3	

min_capacite_X : 
148.0	141.0	139.0	139.0	0.0	148.0	148.0	148.0	153.0	0.0	139.0	136.0	145.0	135.0	142.0	138.0	141.0	148.0	138.0	154.0	

min_capacite_W : 
78.1	105.19999999999999	101.3	97.8	0.0	102.4	114.4	94.1	119.19999999999999	0.0	56.699999999999996	99.9	100.5	106.5	135.8	62.4	83.8	92.6	107.19999999999999	119.1	

max_capacite_X : 
166.0	174.0	165.0	174.0	175.0	172.0	174.0	172.0	168.0	157.0	175.0	175.0	175.0	165.0	172.0	171.0	166.0	178.0	175.0	177.0	

max_capacite_W : 
207.8	214.2	197.6	194.2	205.5	203.6	223.2	220.6	181.4	159.1	215.5	203.5	227.5	161.5	208.4	201.4	175.3	189.4	206.5	215.3	

moy_capacite_X : 
158.2	155.2	149.6	156.2	127.0	162.6	159.0	159.8	159.4	120.0	157.2	159.8	161.2	149.2	159.2	157.6	149.8	165.2	157.0	166.0	

moy_capacite_W : 
149.06	153.16	161.07999999999998	143.86	123.1	148.38000000000002	169.7	149.54	157.21999999999997	89.8	149.16	144.14000000000001	168.56	136.96	171.16000000000003	138.48	138.94	150.95999999999998	154.9	175.0	

med_capacite_X : 
157.0	154.0	141.0	156.0	145.0	166.0	160.0	160.0	154.0	144.0	156.0	163.0	165.0	153.0	166.0	166.0	147.0	163.0	162.0	171.0	

med_capacite_W : 
144.9	141.2	175.5	141.7	124.5	140.8	159.9	124.0	163.2	101.1	151.1	117.19999999999999	172.5	149.8	165.6	127.5	147.9	167.4	153.4	186.2	

ecartType_capacite_X : 
6.1773780845922	10.609429767899876	11.412274094149685	11.702991070662234	65.05689817382934	8.42852300228219	9.423375191511797	7.756287771866126	7.031358332498779	60.32909745719722	13.362634470792052	13.905394636614956	10.777754868245983	11.838918869558993	11.906300852909773	13.425349157470729	9.152048950918042	10.684568311354464	13.856406460551018	8.899438184514796	

ecartType_capacite_W : 
44.065887032941944	41.96448975026386	33.021350668923276	36.916749586061876	69.30076478654475	34.23298993660939	40.487430148133626	50.4266437510965	20.697671366605476	60.46390658897256	53.92838213779457	43.99893635078012	42.93285921063259	22.303147759901517	23.760269358742544	51.612300859388164	34.89152332587387	36.743249720186704	35.51168821669846	32.46672142363624	

var_capacite_X : 
38.16	112.56000000000002	130.24	136.95999999999998	4232.4	71.03999999999999	88.8	60.15999999999999	49.440000000000005	3639.6	178.56	193.35999999999999	116.16	140.16	141.76	180.24	83.76000000000002	114.16000000000001	192.0	79.2	

var_capacite_W : 
1941.802400000001	1761.0184000000002	1090.4095999999997	1362.8464	4802.596	1171.8975999999998	1639.2319999999995	2542.8463999999994	428.39360000000016	3655.8839999999996	2908.2704000000003	1935.9064000000005	1843.2304	497.4304	564.5503999999999	2663.8296	1217.4184000000002	1350.0664000000002	1261.0800000000004	1054.0880000000002	

covar_capacite_X : 
47.699999999999996	140.70000000000002	162.8	171.2	5290.5	88.8	111.0	75.19999999999999	61.800000000000004	4549.5	223.20000000000002	241.7	145.2	175.2	177.2	225.3	104.70000000000003	142.70000000000002	240.0	99.0	

covar_capacite_W : 
2427.253000000001	2201.273	1363.0119999999997	1703.5579999999998	6003.245	1464.8719999999998	2049.0399999999995	3178.5579999999995	535.4920000000002	4569.855	3635.338	2419.8830000000007	2304.038	621.788	705.6879999999999	3329.7870000000003	1521.7730000000004	1687.5830000000003	1576.3500000000006	1317.6100000000001	

##########	##########	##########	##########	##########	##########	##########	##########	##########	##########	##########	##########	##########	##########	##########	##########	##########	##########	##########	##########	##########	##########	##########	##########	##########	##########	##########	##########	##########	##########	##########	##########	##########	##########	##########	##########	##########	##########	##########	##########	##########	##########	##########	##########	##########	##########	##########	##########	##########	##########	nombre de noeuds : 50
nombre de strates : 20
nombre de centres : 5
titre : fenetre
instances : p1_5
temps de calcul : 0.11632490158081055
valeur objective : 1991.0
nombre de solutions : 3
nombre de noeuds : 1.0
faisability : True
moy_distances :	53.73
min_distances :	1.0
max_distances :	119.0
var_distances :	623.2722272386505
covar_distances :	623.5267279439339
ecartType_distances :	24.96542063011658
coef_variation	: 0.46466171767009756
distances_centre_x :
-1.0	-1.0	6.0	-1.0	-1.0	-1.0	38.0	-1.0	23.0	-1.0	-1.0	11.0	-1.0	-1.0	40.0	-1.0	21.0	32.0	-1.0	27.0	25.0	-1.0	-1.0	-1.0	-1.0	-1.0	20.0	3.0	29.0	33.0	14.0	8.0	25.0	-1.0	12.0	33.0	9.0	-1.0	-1.0	21.0	-1.0	15.0	0.0	18.0	-1.0	-1.0	20.0	-1.0	-1.0	23.0	
-1.0	-1.0	6.0	-1.0	-1.0	-1.0	38.0	-1.0	23.0	-1.0	-1.0	11.0	-1.0	2.0	-1.0	-1.0	-1.0	32.0	-1.0	-1.0	25.0	-1.0	-1.0	0.0	-1.0	-1.0	20.0	3.0	-1.0	-1.0	-1.0	8.0	25.0	-1.0	12.0	33.0	9.0	-1.0	35.0	21.0	0.0	15.0	-1.0	18.0	21.0	-1.0	-1.0	-1.0	27.0	23.0	
-1.0	-1.0	6.0	-1.0	-1.0	18.0	38.0	-1.0	23.0	-1.0	-1.0	-1.0	7.0	-1.0	-1.0	-1.0	-1.0	32.0	-1.0	27.0	-1.0	-1.0	-1.0	-1.0	-1.0	-1.0	-1.0	-1.0	-1.0	-1.0	14.0	8.0	25.0	-1.0	12.0	33.0	9.0	-1.0	-1.0	21.0	0.0	-1.0	-1.0	18.0	-1.0	-1.0	-1.0	-1.0	27.0	23.0	
-1.0	-1.0	6.0	10.0	-1.0	18.0	38.0	-1.0	23.0	-1.0	-1.0	11.0	-1.0	-1.0	-1.0	26.0	21.0	-1.0	13.0	27.0	25.0	-1.0	16.0	0.0	-1.0	-1.0	-1.0	3.0	-1.0	-1.0	14.0	8.0	25.0	0.0	-1.0	33.0	9.0	-1.0	-1.0	21.0	-1.0	15.0	-1.0	-1.0	21.0	-1.0	-1.0	10.0	27.0	23.0	
-1.0	-1.0	-1.0	-1.0	-1.0	-1.0	-1.0	-1.0	-1.0	-1.0	-1.0	-1.0	-1.0	-1.0	-1.0	-1.0	-1.0	-1.0	-1.0	-1.0	-1.0	-1.0	-1.0	-1.0	-1.0	-1.0	-1.0	-1.0	-1.0	-1.0	-1.0	-1.0	-1.0	-1.0	-1.0	-1.0	-1.0	-1.0	-1.0	-1.0	-1.0	-1.0	-1.0	-1.0	-1.0	-1.0	-1.0	-1.0	-1.0	-1.0	
-1.0	-1.0	6.0	10.0	-1.0	-1.0	38.0	-1.0	23.0	-1.0	-1.0	11.0	-1.0	2.0	40.0	-1.0	-1.0	32.0	13.0	27.0	25.0	24.0	-1.0	-1.0	-1.0	-1.0	-1.0	-1.0	-1.0	33.0	-1.0	8.0	25.0	0.0	12.0	33.0	9.0	29.0	-1.0	21.0	-1.0	15.0	-1.0	-1.0	21.0	-1.0	-1.0	-1.0	-1.0	-1.0	
19.0	-1.0	6.0	-1.0	-1.0	-1.0	38.0	-1.0	23.0	-1.0	-1.0	11.0	7.0	2.0	-1.0	-1.0	-1.0	32.0	-1.0	27.0	25.0	-1.0	16.0	-1.0	-1.0	-1.0	20.0	-1.0	-1.0	-1.0	14.0	8.0	-1.0	-1.0	12.0	-1.0	9.0	-1.0	-1.0	-1.0	0.0	-1.0	-1.0	18.0	21.0	-1.0	-1.0	-1.0	27.0	23.0	
-1.0	-1.0	6.0	-1.0	-1.0	18.0	38.0	-1.0	23.0	-1.0	0.0	11.0	-1.0	2.0	40.0	-1.0	21.0	32.0	-1.0	27.0	25.0	-1.0	-1.0	0.0	-1.0	-1.0	-1.0	-1.0	29.0	-1.0	-1.0	8.0	25.0	-1.0	12.0	33.0	9.0	29.0	36.0	-1.0	-1.0	15.0	-1.0	18.0	21.0	-1.0	20.0	-1.0	-1.0	23.0	
-1.0	-1.0	6.0	-1.0	22.0	-1.0	38.0	-1.0	-1.0	-1.0	-1.0	11.0	-1.0	-1.0	40.0	26.0	-1.0	32.0	-1.0	-1.0	25.0	24.0	-1.0	-1.0	-1.0	9.0	-1.0	3.0	-1.0	-1.0	14.0	8.0	25.0	-1.0	-1.0	33.0	9.0	-1.0	35.0	21.0	0.0	-1.0	0.0	-1.0	21.0	-1.0	-1.0	-1.0	27.0	-1.0	
-1.0	-1.0	-1.0	-1.0	-1.0	-1.0	-1.0	-1.0	23.0	-1.0	-1.0	11.0	-1.0	-1.0	-1.0	-1.0	-1.0	-1.0	-1.0	27.0	-1.0	-1.0	-1.0	-1.0	-1.0	-1.0	-1.0	-1.0	-1.0	-1.0	-1.0	-1.0	-1.0	-1.0	12.0	-1.0	-1.0	-1.0	-1.0	-1.0	-1.0	-1.0	0.0	-1.0	-1.0	-1.0	-1.0	-1.0	-1.0	-1.0	
19.0	-1.0	6.0	-1.0	-1.0	18.0	38.0	28.0	23.0	-1.0	0.0	11.0	7.0	-1.0	-1.0	-1.0	-1.0	32.0	13.0	27.0	25.0	24.0	-1.0	-1.0	-1.0	-1.0	20.0	3.0	29.0	-1.0	-1.0	8.0	25.0	-1.0	12.0	33.0	9.0	-1.0	35.0	21.0	0.0	-1.0	-1.0	-1.0	21.0	-1.0	-1.0	-1.0	-1.0	23.0	
-1.0	-1.0	6.0	-1.0	22.0	-1.0	38.0	28.0	23.0	-1.0	0.0	11.0	7.0	2.0	-1.0	-1.0	21.0	32.0	-1.0	27.0	25.0	-1.0	-1.0	-1.0	-1.0	9.0	20.0	-1.0	-1.0	33.0	14.0	8.0	25.0	-1.0	12.0	33.0	-1.0	29.0	35.0	-1.0	0.0	15.0	0.0	18.0	21.0	-1.0	-1.0	-1.0	27.0	23.0	
-1.0	-1.0	6.0	-1.0	-1.0	-1.0	-1.0	-1.0	23.0	-1.0	0.0	11.0	7.0	-1.0	-1.0	-1.0	21.0	32.0	-1.0	27.0	25.0	-1.0	-1.0	-1.0	-1.0	-1.0	20.0	3.0	29.0	-1.0	-1.0	-1.0	-1.0	-1.0	-1.0	33.0	9.0	-1.0	-1.0	21.0	-1.0	-1.0	0.0	18.0	21.0	-1.0	-1.0	-1.0	27.0	-1.0	
-1.0	-1.0	6.0	-1.0	-1.0	-1.0	38.0	-1.0	23.0	22.0	-1.0	11.0	7.0	-1.0	-1.0	-1.0	-1.0	32.0	13.0	27.0	25.0	-1.0	16.0	-1.0	-1.0	-1.0	20.0	3.0	-1.0	33.0	-1.0	8.0	25.0	-1.0	12.0	33.0	9.0	-1.0	-1.0	21.0	0.0	15.0	0.0	18.0	21.0	-1.0	-1.0	-1.0	-1.0	23.0	
-1.0	-1.0	6.0	-1.0	-1.0	18.0	38.0	28.0	23.0	-1.0	-1.0	11.0	-1.0	-1.0	-1.0	26.0	-1.0	-1.0	-1.0	-1.0	25.0	-1.0	-1.0	-1.0	-1.0	-1.0	-1.0	3.0	29.0	-1.0	14.0	8.0	-1.0	0.0	-1.0	33.0	9.0	-1.0	-1.0	21.0	0.0	-1.0	-1.0	18.0	-1.0	-1.0	-1.0	-1.0	27.0	23.0	
-1.0	15.0	6.0	-1.0	-1.0	-1.0	38.0	-1.0	23.0	-1.0	0.0	11.0	-1.0	-1.0	-1.0	26.0	21.0	32.0	13.0	27.0	25.0	-1.0	-1.0	-1.0	-1.0	-1.0	20.0	3.0	29.0	33.0	14.0	-1.0	25.0	-1.0	-1.0	33.0	-1.0	29.0	36.0	21.0	0.0	15.0	0.0	18.0	21.0	18.0	-1.0	-1.0	27.0	-1.0	
-1.0	15.0	-1.0	-1.0	-1.0	-1.0	38.0	28.0	23.0	-1.0	-1.0	11.0	-1.0	-1.0	-1.0	-1.0	-1.0	-1.0	13.0	27.0	25.0	-1.0	-1.0	-1.0	24.0	-1.0	-1.0	-1.0	-1.0	33.0	-1.0	8.0	-1.0	-1.0	12.0	33.0	9.0	29.0	35.0	21.0	0.0	-1.0	0.0	-1.0	21.0	-1.0	-1.0	10.0	27.0	-1.0	
-1.0	-1.0	-1.0	-1.0	-1.0	-1.0	-1.0	-1.0	-1.0	-1.0	-1.0	-1.0	-1.0	-1.0	-1.0	-1.0	-1.0	-1.0	-1.0	-1.0	-1.0	-1.0	-1.0	-1.0	-1.0	-1.0	-1.0	-1.0	-1.0	-1.0	-1.0	-1.0	-1.0	-1.0	-1.0	-1.0	-1.0	-1.0	-1.0	-1.0	-1.0	-1.0	-1.0	-1.0	-1.0	-1.0	-1.0	-1.0	-1.0	-1.0	
-1.0	-1.0	6.0	-1.0	-1.0	-1.0	38.0	-1.0	23.0	-1.0	-1.0	11.0	-1.0	2.0	40.0	-1.0	21.0	32.0	13.0	-1.0	25.0	-1.0	-1.0	-1.0	-1.0	-1.0	20.0	-1.0	-1.0	33.0	-1.0	8.0	25.0	-1.0	-1.0	33.0	9.0	-1.0	35.0	-1.0	-1.0	15.0	-1.0	-1.0	-1.0	-1.0	20.0	10.0	27.0	-1.0	
-1.0	-1.0	6.0	-1.0	-1.0	-1.0	38.0	-1.0	-1.0	-1.0	0.0	11.0	7.0	-1.0	40.0	-1.0	-1.0	32.0	-1.0	27.0	-1.0	-1.0	-1.0	-1.0	-1.0	-1.0	-1.0	3.0	-1.0	-1.0	-1.0	8.0	25.0	-1.0	12.0	33.0	9.0	-1.0	35.0	21.0	-1.0	-1.0	-1.0	18.0	-1.0	-1.0	-1.0	-1.0	27.0	-1.0	

distances_centre_w :
-1.0	-1.0	32.0	-1.0	-1.0	-1.0	53.0	-1.0	34.0	-1.0	-1.0	33.0	-1.0	-1.0	43.0	-1.0	50.0	40.0	-1.0	32.0	38.0	-1.0	-1.0	-1.0	-1.0	-1.0	50.0	45.0	43.0	40.0	40.0	29.0	48.0	-1.0	41.0	47.0	35.0	-1.0	-1.0	21.0	-1.0	40.0	42.0	32.0	-1.0	-1.0	35.0	-1.0	-1.0	44.0	
-1.0	-1.0	32.0	-1.0	-1.0	-1.0	53.0	-1.0	34.0	-1.0	-1.0	33.0	-1.0	37.0	-1.0	-1.0	-1.0	40.0	-1.0	-1.0	38.0	-1.0	-1.0	42.0	-1.0	-1.0	50.0	45.0	-1.0	-1.0	-1.0	29.0	48.0	-1.0	41.0	47.0	35.0	-1.0	36.0	21.0	35.0	40.0	-1.0	32.0	56.0	-1.0	-1.0	-1.0	45.0	44.0	
-1.0	-1.0	32.0	-1.0	-1.0	36.0	53.0	-1.0	34.0	-1.0	-1.0	-1.0	40.0	-1.0	-1.0	-1.0	-1.0	40.0	-1.0	32.0	-1.0	-1.0	-1.0	-1.0	-1.0	-1.0	-1.0	-1.0	-1.0	-1.0	40.0	29.0	48.0	-1.0	41.0	47.0	35.0	-1.0	-1.0	21.0	35.0	-1.0	-1.0	32.0	-1.0	-1.0	-1.0	-1.0	45.0	44.0	
-1.0	-1.0	32.0	36.0	-1.0	36.0	53.0	-1.0	34.0	-1.0	-1.0	33.0	-1.0	-1.0	-1.0	51.0	54.0	-1.0	51.0	32.0	38.0	-1.0	48.0	42.0	-1.0	-1.0	-1.0	50.0	-1.0	-1.0	40.0	29.0	48.0	53.0	-1.0	47.0	35.0	-1.0	-1.0	21.0	-1.0	40.0	-1.0	-1.0	56.0	-1.0	-1.0	46.0	45.0	44.0	
-1.0	-1.0	-1.0	-1.0	-1.0	-1.0	-1.0	-1.0	-1.0	-1.0	-1.0	-1.0	-1.0	-1.0	-1.0	-1.0	-1.0	-1.0	-1.0	-1.0	-1.0	-1.0	-1.0	-1.0	-1.0	-1.0	-1.0	-1.0	-1.0	-1.0	-1.0	-1.0	-1.0	-1.0	-1.0	-1.0	-1.0	-1.0	-1.0	-1.0	-1.0	-1.0	-1.0	-1.0	-1.0	-1.0	-1.0	-1.0	-1.0	-1.0	
-1.0	-1.0	32.0	36.0	-1.0	-1.0	53.0	-1.0	34.0	-1.0	-1.0	33.0	-1.0	37.0	43.0	-1.0	-1.0	55.0	43.0	32.0	38.0	31.0	-1.0	-1.0	-1.0	-1.0	-1.0	-1.0	-1.0	40.0	-1.0	29.0	48.0	53.0	41.0	47.0	35.0	43.0	-1.0	21.0	-1.0	40.0	-1.0	-1.0	56.0	-1.0	-1.0	-1.0	-1.0	-1.0	
42.0	-1.0	32.0	-1.0	-1.0	-1.0	53.0	-1.0	34.0	-1.0	-1.0	33.0	40.0	37.0	-1.0	-1.0	-1.0	40.0	-1.0	32.0	38.0	-1.0	48.0	-1.0	-1.0	-1.0	39.0	-1.0	-1.0	-1.0	40.0	29.0	-1.0	-1.0	41.0	-1.0	35.0	-1.0	-1.0	-1.0	35.0	-1.0	-1.0	32.0	56.0	-1.0	-1.0	-1.0	45.0	44.0	
-1.0	-1.0	32.0	-1.0	-1.0	36.0	53.0	-1.0	34.0	-1.0	35.0	33.0	-1.0	37.0	43.0	-1.0	50.0	40.0	-1.0	32.0	38.0	-1.0	-1.0	42.0	-1.0	-1.0	-1.0	-1.0	43.0	-1.0	-1.0	29.0	48.0	-1.0	41.0	47.0	35.0	43.0	49.0	-1.0	-1.0	40.0	-1.0	32.0	56.0	-1.0	35.0	-1.0	-1.0	44.0	
-1.0	-1.0	32.0	-1.0	34.0	-1.0	53.0	-1.0	-1.0	-1.0	-1.0	33.0	-1.0	-1.0	43.0	51.0	-1.0	40.0	-1.0	-1.0	38.0	31.0	-1.0	-1.0	-1.0	44.0	-1.0	45.0	-1.0	-1.0	40.0	29.0	48.0	-1.0	-1.0	47.0	35.0	-1.0	52.0	21.0	35.0	-1.0	42.0	-1.0	56.0	-1.0	-1.0	-1.0	45.0	-1.0	
-1.0	-1.0	-1.0	-1.0	-1.0	-1.0	53.0	-1.0	-1.0	-1.0	-1.0	-1.0	63.0	-1.0	73.0	-1.0	-1.0	-1.0	-1.0	-1.0	-1.0	-1.0	-1.0	42.0	-1.0	-1.0	39.0	-1.0	-1.0	40.0	-1.0	-1.0	-1.0	-1.0	-1.0	-1.0	35.0	43.0	-1.0	-1.0	-1.0	81.0	-1.0	-1.0	-1.0	-1.0	-1.0	-1.0	-1.0	-1.0	
42.0	-1.0	32.0	-1.0	-1.0	36.0	53.0	39.0	34.0	-1.0	35.0	33.0	40.0	-1.0	-1.0	-1.0	-1.0	40.0	43.0	32.0	38.0	31.0	-1.0	-1.0	-1.0	-1.0	39.0	45.0	43.0	-1.0	-1.0	29.0	48.0	-1.0	41.0	47.0	35.0	-1.0	36.0	21.0	35.0	-1.0	-1.0	-1.0	56.0	-1.0	-1.0	-1.0	-1.0	44.0	
-1.0	-1.0	32.0	-1.0	34.0	-1.0	53.0	39.0	34.0	-1.0	35.0	33.0	40.0	37.0	-1.0	-1.0	50.0	40.0	-1.0	32.0	38.0	-1.0	-1.0	-1.0	-1.0	44.0	39.0	-1.0	-1.0	40.0	40.0	29.0	48.0	-1.0	41.0	47.0	-1.0	43.0	36.0	-1.0	35.0	40.0	42.0	32.0	56.0	-1.0	-1.0	-1.0	45.0	44.0	
-1.0	-1.0	32.0	-1.0	-1.0	-1.0	-1.0	-1.0	34.0	-1.0	35.0	33.0	40.0	-1.0	-1.0	-1.0	50.0	50.0	-1.0	32.0	55.0	-1.0	-1.0	-1.0	-1.0	-1.0	39.0	45.0	43.0	-1.0	-1.0	-1.0	-1.0	-1.0	-1.0	47.0	35.0	-1.0	-1.0	21.0	-1.0	-1.0	42.0	32.0	56.0	-1.0	-1.0	-1.0	45.0	-1.0	
-1.0	-1.0	32.0	-1.0	-1.0	-1.0	53.0	-1.0	34.0	55.0	-1.0	33.0	40.0	-1.0	-1.0	-1.0	-1.0	40.0	43.0	32.0	38.0	-1.0	48.0	-1.0	-1.0	-1.0	39.0	45.0	-1.0	40.0	-1.0	29.0	48.0	-1.0	41.0	47.0	35.0	-1.0	-1.0	21.0	35.0	40.0	42.0	32.0	56.0	-1.0	-1.0	-1.0	-1.0	44.0	
-1.0	-1.0	32.0	-1.0	-1.0	36.0	53.0	39.0	34.0	-1.0	-1.0	33.0	-1.0	-1.0	-1.0	51.0	-1.0	-1.0	-1.0	-1.0	38.0	-1.0	-1.0	-1.0	-1.0	-1.0	-1.0	45.0	43.0	-1.0	40.0	29.0	-1.0	53.0	-1.0	47.0	35.0	-1.0	-1.0	21.0	35.0	-1.0	-1.0	32.0	-1.0	-1.0	-1.0	-1.0	45.0	44.0	
-1.0	27.0	32.0	-1.0	-1.0	-1.0	53.0	-1.0	34.0	-1.0	35.0	33.0	-1.0	-1.0	-1.0	51.0	50.0	40.0	43.0	32.0	38.0	-1.0	-1.0	-1.0	-1.0	-1.0	39.0	45.0	56.0	40.0	40.0	-1.0	48.0	-1.0	-1.0	47.0	-1.0	43.0	52.0	21.0	35.0	40.0	42.0	32.0	56.0	36.0	-1.0	-1.0	45.0	-1.0	
-1.0	27.0	-1.0	-1.0	-1.0	-1.0	53.0	39.0	34.0	-1.0	-1.0	33.0	-1.0	-1.0	-1.0	-1.0	-1.0	-1.0	43.0	32.0	38.0	-1.0	-1.0	-1.0	51.0	-1.0	-1.0	-1.0	-1.0	55.0	-1.0	29.0	-1.0	-1.0	41.0	47.0	35.0	43.0	36.0	21.0	35.0	-1.0	42.0	-1.0	56.0	-1.0	-1.0	46.0	45.0	-1.0	
-1.0	-1.0	-1.0	-1.0	-1.0	-1.0	-1.0	-1.0	-1.0	-1.0	-1.0	-1.0	-1.0	-1.0	-1.0	-1.0	-1.0	-1.0	-1.0	-1.0	-1.0	-1.0	-1.0	-1.0	-1.0	-1.0	-1.0	-1.0	-1.0	-1.0	-1.0	-1.0	-1.0	-1.0	-1.0	-1.0	-1.0	-1.0	-1.0	-1.0	-1.0	-1.0	-1.0	-1.0	-1.0	-1.0	-1.0	-1.0	-1.0	-1.0	
-1.0	-1.0	32.0	-1.0	-1.0	-1.0	53.0	-1.0	34.0	-1.0	-1.0	33.0	-1.0	37.0	43.0	-1.0	50.0	40.0	51.0	-1.0	38.0	-1.0	-1.0	-1.0	-1.0	-1.0	50.0	-1.0	-1.0	40.0	-1.0	29.0	48.0	-1.0	-1.0	47.0	35.0	-1.0	49.0	-1.0	-1.0	40.0	-1.0	-1.0	-1.0	-1.0	35.0	46.0	46.0	-1.0	
-1.0	-1.0	32.0	-1.0	-1.0	-1.0	53.0	-1.0	-1.0	-1.0	35.0	33.0	40.0	-1.0	43.0	-1.0	-1.0	40.0	-1.0	32.0	-1.0	-1.0	-1.0	-1.0	-1.0	-1.0	-1.0	45.0	-1.0	-1.0	-1.0	29.0	48.0	-1.0	41.0	47.0	35.0	-1.0	36.0	21.0	-1.0	-1.0	-1.0	32.0	-1.0	-1.0	-1.0	-1.0	45.0	-1.0	

maxX :
40.0	38.0	38.0	38.0	nan	40.0	38.0	40.0	40.0	27.0	38.0	38.0	33.0	38.0	38.0	38.0	38.0	nan	40.0	40.0	

maxW :
53.0	56.0	53.0	56.0	nan	56.0	56.0	56.0	56.0	81.0	56.0	56.0	56.0	56.0	53.0	56.0	56.0	nan	53.0	53.0	

minX :
0.0	0.0	0.0	0.0	nan	0.0	0.0	0.0	0.0	0.0	0.0	0.0	0.0	0.0	0.0	0.0	0.0	nan	2.0	0.0	

minW :
21.0	21.0	21.0	21.0	nan	21.0	29.0	29.0	21.0	35.0	21.0	29.0	21.0	21.0	21.0	21.0	21.0	nan	29.0	21.0	

moyX :
20.24	17.695652173913043	18.944444444444443	17.03846153846154	nan	19.869565217391305	17.047619047619047	20.03846153846154	19.5	14.6	18.88888888888889	18.8	17.526315789473685	17.73076923076923	18.0	19.96551724137931	20.09090909090909	nan	21.238095238095237	19.555555555555557	

moyW :
39.48	39.69565217391305	38.0	42.07692307692308	nan	40.0	39.285714285714285	40.26923076923077	40.63636363636363	52.111111111111114	38.77777777777778	39.93333333333333	40.31578947368421	40.07692307692308	39.25	40.86206896551724	40.04545454545455	nan	41.714285714285715	38.166666666666664	

medX :
21.0	20.0	19.5	17.0	nan	21.0	18.0	21.0	21.5	12.0	21.0	21.0	21.0	19.0	19.5	21.0	22.0	nan	21.0	19.5	

medW :
40.0	40.0	38.0	43.0	nan	40.0	39.0	40.0	41.0	43.0	39.0	40.0	40.0	40.0	38.5	40.0	40.0	nan	40.0	38.0	

ecartTypeX :
10.515816658728887	11.242136508258621	10.265758738112629	9.66946331034247	nan	11.260953499771126	9.717319787620209	11.328930865541242	12.06328012079332	9.562426470305537	10.58767044406364	11.058631621196781	10.444683467792705	10.290240680102572	10.867382389517726	10.71409886026976	10.79944902175818	nan	11.014729367467398	12.584038488949325	

ecartTypeW :
7.354563209327933	8.024065881479373	7.557189365836423	8.8444814472645	nan	8.821909484715977	6.853173454288008	6.9810605999799	8.631577621235005	15.58806127525125	7.329965556653619	6.387139857209607	8.826113358002504	8.07619044296294	8.178477853488387	8.484160243048601	8.982190827749971	nan	7.024737630368141	7.71182353417285	

varX :
110.58239999999999	126.38563327032136	105.3858024691358	93.49852071005915	nan	126.80907372400759	94.42630385487527	128.34467455621305	145.52272727272728	91.44000000000001	112.09876543209877	122.29333333333334	109.09141274238226	105.88905325443785	118.1	114.79191438763377	116.62809917355371	nan	121.32426303854875	158.35802469135803	

varW :
54.0896	64.38563327032136	57.111111111111114	78.22485207100593	nan	77.82608695652173	46.96598639455783	48.73520710059172	74.50413223140495	242.98765432098764	53.7283950617284	40.79555555555555	77.90027700831024	65.22485207100593	66.8875	71.98097502972651	80.67975206611571	nan	49.3469387755102	59.47222222222222	

covarX :
115.19000000000001	132.13043478260872	111.58496732026143	97.23846153846156	nan	132.5731225296443	99.14761904761905	133.47846153846152	152.45238095238093	114.30000000000001	116.41025641025641	126.5103448275862	115.15204678362574	110.12461538461541	124.3157894736842	118.89162561576353	122.18181818181816	nan	127.39047619047618	167.6732026143791	

covarW :
56.34333333333334	67.31225296442688	60.470588235294116	81.35384615384615	nan	81.36363636363636	49.31428571428572	50.68461538461539	78.05194805194805	273.3611111111111	55.7948717948718	42.20229885057471	82.22807017543859	67.83384615384617	70.4078947368421	74.551724137931	84.52164502164503	nan	51.81428571428572	62.970588235294116	

coef_variationX :
0.5195561590281071	0.6353050115232145	0.5418875580235406	0.5675080046702127	nan	0.5667438304042361	0.5700103786034201	0.565359313827394	0.6186297497842728	0.6549607171442149	0.5605237293916044	0.5882250862338714	0.595942900564749	0.5803606457324662	0.6037434660843181	0.5366301674401088	0.5375291368295927	nan	0.5186307549704381	0.6435019681849086	

coef_variationW :
0.18628579557568223	0.2021396662366107	0.19887340436411638	0.2101979137375475	nan	0.22054773711789943	0.17444441520005838	0.1733596710596728	0.21241018754717017	0.29913123982358475	0.18902489974178385	0.15994507154948934	0.21892448277029708	0.20151722794341306	0.20836886250925826	0.2076292380155354	0.22429988446140675	nan	0.16840124456361982	0.2020565118123891	

moy_distances_centre :	71.7
min_distances_centre :	35.0
max_distances_centre :	99.0
med_distances_centre :	75.5
ecartType_distances_centre :	20.82330425268766
var_distances_centre :	433.60999999999996
covar_distances_centre :	456.43157894736834
coef_variation_distances_centre :	0.29042265345450013
capacite_X_temoin : 
157.0	157.0	148.0	163.0	169.0	
154.0	154.0	174.0	141.0	157.0	
141.0	141.0	162.0	165.0	175.0	
150.0	156.0	139.0	162.0	154.0	
141.0	145.0	0.0	174.0	0.0	
166.0	168.0	148.0	159.0	169.0	
163.0	148.0	160.0	150.0	166.0	
160.0	157.0	162.0	148.0	157.0	
154.0	168.0	168.0	154.0	171.0	
144.0	157.0	157.0	0.0	175.0	
147.0	139.0	175.0	156.0	148.0	
163.0	154.0	171.0	136.0	145.0	
153.0	145.0	175.0	165.0	166.0	
153.0	165.0	135.0	157.0	178.0	
148.0	166.0	142.0	172.0	141.0	
138.0	166.0	168.0	145.0	159.0	
142.0	166.0	141.0	153.0	141.0	
175.0	162.0	163.0	178.0	0.0	
162.0	166.0	175.0	144.0	144.0	
177.0	157.0	154.0	171.0	177.0	

capacite_W_temoin : 
134.1	145.1	180.4	144.9	144.7	
141.2	144.2	214.2	116.3	155.1	
153.3	149.3	197.6	175.5	176.5	
110.0	112.8	141.7	175.6	153.2	
117.3	102.5	0.0	168.2	0.0	
140.8	151.4	165.4	129.7	150.7	
159.9	175.4	208.0	143.0	151.8	
119.0	161.1	198.6	115.4	134.1	
163.2	171.4	181.4	119.19999999999999	174.3	
43.199999999999996	124.1	173.1	0.0	151.5	
151.1	97.69999999999999	215.5	135.8	118.4	
99.9	173.2	191.3	108.8	108.5	
147.9	130.5	227.5	172.5	161.8	
114.9	155.5	161.5	152.1	155.4	
164.4	161.8	165.6	181.6	147.3	
56.4	146.8	201.4	133.5	138.7	
120.6	162.8	175.3	147.9	80.3	
121.5	67.6	180.9	192.4	0.0	
127.6	179.8	206.5	107.19999999999999	161.2	
191.1	169.1	186.2	163.3	173.1	

demande_cumulee_X : 
70.0	59.0	12.0	67.0	75.0	
59.0	56.0	12.0	67.0	49.0	
30.0	34.0	13.0	39.0	51.0	
85.0	90.0	39.0	35.0	47.0	
66.0	86.0	0.0	58.0	0.0	
75.0	67.0	27.0	77.0	69.0	
52.0	17.0	0.0	52.0	64.0	
89.0	43.0	12.0	77.0	70.0	
37.0	47.0	37.0	81.0	48.0	
144.0	80.0	31.0	0.0	76.0	
40.0	83.0	12.0	67.0	74.0	
112.0	27.0	31.0	68.0	80.0	
51.0	58.0	0.0	42.0	54.0	
84.0	59.0	14.0	52.0	76.0	
28.0	54.0	19.0	42.0	36.0	
123.0	69.0	17.0	55.0	68.0	
64.0	53.0	8.0	51.0	103.0	
106.0	143.0	31.0	39.0	0.0	
83.0	36.0	21.0	80.0	26.0	
39.0	35.0	14.0	59.0	57.0	

demande_cumulee_W : 
70.0	87.0	21.0	24.0	81.0	
70.0	61.0	0.0	34.0	78.0	
25.0	64.0	17.0	4.0	57.0	
35.0	86.0	10.0	58.0	107.0	
36.0	55.0	0.0	119.0	0.0	
65.0	108.0	24.0	30.0	88.0	
52.0	64.0	3.0	26.0	40.0	
77.0	88.0	16.0	42.0	68.0	
75.0	85.0	34.0	10.0	46.0	
18.0	108.0	85.0	0.0	120.0	
67.0	86.0	41.0	24.0	58.0	
68.0	111.0	24.0	43.0	72.0	
1.0	54.0	57.0	24.0	69.0	
52.0	90.0	20.0	51.0	72.0	
28.0	55.0	31.0	1.0	64.0	
55.0	85.0	32.0	60.0	100.0	
56.0	126.0	19.0	8.0	70.0	
96.0	63.0	56.0	104.0	0.0	
77.0	63.0	1.0	25.0	80.0	
45.0	71.0	14.0	15.0	59.0	

capacite_residuelle_X : 
87.0	98.0	136.0	96.0	94.0	
95.0	98.0	162.0	74.0	108.0	
111.0	107.0	149.0	126.0	124.0	
65.0	66.0	100.0	127.0	107.0	
75.0	59.0	0.0	116.0	0.0	
91.0	101.0	121.0	82.0	100.0	
111.0	131.0	160.0	98.0	102.0	
71.0	114.0	150.0	71.0	87.0	
117.0	121.0	131.0	73.0	123.0	
0.0	77.0	126.0	0.0	99.0	
107.0	56.0	163.0	89.0	74.0	
51.0	127.0	140.0	68.0	65.0	
102.0	87.0	175.0	123.0	112.0	
69.0	106.0	121.0	105.0	102.0	
120.0	112.0	123.0	130.0	105.0	
15.0	97.0	151.0	90.0	91.0	
78.0	113.0	133.0	102.0	38.0	
69.0	19.0	132.0	139.0	0.0	
79.0	130.0	154.0	64.0	118.0	
138.0	122.0	140.0	112.0	120.0	

capacite_residuelle_W : 
64.1	58.099999999999994	159.4	120.9	63.69999999999999	
71.19999999999999	83.19999999999999	214.2	82.3	77.1	
128.3	85.30000000000001	180.6	171.5	119.5	
75.0	26.799999999999997	131.7	117.6	46.19999999999999	
81.3	47.5	0.0	49.19999999999999	0.0	
75.80000000000001	43.400000000000006	141.4	99.69999999999999	62.69999999999999	
107.9	111.4	205.0	117.0	111.80000000000001	
42.0	73.1	182.6	73.4	66.1	
88.19999999999999	86.4	147.4	109.19999999999999	128.3	
25.199999999999996	16.099999999999994	88.1	0.0	31.5	
84.1	11.699999999999989	174.5	111.80000000000001	60.400000000000006	
31.900000000000006	62.19999999999999	167.3	65.8	36.5	
146.9	76.5	170.5	148.5	92.80000000000001	
62.900000000000006	65.5	141.5	101.1	83.4	
136.4	106.80000000000001	134.6	180.6	83.30000000000001	
1.3999999999999986	61.80000000000001	169.4	73.5	38.69999999999999	
64.6	36.80000000000001	156.3	139.9	10.299999999999997	
25.5	4.599999999999994	124.9	88.4	0.0	
50.599999999999994	116.80000000000001	205.5	82.19999999999999	81.19999999999999	
146.1	98.1	172.2	148.3	114.1	

min_capacite_X : 
148.0	141.0	141.0	139.0	0.0	148.0	148.0	148.0	154.0	0.0	139.0	136.0	145.0	135.0	141.0	138.0	141.0	0.0	144.0	154.0	

min_capacite_W : 
134.1	116.3	149.3	110.0	0.0	129.7	143.0	115.4	119.19999999999999	0.0	97.69999999999999	99.9	130.5	114.9	147.3	56.4	80.3	0.0	107.19999999999999	163.3	

max_capacite_X : 
169.0	174.0	175.0	162.0	174.0	169.0	166.0	162.0	171.0	175.0	175.0	171.0	175.0	178.0	172.0	168.0	166.0	178.0	175.0	177.0	

max_capacite_W : 
180.4	214.2	197.6	175.6	168.2	165.4	208.0	198.6	181.4	173.1	215.5	191.3	227.5	161.5	181.6	201.4	175.3	192.4	206.5	191.1	

moy_capacite_X : 
158.8	156.0	156.8	152.2	92.0	162.0	157.4	156.8	163.0	126.6	153.0	153.8	160.8	157.6	153.8	155.2	148.6	135.6	158.2	167.2	

moy_capacite_W : 
149.84	154.2	170.44	138.66	77.6	147.6	167.61999999999998	145.64000000000001	161.9	98.38	143.7	136.34	168.04000000000002	147.88	164.14000000000001	135.35999999999999	137.38	112.47999999999999	156.45999999999998	176.56	

med_capacite_X : 
157.0	154.0	162.0	154.0	141.0	166.0	160.0	157.0	168.0	157.0	148.0	154.0	165.0	157.0	148.0	159.0	142.0	163.0	162.0	171.0	

med_capacite_W : 
144.9	144.2	175.5	141.7	102.5	150.7	159.9	134.1	171.4	124.1	135.8	108.8	161.8	155.4	164.4	138.7	147.9	121.5	161.2	173.1	

ecartType_capacite_X : 
6.99714227381436	10.564090116995406	13.6	7.652450587883597	75.9763120979164	7.8230428862431785	7.144228439796701	4.791659420284375	7.429670248402684	64.06434265642628	12.24744871391589	12.448293055676348	10.552724766618335	14.164744967700619	12.781236246936366	11.7881296226331	9.810198774744578	68.09581484937235	12.33531515608742	9.846826900072937	

ecartType_capacite_W : 
15.842676541544364	32.576740168408506	17.55375743252708	24.800612895652396	67.00444761357264	11.895713513698961	22.834570282797092	30.987390984076086	22.13251002484807	66.01482863720847	40.071186655750545	38.05430856026687	32.89131192275553	16.766681245851842	10.918901043603238	46.34965372038933	33.86581757465779	71.85517100390202	35.58278235326743	10.467014856204223	

var_capacite_X : 
48.959999999999994	111.6	184.95999999999998	58.56	5772.4	61.2	51.040000000000006	22.96	55.2	4104.24	150.0	154.96	111.35999999999999	200.64000000000001	163.36	138.95999999999998	96.24000000000002	4637.039999999999	152.16	96.96000000000001	

var_capacite_W : 
250.99040000000008	1061.2440000000001	308.13439999999974	615.0703999999998	4489.596	141.5080000000001	521.4176	960.2184	489.8480000000003	4357.9576	1605.7000000000003	1448.1304	1081.8384	281.12159999999983	119.22239999999988	2148.2904000000003	1146.8936000000006	5163.1656	1266.1344000000004	109.55839999999989	

covar_capacite_X : 
61.199999999999996	139.5	231.2	73.2	7215.5	76.5	63.80000000000001	28.7	69.0	5130.3	187.5	193.70000000000002	139.2	250.8	204.20000000000002	173.7	120.30000000000003	5796.299999999999	190.2	121.20000000000002	

covar_capacite_W : 
313.7380000000001	1326.555	385.16799999999967	768.8379999999999	5611.995	176.88500000000013	651.7719999999999	1200.273	612.3100000000004	5447.447	2007.1250000000002	1810.163	1352.298	351.4019999999998	149.02799999999985	2685.3630000000003	1433.6170000000006	6453.957	1582.6680000000003	136.94799999999987	

##########	##########	##########	##########	##########	##########	##########	##########	##########	##########	##########	##########	##########	##########	##########	##########	##########	##########	##########	##########	##########	##########	##########	##########	##########	##########	##########	##########	##########	##########	##########	##########	##########	##########	##########	##########	##########	##########	##########	##########	##########	##########	##########	##########	##########	##########	##########	##########	##########	##########	nombre de noeuds : 50
nombre de strates : 20
nombre de centres : 5
titre : fenetre
instances : p1_5
temps de calcul : 0.1123349666595459
valeur objective : 2187.0
nombre de solutions : 3
nombre de noeuds : 1.0
faisability : True
moy_distances :	53.73
min_distances :	1.0
max_distances :	119.0
var_distances :	623.2722272386505
covar_distances :	623.5267279439339
ecartType_distances :	24.96542063011658
coef_variation	: 0.46466171767009756
distances_centre_x :
-1.0	-1.0	6.0	-1.0	-1.0	-1.0	38.0	-1.0	23.0	-1.0	-1.0	11.0	-1.0	-1.0	29.0	-1.0	21.0	32.0	-1.0	27.0	25.0	-1.0	-1.0	-1.0	-1.0	-1.0	27.0	22.0	16.0	33.0	16.0	8.0	25.0	-1.0	12.0	33.0	28.0	-1.0	-1.0	21.0	-1.0	15.0	0.0	18.0	-1.0	-1.0	15.0	-1.0	-1.0	23.0	
-1.0	-1.0	6.0	-1.0	-1.0	-1.0	38.0	-1.0	23.0	-1.0	-1.0	11.0	-1.0	2.0	-1.0	-1.0	-1.0	32.0	-1.0	-1.0	25.0	-1.0	-1.0	24.0	-1.0	-1.0	27.0	22.0	-1.0	-1.0	-1.0	8.0	25.0	-1.0	12.0	33.0	28.0	-1.0	35.0	21.0	0.0	15.0	-1.0	18.0	21.0	-1.0	-1.0	-1.0	27.0	23.0	
-1.0	-1.0	6.0	-1.0	-1.0	18.0	38.0	-1.0	23.0	-1.0	-1.0	-1.0	7.0	-1.0	-1.0	-1.0	-1.0	32.0	-1.0	27.0	-1.0	-1.0	-1.0	-1.0	-1.0	-1.0	-1.0	-1.0	-1.0	-1.0	16.0	8.0	25.0	-1.0	12.0	33.0	28.0	-1.0	-1.0	21.0	0.0	-1.0	-1.0	18.0	-1.0	-1.0	-1.0	-1.0	27.0	23.0	
-1.0	-1.0	6.0	26.0	-1.0	18.0	38.0	-1.0	23.0	-1.0	-1.0	11.0	-1.0	-1.0	-1.0	26.0	21.0	-1.0	12.0	27.0	25.0	-1.0	16.0	24.0	-1.0	-1.0	-1.0	22.0	-1.0	-1.0	16.0	8.0	25.0	0.0	-1.0	33.0	28.0	-1.0	-1.0	21.0	-1.0	15.0	-1.0	-1.0	21.0	-1.0	-1.0	10.0	27.0	23.0	
-1.0	-1.0	-1.0	-1.0	-1.0	-1.0	-1.0	-1.0	-1.0	-1.0	-1.0	-1.0	-1.0	-1.0	-1.0	-1.0	-1.0	-1.0	-1.0	-1.0	-1.0	-1.0	-1.0	-1.0	-1.0	-1.0	-1.0	-1.0	-1.0	-1.0	-1.0	-1.0	-1.0	-1.0	-1.0	-1.0	-1.0	-1.0	-1.0	-1.0	-1.0	-1.0	-1.0	-1.0	-1.0	-1.0	-1.0	-1.0	-1.0	-1.0	
-1.0	-1.0	-1.0	36.0	-1.0	-1.0	-1.0	-1.0	23.0	-1.0	-1.0	11.0	-1.0	2.0	40.0	-1.0	-1.0	32.0	43.0	27.0	25.0	31.0	-1.0	-1.0	-1.0	-1.0	-1.0	-1.0	-1.0	-1.0	-1.0	8.0	25.0	0.0	12.0	33.0	35.0	-1.0	-1.0	21.0	-1.0	-1.0	-1.0	-1.0	-1.0	-1.0	-1.0	-1.0	-1.0	-1.0	
19.0	-1.0	6.0	-1.0	-1.0	-1.0	38.0	-1.0	23.0	-1.0	-1.0	11.0	7.0	2.0	-1.0	-1.0	-1.0	32.0	-1.0	27.0	25.0	-1.0	16.0	-1.0	-1.0	-1.0	27.0	-1.0	-1.0	-1.0	16.0	8.0	-1.0	-1.0	12.0	-1.0	28.0	-1.0	-1.0	-1.0	0.0	-1.0	-1.0	18.0	21.0	-1.0	-1.0	-1.0	27.0	23.0	
-1.0	-1.0	6.0	-1.0	-1.0	18.0	38.0	-1.0	23.0	-1.0	0.0	11.0	-1.0	2.0	29.0	-1.0	21.0	32.0	-1.0	27.0	25.0	-1.0	-1.0	24.0	-1.0	-1.0	-1.0	-1.0	16.0	-1.0	-1.0	8.0	25.0	-1.0	12.0	33.0	28.0	29.0	35.0	-1.0	-1.0	15.0	-1.0	18.0	21.0	-1.0	15.0	-1.0	-1.0	23.0	
-1.0	-1.0	6.0	-1.0	2.0	-1.0	38.0	-1.0	-1.0	-1.0	-1.0	11.0	-1.0	-1.0	29.0	26.0	-1.0	32.0	-1.0	-1.0	25.0	0.0	-1.0	-1.0	-1.0	9.0	-1.0	22.0	-1.0	-1.0	16.0	8.0	25.0	-1.0	-1.0	33.0	28.0	-1.0	35.0	21.0	0.0	-1.0	0.0	-1.0	21.0	-1.0	-1.0	-1.0	27.0	-1.0	
-1.0	-1.0	-1.0	-1.0	-1.0	-1.0	-1.0	-1.0	23.0	-1.0	-1.0	11.0	-1.0	-1.0	-1.0	-1.0	-1.0	-1.0	-1.0	27.0	-1.0	-1.0	-1.0	42.0	-1.0	-1.0	39.0	-1.0	-1.0	-1.0	-1.0	-1.0	-1.0	-1.0	12.0	-1.0	-1.0	-1.0	-1.0	21.0	-1.0	-1.0	0.0	-1.0	-1.0	-1.0	-1.0	-1.0	-1.0	-1.0	
19.0	-1.0	6.0	-1.0	-1.0	18.0	38.0	28.0	23.0	-1.0	0.0	11.0	7.0	-1.0	-1.0	-1.0	-1.0	32.0	12.0	27.0	25.0	0.0	-1.0	-1.0	-1.0	-1.0	27.0	22.0	16.0	-1.0	-1.0	8.0	25.0	-1.0	12.0	33.0	28.0	-1.0	35.0	21.0	0.0	-1.0	-1.0	-1.0	21.0	-1.0	-1.0	-1.0	-1.0	23.0	
-1.0	-1.0	6.0	-1.0	2.0	-1.0	38.0	28.0	23.0	-1.0	0.0	11.0	7.0	2.0	-1.0	-1.0	21.0	32.0	-1.0	27.0	25.0	-1.0	-1.0	-1.0	-1.0	9.0	27.0	-1.0	-1.0	33.0	16.0	8.0	25.0	-1.0	12.0	33.0	-1.0	29.0	35.0	-1.0	0.0	15.0	0.0	32.0	21.0	-1.0	-1.0	-1.0	27.0	23.0	
-1.0	-1.0	6.0	-1.0	-1.0	-1.0	-1.0	-1.0	23.0	-1.0	0.0	11.0	7.0	-1.0	-1.0	-1.0	21.0	32.0	-1.0	27.0	25.0	-1.0	-1.0	-1.0	-1.0	-1.0	27.0	22.0	16.0	-1.0	-1.0	-1.0	-1.0	-1.0	-1.0	33.0	28.0	-1.0	-1.0	21.0	-1.0	-1.0	0.0	18.0	21.0	-1.0	-1.0	-1.0	27.0	-1.0	
-1.0	-1.0	6.0	-1.0	-1.0	-1.0	38.0	-1.0	23.0	22.0	-1.0	11.0	7.0	-1.0	-1.0	-1.0	-1.0	32.0	12.0	27.0	25.0	-1.0	16.0	-1.0	-1.0	-1.0	27.0	22.0	-1.0	33.0	-1.0	8.0	25.0	-1.0	12.0	33.0	28.0	-1.0	-1.0	21.0	0.0	15.0	0.0	18.0	21.0	-1.0	-1.0	-1.0	-1.0	23.0	
-1.0	-1.0	6.0	-1.0	-1.0	18.0	38.0	28.0	23.0	-1.0	-1.0	11.0	-1.0	-1.0	-1.0	26.0	-1.0	-1.0	-1.0	-1.0	25.0	-1.0	-1.0	-1.0	-1.0	-1.0	-1.0	22.0	16.0	-1.0	16.0	8.0	-1.0	0.0	-1.0	33.0	28.0	-1.0	-1.0	21.0	0.0	-1.0	-1.0	18.0	-1.0	-1.0	-1.0	-1.0	27.0	23.0	
-1.0	15.0	6.0	-1.0	-1.0	-1.0	38.0	-1.0	23.0	-1.0	0.0	11.0	-1.0	-1.0	-1.0	26.0	21.0	32.0	12.0	27.0	25.0	-1.0	-1.0	-1.0	-1.0	-1.0	27.0	22.0	16.0	33.0	16.0	-1.0	25.0	-1.0	-1.0	33.0	-1.0	29.0	36.0	21.0	0.0	15.0	0.0	18.0	21.0	18.0	-1.0	-1.0	27.0	-1.0	
-1.0	15.0	-1.0	-1.0	-1.0	-1.0	38.0	28.0	23.0	-1.0	-1.0	11.0	-1.0	-1.0	-1.0	-1.0	-1.0	-1.0	12.0	27.0	25.0	-1.0	-1.0	-1.0	24.0	-1.0	-1.0	-1.0	-1.0	33.0	-1.0	8.0	-1.0	-1.0	12.0	33.0	28.0	29.0	35.0	21.0	0.0	-1.0	0.0	-1.0	21.0	-1.0	-1.0	10.0	27.0	-1.0	
-1.0	-1.0	-1.0	-1.0	-1.0	-1.0	-1.0	-1.0	-1.0	-1.0	-1.0	-1.0	-1.0	-1.0	-1.0	-1.0	-1.0	-1.0	-1.0	-1.0	-1.0	-1.0	-1.0	-1.0	-1.0	-1.0	-1.0	-1.0	-1.0	-1.0	-1.0	-1.0	-1.0	-1.0	-1.0	-1.0	-1.0	-1.0	-1.0	-1.0	-1.0	-1.0	-1.0	-1.0	-1.0	-1.0	-1.0	-1.0	-1.0	-1.0	
-1.0	-1.0	6.0	-1.0	-1.0	-1.0	38.0	-1.0	23.0	-1.0	-1.0	11.0	-1.0	2.0	29.0	-1.0	21.0	32.0	12.0	-1.0	25.0	-1.0	-1.0	-1.0	-1.0	-1.0	27.0	-1.0	-1.0	33.0	-1.0	8.0	25.0	-1.0	-1.0	33.0	28.0	-1.0	35.0	-1.0	-1.0	15.0	-1.0	-1.0	-1.0	-1.0	15.0	10.0	27.0	-1.0	
-1.0	-1.0	6.0	-1.0	-1.0	-1.0	38.0	-1.0	-1.0	-1.0	0.0	11.0	7.0	-1.0	29.0	-1.0	-1.0	32.0	-1.0	27.0	-1.0	-1.0	-1.0	-1.0	-1.0	-1.0	-1.0	22.0	-1.0	-1.0	-1.0	8.0	25.0	-1.0	12.0	33.0	28.0	-1.0	35.0	21.0	-1.0	-1.0	-1.0	18.0	-1.0	-1.0	-1.0	-1.0	27.0	-1.0	

distances_centre_w :
-1.0	-1.0	32.0	-1.0	-1.0	-1.0	53.0	-1.0	58.0	-1.0	-1.0	56.0	-1.0	-1.0	43.0	-1.0	54.0	40.0	-1.0	56.0	38.0	-1.0	-1.0	-1.0	-1.0	-1.0	39.0	45.0	43.0	40.0	40.0	29.0	55.0	-1.0	65.0	40.0	35.0	-1.0	-1.0	44.0	-1.0	40.0	63.0	32.0	-1.0	-1.0	35.0	-1.0	-1.0	44.0	
-1.0	-1.0	32.0	-1.0	-1.0	-1.0	53.0	-1.0	58.0	-1.0	-1.0	56.0	-1.0	37.0	-1.0	-1.0	-1.0	40.0	-1.0	-1.0	38.0	-1.0	-1.0	42.0	-1.0	-1.0	59.0	45.0	-1.0	-1.0	-1.0	29.0	64.0	-1.0	65.0	40.0	35.0	-1.0	36.0	44.0	35.0	40.0	-1.0	32.0	56.0	-1.0	-1.0	-1.0	45.0	44.0	
-1.0	-1.0	32.0	-1.0	-1.0	52.0	53.0	-1.0	58.0	-1.0	-1.0	-1.0	40.0	-1.0	-1.0	-1.0	-1.0	38.0	-1.0	56.0	-1.0	-1.0	-1.0	-1.0	-1.0	-1.0	-1.0	-1.0	-1.0	-1.0	40.0	29.0	55.0	-1.0	65.0	40.0	35.0	-1.0	-1.0	44.0	35.0	-1.0	-1.0	32.0	-1.0	-1.0	-1.0	-1.0	45.0	44.0	
-1.0	-1.0	32.0	36.0	-1.0	52.0	53.0	-1.0	58.0	-1.0	-1.0	56.0	-1.0	-1.0	-1.0	28.0	50.0	-1.0	43.0	56.0	38.0	-1.0	48.0	42.0	-1.0	-1.0	-1.0	45.0	-1.0	-1.0	40.0	29.0	25.0	31.0	-1.0	40.0	35.0	-1.0	-1.0	44.0	-1.0	40.0	-1.0	-1.0	56.0	-1.0	-1.0	23.0	45.0	44.0	
-1.0	-1.0	-1.0	-1.0	-1.0	-1.0	-1.0	-1.0	-1.0	-1.0	-1.0	-1.0	-1.0	-1.0	-1.0	-1.0	-1.0	-1.0	-1.0	-1.0	-1.0	-1.0	-1.0	-1.0	-1.0	-1.0	-1.0	-1.0	-1.0	-1.0	-1.0	-1.0	-1.0	-1.0	-1.0	-1.0	-1.0	-1.0	-1.0	-1.0	-1.0	-1.0	-1.0	-1.0	-1.0	-1.0	-1.0	-1.0	-1.0	-1.0	
-1.0	-1.0	32.0	78.0	-1.0	-1.0	73.0	-1.0	-1.0	-1.0	-1.0	-1.0	-1.0	-1.0	-1.0	-1.0	-1.0	50.0	74.0	84.0	-1.0	63.0	-1.0	-1.0	-1.0	-1.0	-1.0	-1.0	-1.0	40.0	-1.0	-1.0	84.0	80.0	-1.0	-1.0	59.0	63.0	-1.0	-1.0	-1.0	40.0	-1.0	-1.0	59.0	-1.0	-1.0	-1.0	-1.0	-1.0	
42.0	-1.0	32.0	-1.0	-1.0	-1.0	53.0	-1.0	58.0	-1.0	-1.0	56.0	40.0	37.0	-1.0	-1.0	-1.0	38.0	-1.0	56.0	38.0	-1.0	48.0	-1.0	-1.0	-1.0	39.0	-1.0	-1.0	-1.0	40.0	29.0	-1.0	-1.0	65.0	-1.0	35.0	-1.0	-1.0	-1.0	35.0	-1.0	-1.0	32.0	56.0	-1.0	-1.0	-1.0	45.0	44.0	
-1.0	-1.0	32.0	-1.0	-1.0	52.0	53.0	-1.0	58.0	-1.0	35.0	56.0	-1.0	37.0	40.0	-1.0	50.0	38.0	-1.0	56.0	38.0	-1.0	-1.0	42.0	-1.0	-1.0	-1.0	-1.0	43.0	-1.0	-1.0	29.0	55.0	-1.0	65.0	40.0	35.0	43.0	35.0	-1.0	-1.0	40.0	-1.0	51.0	56.0	-1.0	35.0	-1.0	-1.0	44.0	
-1.0	-1.0	32.0	-1.0	34.0	-1.0	53.0	-1.0	-1.0	-1.0	-1.0	56.0	-1.0	-1.0	40.0	28.0	-1.0	38.0	-1.0	-1.0	38.0	31.0	-1.0	-1.0	-1.0	23.0	-1.0	45.0	-1.0	-1.0	40.0	29.0	55.0	-1.0	-1.0	40.0	35.0	-1.0	35.0	44.0	35.0	-1.0	63.0	-1.0	56.0	-1.0	-1.0	-1.0	45.0	-1.0	
-1.0	-1.0	-1.0	-1.0	-1.0	-1.0	53.0	-1.0	-1.0	-1.0	-1.0	-1.0	-1.0	-1.0	-1.0	-1.0	-1.0	79.0	-1.0	-1.0	-1.0	-1.0	-1.0	-1.0	-1.0	-1.0	-1.0	-1.0	-1.0	40.0	-1.0	-1.0	-1.0	-1.0	-1.0	-1.0	-1.0	43.0	-1.0	-1.0	-1.0	-1.0	-1.0	-1.0	-1.0	-1.0	-1.0	-1.0	45.0	-1.0	
42.0	-1.0	32.0	-1.0	-1.0	52.0	53.0	63.0	58.0	-1.0	35.0	56.0	40.0	-1.0	-1.0	-1.0	-1.0	40.0	43.0	56.0	38.0	63.0	-1.0	-1.0	-1.0	-1.0	39.0	45.0	43.0	-1.0	-1.0	29.0	64.0	-1.0	65.0	40.0	35.0	-1.0	36.0	44.0	35.0	-1.0	-1.0	-1.0	56.0	-1.0	-1.0	-1.0	-1.0	44.0	
-1.0	-1.0	32.0	-1.0	34.0	-1.0	53.0	63.0	58.0	-1.0	35.0	56.0	40.0	37.0	-1.0	-1.0	50.0	38.0	-1.0	56.0	38.0	-1.0	-1.0	-1.0	-1.0	23.0	39.0	-1.0	-1.0	40.0	40.0	29.0	25.0	-1.0	65.0	40.0	-1.0	43.0	35.0	-1.0	35.0	40.0	63.0	51.0	56.0	-1.0	-1.0	-1.0	45.0	44.0	
-1.0	-1.0	32.0	-1.0	-1.0	-1.0	-1.0	-1.0	58.0	-1.0	35.0	56.0	63.0	-1.0	-1.0	-1.0	50.0	38.0	-1.0	56.0	38.0	-1.0	-1.0	-1.0	-1.0	-1.0	39.0	45.0	43.0	-1.0	-1.0	-1.0	-1.0	-1.0	-1.0	40.0	35.0	-1.0	-1.0	44.0	-1.0	-1.0	63.0	32.0	56.0	-1.0	-1.0	-1.0	45.0	-1.0	
-1.0	-1.0	32.0	-1.0	-1.0	-1.0	53.0	-1.0	58.0	50.0	-1.0	56.0	40.0	-1.0	-1.0	-1.0	-1.0	38.0	43.0	56.0	38.0	-1.0	48.0	-1.0	-1.0	-1.0	39.0	45.0	-1.0	40.0	-1.0	29.0	25.0	-1.0	65.0	40.0	35.0	-1.0	-1.0	44.0	35.0	40.0	63.0	32.0	56.0	-1.0	-1.0	-1.0	-1.0	44.0	
-1.0	-1.0	32.0	-1.0	-1.0	52.0	53.0	63.0	58.0	-1.0	-1.0	56.0	-1.0	-1.0	-1.0	28.0	-1.0	-1.0	-1.0	-1.0	38.0	-1.0	-1.0	-1.0	-1.0	-1.0	-1.0	45.0	43.0	-1.0	40.0	29.0	-1.0	31.0	-1.0	40.0	35.0	-1.0	-1.0	44.0	35.0	-1.0	-1.0	32.0	-1.0	-1.0	-1.0	-1.0	45.0	44.0	
-1.0	49.0	32.0	-1.0	-1.0	-1.0	53.0	-1.0	58.0	-1.0	35.0	56.0	-1.0	-1.0	-1.0	28.0	50.0	38.0	43.0	56.0	38.0	-1.0	-1.0	-1.0	-1.0	-1.0	39.0	45.0	43.0	40.0	40.0	-1.0	25.0	-1.0	-1.0	40.0	-1.0	43.0	52.0	44.0	35.0	40.0	63.0	32.0	56.0	36.0	-1.0	-1.0	45.0	-1.0	
-1.0	49.0	-1.0	-1.0	-1.0	-1.0	53.0	63.0	58.0	-1.0	-1.0	56.0	-1.0	-1.0	-1.0	-1.0	-1.0	-1.0	43.0	56.0	38.0	-1.0	-1.0	-1.0	51.0	-1.0	-1.0	-1.0	-1.0	40.0	-1.0	29.0	-1.0	-1.0	65.0	47.0	35.0	63.0	35.0	44.0	35.0	-1.0	63.0	-1.0	56.0	-1.0	-1.0	23.0	45.0	-1.0	
-1.0	-1.0	-1.0	-1.0	-1.0	-1.0	-1.0	-1.0	-1.0	-1.0	-1.0	-1.0	-1.0	-1.0	-1.0	-1.0	-1.0	-1.0	-1.0	-1.0	-1.0	-1.0	-1.0	-1.0	-1.0	-1.0	-1.0	-1.0	-1.0	-1.0	-1.0	-1.0	-1.0	-1.0	-1.0	-1.0	-1.0	-1.0	-1.0	-1.0	-1.0	-1.0	-1.0	-1.0	-1.0	-1.0	-1.0	-1.0	-1.0	-1.0	
-1.0	-1.0	32.0	-1.0	-1.0	-1.0	53.0	-1.0	58.0	-1.0	-1.0	56.0	-1.0	37.0	43.0	-1.0	54.0	40.0	51.0	-1.0	38.0	-1.0	-1.0	-1.0	-1.0	-1.0	50.0	-1.0	-1.0	40.0	-1.0	29.0	25.0	-1.0	-1.0	40.0	35.0	-1.0	36.0	-1.0	-1.0	40.0	-1.0	-1.0	-1.0	-1.0	35.0	23.0	48.0	-1.0	
-1.0	-1.0	32.0	-1.0	-1.0	-1.0	53.0	-1.0	-1.0	-1.0	35.0	56.0	40.0	-1.0	40.0	-1.0	-1.0	38.0	-1.0	56.0	-1.0	-1.0	-1.0	-1.0	-1.0	-1.0	-1.0	45.0	-1.0	-1.0	-1.0	29.0	25.0	-1.0	65.0	40.0	35.0	-1.0	52.0	44.0	-1.0	-1.0	-1.0	32.0	-1.0	-1.0	-1.0	-1.0	45.0	-1.0	

maxX :
38.0	38.0	38.0	38.0	nan	43.0	38.0	38.0	38.0	42.0	38.0	38.0	33.0	38.0	38.0	38.0	38.0	nan	38.0	38.0	

maxW :
65.0	65.0	65.0	58.0	nan	84.0	65.0	65.0	63.0	79.0	65.0	65.0	63.0	65.0	63.0	63.0	65.0	nan	58.0	65.0	

minX :
0.0	0.0	0.0	0.0	nan	0.0	0.0	0.0	0.0	0.0	0.0	0.0	0.0	0.0	0.0	0.0	0.0	nan	2.0	0.0	

minW :
29.0	29.0	29.0	23.0	nan	32.0	29.0	29.0	23.0	40.0	29.0	23.0	32.0	25.0	28.0	25.0	23.0	nan	23.0	25.0	

moyX :
20.96	20.695652173913043	20.11111111111111	20.076923076923077	nan	23.764705882352942	18.38095238095238	20.53846153846154	18.818181818181817	21.875	19.14814814814815	18.9	19.210526315789473	19.423076923076923	19.35	20.448275862068964	20.90909090909091	nan	21.666666666666668	21.055555555555557	

moyW :
44.76	44.56521739130435	44.05555555555556	41.88461538461539	nan	62.785714285714285	43.714285714285715	44.53846153846154	40.68181818181818	52.0	46.148148148148145	43.43333333333333	45.68421052631579	44.0	42.15	43.241379310344826	47.59090909090909	nan	41.095238095238095	42.333333333333336	

medX :
22.0	23.0	22.0	21.5	nan	25.0	19.0	22.0	21.5	22.0	21.0	22.0	21.0	21.5	21.5	21.0	23.5	nan	25.0	23.5	

medW :
43.0	42.0	42.0	42.5	nan	63.0	40.0	42.5	39.0	45.0	43.0	40.0	44.0	41.5	41.5	43.0	48.0	nan	40.0	40.0	

ecartTypeX :
9.101560305793727	10.088455660711775	10.109890036158152	8.466781592349266	nan	12.660867973984693	9.959327719117393	9.802789121276302	12.05908319912031	13.327016732937645	10.682986486668812	11.782331404833823	9.784945189144937	10.000665658318324	10.01636161487793	10.200020983401513	10.672433014373105	nan	10.315653077372195	10.987226028551024	

ecartTypeW :
9.782760346650631	10.42916515461838	10.019271553817463	9.88521398965656	nan	16.553715903206797	9.81322167934115	9.36536487124755	10.244228368990662	14.170391667134682	10.546910039696913	11.089584703174816	9.995012606710922	10.306831192503797	9.870536966143229	9.238805611765285	11.668368628316514	nan	9.73899751321245	10.397649306988148	

varX :
82.83840000000001	101.77693761814744	102.20987654320987	71.68639053254438	nan	160.2975778546713	99.18820861678006	96.09467455621301	145.42148760330576	177.609375	114.12620027434843	138.82333333333335	95.74515235457064	100.01331360946747	100.32750000000001	104.04042806183116	113.900826446281	nan	106.41269841269843	120.71913580246913	

varW :
95.7024	108.7674858223062	100.38580246913581	97.71745562130175	nan	274.0255102040816	96.29931972789116	87.71005917159763	104.94421487603307	200.8	111.23731138545953	122.97888888888887	99.90027700831025	106.23076923076923	97.4275	85.3555291319857	136.150826446281	nan	94.84807256235828	108.11111111111111	

covarX :
86.28999999999999	106.40316205533595	108.22222222222223	74.55384615384617	nan	170.31617647058823	104.14761904761905	99.93846153846152	152.34632034632034	202.98214285714283	118.51566951566957	143.61034482758623	101.0643274853801	104.01384615384616	105.60789473684211	107.75615763546799	119.32467532467535	nan	111.73333333333333	127.82026143790848	

covarW :
99.69	113.71146245059289	106.29084967320262	101.62615384615383	nan	295.1043956043956	101.11428571428571	91.21846153846154	109.94155844155844	251.0	115.51566951566952	127.21954022988504	105.45029239766082	110.48	102.55526315789473	88.40394088669949	142.63419913419912	nan	99.59047619047621	114.47058823529412	

coef_variationX :
0.43423474741382284	0.48746739537052697	0.5027017145051015	0.4217170908066684	nan	0.5327592959349995	0.541828710107423	0.47728935796476374	0.6408208463300649	0.6092350506485781	0.557912253655818	0.6234037780335356	0.5093533112157639	0.5148857566658939	0.5176414271254743	0.4988205877211533	0.5104207093830615	nan	0.4761070651094859	0.5218207612504444	

coef_variationW :
0.21856032946046988	0.23402029127436363	0.22742356616483522	0.23601061866948625	nan	0.26365417820807185	0.22448546325290214	0.21027589520935777	0.25181343476848556	0.27250753206028233	0.22854459957609685	0.2553242832657287	0.21878483816533126	0.2342461634659954	0.23417644047789393	0.21365658910780963	0.24518062065230498	nan	0.23698603450459033	0.24561376315720035	

moy_distances_centre :	69.7
min_distances_centre :	31.0
max_distances_centre :	99.0
med_distances_centre :	70.5
ecartType_distances_centre :	21.568727361622425
var_distances_centre :	465.2099999999999
covar_distances_centre :	489.69473684210527
coef_variation_distances_centre :	0.3094508947148124
capacite_X_temoin : 
157.0	172.0	148.0	163.0	169.0	
154.0	166.0	174.0	141.0	157.0	
141.0	145.0	162.0	165.0	175.0	
150.0	168.0	139.0	162.0	154.0	
141.0	163.0	0.0	174.0	0.0	
166.0	0.0	148.0	159.0	169.0	
163.0	135.0	160.0	150.0	166.0	
160.0	165.0	162.0	148.0	157.0	
154.0	156.0	168.0	154.0	171.0	
144.0	139.0	157.0	0.0	175.0	
147.0	150.0	175.0	156.0	148.0	
163.0	141.0	171.0	136.0	145.0	
153.0	178.0	175.0	165.0	166.0	
153.0	168.0	135.0	157.0	178.0	
148.0	159.0	142.0	172.0	141.0	
138.0	171.0	168.0	145.0	159.0	
142.0	145.0	141.0	153.0	141.0	
175.0	135.0	163.0	178.0	0.0	
162.0	142.0	175.0	144.0	144.0	
177.0	159.0	154.0	171.0	177.0	

capacite_W_temoin : 
134.1	150.6	192.4	164.9	126.69999999999999	
141.2	163.8	226.2	122.3	133.1	
153.3	161.5	210.6	175.5	156.5	
110.0	147.4	141.7	175.6	134.2	
117.3	102.9	0.0	191.2	0.0	
140.8	0.0	141.4	129.7	107.69999999999999	
159.9	158.5	208.0	143.0	151.8	
125.0	139.5	210.6	129.4	134.1	
163.2	112.8	195.4	148.2	174.3	
71.19999999999999	107.69999999999999	174.1	0.0	115.5	
151.1	121.0	227.5	135.8	97.4	
98.9	142.3	205.3	109.8	108.5	
147.9	192.4	227.5	172.5	142.8	
114.9	164.4	175.5	152.1	136.4	
164.4	172.7	165.6	181.6	127.3	
56.4	160.3	214.4	133.5	118.69999999999999	
120.6	157.5	175.3	147.9	58.3	
121.5	47.5	177.9	180.4	0.0	
127.6	122.6	206.5	133.2	161.2	
191.1	146.7	200.2	192.3	155.1	

demande_cumulee_X : 
70.0	73.0	0.0	47.0	93.0	
59.0	52.0	0.0	61.0	71.0	
30.0	27.0	0.0	39.0	71.0	
85.0	71.0	39.0	35.0	66.0	
66.0	109.0	0.0	35.0	0.0	
75.0	0.0	51.0	77.0	112.0	
52.0	17.0	0.0	52.0	64.0	
83.0	75.0	0.0	63.0	70.0	
37.0	90.0	23.0	52.0	48.0	
116.0	73.0	30.0	0.0	112.0	
40.0	74.0	0.0	67.0	95.0	
113.0	41.0	17.0	67.0	80.0	
51.0	39.0	0.0	42.0	73.0	
84.0	54.0	0.0	52.0	95.0	
28.0	34.0	19.0	42.0	56.0	
123.0	62.0	4.0	55.0	88.0	
64.0	31.0	8.0	51.0	125.0	
106.0	128.0	34.0	51.0	0.0	
83.0	62.0	21.0	54.0	26.0	
39.0	60.0	0.0	30.0	75.0	

demande_cumulee_W : 
54.0	106.0	21.0	51.0	51.0	
64.0	86.0	3.0	34.0	56.0	
13.0	97.0	3.0	17.0	37.0	
22.0	118.0	25.0	42.0	89.0	
33.0	82.0	0.0	95.0	0.0	
136.0	0.0	39.0	94.0	46.0	
40.0	76.0	3.0	26.0	40.0	
28.0	105.0	16.0	74.0	68.0	
27.0	96.0	28.0	53.0	46.0	
58.0	107.0	99.0	0.0	67.0	
63.0	111.0	37.0	24.0	41.0	
35.0	130.0	38.0	43.0	72.0	
16.0	99.0	16.0	21.0	53.0	
28.0	119.0	34.0	45.0	59.0	
28.0	89.0	17.0	1.0	44.0	
27.0	120.0	59.0	46.0	80.0	
34.0	134.0	35.0	18.0	58.0	
118.0	34.0	63.0	104.0	0.0	
68.0	72.0	1.0	40.0	65.0	
4.0	101.0	21.0	37.0	41.0	

capacite_residuelle_X : 
87.0	99.0	148.0	116.0	76.0	
95.0	114.0	174.0	80.0	86.0	
111.0	118.0	162.0	126.0	104.0	
65.0	97.0	100.0	127.0	88.0	
75.0	54.0	0.0	139.0	0.0	
91.0	0.0	97.0	82.0	57.0	
111.0	118.0	160.0	98.0	102.0	
77.0	90.0	162.0	85.0	87.0	
117.0	66.0	145.0	102.0	123.0	
28.0	66.0	127.0	0.0	63.0	
107.0	76.0	175.0	89.0	53.0	
50.0	100.0	154.0	69.0	65.0	
102.0	139.0	175.0	123.0	93.0	
69.0	114.0	135.0	105.0	83.0	
120.0	125.0	123.0	130.0	85.0	
15.0	109.0	164.0	90.0	71.0	
78.0	114.0	133.0	102.0	16.0	
69.0	7.0	129.0	127.0	0.0	
79.0	80.0	154.0	90.0	118.0	
138.0	99.0	154.0	141.0	102.0	

capacite_residuelle_W : 
80.1	44.599999999999994	171.4	113.9	75.69999999999999	
77.19999999999999	77.80000000000001	223.2	88.3	77.1	
140.3	64.5	207.6	158.5	119.5	
88.0	29.400000000000006	116.69999999999999	133.6	45.19999999999999	
84.3	20.900000000000006	0.0	96.19999999999999	0.0	
4.800000000000011	0.0	102.4	35.69999999999999	61.69999999999999	
119.9	82.5	205.0	117.0	111.80000000000001	
97.0	34.5	194.6	55.400000000000006	66.1	
136.2	16.799999999999997	167.4	95.19999999999999	128.3	
13.199999999999989	0.6999999999999886	75.1	0.0	48.5	
88.1	10.0	190.5	111.80000000000001	56.400000000000006	
63.900000000000006	12.300000000000011	167.3	66.8	36.5	
131.9	93.4	211.5	151.5	89.80000000000001	
86.9	45.400000000000006	141.5	107.1	77.4	
136.4	83.69999999999999	148.6	180.6	83.3	
29.4	40.30000000000001	155.4	87.5	38.69999999999999	
86.6	23.5	140.3	129.9	0.29999999999999716	
3.5	13.5	114.9	76.4	0.0	
59.599999999999994	50.599999999999994	205.5	93.19999999999999	96.19999999999999	
187.1	45.69999999999999	179.2	155.3	114.1	

min_capacite_X : 
148.0	141.0	141.0	139.0	0.0	0.0	135.0	148.0	154.0	0.0	147.0	136.0	153.0	135.0	141.0	138.0	141.0	0.0	142.0	154.0	

min_capacite_W : 
126.69999999999999	122.3	153.3	110.0	0.0	0.0	143.0	125.0	112.8	0.0	97.4	98.9	142.8	114.9	127.3	56.4	58.3	0.0	122.6	146.7	

max_capacite_X : 
172.0	174.0	175.0	168.0	174.0	169.0	166.0	165.0	171.0	175.0	175.0	171.0	178.0	178.0	172.0	171.0	153.0	178.0	175.0	177.0	

max_capacite_W : 
192.4	226.2	210.6	175.6	191.2	141.4	208.0	210.6	195.4	174.1	227.5	205.3	227.5	175.5	181.6	214.4	175.3	180.4	206.5	200.2	

moy_capacite_X : 
161.8	158.4	157.6	154.6	95.6	128.4	154.8	158.4	160.6	123.0	155.2	151.2	167.4	158.2	152.4	156.2	144.4	130.2	153.4	167.6	

moy_capacite_W : 
153.74	157.32	171.48	141.77999999999997	82.28	103.92	164.24	147.72	158.77999999999997	93.7	146.56	132.95999999999998	176.61999999999998	148.66	162.32	136.66	131.92000000000002	105.46	150.21999999999997	177.07999999999998	

med_capacite_X : 
163.0	157.0	162.0	154.0	141.0	159.0	160.0	160.0	156.0	144.0	150.0	145.0	166.0	157.0	148.0	159.0	142.0	163.0	144.0	171.0	

med_capacite_W : 
150.6	141.2	161.5	141.7	102.9	129.7	158.5	134.1	163.2	107.69999999999999	135.8	109.8	172.5	152.1	165.6	133.5	147.9	121.5	133.2	191.1	

ecartType_capacite_X : 
8.611620056644394	11.18212859879549	12.737346662472527	9.991996797437437	78.77715404861996	64.60526294350949	11.26765281680262	5.817215828899594	7.364781055808788	62.747111487302746	10.380751417888785	13.452137376640188	8.777243302996677	14.524462124292244	11.706408501329518	12.82809416865966	4.5431266766402185	66.84728865107394	13.016912076218384	9.457272334029511	

ecartType_capacite_W : 
23.434555681727794	37.03865008339262	20.98117251251702	21.17927288648031	73.55970092380745	53.37255474492485	22.68308620977313	31.808137323647227	27.667771865475547	57.3085333959961	44.17621984733415	39.025817095866174	31.059259488918915	21.30733207137862	18.552347560349336	51.72344149416201	40.84009794307551	71.55698708022858	31.15191165883725	21.766065331152532	

var_capacite_X : 
74.16000000000001	125.04	162.24	99.84	6205.840000000001	4173.84	126.96000000000001	33.839999999999996	54.239999999999995	3937.2	107.76000000000002	180.95999999999998	77.04	210.95999999999998	137.04000000000002	164.56	20.639999999999997	4468.5599999999995	169.44	89.44000000000001	

var_capacite_W : 
549.1784000000004	1371.8616	440.2095999999998	448.5615999999999	5411.0296	2848.6296	514.5224	1011.7575999999997	765.5056000000002	3284.268	1951.5384	1523.0144000000005	964.6775999999998	454.00239999999997	344.1896	2675.3144	1667.9136000000005	5120.402400000001	970.4416000000001	473.76160000000016	

covar_capacite_X : 
92.70000000000002	156.3	202.8	124.80000000000001	7757.300000000001	5217.3	158.70000000000002	42.3	67.8	4921.5	134.70000000000002	226.2	96.30000000000001	263.7	171.3	205.7	25.799999999999997	5585.7	211.8	111.80000000000001	

covar_capacite_W : 
686.4730000000004	1714.827	550.2619999999997	560.7019999999999	6763.786999999999	3560.7870000000003	643.1529999999999	1264.6969999999997	956.8820000000003	4105.335	2439.423	1903.7680000000005	1205.8469999999998	567.5029999999999	430.23699999999997	3344.1430000000005	2084.8920000000007	6400.503000000001	1213.0520000000001	592.2020000000002	

##########	##########	##########	##########	##########	##########	##########	##########	##########	##########	##########	##########	##########	##########	##########	##########	##########	##########	##########	##########	##########	##########	##########	##########	##########	##########	##########	##########	##########	##########	##########	##########	##########	##########	##########	##########	##########	##########	##########	##########	##########	##########	##########	##########	##########	##########	##########	##########	##########	##########	nombre de noeuds : 50
nombre de strates : 20
nombre de centres : 5
titre : fenetre
instances : p1_5
temps de calcul : 0.1001291275024414
valeur objective : 2617.0
nombre de solutions : 3
nombre de noeuds : 1.0
faisability : True
moy_distances :	53.73
min_distances :	1.0
max_distances :	119.0
var_distances :	623.2722272386505
covar_distances :	623.5267279439339
ecartType_distances :	24.96542063011658
coef_variation	: 0.46466171767009756
distances_centre_x :
-1.0	-1.0	-1.0	-1.0	-1.0	-1.0	-1.0	-1.0	17.0	-1.0	-1.0	12.0	-1.0	-1.0	-1.0	-1.0	-1.0	-1.0	-1.0	18.0	-1.0	-1.0	-1.0	-1.0	-1.0	-1.0	-1.0	24.0	-1.0	-1.0	-1.0	-1.0	-1.0	-1.0	21.0	-1.0	16.0	-1.0	-1.0	0.0	-1.0	-1.0	21.0	-1.0	-1.0	-1.0	-1.0	-1.0	-1.0	-1.0	
-1.0	-1.0	-1.0	-1.0	-1.0	-1.0	-1.0	-1.0	-1.0	-1.0	-1.0	-1.0	-1.0	-1.0	-1.0	-1.0	-1.0	-1.0	-1.0	-1.0	-1.0	-1.0	-1.0	-1.0	-1.0	-1.0	-1.0	-1.0	-1.0	-1.0	-1.0	-1.0	-1.0	-1.0	-1.0	-1.0	-1.0	-1.0	-1.0	-1.0	-1.0	-1.0	-1.0	-1.0	-1.0	-1.0	-1.0	-1.0	-1.0	-1.0	
-1.0	-1.0	39.0	-1.0	-1.0	22.0	19.0	-1.0	17.0	-1.0	-1.0	-1.0	26.0	-1.0	-1.0	-1.0	-1.0	24.0	-1.0	18.0	-1.0	-1.0	-1.0	-1.0	-1.0	-1.0	-1.0	-1.0	-1.0	-1.0	-1.0	49.0	0.0	-1.0	21.0	22.0	16.0	-1.0	-1.0	0.0	55.0	-1.0	-1.0	38.0	-1.0	-1.0	-1.0	-1.0	17.0	32.0	
-1.0	-1.0	39.0	18.0	-1.0	22.0	19.0	-1.0	17.0	-1.0	-1.0	12.0	-1.0	-1.0	-1.0	3.0	12.0	-1.0	12.0	18.0	30.0	-1.0	32.0	21.0	-1.0	-1.0	-1.0	22.0	-1.0	-1.0	40.0	49.0	0.0	9.0	-1.0	22.0	16.0	-1.0	-1.0	0.0	-1.0	41.0	-1.0	-1.0	19.0	-1.0	-1.0	7.0	17.0	32.0	
-1.0	-1.0	39.0	-1.0	-1.0	22.0	19.0	24.0	17.0	-1.0	-1.0	12.0	-1.0	-1.0	20.0	-1.0	-1.0	24.0	-1.0	-1.0	-1.0	-1.0	-1.0	-1.0	-1.0	-1.0	-1.0	22.0	-1.0	0.0	16.0	-1.0	0.0	-1.0	-1.0	22.0	16.0	-1.0	27.0	0.0	-1.0	41.0	-1.0	38.0	19.0	-1.0	-1.0	-1.0	-1.0	32.0	
-1.0	-1.0	39.0	18.0	-1.0	-1.0	19.0	-1.0	17.0	-1.0	-1.0	12.0	-1.0	57.0	20.0	-1.0	-1.0	24.0	32.0	18.0	30.0	23.0	-1.0	-1.0	-1.0	-1.0	-1.0	-1.0	-1.0	0.0	-1.0	49.0	0.0	9.0	21.0	22.0	16.0	3.0	-1.0	0.0	-1.0	41.0	-1.0	-1.0	19.0	-1.0	-1.0	-1.0	-1.0	-1.0	
36.0	-1.0	39.0	-1.0	-1.0	-1.0	19.0	-1.0	17.0	-1.0	-1.0	12.0	26.0	57.0	-1.0	-1.0	-1.0	24.0	-1.0	18.0	30.0	-1.0	32.0	-1.0	-1.0	-1.0	25.0	-1.0	-1.0	-1.0	16.0	49.0	-1.0	-1.0	21.0	-1.0	16.0	-1.0	-1.0	-1.0	55.0	-1.0	-1.0	38.0	19.0	-1.0	-1.0	-1.0	17.0	32.0	
-1.0	-1.0	39.0	-1.0	-1.0	22.0	19.0	-1.0	17.0	-1.0	33.0	12.0	-1.0	57.0	20.0	-1.0	12.0	24.0	-1.0	18.0	30.0	-1.0	-1.0	21.0	-1.0	-1.0	-1.0	-1.0	16.0	-1.0	-1.0	49.0	0.0	-1.0	21.0	22.0	16.0	3.0	27.0	-1.0	-1.0	41.0	-1.0	38.0	19.0	-1.0	15.0	-1.0	-1.0	51.0	
-1.0	-1.0	39.0	-1.0	2.0	-1.0	19.0	-1.0	-1.0	-1.0	-1.0	12.0	-1.0	-1.0	20.0	3.0	-1.0	24.0	-1.0	-1.0	30.0	0.0	-1.0	-1.0	-1.0	0.0	-1.0	22.0	-1.0	-1.0	16.0	49.0	0.0	-1.0	-1.0	22.0	16.0	-1.0	27.0	0.0	55.0	-1.0	21.0	-1.0	19.0	-1.0	-1.0	-1.0	17.0	-1.0	
-1.0	-1.0	-1.0	-1.0	-1.0	-1.0	-1.0	-1.0	-1.0	-1.0	-1.0	-1.0	-1.0	-1.0	-1.0	-1.0	-1.0	-1.0	-1.0	-1.0	-1.0	-1.0	-1.0	-1.0	-1.0	-1.0	-1.0	-1.0	-1.0	-1.0	-1.0	-1.0	-1.0	-1.0	-1.0	-1.0	-1.0	-1.0	-1.0	-1.0	-1.0	-1.0	-1.0	-1.0	-1.0	-1.0	-1.0	-1.0	-1.0	-1.0	
36.0	-1.0	39.0	-1.0	-1.0	22.0	19.0	24.0	17.0	-1.0	33.0	12.0	26.0	-1.0	-1.0	-1.0	-1.0	24.0	-1.0	18.0	30.0	-1.0	-1.0	-1.0	-1.0	-1.0	25.0	-1.0	-1.0	-1.0	-1.0	49.0	0.0	-1.0	21.0	22.0	16.0	-1.0	27.0	0.0	55.0	-1.0	-1.0	-1.0	19.0	-1.0	-1.0	-1.0	-1.0	32.0	
-1.0	-1.0	39.0	-1.0	2.0	-1.0	19.0	24.0	17.0	-1.0	33.0	12.0	26.0	57.0	-1.0	-1.0	12.0	24.0	-1.0	18.0	30.0	-1.0	-1.0	-1.0	-1.0	0.0	25.0	-1.0	-1.0	0.0	40.0	49.0	0.0	-1.0	21.0	22.0	-1.0	3.0	49.0	-1.0	55.0	41.0	21.0	38.0	19.0	-1.0	-1.0	-1.0	17.0	32.0	
-1.0	-1.0	39.0	-1.0	-1.0	-1.0	-1.0	-1.0	17.0	-1.0	33.0	12.0	26.0	-1.0	-1.0	-1.0	12.0	24.0	-1.0	18.0	30.0	-1.0	-1.0	-1.0	-1.0	-1.0	25.0	22.0	16.0	-1.0	-1.0	-1.0	-1.0	-1.0	-1.0	22.0	16.0	-1.0	-1.0	0.0	-1.0	-1.0	21.0	38.0	19.0	-1.0	-1.0	-1.0	17.0	-1.0	
-1.0	-1.0	39.0	-1.0	-1.0	-1.0	19.0	-1.0	17.0	11.0	-1.0	12.0	26.0	-1.0	-1.0	-1.0	-1.0	24.0	12.0	18.0	30.0	-1.0	32.0	-1.0	-1.0	-1.0	27.0	22.0	-1.0	0.0	-1.0	49.0	0.0	-1.0	21.0	22.0	16.0	-1.0	-1.0	0.0	55.0	41.0	21.0	51.0	19.0	-1.0	-1.0	-1.0	-1.0	32.0	
-1.0	-1.0	-1.0	-1.0	-1.0	22.0	-1.0	24.0	17.0	-1.0	-1.0	12.0	-1.0	-1.0	-1.0	-1.0	-1.0	-1.0	-1.0	-1.0	-1.0	-1.0	-1.0	-1.0	-1.0	-1.0	-1.0	-1.0	-1.0	-1.0	-1.0	-1.0	-1.0	-1.0	-1.0	-1.0	16.0	-1.0	-1.0	0.0	-1.0	-1.0	-1.0	-1.0	-1.0	-1.0	-1.0	-1.0	-1.0	-1.0	
-1.0	6.0	39.0	-1.0	-1.0	-1.0	19.0	-1.0	17.0	-1.0	33.0	12.0	-1.0	-1.0	-1.0	3.0	12.0	24.0	12.0	18.0	30.0	-1.0	-1.0	-1.0	-1.0	-1.0	25.0	22.0	16.0	0.0	16.0	-1.0	0.0	-1.0	-1.0	22.0	-1.0	3.0	35.0	0.0	55.0	41.0	21.0	38.0	19.0	47.0	-1.0	-1.0	17.0	-1.0	
-1.0	6.0	-1.0	-1.0	-1.0	-1.0	19.0	24.0	17.0	-1.0	-1.0	12.0	-1.0	-1.0	-1.0	-1.0	-1.0	-1.0	-1.0	18.0	30.0	-1.0	-1.0	-1.0	18.0	-1.0	-1.0	-1.0	-1.0	0.0	-1.0	49.0	-1.0	-1.0	21.0	22.0	16.0	3.0	-1.0	0.0	55.0	-1.0	21.0	-1.0	19.0	-1.0	-1.0	17.0	17.0	-1.0	
-1.0	-1.0	68.0	-1.0	-1.0	22.0	64.0	24.0	17.0	-1.0	64.0	12.0	-1.0	-1.0	-1.0	3.0	-1.0	-1.0	-1.0	18.0	30.0	-1.0	76.0	-1.0	-1.0	-1.0	-1.0	-1.0	25.0	46.0	-1.0	-1.0	0.0	-1.0	21.0	22.0	51.0	-1.0	-1.0	0.0	55.0	78.0	-1.0	-1.0	64.0	-1.0	-1.0	-1.0	43.0	32.0	
-1.0	-1.0	39.0	-1.0	-1.0	-1.0	19.0	-1.0	17.0	-1.0	-1.0	12.0	-1.0	57.0	20.0	-1.0	12.0	24.0	12.0	-1.0	30.0	-1.0	-1.0	-1.0	-1.0	-1.0	27.0	-1.0	-1.0	0.0	-1.0	49.0	0.0	-1.0	-1.0	22.0	16.0	-1.0	27.0	-1.0	-1.0	41.0	-1.0	-1.0	-1.0	-1.0	15.0	7.0	17.0	-1.0	
-1.0	-1.0	39.0	-1.0	-1.0	-1.0	19.0	-1.0	-1.0	-1.0	33.0	12.0	26.0	-1.0	20.0	-1.0	-1.0	24.0	-1.0	18.0	-1.0	-1.0	-1.0	-1.0	-1.0	-1.0	-1.0	22.0	-1.0	-1.0	-1.0	49.0	0.0	-1.0	21.0	22.0	16.0	-1.0	27.0	0.0	-1.0	-1.0	-1.0	38.0	-1.0	-1.0	-1.0	-1.0	17.0	-1.0	

distances_centre_w :
-1.0	-1.0	-1.0	-1.0	-1.0	-1.0	64.0	-1.0	-1.0	-1.0	-1.0	-1.0	-1.0	-1.0	60.0	-1.0	53.0	-1.0	-1.0	-1.0	-1.0	-1.0	-1.0	-1.0	-1.0	-1.0	-1.0	-1.0	-1.0	46.0	-1.0	-1.0	-1.0	-1.0	-1.0	-1.0	-1.0	-1.0	-1.0	-1.0	-1.0	-1.0	-1.0	-1.0	-1.0	-1.0	-1.0	-1.0	-1.0	-1.0	
-1.0	-1.0	-1.0	-1.0	-1.0	-1.0	-1.0	-1.0	-1.0	-1.0	-1.0	-1.0	-1.0	-1.0	-1.0	-1.0	-1.0	-1.0	-1.0	-1.0	-1.0	-1.0	-1.0	-1.0	-1.0	-1.0	-1.0	-1.0	-1.0	-1.0	-1.0	-1.0	-1.0	-1.0	-1.0	-1.0	-1.0	-1.0	-1.0	-1.0	-1.0	-1.0	-1.0	-1.0	-1.0	-1.0	-1.0	-1.0	-1.0	-1.0	
-1.0	-1.0	68.0	-1.0	-1.0	-1.0	64.0	-1.0	-1.0	-1.0	-1.0	-1.0	61.0	-1.0	-1.0	-1.0	-1.0	-1.0	-1.0	-1.0	-1.0	-1.0	-1.0	-1.0	-1.0	-1.0	-1.0	-1.0	-1.0	-1.0	40.0	59.0	-1.0	-1.0	52.0	-1.0	-1.0	-1.0	-1.0	-1.0	66.0	-1.0	-1.0	-1.0	-1.0	-1.0	-1.0	-1.0	43.0	-1.0	
-1.0	-1.0	68.0	26.0	-1.0	25.0	64.0	-1.0	58.0	-1.0	-1.0	46.0	-1.0	-1.0	-1.0	25.0	53.0	-1.0	32.0	56.0	44.0	-1.0	76.0	24.0	-1.0	-1.0	-1.0	24.0	-1.0	-1.0	67.0	59.0	24.0	25.0	-1.0	40.0	28.0	-1.0	-1.0	44.0	-1.0	78.0	-1.0	-1.0	64.0	-1.0	-1.0	17.0	43.0	51.0	
-1.0	-1.0	68.0	-1.0	-1.0	25.0	64.0	63.0	58.0	-1.0	-1.0	46.0	-1.0	-1.0	29.0	-1.0	-1.0	38.0	-1.0	-1.0	-1.0	-1.0	-1.0	-1.0	-1.0	-1.0	-1.0	24.0	-1.0	46.0	35.0	-1.0	25.0	-1.0	-1.0	40.0	28.0	-1.0	35.0	44.0	-1.0	78.0	-1.0	51.0	64.0	-1.0	-1.0	-1.0	-1.0	51.0	
-1.0	-1.0	68.0	45.0	-1.0	-1.0	64.0	-1.0	59.0	-1.0	-1.0	46.0	-1.0	68.0	41.0	-1.0	-1.0	57.0	34.0	62.0	54.0	44.0	-1.0	-1.0	-1.0	-1.0	-1.0	-1.0	-1.0	46.0	-1.0	59.0	67.0	74.0	52.0	46.0	46.0	48.0	-1.0	46.0	-1.0	78.0	-1.0	-1.0	64.0	-1.0	-1.0	-1.0	-1.0	-1.0	
60.0	-1.0	68.0	-1.0	-1.0	-1.0	64.0	-1.0	58.0	-1.0	-1.0	56.0	61.0	68.0	-1.0	-1.0	-1.0	48.0	-1.0	56.0	54.0	-1.0	76.0	-1.0	-1.0	-1.0	51.0	-1.0	-1.0	-1.0	67.0	62.0	-1.0	-1.0	52.0	-1.0	46.0	-1.0	-1.0	-1.0	66.0	-1.0	-1.0	51.0	64.0	-1.0	-1.0	-1.0	43.0	57.0	
-1.0	-1.0	68.0	-1.0	-1.0	25.0	64.0	-1.0	58.0	-1.0	64.0	46.0	-1.0	68.0	29.0	-1.0	53.0	38.0	-1.0	56.0	44.0	-1.0	-1.0	24.0	-1.0	-1.0	-1.0	-1.0	25.0	-1.0	-1.0	59.0	24.0	-1.0	52.0	40.0	28.0	48.0	49.0	-1.0	-1.0	78.0	-1.0	51.0	64.0	-1.0	26.0	-1.0	-1.0	68.0	
-1.0	-1.0	68.0	-1.0	25.0	-1.0	64.0	-1.0	-1.0	-1.0	-1.0	46.0	-1.0	-1.0	29.0	25.0	-1.0	38.0	-1.0	-1.0	44.0	23.0	-1.0	-1.0	-1.0	23.0	-1.0	24.0	-1.0	-1.0	35.0	59.0	24.0	-1.0	-1.0	40.0	28.0	-1.0	35.0	44.0	66.0	-1.0	40.0	-1.0	64.0	-1.0	-1.0	-1.0	43.0	-1.0	
-1.0	-1.0	-1.0	-1.0	-1.0	-1.0	-1.0	-1.0	-1.0	-1.0	-1.0	-1.0	-1.0	-1.0	-1.0	-1.0	-1.0	-1.0	-1.0	-1.0	-1.0	-1.0	-1.0	-1.0	-1.0	-1.0	-1.0	-1.0	-1.0	-1.0	-1.0	-1.0	-1.0	-1.0	-1.0	-1.0	-1.0	-1.0	-1.0	-1.0	-1.0	-1.0	-1.0	-1.0	-1.0	-1.0	-1.0	-1.0	-1.0	-1.0	
-1.0	-1.0	68.0	-1.0	-1.0	25.0	64.0	-1.0	-1.0	-1.0	64.0	46.0	63.0	-1.0	-1.0	-1.0	-1.0	-1.0	32.0	-1.0	-1.0	25.0	-1.0	-1.0	-1.0	-1.0	37.0	47.0	25.0	-1.0	-1.0	59.0	-1.0	-1.0	52.0	-1.0	-1.0	-1.0	-1.0	-1.0	66.0	-1.0	-1.0	-1.0	64.0	-1.0	-1.0	-1.0	-1.0	-1.0	
-1.0	-1.0	68.0	-1.0	25.0	-1.0	64.0	63.0	58.0	-1.0	64.0	46.0	61.0	68.0	-1.0	-1.0	53.0	38.0	-1.0	56.0	44.0	-1.0	-1.0	-1.0	-1.0	23.0	37.0	-1.0	-1.0	46.0	67.0	62.0	24.0	-1.0	52.0	40.0	-1.0	48.0	49.0	-1.0	66.0	78.0	40.0	51.0	64.0	-1.0	-1.0	-1.0	43.0	51.0	
-1.0	-1.0	68.0	-1.0	-1.0	-1.0	-1.0	-1.0	58.0	-1.0	64.0	46.0	61.0	-1.0	-1.0	-1.0	53.0	38.0	-1.0	56.0	44.0	-1.0	-1.0	-1.0	-1.0	-1.0	37.0	41.0	25.0	-1.0	-1.0	-1.0	-1.0	-1.0	-1.0	40.0	46.0	-1.0	-1.0	65.0	-1.0	-1.0	40.0	51.0	64.0	-1.0	-1.0	-1.0	43.0	-1.0	
-1.0	-1.0	68.0	-1.0	-1.0	-1.0	64.0	-1.0	59.0	53.0	-1.0	46.0	61.0	-1.0	-1.0	-1.0	-1.0	38.0	32.0	56.0	44.0	-1.0	76.0	-1.0	-1.0	-1.0	51.0	24.0	-1.0	63.0	-1.0	59.0	24.0	-1.0	52.0	40.0	28.0	-1.0	-1.0	44.0	66.0	78.0	40.0	62.0	73.0	-1.0	-1.0	-1.0	-1.0	51.0	
-1.0	-1.0	-1.0	-1.0	-1.0	-1.0	64.0	-1.0	-1.0	-1.0	-1.0	-1.0	-1.0	-1.0	-1.0	-1.0	-1.0	-1.0	-1.0	-1.0	-1.0	-1.0	-1.0	-1.0	-1.0	-1.0	-1.0	-1.0	-1.0	-1.0	-1.0	-1.0	-1.0	-1.0	-1.0	-1.0	-1.0	-1.0	-1.0	-1.0	-1.0	-1.0	-1.0	-1.0	-1.0	-1.0	-1.0	-1.0	43.0	-1.0	
-1.0	43.0	77.0	-1.0	-1.0	-1.0	64.0	-1.0	58.0	-1.0	64.0	46.0	-1.0	-1.0	-1.0	25.0	53.0	38.0	55.0	56.0	44.0	-1.0	-1.0	-1.0	-1.0	-1.0	27.0	41.0	25.0	46.0	31.0	-1.0	24.0	-1.0	-1.0	40.0	-1.0	48.0	60.0	44.0	66.0	78.0	63.0	51.0	73.0	78.0	-1.0	-1.0	43.0	-1.0	
-1.0	43.0	-1.0	-1.0	-1.0	-1.0	64.0	-1.0	-1.0	-1.0	-1.0	46.0	-1.0	-1.0	-1.0	-1.0	-1.0	-1.0	32.0	-1.0	-1.0	-1.0	-1.0	-1.0	37.0	-1.0	-1.0	-1.0	-1.0	46.0	-1.0	59.0	-1.0	-1.0	52.0	-1.0	-1.0	48.0	49.0	-1.0	66.0	-1.0	-1.0	-1.0	64.0	-1.0	-1.0	-1.0	43.0	-1.0	
-1.0	-1.0	-1.0	-1.0	-1.0	-1.0	-1.0	-1.0	82.0	-1.0	70.0	-1.0	-1.0	-1.0	-1.0	70.0	-1.0	-1.0	35.0	-1.0	-1.0	-1.0	80.0	-1.0	-1.0	-1.0	45.0	-1.0	43.0	73.0	-1.0	-1.0	-1.0	25.0	-1.0	-1.0	-1.0	-1.0	-1.0	-1.0	-1.0	-1.0	-1.0	-1.0	-1.0	-1.0	-1.0	-1.0	56.0	-1.0	
-1.0	-1.0	68.0	-1.0	-1.0	-1.0	64.0	-1.0	58.0	-1.0	-1.0	46.0	-1.0	68.0	29.0	-1.0	53.0	38.0	32.0	-1.0	44.0	-1.0	-1.0	-1.0	-1.0	-1.0	45.0	-1.0	-1.0	46.0	-1.0	59.0	24.0	-1.0	-1.0	40.0	28.0	-1.0	49.0	-1.0	-1.0	78.0	-1.0	-1.0	-1.0	-1.0	72.0	23.0	43.0	-1.0	
-1.0	-1.0	68.0	-1.0	-1.0	-1.0	64.0	-1.0	-1.0	-1.0	64.0	46.0	61.0	-1.0	41.0	-1.0	-1.0	48.0	-1.0	56.0	-1.0	-1.0	-1.0	-1.0	-1.0	-1.0	-1.0	24.0	-1.0	-1.0	-1.0	59.0	24.0	-1.0	52.0	46.0	46.0	-1.0	49.0	46.0	-1.0	-1.0	-1.0	51.0	-1.0	-1.0	-1.0	-1.0	48.0	-1.0	

maxX :
24.0	nan	55.0	49.0	41.0	57.0	57.0	57.0	55.0	nan	55.0	57.0	39.0	55.0	24.0	55.0	55.0	78.0	57.0	49.0	

maxW :
64.0	nan	68.0	78.0	78.0	78.0	76.0	78.0	68.0	nan	68.0	78.0	68.0	78.0	64.0	78.0	66.0	82.0	78.0	68.0	

minX :
0.0	nan	0.0	0.0	0.0	0.0	12.0	0.0	0.0	nan	0.0	0.0	0.0	0.0	0.0	0.0	0.0	0.0	0.0	0.0	

minW :
46.0	nan	40.0	17.0	24.0	34.0	43.0	24.0	23.0	nan	25.0	23.0	25.0	24.0	43.0	24.0	32.0	25.0	23.0	24.0	

moyX :
16.125	nan	24.41176470588235	20.346153846153847	20.5	21.26086956521739	28.476190476190474	24.692307692307693	18.772727272727273	nan	24.608695652173914	24.833333333333332	21.42105263157895	23.692307692307693	15.166666666666666	20.75862068965517	19.2	36.30434782608695	22.047619047619047	22.38888888888889	

moyW :
55.75	nan	56.625	44.65384615384615	45.6	55.130434782608695	58.476190476190474	48.03846153846154	40.31818181818182	nan	49.13333333333333	51.63333333333333	49.473684210526315	52.0	53.5	50.37931034482759	49.92307692307692	57.9	47.95238095238095	49.611111111111114	

medX :
17.5	nan	22.0	18.5	21.0	19.0	25.0	21.0	19.0	nan	24.0	23.0	21.0	21.5	16.5	19.0	18.0	30.0	19.0	21.5	

medW :
56.5	nan	60.0	44.0	45.0	54.0	58.0	50.0	39.0	nan	52.0	51.5	46.0	52.5	53.5	48.0	48.0	63.0	46.0	48.5	

ecartTypeX :
6.9899481400079075	nan	14.274859939683397	12.489818338557912	11.543396380615196	14.682783148401626	12.82341254491378	13.808495798348845	14.905556676444887	nan	12.603447183503901	15.893569629115907	9.132451042839566	14.429588273803217	7.840422324226051	14.177824288154328	13.37385509118444	24.091194102209244	14.413869611877603	12.00989818112492	

ecartTypeW :
6.869315832017043	nan	9.873417594733851	18.10852393358593	15.749285698088023	11.30719027808753	8.145223827606829	16.22315716506398	14.934360514161366	nan	15.924265201955857	13.782799264139182	11.477063722474956	15.063966175050876	10.5	15.779545452793927	10.231636747487881	18.944392310127025	15.764566024794764	11.695862938515617	

varX :
48.859375	nan	203.77162629757785	155.99556213017752	133.25	215.58412098298678	164.4399092970521	190.67455621301772	222.17561983471072	nan	158.84688090737242	252.60555555555555	83.40166204986149	208.21301775147933	61.47222222222223	201.0107015457788	178.85999999999999	580.3856332703214	207.75963718820861	144.23765432098764	

varW :
47.1875	nan	97.484375	327.91863905325437	248.03999999999996	127.85255198487715	66.34467120181405	263.19082840236683	223.03512396694214	nan	253.5822222222222	189.96555555555557	131.7229916897507	226.92307692307693	110.25	248.9940546967895	104.6863905325444	358.89	248.5215419501134	136.7932098765432	

covarX :
55.83928571428571	nan	216.5073529411765	162.23538461538465	140.26315789473682	225.38339920948619	172.66190476190474	198.30153846153848	232.75541125541122	nan	166.06719367588934	261.316091954023	88.03508771929825	216.54153846153844	73.76666666666668	208.18965517241375	188.2736842105263	606.7667984189724	218.14761904761906	152.72222222222223	

covarW :
62.916666666666664	nan	111.41071428571428	341.0353846153847	261.0947368421052	133.66403162055337	69.66190476190478	273.7184615384616	233.65584415584414	nan	271.69523809523804	196.51609195402304	139.04093567251462	236.0	220.5	257.88669950738915	113.41025641025642	398.76666666666665	260.94761904761907	144.83986928104576	

coef_variationX :
0.4334851559694826	nan	0.5847532987340187	0.6138663077552092	0.563092506371473	0.6906012523788086	0.45032050743008256	0.5592225712726947	0.7940005977767252	nan	0.5121542141706532	0.6400095152664124	0.4263306383635178	0.6090410635046812	0.5169509224764429	0.6829848909576006	0.6965549526658563	0.6635897776656439	0.6537608247287897	0.5364222512661254	

coef_variationW :
0.12321642748012633	nan	0.1743649906354764	0.4055311130691078	0.34537907232649173	0.20509887728392207	0.13929128695418844	0.3377118385041341	0.3704125493929538	nan	0.32410309094889805	0.2669360735469177	0.23198320290108954	0.28969165721251683	0.19626168224299065	0.31321479680426	0.2049480396261055	0.3271915770315548	0.32875460429065545	0.23575087670020278	

moy_distances_centre :	51.6
min_distances_centre :	23.0
max_distances_centre :	86.0
med_distances_centre :	54.5
ecartType_distances_centre :	21.364456463949647
var_distances_centre :	456.43999999999994
covar_distances_centre :	480.46315789473687
coef_variation_distances_centre :	0.4140398539525125
capacite_X_temoin : 
172.0	169.0	153.0	0.0	160.0	
166.0	150.0	163.0	150.0	0.0	
145.0	0.0	178.0	138.0	178.0	
168.0	136.0	144.0	150.0	169.0	
163.0	136.0	168.0	172.0	159.0	
0.0	141.0	168.0	139.0	172.0	
135.0	171.0	136.0	154.0	139.0	
165.0	171.0	138.0	141.0	175.0	
156.0	169.0	139.0	145.0	150.0	
139.0	157.0	141.0	163.0	0.0	
150.0	0.0	175.0	159.0	159.0	
141.0	151.0	145.0	159.0	172.0	
178.0	139.0	154.0	171.0	150.0	
168.0	154.0	135.0	145.0	135.0	
159.0	168.0	157.0	0.0	156.0	
171.0	177.0	157.0	135.0	153.0	
145.0	0.0	159.0	153.0	172.0	
135.0	157.0	0.0	162.0	162.0	
142.0	148.0	153.0	169.0	144.0	
159.0	174.0	147.0	163.0	150.0	

capacite_W_temoin : 
138.6	207.7	122.9	0.0	98.0	
154.8	195.0	110.9	114.0	0.0	
185.5	0.0	201.4	127.4	149.4	
189.4	155.8	102.19999999999999	139.0	114.69999999999999	
201.9	176.8	152.4	153.6	142.7	
0.0	165.3	143.4	90.69999999999999	91.6	
172.5	222.3	124.8	148.2	102.69999999999999	
196.5	222.3	96.4	90.3	130.5	
166.8	200.7	143.7	89.5	136.0	
90.69999999999999	204.1	50.3	103.9	0.0	
147.0	0.0	187.5	127.69999999999999	97.69999999999999	
162.3	179.3	70.5	127.69999999999999	140.6	
207.4	180.7	149.2	180.3	107.0	
187.4	200.2	91.5	123.5	70.5	
150.7	199.4	166.1	0.0	136.8	
169.3	230.1	88.1	103.5	107.9	
163.5	0.0	137.7	145.9	91.6	
146.5	189.1	0.0	95.6	50.6	
158.6	185.4	115.9	125.69999999999999	151.2	
199.7	226.2	152.1	138.9	110.0	

demande_cumulee_X : 
85.0	12.0	76.0	0.0	110.0	
61.0	0.0	101.0	81.0	0.0	
3.0	0.0	30.0	52.0	82.0	
29.0	21.0	85.0	56.0	105.0	
10.0	0.0	66.0	70.0	64.0	
0.0	18.0	75.0	90.0	132.0	
3.0	0.0	52.0	52.0	78.0	
18.0	0.0	83.0	93.0	97.0	
36.0	19.0	37.0	99.0	59.0	
90.0	0.0	133.0	108.0	0.0	
48.0	0.0	40.0	79.0	109.0	
21.0	17.0	118.0	79.0	83.0	
24.0	0.0	51.0	42.0	88.0	
31.0	0.0	84.0	65.0	105.0	
56.0	19.0	38.0	0.0	66.0	
53.0	0.0	116.0	72.0	91.0	
25.0	0.0	69.0	53.0	132.0	
29.0	15.0	0.0	115.0	160.0	
26.0	7.0	83.0	94.0	36.0	
7.0	0.0	39.0	73.0	85.0	

demande_cumulee_W : 
81.0	74.0	62.0	0.0	66.0	
135.0	49.0	34.0	25.0	0.0	
100.0	0.0	34.0	7.0	26.0	
115.0	18.0	28.0	42.0	93.0	
113.0	0.0	21.0	23.0	53.0	
0.0	76.0	133.0	21.0	85.0	
47.0	37.0	49.0	4.0	48.0	
119.0	13.0	61.0	49.0	49.0	
121.0	43.0	38.0	1.0	47.0	
73.0	116.0	46.0	96.0	0.0	
130.0	0.0	58.0	38.0	50.0	
95.0	41.0	70.0	35.0	77.0	
65.0	27.0	46.0	31.0	36.0	
115.0	18.0	71.0	21.0	60.0	
30.0	56.0	66.0	0.0	27.0	
111.0	27.0	66.0	50.0	78.0	
114.0	0.0	77.0	0.0	88.0	
142.0	56.0	0.0	92.0	29.0	
90.0	20.0	28.0	28.0	80.0	
25.0	69.0	73.0	15.0	22.0	

capacite_residuelle_X : 
87.0	157.0	77.0	0.0	50.0	
105.0	150.0	62.0	69.0	0.0	
142.0	0.0	148.0	86.0	96.0	
139.0	115.0	59.0	94.0	64.0	
153.0	136.0	102.0	102.0	95.0	
0.0	123.0	93.0	49.0	40.0	
132.0	171.0	84.0	102.0	61.0	
147.0	171.0	55.0	48.0	78.0	
120.0	150.0	102.0	46.0	91.0	
49.0	157.0	8.0	55.0	0.0	
102.0	0.0	135.0	80.0	50.0	
120.0	134.0	27.0	80.0	89.0	
154.0	139.0	103.0	129.0	62.0	
137.0	154.0	51.0	80.0	30.0	
103.0	149.0	119.0	0.0	90.0	
118.0	177.0	41.0	63.0	62.0	
120.0	0.0	90.0	100.0	40.0	
106.0	142.0	0.0	47.0	2.0	
116.0	141.0	70.0	75.0	108.0	
152.0	174.0	108.0	90.0	65.0	

capacite_residuelle_W : 
57.599999999999994	133.7	60.900000000000006	0.0	32.0	
19.80000000000001	146.0	76.9	89.0	0.0	
85.5	0.0	167.4	120.4	123.4	
74.4	137.8	74.19999999999999	97.0	21.69999999999999	
88.9	176.8	131.4	130.6	89.69999999999999	
0.0	89.30000000000001	10.400000000000006	69.69999999999999	6.599999999999994	
125.5	185.3	75.8	144.2	54.69999999999999	
77.5	209.3	35.400000000000006	41.3	81.5	
45.80000000000001	157.7	105.69999999999999	88.5	89.0	
17.69999999999999	88.1	4.299999999999997	7.900000000000006	0.0	
17.0	0.0	129.5	89.69999999999999	47.69999999999999	
67.30000000000001	138.3	0.5	92.69999999999999	63.599999999999994	
142.4	153.7	103.19999999999999	149.3	71.0	
72.4	182.2	20.5	102.5	10.5	
120.69999999999999	143.4	100.1	0.0	109.80000000000001	
58.30000000000001	203.1	22.099999999999994	53.5	29.900000000000006	
49.5	0.0	60.69999999999999	145.9	3.5999999999999943	
4.5	133.1	0.0	3.5999999999999943	21.6	
68.6	165.4	87.9	97.69999999999999	71.19999999999999	
174.7	157.2	79.1	123.9	88.0	

min_capacite_X : 
0.0	0.0	0.0	136.0	136.0	0.0	135.0	138.0	139.0	0.0	0.0	141.0	139.0	135.0	0.0	135.0	0.0	0.0	142.0	147.0	

min_capacite_W : 
0.0	0.0	0.0	102.19999999999999	142.7	0.0	102.69999999999999	90.3	89.5	0.0	0.0	70.5	107.0	70.5	0.0	88.1	0.0	0.0	115.9	110.0	

max_capacite_X : 
172.0	166.0	178.0	169.0	172.0	172.0	171.0	175.0	169.0	163.0	175.0	172.0	178.0	168.0	168.0	177.0	172.0	162.0	169.0	174.0	

max_capacite_W : 
207.7	195.0	201.4	189.4	201.9	165.3	222.3	222.3	200.7	204.1	187.5	179.3	207.4	200.2	199.4	230.1	163.5	189.1	185.4	226.2	

moy_capacite_X : 
130.8	125.8	127.8	153.4	159.6	124.0	147.0	158.0	151.8	120.0	128.6	153.6	158.4	147.4	128.0	158.6	125.8	123.2	151.2	158.6	

moy_capacite_W : 
113.43999999999998	114.94000000000001	132.73999999999998	140.22000000000003	165.48000000000002	98.2	154.1	147.2	147.34	89.8	111.97999999999999	136.07999999999998	164.92	134.62	130.6	139.78	107.74000000000001	96.36000000000001	147.35999999999999	165.38	

med_capacite_X : 
160.0	150.0	145.0	150.0	163.0	141.0	139.0	165.0	150.0	141.0	159.0	151.0	154.0	145.0	157.0	157.0	153.0	157.0	148.0	159.0	

med_capacite_W : 
122.9	114.0	149.4	139.0	153.6	91.6	148.2	130.5	143.7	90.69999999999999	127.69999999999999	140.6	180.3	123.5	150.7	107.9	137.7	95.6	151.2	152.1	

ecartType_capacite_X : 
65.74313652389883	63.24049335670935	65.9890900073641	13.108775686539152	12.59523719506703	63.45076831686122	13.813037319865606	15.466091943344964	10.264501936285072	60.69596362197407	64.8030863462536	11.01998185116473	14.207040508142432	12.499599993599794	64.1404708432983	14.71869559437928	63.51503758953465	62.40320504589488	9.662297863344929	9.645724441429994	

ecartType_capacite_W : 
67.40102669841166	65.15647627059033	71.30749189250734	30.8534860267037	21.380869954237134	57.07626476916653	41.2917909517134	53.230893285760295	36.64230342104601	67.65855452195235	63.11929657402718	37.27424848336986	34.32767979342618	51.34360330167721	68.54560525664647	52.97646269806998	58.875074522245825	67.07388761656804	24.68607704759912	42.00339986239209	

var_capacite_X : 
4322.16	3999.3599999999997	4354.56	171.84	158.64	4026.0	190.8	239.2	105.35999999999999	3684.0	4199.44	121.44000000000001	201.83999999999997	156.23999999999998	4114.0	216.64000000000001	4034.16	3894.16	93.35999999999999	93.03999999999999	

var_capacite_W : 
4542.8984	4245.366400000001	5084.7584	951.9376000000004	457.14160000000027	3257.7000000000003	1705.0120000000006	2833.5280000000002	1342.6583999999998	4577.679999999999	3984.0456	1389.3696000000004	1178.3896	2636.1655999999994	4698.499999999999	2806.5056	3466.2744	4498.9064	609.4024000000002	1764.2855999999997	

covar_capacite_X : 
5402.7	4999.2	5443.200000000001	214.8	198.29999999999998	5032.5	238.5	299.0	131.7	4605.0	5249.299999999999	151.8	252.29999999999998	195.29999999999998	5142.5	270.8	5042.7	4867.7	116.69999999999999	116.3	

covar_capacite_W : 
5678.623	5306.7080000000005	6355.947999999999	1189.9220000000005	571.4270000000004	4072.1250000000005	2131.265000000001	3541.9100000000003	1678.3229999999996	5722.099999999999	4980.057	1736.7120000000004	1472.987	3295.2069999999994	5873.124999999999	3508.132	4332.843	5623.633	761.7530000000002	2205.3569999999995	

##########	##########	##########	##########	##########	##########	##########	##########	##########	##########	##########	##########	##########	##########	##########	##########	##########	##########	##########	##########	##########	##########	##########	##########	##########	##########	##########	##########	##########	##########	##########	##########	##########	##########	##########	##########	##########	##########	##########	##########	##########	##########	##########	##########	##########	##########	##########	##########	##########	##########	