nombre de noeuds : 50
nombre de strates : 3
nombre de centres : 5
titre : fenetre
instances : p2_1
temps de calcul : 0.027348041534423828
valeur objective : 296.0
nombre de solutions : 3
nombre de noeuds : 1.0
faisability : True
moy_distances :	48.31
min_distances :	1.0
max_distances :	131.0
var_distances :	538.7683705122865
covar_distances :	538.9883657636187
ecartType_distances :	23.211384502271436
coef_variation	: 0.4804411066570216
distances_centre_x :
-1.0	22.0	0.0	26.0	6.0	22.0	31.0	-1.0	14.0	33.0	-1.0	-1.0	17.0	24.0	24.0	24.0	20.0	-1.0	25.0	-1.0	9.0	37.0	15.0	26.0	-1.0	21.0	-1.0	-1.0	12.0	-1.0	38.0	-1.0	-1.0	33.0	-1.0	10.0	-1.0	-1.0	36.0	0.0	-1.0	-1.0	15.0	-1.0	8.0	-1.0	10.0	16.0	-1.0	18.0	
0.0	22.0	0.0	26.0	6.0	22.0	31.0	-1.0	14.0	33.0	-1.0	39.0	17.0	-1.0	24.0	-1.0	-1.0	-1.0	25.0	-1.0	9.0	-1.0	15.0	-1.0	0.0	21.0	30.0	7.0	12.0	8.0	-1.0	18.0	-1.0	35.0	15.0	10.0	30.0	17.0	36.0	-1.0	12.0	35.0	15.0	-1.0	8.0	43.0	-1.0	16.0	9.0	-1.0	
0.0	22.0	-1.0	26.0	6.0	22.0	34.0	19.0	-1.0	33.0	48.0	39.0	17.0	24.0	24.0	-1.0	-1.0	27.0	25.0	0.0	-1.0	-1.0	-1.0	26.0	-1.0	-1.0	30.0	-1.0	12.0	-1.0	38.0	-1.0	18.0	-1.0	15.0	-1.0	30.0	45.0	36.0	0.0	-1.0	-1.0	15.0	23.0	8.0	43.0	-1.0	16.0	9.0	39.0	

distances_centre_w :
-1.0	39.0	22.0	46.0	27.0	34.0	31.0	-1.0	29.0	52.0	-1.0	-1.0	42.0	42.0	46.0	31.0	46.0	-1.0	25.0	-1.0	22.0	39.0	51.0	29.0	-1.0	22.0	-1.0	-1.0	30.0	-1.0	39.0	-1.0	-1.0	35.0	-1.0	21.0	-1.0	-1.0	52.0	55.0	-1.0	-1.0	30.0	-1.0	32.0	-1.0	45.0	22.0	-1.0	53.0	
26.0	39.0	22.0	46.0	27.0	34.0	51.0	-1.0	22.0	52.0	-1.0	47.0	42.0	-1.0	46.0	-1.0	-1.0	-1.0	52.0	-1.0	22.0	-1.0	26.0	-1.0	22.0	22.0	38.0	35.0	30.0	48.0	-1.0	34.0	-1.0	37.0	25.0	21.0	32.0	46.0	42.0	-1.0	19.0	37.0	30.0	-1.0	32.0	56.0	-1.0	22.0	17.0	-1.0	
26.0	39.0	-1.0	46.0	27.0	55.0	54.0	31.0	-1.0	42.0	49.0	47.0	42.0	42.0	46.0	-1.0	-1.0	49.0	25.0	30.0	-1.0	-1.0	-1.0	53.0	-1.0	-1.0	38.0	-1.0	30.0	-1.0	39.0	-1.0	26.0	-1.0	25.0	-1.0	32.0	46.0	42.0	55.0	-1.0	-1.0	30.0	26.0	32.0	56.0	-1.0	30.0	17.0	53.0	

maxX :
38.0	43.0	48.0	

maxW :
55.0	56.0	56.0	

minX :
0.0	0.0	0.0	

minW :
21.0	17.0	17.0	

moyX :
19.733333333333334	18.857142857142858	23.303030303030305	

moyW :
36.3	34.25714285714286	38.78787878787879	

medX :
20.5	17.0	24.0	

medW :
34.5	34.0	39.0	

ecartTypeX :
10.197821118040636	11.462093693419833	12.845196834862222	

ecartTypeW :
10.513958975254436	11.017759318852598	10.8397628727211	

varX :
103.99555555555555	131.3795918367347	164.99908172635443	

varW :
110.54333333333331	121.39102040816327	117.50045913682278	

covarX :
107.58160919540231	135.24369747899158	170.15530303030303	

covarW :
114.35517241379311	124.96134453781512	121.17234848484848	

coef_variationX :
0.5167814755763835	0.607838301923779	0.5512243115090419	

coef_variationW :
0.2896407431199569	0.32161932957451284	0.2794626365623408	

moy_distances_centre :	51.6
min_distances_centre :	22.0
max_distances_centre :	88.0
med_distances_centre :	49.5
ecartType_distances_centre :	23.51680250374187
var_distances_centre :	553.04
covar_distances_centre :	582.1473684210525
coef_variation_distances_centre :	0.4557519865066254
capacite_X_temoin : 
163.0	166.0	153.0	163.0	169.0	
166.0	172.0	175.0	175.0	174.0	
159.0	178.0	162.0	147.0	151.0	

capacite_W_temoin : 
145.9	126.8	91.9	160.9	188.7	
116.8	138.6	128.5	155.5	193.2	
142.7	184.4	75.6	158.1	104.3	

demande_cumulee_X : 
66.0	89.0	107.0	51.0	31.0	
99.0	85.0	99.0	72.0	33.0	
64.0	47.0	135.0	33.0	92.0	

demande_cumulee_W : 
49.0	82.0	81.0	115.0	17.0	
54.0	93.0	79.0	150.0	12.0	
67.0	86.0	74.0	127.0	17.0	

capacite_residuelle_X : 
97.0	77.0	46.0	112.0	138.0	
67.0	87.0	76.0	103.0	141.0	
95.0	131.0	27.0	114.0	59.0	

capacite_residuelle_W : 
96.9	44.8	10.900000000000006	45.900000000000006	171.7	
62.8	45.599999999999994	49.5	5.5	181.2	
75.69999999999999	98.4	1.5999999999999943	31.099999999999994	87.3	

min_capacite_X : 
153.0	166.0	147.0	

min_capacite_W : 
91.9	116.8	75.6	

max_capacite_X : 
169.0	175.0	178.0	

max_capacite_W : 
188.7	193.2	184.4	

moy_capacite_X : 
162.8	172.4	159.4	

moy_capacite_W : 
142.84	146.51999999999998	133.02	

med_capacite_X : 
163.0	174.0	159.0	

med_capacite_W : 
145.9	138.6	142.7	

ecartType_capacite_X : 
5.381449618829484	3.3823069050575527	10.744300814850634	

ecartType_capacite_W : 
32.52946971593604	26.572120728312218	38.68981261262453	

var_capacite_X : 
28.959999999999997	11.44	115.44000000000001	

var_capacite_W : 
1058.1663999999996	706.0775999999998	1496.9016000000001	

covar_capacite_X : 
36.199999999999996	14.299999999999999	144.3	

covar_capacite_W : 
1322.7079999999996	882.5969999999998	1871.1270000000002	

##########	##########	##########	##########	##########	##########	##########	##########	##########	##########	##########	##########	##########	##########	##########	##########	##########	##########	##########	##########	##########	##########	##########	##########	##########	##########	##########	##########	##########	##########	##########	##########	##########	##########	##########	##########	##########	##########	##########	##########	##########	##########	##########	##########	##########	##########	##########	##########	##########	##########	nombre de noeuds : 50
nombre de strates : 3
nombre de centres : 5
titre : fenetre
instances : p2_1
temps de calcul : 0.026063919067382812
valeur objective : 349.0
nombre de solutions : 3
nombre de noeuds : 1.0
faisability : True
moy_distances :	48.31
min_distances :	1.0
max_distances :	131.0
var_distances :	538.7683705122865
covar_distances :	538.9883657636187
ecartType_distances :	23.211384502271436
coef_variation	: 0.4804411066570216
distances_centre_x :
-1.0	39.0	22.0	46.0	27.0	22.0	10.0	-1.0	14.0	19.0	-1.0	-1.0	17.0	24.0	24.0	24.0	20.0	-1.0	25.0	-1.0	22.0	39.0	41.0	26.0	-1.0	19.0	-1.0	-1.0	12.0	-1.0	38.0	-1.0	-1.0	33.0	-1.0	10.0	-1.0	-1.0	0.0	0.0	-1.0	-1.0	15.0	-1.0	8.0	-1.0	35.0	16.0	-1.0	18.0	
0.0	39.0	22.0	46.0	27.0	22.0	10.0	-1.0	26.0	33.0	-1.0	39.0	17.0	-1.0	24.0	-1.0	-1.0	-1.0	25.0	-1.0	9.0	-1.0	15.0	-1.0	26.0	19.0	22.0	7.0	12.0	8.0	-1.0	34.0	-1.0	33.0	15.0	10.0	30.0	17.0	0.0	-1.0	12.0	37.0	15.0	-1.0	8.0	56.0	-1.0	16.0	9.0	-1.0	
0.0	39.0	-1.0	46.0	27.0	42.0	10.0	19.0	-1.0	33.0	48.0	39.0	17.0	24.0	24.0	-1.0	-1.0	27.0	25.0	0.0	-1.0	-1.0	-1.0	53.0	-1.0	-1.0	22.0	-1.0	12.0	-1.0	38.0	-1.0	18.0	-1.0	15.0	-1.0	30.0	17.0	0.0	0.0	-1.0	-1.0	15.0	23.0	8.0	56.0	-1.0	22.0	9.0	39.0	

distances_centre_w :
-1.0	43.0	33.0	48.0	32.0	34.0	31.0	-1.0	22.0	52.0	-1.0	-1.0	45.0	49.0	28.0	39.0	38.0	-1.0	35.0	-1.0	44.0	54.0	51.0	39.0	-1.0	34.0	-1.0	-1.0	30.0	-1.0	55.0	-1.0	-1.0	35.0	-1.0	27.0	-1.0	-1.0	36.0	52.0	-1.0	-1.0	21.0	-1.0	34.0	-1.0	52.0	22.0	-1.0	53.0	
26.0	43.0	33.0	48.0	32.0	34.0	31.0	-1.0	67.0	42.0	-1.0	60.0	45.0	-1.0	28.0	-1.0	-1.0	-1.0	35.0	-1.0	44.0	-1.0	26.0	-1.0	41.0	21.0	30.0	35.0	30.0	45.0	-1.0	38.0	-1.0	35.0	25.0	27.0	53.0	46.0	41.0	-1.0	19.0	61.0	21.0	-1.0	34.0	68.0	-1.0	24.0	17.0	-1.0	
26.0	43.0	-1.0	48.0	32.0	49.0	31.0	23.0	-1.0	42.0	66.0	60.0	55.0	49.0	28.0	-1.0	-1.0	49.0	35.0	52.0	-1.0	-1.0	-1.0	67.0	-1.0	-1.0	30.0	-1.0	30.0	-1.0	55.0	-1.0	26.0	-1.0	25.0	-1.0	53.0	46.0	36.0	52.0	-1.0	-1.0	21.0	32.0	50.0	68.0	-1.0	24.0	17.0	53.0	

maxX :
46.0	56.0	56.0	

maxW :
55.0	68.0	68.0	

minX :
0.0	0.0	0.0	

minW :
21.0	17.0	17.0	

moyX :
22.166666666666668	21.142857142857142	24.151515151515152	

moyW :
38.93333333333333	37.285714285714285	41.60606060606061	

medX :
22.0	19.0	23.0	

medW :
37.0	35.0	43.0	

ecartTypeX :
11.381515228162238	12.741703983697128	15.2854083957717	

ecartTypeW :
10.165081843688661	12.949509485627916	14.229588026020512	

varX :
129.53888888888892	162.35102040816327	233.64370982552796	

varW :
103.32888888888888	167.68979591836737	202.48117539026632	

covarX :
134.0057471264368	167.12605042016807	240.94507575757575	

covarW :
106.89195402298849	172.6218487394958	208.80871212121212	

coef_variationX :
0.5134518148043115	0.6026481613910805	0.6328964580432448	

coef_variationW :
0.2610894309166608	0.34730485210496326	0.34200757819277267	

moy_distances_centre :	49.7
min_distances_centre :	26.0
max_distances_centre :	86.0
med_distances_centre :	47.0
ecartType_distances_centre :	18.36872341780996
var_distances_centre :	337.40999999999997
covar_distances_centre :	355.1684210526316
coef_variation_distances_centre :	0.36959202047907364
capacite_X_temoin : 
163.0	153.0	163.0	166.0	169.0	
166.0	175.0	175.0	171.0	174.0	
159.0	162.0	147.0	148.0	151.0	

capacite_W_temoin : 
150.9	57.9	126.9	186.8	191.7	
126.8	90.5	130.5	174.3	209.2	
139.7	55.6	134.1	146.4	150.3	

demande_cumulee_X : 
61.0	141.0	85.0	29.0	28.0	
89.0	137.0	97.0	48.0	17.0	
67.0	155.0	57.0	46.0	46.0	

demande_cumulee_W : 
86.0	43.0	121.0	83.0	11.0	
100.0	35.0	129.0	89.0	35.0	
110.0	19.0	116.0	96.0	30.0	

capacite_residuelle_X : 
102.0	12.0	78.0	137.0	141.0	
77.0	38.0	78.0	123.0	157.0	
92.0	7.0	90.0	102.0	105.0	

capacite_residuelle_W : 
64.9	14.899999999999999	5.900000000000006	103.80000000000001	180.7	
26.799999999999997	55.5	1.5	85.30000000000001	174.2	
29.69999999999999	36.6	18.099999999999994	50.400000000000006	120.30000000000001	

min_capacite_X : 
153.0	166.0	147.0	

min_capacite_W : 
57.9	90.5	55.6	

max_capacite_X : 
169.0	175.0	162.0	

max_capacite_W : 
191.7	209.2	150.3	

moy_capacite_X : 
162.8	172.2	153.4	

moy_capacite_W : 
142.84	146.26	125.21999999999998	

med_capacite_X : 
163.0	174.0	151.0	

med_capacite_W : 
150.9	130.5	139.7	

ecartType_capacite_X : 
5.381449618829484	3.429285639896449	6.019966777316964	

ecartType_capacite_W : 
48.6901057710907	41.192067197459274	35.25072481524316	

var_capacite_X : 
28.959999999999997	11.759999999999996	36.239999999999995	

var_capacite_W : 
2370.7263999999996	1696.7864000000002	1242.6135999999997	

covar_capacite_X : 
36.199999999999996	14.699999999999996	45.3	

covar_capacite_W : 
2963.4079999999994	2120.983	1553.2669999999996	

##########	##########	##########	##########	##########	##########	##########	##########	##########	##########	##########	##########	##########	##########	##########	##########	##########	##########	##########	##########	##########	##########	##########	##########	##########	##########	##########	##########	##########	##########	##########	##########	##########	##########	##########	##########	##########	##########	##########	##########	##########	##########	##########	##########	##########	##########	##########	##########	##########	##########	nombre de noeuds : 50
nombre de strates : 3
nombre de centres : 5
titre : fenetre
instances : p2_1
temps de calcul : 0.023532867431640625
valeur objective : 349.0
nombre de solutions : 3
nombre de noeuds : 1.0
faisability : True
moy_distances :	48.31
min_distances :	1.0
max_distances :	131.0
var_distances :	538.7683705122865
covar_distances :	538.9883657636187
ecartType_distances :	23.211384502271436
coef_variation	: 0.4804411066570216
distances_centre_x :
-1.0	39.0	22.0	46.0	27.0	22.0	10.0	-1.0	14.0	0.0	-1.0	-1.0	17.0	24.0	24.0	25.0	20.0	-1.0	25.0	-1.0	9.0	39.0	26.0	26.0	-1.0	19.0	-1.0	-1.0	12.0	-1.0	38.0	-1.0	-1.0	33.0	-1.0	10.0	-1.0	-1.0	0.0	33.0	-1.0	-1.0	15.0	-1.0	8.0	-1.0	10.0	16.0	-1.0	18.0	
0.0	39.0	22.0	46.0	27.0	22.0	10.0	-1.0	14.0	0.0	-1.0	39.0	17.0	-1.0	24.0	-1.0	-1.0	-1.0	35.0	-1.0	9.0	-1.0	26.0	-1.0	0.0	19.0	5.0	7.0	12.0	26.0	-1.0	34.0	-1.0	33.0	15.0	10.0	30.0	17.0	0.0	-1.0	12.0	35.0	15.0	-1.0	8.0	56.0	-1.0	24.0	9.0	-1.0	
0.0	39.0	-1.0	46.0	27.0	31.0	10.0	23.0	-1.0	0.0	48.0	39.0	17.0	24.0	24.0	-1.0	-1.0	9.0	35.0	42.0	-1.0	-1.0	-1.0	26.0	-1.0	-1.0	5.0	-1.0	12.0	-1.0	38.0	-1.0	18.0	-1.0	15.0	-1.0	30.0	17.0	0.0	33.0	-1.0	-1.0	15.0	23.0	8.0	56.0	-1.0	16.0	9.0	18.0	

distances_centre_w :
-1.0	43.0	47.0	48.0	53.0	31.0	23.0	-1.0	22.0	19.0	-1.0	-1.0	45.0	49.0	28.0	31.0	38.0	-1.0	35.0	-1.0	22.0	54.0	29.0	29.0	-1.0	35.0	-1.0	-1.0	30.0	-1.0	55.0	-1.0	-1.0	35.0	-1.0	27.0	-1.0	-1.0	19.0	52.0	-1.0	-1.0	46.0	-1.0	34.0	-1.0	32.0	22.0	-1.0	24.0	
26.0	43.0	33.0	48.0	32.0	31.0	23.0	-1.0	22.0	19.0	-1.0	60.0	45.0	-1.0	62.0	-1.0	-1.0	-1.0	52.0	-1.0	22.0	-1.0	41.0	-1.0	26.0	21.0	22.0	35.0	30.0	45.0	-1.0	38.0	-1.0	62.0	25.0	27.0	53.0	46.0	19.0	-1.0	19.0	48.0	46.0	-1.0	58.0	68.0	-1.0	38.0	17.0	-1.0	
26.0	43.0	-1.0	48.0	32.0	42.0	23.0	24.0	-1.0	19.0	66.0	60.0	45.0	49.0	28.0	-1.0	-1.0	62.0	52.0	42.0	-1.0	-1.0	-1.0	29.0	-1.0	-1.0	22.0	-1.0	30.0	-1.0	55.0	-1.0	26.0	-1.0	40.0	-1.0	59.0	46.0	19.0	52.0	-1.0	-1.0	46.0	32.0	34.0	68.0	-1.0	22.0	17.0	24.0	

maxX :
46.0	56.0	56.0	

maxW :
55.0	68.0	68.0	

minX :
0.0	0.0	0.0	

minW :
19.0	17.0	17.0	

moyX :
20.9	19.914285714285715	22.818181818181817	

moyW :
35.233333333333334	37.2	38.84848484848485	

medX :
21.0	17.0	23.0	

medW :
33.0	35.0	40.0	

ecartTypeX :
11.20520712288116	13.714166666149962	14.397926082672242	

ecartTypeW :
11.122599616196846	14.502807609957065	14.785581043544584	

varX :
125.55666666666666	188.0783673469388	207.30027548209367	

varW :
123.71222222222222	210.33142857142857	218.61340679522496	

covarX :
129.88620689655173	193.61008403361342	213.7784090909091	

covarW :
127.97816091954024	216.51764705882354	225.44507575757575	

coef_variationX :
0.5361343120995771	0.6886597321596107	0.6309848084039629	

coef_variationW :
0.31568400045970235	0.38986041962250173	0.3805960799040337	

moy_distances_centre :	39.4
min_distances_centre :	19.0
max_distances_centre :	54.0
med_distances_centre :	41.5
ecartType_distances_centre :	11.146299834474219
var_distances_centre :	124.24000000000001
covar_distances_centre :	130.77894736842106
coef_variation_distances_centre :	0.28290101102726445
capacite_X_temoin : 
163.0	154.0	153.0	163.0	166.0	
166.0	150.0	175.0	175.0	171.0	
159.0	166.0	162.0	147.0	148.0	

capacite_W_temoin : 
153.9	169.2	49.9	127.9	193.8	
138.8	162.0	91.5	115.5	192.3	
137.7	153.8	50.6	140.1	163.4	

demande_cumulee_X : 
58.0	31.0	149.0	84.0	22.0	
77.0	33.0	136.0	112.0	30.0	
69.0	62.0	160.0	51.0	29.0	

demande_cumulee_W : 
81.0	59.0	33.0	122.0	49.0	
119.0	32.0	89.0	114.0	34.0	
80.0	50.0	47.0	118.0	76.0	

capacite_residuelle_X : 
105.0	123.0	4.0	79.0	144.0	
89.0	117.0	39.0	63.0	141.0	
90.0	104.0	2.0	96.0	119.0	

capacite_residuelle_W : 
72.9	110.19999999999999	16.9	5.900000000000006	144.8	
19.80000000000001	130.0	2.5	1.5	158.3	
57.69999999999999	103.80000000000001	3.6000000000000014	22.099999999999994	87.4	

min_capacite_X : 
153.0	150.0	147.0	

min_capacite_W : 
49.9	91.5	50.6	

max_capacite_X : 
166.0	175.0	166.0	

max_capacite_W : 
193.8	192.3	163.4	

moy_capacite_X : 
159.8	167.4	156.4	

moy_capacite_W : 
138.94	140.02	129.12	

med_capacite_X : 
163.0	171.0	159.0	

med_capacite_W : 
153.9	138.8	140.1	

ecartType_capacite_X : 
5.268775948927796	9.308061022576078	7.605261336732618	

ecartType_capacite_W : 
49.39451791444067	35.13752410173489	40.35786912115158	

var_capacite_X : 
27.759999999999998	86.64000000000001	57.84000000000001	

var_capacite_W : 
2439.8184	1234.6456000000003	1628.7576000000004	

covar_capacite_X : 
34.699999999999996	108.30000000000003	72.30000000000001	

covar_capacite_W : 
3049.773	1543.3070000000002	2035.9470000000006	

##########	##########	##########	##########	##########	##########	##########	##########	##########	##########	##########	##########	##########	##########	##########	##########	##########	##########	##########	##########	##########	##########	##########	##########	##########	##########	##########	##########	##########	##########	##########	##########	##########	##########	##########	##########	##########	##########	##########	##########	##########	##########	##########	##########	##########	##########	##########	##########	##########	##########	nombre de noeuds : 50
nombre de strates : 3
nombre de centres : 5
titre : fenetre
instances : p2_1
temps de calcul : 0.024883031845092773
valeur objective : 355.0
nombre de solutions : 3
nombre de noeuds : 1.0
faisability : True
moy_distances :	48.31
min_distances :	1.0
max_distances :	131.0
var_distances :	538.7683705122865
covar_distances :	538.9883657636187
ecartType_distances :	23.211384502271436
coef_variation	: 0.4804411066570216
distances_centre_x :
-1.0	43.0	22.0	48.0	27.0	13.0	10.0	-1.0	14.0	0.0	-1.0	-1.0	45.0	29.0	24.0	25.0	20.0	-1.0	25.0	-1.0	22.0	49.0	26.0	19.0	-1.0	19.0	-1.0	-1.0	12.0	-1.0	47.0	-1.0	-1.0	33.0	-1.0	10.0	-1.0	-1.0	0.0	33.0	-1.0	-1.0	15.0	-1.0	17.0	-1.0	0.0	22.0	-1.0	8.0	
0.0	43.0	22.0	48.0	27.0	13.0	10.0	-1.0	22.0	0.0	-1.0	46.0	21.0	-1.0	24.0	-1.0	-1.0	-1.0	25.0	-1.0	19.0	-1.0	11.0	-1.0	0.0	21.0	5.0	5.0	12.0	26.0	-1.0	38.0	-1.0	33.0	12.0	10.0	24.0	9.0	0.0	-1.0	12.0	31.0	15.0	-1.0	17.0	56.0	-1.0	30.0	9.0	-1.0	
0.0	43.0	-1.0	48.0	27.0	13.0	10.0	12.0	-1.0	0.0	57.0	46.0	21.0	29.0	24.0	-1.0	-1.0	9.0	35.0	10.0	-1.0	-1.0	-1.0	26.0	-1.0	-1.0	5.0	-1.0	12.0	-1.0	47.0	-1.0	18.0	-1.0	12.0	-1.0	24.0	32.0	0.0	33.0	-1.0	-1.0	15.0	23.0	17.0	56.0	-1.0	16.0	9.0	8.0	

distances_centre_w :
-1.0	49.0	43.0	57.0	43.0	31.0	23.0	-1.0	22.0	19.0	-1.0	-1.0	52.0	49.0	28.0	55.0	38.0	-1.0	35.0	-1.0	44.0	54.0	26.0	26.0	-1.0	35.0	-1.0	-1.0	30.0	-1.0	55.0	-1.0	-1.0	35.0	-1.0	27.0	-1.0	-1.0	19.0	45.0	-1.0	-1.0	21.0	-1.0	34.0	-1.0	32.0	24.0	-1.0	24.0	
54.0	49.0	43.0	57.0	43.0	65.0	23.0	-1.0	39.0	19.0	-1.0	60.0	45.0	-1.0	28.0	-1.0	-1.0	-1.0	63.0	-1.0	22.0	-1.0	41.0	-1.0	26.0	33.0	22.0	40.0	30.0	37.0	-1.0	45.0	-1.0	35.0	40.0	27.0	40.0	25.0	19.0	-1.0	19.0	48.0	21.0	-1.0	34.0	68.0	-1.0	38.0	17.0	-1.0	
26.0	49.0	-1.0	57.0	53.0	42.0	23.0	23.0	-1.0	19.0	66.0	60.0	45.0	49.0	28.0	-1.0	-1.0	26.0	59.0	42.0	-1.0	-1.0	-1.0	39.0	-1.0	-1.0	22.0	-1.0	49.0	-1.0	55.0	-1.0	26.0	-1.0	40.0	-1.0	53.0	46.0	19.0	45.0	-1.0	-1.0	21.0	32.0	34.0	68.0	-1.0	22.0	17.0	24.0	

maxX :
49.0	56.0	57.0	

maxW :
57.0	68.0	68.0	

minX :
0.0	0.0	0.0	

minW :
19.0	17.0	17.0	

moyX :
22.566666666666666	19.885714285714286	22.333333333333332	

moyW :
35.833333333333336	37.57142857142857	38.75757575757576	

medX :
22.0	19.0	18.0	

medW :
34.5	38.0	40.0	

ecartTypeX :
13.688640870769053	14.141673832171007	15.816498226902697	

ecartTypeW :
11.849285022968921	14.07994666038134	15.021258275645708	

varX :
187.37888888888892	199.9869387755102	250.16161616161617	

varW :
140.40555555555557	198.24489795918367	225.6382001836547	

covarX :
193.8402298850575	205.86890756302518	257.9791666666667	

covarW :
145.2471264367816	204.07563025210084	232.6893939393939	

coef_variationX :
0.6065867446426464	0.711147390985611	0.7082014131448969	

coef_variationW :
0.33067772157122566	0.3747514320253589	0.38756960367185955	

moy_distances_centre :	38.2
min_distances_centre :	19.0
max_distances_centre :	54.0
med_distances_centre :	35.5
ecartType_distances_centre :	11.043550153822821
var_distances_centre :	121.96000000000004
covar_distances_centre :	128.37894736842105
coef_variation_distances_centre :	0.2890981715660424
capacite_X_temoin : 
163.0	154.0	163.0	166.0	151.0	
166.0	150.0	175.0	171.0	156.0	
159.0	166.0	147.0	148.0	159.0	

capacite_W_temoin : 
147.9	173.2	98.9	190.8	81.3	
131.8	162.0	76.5	206.3	98.8	
137.7	166.8	96.1	174.4	66.69999999999999	

demande_cumulee_X : 
64.0	27.0	113.0	25.0	115.0	
84.0	33.0	151.0	16.0	104.0	
69.0	49.0	95.0	18.0	140.0	

demande_cumulee_W : 
38.0	72.0	94.0	64.0	76.0	
105.0	64.0	53.0	76.0	90.0	
93.0	39.0	86.0	105.0	48.0	

capacite_residuelle_X : 
99.0	127.0	50.0	141.0	36.0	
82.0	117.0	24.0	155.0	52.0	
90.0	117.0	52.0	130.0	19.0	

capacite_residuelle_W : 
109.9	101.19999999999999	4.900000000000006	126.80000000000001	5.299999999999997	
26.80000000000001	98.0	23.5	130.3	8.799999999999997	
44.69999999999999	127.80000000000001	10.099999999999994	69.4	18.69999999999999	

min_capacite_X : 
151.0	150.0	147.0	

min_capacite_W : 
81.3	76.5	66.69999999999999	

max_capacite_X : 
166.0	175.0	166.0	

max_capacite_W : 
190.8	206.3	174.4	

moy_capacite_X : 
159.4	163.6	155.8	

moy_capacite_W : 
138.42	135.07999999999998	128.34	

med_capacite_X : 
163.0	166.0	159.0	

med_capacite_W : 
147.9	131.8	137.7	

ecartType_capacite_X : 
5.817215828899594	9.308061022576076	7.249827584156743	

ecartType_capacite_W : 
42.11343728550307	45.94689978660149	41.29700231251659	

var_capacite_X : 
33.839999999999996	86.64	52.56	

var_capacite_W : 
1773.5416	2111.1176	1705.4424000000006	

covar_capacite_X : 
42.3	108.3	65.7	

covar_capacite_W : 
2216.927	2638.897	2131.803000000001	

##########	##########	##########	##########	##########	##########	##########	##########	##########	##########	##########	##########	##########	##########	##########	##########	##########	##########	##########	##########	##########	##########	##########	##########	##########	##########	##########	##########	##########	##########	##########	##########	##########	##########	##########	##########	##########	##########	##########	##########	##########	##########	##########	##########	##########	##########	##########	##########	##########	##########	nombre de noeuds : 50
nombre de strates : 3
nombre de centres : 5
titre : fenetre
instances : p2_1
temps de calcul : 0.024018049240112305
valeur objective : 309.0
nombre de solutions : 3
nombre de noeuds : 1.0
faisability : True
moy_distances :	48.31
min_distances :	1.0
max_distances :	131.0
var_distances :	538.7683705122865
covar_distances :	538.9883657636187
ecartType_distances :	23.211384502271436
coef_variation	: 0.4804411066570216
distances_centre_x :
-1.0	5.0	18.0	12.0	12.0	13.0	10.0	-1.0	14.0	0.0	-1.0	-1.0	21.0	29.0	28.0	21.0	38.0	-1.0	25.0	-1.0	19.0	18.0	26.0	26.0	-1.0	19.0	-1.0	-1.0	30.0	-1.0	22.0	-1.0	-1.0	33.0	-1.0	10.0	-1.0	-1.0	0.0	33.0	-1.0	-1.0	21.0	-1.0	17.0	-1.0	0.0	16.0	-1.0	8.0	
26.0	5.0	18.0	12.0	12.0	13.0	10.0	-1.0	14.0	0.0	-1.0	31.0	21.0	-1.0	28.0	-1.0	-1.0	-1.0	25.0	-1.0	19.0	-1.0	11.0	-1.0	0.0	19.0	5.0	37.0	30.0	26.0	-1.0	0.0	-1.0	33.0	12.0	10.0	24.0	9.0	0.0	-1.0	19.0	31.0	21.0	-1.0	17.0	52.0	-1.0	16.0	9.0	-1.0	
26.0	5.0	-1.0	12.0	12.0	13.0	10.0	12.0	-1.0	0.0	31.0	31.0	21.0	29.0	28.0	-1.0	-1.0	9.0	25.0	30.0	-1.0	-1.0	-1.0	19.0	-1.0	-1.0	5.0	-1.0	30.0	-1.0	22.0	-1.0	18.0	-1.0	12.0	-1.0	40.0	9.0	0.0	33.0	-1.0	-1.0	21.0	23.0	17.0	52.0	-1.0	30.0	9.0	8.0	

distances_centre_w :
-1.0	43.0	22.0	48.0	27.0	31.0	23.0	-1.0	26.0	19.0	-1.0	-1.0	34.0	31.0	46.0	25.0	46.0	-1.0	43.0	-1.0	22.0	49.0	26.0	39.0	-1.0	22.0	-1.0	-1.0	49.0	-1.0	47.0	-1.0	-1.0	54.0	-1.0	39.0	-1.0	-1.0	19.0	45.0	-1.0	-1.0	30.0	-1.0	29.0	-1.0	32.0	24.0	-1.0	24.0	
36.0	43.0	22.0	48.0	27.0	31.0	23.0	-1.0	26.0	19.0	-1.0	46.0	34.0	-1.0	47.0	-1.0	-1.0	-1.0	43.0	-1.0	48.0	-1.0	29.0	-1.0	35.0	33.0	22.0	40.0	49.0	37.0	-1.0	38.0	-1.0	54.0	25.0	39.0	40.0	25.0	19.0	-1.0	43.0	48.0	44.0	-1.0	29.0	56.0	-1.0	30.0	37.0	-1.0	
36.0	43.0	-1.0	48.0	27.0	31.0	23.0	23.0	-1.0	19.0	57.0	46.0	34.0	31.0	46.0	-1.0	-1.0	26.0	43.0	42.0	-1.0	-1.0	-1.0	39.0	-1.0	-1.0	22.0	-1.0	49.0	-1.0	47.0	-1.0	46.0	-1.0	25.0	-1.0	53.0	25.0	19.0	45.0	-1.0	-1.0	30.0	45.0	29.0	56.0	-1.0	51.0	37.0	24.0	

maxX :
38.0	52.0	52.0	

maxW :
54.0	56.0	57.0	

minX :
0.0	0.0	0.0	

minW :
19.0	19.0	19.0	

moyX :
18.133333333333333	17.571428571428573	19.454545454545453	

moyW :
33.8	36.142857142857146	36.878787878787875	

medX :
18.5	17.0	19.0	

medW :
31.0	37.0	37.0	

ecartTypeX :
9.871620378078205	11.561724325884745	11.706229652290968	

ecartTypeW :
10.581115253129038	10.05454511905041	11.26474138765565	

varX :
97.44888888888889	133.67346938775506	137.03581267217632	

varW :
111.96	101.0938775510204	126.89439853076215	

covarX :
100.80919540229885	137.60504201680672	141.31818181818184	

covarW :
115.8206896551724	104.06722689075629	130.85984848484847	

coef_variationX :
0.5443908296734304	0.6579843112292131	0.6017220849308442	

coef_variationW :
0.3130507471339952	0.2781889953887465	0.3054531354089043	

moy_distances_centre :	44.4
min_distances_centre :	19.0
max_distances_centre :	75.0
med_distances_centre :	39.5
ecartType_distances_centre :	16.68652150689292
var_distances_centre :	278.44
covar_distances_centre :	293.09473684210525
coef_variation_distances_centre :	0.37582255646155227
capacite_X_temoin : 
154.0	163.0	150.0	166.0	151.0	
150.0	175.0	169.0	171.0	156.0	
166.0	147.0	145.0	148.0	159.0	

capacite_W_temoin : 
176.2	157.9	95.0	142.8	103.3	
157.0	114.5	136.7	157.3	113.8	
169.8	133.1	119.5	130.4	70.69999999999999	

demande_cumulee_X : 
24.0	54.0	100.0	73.0	93.0	
38.0	113.0	83.0	65.0	89.0	
46.0	58.0	69.0	62.0	136.0	

demande_cumulee_W : 
57.0	120.0	78.0	31.0	58.0	
76.0	99.0	67.0	77.0	69.0	
74.0	104.0	67.0	78.0	48.0	

capacite_residuelle_X : 
130.0	109.0	50.0	93.0	58.0	
112.0	62.0	86.0	106.0	67.0	
120.0	89.0	76.0	86.0	23.0	

capacite_residuelle_W : 
119.19999999999999	37.900000000000006	17.0	111.80000000000001	45.3	
81.0	15.5	69.69999999999999	80.30000000000001	44.8	
95.80000000000001	29.099999999999994	52.5	52.400000000000006	22.69999999999999	

min_capacite_X : 
150.0	150.0	145.0	

min_capacite_W : 
95.0	113.8	70.69999999999999	

max_capacite_X : 
166.0	175.0	166.0	

max_capacite_W : 
176.2	157.3	169.8	

moy_capacite_X : 
156.8	164.2	153.0	

moy_capacite_W : 
135.04000000000002	135.85999999999999	124.7	

med_capacite_X : 
154.0	169.0	148.0	

med_capacite_W : 
142.8	136.7	130.4	

ecartType_capacite_X : 
6.49307323229917	9.53729521405309	8.12403840463596	

ecartType_capacite_W : 
31.265226690366408	19.23627822630979	31.87506862737711	

var_capacite_X : 
42.16	90.96	66.0	

var_capacite_W : 
977.5144	370.0344000000001	1016.0200000000004	

covar_capacite_X : 
52.699999999999996	113.69999999999999	82.5	

covar_capacite_W : 
1221.893	462.5430000000001	1270.0250000000005	

##########	##########	##########	##########	##########	##########	##########	##########	##########	##########	##########	##########	##########	##########	##########	##########	##########	##########	##########	##########	##########	##########	##########	##########	##########	##########	##########	##########	##########	##########	##########	##########	##########	##########	##########	##########	##########	##########	##########	##########	##########	##########	##########	##########	##########	##########	##########	##########	##########	##########	nombre de noeuds : 50
nombre de strates : 3
nombre de centres : 5
titre : fenetre
instances : p2_1
temps de calcul : 0.023196935653686523
valeur objective : 392.0
nombre de solutions : 3
nombre de noeuds : 1.0
faisability : True
moy_distances :	48.31
min_distances :	1.0
max_distances :	131.0
var_distances :	538.7683705122865
covar_distances :	538.9883657636187
ecartType_distances :	23.211384502271436
coef_variation	: 0.4804411066570216
distances_centre_x :
-1.0	5.0	18.0	12.0	12.0	13.0	0.0	-1.0	17.0	0.0	-1.0	-1.0	21.0	29.0	28.0	21.0	38.0	-1.0	43.0	-1.0	19.0	18.0	26.0	19.0	-1.0	19.0	-1.0	-1.0	43.0	-1.0	22.0	-1.0	-1.0	54.0	-1.0	39.0	-1.0	-1.0	0.0	33.0	-1.0	-1.0	18.0	-1.0	17.0	-1.0	0.0	15.0	-1.0	8.0	
31.0	5.0	18.0	12.0	12.0	13.0	0.0	-1.0	17.0	0.0	-1.0	31.0	21.0	-1.0	28.0	-1.0	-1.0	-1.0	43.0	-1.0	19.0	-1.0	11.0	-1.0	31.0	11.0	5.0	40.0	43.0	26.0	-1.0	0.0	-1.0	54.0	12.0	39.0	24.0	9.0	0.0	-1.0	36.0	31.0	18.0	-1.0	17.0	52.0	-1.0	24.0	28.0	-1.0	
31.0	5.0	-1.0	12.0	12.0	13.0	0.0	12.0	-1.0	0.0	31.0	31.0	21.0	29.0	28.0	-1.0	-1.0	9.0	43.0	34.0	-1.0	-1.0	-1.0	19.0	-1.0	-1.0	5.0	-1.0	43.0	-1.0	22.0	-1.0	46.0	-1.0	12.0	-1.0	24.0	9.0	0.0	33.0	-1.0	-1.0	18.0	45.0	17.0	52.0	-1.0	15.0	28.0	8.0	

distances_centre_w :
-1.0	49.0	51.0	57.0	55.0	38.0	10.0	-1.0	49.0	19.0	-1.0	-1.0	34.0	31.0	30.0	38.0	38.0	-1.0	54.0	-1.0	48.0	49.0	47.0	26.0	-1.0	33.0	-1.0	-1.0	49.0	-1.0	47.0	-1.0	-1.0	60.0	-1.0	40.0	-1.0	-1.0	35.0	45.0	-1.0	-1.0	21.0	-1.0	29.0	-1.0	29.0	24.0	-1.0	24.0	
36.0	49.0	43.0	74.0	43.0	31.0	10.0	-1.0	49.0	19.0	-1.0	46.0	52.0	-1.0	30.0	-1.0	-1.0	-1.0	63.0	-1.0	48.0	-1.0	18.0	-1.0	35.0	57.0	22.0	40.0	49.0	37.0	-1.0	45.0	-1.0	68.0	18.0	40.0	40.0	20.0	10.0	-1.0	43.0	48.0	21.0	-1.0	29.0	86.0	-1.0	38.0	51.0	-1.0	
36.0	49.0	-1.0	84.0	55.0	31.0	10.0	16.0	-1.0	19.0	82.0	46.0	34.0	31.0	30.0	-1.0	-1.0	26.0	54.0	42.0	-1.0	-1.0	-1.0	26.0	-1.0	-1.0	22.0	-1.0	67.0	-1.0	47.0	-1.0	69.0	-1.0	18.0	-1.0	40.0	20.0	35.0	45.0	-1.0	-1.0	21.0	58.0	29.0	86.0	-1.0	24.0	51.0	24.0	

maxX :
54.0	54.0	52.0	

maxW :
60.0	86.0	86.0	

minX :
0.0	0.0	0.0	

minW :
10.0	10.0	10.0	

moyX :
20.233333333333334	21.742857142857144	21.424242424242426	

moyW :
38.63333333333333	40.22857142857143	40.21212121212121	

medX :
18.5	19.0	19.0	

medW :
38.0	40.0	35.0	

ecartTypeX :
13.487483909989372	14.570700261910853	14.199936626043609	

ecartTypeW :
12.437800805966017	17.10987302998011	20.072229535623645	

varX :
181.9122222222222	212.30530612244897	201.63820018365473	

varW :
154.69888888888892	292.7477551020408	402.89439853076215	

covarX :
188.18505747126437	218.54957983193276	207.93939393939394	

covarW :
160.0333333333334	301.3579831932773	415.4848484848485	

coef_variationX :
0.6665972278413198	0.6701373313625227	0.6627976077219789	

coef_variationW :
0.32194480084467686	0.42531644605774427	0.49915868475929187	

moy_distances_centre :	40.2
min_distances_centre :	10.0
max_distances_centre :	75.0
med_distances_centre :	33.5
ecartType_distances_centre :	21.442014830700963
var_distances_centre :	459.76000000000005
covar_distances_centre :	483.9578947368421
coef_variation_distances_centre :	0.5333834535000239
capacite_X_temoin : 
154.0	154.0	150.0	166.0	151.0	
166.0	150.0	169.0	171.0	156.0	
144.0	166.0	145.0	148.0	159.0	

capacite_W_temoin : 
133.2	180.2	65.0	185.8	99.3	
98.8	162.0	103.69999999999999	189.3	113.8	
102.19999999999999	170.8	102.5	169.4	74.69999999999999	

demande_cumulee_X : 
67.0	20.0	130.0	30.0	97.0	
117.0	33.0	116.0	33.0	89.0	
85.0	45.0	86.0	23.0	132.0	

demande_cumulee_W : 
105.0	30.0	59.0	62.0	88.0	
88.0	54.0	36.0	98.0	112.0	
100.0	69.0	45.0	84.0	73.0	

capacite_residuelle_X : 
87.0	134.0	20.0	136.0	54.0	
49.0	117.0	53.0	138.0	67.0	
59.0	121.0	59.0	125.0	27.0	

capacite_residuelle_W : 
28.19999999999999	150.2	6.0	123.80000000000001	11.299999999999997	
10.799999999999997	108.0	67.69999999999999	91.30000000000001	1.7999999999999972	
2.1999999999999886	101.80000000000001	57.5	85.4	1.6999999999999886	

min_capacite_X : 
150.0	150.0	144.0	

min_capacite_W : 
65.0	98.8	74.69999999999999	

max_capacite_X : 
166.0	171.0	166.0	

max_capacite_W : 
185.8	189.3	170.8	

moy_capacite_X : 
155.0	162.4	152.4	

moy_capacite_W : 
132.7	133.51999999999998	123.91999999999999	

med_capacite_X : 
154.0	166.0	148.0	

med_capacite_W : 
133.2	113.8	102.5	

ecartType_capacite_X : 
5.727128425310541	8.06473806146238	8.639444426582072	

ecartType_capacite_W : 
46.42189138757705	35.79415594758452	39.03677240756465	

var_capacite_X : 
32.8	65.03999999999999	74.64000000000001	

var_capacite_W : 
2154.992	1281.2216000000003	1523.8696000000004	

covar_capacite_X : 
41.0	81.3	93.30000000000001	

covar_capacite_W : 
2693.7400000000002	1601.5270000000005	1904.8370000000007	

##########	##########	##########	##########	##########	##########	##########	##########	##########	##########	##########	##########	##########	##########	##########	##########	##########	##########	##########	##########	##########	##########	##########	##########	##########	##########	##########	##########	##########	##########	##########	##########	##########	##########	##########	##########	##########	##########	##########	##########	##########	##########	##########	##########	##########	##########	##########	##########	##########	##########	nombre de noeuds : 50
nombre de strates : 3
nombre de centres : 5
titre : fenetre
instances : p2_1
temps de calcul : 0.025030136108398438
valeur objective : 368.0
nombre de solutions : 3
nombre de noeuds : 1.0
faisability : True
moy_distances :	48.31
min_distances :	1.0
max_distances :	131.0
var_distances :	538.7683705122865
covar_distances :	538.9883657636187
ecartType_distances :	23.211384502271436
coef_variation	: 0.4804411066570216
distances_centre_x :
-1.0	5.0	18.0	12.0	12.0	13.0	0.0	-1.0	17.0	0.0	-1.0	-1.0	21.0	20.0	30.0	21.0	38.0	-1.0	43.0	-1.0	28.0	4.0	11.0	19.0	-1.0	11.0	-1.0	-1.0	43.0	-1.0	0.0	-1.0	-1.0	54.0	-1.0	39.0	-1.0	-1.0	10.0	33.0	-1.0	-1.0	18.0	-1.0	17.0	-1.0	0.0	15.0	-1.0	8.0	
31.0	5.0	18.0	12.0	12.0	13.0	0.0	-1.0	39.0	0.0	-1.0	9.0	21.0	-1.0	30.0	-1.0	-1.0	-1.0	54.0	-1.0	19.0	-1.0	11.0	-1.0	31.0	11.0	5.0	5.0	43.0	26.0	-1.0	0.0	-1.0	54.0	12.0	39.0	24.0	9.0	19.0	-1.0	36.0	48.0	18.0	-1.0	17.0	52.0	-1.0	15.0	28.0	-1.0	
31.0	5.0	-1.0	12.0	12.0	13.0	0.0	12.0	-1.0	0.0	10.0	9.0	21.0	20.0	30.0	-1.0	-1.0	9.0	43.0	34.0	-1.0	-1.0	-1.0	19.0	-1.0	-1.0	5.0	-1.0	43.0	-1.0	0.0	-1.0	46.0	-1.0	12.0	-1.0	24.0	9.0	10.0	33.0	-1.0	-1.0	18.0	52.0	17.0	52.0	-1.0	15.0	28.0	8.0	

distances_centre_w :
-1.0	21.0	39.0	57.0	33.0	31.0	23.0	-1.0	30.0	32.0	-1.0	-1.0	28.0	29.0	47.0	38.0	57.0	-1.0	54.0	-1.0	35.0	18.0	18.0	26.0	-1.0	57.0	-1.0	-1.0	62.0	-1.0	22.0	-1.0	-1.0	60.0	-1.0	40.0	-1.0	-1.0	19.0	45.0	-1.0	-1.0	39.0	-1.0	29.0	-1.0	29.0	30.0	-1.0	24.0	
52.0	21.0	69.0	25.0	33.0	31.0	23.0	-1.0	63.0	23.0	-1.0	31.0	28.0	-1.0	47.0	-1.0	-1.0	-1.0	59.0	-1.0	28.0	-1.0	18.0	-1.0	55.0	33.0	72.0	33.0	65.0	37.0	-1.0	22.0	-1.0	60.0	18.0	40.0	49.0	50.0	35.0	-1.0	52.0	48.0	39.0	-1.0	49.0	73.0	-1.0	65.0	40.0	-1.0	
52.0	21.0	-1.0	25.0	33.0	31.0	23.0	16.0	-1.0	23.0	31.0	31.0	28.0	29.0	47.0	-1.0	-1.0	32.0	65.0	38.0	-1.0	-1.0	-1.0	26.0	-1.0	-1.0	24.0	-1.0	65.0	-1.0	22.0	-1.0	54.0	-1.0	18.0	-1.0	50.0	20.0	19.0	45.0	-1.0	-1.0	39.0	58.0	29.0	73.0	-1.0	30.0	40.0	24.0	

maxX :
54.0	54.0	52.0	

maxW :
62.0	73.0	73.0	

minX :
0.0	0.0	0.0	

minW :
18.0	18.0	16.0	

moyX :
18.666666666666668	21.885714285714286	19.757575757575758	

moyW :
35.733333333333334	42.457142857142856	35.18181818181818	

medX :
17.0	18.0	15.0	

medW :
31.5	40.0	31.0	

ecartTypeX :
14.019827229875393	15.60727198377443	14.717605007383222	

ecartTypeW :
13.218505546728379	16.264497457684342	14.929033225827157	

varX :
196.55555555555554	243.58693877551025	216.6078971533517	

varW :
174.7288888888889	264.5338775510204	222.8760330578512	

covarX :
203.3333333333333	250.75126050420172	223.37689393939394	

covarW :
180.75402298850577	272.3142857142857	229.8409090909091	

coef_variationX :
0.7510621730290389	0.7131260044805549	0.7449094558951631	

coef_variationW :
0.3699208641808315	0.38308035734788154	0.42433944569534554	

moy_distances_centre :	48.6
min_distances_centre :	22.0
max_distances_centre :	79.0
med_distances_centre :	46.0
ecartType_distances_centre :	20.94373414651742
var_distances_centre :	438.6399999999999
covar_distances_centre :	461.7263157894735
coef_variation_distances_centre :	0.43094103182134613
capacite_X_temoin : 
154.0	154.0	163.0	150.0	151.0	
166.0	150.0	144.0	169.0	156.0	
144.0	166.0	157.0	145.0	159.0	

capacite_W_temoin : 
106.19999999999999	180.2	150.9	102.0	120.3	
73.8	152.0	180.2	115.69999999999999	110.8	
80.19999999999999	170.8	156.1	130.5	93.69999999999999	

demande_cumulee_X : 
94.0	20.0	61.0	93.0	76.0	
142.0	43.0	7.0	104.0	92.0	
107.0	45.0	48.0	58.0	113.0	

demande_cumulee_W : 
48.0	101.0	69.0	63.0	63.0	
59.0	105.0	102.0	53.0	69.0	
79.0	95.0	63.0	51.0	83.0	

capacite_residuelle_X : 
60.0	134.0	102.0	57.0	75.0	
24.0	107.0	137.0	65.0	64.0	
37.0	121.0	109.0	87.0	46.0	

capacite_residuelle_W : 
58.19999999999999	79.19999999999999	81.9	39.0	57.3	
14.799999999999997	47.0	78.19999999999999	62.69999999999999	41.8	
1.1999999999999886	75.80000000000001	93.1	79.5	10.699999999999989	

min_capacite_X : 
150.0	144.0	144.0	

min_capacite_W : 
102.0	73.8	80.19999999999999	

max_capacite_X : 
163.0	169.0	166.0	

max_capacite_W : 
180.2	180.2	170.8	

moy_capacite_X : 
154.4	157.0	154.2	

moy_capacite_W : 
131.92	126.5	126.25999999999999	

med_capacite_X : 
154.0	156.0	157.0	

med_capacite_W : 
120.3	115.69999999999999	130.5	

ecartType_capacite_X : 
4.586937976471886	9.423375191511797	8.471127433818948	

ecartType_capacite_W : 
29.607255867438983	36.53590015313705	34.853671255694145	

var_capacite_X : 
21.04	88.8	71.76	

var_capacite_W : 
876.5896	1334.8719999999998	1214.7784000000004	

covar_capacite_X : 
26.299999999999997	111.0	89.7	

covar_capacite_W : 
1095.737	1668.59	1518.4730000000004	

##########	##########	##########	##########	##########	##########	##########	##########	##########	##########	##########	##########	##########	##########	##########	##########	##########	##########	##########	##########	##########	##########	##########	##########	##########	##########	##########	##########	##########	##########	##########	##########	##########	##########	##########	##########	##########	##########	##########	##########	##########	##########	##########	##########	##########	##########	##########	##########	##########	##########	