nombre de noeuds : 50
nombre de strates : 5
nombre de centres : 5
titre : intelligent
instances : p3_2
temps de calcul : 0.0369570255279541
valeur objective : 637.0
nombre de solutions : 3
nombre de noeuds : 1.0
faisability : True
moy_distances :	51.65
min_distances :	2.0
max_distances :	118.0
var_distances :	623.8793795918367
covar_distances :	624.1341282155983
ecartType_distances :	24.977577536499346
coef_variation	: 0.4836331122911469
distances_centre_x :
-1.0	-1.0	34.0	11.0	41.0	-1.0	-1.0	14.0	-1.0	0.0	47.0	-1.0	-1.0	28.0	-1.0	19.0	22.0	28.0	42.0	29.0	-1.0	-1.0	-1.0	-1.0	0.0	9.0	19.0	-1.0	14.0	17.0	-1.0	-1.0	25.0	20.0	17.0	26.0	10.0	4.0	12.0	25.0	-1.0	0.0	44.0	21.0	24.0	13.0	24.0	-1.0	50.0	4.0	
38.0	32.0	-1.0	11.0	-1.0	-1.0	0.0	-1.0	53.0	0.0	35.0	14.0	2.0	28.0	-1.0	-1.0	-1.0	28.0	38.0	29.0	34.0	-1.0	-1.0	-1.0	0.0	-1.0	13.0	54.0	14.0	-1.0	-1.0	21.0	-1.0	-1.0	17.0	-1.0	10.0	-1.0	12.0	25.0	-1.0	0.0	-1.0	-1.0	24.0	-1.0	24.0	0.0	-1.0	4.0	
38.0	32.0	-1.0	11.0	-1.0	-1.0	-1.0	14.0	-1.0	0.0	35.0	-1.0	2.0	28.0	60.0	-1.0	49.0	28.0	38.0	29.0	34.0	-1.0	35.0	61.0	-1.0	-1.0	-1.0	54.0	14.0	-1.0	29.0	-1.0	-1.0	20.0	17.0	-1.0	10.0	4.0	-1.0	25.0	20.0	0.0	-1.0	-1.0	24.0	-1.0	24.0	0.0	-1.0	4.0	
38.0	-1.0	34.0	11.0	-1.0	17.0	0.0	14.0	53.0	-1.0	35.0	-1.0	2.0	28.0	-1.0	-1.0	-1.0	28.0	38.0	29.0	-1.0	29.0	-1.0	61.0	0.0	9.0	-1.0	-1.0	14.0	-1.0	29.0	21.0	-1.0	-1.0	17.0	-1.0	-1.0	4.0	-1.0	25.0	20.0	0.0	-1.0	-1.0	24.0	-1.0	24.0	0.0	-1.0	4.0	
38.0	32.0	40.0	11.0	-1.0	-1.0	0.0	-1.0	53.0	0.0	-1.0	14.0	2.0	28.0	60.0	-1.0	22.0	28.0	38.0	29.0	-1.0	-1.0	35.0	61.0	0.0	9.0	13.0	-1.0	-1.0	-1.0	29.0	21.0	25.0	20.0	17.0	-1.0	-1.0	-1.0	-1.0	25.0	-1.0	0.0	-1.0	-1.0	24.0	-1.0	33.0	0.0	50.0	4.0	

distances_centre_w :
-1.0	-1.0	70.0	34.0	43.0	-1.0	-1.0	31.0	-1.0	42.0	48.0	-1.0	-1.0	70.0	-1.0	23.0	47.0	69.0	49.0	52.0	-1.0	-1.0	-1.0	-1.0	17.0	21.0	39.0	-1.0	56.0	29.0	-1.0	-1.0	26.0	70.0	21.0	50.0	15.0	69.0	41.0	25.0	-1.0	17.0	61.0	35.0	66.0	32.0	33.0	-1.0	53.0	10.0	
39.0	62.0	-1.0	38.0	-1.0	-1.0	6.0	-1.0	70.0	42.0	47.0	41.0	42.0	70.0	-1.0	-1.0	-1.0	69.0	41.0	52.0	38.0	-1.0	-1.0	-1.0	17.0	-1.0	19.0	68.0	56.0	-1.0	-1.0	38.0	-1.0	-1.0	21.0	-1.0	15.0	-1.0	41.0	25.0	-1.0	17.0	-1.0	-1.0	66.0	-1.0	33.0	6.0	-1.0	10.0	
39.0	62.0	-1.0	34.0	-1.0	-1.0	-1.0	31.0	-1.0	42.0	47.0	-1.0	42.0	70.0	70.0	-1.0	54.0	69.0	41.0	52.0	37.0	-1.0	43.0	70.0	-1.0	-1.0	-1.0	68.0	56.0	-1.0	33.0	-1.0	-1.0	62.0	21.0	-1.0	15.0	13.0	-1.0	63.0	31.0	17.0	-1.0	-1.0	66.0	-1.0	33.0	6.0	-1.0	10.0	
39.0	-1.0	37.0	34.0	-1.0	64.0	6.0	31.0	70.0	-1.0	47.0	-1.0	42.0	70.0	-1.0	-1.0	-1.0	69.0	41.0	52.0	-1.0	63.0	-1.0	70.0	17.0	21.0	-1.0	-1.0	56.0	-1.0	33.0	38.0	-1.0	-1.0	21.0	-1.0	-1.0	13.0	-1.0	63.0	31.0	17.0	-1.0	-1.0	66.0	-1.0	33.0	42.0	-1.0	50.0	
39.0	62.0	70.0	34.0	-1.0	-1.0	6.0	-1.0	70.0	42.0	-1.0	41.0	42.0	70.0	63.0	-1.0	47.0	69.0	41.0	52.0	-1.0	-1.0	43.0	70.0	17.0	21.0	19.0	-1.0	-1.0	-1.0	33.0	38.0	26.0	62.0	21.0	-1.0	-1.0	-1.0	-1.0	25.0	-1.0	17.0	-1.0	-1.0	66.0	-1.0	39.0	42.0	53.0	50.0	

maxX :
50.0	54.0	61.0	61.0	61.0	

maxW :
70.0	70.0	70.0	70.0	70.0	

minX :
0.0	0.0	0.0	0.0	0.0	

minW :
10.0	6.0	6.0	6.0	6.0	

moyX :
21.0	20.0	24.633333333333333	20.96551724137931	23.78125	

moyW :
41.333333333333336	38.892857142857146	43.233333333333334	42.62068965517241	43.4375	

medX :
20.0	19.0	24.5	21.0	24.5	

medW :
41.0	40.0	42.0	41.0	42.0	

ecartTypeX :
13.307550829920173	15.44575762374344	17.045983560814424	15.501908133095878	17.352475282722637	

ecartTypeW :
18.014584439427196	19.815829324979934	19.539162952616184	18.740356219893837	18.208750471957156	

varX :
177.0909090909091	238.57142857142858	290.5655555555556	240.30915576694414	301.1083984375	

varW :
324.5252525252525	392.66709183673476	381.77888888888884	351.20095124851366	331.55859375	

covarX :
182.625	247.4074074074074	300.5850574712644	248.8916256157636	310.8215725806451	

covarW :
334.66666666666663	407.21031746031747	394.9436781609196	363.743842364532	342.2540322580645	

coef_variationX :
0.6336928966628653	0.772287881187172	0.6919885072049158	0.7394002234535862	0.7296704455284158	

coef_variationW :
0.43583672030872245	0.5094979073456731	0.4519467144012996	0.4397009145444347	0.4191942554695173	

moy_distances_centre :	62.9
min_distances_centre :	6.0
max_distances_centre :	103.0
med_distances_centre :	72.0
ecartType_distances_centre :	31.93884781891795
var_distances_centre :	1020.0899999999999
covar_distances_centre :	1073.778947368421
coef_variation_distances_centre :	0.5077718254199992
capacite_X_temoin : 
177.0	163.0	153.0	177.0	172.0	
156.0	171.0	163.0	168.0	159.0	
163.0	177.0	163.0	144.0	177.0	
166.0	154.0	162.0	172.0	139.0	
163.0	156.0	168.0	159.0	154.0	

capacite_W_temoin : 
215.1	57.9	130.9	183.1	135.6	
177.8	98.3	136.9	184.4	175.7	
196.9	68.1	155.9	147.2	188.1	
173.8	48.199999999999996	129.6	202.6	158.7	
186.9	59.8	116.4	167.7	117.19999999999999	

demande_cumulee_X : 
15.0	154.0	68.0	47.0	88.0	
25.0	124.0	75.0	34.0	31.0	
15.0	162.0	56.0	40.0	42.0	
42.0	152.0	81.0	21.0	22.0	
25.0	143.0	102.0	39.0	83.0	

demande_cumulee_W : 
85.0	27.0	95.0	73.0	92.0	
57.0	4.0	68.0	48.0	112.0	
43.0	4.0	87.0	31.0	150.0	
13.0	35.0	73.0	72.0	125.0	
89.0	42.0	84.0	61.0	116.0	

capacite_residuelle_X : 
162.0	9.0	85.0	130.0	84.0	
131.0	47.0	88.0	134.0	128.0	
148.0	15.0	107.0	104.0	135.0	
124.0	2.0	81.0	151.0	117.0	
138.0	13.0	66.0	120.0	71.0	

capacite_residuelle_W : 
130.1	30.9	35.900000000000006	110.1	43.599999999999994	
120.80000000000001	94.3	68.9	136.4	63.69999999999999	
153.9	64.1	68.9	116.19999999999999	38.099999999999994	
160.8	13.199999999999996	56.599999999999994	130.6	33.69999999999999	
97.9	17.799999999999997	32.400000000000006	106.69999999999999	1.1999999999999886	

min_capacite_X : 
153.0	156.0	144.0	139.0	154.0	

min_capacite_W : 
57.9	98.3	68.1	48.199999999999996	59.8	

max_capacite_X : 
177.0	171.0	177.0	172.0	168.0	

max_capacite_W : 
215.1	184.4	196.9	202.6	186.9	

moy_capacite_X : 
168.4	163.4	164.8	158.6	160.0	

moy_capacite_W : 
144.52	154.61999999999998	151.23999999999998	142.58	129.6	

med_capacite_X : 
172.0	163.0	163.0	162.0	159.0	

med_capacite_W : 
135.6	175.7	155.9	158.7	117.19999999999999	

ecartType_capacite_X : 
9.243376006633074	5.535341001239218	12.139192724394814	11.412274094149685	5.019960159204453	

ecartType_capacite_W : 
53.36299841650579	32.72451069152906	45.59340303157903	52.7503706148118	44.57564357359297	

var_capacite_X : 
85.44000000000001	30.639999999999997	147.35999999999999	130.24	25.2	

var_capacite_W : 
2847.6095999999993	1070.8936	2078.7583999999997	2782.6016	1986.988	

covar_capacite_X : 
106.80000000000001	38.3	184.2	162.8	31.5	

covar_capacite_W : 
3559.5119999999993	1338.6170000000002	2598.448	3478.252	2483.735	

##########	##########	##########	##########	##########	##########	##########	##########	##########	##########	##########	##########	##########	##########	##########	##########	##########	##########	##########	##########	##########	##########	##########	##########	##########	##########	##########	##########	##########	##########	##########	##########	##########	##########	##########	##########	##########	##########	##########	##########	##########	##########	##########	##########	##########	##########	##########	##########	##########	##########	nombre de noeuds : 50
nombre de strates : 5
nombre de centres : 5
titre : intelligent
instances : p3_2
temps de calcul : 0.04402303695678711
valeur objective : 565.0
nombre de solutions : 4
nombre de noeuds : 1.0
faisability : True
moy_distances :	51.65
min_distances :	2.0
max_distances :	118.0
var_distances :	623.8793795918367
covar_distances :	624.1341282155983
ecartType_distances :	24.977577536499346
coef_variation	: 0.4836331122911469
distances_centre_x :
-1.0	-1.0	34.0	11.0	11.0	-1.0	-1.0	35.0	-1.0	0.0	35.0	-1.0	-1.0	28.0	-1.0	19.0	22.0	28.0	38.0	29.0	-1.0	-1.0	-1.0	-1.0	0.0	9.0	19.0	-1.0	14.0	13.0	-1.0	-1.0	25.0	20.0	17.0	26.0	15.0	4.0	12.0	25.0	-1.0	17.0	34.0	21.0	24.0	32.0	33.0	-1.0	0.0	4.0	
14.0	32.0	-1.0	11.0	-1.0	-1.0	0.0	-1.0	37.0	0.0	35.0	14.0	2.0	28.0	-1.0	-1.0	-1.0	28.0	38.0	29.0	34.0	-1.0	-1.0	-1.0	0.0	-1.0	19.0	30.0	14.0	-1.0	-1.0	21.0	-1.0	-1.0	17.0	-1.0	15.0	-1.0	12.0	25.0	-1.0	17.0	-1.0	-1.0	24.0	-1.0	24.0	0.0	-1.0	4.0	
14.0	32.0	-1.0	11.0	-1.0	-1.0	-1.0	14.0	-1.0	0.0	35.0	-1.0	2.0	28.0	12.0	-1.0	22.0	28.0	38.0	29.0	34.0	-1.0	35.0	26.0	-1.0	-1.0	-1.0	30.0	14.0	-1.0	29.0	-1.0	-1.0	20.0	17.0	-1.0	15.0	4.0	-1.0	25.0	20.0	17.0	-1.0	-1.0	24.0	-1.0	24.0	0.0	-1.0	4.0	
14.0	-1.0	37.0	11.0	-1.0	17.0	0.0	14.0	37.0	-1.0	35.0	-1.0	2.0	28.0	-1.0	-1.0	-1.0	28.0	38.0	29.0	-1.0	24.0	-1.0	26.0	0.0	9.0	-1.0	-1.0	14.0	-1.0	29.0	21.0	-1.0	-1.0	17.0	-1.0	-1.0	4.0	-1.0	25.0	20.0	17.0	-1.0	-1.0	24.0	-1.0	24.0	0.0	-1.0	4.0	
14.0	32.0	37.0	11.0	-1.0	-1.0	0.0	-1.0	37.0	0.0	-1.0	14.0	2.0	28.0	12.0	-1.0	22.0	28.0	38.0	29.0	-1.0	-1.0	35.0	26.0	0.0	9.0	13.0	-1.0	-1.0	-1.0	33.0	21.0	25.0	20.0	17.0	-1.0	-1.0	-1.0	-1.0	25.0	-1.0	17.0	-1.0	-1.0	24.0	-1.0	24.0	0.0	0.0	4.0	

distances_centre_w :
-1.0	-1.0	37.0	34.0	41.0	-1.0	-1.0	75.0	-1.0	42.0	48.0	-1.0	-1.0	70.0	-1.0	23.0	47.0	69.0	41.0	52.0	-1.0	-1.0	-1.0	-1.0	69.0	73.0	71.0	-1.0	56.0	17.0	-1.0	-1.0	52.0	62.0	21.0	50.0	65.0	69.0	41.0	25.0	-1.0	75.0	65.0	66.0	71.0	66.0	57.0	-1.0	53.0	10.0	
39.0	37.0	-1.0	34.0	-1.0	-1.0	6.0	-1.0	53.0	69.0	48.0	41.0	42.0	70.0	-1.0	-1.0	-1.0	69.0	50.0	52.0	67.0	-1.0	-1.0	-1.0	69.0	-1.0	39.0	54.0	56.0	-1.0	-1.0	59.0	-1.0	-1.0	21.0	-1.0	65.0	-1.0	41.0	63.0	-1.0	75.0	-1.0	-1.0	66.0	-1.0	33.0	6.0	-1.0	10.0	
38.0	56.0	-1.0	34.0	-1.0	-1.0	-1.0	31.0	-1.0	42.0	48.0	-1.0	42.0	70.0	60.0	-1.0	47.0	69.0	50.0	52.0	38.0	-1.0	43.0	61.0	-1.0	-1.0	-1.0	54.0	72.0	-1.0	33.0	-1.0	-1.0	62.0	21.0	-1.0	65.0	69.0	-1.0	25.0	31.0	75.0	-1.0	-1.0	66.0	-1.0	33.0	6.0	-1.0	10.0	
39.0	-1.0	64.0	34.0	-1.0	22.0	6.0	31.0	53.0	-1.0	48.0	-1.0	42.0	70.0	-1.0	-1.0	-1.0	69.0	50.0	52.0	-1.0	29.0	-1.0	61.0	69.0	60.0	-1.0	-1.0	56.0	-1.0	33.0	59.0	-1.0	-1.0	21.0	-1.0	-1.0	69.0	-1.0	25.0	31.0	75.0	-1.0	-1.0	66.0	-1.0	54.0	6.0	-1.0	10.0	
38.0	67.0	64.0	34.0	-1.0	-1.0	6.0	-1.0	53.0	42.0	-1.0	41.0	42.0	70.0	60.0	-1.0	47.0	69.0	50.0	52.0	-1.0	-1.0	43.0	61.0	69.0	60.0	19.0	-1.0	-1.0	-1.0	40.0	59.0	52.0	68.0	21.0	-1.0	-1.0	-1.0	-1.0	25.0	-1.0	75.0	-1.0	-1.0	67.0	-1.0	54.0	6.0	53.0	10.0	

maxX :
38.0	38.0	38.0	38.0	38.0	

maxW :
75.0	75.0	75.0	75.0	75.0	

minX :
0.0	0.0	0.0	0.0	0.0	

minW :
10.0	6.0	6.0	6.0	6.0	

moyX :
19.818181818181817	18.714285714285715	20.1	18.896551724137932	18.65625	

moyW :
51.90909090909091	47.642857142857146	46.766666666666666	44.96551724137931	47.40625	

medX :
20.0	18.0	21.0	20.0	20.5	

medW :
53.0	51.0	47.5	50.0	52.0	

ecartTypeX :
10.986091883651486	11.915947126366722	10.851574386542566	11.544053037091725	12.118192354369524	

ecartTypeW :
18.141470383031308	19.398479847868575	18.12490613002512	20.18104737144045	19.153751876264348	

varX :
120.69421487603306	141.98979591836735	117.75666666666667	133.26516052318667	146.8505859375	

varW :
329.11294765840216	376.30102040816325	328.51222222222225	407.2746730083235	366.8662109375	

covarX :
124.4659090909091	147.24867724867724	121.81724137931037	138.02463054187191	151.58770161290323	

covarW :
339.39772727272725	390.23809523809524	339.84022988505745	421.8201970443349	378.7006048387097	

coef_variationX :
0.5543440858723228	0.6367299991188324	0.5398793227135604	0.6109079161964599	0.649551348977931	

coef_variationW :
0.34948541893755586	0.40716449455796105	0.3875603591594823	0.4488116363280468	0.404034317759037	

moy_distances_centre :	59.5
min_distances_centre :	6.0
max_distances_centre :	90.0
med_distances_centre :	61.0
ecartType_distances_centre :	23.992707225321613
var_distances_centre :	575.65
covar_distances_centre :	605.9473684210526
coef_variation_distances_centre :	0.40323877689616155
capacite_X_temoin : 
177.0	163.0	153.0	172.0	156.0	
156.0	171.0	163.0	159.0	175.0	
163.0	177.0	163.0	177.0	135.0	
166.0	154.0	162.0	139.0	157.0	
163.0	156.0	168.0	154.0	177.0	

capacite_W_temoin : 
213.1	61.9	92.9	149.6	177.8	
172.8	98.3	129.9	181.7	199.5	
196.9	53.1	144.9	208.1	141.5	
181.8	66.19999999999999	125.6	151.7	168.1	
182.9	63.8	116.4	143.2	165.1	

demande_cumulee_X : 
17.0	150.0	106.0	74.0	25.0	
30.0	124.0	82.0	25.0	28.0	
15.0	177.0	67.0	22.0	34.0	
34.0	134.0	85.0	29.0	36.0	
29.0	139.0	102.0	57.0	65.0	

demande_cumulee_W : 
48.0	61.0	89.0	82.0	92.0	
26.0	80.0	61.0	104.0	18.0	
22.0	47.0	85.0	148.0	13.0	
30.0	64.0	69.0	138.0	17.0	
56.0	62.0	105.0	109.0	60.0	

capacite_residuelle_X : 
160.0	13.0	47.0	98.0	131.0	
126.0	47.0	81.0	134.0	147.0	
148.0	0.0	96.0	155.0	101.0	
132.0	20.0	77.0	110.0	121.0	
134.0	17.0	66.0	97.0	112.0	

capacite_residuelle_W : 
165.1	0.8999999999999986	3.9000000000000057	67.6	85.80000000000001	
146.8	18.299999999999997	68.9	77.69999999999999	181.5	
174.9	6.100000000000001	59.900000000000006	60.099999999999994	128.5	
151.8	2.1999999999999886	56.599999999999994	13.699999999999989	151.1	
126.9	1.7999999999999972	11.400000000000006	34.19999999999999	105.1	

min_capacite_X : 
153.0	156.0	135.0	139.0	154.0	

min_capacite_W : 
61.9	98.3	53.1	66.19999999999999	63.8	

max_capacite_X : 
177.0	175.0	177.0	166.0	177.0	

max_capacite_W : 
213.1	199.5	208.1	181.8	182.9	

moy_capacite_X : 
164.2	164.8	163.0	155.6	163.6	

moy_capacite_W : 
139.06	156.44	148.9	138.68	134.28	

med_capacite_X : 
163.0	163.0	163.0	157.0	163.0	

med_capacite_W : 
149.6	172.8	144.9	151.7	143.2	

ecartType_capacite_X : 
9.15204895091804	7.166589146867566	15.336231610144651	9.264987857520376	8.357032966310472	

ecartType_capacite_W : 
55.09666414584461	36.998681057572846	54.87629725118123	40.78928290617525	41.66645653280346	

var_capacite_X : 
83.75999999999999	51.35999999999999	235.2	85.84	69.84	

var_capacite_W : 
3035.6423999999997	1368.9023999999997	3011.4080000000004	1663.7656000000006	1736.0936000000002	

covar_capacite_X : 
104.69999999999999	64.19999999999999	294.0	107.30000000000001	87.30000000000001	

covar_capacite_W : 
3794.553	1711.1279999999997	3764.2600000000007	2079.707000000001	2170.117	

##########	##########	##########	##########	##########	##########	##########	##########	##########	##########	##########	##########	##########	##########	##########	##########	##########	##########	##########	##########	##########	##########	##########	##########	##########	##########	##########	##########	##########	##########	##########	##########	##########	##########	##########	##########	##########	##########	##########	##########	##########	##########	##########	##########	##########	##########	##########	##########	##########	##########	nombre de noeuds : 50
nombre de strates : 5
nombre de centres : 5
titre : intelligent
instances : p3_2
temps de calcul : 0.041116952896118164
valeur objective : 641.0
nombre de solutions : 4
nombre de noeuds : 1.0
faisability : True
moy_distances :	51.65
min_distances :	2.0
max_distances :	118.0
var_distances :	623.8793795918367
covar_distances :	624.1341282155983
ecartType_distances :	24.977577536499346
coef_variation	: 0.4836331122911469
distances_centre_x :
-1.0	-1.0	34.0	34.0	18.0	-1.0	-1.0	14.0	-1.0	0.0	35.0	-1.0	-1.0	28.0	-1.0	19.0	22.0	28.0	41.0	29.0	-1.0	-1.0	-1.0	-1.0	0.0	9.0	19.0	-1.0	14.0	13.0	-1.0	-1.0	25.0	20.0	14.0	26.0	15.0	4.0	41.0	0.0	-1.0	17.0	44.0	21.0	24.0	38.0	33.0	-1.0	29.0	4.0	
15.0	32.0	-1.0	11.0	-1.0	-1.0	0.0	-1.0	53.0	0.0	35.0	14.0	2.0	28.0	-1.0	-1.0	-1.0	28.0	38.0	29.0	38.0	-1.0	-1.0	-1.0	0.0	-1.0	13.0	54.0	14.0	-1.0	-1.0	21.0	-1.0	-1.0	14.0	-1.0	15.0	-1.0	12.0	0.0	-1.0	17.0	-1.0	-1.0	24.0	-1.0	24.0	0.0	-1.0	4.0	
15.0	32.0	-1.0	34.0	-1.0	-1.0	-1.0	14.0	-1.0	0.0	35.0	-1.0	2.0	28.0	41.0	-1.0	22.0	28.0	38.0	29.0	34.0	-1.0	35.0	54.0	-1.0	-1.0	-1.0	54.0	14.0	-1.0	29.0	-1.0	-1.0	20.0	14.0	-1.0	15.0	4.0	-1.0	0.0	20.0	17.0	-1.0	-1.0	24.0	-1.0	24.0	0.0	-1.0	4.0	
15.0	-1.0	34.0	34.0	-1.0	17.0	0.0	14.0	53.0	-1.0	35.0	-1.0	2.0	28.0	-1.0	-1.0	-1.0	28.0	42.0	29.0	-1.0	24.0	-1.0	54.0	0.0	9.0	-1.0	-1.0	14.0	-1.0	29.0	21.0	-1.0	-1.0	14.0	-1.0	-1.0	4.0	-1.0	0.0	20.0	17.0	-1.0	-1.0	24.0	-1.0	24.0	0.0	-1.0	4.0	
15.0	32.0	34.0	11.0	-1.0	-1.0	0.0	-1.0	53.0	0.0	-1.0	14.0	2.0	28.0	41.0	-1.0	22.0	28.0	41.0	29.0	-1.0	-1.0	43.0	54.0	0.0	9.0	25.0	-1.0	-1.0	-1.0	40.0	21.0	25.0	20.0	14.0	-1.0	-1.0	-1.0	-1.0	0.0	-1.0	17.0	-1.0	-1.0	24.0	-1.0	24.0	0.0	29.0	4.0	

distances_centre_w :
-1.0	-1.0	37.0	77.0	41.0	-1.0	-1.0	31.0	-1.0	42.0	48.0	-1.0	-1.0	70.0	-1.0	23.0	47.0	69.0	42.0	52.0	-1.0	-1.0	-1.0	-1.0	69.0	81.0	25.0	-1.0	56.0	17.0	-1.0	-1.0	31.0	62.0	17.0	79.0	65.0	69.0	57.0	25.0	-1.0	75.0	70.0	81.0	66.0	52.0	47.0	-1.0	53.0	26.0	
38.0	37.0	-1.0	34.0	-1.0	-1.0	6.0	-1.0	63.0	42.0	72.0	41.0	42.0	70.0	-1.0	-1.0	-1.0	69.0	41.0	52.0	67.0	-1.0	-1.0	-1.0	69.0	-1.0	19.0	55.0	56.0	-1.0	-1.0	74.0	-1.0	-1.0	17.0	-1.0	65.0	-1.0	41.0	25.0	-1.0	75.0	-1.0	-1.0	66.0	-1.0	33.0	6.0	-1.0	10.0	
39.0	56.0	-1.0	38.0	-1.0	-1.0	-1.0	31.0	-1.0	42.0	48.0	-1.0	42.0	70.0	60.0	-1.0	47.0	69.0	41.0	52.0	67.0	-1.0	43.0	61.0	-1.0	-1.0	-1.0	55.0	56.0	-1.0	33.0	-1.0	-1.0	62.0	17.0	-1.0	65.0	69.0	-1.0	25.0	31.0	75.0	-1.0	-1.0	66.0	-1.0	33.0	6.0	-1.0	10.0	
38.0	-1.0	37.0	38.0	-1.0	23.0	6.0	31.0	63.0	-1.0	48.0	-1.0	42.0	70.0	-1.0	-1.0	-1.0	69.0	49.0	52.0	-1.0	25.0	-1.0	61.0	69.0	60.0	-1.0	-1.0	56.0	-1.0	40.0	74.0	-1.0	-1.0	17.0	-1.0	-1.0	69.0	-1.0	25.0	31.0	75.0	-1.0	-1.0	66.0	-1.0	39.0	25.0	-1.0	10.0	
38.0	56.0	37.0	34.0	-1.0	-1.0	6.0	-1.0	63.0	42.0	-1.0	41.0	42.0	70.0	60.0	-1.0	47.0	69.0	49.0	52.0	-1.0	-1.0	69.0	61.0	69.0	60.0	71.0	-1.0	-1.0	-1.0	45.0	74.0	31.0	62.0	21.0	-1.0	-1.0	-1.0	-1.0	63.0	-1.0	75.0	-1.0	-1.0	66.0	-1.0	33.0	25.0	50.0	26.0	

maxX :
44.0	54.0	54.0	54.0	54.0	

maxW :
81.0	75.0	75.0	75.0	75.0	

minX :
0.0	0.0	0.0	0.0	0.0	

minW :
17.0	6.0	6.0	6.0	6.0	

moyX :
21.575757575757574	19.107142857142858	22.666666666666668	20.310344827586206	21.84375	

moyW :
51.57575757575758	45.892857142857146	46.96666666666667	45.10344827586207	50.21875	

medX :
21.0	15.0	23.0	20.0	23.0	

medW :
52.0	42.0	47.5	42.0	51.0	

ecartTypeX :
12.170581278990054	15.145341777293122	14.581571322125136	14.84425686755856	15.362513984940746	

ecartTypeW :
19.462520785735077	21.309520484171063	18.067435407999174	19.80307330308416	17.377669534132014	

varX :
148.1230486685032	229.3813775510204	212.62222222222218	220.3519619500595	236.0068359375	

varW :
378.7897153351699	454.09566326530614	326.43222222222226	392.1617122473246	301.9833984375	

covarX :
152.75189393939394	237.8769841269841	219.9540229885057	228.22167487684732	243.61995967741936	

covarW :
390.62689393939394	470.91402116402116	337.68850574712644	406.167487684729	311.72479838709677	

coef_variationX :
0.5640859300655503	0.7926534014284251	0.6433046171525795	0.7308717303212194	0.7032910551045835	

coef_variationW :
0.3773579235777071	0.4643319638574239	0.3846863465152414	0.43905896467082617	0.3460394680100961	

moy_distances_centre :	53.7
min_distances_centre :	6.0
max_distances_centre :	90.0
med_distances_centre :	54.5
ecartType_distances_centre :	27.900000000000002
var_distances_centre :	778.4100000000001
covar_distances_centre :	819.378947368421
coef_variation_distances_centre :	0.5195530726256984
capacite_X_temoin : 
177.0	163.0	153.0	177.0	172.0	
156.0	171.0	163.0	159.0	159.0	
163.0	177.0	163.0	157.0	177.0	
166.0	154.0	162.0	151.0	139.0	
163.0	156.0	168.0	153.0	154.0	

capacite_W_temoin : 
202.1	90.9	76.9	189.1	163.6	
177.8	94.3	106.9	187.7	194.7	
200.9	59.1	133.9	165.1	214.1	
181.8	69.19999999999999	126.6	161.3	146.7	
173.9	76.8	84.4	135.9	169.2	

demande_cumulee_X : 
28.0	121.0	122.0	41.0	60.0	
25.0	128.0	105.0	19.0	12.0	
11.0	171.0	78.0	39.0	16.0	
34.0	131.0	84.0	35.0	34.0	
38.0	126.0	134.0	63.0	31.0	

demande_cumulee_W : 
59.0	83.0	72.0	77.0	81.0	
16.0	78.0	34.0	27.0	134.0	
21.0	43.0	85.0	11.0	155.0	
28.0	67.0	61.0	55.0	107.0	
48.0	69.0	69.0	52.0	154.0	

capacite_residuelle_X : 
149.0	42.0	31.0	136.0	112.0	
131.0	43.0	58.0	140.0	147.0	
152.0	6.0	85.0	118.0	161.0	
132.0	23.0	78.0	116.0	105.0	
125.0	30.0	34.0	90.0	123.0	

capacite_residuelle_W : 
143.1	7.900000000000006	4.900000000000006	112.1	82.6	
161.8	16.299999999999997	72.9	160.7	60.69999999999999	
179.9	16.1	48.900000000000006	154.1	59.099999999999994	
153.8	2.1999999999999886	65.6	106.30000000000001	39.69999999999999	
125.9	7.799999999999997	15.400000000000006	83.9	15.199999999999989	

min_capacite_X : 
153.0	156.0	157.0	139.0	153.0	

min_capacite_W : 
76.9	94.3	59.1	69.19999999999999	76.8	

max_capacite_X : 
177.0	171.0	177.0	166.0	168.0	

max_capacite_W : 
202.1	194.7	214.1	181.8	173.9	

moy_capacite_X : 
168.4	161.6	167.4	154.4	158.8	

moy_capacite_W : 
144.52	152.28000000000003	154.62	137.12000000000003	128.04000000000002	

med_capacite_X : 
172.0	159.0	163.0	154.0	156.0	

med_capacite_W : 
163.6	177.8	165.1	146.7	135.9	

ecartType_capacite_X : 
9.243376006633074	5.2	8.138795979750322	9.3936148526539	5.775811631277461	

ecartType_capacite_W : 
51.21415429351538	42.723127226363005	55.3948156418992	38.46179402992014	40.961083970031844	

var_capacite_X : 
85.44000000000001	27.040000000000003	66.24000000000001	88.23999999999998	33.36	

var_capacite_W : 
2622.8895999999995	1825.2656	3068.5856	1479.3096000000005	1677.8103999999998	

covar_capacite_X : 
106.80000000000001	33.800000000000004	82.80000000000001	110.29999999999998	41.699999999999996	

covar_capacite_W : 
3278.6119999999996	2281.582	3835.732	1849.1370000000006	2097.263	

##########	##########	##########	##########	##########	##########	##########	##########	##########	##########	##########	##########	##########	##########	##########	##########	##########	##########	##########	##########	##########	##########	##########	##########	##########	##########	##########	##########	##########	##########	##########	##########	##########	##########	##########	##########	##########	##########	##########	##########	##########	##########	##########	##########	##########	##########	##########	##########	##########	##########	nombre de noeuds : 50
nombre de strates : 5
nombre de centres : 5
titre : intelligent
instances : p3_2
temps de calcul : 0.03886103630065918
valeur objective : 633.0
nombre de solutions : 3
nombre de noeuds : 1.0
faisability : True
moy_distances :	51.65
min_distances :	2.0
max_distances :	118.0
var_distances :	623.8793795918367
covar_distances :	624.1341282155983
ecartType_distances :	24.977577536499346
coef_variation	: 0.4836331122911469
distances_centre_x :
-1.0	-1.0	31.0	11.0	18.0	-1.0	-1.0	14.0	-1.0	0.0	23.0	-1.0	-1.0	8.0	-1.0	19.0	22.0	13.0	38.0	17.0	-1.0	-1.0	-1.0	-1.0	0.0	9.0	39.0	-1.0	8.0	13.0	-1.0	-1.0	25.0	0.0	14.0	18.0	15.0	4.0	12.0	0.0	-1.0	17.0	44.0	21.0	4.0	13.0	33.0	-1.0	29.0	10.0	
15.0	32.0	-1.0	11.0	-1.0	-1.0	6.0	-1.0	53.0	0.0	23.0	14.0	2.0	8.0	-1.0	-1.0	-1.0	13.0	38.0	17.0	34.0	-1.0	-1.0	-1.0	0.0	-1.0	13.0	54.0	8.0	-1.0	-1.0	21.0	-1.0	-1.0	14.0	-1.0	15.0	-1.0	12.0	0.0	-1.0	17.0	-1.0	-1.0	4.0	-1.0	24.0	0.0	-1.0	10.0	
15.0	32.0	-1.0	11.0	-1.0	-1.0	-1.0	14.0	-1.0	0.0	23.0	-1.0	2.0	8.0	41.0	-1.0	22.0	13.0	38.0	17.0	33.0	-1.0	26.0	54.0	-1.0	-1.0	-1.0	54.0	8.0	-1.0	29.0	-1.0	-1.0	0.0	14.0	-1.0	15.0	4.0	-1.0	0.0	20.0	17.0	-1.0	-1.0	4.0	-1.0	24.0	0.0	-1.0	10.0	
15.0	-1.0	31.0	11.0	-1.0	22.0	6.0	14.0	53.0	-1.0	23.0	-1.0	2.0	8.0	-1.0	-1.0	-1.0	13.0	38.0	17.0	-1.0	24.0	-1.0	54.0	0.0	9.0	-1.0	-1.0	8.0	-1.0	29.0	21.0	-1.0	-1.0	14.0	-1.0	-1.0	4.0	-1.0	0.0	20.0	17.0	-1.0	-1.0	4.0	-1.0	24.0	0.0	-1.0	10.0	
15.0	32.0	31.0	11.0	-1.0	-1.0	6.0	-1.0	53.0	0.0	-1.0	14.0	2.0	8.0	41.0	-1.0	22.0	13.0	38.0	17.0	-1.0	-1.0	26.0	54.0	0.0	9.0	13.0	-1.0	-1.0	-1.0	29.0	21.0	25.0	0.0	14.0	-1.0	-1.0	-1.0	-1.0	0.0	-1.0	17.0	-1.0	-1.0	4.0	-1.0	24.0	0.0	29.0	10.0	

distances_centre_w :
-1.0	-1.0	34.0	30.0	41.0	-1.0	-1.0	31.0	-1.0	20.0	35.0	-1.0	-1.0	28.0	-1.0	23.0	26.0	80.0	41.0	29.0	-1.0	-1.0	-1.0	-1.0	68.0	76.0	58.0	-1.0	14.0	29.0	-1.0	-1.0	26.0	20.0	17.0	26.0	60.0	67.0	24.0	25.0	-1.0	70.0	55.0	81.0	24.0	32.0	54.0	-1.0	50.0	26.0	
38.0	37.0	-1.0	30.0	-1.0	-1.0	25.0	-1.0	63.0	42.0	35.0	26.0	20.0	28.0	-1.0	-1.0	-1.0	28.0	41.0	29.0	38.0	-1.0	-1.0	-1.0	68.0	-1.0	25.0	55.0	14.0	-1.0	-1.0	74.0	-1.0	-1.0	17.0	-1.0	60.0	-1.0	24.0	63.0	-1.0	70.0	-1.0	-1.0	66.0	-1.0	33.0	25.0	-1.0	26.0	
38.0	37.0	-1.0	30.0	-1.0	-1.0	-1.0	31.0	-1.0	20.0	35.0	-1.0	20.0	28.0	60.0	-1.0	26.0	28.0	41.0	29.0	38.0	-1.0	35.0	61.0	-1.0	-1.0	-1.0	55.0	14.0	-1.0	33.0	-1.0	-1.0	20.0	17.0	-1.0	60.0	67.0	-1.0	25.0	31.0	70.0	-1.0	-1.0	24.0	-1.0	33.0	25.0	-1.0	70.0	
38.0	-1.0	34.0	30.0	-1.0	64.0	46.0	31.0	63.0	-1.0	35.0	-1.0	20.0	28.0	-1.0	-1.0	-1.0	28.0	41.0	29.0	-1.0	45.0	-1.0	61.0	68.0	59.0	-1.0	-1.0	14.0	-1.0	33.0	74.0	-1.0	-1.0	17.0	-1.0	-1.0	67.0	-1.0	25.0	31.0	70.0	-1.0	-1.0	24.0	-1.0	33.0	42.0	-1.0	26.0	
38.0	37.0	34.0	30.0	-1.0	-1.0	25.0	-1.0	63.0	20.0	-1.0	26.0	20.0	28.0	70.0	-1.0	26.0	28.0	41.0	67.0	-1.0	-1.0	43.0	61.0	68.0	59.0	25.0	-1.0	-1.0	-1.0	51.0	74.0	26.0	20.0	17.0	-1.0	-1.0	-1.0	-1.0	63.0	-1.0	70.0	-1.0	-1.0	24.0	-1.0	33.0	25.0	50.0	26.0	

maxX :
44.0	54.0	54.0	54.0	54.0	

maxW :
81.0	74.0	70.0	74.0	74.0	

minX :
0.0	0.0	0.0	0.0	0.0	

minW :
14.0	14.0	14.0	14.0	17.0	

moyX :
16.424242424242426	16.357142857142858	18.266666666666666	16.93103448275862	18.0625	

moyW :
40.0	39.285714285714285	36.7	40.55172413793103	40.25	

medX :
14.0	13.5	15.0	14.0	14.5	

medW :
31.0	34.0	32.0	34.0	33.5	

ecartTypeX :
11.39651808343579	14.280892043252075	14.76467255158595	13.808870298827685	14.613644095501984	

ecartTypeW :
19.65150931052926	17.645025893308013	16.137224048763777	17.26983858099303	18.103866990231673	

varX :
129.88062442607898	203.94387755102042	217.99555555555557	190.68489892984542	213.55859375	

varW :
386.1818181818182	311.3469387755102	260.40999999999997	298.24732461355535	327.75	

covarX :
133.93939393939394	211.49735449735442	225.51264367816088	197.4950738916256	220.44758064516128	

covarW :
398.25	322.87830687830694	269.3896551724138	308.8990147783251	338.3225806451613	

coef_variationX :
0.6938839423494115	0.8730676358320045	0.8082849936999608	0.81559519076579	0.809059880719833	

coef_variationW :
0.4912877327632315	0.44914611364784035	0.4397063773505116	0.425871869769386	0.44978551528525895	

moy_distances_centre :	60.3
min_distances_centre :	20.0
max_distances_centre :	87.0
med_distances_centre :	65.5
ecartType_distances_centre :	22.671788636982306
var_distances_centre :	514.01
covar_distances_centre :	541.0631578947367
coef_variation_distances_centre :	0.37598322781065185
capacite_X_temoin : 
163.0	153.0	157.0	177.0	172.0	
171.0	163.0	148.0	159.0	159.0	
177.0	163.0	153.0	157.0	177.0	
154.0	162.0	172.0	151.0	139.0	
156.0	168.0	157.0	153.0	154.0	

capacite_W_temoin : 
142.9	91.9	105.1	189.1	167.6	
156.3	102.9	134.4	187.7	169.7	
133.1	137.9	114.9	165.1	209.1	
123.19999999999999	126.6	148.6	161.3	133.7	
121.8	113.4	117.1	136.9	143.2	

demande_cumulee_X : 
69.0	107.0	99.0	41.0	56.0	
66.0	109.0	58.0	19.0	37.0	
97.0	74.0	84.0	39.0	21.0	
77.0	84.0	75.0	35.0	47.0	
81.0	105.0	87.0	62.0	57.0	

demande_cumulee_W : 
139.0	42.0	98.0	12.0	81.0	
88.0	15.0	89.0	64.0	33.0	
104.0	31.0	96.0	21.0	63.0	
114.0	32.0	85.0	28.0	59.0	
104.0	66.0	107.0	54.0	61.0	

capacite_residuelle_X : 
94.0	46.0	58.0	136.0	116.0	
105.0	54.0	90.0	140.0	122.0	
80.0	89.0	69.0	118.0	156.0	
77.0	78.0	97.0	116.0	92.0	
75.0	63.0	70.0	91.0	97.0	

capacite_residuelle_W : 
3.9000000000000057	49.900000000000006	7.099999999999994	177.1	86.6	
68.30000000000001	87.9	45.400000000000006	123.69999999999999	136.7	
29.099999999999994	106.9	18.900000000000006	144.1	146.1	
9.199999999999989	94.6	63.599999999999994	133.3	74.69999999999999	
17.799999999999997	47.400000000000006	10.099999999999994	82.9	82.19999999999999	

min_capacite_X : 
153.0	148.0	153.0	139.0	153.0	

min_capacite_W : 
91.9	102.9	114.9	123.19999999999999	113.4	

max_capacite_X : 
177.0	171.0	177.0	172.0	168.0	

max_capacite_W : 
189.1	187.7	209.1	161.3	143.2	

moy_capacite_X : 
164.4	160.0	165.4	155.6	157.6	

moy_capacite_W : 
139.32	150.2	152.02	138.68	126.47999999999998	

med_capacite_X : 
163.0	159.0	163.0	154.0	156.0	

med_capacite_W : 
142.9	156.3	137.9	133.7	121.8	

ecartType_capacite_X : 
8.97997772825746	7.429670248402684	9.991996797437437	11.038115781237304	5.388877434122992	

ecartType_capacite_W : 
36.63410432916301	29.362016279540473	32.7549935124402	14.28585314218231	11.568128629990243	

var_capacite_X : 
80.64	55.2	99.84	121.84	29.040000000000003	

var_capacite_W : 
1342.0575999999999	862.1279999999997	1072.8895999999997	204.0856000000002	133.82159999999993	

covar_capacite_X : 
100.8	69.0	124.80000000000001	152.3	36.300000000000004	

covar_capacite_W : 
1677.572	1077.6599999999996	1341.1119999999996	255.10700000000026	167.27699999999993	

##########	##########	##########	##########	##########	##########	##########	##########	##########	##########	##########	##########	##########	##########	##########	##########	##########	##########	##########	##########	##########	##########	##########	##########	##########	##########	##########	##########	##########	##########	##########	##########	##########	##########	##########	##########	##########	##########	##########	##########	##########	##########	##########	##########	##########	##########	##########	##########	##########	##########	nombre de noeuds : 50
nombre de strates : 5
nombre de centres : 5
titre : intelligent
instances : p3_2
temps de calcul : 0.03686809539794922
valeur objective : 662.0
nombre de solutions : 3
nombre de noeuds : 1.0
faisability : True
moy_distances :	51.65
min_distances :	2.0
max_distances :	118.0
var_distances :	623.8793795918367
covar_distances :	624.1341282155983
ecartType_distances :	24.977577536499346
coef_variation	: 0.4836331122911469
distances_centre_x :
-1.0	-1.0	9.0	11.0	41.0	-1.0	-1.0	14.0	-1.0	0.0	5.0	-1.0	-1.0	8.0	-1.0	19.0	20.0	13.0	38.0	9.0	-1.0	-1.0	-1.0	-1.0	0.0	9.0	13.0	-1.0	8.0	13.0	-1.0	-1.0	25.0	20.0	17.0	8.0	15.0	4.0	12.0	25.0	-1.0	17.0	44.0	21.0	24.0	13.0	24.0	-1.0	50.0	10.0	
38.0	23.0	-1.0	11.0	-1.0	-1.0	6.0	-1.0	53.0	0.0	5.0	14.0	2.0	8.0	-1.0	-1.0	-1.0	13.0	38.0	9.0	34.0	-1.0	-1.0	-1.0	0.0	-1.0	13.0	54.0	8.0	-1.0	-1.0	21.0	-1.0	-1.0	17.0	-1.0	15.0	-1.0	12.0	25.0	-1.0	17.0	-1.0	-1.0	4.0	-1.0	24.0	0.0	-1.0	10.0	
38.0	23.0	-1.0	11.0	-1.0	-1.0	-1.0	14.0	-1.0	0.0	5.0	-1.0	2.0	8.0	60.0	-1.0	20.0	13.0	38.0	9.0	9.0	-1.0	0.0	61.0	-1.0	-1.0	-1.0	54.0	8.0	-1.0	29.0	-1.0	-1.0	0.0	17.0	-1.0	15.0	4.0	-1.0	25.0	20.0	17.0	-1.0	-1.0	24.0	-1.0	24.0	0.0	-1.0	10.0	
38.0	-1.0	9.0	30.0	-1.0	22.0	6.0	33.0	53.0	-1.0	5.0	-1.0	2.0	8.0	-1.0	-1.0	-1.0	13.0	38.0	9.0	-1.0	24.0	-1.0	61.0	0.0	9.0	-1.0	-1.0	8.0	-1.0	29.0	21.0	-1.0	-1.0	17.0	-1.0	-1.0	4.0	-1.0	25.0	20.0	17.0	-1.0	-1.0	24.0	-1.0	24.0	0.0	-1.0	10.0	
38.0	23.0	9.0	11.0	-1.0	-1.0	6.0	-1.0	53.0	0.0	-1.0	14.0	2.0	8.0	60.0	-1.0	20.0	13.0	38.0	9.0	-1.0	-1.0	0.0	61.0	0.0	9.0	13.0	-1.0	-1.0	-1.0	29.0	21.0	25.0	0.0	17.0	-1.0	-1.0	-1.0	-1.0	25.0	-1.0	17.0	-1.0	-1.0	24.0	-1.0	24.0	0.0	50.0	10.0	

distances_centre_w :
-1.0	-1.0	31.0	34.0	74.0	-1.0	-1.0	31.0	-1.0	20.0	35.0	-1.0	-1.0	28.0	-1.0	23.0	22.0	28.0	39.0	17.0	-1.0	-1.0	-1.0	-1.0	43.0	35.0	39.0	-1.0	14.0	29.0	-1.0	-1.0	26.0	68.0	50.0	18.0	34.0	42.0	24.0	63.0	-1.0	44.0	74.0	62.0	67.0	63.0	33.0	-1.0	76.0	50.0	
71.0	32.0	-1.0	30.0	-1.0	-1.0	46.0	-1.0	76.0	20.0	23.0	26.0	20.0	28.0	-1.0	-1.0	-1.0	28.0	39.0	17.0	67.0	-1.0	-1.0	-1.0	43.0	-1.0	39.0	68.0	32.0	-1.0	-1.0	58.0	-1.0	-1.0	50.0	-1.0	34.0	-1.0	24.0	63.0	-1.0	44.0	-1.0	-1.0	24.0	-1.0	54.0	42.0	-1.0	50.0	
71.0	32.0	-1.0	30.0	-1.0	-1.0	-1.0	31.0	-1.0	42.0	48.0	-1.0	20.0	28.0	70.0	-1.0	22.0	28.0	39.0	17.0	33.0	-1.0	26.0	70.0	-1.0	-1.0	-1.0	68.0	56.0	-1.0	33.0	-1.0	-1.0	20.0	50.0	-1.0	34.0	42.0	-1.0	63.0	31.0	44.0	-1.0	-1.0	24.0	-1.0	54.0	42.0	-1.0	50.0	
71.0	-1.0	64.0	34.0	-1.0	64.0	46.0	49.0	76.0	-1.0	35.0	-1.0	20.0	28.0	-1.0	-1.0	-1.0	28.0	39.0	17.0	-1.0	45.0	-1.0	70.0	43.0	35.0	-1.0	-1.0	14.0	-1.0	33.0	58.0	-1.0	-1.0	50.0	-1.0	-1.0	42.0	-1.0	63.0	57.0	44.0	-1.0	-1.0	66.0	-1.0	33.0	69.0	-1.0	50.0	
71.0	32.0	64.0	30.0	-1.0	-1.0	46.0	-1.0	76.0	20.0	-1.0	26.0	20.0	28.0	70.0	-1.0	47.0	28.0	39.0	17.0	-1.0	-1.0	43.0	70.0	43.0	35.0	58.0	-1.0	-1.0	-1.0	51.0	58.0	26.0	26.0	50.0	-1.0	-1.0	-1.0	-1.0	63.0	-1.0	44.0	-1.0	-1.0	67.0	-1.0	37.0	42.0	76.0	50.0	

maxX :
50.0	54.0	61.0	61.0	61.0	

maxW :
76.0	76.0	71.0	76.0	76.0	

minX :
0.0	0.0	0.0	0.0	0.0	

minW :
14.0	17.0	17.0	14.0	17.0	

moyX :
16.939393939393938	16.928571428571427	18.6	19.275862068965516	19.65625	

moyW :
40.484848484848484	41.0	40.6	46.310344827586206	45.40625	

medX :
13.0	13.0	14.5	17.0	15.5	

medW :
35.0	39.0	36.5	45.0	43.5	

ecartTypeX :
11.82175548144156	14.525663425784849	16.750323379962946	14.913304755807673	17.182129842877455	

ecartTypeW :
18.075802026920883	16.83533698589284	15.980404667383532	16.87909020320676	17.45325788893008	

varX :
139.75390266299357	210.99489795918365	280.5733333333333	222.40665873959577	295.2255859375	

varW :
326.7346189164371	283.42857142857144	255.37333333333336	284.9036860879905	304.6162109375	

covarX :
144.12121212121212	218.80952380952374	290.2482758620689	230.34975369458132	304.74899193548384	

covarW :
336.94507575757575	293.9259259259259	264.1793103448276	295.07881773399015	314.4425403225806	

coef_variationX :
0.6978853862031691	0.8580560673459405	0.9005550204281153	0.7736777064730278	0.8741306120382807	

coef_variationW :
0.44648313389849487	0.41061797526567906	0.3936060262902348	0.36447774824497103	0.38438007738868724	

moy_distances_centre :	51.8
min_distances_centre :	20.0
max_distances_centre :	84.0
med_distances_centre :	52.5
ecartType_distances_centre :	20.31649576083435
var_distances_centre :	412.76000000000005
covar_distances_centre :	434.48421052631574
coef_variation_distances_centre :	0.39221034287325
capacite_X_temoin : 
163.0	171.0	153.0	157.0	172.0	
171.0	138.0	163.0	148.0	159.0	
177.0	135.0	163.0	153.0	177.0	
154.0	162.0	162.0	172.0	139.0	
156.0	145.0	168.0	157.0	154.0	

capacite_W_temoin : 
137.9	149.3	91.9	174.1	135.6	
156.3	132.4	122.9	161.4	150.7	
147.1	97.5	139.9	158.9	188.1	
130.2	167.6	108.6	184.6	116.69999999999999	
134.8	104.5	114.4	167.1	101.19999999999999	

demande_cumulee_X : 
74.0	73.0	107.0	30.0	88.0	
66.0	47.0	89.0	31.0	56.0	
83.0	78.0	72.0	40.0	42.0	
70.0	43.0	102.0	39.0	64.0	
68.0	84.0	104.0	37.0	99.0	

demande_cumulee_W : 
121.0	121.0	44.0	69.0	17.0	
84.0	76.0	30.0	68.0	31.0	
91.0	57.0	43.0	54.0	70.0	
95.0	91.0	20.0	30.0	82.0	
101.0	97.0	89.0	50.0	55.0	

capacite_residuelle_X : 
89.0	98.0	46.0	127.0	84.0	
105.0	91.0	74.0	117.0	103.0	
94.0	57.0	91.0	113.0	135.0	
84.0	119.0	60.0	133.0	75.0	
88.0	61.0	64.0	120.0	55.0	

capacite_residuelle_W : 
16.900000000000006	28.30000000000001	47.900000000000006	105.1	118.6	
72.30000000000001	56.400000000000006	92.9	93.4	119.69999999999999	
56.099999999999994	40.5	96.9	104.9	118.1	
35.19999999999999	76.6	88.6	154.6	34.69999999999999	
33.80000000000001	7.5	25.400000000000006	117.1	46.19999999999999	

min_capacite_X : 
153.0	138.0	135.0	139.0	145.0	

min_capacite_W : 
91.9	122.9	97.5	108.6	101.19999999999999	

max_capacite_X : 
172.0	171.0	177.0	172.0	168.0	

max_capacite_W : 
174.1	161.4	188.1	184.6	167.1	

moy_capacite_X : 
163.2	155.8	161.0	157.8	156.0	

moy_capacite_W : 
137.76000000000002	144.74	146.3	141.54000000000002	124.4	

med_capacite_X : 
163.0	159.0	163.0	162.0	156.0	

med_capacite_W : 
137.9	150.7	147.1	130.2	114.4	

ecartType_capacite_X : 
7.493997598078077	11.582745788456206	15.84929020492716	10.998181667894016	7.3484692283495345	

ecartType_capacite_W : 
26.689293733630343	14.669505785812962	29.424615545491836	29.543026249861406	24.354465709598312	

var_capacite_X : 
56.15999999999999	134.16	251.2	120.96	54.0	

var_capacite_W : 
712.3183999999999	215.1944	865.8079999999998	872.7904000000001	593.14	

covar_capacite_X : 
70.19999999999999	167.7	314.0	151.2	67.5	

covar_capacite_W : 
890.3979999999999	268.993	1082.2599999999998	1090.988	741.425	

##########	##########	##########	##########	##########	##########	##########	##########	##########	##########	##########	##########	##########	##########	##########	##########	##########	##########	##########	##########	##########	##########	##########	##########	##########	##########	##########	##########	##########	##########	##########	##########	##########	##########	##########	##########	##########	##########	##########	##########	##########	##########	##########	##########	##########	##########	##########	##########	##########	##########	nombre de noeuds : 50
nombre de strates : 5
nombre de centres : 5
titre : intelligent
instances : p3_2
temps de calcul : 0.035314083099365234
valeur objective : 662.0
nombre de solutions : 3
nombre de noeuds : 1.0
faisability : True
moy_distances :	51.65
min_distances :	2.0
max_distances :	118.0
var_distances :	623.8793795918367
covar_distances :	624.1341282155983
ecartType_distances :	24.977577536499346
coef_variation	: 0.4836331122911469
distances_centre_x :
-1.0	-1.0	9.0	11.0	41.0	-1.0	-1.0	14.0	-1.0	42.0	5.0	-1.0	-1.0	0.0	-1.0	19.0	20.0	9.0	38.0	9.0	-1.0	-1.0	-1.0	-1.0	0.0	9.0	13.0	-1.0	14.0	13.0	-1.0	-1.0	25.0	20.0	17.0	8.0	15.0	4.0	12.0	25.0	-1.0	17.0	44.0	21.0	24.0	13.0	24.0	-1.0	50.0	10.0	
38.0	23.0	-1.0	11.0	-1.0	-1.0	6.0	-1.0	53.0	0.0	5.0	14.0	2.0	0.0	-1.0	-1.0	-1.0	9.0	38.0	9.0	9.0	-1.0	-1.0	-1.0	0.0	-1.0	13.0	54.0	14.0	-1.0	-1.0	21.0	-1.0	-1.0	17.0	-1.0	15.0	-1.0	12.0	25.0	-1.0	17.0	-1.0	-1.0	24.0	-1.0	24.0	0.0	-1.0	10.0	
38.0	23.0	-1.0	11.0	-1.0	-1.0	-1.0	14.0	-1.0	0.0	5.0	-1.0	2.0	0.0	60.0	-1.0	20.0	9.0	38.0	9.0	9.0	-1.0	0.0	61.0	-1.0	-1.0	-1.0	54.0	14.0	-1.0	29.0	-1.0	-1.0	8.0	17.0	-1.0	15.0	4.0	-1.0	25.0	20.0	17.0	-1.0	-1.0	24.0	-1.0	24.0	0.0	-1.0	10.0	
38.0	-1.0	9.0	11.0	-1.0	22.0	6.0	14.0	53.0	-1.0	5.0	-1.0	2.0	0.0	-1.0	-1.0	-1.0	9.0	38.0	9.0	-1.0	24.0	-1.0	61.0	0.0	9.0	-1.0	-1.0	14.0	-1.0	29.0	21.0	-1.0	-1.0	17.0	-1.0	-1.0	4.0	-1.0	25.0	20.0	17.0	-1.0	-1.0	24.0	-1.0	24.0	0.0	-1.0	10.0	
38.0	23.0	9.0	11.0	-1.0	-1.0	6.0	-1.0	53.0	0.0	-1.0	14.0	2.0	0.0	60.0	-1.0	20.0	9.0	38.0	9.0	-1.0	-1.0	0.0	61.0	0.0	9.0	13.0	-1.0	-1.0	-1.0	29.0	21.0	25.0	8.0	17.0	-1.0	-1.0	-1.0	-1.0	25.0	-1.0	17.0	-1.0	-1.0	5.0	-1.0	24.0	0.0	50.0	10.0	

distances_centre_w :
-1.0	-1.0	34.0	34.0	74.0	-1.0	-1.0	40.0	-1.0	69.0	48.0	-1.0	-1.0	28.0	-1.0	23.0	22.0	28.0	56.0	20.0	-1.0	-1.0	-1.0	-1.0	43.0	35.0	71.0	-1.0	72.0	29.0	-1.0	-1.0	26.0	26.0	70.0	23.0	34.0	42.0	28.0	63.0	-1.0	44.0	70.0	62.0	66.0	39.0	33.0	-1.0	76.0	50.0	
71.0	32.0	-1.0	34.0	-1.0	-1.0	46.0	-1.0	76.0	69.0	25.0	28.0	28.0	28.0	-1.0	-1.0	-1.0	28.0	39.0	20.0	34.0	-1.0	-1.0	-1.0	43.0	-1.0	39.0	68.0	56.0	-1.0	-1.0	58.0	-1.0	-1.0	50.0	-1.0	34.0	-1.0	28.0	63.0	-1.0	44.0	-1.0	-1.0	67.0	-1.0	33.0	42.0	-1.0	50.0	
71.0	32.0	-1.0	34.0	-1.0	-1.0	-1.0	31.0	-1.0	35.0	25.0	-1.0	28.0	28.0	70.0	-1.0	22.0	28.0	39.0	20.0	34.0	-1.0	29.0	70.0	-1.0	-1.0	-1.0	68.0	32.0	-1.0	33.0	-1.0	-1.0	20.0	50.0	-1.0	34.0	42.0	-1.0	63.0	31.0	44.0	-1.0	-1.0	24.0	-1.0	33.0	42.0	-1.0	50.0	
71.0	-1.0	34.0	34.0	-1.0	64.0	46.0	49.0	76.0	-1.0	25.0	-1.0	28.0	28.0	-1.0	-1.0	-1.0	28.0	39.0	20.0	-1.0	45.0	-1.0	70.0	43.0	35.0	-1.0	-1.0	56.0	-1.0	33.0	58.0	-1.0	-1.0	50.0	-1.0	-1.0	42.0	-1.0	63.0	31.0	44.0	-1.0	-1.0	66.0	-1.0	33.0	69.0	-1.0	50.0	
71.0	32.0	34.0	34.0	-1.0	-1.0	46.0	-1.0	76.0	28.0	-1.0	28.0	28.0	72.0	70.0	-1.0	22.0	28.0	39.0	20.0	-1.0	-1.0	29.0	70.0	43.0	35.0	39.0	-1.0	-1.0	-1.0	33.0	58.0	26.0	20.0	50.0	-1.0	-1.0	-1.0	-1.0	63.0	-1.0	44.0	-1.0	-1.0	67.0	-1.0	33.0	42.0	76.0	50.0	

maxX :
50.0	54.0	61.0	61.0	61.0	

maxW :
76.0	76.0	71.0	76.0	76.0	

minX :
0.0	0.0	0.0	0.0	0.0	

minW :
20.0	20.0	20.0	20.0	20.0	

moyX :
18.03030303030303	16.535714285714285	18.666666666666668	17.75862068965517	18.9375	

moyW :
44.78787878787879	44.035714285714285	38.733333333333334	45.86206896551724	43.9375	

medX :
14.0	13.5	14.5	14.0	13.5	

medW :
40.0	40.5	33.5	44.0	39.0	

ecartTypeX :
12.427937366309017	14.319023666979191	16.719914938645935	14.840892185314319	17.40678298106804	

ecartTypeW :
18.165497725679614	15.920521668716816	15.19853794137961	15.611057394064023	17.68286158261722	

varX :
154.4536271808999	205.0344387755102	279.55555555555554	220.25208085612363	302.99609375	

varW :
329.98530762167127	253.46301020408166	230.99555555555557	243.70511296076103	312.68359375	

covarX :
159.28030303030303	212.62830687830686	289.19540229885047	228.11822660098522	312.77016129032256	

covarW :
340.2973484848485	262.8505291005291	238.96091954022992	252.40886699507394	322.77016129032256	

coef_variationX :
0.6892805598120967	0.865945275756841	0.8957097288560322	0.8357007249982821	0.9191700584062332	

coef_variationW :
0.40558959739338785	0.36153658290678903	0.39238910347795897	0.3403914770134261	0.4024548866598514	

moy_distances_centre :	54.1
min_distances_centre :	28.0
max_distances_centre :	84.0
med_distances_centre :	56.0
ecartType_distances_centre :	19.63899182748442
var_distances_centre :	385.68999999999994
covar_distances_centre :	405.98947368421057
coef_variation_distances_centre :	0.3630127879387139
capacite_X_temoin : 
163.0	163.0	171.0	153.0	172.0	
171.0	141.0	138.0	163.0	159.0	
177.0	142.0	135.0	163.0	177.0	
154.0	159.0	162.0	162.0	139.0	
156.0	139.0	145.0	168.0	154.0	

capacite_W_temoin : 
143.9	183.9	149.3	91.9	127.6	
153.3	155.3	128.4	126.9	150.7	
145.1	146.6	97.5	139.9	188.1	
120.19999999999999	177.7	167.6	108.6	116.69999999999999	
135.8	142.7	104.5	114.4	101.19999999999999	

demande_cumulee_X : 
68.0	28.0	73.0	107.0	96.0	
69.0	28.0	51.0	85.0	56.0	
85.0	38.0	78.0	72.0	42.0	
80.0	29.0	43.0	102.0	64.0	
67.0	38.0	84.0	104.0	99.0	

demande_cumulee_W : 
113.0	67.0	137.0	38.0	17.0	
84.0	42.0	86.0	32.0	45.0	
91.0	53.0	66.0	28.0	77.0	
102.0	39.0	91.0	0.0	86.0	
130.0	55.0	81.0	58.0	68.0	

capacite_residuelle_X : 
95.0	135.0	98.0	46.0	76.0	
102.0	113.0	87.0	78.0	103.0	
92.0	104.0	57.0	91.0	135.0	
74.0	130.0	119.0	60.0	75.0	
89.0	101.0	61.0	64.0	55.0	

capacite_residuelle_W : 
30.900000000000006	116.9	12.300000000000011	53.900000000000006	110.6	
69.30000000000001	113.30000000000001	42.400000000000006	94.9	105.69999999999999	
54.099999999999994	93.6	31.5	111.9	111.1	
18.19999999999999	138.7	76.6	108.6	30.69999999999999	
5.800000000000011	87.69999999999999	23.5	56.400000000000006	33.19999999999999	

min_capacite_X : 
153.0	138.0	135.0	139.0	139.0	

min_capacite_W : 
91.9	126.9	97.5	108.6	101.19999999999999	

max_capacite_X : 
172.0	171.0	177.0	162.0	168.0	

max_capacite_W : 
183.9	155.3	188.1	177.7	142.7	

moy_capacite_X : 
164.4	154.4	158.8	155.2	152.4	

moy_capacite_W : 
139.32	142.92	143.44	138.16	119.71999999999998	

med_capacite_X : 
163.0	159.0	163.0	159.0	154.0	

med_capacite_W : 
143.9	150.7	145.1	120.19999999999999	114.4	

ecartType_capacite_X : 
6.858571279792899	12.8	17.485994395515515	8.611620056644394	9.93176721434811	

ecartType_capacite_W : 
29.979886590846203	12.561910682694732	28.741162119858686	28.590250086349368	16.67086080560929	

var_capacite_X : 
47.04	163.84	305.76	74.16	98.64	

var_capacite_W : 
898.7936	157.8016	826.0543999999998	817.4024	277.91760000000005	

covar_capacite_X : 
58.8	204.8	382.2	92.7	123.3	

covar_capacite_W : 
1123.492	197.252	1032.5679999999998	1021.7529999999999	347.39700000000005	

##########	##########	##########	##########	##########	##########	##########	##########	##########	##########	##########	##########	##########	##########	##########	##########	##########	##########	##########	##########	##########	##########	##########	##########	##########	##########	##########	##########	##########	##########	##########	##########	##########	##########	##########	##########	##########	##########	##########	##########	##########	##########	##########	##########	##########	##########	##########	##########	##########	##########	nombre de noeuds : 50
nombre de strates : 5
nombre de centres : 5
titre : intelligent
instances : p3_2
temps de calcul : 0.038435935974121094
valeur objective : 607.0
nombre de solutions : 3
nombre de noeuds : 1.0
faisability : True
moy_distances :	51.65
min_distances :	2.0
max_distances :	118.0
var_distances :	623.8793795918367
covar_distances :	624.1341282155983
ecartType_distances :	24.977577536499346
coef_variation	: 0.4836331122911469
distances_centre_x :
-1.0	-1.0	9.0	11.0	41.0	-1.0	-1.0	14.0	-1.0	0.0	5.0	-1.0	-1.0	28.0	-1.0	19.0	17.0	28.0	15.0	9.0	-1.0	-1.0	-1.0	-1.0	0.0	9.0	13.0	-1.0	14.0	28.0	-1.0	-1.0	8.0	26.0	17.0	8.0	15.0	4.0	12.0	25.0	-1.0	17.0	44.0	21.0	24.0	12.0	0.0	-1.0	50.0	10.0	
38.0	32.0	-1.0	11.0	-1.0	-1.0	6.0	-1.0	53.0	0.0	5.0	14.0	2.0	28.0	-1.0	-1.0	-1.0	28.0	15.0	9.0	34.0	-1.0	-1.0	-1.0	0.0	-1.0	13.0	54.0	14.0	-1.0	-1.0	21.0	-1.0	-1.0	17.0	-1.0	15.0	-1.0	12.0	25.0	-1.0	17.0	-1.0	-1.0	24.0	-1.0	0.0	0.0	-1.0	10.0	
38.0	23.0	-1.0	11.0	-1.0	-1.0	-1.0	14.0	-1.0	0.0	5.0	-1.0	2.0	28.0	60.0	-1.0	17.0	28.0	15.0	9.0	34.0	-1.0	0.0	61.0	-1.0	-1.0	-1.0	54.0	14.0	-1.0	5.0	-1.0	-1.0	20.0	17.0	-1.0	15.0	4.0	-1.0	25.0	4.0	17.0	-1.0	-1.0	24.0	-1.0	0.0	0.0	-1.0	10.0	
38.0	-1.0	9.0	11.0	-1.0	22.0	6.0	14.0	53.0	-1.0	5.0	-1.0	2.0	28.0	-1.0	-1.0	-1.0	28.0	15.0	9.0	-1.0	24.0	-1.0	61.0	0.0	9.0	-1.0	-1.0	14.0	-1.0	5.0	21.0	-1.0	-1.0	17.0	-1.0	-1.0	4.0	-1.0	25.0	4.0	17.0	-1.0	-1.0	24.0	-1.0	0.0	0.0	-1.0	10.0	
38.0	23.0	9.0	11.0	-1.0	-1.0	6.0	-1.0	53.0	0.0	-1.0	14.0	2.0	28.0	60.0	-1.0	22.0	28.0	15.0	9.0	-1.0	-1.0	0.0	61.0	0.0	9.0	13.0	-1.0	-1.0	-1.0	5.0	21.0	25.0	20.0	17.0	-1.0	-1.0	-1.0	-1.0	25.0	-1.0	17.0	-1.0	-1.0	24.0	-1.0	0.0	0.0	50.0	10.0	

distances_centre_w :
-1.0	-1.0	30.0	34.0	54.0	-1.0	-1.0	27.0	-1.0	24.0	35.0	-1.0	-1.0	29.0	-1.0	23.0	20.0	37.0	38.0	29.0	-1.0	-1.0	-1.0	-1.0	43.0	35.0	39.0	-1.0	32.0	60.0	-1.0	-1.0	25.0	39.0	33.0	26.0	34.0	42.0	14.0	47.0	-1.0	44.0	51.0	62.0	24.0	13.0	24.0	-1.0	57.0	43.0	
51.0	56.0	-1.0	27.0	-1.0	-1.0	39.0	-1.0	65.0	24.0	35.0	28.0	25.0	29.0	-1.0	-1.0	-1.0	37.0	38.0	29.0	38.0	-1.0	-1.0	-1.0	43.0	-1.0	23.0	59.0	32.0	-1.0	-1.0	54.0	-1.0	-1.0	33.0	-1.0	34.0	-1.0	14.0	63.0	-1.0	44.0	-1.0	-1.0	24.0	-1.0	24.0	33.0	-1.0	43.0	
51.0	32.0	-1.0	34.0	-1.0	-1.0	-1.0	27.0	-1.0	24.0	35.0	-1.0	25.0	29.0	60.0	-1.0	20.0	37.0	38.0	29.0	34.0	-1.0	35.0	63.0	-1.0	-1.0	-1.0	59.0	32.0	-1.0	33.0	-1.0	-1.0	26.0	50.0	-1.0	34.0	42.0	-1.0	47.0	20.0	44.0	-1.0	-1.0	42.0	-1.0	24.0	33.0	-1.0	43.0	
51.0	-1.0	30.0	27.0	-1.0	55.0	39.0	31.0	65.0	-1.0	35.0	-1.0	25.0	29.0	-1.0	-1.0	-1.0	37.0	38.0	29.0	-1.0	24.0	-1.0	63.0	43.0	35.0	-1.0	-1.0	36.0	-1.0	29.0	54.0	-1.0	-1.0	33.0	-1.0	-1.0	42.0	-1.0	47.0	20.0	44.0	-1.0	-1.0	24.0	-1.0	24.0	33.0	-1.0	43.0	
51.0	32.0	30.0	34.0	-1.0	-1.0	39.0	-1.0	65.0	35.0	-1.0	28.0	25.0	29.0	60.0	-1.0	49.0	37.0	39.0	29.0	-1.0	-1.0	35.0	63.0	43.0	35.0	39.0	-1.0	-1.0	-1.0	29.0	54.0	60.0	26.0	50.0	-1.0	-1.0	-1.0	-1.0	47.0	-1.0	44.0	-1.0	-1.0	24.0	-1.0	24.0	33.0	57.0	50.0	

maxX :
50.0	54.0	61.0	61.0	61.0	

maxW :
62.0	65.0	63.0	65.0	65.0	

minX :
0.0	0.0	0.0	0.0	0.0	

minW :
13.0	14.0	20.0	20.0	24.0	

moyX :
16.757575757575758	17.75	18.466666666666665	16.379310344827587	19.21875	

moyW :
35.36363636363637	37.285714285714285	36.733333333333334	37.41379310344828	40.46875	

medX :
14.0	14.5	15.0	14.0	16.0	

medW :
34.0	34.5	34.0	35.0	38.0	

ecartTypeX :
11.908821031717325	14.43860153497264	16.734661301887435	14.674429538588422	16.95533539737566	

ecartTypeW :
12.19989612926021	12.914159291416599	11.275144739154744	11.55650955948954	12.098513273848981	

varX :
141.82001836547292	208.47321428571428	280.0488888888889	215.3388822829964	287.4833984375	

varW :
148.83746556473827	166.77551020408166	127.1288888888889	133.55291319857312	146.3740234375	

covarX :
146.2518939393939	216.19444444444443	289.7057471264368	223.02955665024626	296.75705645161287	

covarW :
153.48863636363635	172.95238095238093	131.5126436781609	138.32266009852216	151.09576612903226	

coef_variationX :
0.7106529729596234	0.8134423399984586	0.9062090957700778	0.8959125402506615	0.8822288336845872	

coef_variationW :
0.3449842093107	0.3463567626050429	0.30694586404232516	0.30888366564534253	0.2989594013615192	

moy_distances_centre :	49.0
min_distances_centre :	24.0
max_distances_centre :	84.0
med_distances_centre :	42.5
ecartType_distances_centre :	18.31938863608718
var_distances_centre :	335.6
covar_distances_centre :	353.2631578947368
coef_variation_distances_centre :	0.3738650742058608
capacite_X_temoin : 
163.0	171.0	153.0	148.0	172.0	
171.0	138.0	163.0	159.0	159.0	
177.0	135.0	163.0	138.0	177.0	
154.0	162.0	162.0	159.0	139.0	
156.0	145.0	168.0	141.0	154.0	

capacite_W_temoin : 
157.9	153.3	91.9	115.4	158.6	
151.3	151.4	106.9	177.7	150.7	
162.1	135.5	139.9	82.4	192.1	
147.2	166.6	108.6	147.7	120.69999999999999	
119.8	139.5	114.4	126.3	101.19999999999999	

demande_cumulee_X : 
54.0	69.0	107.0	77.0	65.0	
71.0	28.0	105.0	29.0	56.0	
68.0	40.0	72.0	97.0	38.0	
53.0	44.0	102.0	59.0	60.0	
83.0	49.0	104.0	57.0	99.0	

demande_cumulee_W : 
98.0	152.0	0.0	96.0	26.0	
61.0	87.0	0.0	121.0	20.0	
93.0	98.0	24.0	78.0	22.0	
81.0	93.0	0.0	139.0	5.0	
79.0	123.0	43.0	126.0	21.0	

capacite_residuelle_X : 
109.0	102.0	46.0	71.0	107.0	
100.0	110.0	58.0	130.0	103.0	
109.0	95.0	91.0	41.0	139.0	
101.0	118.0	60.0	100.0	79.0	
73.0	96.0	64.0	84.0	55.0	

capacite_residuelle_W : 
59.900000000000006	1.3000000000000114	91.9	19.400000000000006	132.6	
90.30000000000001	64.4	106.9	56.69999999999999	130.7	
69.1	37.5	115.9	4.400000000000006	170.1	
66.19999999999999	73.6	108.6	8.699999999999989	115.69999999999999	
40.8	16.5	71.4	0.29999999999999716	80.19999999999999	

min_capacite_X : 
148.0	138.0	135.0	139.0	141.0	

min_capacite_W : 
91.9	106.9	82.4	108.6	101.19999999999999	

max_capacite_X : 
172.0	171.0	177.0	162.0	168.0	

max_capacite_W : 
158.6	177.7	192.1	166.6	139.5	

moy_capacite_X : 
161.4	158.0	158.0	155.2	152.8	

moy_capacite_W : 
135.42000000000002	147.6	142.4	138.16	120.24000000000001	

med_capacite_X : 
163.0	159.0	163.0	159.0	154.0	

med_capacite_W : 
153.3	151.3	139.9	147.2	119.8	

ecartType_capacite_X : 
9.562426470305537	10.917875251164945	18.308467986153293	8.611620056644394	9.410632284814874	

ecartType_capacite_W : 
27.044955167276576	22.804560947319285	36.0888902572523	20.7856296512759	12.684573307762468	

var_capacite_X : 
91.44000000000001	119.2	335.2	74.16	88.56	

var_capacite_W : 
731.4295999999999	520.0479999999998	1302.408	432.0424	160.89840000000007	

covar_capacite_X : 
114.30000000000001	149.0	419.0	92.7	110.7	

covar_capacite_W : 
914.2869999999999	650.0599999999997	1628.0099999999998	540.053	201.12300000000008	

##########	##########	##########	##########	##########	##########	##########	##########	##########	##########	##########	##########	##########	##########	##########	##########	##########	##########	##########	##########	##########	##########	##########	##########	##########	##########	##########	##########	##########	##########	##########	##########	##########	##########	##########	##########	##########	##########	##########	##########	##########	##########	##########	##########	##########	##########	##########	##########	##########	##########	