nombre de noeuds : 50
nombre de strates : 10
nombre de centres : 5
titre : intelligent
instances : p3_3
temps de calcul : 0.07122492790222168
valeur objective : 1261.0
nombre de solutions : 3
nombre de noeuds : 1.0
faisability : True
moy_distances :	51.65
min_distances :	2.0
max_distances :	118.0
var_distances :	623.8793795918367
covar_distances :	624.1341282155983
ecartType_distances :	24.977577536499346
coef_variation	: 0.4836331122911469
distances_centre_x :
14.0	17.0	30.0	-1.0	-1.0	-1.0	-1.0	-1.0	37.0	-1.0	-1.0	-1.0	-1.0	-1.0	12.0	-1.0	-1.0	-1.0	-1.0	-1.0	-1.0	-1.0	-1.0	26.0	-1.0	34.0	-1.0	30.0	-1.0	-1.0	11.0	-1.0	-1.0	-1.0	-1.0	-1.0	-1.0	-1.0	-1.0	-1.0	19.0	55.0	-1.0	47.0	-1.0	-1.0	-1.0	-1.0	0.0	-1.0	
-1.0	46.0	30.0	3.0	11.0	17.0	0.0	0.0	37.0	14.0	25.0	24.0	-1.0	0.0	-1.0	-1.0	-1.0	9.0	0.0	-1.0	-1.0	-1.0	-1.0	-1.0	41.0	34.0	-1.0	30.0	14.0	-1.0	11.0	-1.0	-1.0	8.0	-1.0	23.0	-1.0	43.0	-1.0	-1.0	19.0	55.0	-1.0	47.0	5.0	-1.0	15.0	6.0	0.0	4.0	
-1.0	17.0	-1.0	3.0	11.0	-1.0	35.0	-1.0	-1.0	-1.0	25.0	24.0	-1.0	0.0	-1.0	-1.0	-1.0	-1.0	0.0	20.0	32.0	34.0	29.0	-1.0	41.0	34.0	29.0	30.0	14.0	-1.0	11.0	-1.0	19.0	-1.0	-1.0	-1.0	-1.0	-1.0	22.0	29.0	19.0	55.0	-1.0	-1.0	5.0	-1.0	-1.0	31.0	0.0	38.0	
-1.0	17.0	30.0	3.0	11.0	-1.0	0.0	-1.0	-1.0	28.0	25.0	-1.0	-1.0	0.0	12.0	13.0	-1.0	-1.0	-1.0	20.0	32.0	-1.0	29.0	26.0	-1.0	34.0	19.0	30.0	14.0	18.0	11.0	39.0	-1.0	8.0	-1.0	23.0	-1.0	-1.0	22.0	-1.0	19.0	-1.0	-1.0	-1.0	-1.0	-1.0	15.0	-1.0	0.0	4.0	
-1.0	46.0	30.0	3.0	11.0	17.0	0.0	-1.0	-1.0	28.0	25.0	-1.0	13.0	0.0	-1.0	-1.0	-1.0	-1.0	-1.0	-1.0	32.0	-1.0	29.0	-1.0	41.0	34.0	29.0	-1.0	14.0	-1.0	11.0	-1.0	25.0	8.0	21.0	23.0	-1.0	43.0	-1.0	-1.0	19.0	55.0	-1.0	47.0	5.0	-1.0	15.0	-1.0	0.0	4.0	
14.0	46.0	47.0	3.0	11.0	17.0	0.0	0.0	37.0	14.0	-1.0	34.0	13.0	-1.0	-1.0	-1.0	-1.0	-1.0	-1.0	-1.0	38.0	-1.0	29.0	26.0	41.0	34.0	-1.0	-1.0	-1.0	17.0	-1.0	39.0	-1.0	8.0	-1.0	23.0	-1.0	-1.0	-1.0	-1.0	19.0	55.0	-1.0	47.0	-1.0	-1.0	-1.0	-1.0	0.0	4.0	
-1.0	17.0	30.0	-1.0	11.0	17.0	0.0	-1.0	-1.0	-1.0	-1.0	24.0	-1.0	-1.0	-1.0	-1.0	22.0	-1.0	-1.0	-1.0	38.0	-1.0	29.0	-1.0	-1.0	34.0	-1.0	30.0	25.0	-1.0	-1.0	39.0	-1.0	-1.0	-1.0	23.0	46.0	-1.0	-1.0	-1.0	19.0	55.0	34.0	-1.0	5.0	-1.0	15.0	-1.0	0.0	4.0	
-1.0	46.0	30.0	3.0	11.0	-1.0	0.0	-1.0	37.0	38.0	25.0	24.0	13.0	0.0	-1.0	-1.0	-1.0	-1.0	-1.0	-1.0	38.0	-1.0	29.0	-1.0	-1.0	34.0	-1.0	30.0	25.0	-1.0	-1.0	39.0	19.0	-1.0	-1.0	-1.0	-1.0	43.0	-1.0	-1.0	19.0	55.0	-1.0	-1.0	-1.0	16.0	15.0	6.0	0.0	4.0	
-1.0	17.0	30.0	3.0	11.0	17.0	0.0	-1.0	37.0	-1.0	25.0	24.0	-1.0	0.0	-1.0	13.0	-1.0	-1.0	-1.0	20.0	32.0	-1.0	29.0	-1.0	41.0	34.0	29.0	30.0	14.0	17.0	-1.0	39.0	-1.0	-1.0	-1.0	-1.0	-1.0	-1.0	-1.0	-1.0	19.0	55.0	-1.0	47.0	5.0	16.0	-1.0	6.0	-1.0	-1.0	
-1.0	17.0	30.0	3.0	-1.0	-1.0	0.0	0.0	37.0	-1.0	25.0	34.0	-1.0	-1.0	-1.0	-1.0	-1.0	-1.0	42.0	20.0	-1.0	-1.0	29.0	26.0	-1.0	34.0	-1.0	30.0	-1.0	17.0	-1.0	-1.0	-1.0	-1.0	-1.0	-1.0	-1.0	-1.0	-1.0	-1.0	19.0	55.0	-1.0	47.0	5.0	16.0	47.0	-1.0	0.0	4.0	

distances_centre_w :
-1.0	-1.0	-1.0	-1.0	-1.0	52.0	-1.0	-1.0	51.0	-1.0	-1.0	70.0	-1.0	56.0	50.0	-1.0	-1.0	61.0	-1.0	-1.0	-1.0	-1.0	-1.0	-1.0	-1.0	-1.0	-1.0	-1.0	48.0	-1.0	-1.0	-1.0	-1.0	-1.0	-1.0	-1.0	-1.0	-1.0	-1.0	-1.0	-1.0	-1.0	-1.0	66.0	-1.0	-1.0	-1.0	-1.0	50.0	-1.0	
-1.0	62.0	36.0	37.0	43.0	52.0	35.0	35.0	51.0	28.0	49.0	34.0	-1.0	40.0	-1.0	-1.0	-1.0	38.0	42.0	-1.0	-1.0	-1.0	-1.0	-1.0	72.0	64.0	-1.0	45.0	25.0	-1.0	32.0	-1.0	-1.0	33.0	-1.0	37.0	-1.0	71.0	-1.0	-1.0	23.0	72.0	-1.0	66.0	37.0	-1.0	57.0	42.0	53.0	38.0	
-1.0	67.0	-1.0	37.0	50.0	-1.0	53.0	-1.0	-1.0	-1.0	43.0	34.0	-1.0	40.0	-1.0	-1.0	-1.0	-1.0	42.0	43.0	38.0	41.0	49.0	-1.0	72.0	64.0	33.0	45.0	25.0	-1.0	32.0	-1.0	25.0	-1.0	-1.0	-1.0	-1.0	-1.0	32.0	49.0	23.0	72.0	-1.0	-1.0	37.0	-1.0	-1.0	70.0	50.0	53.0	
-1.0	62.0	36.0	37.0	43.0	-1.0	35.0	-1.0	-1.0	38.0	43.0	-1.0	-1.0	40.0	50.0	23.0	-1.0	-1.0	-1.0	43.0	51.0	-1.0	39.0	51.0	-1.0	64.0	29.0	45.0	25.0	41.0	32.0	59.0	-1.0	33.0	-1.0	40.0	-1.0	-1.0	26.0	-1.0	23.0	-1.0	-1.0	-1.0	-1.0	-1.0	27.0	-1.0	50.0	38.0	
-1.0	62.0	36.0	37.0	43.0	52.0	35.0	-1.0	-1.0	46.0	43.0	-1.0	28.0	40.0	-1.0	-1.0	-1.0	-1.0	-1.0	-1.0	38.0	-1.0	39.0	-1.0	72.0	64.0	33.0	-1.0	25.0	-1.0	32.0	-1.0	52.0	33.0	33.0	68.0	-1.0	71.0	-1.0	-1.0	23.0	72.0	-1.0	66.0	37.0	-1.0	27.0	-1.0	50.0	38.0	
39.0	62.0	70.0	37.0	43.0	52.0	35.0	35.0	51.0	28.0	-1.0	70.0	28.0	-1.0	-1.0	-1.0	-1.0	-1.0	-1.0	-1.0	51.0	-1.0	39.0	51.0	72.0	64.0	-1.0	-1.0	-1.0	18.0	-1.0	59.0	-1.0	33.0	-1.0	37.0	-1.0	-1.0	-1.0	-1.0	23.0	72.0	-1.0	66.0	-1.0	-1.0	-1.0	-1.0	50.0	38.0	
-1.0	62.0	36.0	-1.0	43.0	52.0	35.0	-1.0	-1.0	-1.0	-1.0	34.0	-1.0	-1.0	-1.0	-1.0	33.0	-1.0	-1.0	-1.0	51.0	-1.0	39.0	-1.0	-1.0	64.0	-1.0	45.0	60.0	-1.0	-1.0	59.0	-1.0	-1.0	-1.0	37.0	63.0	-1.0	-1.0	-1.0	23.0	72.0	37.0	-1.0	37.0	-1.0	27.0	-1.0	53.0	38.0	
-1.0	62.0	36.0	37.0	43.0	-1.0	35.0	-1.0	51.0	46.0	43.0	24.0	28.0	40.0	-1.0	-1.0	-1.0	-1.0	-1.0	-1.0	51.0	-1.0	49.0	-1.0	-1.0	64.0	-1.0	45.0	48.0	-1.0	-1.0	59.0	25.0	-1.0	-1.0	-1.0	-1.0	71.0	-1.0	-1.0	23.0	72.0	-1.0	-1.0	-1.0	38.0	27.0	31.0	53.0	38.0	
-1.0	62.0	36.0	37.0	43.0	52.0	35.0	-1.0	51.0	-1.0	43.0	24.0	-1.0	40.0	-1.0	23.0	-1.0	-1.0	-1.0	72.0	38.0	-1.0	49.0	-1.0	72.0	64.0	43.0	45.0	25.0	41.0	-1.0	59.0	-1.0	-1.0	-1.0	-1.0	-1.0	-1.0	-1.0	-1.0	23.0	72.0	-1.0	66.0	37.0	39.0	-1.0	31.0	-1.0	-1.0	
-1.0	62.0	36.0	37.0	-1.0	-1.0	35.0	35.0	51.0	-1.0	43.0	70.0	-1.0	-1.0	-1.0	-1.0	-1.0	-1.0	56.0	42.0	-1.0	-1.0	49.0	51.0	-1.0	64.0	-1.0	45.0	-1.0	41.0	-1.0	-1.0	-1.0	-1.0	-1.0	-1.0	-1.0	-1.0	-1.0	-1.0	23.0	72.0	-1.0	66.0	37.0	38.0	57.0	-1.0	50.0	38.0	

maxX :
55.0	55.0	55.0	39.0	55.0	55.0	55.0	55.0	55.0	55.0	

maxW :
70.0	72.0	72.0	64.0	72.0	72.0	72.0	72.0	72.0	72.0	

minX :
0.0	0.0	0.0	0.0	0.0	0.0	0.0	0.0	0.0	0.0	

minW :
48.0	23.0	23.0	23.0	23.0	18.0	23.0	23.0	23.0	23.0	

moyX :
25.53846153846154	19.033333333333335	22.48148148148148	17.928571428571427	21.655172413793103	23.692307692307693	23.5	23.03846153846154	22.59259259259259	23.347826086956523	

moyW :
56.0	44.96666666666667	45.148148148148145	40.107142857142854	44.6551724137931	47.03846153846154	45.45454545454545	43.80769230769231	45.25925925925926	47.73913043478261	

medX :
26.0	14.5	24.0	18.5	21.0	21.0	23.5	24.5	20.0	25.0	

medW :
52.0	41.0	43.0	39.5	39.0	46.5	41.0	43.0	43.0	45.0	

ecartTypeX :
14.851135075062496	16.131714794845035	13.63103857451909	10.756820332861816	15.134513792285967	16.463874744349614	14.221462653327892	15.373505603999792	14.045585201366087	16.06673229310957	

ecartTypeW :
7.438637868140466	13.855163497972717	13.9568215199957	10.98160567791915	14.911869519160916	15.758955376426858	13.148547354010677	13.708557772902944	14.938373634994894	12.632660882925132	

varX :
220.5562130177515	260.2322222222222	185.80521262002745	115.7091836734694	229.05350772889415	271.0591715976331	202.25	236.344674556213	197.27846364883402	258.13988657844993	

varW :
55.333333333333336	191.96555555555554	194.79286694101506	120.59566326530613	222.3638525564804	248.344674556213	172.88429752066116	187.92455621301772	223.15500685871055	159.58412098298678	

covarX :
238.93589743589746	269.2057471264368	192.95156695156695	119.994708994709	237.2339901477832	281.90153846153845	211.88095238095238	245.79846153846148	204.86609686609694	269.87351778656125	

covarW :
62.25	198.58505747126438	202.28490028490032	125.06216931216929	230.30541871921181	258.27846153846156	181.11688311688312	195.44153846153847	231.73789173789174	166.83794466403162	

coef_variationX :
0.5815203493247363	0.8475506897466742	0.6063229678945888	0.5999820105978703	0.6988867834017405	0.6949038041446265	0.6051686235458678	0.6672974051819609	0.6216898367817777	0.6881468207477097	

coef_variationW :
0.1328328190739369	0.30812075977700626	0.3091338646758687	0.2738067310612077	0.3339337575719433	0.3350227635217484	0.2892680417882349	0.3129258139556423	0.3300622652576613	0.26461857951482515	

moy_distances_centre :	57.8
min_distances_centre :	35.0
max_distances_centre :	104.0
med_distances_centre :	51.5
ecartType_distances_centre :	19.85849943978648
var_distances_centre :	394.35999999999996
covar_distances_centre :	415.11578947368423
coef_variation_distances_centre :	0.3435726546675862
capacite_X_temoin : 
156.0	171.0	0.0	159.0	144.0	
138.0	153.0	162.0	178.0	159.0	
0.0	144.0	136.0	178.0	166.0	
166.0	151.0	141.0	159.0	171.0	
144.0	144.0	162.0	169.0	165.0	
172.0	144.0	135.0	145.0	157.0	
172.0	171.0	157.0	157.0	163.0	
141.0	136.0	172.0	145.0	148.0	
147.0	139.0	171.0	148.0	169.0	
154.0	177.0	177.0	171.0	163.0	

capacite_W_temoin : 
177.8	102.3	0.0	76.69999999999999	111.19999999999999	
134.4	159.9	144.6	72.4	153.7	
0.0	133.2	122.8	74.4	170.8	
192.8	166.3	99.3	101.69999999999999	163.3	
137.2	122.19999999999999	143.6	69.69999999999999	188.5	
185.6	139.2	110.5	83.5	145.1	
189.6	220.3	168.1	62.1	174.9	
151.3	133.8	160.6	63.5	135.4	
153.1	144.7	169.3	45.4	183.7	
173.2	190.1	177.1	100.3	145.9	

demande_cumulee_X : 
25.0	120.0	0.0	130.0	76.0	
45.0	39.0	66.0	159.0	53.0	
0.0	54.0	54.0	157.0	45.0	
23.0	30.0	84.0	105.0	59.0	
50.0	65.0	67.0	150.0	26.0	
38.0	48.0	65.0	105.0	59.0	
34.0	2.0	36.0	142.0	37.0	
32.0	43.0	63.0	125.0	57.0	
38.0	36.0	53.0	147.0	36.0	
27.0	40.0	53.0	122.0	66.0	

demande_cumulee_W : 
145.0	101.0	0.0	72.0	33.0	
48.0	129.0	99.0	54.0	32.0	
0.0	119.0	96.0	61.0	34.0	
37.0	119.0	43.0	99.0	3.0	
50.0	99.0	105.0	43.0	61.0	
48.0	67.0	90.0	82.0	28.0	
47.0	80.0	77.0	44.0	3.0	
74.0	113.0	86.0	44.0	3.0	
53.0	83.0	107.0	43.0	24.0	
38.0	56.0	85.0	96.0	33.0	

capacite_residuelle_X : 
131.0	51.0	0.0	29.0	68.0	
93.0	114.0	96.0	19.0	106.0	
0.0	90.0	82.0	21.0	121.0	
143.0	121.0	57.0	54.0	112.0	
94.0	79.0	95.0	19.0	139.0	
134.0	96.0	70.0	40.0	98.0	
138.0	169.0	121.0	15.0	126.0	
109.0	93.0	109.0	20.0	91.0	
109.0	103.0	118.0	1.0	133.0	
127.0	137.0	124.0	49.0	97.0	

capacite_residuelle_W : 
32.80000000000001	1.2999999999999972	0.0	4.699999999999989	78.19999999999999	
86.4	30.900000000000006	45.599999999999994	18.400000000000006	121.69999999999999	
0.0	14.199999999999989	26.799999999999997	13.400000000000006	136.8	
155.8	47.30000000000001	56.3	2.6999999999999886	160.3	
87.19999999999999	23.19999999999999	38.599999999999994	26.69999999999999	127.5	
137.6	72.19999999999999	20.5	1.5	117.1	
142.6	140.3	91.1	18.1	171.9	
77.30000000000001	20.80000000000001	74.6	19.5	132.4	
100.1	61.69999999999999	62.30000000000001	2.3999999999999986	159.7	
135.2	134.1	92.1	4.299999999999997	112.9	

min_capacite_X : 
0.0	138.0	0.0	141.0	144.0	135.0	157.0	136.0	139.0	154.0	

min_capacite_W : 
0.0	72.4	0.0	99.3	69.69999999999999	83.5	62.1	63.5	45.4	100.3	

max_capacite_X : 
171.0	178.0	178.0	171.0	169.0	172.0	172.0	172.0	171.0	177.0	

max_capacite_W : 
177.8	159.9	170.8	192.8	188.5	185.6	220.3	160.6	183.7	190.1	

moy_capacite_X : 
126.0	158.0	124.8	157.6	156.8	150.6	164.0	148.4	154.8	168.4	

moy_capacite_W : 
93.6	133.0	100.24	144.68	132.24	132.78	163.0	128.92000000000002	139.24	157.32	

med_capacite_X : 
156.0	159.0	144.0	159.0	162.0	145.0	163.0	145.0	148.0	171.0	

med_capacite_W : 
102.3	144.6	122.8	163.3	137.2	139.2	174.9	135.4	153.1	173.2	

ecartType_capacite_X : 
63.58301660034699	12.976902558006667	64.18224053427863	10.68831137270991	10.684568311354464	12.784365451597509	6.511528238439882	12.467557900406959	12.812493902437573	8.845337754998393	

ecartType_capacite_W : 
57.483319319607844	31.49914284548073	58.804407998040425	37.51343226099154	38.29070905585323	34.374025077084	53.552366894470694	34.205461552214146	48.80195078068088	31.936336671572082	

var_capacite_X : 
4042.8	168.4	4119.36	114.24000000000001	114.16	163.44	42.4	155.44	164.16	78.24000000000001	

var_capacite_W : 
3304.332000000001	992.1959999999999	3457.9584000000004	1407.2576000000008	1466.1784000000002	1181.5735999999997	2867.8560000000007	1170.0136	2381.6303999999996	1019.9295999999998	

covar_capacite_X : 
5053.5	210.5	5149.2	142.8	142.7	204.29999999999998	53.0	194.29999999999998	205.2	97.80000000000001	

covar_capacite_W : 
4130.415000000001	1240.245	4322.448	1759.072000000001	1832.7230000000004	1476.9669999999996	3584.8200000000006	1462.517	2977.0379999999996	1274.9119999999998	

##########	##########	##########	##########	##########	##########	##########	##########	##########	##########	##########	##########	##########	##########	##########	##########	##########	##########	##########	##########	##########	##########	##########	##########	##########	##########	##########	##########	##########	##########	##########	##########	##########	##########	##########	##########	##########	##########	##########	##########	##########	##########	##########	##########	##########	##########	##########	##########	##########	##########	nombre de noeuds : 50
nombre de strates : 10
nombre de centres : 5
titre : intelligent
instances : p3_3
temps de calcul : 0.06672406196594238
valeur objective : 1391.0
nombre de solutions : 3
nombre de noeuds : 1.0
faisability : True
moy_distances :	51.65
min_distances :	2.0
max_distances :	118.0
var_distances :	623.8793795918367
covar_distances :	624.1341282155983
ecartType_distances :	24.977577536499346
coef_variation	: 0.4836331122911469
distances_centre_x :
14.0	17.0	30.0	3.0	-1.0	17.0	0.0	-1.0	37.0	14.0	-1.0	24.0	13.0	40.0	12.0	6.0	-1.0	38.0	-1.0	-1.0	-1.0	-1.0	39.0	26.0	-1.0	34.0	-1.0	30.0	25.0	-1.0	11.0	-1.0	-1.0	33.0	-1.0	-1.0	-1.0	-1.0	-1.0	-1.0	19.0	55.0	-1.0	47.0	37.0	16.0	-1.0	-1.0	0.0	4.0	
-1.0	46.0	30.0	3.0	43.0	17.0	0.0	42.0	37.0	29.0	43.0	32.0	-1.0	40.0	-1.0	-1.0	-1.0	38.0	0.0	-1.0	-1.0	-1.0	-1.0	-1.0	41.0	34.0	-1.0	30.0	25.0	-1.0	11.0	-1.0	-1.0	33.0	-1.0	53.0	-1.0	43.0	-1.0	-1.0	19.0	55.0	-1.0	47.0	37.0	-1.0	15.0	6.0	0.0	4.0	
-1.0	17.0	-1.0	3.0	11.0	-1.0	17.0	-1.0	-1.0	-1.0	49.0	24.0	-1.0	40.0	-1.0	-1.0	-1.0	-1.0	0.0	42.0	32.0	30.0	49.0	-1.0	41.0	34.0	29.0	30.0	25.0	-1.0	11.0	-1.0	19.0	-1.0	-1.0	-1.0	-1.0	-1.0	22.0	29.0	19.0	55.0	-1.0	-1.0	51.0	-1.0	-1.0	13.0	0.0	20.0	
-1.0	17.0	30.0	3.0	11.0	-1.0	0.0	-1.0	-1.0	14.0	43.0	-1.0	-1.0	40.0	12.0	6.0	-1.0	-1.0	-1.0	42.0	32.0	-1.0	39.0	26.0	-1.0	34.0	19.0	30.0	25.0	0.0	11.0	39.0	-1.0	33.0	-1.0	37.0	-1.0	-1.0	22.0	-1.0	19.0	-1.0	-1.0	-1.0	-1.0	-1.0	28.0	-1.0	0.0	4.0	
-1.0	17.0	30.0	3.0	11.0	17.0	0.0	-1.0	-1.0	14.0	49.0	-1.0	13.0	40.0	-1.0	-1.0	-1.0	-1.0	-1.0	-1.0	32.0	-1.0	49.0	-1.0	41.0	34.0	19.0	-1.0	25.0	-1.0	11.0	-1.0	21.0	33.0	21.0	40.0	-1.0	43.0	-1.0	-1.0	19.0	55.0	-1.0	47.0	37.0	-1.0	27.0	-1.0	0.0	4.0	
14.0	-1.0	-1.0	-1.0	11.0	52.0	-1.0	-1.0	37.0	-1.0	-1.0	-1.0	-1.0	-1.0	-1.0	-1.0	-1.0	-1.0	-1.0	-1.0	-1.0	-1.0	-1.0	26.0	-1.0	-1.0	-1.0	-1.0	-1.0	-1.0	-1.0	-1.0	-1.0	-1.0	-1.0	-1.0	-1.0	-1.0	-1.0	-1.0	-1.0	-1.0	-1.0	-1.0	-1.0	-1.0	-1.0	-1.0	0.0	-1.0	
-1.0	17.0	30.0	-1.0	11.0	17.0	0.0	-1.0	-1.0	-1.0	-1.0	24.0	-1.0	-1.0	-1.0	-1.0	33.0	-1.0	-1.0	-1.0	32.0	-1.0	39.0	-1.0	-1.0	34.0	-1.0	30.0	25.0	-1.0	-1.0	39.0	-1.0	-1.0	-1.0	37.0	46.0	-1.0	-1.0	-1.0	19.0	55.0	34.0	-1.0	37.0	-1.0	27.0	-1.0	0.0	4.0	
-1.0	17.0	30.0	3.0	11.0	-1.0	0.0	-1.0	37.0	14.0	43.0	32.0	13.0	40.0	-1.0	-1.0	-1.0	-1.0	-1.0	-1.0	32.0	-1.0	39.0	-1.0	-1.0	34.0	-1.0	30.0	25.0	-1.0	-1.0	39.0	21.0	-1.0	-1.0	-1.0	-1.0	43.0	-1.0	-1.0	25.0	55.0	-1.0	-1.0	-1.0	16.0	15.0	6.0	0.0	4.0	
-1.0	17.0	30.0	3.0	11.0	17.0	0.0	-1.0	37.0	-1.0	43.0	32.0	-1.0	40.0	-1.0	6.0	-1.0	-1.0	-1.0	43.0	32.0	-1.0	49.0	-1.0	41.0	34.0	19.0	30.0	25.0	0.0	-1.0	39.0	-1.0	-1.0	-1.0	-1.0	-1.0	-1.0	-1.0	-1.0	25.0	55.0	-1.0	47.0	37.0	16.0	-1.0	6.0	-1.0	-1.0	
-1.0	17.0	30.0	3.0	-1.0	-1.0	0.0	0.0	37.0	-1.0	43.0	32.0	-1.0	-1.0	-1.0	-1.0	-1.0	-1.0	0.0	42.0	-1.0	-1.0	49.0	26.0	-1.0	34.0	-1.0	30.0	-1.0	0.0	-1.0	-1.0	-1.0	-1.0	-1.0	-1.0	-1.0	-1.0	-1.0	-1.0	23.0	55.0	-1.0	47.0	37.0	16.0	15.0	-1.0	0.0	4.0	

distances_centre_w :
39.0	46.0	47.0	21.0	-1.0	34.0	49.0	-1.0	81.0	29.0	-1.0	24.0	29.0	57.0	50.0	13.0	-1.0	56.0	-1.0	-1.0	-1.0	-1.0	49.0	74.0	-1.0	70.0	-1.0	45.0	43.0	-1.0	32.0	-1.0	-1.0	66.0	-1.0	-1.0	-1.0	-1.0	-1.0	-1.0	23.0	87.0	-1.0	66.0	51.0	22.0	-1.0	-1.0	50.0	53.0	
-1.0	51.0	47.0	21.0	69.0	62.0	17.0	75.0	51.0	38.0	49.0	47.0	-1.0	57.0	-1.0	-1.0	-1.0	56.0	41.0	-1.0	-1.0	-1.0	-1.0	-1.0	76.0	83.0	-1.0	45.0	43.0	-1.0	30.0	-1.0	-1.0	50.0	-1.0	68.0	-1.0	80.0	-1.0	-1.0	23.0	87.0	-1.0	66.0	51.0	-1.0	57.0	13.0	53.0	54.0	
-1.0	46.0	-1.0	21.0	50.0	-1.0	35.0	-1.0	-1.0	-1.0	62.0	24.0	-1.0	56.0	-1.0	-1.0	-1.0	-1.0	41.0	43.0	51.0	34.0	60.0	-1.0	76.0	70.0	43.0	45.0	48.0	-1.0	30.0	-1.0	21.0	-1.0	-1.0	-1.0	-1.0	-1.0	32.0	38.0	23.0	87.0	-1.0	-1.0	54.0	-1.0	-1.0	50.0	50.0	38.0	
-1.0	46.0	47.0	21.0	43.0	-1.0	53.0	-1.0	-1.0	29.0	49.0	-1.0	-1.0	56.0	63.0	63.0	-1.0	-1.0	-1.0	43.0	51.0	-1.0	49.0	51.0	-1.0	70.0	33.0	45.0	48.0	17.0	30.0	59.0	-1.0	49.0	-1.0	53.0	-1.0	-1.0	47.0	-1.0	23.0	-1.0	-1.0	-1.0	-1.0	-1.0	57.0	-1.0	53.0	38.0	
-1.0	46.0	47.0	21.0	43.0	62.0	17.0	-1.0	-1.0	29.0	62.0	-1.0	29.0	56.0	-1.0	-1.0	-1.0	-1.0	-1.0	-1.0	51.0	-1.0	60.0	-1.0	76.0	70.0	19.0	-1.0	48.0	-1.0	30.0	-1.0	31.0	50.0	28.0	68.0	-1.0	79.0	-1.0	-1.0	59.0	87.0	-1.0	66.0	51.0	-1.0	28.0	-1.0	50.0	20.0	
-1.0	-1.0	80.0	-1.0	-1.0	-1.0	53.0	-1.0	-1.0	-1.0	-1.0	70.0	-1.0	-1.0	-1.0	-1.0	-1.0	-1.0	-1.0	-1.0	82.0	-1.0	-1.0	-1.0	76.0	-1.0	-1.0	-1.0	-1.0	-1.0	-1.0	59.0	-1.0	-1.0	-1.0	-1.0	-1.0	-1.0	-1.0	-1.0	-1.0	-1.0	-1.0	66.0	-1.0	-1.0	-1.0	-1.0	-1.0	-1.0	
-1.0	46.0	47.0	-1.0	43.0	52.0	17.0	-1.0	-1.0	-1.0	-1.0	24.0	-1.0	-1.0	-1.0	-1.0	41.0	-1.0	-1.0	-1.0	51.0	-1.0	49.0	-1.0	-1.0	70.0	-1.0	45.0	43.0	-1.0	-1.0	59.0	-1.0	-1.0	-1.0	40.0	76.0	-1.0	-1.0	-1.0	25.0	87.0	77.0	-1.0	51.0	-1.0	28.0	-1.0	50.0	20.0	
-1.0	46.0	47.0	21.0	43.0	-1.0	17.0	-1.0	51.0	29.0	62.0	47.0	29.0	56.0	-1.0	-1.0	-1.0	-1.0	-1.0	-1.0	51.0	-1.0	49.0	-1.0	-1.0	73.0	-1.0	73.0	43.0	-1.0	-1.0	59.0	52.0	-1.0	-1.0	-1.0	-1.0	79.0	-1.0	-1.0	59.0	87.0	-1.0	-1.0	-1.0	22.0	39.0	31.0	50.0	20.0	
-1.0	46.0	56.0	21.0	43.0	34.0	17.0	-1.0	51.0	-1.0	49.0	47.0	-1.0	56.0	-1.0	13.0	-1.0	-1.0	-1.0	72.0	51.0	-1.0	75.0	-1.0	76.0	73.0	29.0	45.0	43.0	17.0	-1.0	81.0	-1.0	-1.0	-1.0	-1.0	-1.0	-1.0	-1.0	-1.0	38.0	87.0	-1.0	87.0	71.0	22.0	-1.0	31.0	-1.0	-1.0	
-1.0	46.0	47.0	21.0	-1.0	-1.0	53.0	18.0	51.0	-1.0	49.0	70.0	-1.0	-1.0	-1.0	-1.0	-1.0	-1.0	41.0	43.0	-1.0	-1.0	60.0	74.0	-1.0	70.0	-1.0	45.0	-1.0	17.0	-1.0	-1.0	-1.0	-1.0	-1.0	-1.0	-1.0	-1.0	-1.0	-1.0	25.0	87.0	-1.0	66.0	51.0	22.0	27.0	-1.0	50.0	20.0	

maxX :
55.0	55.0	55.0	43.0	55.0	52.0	55.0	55.0	55.0	55.0	

maxW :
87.0	87.0	87.0	70.0	87.0	82.0	87.0	87.0	87.0	87.0	

minX :
0.0	0.0	0.0	0.0	0.0	0.0	0.0	0.0	0.0	0.0	

minW :
13.0	13.0	21.0	17.0	17.0	53.0	17.0	17.0	13.0	17.0	

moyX :
22.892857142857142	28.433333333333334	26.37037037037037	22.0	25.93103448275862	23.333333333333332	26.818181818181817	24.0	27.185185185185187	23.47826086956522	

moyW :
46.642857142857146	52.0	45.48148148148148	45.92857142857143	47.689655172413794	69.42857142857143	47.31818181818182	47.5	49.2962962962963	45.78260869565217	

medX :
21.5	32.5	25.0	23.5	25.0	20.0	30.0	25.0	30.0	26.0	

medW :
48.0	51.0	45.0	48.5	50.0	70.0	46.5	48.0	47.0	47.0	

ecartTypeX :
14.47495197552923	16.604584373666878	15.109840178942866	13.840933081675837	15.505129372594087	17.317300277147385	14.028012117436388	14.897082832658109	15.599233212487025	17.80051187641473	

ecartTypeW :
18.593805200569747	18.73677311242965	16.095479858621385	12.769742618025324	19.206865597696844	10.02649551163805	18.099187233475337	18.149486112665727	21.974420844876985	19.421987812425673	

varX :
209.52423469387756	275.71222222222224	228.3072702331962	191.57142857142858	240.4090368608799	299.88888888888886	196.78512396694214	221.92307692307693	243.33607681755828	316.8582230623819	

varW :
345.72959183673464	351.06666666666666	259.06447187928666	163.06632653061226	368.9036860879906	100.53061224489797	327.5805785123967	329.40384615384613	482.87517146776406	377.2136105860113	

covarX :
217.28439153439157	285.21954022988507	237.08831908831914	198.66666666666666	248.9950738916256	359.8666666666667	206.15584415584414	230.8	252.69515669515667	331.26086956521743	

covarW :
358.53439153439155	363.17241379310343	269.02849002848995	169.1058201058201	382.0788177339902	117.28571428571429	343.17965367965365	342.58	501.4472934472935	394.3596837944664	

coef_variationX :
0.6322911939388743	0.5839830377608515	0.5729855124037323	0.6291333218943562	0.5979371699537613	0.7421700118777451	0.523078417938306	0.6207117846940878	0.5738137557726835	0.7581699502917385	

coef_variationW :
0.39864207168143406	0.3603225598544163	0.35389084379705	0.27803483149666336	0.40274700096399746	0.14441454440630935	0.3824996341368467	0.3820944444771732	0.44576210579389824	0.42422195601689505	

moy_distances_centre :	44.1
min_distances_centre :	17.0
max_distances_centre :	75.0
med_distances_centre :	45.5
ecartType_distances_centre :	17.00264685276972
var_distances_centre :	289.09
covar_distances_centre :	304.3052631578947
coef_variation_distances_centre :	0.385547547681853
capacite_X_temoin : 
156.0	171.0	159.0	175.0	144.0	
138.0	153.0	178.0	163.0	159.0	
0.0	144.0	178.0	147.0	166.0	
166.0	151.0	159.0	168.0	171.0	
144.0	144.0	169.0	147.0	165.0	
172.0	144.0	145.0	0.0	157.0	
172.0	171.0	157.0	135.0	163.0	
141.0	136.0	145.0	156.0	148.0	
147.0	139.0	148.0	144.0	169.0	
154.0	177.0	171.0	147.0	163.0	

capacite_W_temoin : 
168.8	135.3	63.699999999999996	216.5	111.19999999999999	
129.4	128.9	62.4	186.9	158.7	
0.0	135.2	55.4	150.1	174.8	
192.8	152.3	55.699999999999996	194.4	163.3	
136.2	90.19999999999999	58.699999999999996	168.1	188.5	
193.6	115.19999999999999	44.5	0.0	135.1	
189.6	195.3	51.1	175.5	174.9	
151.3	116.8	58.5	161.8	135.4	
156.1	112.69999999999999	57.4	151.2	183.7	
176.2	173.1	66.3	186.1	145.9	

demande_cumulee_X : 
34.0	87.0	143.0	11.0	76.0	
50.0	70.0	169.0	25.0	48.0	
0.0	52.0	176.0	41.0	41.0	
23.0	44.0	151.0	24.0	59.0	
51.0	97.0	161.0	23.0	26.0	
30.0	72.0	144.0	0.0	69.0	
34.0	27.0	153.0	0.0	37.0	
32.0	60.0	130.0	41.0	57.0	
35.0	68.0	135.0	36.0	36.0	
24.0	57.0	156.0	5.0	66.0	

demande_cumulee_W : 
48.0	134.0	63.0	86.0	20.0	
61.0	69.0	48.0	116.0	68.0	
0.0	133.0	51.0	91.0	35.0	
40.0	130.0	51.0	44.0	36.0	
44.0	90.0	47.0	119.0	58.0	
84.0	104.0	44.0	0.0	83.0	
5.0	146.0	32.0	65.0	3.0	
31.0	92.0	51.0	80.0	66.0	
58.0	77.0	44.0	112.0	19.0	
21.0	119.0	49.0	82.0	37.0	

capacite_residuelle_X : 
122.0	84.0	16.0	164.0	68.0	
88.0	83.0	9.0	138.0	111.0	
0.0	92.0	2.0	106.0	125.0	
143.0	107.0	8.0	144.0	112.0	
93.0	47.0	8.0	124.0	139.0	
142.0	72.0	1.0	0.0	88.0	
138.0	144.0	4.0	135.0	126.0	
109.0	76.0	15.0	115.0	91.0	
112.0	71.0	13.0	108.0	133.0	
130.0	120.0	15.0	142.0	97.0	

capacite_residuelle_W : 
120.80000000000001	1.3000000000000114	0.6999999999999957	130.5	91.19999999999999	
68.4	59.900000000000006	14.399999999999999	70.9	90.69999999999999	
0.0	2.1999999999999886	4.399999999999999	59.099999999999994	139.8	
152.8	22.30000000000001	4.699999999999996	150.4	127.30000000000001	
92.19999999999999	0.19999999999998863	11.699999999999996	49.099999999999994	130.5	
109.6	11.199999999999989	0.5	0.0	52.099999999999994	
184.6	49.30000000000001	19.1	110.5	171.9	
120.30000000000001	24.799999999999997	7.5	81.80000000000001	69.4	
98.1	35.69999999999999	13.399999999999999	39.19999999999999	164.7	
155.2	54.099999999999994	17.299999999999997	104.1	108.9	

min_capacite_X : 
144.0	138.0	0.0	151.0	144.0	0.0	135.0	136.0	139.0	147.0	

min_capacite_W : 
63.699999999999996	62.4	0.0	55.699999999999996	58.699999999999996	0.0	51.1	58.5	57.4	66.3	

max_capacite_X : 
175.0	178.0	178.0	171.0	169.0	172.0	172.0	156.0	169.0	177.0	

max_capacite_W : 
216.5	186.9	174.8	194.4	188.5	193.6	195.3	161.8	183.7	186.1	

moy_capacite_X : 
161.0	158.2	127.0	163.0	153.8	123.6	159.6	145.2	149.4	162.4	

moy_capacite_W : 
139.1	133.26	103.1	151.7	128.33999999999997	97.67999999999999	157.28	124.76000000000002	132.21999999999997	149.51999999999998	

med_capacite_X : 
159.0	159.0	147.0	166.0	147.0	145.0	163.0	145.0	147.0	163.0	

med_capacite_W : 
135.3	129.4	135.2	163.3	136.2	115.19999999999999	175.5	135.4	151.2	173.1	

ecartType_capacite_X : 
11.081516141756055	13.044539087296261	64.71475874945375	7.183313998427188	10.906878563548783	62.62459580707887	13.46996659238619	6.734983296193095	10.287856919689348	10.910545357588685	

ecartType_capacite_W : 
51.67370704720148	41.4234040127076	65.24599604573449	50.721632465842426	48.096261809001334	68.2310017514033	53.67816688375266	36.45076679577537	43.72584590376725	43.69120735342524	

var_capacite_X : 
122.8	170.16	4188.0	51.6	118.96	3921.84	181.44	45.36	105.84	119.04	

var_capacite_W : 
2670.1720000000005	1715.8984	4257.04	2572.6840000000007	2313.2504000000004	4655.469599999999	2881.3456000000006	1328.6584000000005	1911.9495999999995	1908.9215999999997	

covar_capacite_X : 
153.5	212.7	5235.0	64.5	148.7	4902.3	226.8	56.699999999999996	132.3	148.8	

covar_capacite_W : 
3337.7150000000006	2144.873	5321.3	3215.855000000001	2891.5630000000006	5819.3369999999995	3601.6820000000007	1660.8230000000005	2389.9369999999994	2386.1519999999996	

##########	##########	##########	##########	##########	##########	##########	##########	##########	##########	##########	##########	##########	##########	##########	##########	##########	##########	##########	##########	##########	##########	##########	##########	##########	##########	##########	##########	##########	##########	##########	##########	##########	##########	##########	##########	##########	##########	##########	##########	##########	##########	##########	##########	##########	##########	##########	##########	##########	##########	nombre de noeuds : 50
nombre de strates : 10
nombre de centres : 5
titre : intelligent
instances : p3_3
temps de calcul : 0.06630086898803711
valeur objective : 1219.0
nombre de solutions : 3
nombre de noeuds : 1.0
faisability : True
moy_distances :	51.65
min_distances :	2.0
max_distances :	118.0
var_distances :	623.8793795918367
covar_distances :	624.1341282155983
ecartType_distances :	24.977577536499346
coef_variation	: 0.4836331122911469
distances_centre_x :
-1.0	-1.0	-1.0	-1.0	-1.0	-1.0	-1.0	-1.0	-1.0	-1.0	-1.0	-1.0	-1.0	-1.0	-1.0	-1.0	-1.0	-1.0	-1.0	-1.0	-1.0	-1.0	-1.0	-1.0	-1.0	-1.0	-1.0	-1.0	-1.0	-1.0	-1.0	-1.0	-1.0	-1.0	-1.0	-1.0	-1.0	-1.0	-1.0	-1.0	-1.0	-1.0	-1.0	-1.0	-1.0	-1.0	-1.0	-1.0	-1.0	-1.0	
-1.0	17.0	31.0	3.0	18.0	23.0	17.0	0.0	51.0	38.0	43.0	24.0	-1.0	40.0	-1.0	-1.0	-1.0	38.0	0.0	-1.0	-1.0	-1.0	-1.0	-1.0	41.0	34.0	-1.0	45.0	25.0	-1.0	0.0	-1.0	-1.0	33.0	-1.0	35.0	-1.0	43.0	-1.0	-1.0	8.0	55.0	-1.0	47.0	37.0	-1.0	5.0	13.0	29.0	20.0	
-1.0	17.0	-1.0	3.0	18.0	-1.0	17.0	-1.0	-1.0	-1.0	43.0	24.0	-1.0	40.0	-1.0	-1.0	-1.0	-1.0	0.0	40.0	32.0	24.0	39.0	-1.0	41.0	34.0	19.0	54.0	25.0	-1.0	0.0	-1.0	8.0	-1.0	-1.0	-1.0	-1.0	-1.0	18.0	0.0	8.0	55.0	-1.0	-1.0	46.0	-1.0	-1.0	13.0	29.0	20.0	
-1.0	-1.0	-1.0	-1.0	-1.0	-1.0	-1.0	-1.0	-1.0	-1.0	-1.0	-1.0	-1.0	-1.0	-1.0	-1.0	-1.0	-1.0	-1.0	-1.0	-1.0	-1.0	-1.0	-1.0	-1.0	-1.0	-1.0	-1.0	-1.0	-1.0	-1.0	-1.0	-1.0	-1.0	-1.0	-1.0	-1.0	-1.0	-1.0	-1.0	-1.0	-1.0	-1.0	-1.0	-1.0	-1.0	-1.0	-1.0	-1.0	-1.0	
-1.0	-1.0	-1.0	-1.0	18.0	23.0	-1.0	-1.0	-1.0	-1.0	-1.0	-1.0	-1.0	-1.0	-1.0	-1.0	-1.0	-1.0	-1.0	-1.0	-1.0	-1.0	-1.0	-1.0	-1.0	-1.0	-1.0	-1.0	-1.0	-1.0	-1.0	-1.0	-1.0	-1.0	14.0	-1.0	-1.0	-1.0	-1.0	-1.0	-1.0	-1.0	-1.0	-1.0	-1.0	-1.0	-1.0	-1.0	29.0	-1.0	
15.0	-1.0	31.0	-1.0	18.0	23.0	25.0	-1.0	-1.0	-1.0	-1.0	17.0	-1.0	-1.0	-1.0	-1.0	-1.0	-1.0	-1.0	-1.0	34.0	-1.0	39.0	-1.0	-1.0	-1.0	-1.0	-1.0	-1.0	-1.0	-1.0	-1.0	-1.0	-1.0	-1.0	35.0	-1.0	-1.0	-1.0	-1.0	8.0	-1.0	-1.0	-1.0	-1.0	-1.0	-1.0	-1.0	29.0	26.0	
-1.0	-1.0	-1.0	-1.0	-1.0	-1.0	-1.0	-1.0	-1.0	-1.0	-1.0	-1.0	-1.0	-1.0	-1.0	-1.0	-1.0	-1.0	-1.0	-1.0	-1.0	-1.0	-1.0	-1.0	-1.0	-1.0	-1.0	-1.0	-1.0	-1.0	-1.0	-1.0	-1.0	-1.0	-1.0	-1.0	-1.0	-1.0	-1.0	-1.0	-1.0	-1.0	-1.0	-1.0	-1.0	-1.0	-1.0	-1.0	-1.0	-1.0	
-1.0	17.0	30.0	3.0	50.0	-1.0	17.0	-1.0	51.0	29.0	43.0	24.0	13.0	40.0	-1.0	-1.0	-1.0	-1.0	-1.0	-1.0	32.0	-1.0	39.0	-1.0	-1.0	34.0	-1.0	54.0	25.0	-1.0	-1.0	39.0	8.0	-1.0	-1.0	-1.0	-1.0	43.0	-1.0	-1.0	8.0	55.0	-1.0	-1.0	-1.0	16.0	5.0	13.0	29.0	20.0	
-1.0	17.0	47.0	3.0	50.0	23.0	17.0	-1.0	51.0	-1.0	43.0	24.0	-1.0	40.0	-1.0	6.0	-1.0	-1.0	-1.0	40.0	34.0	-1.0	49.0	-1.0	41.0	34.0	25.0	45.0	25.0	0.0	-1.0	39.0	-1.0	-1.0	-1.0	-1.0	-1.0	-1.0	-1.0	-1.0	8.0	55.0	-1.0	47.0	37.0	16.0	-1.0	13.0	-1.0	-1.0	
-1.0	17.0	30.0	3.0	-1.0	-1.0	17.0	0.0	51.0	-1.0	49.0	24.0	-1.0	-1.0	-1.0	-1.0	-1.0	-1.0	0.0	40.0	-1.0	-1.0	39.0	51.0	-1.0	34.0	-1.0	45.0	-1.0	0.0	-1.0	-1.0	-1.0	-1.0	-1.0	-1.0	-1.0	-1.0	-1.0	-1.0	8.0	55.0	-1.0	47.0	37.0	16.0	5.0	-1.0	29.0	20.0	

distances_centre_w :
-1.0	-1.0	-1.0	-1.0	-1.0	-1.0	-1.0	-1.0	-1.0	-1.0	-1.0	-1.0	-1.0	-1.0	-1.0	-1.0	-1.0	-1.0	-1.0	-1.0	-1.0	-1.0	-1.0	-1.0	-1.0	-1.0	-1.0	-1.0	-1.0	-1.0	-1.0	-1.0	-1.0	-1.0	-1.0	-1.0	-1.0	-1.0	-1.0	-1.0	-1.0	-1.0	-1.0	-1.0	-1.0	-1.0	-1.0	-1.0	-1.0	-1.0	
-1.0	46.0	47.0	21.0	53.0	34.0	25.0	18.0	60.0	63.0	62.0	59.0	-1.0	56.0	-1.0	-1.0	-1.0	54.0	42.0	-1.0	-1.0	-1.0	-1.0	-1.0	51.0	43.0	-1.0	55.0	41.0	-1.0	32.0	-1.0	-1.0	50.0	-1.0	37.0	-1.0	53.0	-1.0	-1.0	48.0	63.0	-1.0	58.0	46.0	-1.0	47.0	25.0	50.0	26.0	
-1.0	22.0	-1.0	42.0	53.0	-1.0	25.0	-1.0	-1.0	-1.0	49.0	24.0	-1.0	57.0	-1.0	-1.0	-1.0	-1.0	11.0	42.0	34.0	30.0	49.0	-1.0	51.0	43.0	22.0	55.0	41.0	-1.0	11.0	-1.0	19.0	-1.0	-1.0	-1.0	-1.0	-1.0	22.0	38.0	19.0	63.0	-1.0	-1.0	51.0	-1.0	-1.0	31.0	50.0	26.0	
-1.0	-1.0	-1.0	-1.0	-1.0	-1.0	-1.0	-1.0	-1.0	-1.0	-1.0	-1.0	-1.0	-1.0	-1.0	-1.0	-1.0	-1.0	-1.0	-1.0	-1.0	-1.0	-1.0	-1.0	-1.0	-1.0	-1.0	-1.0	-1.0	-1.0	-1.0	-1.0	-1.0	-1.0	-1.0	-1.0	-1.0	-1.0	-1.0	-1.0	-1.0	-1.0	-1.0	-1.0	-1.0	-1.0	-1.0	-1.0	-1.0	-1.0	
-1.0	-1.0	-1.0	-1.0	-1.0	-1.0	25.0	-1.0	-1.0	-1.0	-1.0	-1.0	-1.0	-1.0	-1.0	-1.0	-1.0	-1.0	-1.0	-1.0	-1.0	-1.0	84.0	-1.0	87.0	-1.0	-1.0	-1.0	-1.0	-1.0	-1.0	-1.0	-1.0	-1.0	-1.0	-1.0	-1.0	-1.0	-1.0	-1.0	48.0	-1.0	-1.0	83.0	-1.0	-1.0	-1.0	-1.0	-1.0	26.0	
-1.0	-1.0	-1.0	31.0	50.0	-1.0	-1.0	32.0	63.0	63.0	-1.0	59.0	-1.0	-1.0	-1.0	-1.0	-1.0	-1.0	-1.0	-1.0	-1.0	-1.0	-1.0	54.0	51.0	43.0	-1.0	-1.0	-1.0	30.0	-1.0	50.0	-1.0	-1.0	-1.0	-1.0	-1.0	-1.0	-1.0	-1.0	48.0	63.0	-1.0	58.0	-1.0	-1.0	-1.0	-1.0	-1.0	-1.0	
-1.0	-1.0	-1.0	-1.0	-1.0	-1.0	-1.0	-1.0	-1.0	-1.0	-1.0	-1.0	-1.0	-1.0	-1.0	-1.0	-1.0	-1.0	-1.0	-1.0	-1.0	-1.0	-1.0	-1.0	-1.0	-1.0	-1.0	-1.0	-1.0	-1.0	-1.0	-1.0	-1.0	-1.0	-1.0	-1.0	-1.0	-1.0	-1.0	-1.0	-1.0	-1.0	-1.0	-1.0	-1.0	-1.0	-1.0	-1.0	-1.0	-1.0	
-1.0	22.0	31.0	58.0	50.0	-1.0	25.0	-1.0	60.0	38.0	49.0	32.0	29.0	57.0	-1.0	-1.0	-1.0	-1.0	-1.0	-1.0	34.0	-1.0	49.0	-1.0	-1.0	43.0	-1.0	55.0	41.0	-1.0	-1.0	50.0	25.0	-1.0	-1.0	-1.0	-1.0	53.0	-1.0	-1.0	19.0	63.0	-1.0	-1.0	-1.0	17.0	15.0	25.0	61.0	38.0	
-1.0	22.0	56.0	21.0	53.0	52.0	25.0	-1.0	60.0	-1.0	49.0	59.0	-1.0	56.0	-1.0	13.0	-1.0	-1.0	-1.0	42.0	51.0	-1.0	60.0	-1.0	51.0	43.0	33.0	54.0	41.0	18.0	-1.0	50.0	-1.0	-1.0	-1.0	-1.0	-1.0	-1.0	-1.0	-1.0	19.0	63.0	-1.0	58.0	46.0	17.0	-1.0	25.0	-1.0	-1.0	
-1.0	22.0	56.0	21.0	-1.0	-1.0	25.0	18.0	60.0	-1.0	62.0	59.0	-1.0	-1.0	-1.0	-1.0	-1.0	-1.0	42.0	56.0	-1.0	-1.0	49.0	54.0	-1.0	43.0	-1.0	55.0	-1.0	18.0	-1.0	-1.0	-1.0	-1.0	-1.0	-1.0	-1.0	-1.0	-1.0	-1.0	19.0	63.0	-1.0	58.0	46.0	17.0	15.0	-1.0	50.0	38.0	

maxX :
nan	55.0	55.0	nan	29.0	39.0	nan	55.0	55.0	55.0	

maxW :
nan	63.0	63.0	nan	87.0	63.0	nan	63.0	63.0	63.0	

minX :
nan	0.0	0.0	nan	14.0	8.0	nan	3.0	0.0	0.0	

minW :
nan	18.0	11.0	nan	25.0	30.0	nan	15.0	13.0	15.0	

moyX :
nan	27.1	24.703703703703702	nan	21.0	25.0	nan	28.346153846153847	30.703703703703702	26.82608695652174	

moyW :
nan	45.5	36.2962962962963	nan	58.833333333333336	49.642857142857146	nan	39.96153846153846	42.111111111111114	41.130434782608695	

medX :
nan	30.0	24.0	nan	20.5	25.5	nan	29.0	34.0	29.0	

medW :
nan	47.5	38.0	nan	65.5	50.5	nan	39.5	49.0	46.0	

ecartTypeX :
nan	15.952742710894576	16.01114152548923	nan	5.612486080160912	8.831760866327848	nan	15.427104787683836	16.004200408862147	18.184207610649995	

ecartTypeW :
nan	12.784756548327387	14.653566914564383	nan	26.928403014083273	11.355345769769425	nan	14.745222874990262	15.816853021577105	17.078601785316	

varX :
nan	254.49000000000004	256.35665294924553	nan	31.5	78.0	nan	237.99556213017752	256.1344307270233	330.6654064272212	

varW :
nan	163.45	214.7270233196159	nan	725.138888888889	128.9438775510204	nan	217.4215976331361	250.1728395061728	291.6786389413989	

covarX :
nan	263.2655172413793	266.21652421652425	nan	42.0	85.0909090909091	nan	247.51538461538462	265.985754985755	345.6956521739131	

covarW :
nan	169.08620689655172	222.985754985755	nan	870.1666666666669	138.86263736263737	nan	226.11846153846153	259.7948717948718	304.9367588932807	

coef_variationX :
nan	0.5886620926529363	0.6481271681982147	nan	0.2672612419124244	0.3532704346531139	nan	0.544239788982062	0.5212465754394185	0.6778553890517827	

coef_variationW :
nan	0.2809836604027997	0.4037207211155493	nan	0.4577065668116137	0.22874077809607474	nan	0.3689853654954252	0.37559809286067	0.4152302759643425	

moy_distances_centre :	36.1
min_distances_centre :	11.0
max_distances_centre :	55.0
med_distances_centre :	39.5
ecartType_distances_centre :	12.949517365523706
var_distances_centre :	167.69000000000003
covar_distances_centre :	176.5157894736842
coef_variation_distances_centre :	0.35871239239677855
capacite_X_temoin : 
171.0	159.0	175.0	168.0	0.0	
153.0	178.0	163.0	154.0	156.0	
144.0	178.0	147.0	172.0	151.0	
151.0	159.0	168.0	165.0	0.0	
144.0	169.0	147.0	0.0	150.0	
144.0	145.0	0.0	135.0	174.0	
171.0	157.0	135.0	0.0	0.0	
136.0	145.0	156.0	157.0	162.0	
139.0	148.0	144.0	174.0	160.0	
177.0	171.0	147.0	148.0	175.0	

capacite_W_temoin : 
121.3	50.699999999999996	182.5	169.4	0.0	
148.9	61.4	177.9	127.19999999999999	167.8	
169.2	108.4	153.1	120.6	168.3	
179.3	56.699999999999996	173.4	125.5	0.0	
113.19999999999999	54.699999999999996	124.1	0.0	143.0	
147.2	43.5	0.0	104.5	167.2	
80.3	95.1	175.5	0.0	0.0	
123.8	49.5	163.8	136.1	189.6	
109.69999999999999	56.4	149.2	174.2	195.0	
196.1	52.3	164.1	133.4	209.5	

demande_cumulee_X : 
101.0	156.0	45.0	49.0	0.0	
50.0	170.0	34.0	73.0	35.0	
18.0	123.0	38.0	103.0	28.0	
17.0	150.0	45.0	89.0	0.0	
74.0	165.0	67.0	0.0	52.0	
40.0	145.0	0.0	71.0	59.0	
142.0	109.0	0.0	0.0	0.0	
53.0	139.0	39.0	68.0	21.0	
71.0	136.0	38.0	52.0	13.0	
34.0	170.0	27.0	59.0	18.0	

demande_cumulee_W : 
45.0	35.0	109.0	162.0	0.0	
65.0	46.0	41.0	127.0	83.0	
45.0	98.0	23.0	105.0	39.0	
84.0	51.0	41.0	125.0	0.0	
105.0	44.0	113.0	0.0	96.0	
109.0	42.0	0.0	103.0	61.0	
68.0	36.0	147.0	0.0	0.0	
55.0	42.0	50.0	133.0	40.0	
41.0	46.0	41.0	157.0	25.0	
43.0	44.0	53.0	123.0	45.0	

capacite_residuelle_X : 
70.0	3.0	130.0	119.0	0.0	
103.0	8.0	129.0	81.0	121.0	
126.0	55.0	109.0	69.0	123.0	
134.0	9.0	123.0	76.0	0.0	
70.0	4.0	80.0	0.0	98.0	
104.0	0.0	0.0	64.0	115.0	
29.0	48.0	135.0	0.0	0.0	
83.0	6.0	117.0	89.0	141.0	
68.0	12.0	106.0	122.0	147.0	
143.0	1.0	120.0	89.0	157.0	

capacite_residuelle_W : 
76.3	15.699999999999996	73.5	7.400000000000006	0.0	
83.9	15.399999999999999	136.9	0.19999999999998863	84.80000000000001	
124.19999999999999	10.400000000000006	130.1	15.599999999999994	129.3	
95.30000000000001	5.699999999999996	132.4	0.5	0.0	
8.199999999999989	10.699999999999996	11.099999999999994	0.0	47.0	
38.19999999999999	1.5	0.0	1.5	106.19999999999999	
12.299999999999997	59.099999999999994	28.5	0.0	0.0	
68.8	7.5	113.80000000000001	3.0999999999999943	149.6	
68.69999999999999	10.399999999999999	108.19999999999999	17.19999999999999	170.0	
153.1	8.299999999999997	111.1	10.400000000000006	164.5	

min_capacite_X : 
0.0	153.0	144.0	0.0	0.0	0.0	0.0	136.0	139.0	147.0	

min_capacite_W : 
0.0	61.4	108.4	0.0	0.0	0.0	0.0	49.5	56.4	52.3	

max_capacite_X : 
175.0	178.0	178.0	168.0	169.0	174.0	171.0	162.0	174.0	177.0	

max_capacite_W : 
182.5	177.9	169.2	179.3	143.0	167.2	175.5	189.6	195.0	209.5	

moy_capacite_X : 
134.6	160.8	158.4	128.6	122.0	119.6	92.6	151.2	153.0	163.6	

moy_capacite_W : 
104.78	136.64000000000001	143.92000000000002	106.97999999999999	87.0	92.47999999999999	70.17999999999999	132.56	136.9	151.07999999999998	

med_capacite_X : 
168.0	156.0	151.0	159.0	147.0	144.0	135.0	156.0	148.0	171.0	

med_capacite_W : 
121.3	148.9	153.1	125.5	113.19999999999999	104.5	80.3	136.1	149.2	164.1	

ecartType_capacite_X : 
67.50585159821333	9.282241108697836	13.865064009949611	64.56190827415188	61.62142484558434	61.22287154323946	76.47378635846404	9.410632284814872	12.58570617804182	13.29059818066892	

ecartType_capacite_W : 
69.84632846470886	41.409689687318355	24.99291099492014	69.22078878487301	52.55690249624686	62.72707230534515	65.82733170955663	47.36608913558307	49.27124922305096	55.998728556994934	

var_capacite_X : 
4557.04	86.16000000000003	192.24	4168.24	3797.2	3748.2399999999993	5848.24	88.55999999999999	158.4	176.64000000000001	

var_capacite_W : 
4878.5096	1714.7624	624.6456000000001	4791.517600000001	2762.228	3934.6855999999993	4333.2376	2243.5464	2427.656	3135.8576	

covar_capacite_X : 
5696.3	107.70000000000003	240.3	5210.3	4746.5	4685.299999999999	7310.3	110.69999999999999	198.0	220.8	

covar_capacite_W : 
6098.137000000001	2143.453	780.807	5989.397000000001	3452.785	4918.356999999999	5416.5470000000005	2804.433	3034.5699999999997	3919.8219999999997	

##########	##########	##########	##########	##########	##########	##########	##########	##########	##########	##########	##########	##########	##########	##########	##########	##########	##########	##########	##########	##########	##########	##########	##########	##########	##########	##########	##########	##########	##########	##########	##########	##########	##########	##########	##########	##########	##########	##########	##########	##########	##########	##########	##########	##########	##########	##########	##########	##########	##########	nombre de noeuds : 50
nombre de strates : 10
nombre de centres : 5
titre : intelligent
instances : p3_3
temps de calcul : 0.06384110450744629
valeur objective : 1147.0
nombre de solutions : 3
nombre de noeuds : 1.0
faisability : True
moy_distances :	51.65
min_distances :	2.0
max_distances :	118.0
var_distances :	623.8793795918367
covar_distances :	624.1341282155983
ecartType_distances :	24.977577536499346
coef_variation	: 0.4836331122911469
distances_centre_x :
48.0	17.0	14.0	3.0	-1.0	34.0	17.0	-1.0	51.0	14.0	-1.0	24.0	13.0	25.0	50.0	6.0	-1.0	34.0	-1.0	-1.0	-1.0	-1.0	39.0	51.0	-1.0	34.0	-1.0	45.0	25.0	-1.0	0.0	-1.0	-1.0	23.0	-1.0	-1.0	-1.0	-1.0	-1.0	-1.0	8.0	47.0	-1.0	47.0	21.0	17.0	-1.0	-1.0	50.0	20.0	
-1.0	-1.0	30.0	-1.0	50.0	34.0	17.0	-1.0	51.0	-1.0	-1.0	24.0	-1.0	-1.0	-1.0	-1.0	-1.0	-1.0	0.0	-1.0	-1.0	-1.0	-1.0	-1.0	41.0	34.0	-1.0	45.0	-1.0	-1.0	30.0	-1.0	-1.0	-1.0	-1.0	35.0	-1.0	43.0	-1.0	-1.0	8.0	55.0	-1.0	47.0	46.0	-1.0	5.0	13.0	50.0	20.0	
-1.0	17.0	-1.0	3.0	50.0	-1.0	17.0	-1.0	-1.0	-1.0	0.0	17.0	-1.0	25.0	-1.0	-1.0	-1.0	-1.0	0.0	6.0	14.0	21.0	5.0	-1.0	41.0	34.0	19.0	45.0	25.0	-1.0	0.0	-1.0	8.0	-1.0	-1.0	-1.0	-1.0	-1.0	18.0	45.0	8.0	47.0	-1.0	-1.0	21.0	-1.0	-1.0	13.0	50.0	20.0	
-1.0	17.0	30.0	-1.0	50.0	-1.0	17.0	-1.0	-1.0	29.0	43.0	-1.0	-1.0	-1.0	50.0	6.0	-1.0	-1.0	-1.0	40.0	32.0	-1.0	39.0	51.0	-1.0	34.0	19.0	45.0	41.0	0.0	0.0	39.0	-1.0	49.0	-1.0	35.0	-1.0	-1.0	18.0	-1.0	8.0	-1.0	-1.0	-1.0	-1.0	-1.0	5.0	-1.0	50.0	20.0	
-1.0	-1.0	-1.0	-1.0	-1.0	-1.0	-1.0	-1.0	-1.0	-1.0	-1.0	-1.0	-1.0	-1.0	-1.0	-1.0	-1.0	-1.0	-1.0	-1.0	-1.0	-1.0	-1.0	-1.0	-1.0	-1.0	-1.0	-1.0	-1.0	-1.0	-1.0	-1.0	-1.0	-1.0	-1.0	-1.0	-1.0	-1.0	-1.0	-1.0	-1.0	-1.0	-1.0	-1.0	-1.0	-1.0	-1.0	-1.0	-1.0	-1.0	
-1.0	-1.0	-1.0	-1.0	50.0	-1.0	-1.0	-1.0	-1.0	-1.0	-1.0	-1.0	-1.0	-1.0	-1.0	-1.0	-1.0	-1.0	-1.0	-1.0	-1.0	-1.0	39.0	-1.0	-1.0	-1.0	-1.0	-1.0	-1.0	-1.0	-1.0	-1.0	-1.0	-1.0	-1.0	-1.0	-1.0	-1.0	-1.0	-1.0	8.0	-1.0	-1.0	-1.0	-1.0	-1.0	-1.0	-1.0	-1.0	-1.0	
-1.0	-1.0	-1.0	-1.0	-1.0	-1.0	-1.0	-1.0	-1.0	-1.0	-1.0	-1.0	-1.0	-1.0	-1.0	-1.0	-1.0	-1.0	-1.0	-1.0	-1.0	-1.0	-1.0	-1.0	-1.0	-1.0	-1.0	-1.0	-1.0	-1.0	-1.0	-1.0	-1.0	-1.0	-1.0	-1.0	-1.0	-1.0	-1.0	-1.0	-1.0	-1.0	-1.0	-1.0	-1.0	-1.0	-1.0	-1.0	-1.0	-1.0	
-1.0	17.0	14.0	3.0	50.0	-1.0	17.0	-1.0	51.0	29.0	0.0	24.0	13.0	25.0	-1.0	-1.0	-1.0	-1.0	-1.0	-1.0	14.0	-1.0	5.0	-1.0	-1.0	34.0	-1.0	45.0	25.0	-1.0	-1.0	39.0	8.0	-1.0	-1.0	-1.0	-1.0	43.0	-1.0	-1.0	8.0	47.0	-1.0	-1.0	-1.0	16.0	5.0	13.0	50.0	20.0	
-1.0	17.0	14.0	3.0	50.0	34.0	17.0	-1.0	51.0	-1.0	0.0	17.0	-1.0	25.0	-1.0	6.0	-1.0	-1.0	-1.0	6.0	14.0	-1.0	5.0	-1.0	41.0	34.0	22.0	45.0	30.0	0.0	-1.0	39.0	-1.0	-1.0	-1.0	-1.0	-1.0	-1.0	-1.0	-1.0	8.0	47.0	-1.0	47.0	21.0	16.0	-1.0	13.0	-1.0	-1.0	
-1.0	17.0	14.0	3.0	-1.0	-1.0	17.0	0.0	51.0	-1.0	43.0	24.0	-1.0	-1.0	-1.0	-1.0	-1.0	-1.0	0.0	6.0	-1.0	-1.0	5.0	51.0	-1.0	34.0	-1.0	45.0	-1.0	0.0	-1.0	-1.0	-1.0	-1.0	-1.0	-1.0	-1.0	-1.0	-1.0	-1.0	8.0	47.0	-1.0	47.0	37.0	16.0	5.0	-1.0	50.0	20.0	

distances_centre_w :
50.0	22.0	56.0	31.0	-1.0	52.0	35.0	-1.0	60.0	29.0	-1.0	30.0	29.0	40.0	55.0	13.0	-1.0	38.0	-1.0	-1.0	-1.0	-1.0	39.0	58.0	-1.0	40.0	-1.0	54.0	30.0	-1.0	32.0	-1.0	-1.0	49.0	-1.0	-1.0	-1.0	-1.0	-1.0	-1.0	40.0	55.0	-1.0	58.0	37.0	27.0	-1.0	-1.0	53.0	44.0	
-1.0	51.0	-1.0	21.0	53.0	-1.0	-1.0	18.0	60.0	29.0	62.0	-1.0	-1.0	56.0	-1.0	-1.0	-1.0	61.0	-1.0	-1.0	-1.0	-1.0	-1.0	-1.0	51.0	43.0	-1.0	54.0	43.0	-1.0	-1.0	-1.0	-1.0	49.0	-1.0	-1.0	-1.0	53.0	-1.0	-1.0	19.0	63.0	-1.0	58.0	54.0	-1.0	-1.0	-1.0	53.0	44.0	
-1.0	22.0	-1.0	21.0	53.0	-1.0	35.0	-1.0	-1.0	-1.0	43.0	24.0	-1.0	40.0	-1.0	-1.0	-1.0	-1.0	11.0	40.0	32.0	24.0	49.0	-1.0	48.0	40.0	22.0	54.0	30.0	-1.0	11.0	-1.0	48.0	-1.0	-1.0	-1.0	-1.0	-1.0	26.0	55.0	40.0	55.0	-1.0	-1.0	37.0	-1.0	-1.0	33.0	53.0	38.0	
-1.0	22.0	31.0	42.0	53.0	-1.0	49.0	-1.0	-1.0	38.0	-1.0	-1.0	-1.0	51.0	55.0	-1.0	-1.0	-1.0	-1.0	-1.0	-1.0	-1.0	-1.0	58.0	-1.0	43.0	22.0	54.0	48.0	-1.0	11.0	50.0	-1.0	50.0	-1.0	-1.0	-1.0	-1.0	26.0	-1.0	25.0	-1.0	-1.0	-1.0	-1.0	-1.0	28.0	-1.0	53.0	-1.0	
-1.0	-1.0	-1.0	-1.0	-1.0	-1.0	-1.0	-1.0	-1.0	-1.0	-1.0	-1.0	-1.0	-1.0	-1.0	-1.0	-1.0	-1.0	-1.0	-1.0	-1.0	-1.0	-1.0	-1.0	-1.0	-1.0	-1.0	-1.0	-1.0	-1.0	-1.0	-1.0	-1.0	-1.0	-1.0	-1.0	-1.0	-1.0	-1.0	-1.0	-1.0	-1.0	-1.0	-1.0	-1.0	-1.0	-1.0	-1.0	-1.0	-1.0	
48.0	-1.0	-1.0	31.0	-1.0	55.0	40.0	32.0	60.0	-1.0	-1.0	-1.0	30.0	-1.0	-1.0	-1.0	-1.0	-1.0	-1.0	-1.0	-1.0	-1.0	-1.0	58.0	-1.0	-1.0	-1.0	-1.0	-1.0	30.0	-1.0	50.0	-1.0	-1.0	-1.0	-1.0	-1.0	-1.0	-1.0	-1.0	-1.0	-1.0	-1.0	58.0	-1.0	-1.0	-1.0	-1.0	53.0	44.0	
-1.0	-1.0	-1.0	-1.0	-1.0	-1.0	-1.0	-1.0	-1.0	-1.0	-1.0	-1.0	-1.0	-1.0	-1.0	-1.0	-1.0	-1.0	-1.0	-1.0	-1.0	-1.0	-1.0	-1.0	-1.0	-1.0	-1.0	-1.0	-1.0	-1.0	-1.0	-1.0	-1.0	-1.0	-1.0	-1.0	-1.0	-1.0	-1.0	-1.0	-1.0	-1.0	-1.0	-1.0	-1.0	-1.0	-1.0	-1.0	-1.0	-1.0	
-1.0	22.0	30.0	21.0	53.0	-1.0	40.0	-1.0	60.0	29.0	49.0	24.0	29.0	40.0	-1.0	-1.0	-1.0	-1.0	-1.0	-1.0	32.0	-1.0	49.0	-1.0	-1.0	40.0	-1.0	54.0	30.0	-1.0	-1.0	50.0	48.0	-1.0	-1.0	-1.0	-1.0	46.0	-1.0	-1.0	40.0	55.0	-1.0	-1.0	-1.0	39.0	40.0	42.0	53.0	44.0	
-1.0	22.0	30.0	21.0	53.0	52.0	35.0	-1.0	60.0	-1.0	49.0	30.0	-1.0	57.0	-1.0	13.0	-1.0	-1.0	-1.0	40.0	32.0	-1.0	49.0	-1.0	48.0	40.0	33.0	54.0	43.0	18.0	-1.0	50.0	-1.0	-1.0	-1.0	-1.0	-1.0	-1.0	-1.0	-1.0	40.0	55.0	-1.0	58.0	37.0	39.0	-1.0	31.0	-1.0	-1.0	
-1.0	22.0	30.0	21.0	-1.0	-1.0	35.0	42.0	60.0	-1.0	49.0	30.0	-1.0	-1.0	-1.0	-1.0	-1.0	-1.0	41.0	40.0	-1.0	-1.0	49.0	58.0	-1.0	40.0	-1.0	54.0	-1.0	41.0	-1.0	-1.0	-1.0	-1.0	-1.0	-1.0	-1.0	-1.0	-1.0	-1.0	40.0	55.0	-1.0	58.0	46.0	39.0	15.0	-1.0	53.0	38.0	

maxX :
51.0	55.0	50.0	51.0	nan	50.0	nan	51.0	51.0	51.0	

maxW :
60.0	63.0	55.0	58.0	nan	60.0	nan	60.0	60.0	60.0	

minX :
0.0	0.0	0.0	0.0	nan	8.0	nan	0.0	0.0	0.0	

minW :
13.0	18.0	11.0	11.0	nan	30.0	nan	21.0	13.0	15.0	

moyX :
27.75	32.285714285714285	21.074074074074073	29.5	nan	32.333333333333336	nan	23.653846153846153	23.037037037037038	23.47826086956522	

moyW :
41.285714285714285	47.38095238095238	36.44444444444444	40.45	nan	45.30769230769231	nan	40.73076923076923	40.333333333333336	41.56521739130435	

medX :
24.5	34.0	18.0	33.0	nan	39.0	nan	18.5	17.0	17.0	

medW :
40.0	53.0	38.0	45.5	nan	48.0	nan	40.0	40.0	41.0	

ecartTypeX :
15.934295896408027	16.148545142026933	15.813557066821623	16.415869432679138	nan	17.78263822446552	nan	15.970988861279084	16.13939620120186	18.65678467385872	

ecartTypeW :
12.33710183279092	13.719906255670958	12.925236105969658	13.595863341472656	nan	11.096670431915882	nan	10.697079732006273	12.774395687670912	12.024706764775097	

varX :
253.90178571428572	260.7755102040816	250.06858710562412	269.4807692307692	nan	316.22222222222223	nan	255.07248520710058	260.48010973936897	348.07561436672967	

varW :
152.20408163265304	188.2358276643991	167.0617283950617	184.8475	nan	123.1360946745562	nan	114.4275147928994	163.1851851851852	144.593572778828	

covarX :
263.30555555555554	273.81428571428575	259.6866096866097	280.26	nan	474.3333333333333	nan	265.2753846153846	270.4985754985755	363.89723320158106	

covarW :
157.84126984126982	197.64761904761906	173.48717948717945	194.57631578947365	nan	133.39743589743588	nan	119.00461538461538	169.46153846153848	151.16600790513834	

coef_variationX :
0.5742088611318208	0.500176176965436	0.7503796850688644	0.5564701502603098	nan	0.5499785017875933	nan	0.6751962770622052	0.7005847225602092	0.7946408287013899	

coef_variationW :
0.29882253574234063	0.2895658606724524	0.35465586876136257	0.33611528656298284	nan	0.24491802311529112	nan	0.2626289641474628	0.3167205542397747	0.28929733848308287	

moy_distances_centre :	37.1
min_distances_centre :	11.0
max_distances_centre :	62.0
med_distances_centre :	41.5
ecartType_distances_centre :	14.117011015083893
var_distances_centre :	199.29
covar_distances_centre :	209.77894736842103
coef_variation_distances_centre :	0.3805124262825847
capacite_X_temoin : 
171.0	166.0	159.0	175.0	168.0	
153.0	0.0	178.0	163.0	154.0	
144.0	139.0	178.0	147.0	172.0	
151.0	0.0	159.0	168.0	165.0	
144.0	177.0	169.0	147.0	0.0	
144.0	148.0	145.0	0.0	135.0	
171.0	0.0	157.0	135.0	0.0	
136.0	169.0	145.0	156.0	157.0	
139.0	153.0	148.0	144.0	174.0	
177.0	150.0	171.0	147.0	148.0	

capacite_W_temoin : 
191.3	139.8	70.69999999999999	182.5	155.4	
112.9	0.0	62.4	154.9	150.2	
179.2	100.69999999999999	125.4	153.1	145.6	
179.3	0.0	56.699999999999996	173.4	125.5	
157.2	131.1	54.699999999999996	127.1	0.0	
118.19999999999999	103.4	66.5	0.0	140.5	
86.3	0.0	91.1	173.5	0.0	
135.8	141.7	81.5	170.8	142.1	
156.7	104.9	71.4	137.2	205.2	
204.1	119.0	77.3	164.1	158.4	

demande_cumulee_X : 
31.0	76.0	136.0	45.0	63.0	
86.0	0.0	169.0	57.0	50.0	
8.0	80.0	106.0	38.0	78.0	
17.0	0.0	150.0	45.0	89.0	
30.0	99.0	165.0	64.0	0.0	
69.0	89.0	122.0	0.0	35.0	
136.0	0.0	113.0	2.0	0.0	
41.0	78.0	107.0	32.0	62.0	
24.0	94.0	121.0	50.0	21.0	
26.0	76.0	145.0	27.0	34.0	

demande_cumulee_W : 
77.0	44.0	59.0	41.0	130.0	
103.0	0.0	56.0	54.0	149.0	
56.0	84.0	55.0	11.0	104.0	
84.0	0.0	51.0	41.0	125.0	
116.0	122.0	51.0	69.0	0.0	
59.0	66.0	50.0	0.0	140.0	
50.0	0.0	36.0	165.0	0.0	
38.0	97.0	51.0	33.0	101.0	
74.0	80.0	41.0	25.0	90.0	
46.0	58.0	56.0	21.0	127.0	

capacite_residuelle_X : 
140.0	90.0	23.0	130.0	105.0	
67.0	0.0	9.0	106.0	104.0	
136.0	59.0	72.0	109.0	94.0	
134.0	0.0	9.0	123.0	76.0	
114.0	78.0	4.0	83.0	0.0	
75.0	59.0	23.0	0.0	100.0	
35.0	0.0	44.0	133.0	0.0	
95.0	91.0	38.0	124.0	95.0	
115.0	59.0	27.0	94.0	153.0	
151.0	74.0	26.0	120.0	114.0	

capacite_residuelle_W : 
114.30000000000001	95.80000000000001	11.699999999999989	141.5	25.400000000000006	
9.900000000000006	0.0	6.399999999999999	100.9	1.1999999999999886	
123.19999999999999	16.69999999999999	70.4	142.1	41.599999999999994	
95.30000000000001	0.0	5.699999999999996	132.4	0.5	
41.19999999999999	9.099999999999994	3.6999999999999957	58.099999999999994	0.0	
59.19999999999999	37.400000000000006	16.5	0.0	0.5	
36.3	0.0	55.099999999999994	8.5	0.0	
97.80000000000001	44.69999999999999	30.5	137.8	41.099999999999994	
82.69999999999999	24.900000000000006	30.400000000000006	112.19999999999999	115.19999999999999	
158.1	61.0	21.299999999999997	143.1	31.400000000000006	

min_capacite_X : 
159.0	0.0	139.0	0.0	0.0	0.0	0.0	136.0	139.0	147.0	

min_capacite_W : 
70.69999999999999	0.0	100.69999999999999	0.0	0.0	0.0	0.0	81.5	71.4	77.3	

max_capacite_X : 
175.0	178.0	178.0	168.0	177.0	148.0	171.0	169.0	174.0	177.0	

max_capacite_W : 
191.3	154.9	179.2	179.3	157.2	140.5	173.5	170.8	205.2	204.1	

moy_capacite_X : 
167.8	129.6	156.0	128.6	127.4	114.4	92.6	152.6	151.6	158.6	

moy_capacite_W : 
147.94	96.08000000000001	140.8	106.97999999999999	94.01999999999998	85.72	70.17999999999999	134.38	135.07999999999998	144.57999999999998	

med_capacite_X : 
168.0	154.0	147.0	159.0	147.0	144.0	135.0	156.0	148.0	150.0	

med_capacite_W : 
155.4	112.9	145.6	125.5	127.1	103.4	86.3	141.7	137.2	158.4	

ecartType_capacite_X : 
5.344155686354955	65.4174288702942	15.836666315863324	64.56190827415188	64.93258042000178	57.364100271859925	76.47378635846404	11.253443917308159	12.109500402576483	12.753038853543888	

ecartType_capacite_W : 
42.807504015067266	58.37360362355574	26.435052487180727	69.22078878487301	58.04609892146069	49.1644342996032	65.15057635969154	29.113254713274504	45.50759936538071	43.117486012057796	

var_capacite_X : 
28.559999999999995	4279.4400000000005	250.8	4168.24	4216.24	3290.6400000000003	5848.24	126.63999999999999	146.64000000000001	162.64000000000001	

var_capacite_W : 
1832.4824	3407.4775999999997	698.812	4791.517600000001	3369.3496	2417.1416	4244.597599999999	847.5816000000001	2070.941599999999	1859.1175999999996	

covar_capacite_X : 
35.699999999999996	5349.300000000001	313.5	5210.3	5270.3	4113.3	7310.3	158.29999999999998	183.3	203.3	

covar_capacite_W : 
2290.603	4259.347	873.515	5989.397000000001	4211.687	3021.427	5305.746999999999	1059.477	2588.6769999999988	2323.8969999999995	

##########	##########	##########	##########	##########	##########	##########	##########	##########	##########	##########	##########	##########	##########	##########	##########	##########	##########	##########	##########	##########	##########	##########	##########	##########	##########	##########	##########	##########	##########	##########	##########	##########	##########	##########	##########	##########	##########	##########	##########	##########	##########	##########	##########	##########	##########	##########	##########	##########	##########	