nombre de noeuds : 50
nombre de strates : 10
nombre de centres : 5
titre : fenetre
instances : p3_3
temps de calcul : 0.07472801208496094
valeur objective : 1261.0
nombre de solutions : 3
nombre de noeuds : 1.0
faisability : True
moy_distances :	51.65
min_distances :	2.0
max_distances :	118.0
var_distances :	623.8793795918367
covar_distances :	624.1341282155983
ecartType_distances :	24.977577536499346
coef_variation	: 0.4836331122911469
distances_centre_x :
14.0	17.0	30.0	-1.0	-1.0	-1.0	-1.0	-1.0	37.0	-1.0	-1.0	-1.0	-1.0	-1.0	12.0	-1.0	-1.0	-1.0	-1.0	-1.0	-1.0	-1.0	-1.0	26.0	-1.0	34.0	-1.0	30.0	-1.0	-1.0	11.0	-1.0	-1.0	-1.0	-1.0	-1.0	-1.0	-1.0	-1.0	-1.0	19.0	55.0	-1.0	47.0	-1.0	-1.0	-1.0	-1.0	0.0	-1.0	
-1.0	46.0	30.0	3.0	11.0	17.0	0.0	0.0	37.0	14.0	25.0	24.0	-1.0	0.0	-1.0	-1.0	-1.0	9.0	0.0	-1.0	-1.0	-1.0	-1.0	-1.0	41.0	34.0	-1.0	30.0	14.0	-1.0	11.0	-1.0	-1.0	8.0	-1.0	23.0	-1.0	43.0	-1.0	-1.0	19.0	55.0	-1.0	47.0	5.0	-1.0	15.0	6.0	0.0	4.0	
-1.0	17.0	-1.0	3.0	11.0	-1.0	35.0	-1.0	-1.0	-1.0	25.0	24.0	-1.0	0.0	-1.0	-1.0	-1.0	-1.0	0.0	20.0	32.0	34.0	29.0	-1.0	41.0	34.0	29.0	30.0	14.0	-1.0	11.0	-1.0	19.0	-1.0	-1.0	-1.0	-1.0	-1.0	22.0	29.0	19.0	55.0	-1.0	-1.0	5.0	-1.0	-1.0	31.0	0.0	38.0	
-1.0	17.0	30.0	3.0	11.0	-1.0	0.0	-1.0	-1.0	28.0	25.0	-1.0	-1.0	0.0	12.0	13.0	-1.0	-1.0	-1.0	20.0	32.0	-1.0	29.0	26.0	-1.0	34.0	19.0	30.0	14.0	18.0	11.0	39.0	-1.0	8.0	-1.0	23.0	-1.0	-1.0	22.0	-1.0	19.0	-1.0	-1.0	-1.0	-1.0	-1.0	15.0	-1.0	0.0	4.0	
-1.0	46.0	30.0	3.0	11.0	17.0	0.0	-1.0	-1.0	28.0	25.0	-1.0	13.0	0.0	-1.0	-1.0	-1.0	-1.0	-1.0	-1.0	32.0	-1.0	29.0	-1.0	41.0	34.0	29.0	-1.0	14.0	-1.0	11.0	-1.0	25.0	8.0	21.0	23.0	-1.0	43.0	-1.0	-1.0	19.0	55.0	-1.0	47.0	5.0	-1.0	15.0	-1.0	0.0	4.0	
14.0	46.0	47.0	3.0	11.0	17.0	0.0	0.0	37.0	14.0	-1.0	34.0	13.0	-1.0	-1.0	-1.0	-1.0	-1.0	-1.0	-1.0	38.0	-1.0	29.0	26.0	41.0	34.0	-1.0	-1.0	-1.0	17.0	-1.0	39.0	-1.0	8.0	-1.0	23.0	-1.0	-1.0	-1.0	-1.0	19.0	55.0	-1.0	47.0	-1.0	-1.0	-1.0	-1.0	0.0	4.0	
-1.0	17.0	30.0	-1.0	11.0	17.0	0.0	-1.0	-1.0	-1.0	-1.0	24.0	-1.0	-1.0	-1.0	-1.0	22.0	-1.0	-1.0	-1.0	38.0	-1.0	29.0	-1.0	-1.0	34.0	-1.0	30.0	25.0	-1.0	-1.0	39.0	-1.0	-1.0	-1.0	23.0	46.0	-1.0	-1.0	-1.0	19.0	55.0	34.0	-1.0	5.0	-1.0	15.0	-1.0	0.0	4.0	
-1.0	46.0	30.0	3.0	11.0	-1.0	0.0	-1.0	37.0	38.0	25.0	24.0	13.0	0.0	-1.0	-1.0	-1.0	-1.0	-1.0	-1.0	38.0	-1.0	29.0	-1.0	-1.0	34.0	-1.0	30.0	25.0	-1.0	-1.0	39.0	19.0	-1.0	-1.0	-1.0	-1.0	43.0	-1.0	-1.0	19.0	55.0	-1.0	-1.0	-1.0	16.0	15.0	6.0	0.0	4.0	
-1.0	17.0	30.0	3.0	11.0	17.0	0.0	-1.0	37.0	-1.0	25.0	24.0	-1.0	0.0	-1.0	13.0	-1.0	-1.0	-1.0	20.0	32.0	-1.0	29.0	-1.0	41.0	34.0	29.0	30.0	14.0	17.0	-1.0	39.0	-1.0	-1.0	-1.0	-1.0	-1.0	-1.0	-1.0	-1.0	19.0	55.0	-1.0	47.0	5.0	16.0	-1.0	6.0	-1.0	-1.0	
-1.0	17.0	30.0	3.0	-1.0	-1.0	0.0	0.0	37.0	-1.0	25.0	34.0	-1.0	-1.0	-1.0	-1.0	-1.0	-1.0	42.0	20.0	-1.0	-1.0	29.0	26.0	-1.0	34.0	-1.0	30.0	-1.0	17.0	-1.0	-1.0	-1.0	-1.0	-1.0	-1.0	-1.0	-1.0	-1.0	-1.0	19.0	55.0	-1.0	47.0	5.0	16.0	47.0	-1.0	0.0	4.0	

distances_centre_w :
-1.0	-1.0	-1.0	-1.0	-1.0	52.0	-1.0	-1.0	51.0	-1.0	-1.0	70.0	-1.0	56.0	50.0	-1.0	-1.0	61.0	-1.0	-1.0	-1.0	-1.0	-1.0	-1.0	-1.0	-1.0	-1.0	-1.0	48.0	-1.0	-1.0	-1.0	-1.0	-1.0	-1.0	-1.0	-1.0	-1.0	-1.0	-1.0	-1.0	-1.0	-1.0	66.0	-1.0	-1.0	-1.0	-1.0	50.0	-1.0	
-1.0	62.0	36.0	37.0	43.0	52.0	35.0	35.0	51.0	28.0	49.0	34.0	-1.0	40.0	-1.0	-1.0	-1.0	38.0	42.0	-1.0	-1.0	-1.0	-1.0	-1.0	72.0	64.0	-1.0	45.0	25.0	-1.0	32.0	-1.0	-1.0	33.0	-1.0	37.0	-1.0	71.0	-1.0	-1.0	23.0	72.0	-1.0	66.0	37.0	-1.0	57.0	42.0	53.0	38.0	
-1.0	67.0	-1.0	37.0	50.0	-1.0	53.0	-1.0	-1.0	-1.0	43.0	34.0	-1.0	40.0	-1.0	-1.0	-1.0	-1.0	42.0	43.0	38.0	41.0	49.0	-1.0	72.0	64.0	33.0	45.0	25.0	-1.0	32.0	-1.0	25.0	-1.0	-1.0	-1.0	-1.0	-1.0	32.0	49.0	23.0	72.0	-1.0	-1.0	37.0	-1.0	-1.0	70.0	50.0	53.0	
-1.0	62.0	36.0	37.0	43.0	-1.0	35.0	-1.0	-1.0	38.0	43.0	-1.0	-1.0	40.0	50.0	23.0	-1.0	-1.0	-1.0	43.0	51.0	-1.0	39.0	51.0	-1.0	64.0	29.0	45.0	25.0	41.0	32.0	59.0	-1.0	33.0	-1.0	40.0	-1.0	-1.0	26.0	-1.0	23.0	-1.0	-1.0	-1.0	-1.0	-1.0	27.0	-1.0	50.0	38.0	
-1.0	62.0	36.0	37.0	43.0	52.0	35.0	-1.0	-1.0	46.0	43.0	-1.0	28.0	40.0	-1.0	-1.0	-1.0	-1.0	-1.0	-1.0	38.0	-1.0	39.0	-1.0	72.0	64.0	33.0	-1.0	25.0	-1.0	32.0	-1.0	52.0	33.0	33.0	68.0	-1.0	71.0	-1.0	-1.0	23.0	72.0	-1.0	66.0	37.0	-1.0	27.0	-1.0	50.0	38.0	
39.0	62.0	70.0	37.0	43.0	52.0	35.0	35.0	51.0	28.0	-1.0	70.0	28.0	-1.0	-1.0	-1.0	-1.0	-1.0	-1.0	-1.0	51.0	-1.0	39.0	51.0	72.0	64.0	-1.0	-1.0	-1.0	18.0	-1.0	59.0	-1.0	33.0	-1.0	37.0	-1.0	-1.0	-1.0	-1.0	23.0	72.0	-1.0	66.0	-1.0	-1.0	-1.0	-1.0	50.0	38.0	
-1.0	62.0	36.0	-1.0	43.0	52.0	35.0	-1.0	-1.0	-1.0	-1.0	34.0	-1.0	-1.0	-1.0	-1.0	33.0	-1.0	-1.0	-1.0	51.0	-1.0	39.0	-1.0	-1.0	64.0	-1.0	45.0	60.0	-1.0	-1.0	59.0	-1.0	-1.0	-1.0	37.0	63.0	-1.0	-1.0	-1.0	23.0	72.0	37.0	-1.0	37.0	-1.0	27.0	-1.0	53.0	38.0	
-1.0	62.0	36.0	37.0	43.0	-1.0	35.0	-1.0	51.0	46.0	43.0	24.0	28.0	40.0	-1.0	-1.0	-1.0	-1.0	-1.0	-1.0	51.0	-1.0	49.0	-1.0	-1.0	64.0	-1.0	45.0	48.0	-1.0	-1.0	59.0	25.0	-1.0	-1.0	-1.0	-1.0	71.0	-1.0	-1.0	23.0	72.0	-1.0	-1.0	-1.0	38.0	27.0	31.0	53.0	38.0	
-1.0	62.0	36.0	37.0	43.0	52.0	35.0	-1.0	51.0	-1.0	43.0	24.0	-1.0	40.0	-1.0	23.0	-1.0	-1.0	-1.0	72.0	38.0	-1.0	49.0	-1.0	72.0	64.0	43.0	45.0	25.0	41.0	-1.0	59.0	-1.0	-1.0	-1.0	-1.0	-1.0	-1.0	-1.0	-1.0	23.0	72.0	-1.0	66.0	37.0	39.0	-1.0	31.0	-1.0	-1.0	
-1.0	62.0	36.0	37.0	-1.0	-1.0	35.0	35.0	51.0	-1.0	43.0	70.0	-1.0	-1.0	-1.0	-1.0	-1.0	-1.0	56.0	42.0	-1.0	-1.0	49.0	51.0	-1.0	64.0	-1.0	45.0	-1.0	41.0	-1.0	-1.0	-1.0	-1.0	-1.0	-1.0	-1.0	-1.0	-1.0	-1.0	23.0	72.0	-1.0	66.0	37.0	38.0	57.0	-1.0	50.0	38.0	

maxX :
55.0	55.0	55.0	39.0	55.0	55.0	55.0	55.0	55.0	55.0	

maxW :
70.0	72.0	72.0	64.0	72.0	72.0	72.0	72.0	72.0	72.0	

minX :
0.0	0.0	0.0	0.0	0.0	0.0	0.0	0.0	0.0	0.0	

minW :
48.0	23.0	23.0	23.0	23.0	18.0	23.0	23.0	23.0	23.0	

moyX :
25.53846153846154	19.033333333333335	22.48148148148148	17.928571428571427	21.655172413793103	23.692307692307693	23.5	23.03846153846154	22.59259259259259	23.347826086956523	

moyW :
56.0	44.96666666666667	45.148148148148145	40.107142857142854	44.6551724137931	47.03846153846154	45.45454545454545	43.80769230769231	45.25925925925926	47.73913043478261	

medX :
26.0	14.5	24.0	18.5	21.0	21.0	23.5	24.5	20.0	25.0	

medW :
52.0	41.0	43.0	39.5	39.0	46.5	41.0	43.0	43.0	45.0	

ecartTypeX :
14.851135075062496	16.131714794845035	13.63103857451909	10.756820332861816	15.134513792285967	16.463874744349614	14.221462653327892	15.373505603999792	14.045585201366087	16.06673229310957	

ecartTypeW :
7.438637868140466	13.855163497972717	13.9568215199957	10.98160567791915	14.911869519160916	15.758955376426858	13.148547354010677	13.708557772902944	14.938373634994894	12.632660882925132	

varX :
220.5562130177515	260.2322222222222	185.80521262002745	115.7091836734694	229.05350772889415	271.0591715976331	202.25	236.344674556213	197.27846364883402	258.13988657844993	

varW :
55.333333333333336	191.96555555555554	194.79286694101506	120.59566326530613	222.3638525564804	248.344674556213	172.88429752066116	187.92455621301772	223.15500685871055	159.58412098298678	

covarX :
238.93589743589746	269.2057471264368	192.95156695156695	119.994708994709	237.2339901477832	281.90153846153845	211.88095238095238	245.79846153846148	204.86609686609694	269.87351778656125	

covarW :
62.25	198.58505747126438	202.28490028490032	125.06216931216929	230.30541871921181	258.27846153846156	181.11688311688312	195.44153846153847	231.73789173789174	166.83794466403162	

coef_variationX :
0.5815203493247363	0.8475506897466742	0.6063229678945888	0.5999820105978703	0.6988867834017405	0.6949038041446265	0.6051686235458678	0.6672974051819609	0.6216898367817777	0.6881468207477097	

coef_variationW :
0.1328328190739369	0.30812075977700626	0.3091338646758687	0.2738067310612077	0.3339337575719433	0.3350227635217484	0.2892680417882349	0.3129258139556423	0.3300622652576613	0.26461857951482515	

moy_distances_centre :	57.8
min_distances_centre :	35.0
max_distances_centre :	104.0
med_distances_centre :	51.5
ecartType_distances_centre :	19.85849943978648
var_distances_centre :	394.35999999999996
covar_distances_centre :	415.11578947368423
coef_variation_distances_centre :	0.3435726546675862
capacite_X_temoin : 
156.0	171.0	0.0	159.0	144.0	
138.0	153.0	162.0	178.0	159.0	
0.0	144.0	136.0	178.0	166.0	
166.0	151.0	141.0	159.0	171.0	
144.0	144.0	162.0	169.0	165.0	
172.0	144.0	135.0	145.0	157.0	
172.0	171.0	157.0	157.0	163.0	
141.0	136.0	172.0	145.0	148.0	
147.0	139.0	171.0	148.0	169.0	
154.0	177.0	177.0	171.0	163.0	

capacite_W_temoin : 
177.8	102.3	0.0	76.69999999999999	111.19999999999999	
134.4	159.9	144.6	72.4	153.7	
0.0	133.2	122.8	74.4	170.8	
192.8	166.3	99.3	101.69999999999999	163.3	
137.2	122.19999999999999	143.6	69.69999999999999	188.5	
185.6	139.2	110.5	83.5	145.1	
189.6	220.3	168.1	62.1	174.9	
151.3	133.8	160.6	63.5	135.4	
153.1	144.7	169.3	45.4	183.7	
173.2	190.1	177.1	100.3	145.9	

demande_cumulee_X : 
25.0	120.0	0.0	130.0	76.0	
45.0	39.0	66.0	159.0	53.0	
0.0	54.0	54.0	157.0	45.0	
23.0	30.0	84.0	105.0	59.0	
50.0	65.0	67.0	150.0	26.0	
38.0	48.0	65.0	105.0	59.0	
34.0	2.0	36.0	142.0	37.0	
32.0	43.0	63.0	125.0	57.0	
38.0	36.0	53.0	147.0	36.0	
27.0	40.0	53.0	122.0	66.0	

demande_cumulee_W : 
145.0	101.0	0.0	72.0	33.0	
48.0	129.0	99.0	54.0	32.0	
0.0	119.0	96.0	61.0	34.0	
37.0	119.0	43.0	99.0	3.0	
50.0	99.0	105.0	43.0	61.0	
48.0	67.0	90.0	82.0	28.0	
47.0	80.0	77.0	44.0	3.0	
74.0	113.0	86.0	44.0	3.0	
53.0	83.0	107.0	43.0	24.0	
38.0	56.0	85.0	96.0	33.0	

capacite_residuelle_X : 
131.0	51.0	0.0	29.0	68.0	
93.0	114.0	96.0	19.0	106.0	
0.0	90.0	82.0	21.0	121.0	
143.0	121.0	57.0	54.0	112.0	
94.0	79.0	95.0	19.0	139.0	
134.0	96.0	70.0	40.0	98.0	
138.0	169.0	121.0	15.0	126.0	
109.0	93.0	109.0	20.0	91.0	
109.0	103.0	118.0	1.0	133.0	
127.0	137.0	124.0	49.0	97.0	

capacite_residuelle_W : 
32.80000000000001	1.2999999999999972	0.0	4.699999999999989	78.19999999999999	
86.4	30.900000000000006	45.599999999999994	18.400000000000006	121.69999999999999	
0.0	14.199999999999989	26.799999999999997	13.400000000000006	136.8	
155.8	47.30000000000001	56.3	2.6999999999999886	160.3	
87.19999999999999	23.19999999999999	38.599999999999994	26.69999999999999	127.5	
137.6	72.19999999999999	20.5	1.5	117.1	
142.6	140.3	91.1	18.1	171.9	
77.30000000000001	20.80000000000001	74.6	19.5	132.4	
100.1	61.69999999999999	62.30000000000001	2.3999999999999986	159.7	
135.2	134.1	92.1	4.299999999999997	112.9	

min_capacite_X : 
0.0	138.0	0.0	141.0	144.0	135.0	157.0	136.0	139.0	154.0	

min_capacite_W : 
0.0	72.4	0.0	99.3	69.69999999999999	83.5	62.1	63.5	45.4	100.3	

max_capacite_X : 
171.0	178.0	178.0	171.0	169.0	172.0	172.0	172.0	171.0	177.0	

max_capacite_W : 
177.8	159.9	170.8	192.8	188.5	185.6	220.3	160.6	183.7	190.1	

moy_capacite_X : 
126.0	158.0	124.8	157.6	156.8	150.6	164.0	148.4	154.8	168.4	

moy_capacite_W : 
93.6	133.0	100.24	144.68	132.24	132.78	163.0	128.92000000000002	139.24	157.32	

med_capacite_X : 
156.0	159.0	144.0	159.0	162.0	145.0	163.0	145.0	148.0	171.0	

med_capacite_W : 
102.3	144.6	122.8	163.3	137.2	139.2	174.9	135.4	153.1	173.2	

ecartType_capacite_X : 
63.58301660034699	12.976902558006667	64.18224053427863	10.68831137270991	10.684568311354464	12.784365451597509	6.511528238439882	12.467557900406959	12.812493902437573	8.845337754998393	

ecartType_capacite_W : 
57.483319319607844	31.49914284548073	58.804407998040425	37.51343226099154	38.29070905585323	34.374025077084	53.552366894470694	34.205461552214146	48.80195078068088	31.936336671572082	

var_capacite_X : 
4042.8	168.4	4119.36	114.24000000000001	114.16	163.44	42.4	155.44	164.16	78.24000000000001	

var_capacite_W : 
3304.332000000001	992.1959999999999	3457.9584000000004	1407.2576000000008	1466.1784000000002	1181.5735999999997	2867.8560000000007	1170.0136	2381.6303999999996	1019.9295999999998	

covar_capacite_X : 
5053.5	210.5	5149.2	142.8	142.7	204.29999999999998	53.0	194.29999999999998	205.2	97.80000000000001	

covar_capacite_W : 
4130.415000000001	1240.245	4322.448	1759.072000000001	1832.7230000000004	1476.9669999999996	3584.8200000000006	1462.517	2977.0379999999996	1274.9119999999998	

##########	##########	##########	##########	##########	##########	##########	##########	##########	##########	##########	##########	##########	##########	##########	##########	##########	##########	##########	##########	##########	##########	##########	##########	##########	##########	##########	##########	##########	##########	##########	##########	##########	##########	##########	##########	##########	##########	##########	##########	##########	##########	##########	##########	##########	##########	##########	##########	##########	##########	nombre de noeuds : 50
nombre de strates : 10
nombre de centres : 5
titre : fenetre
instances : p3_3
temps de calcul : 0.06572914123535156
valeur objective : 1597.0
nombre de solutions : 3
nombre de noeuds : 1.0
faisability : True
moy_distances :	51.65
min_distances :	2.0
max_distances :	118.0
var_distances :	623.8793795918367
covar_distances :	624.1341282155983
ecartType_distances :	24.977577536499346
coef_variation	: 0.4836331122911469
distances_centre_x :
14.0	-1.0	-1.0	21.0	-1.0	-1.0	-1.0	-1.0	37.0	-1.0	-1.0	-1.0	-1.0	-1.0	12.0	6.0	-1.0	-1.0	-1.0	-1.0	-1.0	-1.0	-1.0	-1.0	-1.0	73.0	-1.0	30.0	-1.0	-1.0	30.0	-1.0	-1.0	-1.0	-1.0	-1.0	-1.0	-1.0	-1.0	-1.0	-1.0	-1.0	-1.0	66.0	-1.0	-1.0	-1.0	-1.0	0.0	-1.0	
-1.0	46.0	36.0	3.0	11.0	17.0	0.0	0.0	37.0	14.0	25.0	24.0	-1.0	0.0	-1.0	-1.0	-1.0	9.0	50.0	-1.0	-1.0	-1.0	-1.0	-1.0	72.0	64.0	-1.0	30.0	14.0	-1.0	30.0	-1.0	-1.0	8.0	-1.0	23.0	-1.0	71.0	-1.0	-1.0	23.0	72.0	-1.0	66.0	5.0	-1.0	27.0	6.0	0.0	4.0	
-1.0	46.0	-1.0	3.0	11.0	-1.0	17.0	-1.0	-1.0	-1.0	25.0	24.0	-1.0	0.0	-1.0	-1.0	-1.0	-1.0	41.0	20.0	38.0	30.0	29.0	-1.0	72.0	70.0	19.0	30.0	14.0	-1.0	30.0	-1.0	21.0	-1.0	-1.0	-1.0	-1.0	-1.0	22.0	29.0	23.0	72.0	-1.0	-1.0	5.0	-1.0	-1.0	13.0	0.0	20.0	
-1.0	46.0	36.0	3.0	11.0	-1.0	0.0	-1.0	-1.0	14.0	25.0	-1.0	-1.0	0.0	12.0	6.0	-1.0	-1.0	-1.0	20.0	38.0	-1.0	29.0	26.0	-1.0	64.0	19.0	30.0	14.0	0.0	30.0	59.0	-1.0	8.0	-1.0	23.0	-1.0	-1.0	22.0	-1.0	23.0	-1.0	-1.0	-1.0	-1.0	-1.0	39.0	-1.0	0.0	4.0	
-1.0	46.0	36.0	3.0	11.0	17.0	0.0	-1.0	-1.0	14.0	25.0	-1.0	13.0	0.0	-1.0	-1.0	-1.0	-1.0	-1.0	-1.0	38.0	-1.0	29.0	-1.0	72.0	64.0	19.0	-1.0	14.0	-1.0	30.0	-1.0	21.0	8.0	21.0	23.0	-1.0	71.0	-1.0	-1.0	23.0	72.0	-1.0	66.0	5.0	-1.0	27.0	-1.0	0.0	4.0	
14.0	-1.0	-1.0	-1.0	11.0	-1.0	-1.0	-1.0	37.0	-1.0	-1.0	-1.0	-1.0	-1.0	-1.0	-1.0	-1.0	-1.0	-1.0	-1.0	-1.0	-1.0	-1.0	26.0	-1.0	-1.0	-1.0	-1.0	-1.0	-1.0	-1.0	59.0	-1.0	-1.0	-1.0	-1.0	-1.0	-1.0	-1.0	-1.0	-1.0	-1.0	-1.0	66.0	-1.0	-1.0	-1.0	-1.0	0.0	-1.0	
-1.0	46.0	36.0	-1.0	11.0	17.0	0.0	-1.0	-1.0	-1.0	-1.0	24.0	-1.0	-1.0	-1.0	-1.0	33.0	-1.0	-1.0	-1.0	38.0	-1.0	29.0	-1.0	-1.0	64.0	-1.0	30.0	25.0	-1.0	-1.0	59.0	-1.0	-1.0	-1.0	23.0	63.0	-1.0	-1.0	-1.0	23.0	72.0	34.0	-1.0	5.0	-1.0	27.0	-1.0	0.0	4.0	
-1.0	46.0	36.0	3.0	11.0	-1.0	0.0	-1.0	37.0	14.0	25.0	34.0	13.0	0.0	-1.0	-1.0	-1.0	-1.0	-1.0	-1.0	38.0	-1.0	29.0	-1.0	-1.0	64.0	-1.0	30.0	14.0	-1.0	-1.0	59.0	21.0	-1.0	-1.0	-1.0	-1.0	71.0	-1.0	-1.0	23.0	72.0	-1.0	-1.0	-1.0	16.0	27.0	6.0	0.0	4.0	
-1.0	46.0	36.0	3.0	11.0	17.0	0.0	-1.0	37.0	-1.0	25.0	24.0	-1.0	0.0	-1.0	6.0	-1.0	-1.0	-1.0	20.0	51.0	-1.0	29.0	-1.0	72.0	64.0	19.0	30.0	25.0	0.0	-1.0	59.0	-1.0	-1.0	-1.0	-1.0	-1.0	-1.0	-1.0	-1.0	23.0	72.0	-1.0	66.0	5.0	16.0	-1.0	6.0	-1.0	-1.0	
-1.0	46.0	36.0	3.0	-1.0	-1.0	0.0	0.0	37.0	-1.0	25.0	24.0	-1.0	-1.0	-1.0	-1.0	-1.0	-1.0	41.0	20.0	-1.0	-1.0	29.0	26.0	-1.0	64.0	-1.0	30.0	-1.0	0.0	-1.0	-1.0	-1.0	-1.0	-1.0	-1.0	-1.0	-1.0	-1.0	-1.0	23.0	72.0	-1.0	66.0	5.0	16.0	27.0	-1.0	0.0	20.0	

distances_centre_w :
50.0	67.0	56.0	-1.0	-1.0	52.0	-1.0	-1.0	-1.0	79.0	-1.0	-1.0	29.0	-1.0	-1.0	63.0	-1.0	-1.0	-1.0	-1.0	-1.0	-1.0	89.0	78.0	-1.0	73.0	-1.0	-1.0	-1.0	-1.0	-1.0	-1.0	-1.0	-1.0	-1.0	-1.0	-1.0	-1.0	-1.0	-1.0	-1.0	93.0	-1.0	87.0	54.0	22.0	-1.0	-1.0	61.0	-1.0	
-1.0	67.0	47.0	21.0	43.0	52.0	17.0	18.0	81.0	28.0	49.0	47.0	-1.0	40.0	-1.0	-1.0	-1.0	38.0	56.0	-1.0	-1.0	-1.0	-1.0	-1.0	76.0	83.0	-1.0	73.0	25.0	-1.0	51.0	-1.0	-1.0	33.0	-1.0	40.0	-1.0	80.0	-1.0	-1.0	25.0	87.0	-1.0	87.0	37.0	-1.0	39.0	31.0	53.0	20.0	
-1.0	51.0	-1.0	21.0	53.0	-1.0	53.0	-1.0	-1.0	-1.0	49.0	70.0	-1.0	40.0	-1.0	-1.0	-1.0	-1.0	56.0	43.0	51.0	41.0	60.0	-1.0	76.0	73.0	33.0	84.0	25.0	-1.0	53.0	-1.0	52.0	-1.0	-1.0	-1.0	-1.0	-1.0	71.0	55.0	25.0	87.0	-1.0	-1.0	54.0	-1.0	-1.0	50.0	75.0	54.0	
-1.0	67.0	47.0	21.0	43.0	-1.0	17.0	-1.0	-1.0	28.0	49.0	-1.0	-1.0	57.0	63.0	13.0	-1.0	-1.0	-1.0	43.0	60.0	-1.0	49.0	74.0	-1.0	70.0	19.0	73.0	25.0	17.0	32.0	79.0	-1.0	33.0	-1.0	40.0	-1.0	-1.0	47.0	-1.0	25.0	-1.0	-1.0	-1.0	-1.0	-1.0	47.0	-1.0	53.0	20.0	
-1.0	67.0	56.0	21.0	43.0	52.0	17.0	-1.0	-1.0	28.0	49.0	-1.0	28.0	40.0	-1.0	-1.0	-1.0	-1.0	-1.0	-1.0	60.0	-1.0	49.0	-1.0	76.0	83.0	33.0	-1.0	25.0	-1.0	32.0	-1.0	31.0	33.0	28.0	40.0	-1.0	79.0	-1.0	-1.0	25.0	87.0	-1.0	87.0	37.0	-1.0	39.0	-1.0	53.0	20.0	
-1.0	-1.0	-1.0	77.0	-1.0	52.0	-1.0	-1.0	-1.0	-1.0	-1.0	70.0	-1.0	-1.0	-1.0	-1.0	-1.0	-1.0	-1.0	-1.0	82.0	-1.0	-1.0	-1.0	76.0	-1.0	-1.0	-1.0	-1.0	-1.0	-1.0	-1.0	-1.0	-1.0	-1.0	-1.0	-1.0	-1.0	-1.0	-1.0	-1.0	-1.0	-1.0	-1.0	-1.0	-1.0	-1.0	-1.0	-1.0	54.0	
-1.0	67.0	47.0	-1.0	43.0	34.0	35.0	-1.0	-1.0	-1.0	-1.0	34.0	-1.0	-1.0	-1.0	-1.0	34.0	-1.0	-1.0	-1.0	51.0	-1.0	49.0	-1.0	-1.0	83.0	-1.0	73.0	43.0	-1.0	-1.0	79.0	-1.0	-1.0	-1.0	40.0	76.0	-1.0	-1.0	-1.0	25.0	87.0	77.0	-1.0	37.0	-1.0	28.0	-1.0	53.0	20.0	
-1.0	67.0	47.0	21.0	43.0	-1.0	17.0	-1.0	81.0	28.0	62.0	47.0	28.0	74.0	-1.0	-1.0	-1.0	-1.0	-1.0	-1.0	60.0	-1.0	49.0	-1.0	-1.0	83.0	-1.0	73.0	25.0	-1.0	-1.0	79.0	31.0	-1.0	-1.0	-1.0	-1.0	79.0	-1.0	-1.0	25.0	87.0	-1.0	-1.0	-1.0	22.0	47.0	31.0	53.0	20.0	
-1.0	67.0	47.0	38.0	43.0	34.0	17.0	-1.0	81.0	-1.0	77.0	32.0	-1.0	40.0	-1.0	13.0	-1.0	-1.0	-1.0	43.0	60.0	-1.0	49.0	-1.0	76.0	83.0	66.0	73.0	43.0	18.0	-1.0	79.0	-1.0	-1.0	-1.0	-1.0	-1.0	-1.0	-1.0	-1.0	25.0	87.0	-1.0	87.0	37.0	22.0	-1.0	31.0	-1.0	-1.0	
-1.0	67.0	47.0	21.0	-1.0	-1.0	74.0	75.0	81.0	-1.0	77.0	32.0	-1.0	-1.0	-1.0	-1.0	-1.0	-1.0	49.0	43.0	-1.0	-1.0	49.0	74.0	-1.0	83.0	-1.0	73.0	-1.0	17.0	-1.0	-1.0	-1.0	-1.0	-1.0	-1.0	-1.0	-1.0	-1.0	-1.0	25.0	87.0	-1.0	87.0	37.0	22.0	28.0	-1.0	53.0	54.0	

maxX :
73.0	72.0	72.0	64.0	72.0	66.0	72.0	72.0	72.0	72.0	

maxW :
93.0	87.0	87.0	79.0	87.0	82.0	87.0	87.0	87.0	87.0	

minX :
0.0	0.0	0.0	0.0	0.0	0.0	0.0	0.0	0.0	0.0	

minW :
22.0	17.0	21.0	13.0	17.0	52.0	20.0	17.0	13.0	17.0	

moyX :
28.9	26.233333333333334	26.814814814814813	21.464285714285715	26.620689655172413	30.428571428571427	30.136363636363637	26.653846153846153	28.22222222222222	26.52173913043478	

moyW :
63.53333333333333	48.13333333333333	53.888888888888886	43.25	45.44827586206897	68.5	50.68181818181818	49.19230769230769	50.666666666666664	54.56521739130435	

medX :
25.5	23.0	23.0	21.0	21.0	26.0	28.0	24.0	24.0	25.0	

medW :
63.0	45.0	53.0	45.0	40.0	73.0	45.0	47.0	43.0	53.0	

ecartTypeX :
23.06274051365102	23.321925782881273	19.34298042268495	16.988403908164496	22.473607191860207	23.045651234372322	20.260340692068276	21.28188523259287	22.613226764249234	20.731973972622875	

ecartTypeW :
20.009553273929487	21.654458098866286	16.8046142987096	19.37344463803113	20.775625982347265	11.514483632943916	20.114188487542734	22.669904195056002	23.25224003546038	22.873615115040334	

varX :
531.8900000000001	543.9122222222222	374.1508916323732	288.60586734693874	505.06302021403087	531.1020408163265	410.4814049586776	452.9186390532545	511.3580246913579	429.81474480151235	

varW :
400.3822222222223	468.9155555555556	282.39506172839504	375.33035714285717	431.6266349583828	132.58333333333334	404.58057851239664	513.9245562130178	540.6666666666666	523.2022684310017	

covarX :
590.9888888888888	562.667816091954	388.54131054131057	299.29497354497346	523.1009852216748	619.6190476190475	430.0281385281385	471.0353846153847	531.0256410256411	449.35177865612656	

covarW :
428.98095238095243	485.08505747126446	293.2564102564103	389.23148148148147	447.0418719211822	159.10000000000002	423.84632034632034	534.4815384615385	561.4615384615385	546.98418972332	

coef_variationX :
0.7980187028944989	0.8890187719014462	0.7213542422824498	0.7914730606133209	0.8442158142020026	0.7573688199089496	0.6722888314110137	0.798454568610988	0.801256066449776	0.7816973792956167	

coef_variationW :
0.31494574932732666	0.4498848635498536	0.31183820348120905	0.44794091648626894	0.457126823587307	0.1680946515758236	0.3968718804716952	0.46084246213561847	0.45892579017356017	0.4191977272079105	

moy_distances_centre :	53.4
min_distances_centre :	17.0
max_distances_centre :	104.0
med_distances_centre :	55.0
ecartType_distances_centre :	25.726251184344754
var_distances_centre :	661.8399999999999
covar_distances_centre :	696.6736842105263
coef_variation_distances_centre :	0.48176500345214895
capacite_X_temoin : 
156.0	171.0	0.0	175.0	144.0	
138.0	153.0	162.0	163.0	159.0	
0.0	144.0	136.0	147.0	166.0	
166.0	151.0	141.0	168.0	171.0	
144.0	144.0	162.0	147.0	165.0	
172.0	144.0	135.0	0.0	157.0	
172.0	171.0	157.0	135.0	163.0	
141.0	136.0	172.0	156.0	148.0	
147.0	139.0	171.0	144.0	169.0	
154.0	177.0	177.0	147.0	163.0	

capacite_W_temoin : 
147.8	51.3	0.0	177.5	112.19999999999999	
134.4	131.9	60.6	199.9	118.69999999999999	
0.0	129.2	55.8	101.1	174.8	
183.8	133.3	67.3	190.4	160.3	
137.2	111.19999999999999	65.6	154.1	164.5	
185.6	119.19999999999999	51.5	0.0	119.1	
189.6	156.3	93.1	175.5	171.9	
151.3	77.8	114.6	182.8	132.4	
155.1	110.69999999999999	92.3	172.2	160.7	
187.2	158.1	124.1	162.1	123.9	

demande_cumulee_X : 
55.0	171.0	0.0	50.0	75.0	
45.0	67.0	150.0	12.0	88.0	
0.0	58.0	121.0	90.0	41.0	
32.0	63.0	116.0	28.0	62.0	
50.0	76.0	145.0	37.0	50.0	
38.0	68.0	124.0	0.0	85.0	
34.0	66.0	111.0	0.0	40.0	
32.0	99.0	109.0	20.0	60.0	
36.0	70.0	130.0	15.0	59.0	
13.0	72.0	106.0	29.0	88.0	

demande_cumulee_W : 
101.0	35.0	0.0	112.0	103.0	
89.0	123.0	32.0	72.0	46.0	
0.0	107.0	36.0	67.0	100.0	
72.0	126.0	18.0	64.0	21.0	
82.0	111.0	20.0	106.0	39.0	
148.0	116.0	0.0	0.0	51.0	
56.0	104.0	17.0	53.0	21.0	
115.0	67.0	33.0	82.0	23.0	
74.0	103.0	1.0	93.0	39.0	
113.0	77.0	13.0	74.0	31.0	

capacite_residuelle_X : 
101.0	0.0	0.0	125.0	69.0	
93.0	86.0	12.0	151.0	71.0	
0.0	86.0	15.0	57.0	125.0	
134.0	88.0	25.0	140.0	109.0	
94.0	68.0	17.0	110.0	115.0	
134.0	76.0	11.0	0.0	72.0	
138.0	105.0	46.0	135.0	123.0	
109.0	37.0	63.0	136.0	88.0	
111.0	69.0	41.0	129.0	110.0	
141.0	105.0	71.0	118.0	75.0	

capacite_residuelle_W : 
46.80000000000001	16.299999999999997	0.0	65.5	9.199999999999989	
45.400000000000006	8.900000000000006	28.6	127.9	72.69999999999999	
0.0	22.19999999999999	19.799999999999997	34.099999999999994	74.80000000000001	
111.80000000000001	7.300000000000011	49.3	126.4	139.3	
55.19999999999999	0.19999999999998863	45.599999999999994	48.099999999999994	125.5	
37.599999999999994	3.1999999999999886	51.5	0.0	68.1	
133.6	52.30000000000001	76.1	122.5	150.9	
36.30000000000001	10.799999999999997	81.6	100.80000000000001	109.4	
81.1	7.699999999999989	91.3	79.19999999999999	121.69999999999999	
74.19999999999999	81.1	111.1	88.1	92.9	

min_capacite_X : 
0.0	138.0	0.0	141.0	144.0	0.0	135.0	136.0	139.0	147.0	

min_capacite_W : 
0.0	60.6	0.0	67.3	65.6	0.0	93.1	77.8	92.3	123.9	

max_capacite_X : 
175.0	163.0	166.0	171.0	165.0	172.0	172.0	172.0	171.0	177.0	

max_capacite_W : 
177.5	199.9	174.8	190.4	164.5	185.6	189.6	182.8	172.2	187.2	

moy_capacite_X : 
129.2	155.0	118.6	159.4	152.4	121.6	159.6	150.6	154.0	163.6	

moy_capacite_W : 
97.76	129.1	92.18	147.02000000000004	126.52000000000001	95.08	157.28	131.78	138.2	151.07999999999998	

med_capacite_X : 
156.0	159.0	144.0	166.0	147.0	144.0	163.0	148.0	147.0	163.0	

med_capacite_W : 
112.19999999999999	131.9	101.1	160.3	137.2	119.1	171.9	132.4	155.1	158.1	

ecartType_capacite_X : 
65.53594433591385	9.186947262284681	60.11189566134144	11.499565209172042	9.178235124467014	62.06641603959423	13.46996659238619	12.642784503423286	13.326664999166145	12.059850745345068	

ecartType_capacite_W : 
64.47717735757358	44.38238389271131	60.16106382038137	44.61943074491202	35.39250768171139	63.70561670684933	33.794461084621545	35.1950223753303	31.01909089576933	24.257155645293615	

var_capacite_X : 
4294.959999999999	84.4	3613.44	132.24	84.24000000000001	3852.2400000000002	181.44	159.84	177.6	145.44	

var_capacite_W : 
4157.3063999999995	1969.7960000000003	3619.353600000001	1990.8936000000006	1252.6296000000002	4058.4055999999996	1142.0656000000001	1238.6896000000006	962.1839999999999	588.4095999999998	

covar_capacite_X : 
5368.699999999999	105.5	4516.8	165.3	105.30000000000001	4815.3	226.8	199.8	222.0	181.8	

covar_capacite_W : 
5196.633	2462.2450000000003	4524.192000000001	2488.6170000000006	1565.7870000000003	5073.007	1427.582	1548.3620000000008	1202.7299999999998	735.5119999999998	

##########	##########	##########	##########	##########	##########	##########	##########	##########	##########	##########	##########	##########	##########	##########	##########	##########	##########	##########	##########	##########	##########	##########	##########	##########	##########	##########	##########	##########	##########	##########	##########	##########	##########	##########	##########	##########	##########	##########	##########	##########	##########	##########	##########	##########	##########	##########	##########	##########	##########	