nombre de noeuds : 50
nombre de strates : 20
nombre de centres : 5
titre : fenetre
instances : p4_5
temps de calcul : 0.11414098739624023
valeur objective : 2247.0
nombre de solutions : 3
nombre de noeuds : 1.0
faisability : True
moy_distances :	47.09
min_distances :	1.0
max_distances :	122.0
var_distances :	566.1320489795919
covar_distances :	566.3632176398529
ecartType_distances :	23.793529561197765
coef_variation	: 0.5052624284928539
distances_centre_x :
-1.0	-1.0	12.0	-1.0	-1.0	-1.0	22.0	-1.0	15.0	-1.0	-1.0	32.0	-1.0	-1.0	19.0	-1.0	32.0	52.0	-1.0	18.0	10.0	-1.0	-1.0	-1.0	-1.0	-1.0	11.0	0.0	8.0	12.0	3.0	26.0	9.0	-1.0	5.0	24.0	26.0	-1.0	-1.0	14.0	-1.0	12.0	29.0	18.0	-1.0	-1.0	6.0	-1.0	-1.0	33.0	
-1.0	-1.0	12.0	-1.0	-1.0	-1.0	22.0	-1.0	15.0	-1.0	-1.0	32.0	-1.0	38.0	-1.0	-1.0	-1.0	52.0	-1.0	-1.0	10.0	-1.0	-1.0	0.0	-1.0	-1.0	11.0	0.0	-1.0	-1.0	-1.0	26.0	9.0	-1.0	5.0	24.0	26.0	-1.0	22.0	14.0	0.0	12.0	-1.0	18.0	12.0	-1.0	-1.0	-1.0	45.0	33.0	
-1.0	-1.0	12.0	-1.0	-1.0	29.0	22.0	-1.0	15.0	-1.0	-1.0	-1.0	32.0	-1.0	-1.0	-1.0	-1.0	52.0	-1.0	18.0	-1.0	-1.0	-1.0	-1.0	-1.0	-1.0	-1.0	-1.0	-1.0	-1.0	3.0	26.0	9.0	-1.0	5.0	24.0	26.0	-1.0	-1.0	14.0	0.0	-1.0	-1.0	18.0	-1.0	-1.0	-1.0	-1.0	45.0	33.0	
-1.0	-1.0	12.0	11.0	-1.0	29.0	22.0	-1.0	15.0	-1.0	-1.0	30.0	-1.0	-1.0	-1.0	8.0	32.0	-1.0	6.0	18.0	10.0	-1.0	36.0	26.0	-1.0	-1.0	-1.0	0.0	-1.0	-1.0	3.0	26.0	9.0	0.0	-1.0	24.0	26.0	-1.0	-1.0	14.0	-1.0	12.0	-1.0	-1.0	12.0	-1.0	-1.0	8.0	45.0	33.0	
-1.0	-1.0	-1.0	-1.0	-1.0	-1.0	-1.0	-1.0	-1.0	-1.0	-1.0	-1.0	-1.0	-1.0	-1.0	-1.0	-1.0	52.0	-1.0	-1.0	-1.0	-1.0	-1.0	-1.0	-1.0	-1.0	-1.0	-1.0	-1.0	-1.0	-1.0	-1.0	-1.0	-1.0	-1.0	-1.0	-1.0	-1.0	-1.0	-1.0	-1.0	-1.0	-1.0	-1.0	12.0	-1.0	-1.0	-1.0	-1.0	33.0	
-1.0	-1.0	12.0	11.0	-1.0	-1.0	22.0	-1.0	15.0	-1.0	-1.0	30.0	-1.0	33.0	19.0	-1.0	-1.0	52.0	5.0	18.0	10.0	17.0	-1.0	-1.0	-1.0	-1.0	-1.0	-1.0	-1.0	9.0	-1.0	26.0	9.0	0.0	5.0	24.0	26.0	13.0	-1.0	14.0	-1.0	12.0	-1.0	-1.0	12.0	-1.0	-1.0	-1.0	-1.0	-1.0	
23.0	-1.0	12.0	-1.0	-1.0	-1.0	22.0	-1.0	15.0	-1.0	-1.0	30.0	29.0	38.0	-1.0	-1.0	-1.0	52.0	-1.0	18.0	10.0	-1.0	36.0	-1.0	-1.0	-1.0	11.0	-1.0	-1.0	-1.0	3.0	26.0	-1.0	-1.0	5.0	-1.0	26.0	-1.0	-1.0	-1.0	0.0	-1.0	-1.0	18.0	23.0	-1.0	-1.0	-1.0	45.0	33.0	
-1.0	-1.0	12.0	-1.0	-1.0	29.0	22.0	-1.0	15.0	-1.0	11.0	30.0	-1.0	38.0	19.0	-1.0	32.0	52.0	-1.0	18.0	10.0	-1.0	-1.0	0.0	-1.0	-1.0	-1.0	-1.0	8.0	-1.0	-1.0	26.0	9.0	-1.0	5.0	24.0	26.0	24.0	22.0	-1.0	-1.0	12.0	-1.0	18.0	18.0	-1.0	6.0	-1.0	-1.0	33.0	
-1.0	-1.0	12.0	-1.0	8.0	-1.0	22.0	-1.0	-1.0	-1.0	-1.0	32.0	-1.0	-1.0	19.0	2.0	-1.0	52.0	-1.0	-1.0	10.0	17.0	-1.0	-1.0	-1.0	20.0	-1.0	0.0	-1.0	-1.0	3.0	26.0	9.0	-1.0	-1.0	24.0	26.0	-1.0	22.0	36.0	0.0	-1.0	29.0	-1.0	12.0	-1.0	-1.0	-1.0	45.0	-1.0	
-1.0	-1.0	-1.0	-1.0	-1.0	-1.0	-1.0	-1.0	-1.0	-1.0	-1.0	-1.0	-1.0	-1.0	-1.0	-1.0	-1.0	-1.0	-1.0	-1.0	-1.0	-1.0	-1.0	-1.0	-1.0	-1.0	-1.0	-1.0	-1.0	-1.0	-1.0	-1.0	-1.0	-1.0	-1.0	-1.0	-1.0	-1.0	-1.0	-1.0	-1.0	-1.0	-1.0	-1.0	-1.0	-1.0	-1.0	-1.0	-1.0	-1.0	
23.0	-1.0	12.0	-1.0	-1.0	29.0	22.0	26.0	15.0	-1.0	0.0	32.0	32.0	-1.0	-1.0	-1.0	-1.0	52.0	5.0	18.0	10.0	17.0	-1.0	-1.0	-1.0	-1.0	11.0	0.0	8.0	-1.0	-1.0	26.0	13.0	-1.0	5.0	24.0	26.0	-1.0	22.0	14.0	0.0	-1.0	-1.0	-1.0	18.0	-1.0	-1.0	-1.0	-1.0	33.0	
-1.0	-1.0	12.0	-1.0	8.0	-1.0	22.0	26.0	15.0	-1.0	0.0	30.0	29.0	33.0	-1.0	-1.0	32.0	52.0	-1.0	18.0	10.0	-1.0	-1.0	-1.0	-1.0	20.0	11.0	-1.0	-1.0	12.0	3.0	26.0	9.0	-1.0	5.0	24.0	-1.0	13.0	22.0	-1.0	0.0	12.0	29.0	18.0	18.0	-1.0	-1.0	-1.0	45.0	33.0	
-1.0	-1.0	12.0	-1.0	-1.0	-1.0	-1.0	-1.0	15.0	-1.0	25.0	30.0	29.0	-1.0	-1.0	-1.0	32.0	52.0	-1.0	18.0	10.0	-1.0	-1.0	-1.0	-1.0	-1.0	11.0	0.0	8.0	-1.0	-1.0	-1.0	-1.0	-1.0	-1.0	24.0	26.0	-1.0	-1.0	14.0	-1.0	-1.0	29.0	18.0	12.0	-1.0	-1.0	-1.0	45.0	-1.0	
-1.0	-1.0	12.0	-1.0	-1.0	-1.0	22.0	-1.0	15.0	51.0	-1.0	30.0	32.0	-1.0	-1.0	-1.0	-1.0	52.0	6.0	18.0	10.0	-1.0	36.0	-1.0	-1.0	-1.0	11.0	0.0	-1.0	9.0	-1.0	26.0	9.0	-1.0	43.0	24.0	26.0	-1.0	-1.0	14.0	0.0	12.0	29.0	18.0	12.0	-1.0	-1.0	-1.0	-1.0	33.0	
-1.0	-1.0	12.0	-1.0	-1.0	29.0	22.0	26.0	15.0	-1.0	-1.0	32.0	-1.0	-1.0	-1.0	2.0	-1.0	-1.0	-1.0	-1.0	10.0	-1.0	-1.0	-1.0	-1.0	-1.0	-1.0	0.0	8.0	-1.0	3.0	26.0	-1.0	0.0	-1.0	24.0	26.0	-1.0	-1.0	14.0	0.0	-1.0	-1.0	18.0	-1.0	-1.0	-1.0	-1.0	45.0	33.0	
-1.0	40.0	12.0	-1.0	-1.0	-1.0	22.0	-1.0	15.0	-1.0	0.0	30.0	-1.0	-1.0	-1.0	2.0	32.0	52.0	5.0	18.0	10.0	-1.0	-1.0	-1.0	-1.0	-1.0	11.0	0.0	8.0	12.0	3.0	-1.0	9.0	-1.0	-1.0	24.0	-1.0	25.0	48.0	14.0	0.0	12.0	29.0	18.0	12.0	17.0	-1.0	-1.0	45.0	-1.0	
-1.0	40.0	-1.0	-1.0	-1.0	-1.0	22.0	26.0	15.0	-1.0	-1.0	30.0	-1.0	-1.0	-1.0	-1.0	-1.0	-1.0	5.0	18.0	10.0	-1.0	-1.0	-1.0	33.0	-1.0	-1.0	-1.0	-1.0	9.0	-1.0	26.0	-1.0	-1.0	5.0	24.0	26.0	13.0	22.0	14.0	0.0	-1.0	29.0	-1.0	12.0	-1.0	-1.0	8.0	45.0	-1.0	
-1.0	-1.0	12.0	-1.0	-1.0	29.0	22.0	26.0	15.0	-1.0	0.0	30.0	29.0	-1.0	-1.0	2.0	-1.0	-1.0	5.0	18.0	10.0	-1.0	36.0	-1.0	-1.0	-1.0	11.0	-1.0	8.0	9.0	-1.0	-1.0	9.0	0.0	5.0	24.0	26.0	-1.0	-1.0	36.0	0.0	12.0	-1.0	-1.0	12.0	-1.0	-1.0	-1.0	45.0	33.0	
-1.0	-1.0	12.0	-1.0	-1.0	-1.0	22.0	-1.0	15.0	-1.0	-1.0	30.0	-1.0	33.0	19.0	-1.0	32.0	52.0	6.0	-1.0	10.0	-1.0	-1.0	-1.0	-1.0	-1.0	11.0	-1.0	-1.0	9.0	-1.0	26.0	9.0	-1.0	-1.0	24.0	26.0	-1.0	22.0	-1.0	-1.0	12.0	-1.0	-1.0	-1.0	-1.0	6.0	8.0	45.0	-1.0	
-1.0	-1.0	12.0	-1.0	-1.0	-1.0	22.0	-1.0	-1.0	-1.0	0.0	30.0	29.0	-1.0	19.0	-1.0	-1.0	52.0	-1.0	18.0	-1.0	-1.0	-1.0	-1.0	-1.0	-1.0	-1.0	0.0	-1.0	-1.0	-1.0	26.0	9.0	-1.0	5.0	24.0	26.0	-1.0	22.0	14.0	-1.0	-1.0	-1.0	18.0	-1.0	-1.0	-1.0	-1.0	45.0	-1.0	

distances_centre_w :
-1.0	-1.0	15.0	-1.0	-1.0	-1.0	57.0	-1.0	41.0	-1.0	-1.0	42.0	-1.0	-1.0	55.0	-1.0	40.0	63.0	-1.0	43.0	16.0	-1.0	-1.0	-1.0	-1.0	-1.0	16.0	26.0	8.0	18.0	22.0	51.0	13.0	-1.0	43.0	49.0	54.0	-1.0	-1.0	36.0	-1.0	24.0	31.0	44.0	-1.0	-1.0	32.0	-1.0	-1.0	40.0	
-1.0	-1.0	45.0	-1.0	-1.0	-1.0	46.0	-1.0	41.0	-1.0	-1.0	55.0	-1.0	46.0	-1.0	-1.0	-1.0	63.0	-1.0	-1.0	16.0	-1.0	-1.0	25.0	-1.0	-1.0	16.0	30.0	-1.0	-1.0	-1.0	51.0	13.0	-1.0	31.0	49.0	43.0	-1.0	60.0	36.0	11.0	14.0	-1.0	44.0	23.0	-1.0	-1.0	-1.0	47.0	40.0	
-1.0	-1.0	45.0	-1.0	-1.0	58.0	46.0	-1.0	41.0	-1.0	-1.0	-1.0	40.0	-1.0	-1.0	-1.0	-1.0	63.0	-1.0	21.0	-1.0	-1.0	-1.0	-1.0	-1.0	-1.0	-1.0	-1.0	-1.0	-1.0	22.0	51.0	13.0	-1.0	31.0	49.0	43.0	-1.0	-1.0	36.0	11.0	-1.0	-1.0	44.0	-1.0	-1.0	-1.0	-1.0	47.0	40.0	
-1.0	-1.0	15.0	35.0	-1.0	39.0	46.0	-1.0	41.0	-1.0	-1.0	32.0	-1.0	-1.0	-1.0	29.0	34.0	-1.0	26.0	43.0	16.0	-1.0	45.0	29.0	-1.0	-1.0	-1.0	26.0	-1.0	-1.0	22.0	51.0	13.0	26.0	-1.0	49.0	43.0	-1.0	-1.0	36.0	-1.0	24.0	-1.0	-1.0	18.0	-1.0	-1.0	29.0	47.0	40.0	
-1.0	-1.0	-1.0	-1.0	-1.0	58.0	-1.0	35.0	-1.0	-1.0	-1.0	-1.0	-1.0	-1.0	-1.0	-1.0	-1.0	-1.0	-1.0	-1.0	-1.0	-1.0	-1.0	-1.0	-1.0	-1.0	-1.0	38.0	-1.0	-1.0	-1.0	-1.0	-1.0	-1.0	-1.0	-1.0	-1.0	-1.0	-1.0	50.0	-1.0	-1.0	-1.0	-1.0	-1.0	-1.0	-1.0	-1.0	-1.0	-1.0	
-1.0	-1.0	15.0	35.0	-1.0	-1.0	46.0	-1.0	41.0	-1.0	-1.0	55.0	-1.0	38.0	34.0	-1.0	-1.0	63.0	26.0	43.0	16.0	26.0	-1.0	-1.0	-1.0	-1.0	-1.0	-1.0	-1.0	18.0	-1.0	51.0	13.0	26.0	31.0	49.0	43.0	40.0	-1.0	36.0	-1.0	14.0	-1.0	-1.0	23.0	-1.0	-1.0	-1.0	-1.0	-1.0	
33.0	-1.0	15.0	-1.0	-1.0	-1.0	52.0	-1.0	41.0	-1.0	-1.0	42.0	32.0	46.0	-1.0	-1.0	-1.0	63.0	-1.0	21.0	16.0	-1.0	45.0	-1.0	-1.0	-1.0	16.0	-1.0	-1.0	-1.0	22.0	51.0	-1.0	-1.0	35.0	-1.0	43.0	-1.0	-1.0	-1.0	11.0	-1.0	-1.0	44.0	41.0	-1.0	-1.0	-1.0	47.0	40.0	
-1.0	-1.0	15.0	-1.0	-1.0	39.0	46.0	-1.0	41.0	-1.0	25.0	55.0	-1.0	46.0	34.0	-1.0	34.0	63.0	-1.0	43.0	16.0	-1.0	-1.0	25.0	-1.0	-1.0	-1.0	-1.0	8.0	-1.0	-1.0	51.0	13.0	-1.0	43.0	49.0	43.0	33.0	48.0	-1.0	-1.0	14.0	-1.0	44.0	23.0	-1.0	32.0	-1.0	-1.0	40.0	
-1.0	-1.0	45.0	-1.0	26.0	-1.0	57.0	-1.0	-1.0	-1.0	-1.0	42.0	-1.0	-1.0	34.0	8.0	-1.0	63.0	-1.0	-1.0	16.0	26.0	-1.0	-1.0	-1.0	31.0	-1.0	26.0	-1.0	-1.0	22.0	51.0	13.0	-1.0	-1.0	49.0	43.0	-1.0	48.0	39.0	11.0	-1.0	31.0	-1.0	18.0	-1.0	-1.0	-1.0	47.0	-1.0	
-1.0	-1.0	-1.0	-1.0	-1.0	-1.0	-1.0	-1.0	-1.0	-1.0	-1.0	-1.0	-1.0	-1.0	-1.0	-1.0	-1.0	-1.0	-1.0	-1.0	-1.0	-1.0	-1.0	-1.0	-1.0	-1.0	-1.0	-1.0	-1.0	-1.0	-1.0	-1.0	-1.0	-1.0	-1.0	-1.0	-1.0	-1.0	-1.0	-1.0	-1.0	-1.0	-1.0	-1.0	-1.0	-1.0	-1.0	-1.0	-1.0	-1.0	
33.0	-1.0	15.0	-1.0	-1.0	39.0	46.0	48.0	41.0	-1.0	25.0	42.0	40.0	-1.0	-1.0	-1.0	-1.0	63.0	26.0	43.0	16.0	26.0	-1.0	-1.0	-1.0	-1.0	16.0	30.0	21.0	-1.0	-1.0	51.0	17.0	-1.0	31.0	49.0	43.0	-1.0	60.0	36.0	11.0	-1.0	-1.0	-1.0	23.0	-1.0	-1.0	-1.0	-1.0	40.0	
-1.0	-1.0	15.0	-1.0	26.0	-1.0	46.0	35.0	41.0	-1.0	11.0	32.0	40.0	46.0	-1.0	-1.0	60.0	63.0	-1.0	43.0	16.0	-1.0	-1.0	-1.0	-1.0	31.0	16.0	-1.0	-1.0	18.0	29.0	51.0	44.0	-1.0	52.0	49.0	-1.0	40.0	48.0	-1.0	11.0	14.0	31.0	44.0	23.0	-1.0	-1.0	-1.0	62.0	40.0	
-1.0	-1.0	37.0	-1.0	-1.0	-1.0	-1.0	-1.0	41.0	-1.0	52.0	32.0	32.0	-1.0	-1.0	-1.0	34.0	63.0	-1.0	21.0	16.0	-1.0	-1.0	-1.0	-1.0	-1.0	16.0	26.0	8.0	-1.0	-1.0	-1.0	-1.0	-1.0	-1.0	49.0	43.0	-1.0	-1.0	50.0	-1.0	-1.0	31.0	44.0	18.0	-1.0	-1.0	-1.0	62.0	-1.0	
-1.0	-1.0	45.0	-1.0	-1.0	-1.0	46.0	-1.0	41.0	62.0	-1.0	32.0	52.0	-1.0	-1.0	-1.0	-1.0	63.0	26.0	21.0	16.0	-1.0	45.0	-1.0	-1.0	-1.0	16.0	26.0	-1.0	12.0	-1.0	51.0	44.0	-1.0	52.0	49.0	54.0	-1.0	-1.0	36.0	11.0	14.0	31.0	44.0	18.0	-1.0	-1.0	-1.0	-1.0	40.0	
-1.0	-1.0	45.0	-1.0	-1.0	39.0	46.0	48.0	41.0	-1.0	-1.0	42.0	-1.0	-1.0	-1.0	8.0	-1.0	-1.0	-1.0	-1.0	16.0	-1.0	-1.0	-1.0	-1.0	-1.0	-1.0	26.0	8.0	-1.0	22.0	51.0	-1.0	26.0	-1.0	49.0	43.0	-1.0	-1.0	36.0	11.0	-1.0	-1.0	44.0	-1.0	-1.0	-1.0	-1.0	47.0	42.0	
-1.0	42.0	15.0	-1.0	-1.0	-1.0	46.0	-1.0	44.0	-1.0	11.0	32.0	-1.0	-1.0	-1.0	29.0	34.0	63.0	26.0	21.0	16.0	-1.0	-1.0	-1.0	-1.0	-1.0	16.0	26.0	21.0	18.0	22.0	-1.0	13.0	-1.0	-1.0	49.0	-1.0	33.0	60.0	39.0	11.0	14.0	38.0	46.0	23.0	42.0	-1.0	-1.0	47.0	-1.0	
-1.0	42.0	-1.0	-1.0	-1.0	-1.0	46.0	27.0	41.0	-1.0	-1.0	32.0	-1.0	-1.0	-1.0	-1.0	-1.0	-1.0	6.0	43.0	16.0	-1.0	-1.0	-1.0	43.0	-1.0	-1.0	-1.0	-1.0	18.0	-1.0	51.0	-1.0	-1.0	31.0	49.0	43.0	33.0	48.0	36.0	29.0	-1.0	31.0	-1.0	18.0	-1.0	-1.0	29.0	47.0	-1.0	
-1.0	-1.0	15.0	-1.0	-1.0	39.0	46.0	27.0	41.0	-1.0	25.0	32.0	32.0	-1.0	-1.0	29.0	-1.0	-1.0	6.0	21.0	16.0	-1.0	45.0	-1.0	-1.0	-1.0	16.0	-1.0	8.0	18.0	-1.0	-1.0	13.0	26.0	31.0	49.0	43.0	-1.0	-1.0	39.0	11.0	14.0	-1.0	-1.0	23.0	-1.0	-1.0	-1.0	47.0	40.0	
-1.0	-1.0	15.0	-1.0	-1.0	-1.0	46.0	-1.0	41.0	-1.0	-1.0	42.0	-1.0	46.0	34.0	-1.0	34.0	63.0	26.0	-1.0	16.0	-1.0	-1.0	-1.0	-1.0	-1.0	46.0	-1.0	-1.0	18.0	-1.0	51.0	44.0	-1.0	-1.0	49.0	43.0	-1.0	48.0	-1.0	-1.0	14.0	-1.0	-1.0	-1.0	-1.0	24.0	29.0	47.0	-1.0	
-1.0	-1.0	37.0	-1.0	-1.0	-1.0	52.0	-1.0	-1.0	-1.0	11.0	42.0	40.0	-1.0	43.0	-1.0	-1.0	63.0	-1.0	25.0	-1.0	-1.0	-1.0	-1.0	-1.0	-1.0	-1.0	38.0	-1.0	-1.0	-1.0	51.0	13.0	-1.0	43.0	49.0	43.0	-1.0	49.0	48.0	-1.0	-1.0	-1.0	46.0	-1.0	-1.0	-1.0	-1.0	47.0	-1.0	

maxX :
52.0	52.0	52.0	45.0	52.0	52.0	52.0	52.0	52.0	nan	52.0	52.0	52.0	52.0	45.0	52.0	45.0	45.0	52.0	52.0	

maxW :
63.0	63.0	63.0	51.0	58.0	63.0	63.0	63.0	63.0	nan	63.0	63.0	63.0	63.0	51.0	63.0	51.0	49.0	63.0	63.0	

minX :
0.0	0.0	0.0	0.0	12.0	0.0	0.0	0.0	0.0	nan	0.0	0.0	0.0	0.0	0.0	0.0	0.0	0.0	6.0	0.0	

minW :
8.0	11.0	11.0	13.0	35.0	13.0	11.0	8.0	8.0	nan	11.0	11.0	8.0	11.0	8.0	11.0	6.0	6.0	14.0	11.0	

moyX :
17.92	19.043478260869566	21.27777777777778	17.96153846153846	32.333333333333336	17.130434782608695	22.61904761904762	19.96153846153846	19.363636363636363	nan	18.25925925925926	19.566666666666666	21.57894736842105	21.153846153846153	17.25	18.103448275862068	19.636363636363637	17.185185185185187	20.428571428571427	20.61111111111111	

moyW :
35.16	36.73913043478261	38.94444444444444	32.84615384615385	45.25	34.0	36.0	35.5	33.90909090909091	nan	34.48148148148148	35.9	35.526315789473685	36.42307692307692	34.5	30.93103448275862	34.5	27.85185185185185	36.95238095238095	41.111111111111114	

medX :
15.0	15.0	20.0	14.5	33.0	14.0	23.0	18.5	19.5	nan	18.0	18.0	18.0	18.0	16.5	14.0	20.0	12.0	19.0	20.5	

medW :
40.0	41.0	42.0	33.0	44.0	35.0	41.0	39.5	32.5	nan	36.0	40.0	34.0	40.5	41.5	29.0	34.5	27.0	42.0	43.0	

ecartTypeX :
11.599724134650788	13.744495375207219	13.485817882153729	11.646989605211527	16.33673433979046	11.003178781117072	13.311206129302484	11.413489890444989	13.706486369417997	nan	11.843399763996052	12.276490631374353	12.579497895902657	13.869424888781875	12.612989336394445	14.283689341792684	11.475449900253285	12.484173794692095	12.473100307963414	13.279637247760148	

ecartTypeW :
15.290990811585756	15.31188055727898	13.989965539717	10.897043733516789	9.256754290786809	13.692270113811121	13.870146083619753	14.09377931516651	15.255130555470929	nan	13.733900663498417	15.175308893067053	15.312081301867941	15.611073675496351	14.147437930593652	14.526862239177884	11.907789658263809	12.874619602301967	13.439374243072162	12.740525407310367	

varX :
134.5536	188.9111531190926	181.86728395061726	135.65236686390534	266.88888888888886	121.06994328922498	177.18820861678003	130.26775147928996	187.86776859504135	nan	140.26611796982172	150.71222222222224	158.2437673130194	192.36094674556213	159.0875	204.0237812128419	131.68595041322314	155.8545953360768	155.57823129251702	176.34876543209873	

varW :
233.81440000000003	234.4536862003781	195.71913580246917	118.7455621301775	85.6875	187.47826086956522	192.38095238095238	198.6346153846154	232.7190082644628	nan	188.62002743484226	230.29	234.45983379501385	243.70562130177515	200.15	211.0297265160523	141.79545454545453	165.75582990397808	180.61678004535148	162.320987654321	

covarX :
140.16	197.49802371541506	192.56535947712416	141.07846153846154	400.3333333333333	126.57312252964428	186.04761904761904	135.47846153846154	196.81385281385283	nan	145.66096866096868	155.90919540229885	167.03508771929822	200.05538461538458	167.46052631578945	211.3103448275862	137.95670995670994	161.8490028490029	163.3571428571429	186.72222222222226	

covarW :
243.55666666666667	245.1106719367589	207.23202614379085	123.49538461538461	114.25	196.0	202.0	206.58	243.80086580086575	nan	195.87464387464388	238.23103448275862	247.48538011695905	253.45384615384617	210.68421052631578	218.56650246305418	148.54761904761904	172.13105413105416	189.64761904761906	171.86928104575165	

coef_variationX :
0.6473060342997091	0.721742907830516	0.6337982294484781	0.648440534765524	0.505259824941973	0.6423175430601337	0.5884954288744255	0.5717740600222924	0.7078467139136054	nan	0.6486243278456255	0.6274186012627437	0.5829523415174402	0.6556455401969614	0.7311877876170693	0.7890037922133102	0.5843979115869729	0.7264497682256176	0.6105713437464608	0.6442950686244816	

coef_variationW :
0.4348973495900386	0.4167730802572977	0.3592287870398089	0.3317601136667875	0.20456915559749853	0.4027138268767977	0.38528183565610424	0.3970078680328594	0.4498832067297057	nan	0.39829787101445463	0.4227105541244304	0.43100673294146796	0.4286039235088756	0.41007066465488845	0.46965329424320923	0.3451533234279365	0.4622536293379696	0.3636944060625199	0.3099046720697116	

moy_distances_centre :	34.2
min_distances_centre :	11.0
max_distances_centre :	56.0
med_distances_centre :	29.5
ecartType_distances_centre :	13.518875692896952
var_distances_centre :	182.76000000000002
covar_distances_centre :	192.37894736842105
coef_variation_distances_centre :	0.3952887629502032
capacite_X_temoin : 
157.0	157.0	166.0	148.0	163.0	
154.0	154.0	153.0	174.0	141.0	
141.0	141.0	139.0	162.0	165.0	
150.0	156.0	174.0	139.0	162.0	
141.0	145.0	175.0	0.0	174.0	
166.0	168.0	172.0	148.0	159.0	
163.0	148.0	174.0	160.0	150.0	
160.0	157.0	172.0	162.0	148.0	
154.0	168.0	153.0	168.0	154.0	
144.0	157.0	142.0	157.0	0.0	
147.0	139.0	169.0	175.0	156.0	
163.0	154.0	175.0	171.0	136.0	
153.0	145.0	168.0	175.0	165.0	
153.0	165.0	136.0	135.0	157.0	
148.0	166.0	168.0	142.0	172.0	
138.0	166.0	171.0	168.0	145.0	
142.0	166.0	147.0	141.0	153.0	
175.0	162.0	148.0	163.0	178.0	
162.0	166.0	138.0	175.0	144.0	
177.0	157.0	171.0	154.0	171.0	

capacite_W_temoin : 
133.1	157.1	102.8	153.4	183.9	
150.2	192.2	94.9	196.2	119.3	
160.3	159.3	99.69999999999999	161.6	162.5	
141.0	167.8	136.2	89.69999999999999	167.6	
144.3	123.5	157.5	0.0	204.2	
175.8	198.4	128.6	133.4	165.7	
184.9	167.4	114.19999999999999	188.0	129.0	
165.0	153.1	128.6	150.6	150.4	
182.2	207.4	123.9	166.4	93.19999999999999	
78.19999999999999	164.1	62.6	166.1	0.0	
140.1	162.7	107.69999999999999	174.5	110.8	
147.9	164.2	111.5	181.3	101.8	
152.9	156.5	129.4	195.5	185.5	
126.9	198.5	72.8	147.5	142.1	
173.4	209.8	115.4	116.6	160.6	
117.4	184.8	128.3	185.4	105.5	
173.6	196.8	79.1	160.3	138.9	
144.5	188.6	119.4	144.9	151.4	
143.6	192.8	104.4	179.5	164.2	
201.1	188.1	149.3	163.2	200.3	

demande_cumulee_X : 
71.0	47.0	113.0	39.0	28.0	
50.0	8.0	104.0	30.0	64.0	
23.0	24.0	81.0	49.0	52.0	
54.0	35.0	90.0	91.0	43.0	
39.0	65.0	70.0	0.0	22.0	
40.0	20.0	95.0	59.0	41.0	
27.0	25.0	112.0	20.0	66.0	
43.0	51.0	95.0	60.0	42.0	
18.0	11.0	75.0	52.0	107.0	
109.0	40.0	122.0	38.0	0.0	
51.0	18.0	112.0	53.0	92.0	
64.0	36.0	116.0	41.0	75.0	
46.0	32.0	89.0	32.0	29.0	
72.0	16.0	104.0	28.0	62.0	
19.0	6.0	103.0	68.0	63.0	
62.0	31.0	94.0	33.0	83.0	
11.0	19.0	112.0	23.0	60.0	
83.0	22.0	73.0	67.0	80.0	
67.0	23.0	75.0	48.0	23.0	
29.0	16.0	73.0	37.0	22.0	

demande_cumulee_W : 
118.0	49.0	44.0	0.0	87.0	
142.0	42.0	34.0	0.0	38.0	
122.0	25.0	0.0	0.0	82.0	
108.0	125.0	18.0	0.0	62.0	
45.0	69.0	45.0	0.0	37.0	
120.0	85.0	32.0	0.0	18.0	
148.0	55.0	30.0	0.0	17.0	
127.0	84.0	34.0	0.0	46.0	
179.0	30.0	8.0	0.0	46.0	
76.0	131.0	50.0	52.0	0.0	
140.0	133.0	44.0	0.0	9.0	
138.0	56.0	77.0	29.0	32.0	
95.0	9.0	57.0	3.0	64.0	
120.0	52.0	31.0	24.0	55.0	
146.0	67.0	8.0	0.0	38.0	
100.0	101.0	31.0	0.0	71.0	
145.0	53.0	17.0	0.0	10.0	
121.0	109.0	37.0	0.0	58.0	
97.0	55.0	25.0	47.0	12.0	
67.0	31.0	36.0	6.0	37.0	

capacite_residuelle_X : 
86.0	110.0	53.0	109.0	135.0	
104.0	146.0	49.0	144.0	77.0	
118.0	117.0	58.0	113.0	113.0	
96.0	121.0	84.0	48.0	119.0	
102.0	80.0	105.0	0.0	152.0	
126.0	148.0	77.0	89.0	118.0	
136.0	123.0	62.0	140.0	84.0	
117.0	106.0	77.0	102.0	106.0	
136.0	157.0	78.0	116.0	47.0	
35.0	117.0	20.0	119.0	0.0	
96.0	121.0	57.0	122.0	64.0	
99.0	118.0	59.0	130.0	61.0	
107.0	113.0	79.0	143.0	136.0	
81.0	149.0	32.0	107.0	95.0	
129.0	160.0	65.0	74.0	109.0	
76.0	135.0	77.0	135.0	62.0	
131.0	147.0	35.0	118.0	93.0	
92.0	140.0	75.0	96.0	98.0	
95.0	143.0	63.0	127.0	121.0	
148.0	141.0	98.0	117.0	149.0	

capacite_residuelle_W : 
15.099999999999994	108.1	58.8	153.4	96.9	
8.199999999999989	150.2	60.900000000000006	196.2	81.3	
38.30000000000001	134.3	99.69999999999999	161.6	80.5	
33.0	42.80000000000001	118.19999999999999	89.69999999999999	105.6	
99.30000000000001	54.5	112.5	0.0	167.2	
55.80000000000001	113.4	96.6	133.4	147.7	
36.900000000000006	112.4	84.19999999999999	188.0	112.0	
38.0	69.1	94.6	150.6	104.4	
3.1999999999999886	177.4	115.9	166.4	47.19999999999999	
2.1999999999999886	33.099999999999994	12.600000000000001	114.1	0.0	
0.09999999999999432	29.69999999999999	63.69999999999999	174.5	101.8	
9.900000000000006	108.19999999999999	34.5	152.3	69.8	
57.900000000000006	147.5	72.4	192.5	121.5	
6.900000000000006	146.5	41.8	123.5	87.1	
27.400000000000006	142.8	107.4	116.6	122.6	
17.400000000000006	83.80000000000001	97.30000000000001	185.4	34.5	
28.599999999999994	143.8	62.099999999999994	160.3	128.9	
23.5	79.6	82.4	144.9	93.4	
46.599999999999994	137.8	79.4	132.5	152.2	
134.1	157.1	113.30000000000001	157.2	163.3	

min_capacite_X : 
148.0	141.0	139.0	139.0	0.0	148.0	148.0	148.0	153.0	0.0	139.0	136.0	145.0	135.0	142.0	138.0	141.0	148.0	138.0	154.0	

min_capacite_W : 
102.8	94.9	99.69999999999999	89.69999999999999	0.0	128.6	114.19999999999999	128.6	93.19999999999999	0.0	107.69999999999999	101.8	129.4	72.8	115.4	105.5	79.1	119.4	104.4	149.3	

max_capacite_X : 
166.0	174.0	165.0	174.0	175.0	172.0	174.0	172.0	168.0	157.0	175.0	175.0	175.0	165.0	172.0	171.0	166.0	178.0	175.0	177.0	

max_capacite_W : 
183.9	196.2	162.5	167.8	204.2	198.4	188.0	165.0	207.4	166.1	174.5	181.3	195.5	198.5	209.8	185.4	196.8	188.6	192.8	201.1	

moy_capacite_X : 
158.2	155.2	149.6	156.2	127.0	162.6	159.0	159.8	159.4	120.0	157.2	159.8	161.2	149.2	159.2	157.6	149.8	165.2	157.0	166.0	

moy_capacite_W : 
146.06	150.56	148.68	140.46	125.9	160.38000000000002	156.7	149.54000000000002	154.61999999999998	94.2	139.16	141.34	163.95999999999998	137.56	155.16000000000003	144.28000000000003	149.73999999999998	149.76	156.9	180.4	

med_capacite_X : 
157.0	154.0	141.0	156.0	145.0	166.0	160.0	160.0	154.0	144.0	156.0	163.0	165.0	153.0	166.0	166.0	147.0	163.0	162.0	171.0	

med_capacite_W : 
153.4	150.2	160.3	141.0	144.3	165.7	167.4	150.6	166.4	78.19999999999999	140.1	147.9	156.5	142.1	160.6	128.3	160.3	144.9	164.2	188.1	

ecartType_capacite_X : 
6.1773780845922	10.609429767899876	11.412274094149685	11.702991070662234	65.05689817382934	8.42852300228219	9.423375191511797	7.756287771866126	7.031358332498779	60.32909745719722	13.362634470792052	13.905394636614956	10.777754868245983	11.838918869558993	11.906300852909773	13.425349157470729	9.152048950918042	10.684568311354464	13.856406460551018	8.899438184514796	

ecartType_capacite_W : 
27.00745082380046	39.729716837651885	24.51435497825713	28.562464879628305	68.30019033648442	26.26590185011739	29.87627821533332	11.764624940898031	40.99094534162393	63.53553336519652	26.825182198822063	30.385035790665118	23.795428132311464	40.34994919451572	35.82053042600012	34.101343082054704	40.007429310066904	22.290141318529137	30.938648968563577	20.721196876628532	

var_capacite_X : 
38.16	112.56000000000002	130.24	136.95999999999998	4232.4	71.03999999999999	88.8	60.15999999999999	49.440000000000005	3639.6	178.56	193.35999999999999	116.16	140.16	141.76	180.24	83.76000000000002	114.16000000000001	192.0	79.2	

var_capacite_W : 
729.4024000000002	1578.4503999999995	600.9536000000003	815.8144000000003	4664.916	689.8976000000001	892.5920000000002	138.40640000000002	1680.2576000000001	4036.764	719.5904	923.2504000000001	566.2223999999999	1628.1184	1283.1104	1162.9016000000001	1600.5944000000004	496.8503999999999	957.2000000000002	429.36800000000005	

covar_capacite_X : 
47.699999999999996	140.70000000000002	162.8	171.2	5290.5	88.8	111.0	75.19999999999999	61.800000000000004	4549.5	223.20000000000002	241.7	145.2	175.2	177.2	225.3	104.70000000000003	142.70000000000002	240.0	99.0	

covar_capacite_W : 
911.7530000000002	1973.0629999999994	751.1920000000003	1019.7680000000004	5831.145	862.3720000000002	1115.7400000000002	173.00800000000004	2100.322	5045.955	899.488	1154.063	707.7779999999999	2035.1480000000001	1603.8880000000001	1453.6270000000002	2000.7430000000006	621.0629999999999	1196.5000000000002	536.71	

##########	##########	##########	##########	##########	##########	##########	##########	##########	##########	##########	##########	##########	##########	##########	##########	##########	##########	##########	##########	##########	##########	##########	##########	##########	##########	##########	##########	##########	##########	##########	##########	##########	##########	##########	##########	##########	##########	##########	##########	##########	##########	##########	##########	##########	##########	##########	##########	##########	##########	nombre de noeuds : 50
nombre de strates : 20
nombre de centres : 5
titre : fenetre
instances : p4_5
temps de calcul : 0.10759711265563965
valeur objective : 2235.0
nombre de solutions : 3
nombre de noeuds : 1.0
faisability : True
moy_distances :	47.09
min_distances :	1.0
max_distances :	122.0
var_distances :	566.1320489795919
covar_distances :	566.3632176398529
ecartType_distances :	23.793529561197765
coef_variation	: 0.5052624284928539
distances_centre_x :
-1.0	-1.0	12.0	-1.0	-1.0	-1.0	32.0	-1.0	35.0	-1.0	-1.0	18.0	-1.0	-1.0	19.0	-1.0	32.0	52.0	-1.0	18.0	16.0	-1.0	-1.0	-1.0	-1.0	-1.0	11.0	26.0	8.0	12.0	3.0	38.0	9.0	-1.0	31.0	24.0	21.0	-1.0	-1.0	39.0	-1.0	12.0	0.0	38.0	-1.0	-1.0	6.0	-1.0	-1.0	33.0	
-1.0	-1.0	12.0	-1.0	-1.0	-1.0	32.0	-1.0	35.0	-1.0	-1.0	18.0	-1.0	7.0	-1.0	-1.0	-1.0	52.0	-1.0	-1.0	16.0	-1.0	-1.0	0.0	-1.0	-1.0	11.0	29.0	-1.0	-1.0	-1.0	38.0	9.0	-1.0	35.0	24.0	21.0	-1.0	49.0	41.0	0.0	12.0	-1.0	38.0	12.0	-1.0	-1.0	-1.0	36.0	33.0	
-1.0	-1.0	12.0	-1.0	-1.0	29.0	32.0	-1.0	35.0	-1.0	-1.0	-1.0	1.0	-1.0	-1.0	-1.0	-1.0	52.0	-1.0	18.0	-1.0	-1.0	-1.0	-1.0	-1.0	-1.0	-1.0	-1.0	-1.0	-1.0	3.0	38.0	9.0	-1.0	30.0	24.0	21.0	-1.0	-1.0	36.0	0.0	-1.0	-1.0	38.0	-1.0	-1.0	-1.0	-1.0	36.0	33.0	
-1.0	-1.0	12.0	27.0	-1.0	29.0	32.0	-1.0	35.0	-1.0	-1.0	18.0	-1.0	-1.0	-1.0	2.0	32.0	-1.0	6.0	18.0	16.0	-1.0	36.0	0.0	-1.0	-1.0	-1.0	26.0	-1.0	-1.0	3.0	38.0	9.0	0.0	-1.0	24.0	21.0	-1.0	-1.0	36.0	-1.0	12.0	-1.0	-1.0	12.0	-1.0	-1.0	8.0	36.0	33.0	
-1.0	-1.0	-1.0	-1.0	-1.0	-1.0	-1.0	-1.0	-1.0	-1.0	-1.0	-1.0	-1.0	-1.0	-1.0	-1.0	-1.0	-1.0	-1.0	-1.0	-1.0	-1.0	-1.0	-1.0	-1.0	-1.0	-1.0	-1.0	-1.0	-1.0	-1.0	-1.0	-1.0	-1.0	-1.0	-1.0	-1.0	-1.0	-1.0	-1.0	-1.0	-1.0	-1.0	-1.0	-1.0	-1.0	-1.0	-1.0	-1.0	-1.0	
-1.0	-1.0	12.0	27.0	-1.0	-1.0	32.0	-1.0	35.0	-1.0	-1.0	18.0	-1.0	7.0	19.0	-1.0	-1.0	52.0	5.0	18.0	16.0	17.0	-1.0	-1.0	-1.0	-1.0	-1.0	-1.0	-1.0	9.0	-1.0	38.0	9.0	0.0	30.0	24.0	21.0	13.0	-1.0	39.0	-1.0	12.0	-1.0	-1.0	12.0	-1.0	-1.0	-1.0	-1.0	-1.0	
10.0	-1.0	12.0	-1.0	-1.0	-1.0	32.0	-1.0	35.0	-1.0	-1.0	18.0	1.0	7.0	-1.0	-1.0	-1.0	52.0	-1.0	21.0	16.0	-1.0	36.0	-1.0	-1.0	-1.0	11.0	-1.0	-1.0	-1.0	3.0	38.0	-1.0	-1.0	31.0	-1.0	21.0	-1.0	-1.0	-1.0	0.0	-1.0	-1.0	38.0	12.0	-1.0	-1.0	-1.0	36.0	33.0	
-1.0	-1.0	12.0	-1.0	-1.0	29.0	32.0	-1.0	35.0	-1.0	0.0	18.0	-1.0	7.0	19.0	-1.0	32.0	52.0	-1.0	18.0	16.0	-1.0	-1.0	0.0	-1.0	-1.0	-1.0	-1.0	8.0	-1.0	-1.0	38.0	9.0	-1.0	30.0	24.0	21.0	13.0	48.0	-1.0	-1.0	12.0	-1.0	38.0	12.0	-1.0	6.0	-1.0	-1.0	33.0	
-1.0	-1.0	12.0	-1.0	8.0	-1.0	32.0	-1.0	-1.0	-1.0	-1.0	18.0	-1.0	-1.0	19.0	2.0	-1.0	52.0	-1.0	-1.0	16.0	17.0	-1.0	-1.0	-1.0	20.0	-1.0	29.0	-1.0	-1.0	3.0	38.0	9.0	-1.0	-1.0	24.0	21.0	-1.0	40.0	36.0	0.0	-1.0	0.0	-1.0	12.0	-1.0	-1.0	-1.0	36.0	-1.0	
-1.0	-1.0	-1.0	-1.0	-1.0	-1.0	32.0	-1.0	35.0	-1.0	-1.0	18.0	1.0	-1.0	-1.0	-1.0	-1.0	-1.0	-1.0	-1.0	-1.0	-1.0	-1.0	-1.0	-1.0	-1.0	-1.0	-1.0	-1.0	-1.0	-1.0	38.0	-1.0	-1.0	30.0	-1.0	21.0	-1.0	-1.0	-1.0	-1.0	-1.0	0.0	38.0	-1.0	-1.0	-1.0	-1.0	36.0	-1.0	
10.0	-1.0	12.0	-1.0	-1.0	29.0	46.0	4.0	35.0	-1.0	0.0	18.0	1.0	-1.0	-1.0	-1.0	-1.0	52.0	5.0	18.0	16.0	17.0	-1.0	-1.0	-1.0	-1.0	22.0	30.0	8.0	-1.0	-1.0	38.0	9.0	-1.0	30.0	24.0	21.0	-1.0	40.0	36.0	0.0	-1.0	-1.0	-1.0	23.0	-1.0	-1.0	-1.0	-1.0	33.0	
-1.0	-1.0	12.0	-1.0	8.0	-1.0	32.0	4.0	35.0	-1.0	11.0	18.0	1.0	7.0	-1.0	-1.0	32.0	52.0	-1.0	18.0	16.0	-1.0	-1.0	-1.0	-1.0	20.0	11.0	-1.0	-1.0	9.0	3.0	38.0	9.0	-1.0	30.0	24.0	-1.0	24.0	40.0	-1.0	0.0	12.0	0.0	38.0	12.0	-1.0	-1.0	-1.0	36.0	33.0	
-1.0	-1.0	12.0	-1.0	-1.0	-1.0	-1.0	-1.0	35.0	-1.0	11.0	18.0	1.0	-1.0	-1.0	-1.0	32.0	52.0	-1.0	18.0	16.0	-1.0	-1.0	-1.0	-1.0	-1.0	11.0	29.0	8.0	-1.0	-1.0	-1.0	-1.0	-1.0	-1.0	24.0	21.0	-1.0	-1.0	48.0	-1.0	-1.0	0.0	38.0	12.0	-1.0	-1.0	-1.0	36.0	-1.0	
-1.0	-1.0	12.0	-1.0	-1.0	-1.0	46.0	-1.0	35.0	51.0	-1.0	18.0	1.0	-1.0	-1.0	-1.0	-1.0	52.0	5.0	18.0	16.0	-1.0	36.0	-1.0	-1.0	-1.0	11.0	29.0	-1.0	9.0	-1.0	38.0	9.0	-1.0	30.0	24.0	21.0	-1.0	-1.0	39.0	0.0	12.0	0.0	38.0	12.0	-1.0	-1.0	-1.0	-1.0	33.0	
-1.0	-1.0	12.0	-1.0	-1.0	29.0	32.0	4.0	35.0	-1.0	-1.0	18.0	-1.0	-1.0	-1.0	8.0	-1.0	-1.0	-1.0	-1.0	16.0	-1.0	-1.0	-1.0	-1.0	-1.0	-1.0	26.0	8.0	-1.0	3.0	38.0	-1.0	0.0	-1.0	24.0	21.0	-1.0	-1.0	36.0	0.0	-1.0	-1.0	38.0	-1.0	-1.0	-1.0	-1.0	36.0	33.0	
-1.0	23.0	12.0	-1.0	-1.0	-1.0	46.0	-1.0	35.0	-1.0	0.0	18.0	-1.0	-1.0	-1.0	2.0	32.0	52.0	6.0	18.0	16.0	-1.0	-1.0	-1.0	-1.0	-1.0	22.0	26.0	8.0	9.0	3.0	-1.0	9.0	-1.0	-1.0	24.0	-1.0	13.0	48.0	39.0	0.0	12.0	0.0	38.0	18.0	31.0	-1.0	-1.0	36.0	-1.0	
-1.0	23.0	-1.0	-1.0	-1.0	-1.0	32.0	4.0	35.0	-1.0	-1.0	18.0	-1.0	-1.0	-1.0	-1.0	-1.0	-1.0	5.0	18.0	16.0	-1.0	-1.0	-1.0	33.0	-1.0	-1.0	-1.0	-1.0	12.0	-1.0	38.0	-1.0	-1.0	35.0	24.0	21.0	13.0	40.0	36.0	0.0	-1.0	0.0	-1.0	23.0	-1.0	-1.0	8.0	36.0	-1.0	
-1.0	-1.0	-1.0	-1.0	-1.0	-1.0	-1.0	-1.0	-1.0	-1.0	-1.0	-1.0	-1.0	-1.0	-1.0	-1.0	-1.0	-1.0	-1.0	-1.0	-1.0	-1.0	-1.0	-1.0	-1.0	-1.0	-1.0	-1.0	-1.0	-1.0	-1.0	-1.0	-1.0	-1.0	-1.0	-1.0	-1.0	-1.0	-1.0	-1.0	-1.0	-1.0	-1.0	-1.0	-1.0	-1.0	-1.0	-1.0	-1.0	-1.0	
-1.0	-1.0	12.0	-1.0	-1.0	-1.0	32.0	-1.0	35.0	-1.0	-1.0	18.0	-1.0	7.0	34.0	-1.0	32.0	52.0	5.0	-1.0	16.0	-1.0	-1.0	-1.0	-1.0	-1.0	11.0	-1.0	-1.0	9.0	-1.0	38.0	9.0	-1.0	-1.0	24.0	21.0	-1.0	40.0	-1.0	-1.0	12.0	-1.0	-1.0	-1.0	-1.0	6.0	8.0	36.0	-1.0	
-1.0	-1.0	12.0	-1.0	-1.0	-1.0	32.0	-1.0	-1.0	-1.0	0.0	18.0	1.0	-1.0	19.0	-1.0	-1.0	52.0	-1.0	18.0	-1.0	-1.0	-1.0	-1.0	-1.0	-1.0	-1.0	26.0	-1.0	-1.0	-1.0	38.0	9.0	-1.0	30.0	24.0	21.0	-1.0	40.0	36.0	-1.0	-1.0	-1.0	38.0	-1.0	-1.0	-1.0	-1.0	36.0	-1.0	

distances_centre_w :
-1.0	-1.0	15.0	-1.0	-1.0	-1.0	57.0	-1.0	41.0	-1.0	-1.0	32.0	-1.0	-1.0	34.0	-1.0	34.0	63.0	-1.0	21.0	50.0	-1.0	-1.0	-1.0	-1.0	-1.0	20.0	38.0	21.0	40.0	22.0	51.0	13.0	-1.0	52.0	49.0	43.0	-1.0	-1.0	50.0	-1.0	27.0	31.0	44.0	-1.0	-1.0	29.0	-1.0	-1.0	40.0	
-1.0	-1.0	15.0	-1.0	-1.0	-1.0	52.0	-1.0	41.0	-1.0	-1.0	55.0	-1.0	38.0	-1.0	-1.0	-1.0	63.0	-1.0	-1.0	50.0	-1.0	-1.0	25.0	-1.0	-1.0	20.0	30.0	-1.0	-1.0	-1.0	51.0	13.0	-1.0	43.0	49.0	43.0	-1.0	61.0	48.0	11.0	27.0	-1.0	44.0	23.0	-1.0	-1.0	-1.0	45.0	40.0	
-1.0	-1.0	15.0	-1.0	-1.0	58.0	46.0	-1.0	53.0	-1.0	-1.0	-1.0	32.0	-1.0	-1.0	-1.0	-1.0	63.0	-1.0	21.0	-1.0	-1.0	-1.0	-1.0	-1.0	-1.0	-1.0	-1.0	-1.0	-1.0	22.0	51.0	13.0	-1.0	35.0	49.0	43.0	-1.0	-1.0	39.0	11.0	-1.0	-1.0	44.0	-1.0	-1.0	-1.0	-1.0	45.0	40.0	
-1.0	-1.0	15.0	35.0	-1.0	39.0	46.0	-1.0	41.0	-1.0	-1.0	30.0	-1.0	-1.0	-1.0	29.0	34.0	-1.0	26.0	21.0	50.0	-1.0	45.0	25.0	-1.0	-1.0	-1.0	30.0	-1.0	-1.0	29.0	51.0	13.0	26.0	-1.0	49.0	43.0	-1.0	-1.0	50.0	-1.0	24.0	-1.0	-1.0	18.0	-1.0	-1.0	29.0	45.0	40.0	
-1.0	-1.0	-1.0	-1.0	-1.0	-1.0	-1.0	-1.0	-1.0	-1.0	-1.0	-1.0	-1.0	-1.0	-1.0	-1.0	-1.0	-1.0	-1.0	-1.0	-1.0	-1.0	-1.0	-1.0	-1.0	-1.0	-1.0	-1.0	-1.0	-1.0	-1.0	-1.0	-1.0	-1.0	-1.0	-1.0	-1.0	-1.0	-1.0	-1.0	-1.0	-1.0	-1.0	-1.0	-1.0	-1.0	-1.0	-1.0	-1.0	-1.0	
-1.0	-1.0	15.0	35.0	-1.0	-1.0	46.0	-1.0	41.0	-1.0	-1.0	30.0	-1.0	38.0	34.0	-1.0	-1.0	63.0	6.0	21.0	50.0	26.0	-1.0	-1.0	-1.0	-1.0	-1.0	-1.0	-1.0	12.0	-1.0	51.0	13.0	26.0	31.0	49.0	43.0	33.0	-1.0	41.0	-1.0	27.0	-1.0	-1.0	18.0	-1.0	-1.0	-1.0	-1.0	-1.0	
33.0	-1.0	15.0	-1.0	-1.0	-1.0	52.0	-1.0	41.0	-1.0	-1.0	30.0	52.0	38.0	-1.0	-1.0	-1.0	63.0	-1.0	56.0	25.0	-1.0	45.0	-1.0	-1.0	-1.0	20.0	-1.0	-1.0	-1.0	22.0	51.0	-1.0	-1.0	35.0	-1.0	43.0	-1.0	-1.0	-1.0	11.0	-1.0	-1.0	44.0	23.0	-1.0	-1.0	-1.0	45.0	40.0	
-1.0	-1.0	15.0	-1.0	-1.0	39.0	52.0	-1.0	41.0	-1.0	11.0	30.0	-1.0	38.0	55.0	-1.0	34.0	63.0	-1.0	21.0	50.0	-1.0	-1.0	25.0	-1.0	-1.0	-1.0	-1.0	21.0	-1.0	-1.0	51.0	13.0	-1.0	31.0	49.0	43.0	24.0	49.0	-1.0	-1.0	27.0	-1.0	44.0	23.0	-1.0	24.0	-1.0	-1.0	40.0	
-1.0	-1.0	15.0	-1.0	26.0	-1.0	46.0	-1.0	-1.0	-1.0	-1.0	30.0	-1.0	-1.0	34.0	8.0	-1.0	63.0	-1.0	-1.0	50.0	26.0	-1.0	-1.0	-1.0	31.0	-1.0	30.0	-1.0	-1.0	22.0	51.0	13.0	-1.0	-1.0	49.0	43.0	-1.0	48.0	41.0	11.0	-1.0	31.0	-1.0	23.0	-1.0	-1.0	-1.0	45.0	-1.0	
-1.0	-1.0	63.0	-1.0	-1.0	-1.0	-1.0	-1.0	-1.0	-1.0	-1.0	-1.0	-1.0	-1.0	-1.0	-1.0	-1.0	-1.0	-1.0	56.0	-1.0	-1.0	-1.0	-1.0	-1.0	-1.0	-1.0	-1.0	-1.0	-1.0	-1.0	-1.0	-1.0	-1.0	-1.0	-1.0	-1.0	-1.0	-1.0	-1.0	-1.0	-1.0	-1.0	-1.0	-1.0	-1.0	-1.0	-1.0	-1.0	-1.0	
33.0	-1.0	15.0	-1.0	-1.0	39.0	52.0	48.0	41.0	-1.0	11.0	32.0	32.0	-1.0	-1.0	-1.0	-1.0	63.0	6.0	21.0	25.0	26.0	-1.0	-1.0	-1.0	-1.0	31.0	49.0	21.0	-1.0	-1.0	51.0	13.0	-1.0	35.0	49.0	43.0	-1.0	48.0	50.0	11.0	-1.0	-1.0	-1.0	47.0	-1.0	-1.0	-1.0	-1.0	40.0	
-1.0	-1.0	15.0	-1.0	26.0	-1.0	46.0	27.0	41.0	-1.0	25.0	55.0	32.0	38.0	-1.0	-1.0	34.0	63.0	-1.0	21.0	50.0	-1.0	-1.0	-1.0	-1.0	31.0	20.0	-1.0	-1.0	18.0	50.0	51.0	13.0	-1.0	35.0	49.0	-1.0	53.0	48.0	-1.0	11.0	27.0	31.0	44.0	18.0	-1.0	-1.0	-1.0	45.0	40.0	
-1.0	-1.0	15.0	-1.0	-1.0	-1.0	-1.0	-1.0	41.0	-1.0	52.0	30.0	32.0	-1.0	-1.0	-1.0	34.0	63.0	-1.0	21.0	50.0	-1.0	-1.0	-1.0	-1.0	-1.0	22.0	30.0	8.0	-1.0	-1.0	-1.0	-1.0	-1.0	-1.0	49.0	43.0	-1.0	-1.0	50.0	-1.0	-1.0	31.0	44.0	23.0	-1.0	-1.0	-1.0	45.0	-1.0	
-1.0	-1.0	15.0	-1.0	-1.0	-1.0	52.0	-1.0	41.0	62.0	-1.0	32.0	32.0	-1.0	-1.0	-1.0	-1.0	63.0	26.0	21.0	50.0	-1.0	45.0	-1.0	-1.0	-1.0	20.0	30.0	-1.0	18.0	-1.0	51.0	13.0	-1.0	35.0	49.0	56.0	-1.0	-1.0	50.0	11.0	27.0	31.0	44.0	18.0	-1.0	-1.0	-1.0	-1.0	40.0	
-1.0	-1.0	15.0	-1.0	-1.0	39.0	46.0	27.0	41.0	-1.0	-1.0	30.0	-1.0	-1.0	-1.0	29.0	-1.0	-1.0	-1.0	-1.0	50.0	-1.0	-1.0	-1.0	-1.0	-1.0	-1.0	30.0	21.0	-1.0	22.0	51.0	-1.0	26.0	-1.0	49.0	43.0	-1.0	-1.0	41.0	11.0	-1.0	-1.0	44.0	-1.0	-1.0	-1.0	-1.0	45.0	40.0	
-1.0	40.0	15.0	-1.0	-1.0	-1.0	57.0	-1.0	44.0	-1.0	11.0	30.0	-1.0	-1.0	-1.0	29.0	34.0	63.0	26.0	21.0	25.0	-1.0	-1.0	-1.0	-1.0	-1.0	46.0	38.0	21.0	12.0	29.0	-1.0	13.0	-1.0	-1.0	49.0	-1.0	53.0	61.0	41.0	11.0	27.0	31.0	44.0	23.0	42.0	-1.0	-1.0	45.0	-1.0	
-1.0	40.0	-1.0	-1.0	-1.0	-1.0	46.0	27.0	44.0	-1.0	-1.0	30.0	-1.0	-1.0	-1.0	-1.0	-1.0	-1.0	26.0	21.0	27.0	-1.0	-1.0	-1.0	43.0	-1.0	-1.0	-1.0	-1.0	18.0	-1.0	51.0	-1.0	-1.0	43.0	49.0	43.0	24.0	48.0	39.0	29.0	-1.0	31.0	-1.0	49.0	-1.0	-1.0	29.0	45.0	-1.0	
-1.0	-1.0	-1.0	-1.0	-1.0	-1.0	-1.0	-1.0	-1.0	-1.0	-1.0	-1.0	-1.0	-1.0	-1.0	-1.0	-1.0	-1.0	-1.0	-1.0	-1.0	-1.0	-1.0	-1.0	-1.0	-1.0	-1.0	-1.0	-1.0	-1.0	-1.0	-1.0	-1.0	-1.0	-1.0	-1.0	-1.0	-1.0	-1.0	-1.0	-1.0	-1.0	-1.0	-1.0	-1.0	-1.0	-1.0	-1.0	-1.0	-1.0	
-1.0	-1.0	15.0	-1.0	-1.0	-1.0	46.0	-1.0	41.0	-1.0	-1.0	30.0	-1.0	38.0	55.0	-1.0	34.0	63.0	6.0	-1.0	50.0	-1.0	-1.0	-1.0	-1.0	-1.0	20.0	-1.0	-1.0	12.0	-1.0	51.0	13.0	-1.0	-1.0	49.0	43.0	-1.0	49.0	-1.0	-1.0	27.0	-1.0	-1.0	-1.0	-1.0	24.0	29.0	45.0	-1.0	
-1.0	-1.0	45.0	-1.0	-1.0	-1.0	52.0	-1.0	-1.0	-1.0	11.0	32.0	40.0	-1.0	34.0	-1.0	-1.0	63.0	-1.0	25.0	-1.0	-1.0	-1.0	-1.0	-1.0	-1.0	-1.0	38.0	-1.0	-1.0	-1.0	51.0	13.0	-1.0	43.0	49.0	43.0	-1.0	49.0	39.0	-1.0	-1.0	-1.0	46.0	-1.0	-1.0	-1.0	-1.0	45.0	-1.0	

maxX :
52.0	52.0	52.0	38.0	nan	52.0	52.0	52.0	52.0	38.0	52.0	52.0	52.0	52.0	38.0	52.0	40.0	nan	52.0	52.0	

maxW :
63.0	63.0	63.0	51.0	nan	63.0	63.0	63.0	63.0	63.0	63.0	63.0	63.0	63.0	51.0	63.0	51.0	nan	63.0	63.0	

minX :
0.0	0.0	0.0	0.0	nan	0.0	0.0	0.0	0.0	0.0	0.0	0.0	0.0	0.0	0.0	0.0	0.0	nan	5.0	0.0	

minW :
13.0	11.0	11.0	13.0	nan	6.0	11.0	11.0	8.0	56.0	6.0	11.0	8.0	11.0	11.0	11.0	18.0	nan	6.0	11.0	

moyX :
21.8	24.347826086956523	24.833333333333332	20.03846153846154	nan	20.217391304347824	22.047619047619047	21.615384615384617	20.181818181818183	24.9	21.37037037037037	19.5	22.210526315789473	22.884615384615383	20.85	20.551724137931036	21.363636363636363	nan	21.761904761904763	25.0	

moyW :
36.68	38.56521739130435	37.77777777777778	33.96153846153846	nan	32.56521739130435	37.333333333333336	35.11538461538461	33.45454545454545	59.5	34.51851851851852	35.233333333333334	35.94736842105263	35.84615384615385	35.0	33.827586206896555	36.45454545454545	nan	35.23809523809524	39.888888888888886	

medX :
19.0	24.0	29.5	19.5	nan	18.0	21.0	18.5	18.5	31.0	21.0	17.0	18.0	19.5	22.5	18.0	22.0	nan	18.0	25.0	

medW :
38.0	43.0	41.5	32.0	nan	33.0	40.0	36.0	31.0	59.5	35.0	34.5	34.0	33.5	39.5	31.0	39.5	nan	38.0	43.0	

ecartTypeX :
13.047605144240073	14.77250293958979	14.411607975671709	12.476071772152697	nan	12.430525266942595	14.31774187594901	13.817705818363635	14.040967214924281	13.780058055030104	14.192194380866802	13.872634933566154	14.475310913371816	15.475357391366847	13.293889573785394	15.052978183727038	12.712003827969612	nan	13.574853369039744	13.715360407627323	

ecartTypeW :
13.304796127712743	14.890399845586307	15.259079466758129	11.175112352664494	nan	14.144675098721539	13.80591085742533	13.89611711975389	14.531243057405256	3.5	14.970020337872748	13.855644658004508	13.94905650161754	15.23076923076923	11.679041056525147	14.839530073229831	10.07574618363448	nan	15.601906971065649	12.823107999445066	

varX :
170.24	218.22684310018897	207.69444444444443	155.6523668639053	nan	154.5179584120983	204.99773242630386	190.92899408284026	197.1487603305785	189.89000000000001	201.41838134430725	192.45	209.5346260387812	239.48668639053253	176.72750000000002	226.59215219976218	161.59504132231407	nan	184.2766439909297	188.11111111111111	

varW :
177.01760000000002	221.7240075614367	232.83950617283952	124.88313609467455	nan	200.07183364839318	190.6031746031746	193.10207100591717	211.15702479338844	12.25	224.10150891632372	191.97888888888886	194.57617728531855	231.97633136094674	136.4	220.21165279429255	101.52066115702479	nan	243.4195011337869	164.43209876543204	

covarX :
177.3333333333333	228.14624505928847	219.91176470588232	161.87846153846152	nan	161.5415019762846	215.24761904761905	198.56615384615384	206.53679653679646	210.98888888888888	209.16524216524215	199.08620689655172	221.17543859649126	249.0661538461538	186.02894736842106	234.6847290640394	169.2900432900433	nan	193.49047619047622	199.1764705882353	

covarW :
184.39333333333332	231.80237154150197	246.5359477124183	129.87846153846155	nan	209.16600790513831	200.13333333333333	200.82615384615394	221.21212121212122	24.5	232.72079772079775	198.5988505747126	205.38596491228068	241.25538461538463	143.57894736842104	228.076354679803	106.35497835497836	nan	255.59047619047624	174.10457516339866	

coef_variationX :
0.5985139974422051	0.6067277993045807	0.5803332070740286	0.6226062688598274	nan	0.6148431852466231	0.6494008194274928	0.6392532940879972	0.6957236007394914	0.5534159861457874	0.6641061495379613	0.7114171760803156	0.6517320079480202	0.6762341044967026	0.6375966222439038	0.7324435693424229	0.5950299664155989	nan	0.6237897609405572	0.5486144163050929	

coef_variationW :
0.36272617578279015	0.3861095788596224	0.40391680941418573	0.3290520058542207	nan	0.4343491685855746	0.3698011836810356	0.3957273221397603	0.4343578087811354	0.058823529411764705	0.43368084669803025	0.3932538691959652	0.3880411032660809	0.4248927038626609	0.3336868873292899	0.43868131714950565	0.27639203995007305	nan	0.4427568194491603	0.32147067408079555	

moy_distances_centre :	39.6
min_distances_centre :	11.0
max_distances_centre :	76.0
med_distances_centre :	34.5
ecartType_distances_centre :	18.183509012289132
var_distances_centre :	330.64000000000004
covar_distances_centre :	348.0421052631579
coef_variation_distances_centre :	0.45917952051235184
capacite_X_temoin : 
157.0	157.0	148.0	163.0	169.0	
154.0	154.0	174.0	141.0	157.0	
141.0	141.0	162.0	165.0	175.0	
150.0	156.0	139.0	162.0	154.0	
141.0	145.0	0.0	174.0	0.0	
166.0	168.0	148.0	159.0	169.0	
163.0	148.0	160.0	150.0	166.0	
160.0	157.0	162.0	148.0	157.0	
154.0	168.0	168.0	154.0	171.0	
144.0	157.0	157.0	0.0	175.0	
147.0	139.0	175.0	156.0	148.0	
163.0	154.0	171.0	136.0	145.0	
153.0	145.0	175.0	165.0	166.0	
153.0	165.0	135.0	157.0	178.0	
148.0	166.0	142.0	172.0	141.0	
138.0	166.0	168.0	145.0	159.0	
142.0	166.0	141.0	153.0	141.0	
175.0	162.0	163.0	178.0	0.0	
162.0	166.0	175.0	144.0	144.0	
177.0	157.0	154.0	171.0	177.0	

capacite_W_temoin : 
101.1	157.1	153.4	191.9	130.7	
135.2	184.2	196.2	142.3	100.1	
166.3	153.3	161.6	176.5	132.5	
135.0	152.8	98.69999999999999	176.6	113.19999999999999	
63.3	134.5	0.0	204.2	0.0	
159.8	198.4	133.4	165.7	140.7	
170.9	187.4	188.0	124.0	102.8	
135.0	151.1	152.6	169.4	120.1	
163.2	207.4	166.4	117.19999999999999	142.3	
74.19999999999999	164.1	166.1	0.0	109.5	
131.1	149.7	174.5	116.8	96.4	
143.9	166.2	179.3	112.8	65.5	
145.9	159.5	189.5	199.5	122.8	
121.9	198.5	147.5	142.1	132.4	
148.4	203.8	116.6	190.6	81.3	
82.4	182.8	185.4	135.5	119.69999999999999	
165.6	179.8	160.3	157.9	77.3	
80.5	188.6	144.9	142.4	0.0	
138.6	184.8	187.5	174.2	107.19999999999999	
207.1	182.1	163.2	214.3	143.1	

demande_cumulee_X : 
103.0	47.0	39.0	20.0	89.0	
65.0	16.0	30.0	41.0	104.0	
17.0	30.0	49.0	38.0	95.0	
60.0	50.0	82.0	34.0	87.0	
120.0	54.0	0.0	22.0	0.0	
56.0	20.0	59.0	41.0	79.0	
41.0	5.0	20.0	71.0	113.0	
73.0	53.0	58.0	23.0	84.0	
37.0	11.0	52.0	83.0	80.0	
113.0	40.0	38.0	0.0	118.0	
60.0	31.0	53.0	86.0	96.0	
68.0	34.0	43.0	64.0	123.0	
53.0	29.0	38.0	15.0	93.0	
77.0	16.0	28.0	62.0	99.0	
44.0	12.0	68.0	33.0	102.0	
97.0	33.0	33.0	53.0	87.0	
19.0	36.0	23.0	41.0	106.0	
147.0	22.0	67.0	89.0	0.0	
72.0	31.0	40.0	13.0	80.0	
23.0	22.0	37.0	8.0	87.0	

demande_cumulee_W : 
101.0	105.0	24.0	67.0	1.0	
100.0	95.0	25.0	36.0	0.0	
95.0	45.0	0.0	89.0	0.0	
85.0	121.0	24.0	83.0	0.0	
31.0	0.0	0.0	165.0	0.0	
122.0	73.0	19.0	35.0	6.0	
119.0	82.0	0.0	15.0	34.0	
104.0	107.0	31.0	49.0	0.0	
146.0	58.0	19.0	34.0	6.0	
68.0	148.0	56.0	0.0	37.0	
127.0	106.0	6.0	52.0	35.0	
143.0	101.0	18.0	62.0	8.0	
82.0	38.0	19.0	89.0	0.0	
104.0	113.0	16.0	49.0	0.0	
114.0	108.0	16.0	15.0	6.0	
82.0	100.0	24.0	70.0	27.0	
92.0	88.0	2.0	39.0	4.0	
76.0	114.0	37.0	98.0	0.0	
83.0	76.0	31.0	46.0	0.0	
59.0	40.0	0.0	78.0	0.0	

capacite_residuelle_X : 
54.0	110.0	109.0	143.0	80.0	
89.0	138.0	144.0	100.0	53.0	
124.0	111.0	113.0	127.0	80.0	
90.0	106.0	57.0	128.0	67.0	
21.0	91.0	0.0	152.0	0.0	
110.0	148.0	89.0	118.0	90.0	
122.0	143.0	140.0	79.0	53.0	
87.0	104.0	104.0	125.0	73.0	
117.0	157.0	116.0	71.0	91.0	
31.0	117.0	119.0	0.0	57.0	
87.0	108.0	122.0	70.0	52.0	
95.0	120.0	128.0	72.0	22.0	
100.0	116.0	137.0	150.0	73.0	
76.0	149.0	107.0	95.0	79.0	
104.0	154.0	74.0	139.0	39.0	
41.0	133.0	135.0	92.0	72.0	
123.0	130.0	118.0	112.0	35.0	
28.0	140.0	96.0	89.0	0.0	
90.0	135.0	135.0	131.0	64.0	
154.0	135.0	117.0	163.0	90.0	

capacite_residuelle_W : 
0.09999999999999432	52.099999999999994	129.4	124.9	129.7	
35.19999999999999	89.19999999999999	171.2	106.30000000000001	100.1	
71.30000000000001	108.30000000000001	161.6	87.5	132.5	
50.0	31.80000000000001	74.69999999999999	93.6	113.19999999999999	
32.3	134.5	0.0	39.19999999999999	0.0	
37.80000000000001	125.4	114.4	130.7	134.7	
51.900000000000006	105.4	188.0	109.0	68.8	
31.0	44.099999999999994	121.6	120.4	120.1	
17.19999999999999	149.4	147.4	83.19999999999999	136.3	
6.199999999999989	16.099999999999994	110.1	0.0	72.5	
4.099999999999994	43.69999999999999	168.5	64.8	61.400000000000006	
0.9000000000000057	65.19999999999999	161.3	50.8	57.5	
63.900000000000006	121.5	170.5	110.5	122.8	
17.900000000000006	85.5	131.5	93.1	132.4	
34.400000000000006	95.80000000000001	100.6	175.6	75.3	
0.4000000000000057	82.80000000000001	161.4	65.5	92.69999999999999	
73.6	91.80000000000001	158.3	118.9	73.3	
4.5	74.6	107.9	44.400000000000006	0.0	
55.599999999999994	108.80000000000001	156.5	128.2	107.19999999999999	
148.1	142.1	163.2	136.3	143.1	

min_capacite_X : 
148.0	141.0	141.0	139.0	0.0	148.0	148.0	148.0	154.0	0.0	139.0	136.0	145.0	135.0	141.0	138.0	141.0	0.0	144.0	154.0	

min_capacite_W : 
101.1	100.1	132.5	98.69999999999999	0.0	133.4	102.8	120.1	117.19999999999999	0.0	96.4	65.5	122.8	121.9	81.3	82.4	77.3	0.0	107.19999999999999	143.1	

max_capacite_X : 
169.0	174.0	175.0	162.0	174.0	169.0	166.0	162.0	171.0	175.0	175.0	171.0	175.0	178.0	172.0	168.0	166.0	178.0	175.0	177.0	

max_capacite_W : 
191.9	196.2	176.5	176.6	204.2	198.4	188.0	169.4	207.4	166.1	174.5	179.3	199.5	198.5	203.8	185.4	179.8	188.6	187.5	214.3	

moy_capacite_X : 
158.8	156.0	156.8	152.2	92.0	162.0	157.4	156.8	163.0	126.6	153.0	153.8	160.8	157.6	153.8	155.2	148.6	135.6	158.2	167.2	

moy_capacite_W : 
146.84	151.59999999999997	158.04000000000002	135.26	80.4	159.6	154.61999999999998	145.64000000000001	159.3	102.78	133.7	133.54000000000002	163.44	148.48	148.14000000000001	141.16	148.18	111.28	158.45999999999998	181.96	

med_capacite_X : 
157.0	154.0	162.0	154.0	141.0	166.0	160.0	157.0	168.0	157.0	148.0	154.0	165.0	157.0	148.0	159.0	142.0	163.0	162.0	171.0	

med_capacite_W : 
153.4	142.3	161.6	135.0	63.3	159.8	170.9	151.1	163.2	109.5	131.1	143.9	159.5	142.1	148.4	135.5	160.3	142.4	174.2	182.1	

ecartType_capacite_X : 
6.99714227381436	10.564090116995406	13.6	7.652450587883597	75.9763120979164	7.8230428862431785	7.144228439796701	4.791659420284375	7.429670248402684	64.06434265642628	12.24744871391589	12.448293055676348	10.552724766618335	14.164744967700619	12.781236246936366	11.7881296226331	9.810198774744578	68.09581484937235	12.33531515608742	9.846826900072937	

ecartType_capacite_W : 
30.104325270631794	34.81269883246629	14.808321984613922	27.712784053573547	79.33975044074691	22.743526551526703	34.86169244313879	16.7826815497405	29.801476473490375	61.960096836593145	26.848836101402977	40.810714279463426	28.121991394636336	26.490481309330715	45.52650217181197	39.08035823786676	36.245352805566675	65.4336121576671	31.006038121630443	26.608088995641914	

var_capacite_X : 
48.959999999999994	111.6	184.95999999999998	58.56	5772.4	61.2	51.040000000000006	22.96	55.2	4104.24	150.0	154.96	111.35999999999999	200.64000000000001	163.36	138.95999999999998	96.24000000000002	4637.039999999999	152.16	96.96000000000001	

var_capacite_W : 
906.2704000000001	1211.9239999999998	219.28640000000001	767.9984000000002	6294.795999999999	517.268	1215.3376000000003	281.6584000000001	888.1280000000003	3839.0536	720.8599999999999	1665.5144	790.8464	701.7455999999999	2072.6624	1527.2744000000005	1313.7256000000002	4281.5576	961.3744000000003	707.9904000000002	

covar_capacite_X : 
61.199999999999996	139.5	231.2	73.2	7215.5	76.5	63.80000000000001	28.7	69.0	5130.3	187.5	193.70000000000002	139.2	250.8	204.20000000000002	173.7	120.30000000000003	5796.299999999999	190.2	121.20000000000002	

covar_capacite_W : 
1132.8380000000002	1514.9049999999997	274.108	959.9980000000003	7868.494999999999	646.585	1519.1720000000003	352.0730000000001	1110.1600000000003	4798.817	901.0749999999998	2081.893	988.558	877.1819999999998	2590.8280000000004	1909.0930000000005	1642.1570000000002	5351.947	1201.7180000000003	884.9880000000003	

##########	##########	##########	##########	##########	##########	##########	##########	##########	##########	##########	##########	##########	##########	##########	##########	##########	##########	##########	##########	##########	##########	##########	##########	##########	##########	##########	##########	##########	##########	##########	##########	##########	##########	##########	##########	##########	##########	##########	##########	##########	##########	##########	##########	##########	##########	##########	##########	##########	##########	nombre de noeuds : 50
nombre de strates : 20
nombre de centres : 5
titre : fenetre
instances : p4_5
temps de calcul : 0.1195371150970459
valeur objective : 2214.0
nombre de solutions : 3
nombre de noeuds : 1.0
faisability : True
moy_distances :	47.09
min_distances :	1.0
max_distances :	122.0
var_distances :	566.1320489795919
covar_distances :	566.3632176398529
ecartType_distances :	23.793529561197765
coef_variation	: 0.5052624284928539
distances_centre_x :
-1.0	-1.0	12.0	-1.0	-1.0	-1.0	32.0	-1.0	35.0	-1.0	-1.0	32.0	-1.0	-1.0	19.0	-1.0	18.0	37.0	-1.0	14.0	16.0	-1.0	-1.0	-1.0	-1.0	-1.0	11.0	29.0	8.0	12.0	28.0	38.0	9.0	-1.0	30.0	24.0	21.0	-1.0	-1.0	39.0	-1.0	24.0	0.0	38.0	-1.0	-1.0	24.0	-1.0	-1.0	15.0	
-1.0	-1.0	12.0	-1.0	-1.0	-1.0	32.0	-1.0	35.0	-1.0	-1.0	18.0	-1.0	7.0	-1.0	-1.0	-1.0	37.0	-1.0	-1.0	16.0	-1.0	-1.0	26.0	-1.0	-1.0	11.0	26.0	-1.0	-1.0	-1.0	38.0	9.0	-1.0	31.0	24.0	21.0	-1.0	40.0	39.0	0.0	12.0	-1.0	38.0	9.0	-1.0	-1.0	-1.0	36.0	15.0	
-1.0	-1.0	12.0	-1.0	-1.0	29.0	32.0	-1.0	35.0	-1.0	-1.0	-1.0	1.0	-1.0	-1.0	-1.0	-1.0	37.0	-1.0	14.0	-1.0	-1.0	-1.0	-1.0	-1.0	-1.0	-1.0	-1.0	-1.0	-1.0	22.0	38.0	9.0	-1.0	30.0	24.0	21.0	-1.0	-1.0	39.0	0.0	-1.0	-1.0	38.0	-1.0	-1.0	-1.0	-1.0	36.0	15.0	
-1.0	-1.0	12.0	27.0	-1.0	29.0	32.0	-1.0	35.0	-1.0	-1.0	18.0	-1.0	-1.0	-1.0	2.0	18.0	-1.0	6.0	14.0	16.0	-1.0	19.0	25.0	-1.0	-1.0	-1.0	26.0	-1.0	-1.0	26.0	38.0	9.0	0.0	-1.0	24.0	21.0	-1.0	-1.0	39.0	-1.0	12.0	-1.0	-1.0	12.0	-1.0	-1.0	8.0	36.0	15.0	
-1.0	-1.0	-1.0	-1.0	-1.0	-1.0	-1.0	-1.0	-1.0	-1.0	-1.0	-1.0	-1.0	-1.0	-1.0	-1.0	-1.0	-1.0	-1.0	-1.0	-1.0	-1.0	-1.0	-1.0	-1.0	-1.0	-1.0	-1.0	-1.0	-1.0	-1.0	-1.0	-1.0	-1.0	-1.0	-1.0	-1.0	-1.0	-1.0	-1.0	-1.0	-1.0	-1.0	-1.0	-1.0	-1.0	-1.0	-1.0	-1.0	-1.0	
-1.0	-1.0	12.0	27.0	-1.0	-1.0	32.0	-1.0	35.0	-1.0	-1.0	18.0	-1.0	-1.0	19.0	-1.0	-1.0	52.0	5.0	21.0	-1.0	17.0	-1.0	-1.0	-1.0	-1.0	-1.0	-1.0	-1.0	-1.0	-1.0	38.0	-1.0	0.0	43.0	24.0	21.0	24.0	-1.0	-1.0	-1.0	24.0	-1.0	-1.0	12.0	-1.0	-1.0	-1.0	-1.0	-1.0	
10.0	-1.0	12.0	-1.0	-1.0	-1.0	32.0	-1.0	35.0	-1.0	-1.0	18.0	1.0	7.0	-1.0	-1.0	-1.0	37.0	-1.0	14.0	16.0	-1.0	19.0	-1.0	-1.0	-1.0	11.0	-1.0	-1.0	-1.0	26.0	38.0	-1.0	-1.0	31.0	-1.0	21.0	-1.0	-1.0	-1.0	0.0	-1.0	-1.0	38.0	9.0	-1.0	-1.0	-1.0	36.0	15.0	
-1.0	-1.0	12.0	-1.0	-1.0	29.0	32.0	-1.0	35.0	-1.0	11.0	18.0	-1.0	7.0	19.0	-1.0	18.0	37.0	-1.0	14.0	16.0	-1.0	-1.0	25.0	-1.0	-1.0	-1.0	-1.0	8.0	-1.0	-1.0	38.0	9.0	-1.0	31.0	24.0	21.0	33.0	40.0	-1.0	-1.0	12.0	-1.0	38.0	9.0	-1.0	24.0	-1.0	-1.0	15.0	
-1.0	-1.0	12.0	-1.0	8.0	-1.0	32.0	-1.0	-1.0	-1.0	-1.0	30.0	-1.0	-1.0	19.0	2.0	-1.0	37.0	-1.0	-1.0	16.0	0.0	-1.0	-1.0	-1.0	8.0	-1.0	26.0	-1.0	-1.0	22.0	38.0	9.0	-1.0	-1.0	24.0	21.0	-1.0	40.0	39.0	0.0	-1.0	0.0	-1.0	9.0	-1.0	-1.0	-1.0	36.0	-1.0	
-1.0	-1.0	-1.0	-1.0	-1.0	-1.0	32.0	-1.0	35.0	-1.0	-1.0	18.0	1.0	-1.0	-1.0	-1.0	-1.0	-1.0	-1.0	-1.0	-1.0	-1.0	-1.0	-1.0	-1.0	-1.0	-1.0	-1.0	-1.0	-1.0	-1.0	38.0	-1.0	-1.0	30.0	-1.0	21.0	-1.0	40.0	-1.0	-1.0	-1.0	0.0	38.0	-1.0	-1.0	-1.0	-1.0	36.0	-1.0	
10.0	-1.0	12.0	-1.0	-1.0	29.0	32.0	4.0	35.0	-1.0	0.0	18.0	1.0	-1.0	-1.0	-1.0	-1.0	37.0	5.0	14.0	16.0	0.0	-1.0	-1.0	-1.0	-1.0	11.0	29.0	8.0	-1.0	-1.0	38.0	9.0	-1.0	30.0	24.0	21.0	-1.0	40.0	39.0	0.0	-1.0	-1.0	-1.0	9.0	-1.0	-1.0	-1.0	-1.0	15.0	
-1.0	-1.0	12.0	-1.0	8.0	-1.0	32.0	4.0	35.0	-1.0	11.0	18.0	1.0	7.0	-1.0	-1.0	18.0	37.0	-1.0	14.0	16.0	-1.0	-1.0	-1.0	-1.0	8.0	11.0	-1.0	-1.0	12.0	22.0	38.0	9.0	-1.0	30.0	24.0	-1.0	24.0	40.0	-1.0	0.0	12.0	0.0	38.0	9.0	-1.0	-1.0	-1.0	36.0	15.0	
-1.0	-1.0	12.0	-1.0	-1.0	-1.0	-1.0	-1.0	35.0	-1.0	11.0	18.0	1.0	-1.0	-1.0	-1.0	18.0	37.0	-1.0	14.0	16.0	-1.0	-1.0	-1.0	-1.0	-1.0	11.0	38.0	19.0	-1.0	-1.0	-1.0	-1.0	-1.0	-1.0	24.0	21.0	-1.0	-1.0	39.0	-1.0	-1.0	0.0	38.0	18.0	-1.0	-1.0	-1.0	36.0	-1.0	
-1.0	-1.0	12.0	-1.0	-1.0	-1.0	32.0	-1.0	35.0	37.0	-1.0	18.0	1.0	-1.0	-1.0	-1.0	-1.0	37.0	6.0	14.0	16.0	-1.0	19.0	-1.0	-1.0	-1.0	11.0	26.0	-1.0	9.0	-1.0	38.0	9.0	-1.0	30.0	24.0	21.0	-1.0	-1.0	39.0	0.0	12.0	0.0	38.0	12.0	-1.0	-1.0	-1.0	-1.0	15.0	
-1.0	-1.0	12.0	-1.0	-1.0	29.0	32.0	4.0	35.0	-1.0	-1.0	30.0	-1.0	-1.0	-1.0	8.0	-1.0	-1.0	-1.0	-1.0	16.0	-1.0	-1.0	-1.0	-1.0	-1.0	-1.0	26.0	8.0	-1.0	26.0	38.0	-1.0	0.0	-1.0	24.0	21.0	-1.0	-1.0	39.0	0.0	-1.0	-1.0	38.0	-1.0	-1.0	-1.0	-1.0	36.0	15.0	
-1.0	23.0	12.0	-1.0	-1.0	-1.0	32.0	-1.0	35.0	-1.0	26.0	18.0	-1.0	-1.0	-1.0	2.0	18.0	37.0	6.0	14.0	27.0	-1.0	-1.0	-1.0	-1.0	-1.0	11.0	26.0	8.0	9.0	26.0	-1.0	9.0	-1.0	-1.0	24.0	-1.0	24.0	40.0	39.0	0.0	12.0	0.0	38.0	9.0	31.0	-1.0	-1.0	36.0	-1.0	
-1.0	23.0	-1.0	-1.0	-1.0	-1.0	32.0	4.0	35.0	-1.0	-1.0	18.0	-1.0	-1.0	-1.0	-1.0	-1.0	-1.0	5.0	14.0	16.0	-1.0	-1.0	-1.0	33.0	-1.0	-1.0	-1.0	-1.0	12.0	-1.0	38.0	-1.0	-1.0	30.0	24.0	21.0	24.0	40.0	39.0	0.0	-1.0	0.0	-1.0	9.0	-1.0	-1.0	8.0	36.0	-1.0	
-1.0	-1.0	-1.0	-1.0	-1.0	-1.0	-1.0	-1.0	-1.0	-1.0	-1.0	-1.0	-1.0	-1.0	-1.0	-1.0	-1.0	-1.0	-1.0	-1.0	-1.0	-1.0	-1.0	-1.0	-1.0	-1.0	-1.0	-1.0	-1.0	-1.0	-1.0	-1.0	-1.0	-1.0	-1.0	-1.0	-1.0	-1.0	-1.0	-1.0	-1.0	-1.0	-1.0	-1.0	-1.0	-1.0	-1.0	-1.0	-1.0	-1.0	
-1.0	-1.0	12.0	-1.0	-1.0	-1.0	32.0	-1.0	35.0	-1.0	-1.0	18.0	-1.0	7.0	19.0	-1.0	18.0	37.0	5.0	-1.0	16.0	-1.0	-1.0	-1.0	-1.0	-1.0	11.0	-1.0	-1.0	12.0	-1.0	38.0	9.0	-1.0	-1.0	24.0	21.0	-1.0	40.0	-1.0	-1.0	12.0	-1.0	-1.0	-1.0	-1.0	24.0	8.0	36.0	-1.0	
-1.0	-1.0	12.0	-1.0	-1.0	-1.0	32.0	-1.0	-1.0	-1.0	0.0	18.0	1.0	-1.0	19.0	-1.0	-1.0	37.0	-1.0	14.0	-1.0	-1.0	-1.0	-1.0	-1.0	-1.0	-1.0	26.0	-1.0	-1.0	-1.0	38.0	9.0	-1.0	30.0	24.0	21.0	-1.0	40.0	39.0	-1.0	-1.0	-1.0	38.0	-1.0	-1.0	-1.0	-1.0	36.0	-1.0	

distances_centre_w :
-1.0	-1.0	40.0	-1.0	-1.0	-1.0	46.0	-1.0	41.0	-1.0	-1.0	49.0	-1.0	-1.0	55.0	-1.0	34.0	52.0	-1.0	21.0	25.0	-1.0	-1.0	-1.0	-1.0	-1.0	46.0	50.0	19.0	21.0	50.0	51.0	13.0	-1.0	56.0	69.0	43.0	-1.0	-1.0	41.0	-1.0	39.0	31.0	44.0	-1.0	-1.0	29.0	-1.0	-1.0	33.0	
-1.0	-1.0	40.0	-1.0	-1.0	-1.0	46.0	-1.0	41.0	-1.0	-1.0	49.0	-1.0	38.0	-1.0	-1.0	-1.0	63.0	-1.0	-1.0	25.0	-1.0	-1.0	31.0	-1.0	-1.0	46.0	38.0	-1.0	-1.0	-1.0	51.0	13.0	-1.0	56.0	69.0	43.0	-1.0	60.0	62.0	11.0	39.0	-1.0	44.0	12.0	-1.0	-1.0	-1.0	45.0	33.0	
-1.0	-1.0	40.0	-1.0	-1.0	46.0	46.0	-1.0	53.0	-1.0	-1.0	-1.0	32.0	-1.0	-1.0	-1.0	-1.0	52.0	-1.0	21.0	-1.0	-1.0	-1.0	-1.0	-1.0	-1.0	-1.0	-1.0	-1.0	-1.0	28.0	62.0	13.0	-1.0	31.0	69.0	43.0	-1.0	-1.0	48.0	11.0	-1.0	-1.0	44.0	-1.0	-1.0	-1.0	-1.0	45.0	33.0	
-1.0	-1.0	40.0	35.0	-1.0	46.0	46.0	-1.0	41.0	-1.0	-1.0	30.0	-1.0	-1.0	-1.0	19.0	34.0	-1.0	21.0	21.0	25.0	-1.0	36.0	26.0	-1.0	-1.0	-1.0	38.0	-1.0	-1.0	50.0	51.0	13.0	52.0	-1.0	69.0	54.0	-1.0	-1.0	48.0	-1.0	39.0	-1.0	-1.0	49.0	-1.0	-1.0	54.0	45.0	33.0	
-1.0	-1.0	-1.0	-1.0	-1.0	-1.0	-1.0	-1.0	-1.0	-1.0	-1.0	-1.0	-1.0	-1.0	-1.0	-1.0	-1.0	-1.0	-1.0	-1.0	-1.0	-1.0	-1.0	-1.0	-1.0	-1.0	-1.0	-1.0	-1.0	-1.0	-1.0	-1.0	-1.0	-1.0	-1.0	-1.0	-1.0	-1.0	-1.0	-1.0	-1.0	-1.0	-1.0	-1.0	-1.0	-1.0	-1.0	-1.0	-1.0	-1.0	
-1.0	-1.0	-1.0	-1.0	-1.0	-1.0	57.0	-1.0	-1.0	-1.0	-1.0	32.0	-1.0	46.0	-1.0	-1.0	-1.0	-1.0	35.0	-1.0	25.0	-1.0	-1.0	-1.0	-1.0	-1.0	-1.0	-1.0	-1.0	44.0	-1.0	-1.0	13.0	-1.0	52.0	-1.0	-1.0	-1.0	-1.0	41.0	-1.0	52.0	-1.0	-1.0	47.0	-1.0	-1.0	-1.0	-1.0	-1.0	
33.0	-1.0	40.0	-1.0	-1.0	-1.0	46.0	-1.0	41.0	-1.0	-1.0	30.0	40.0	38.0	-1.0	-1.0	-1.0	52.0	-1.0	21.0	25.0	-1.0	36.0	-1.0	-1.0	-1.0	22.0	-1.0	-1.0	-1.0	28.0	51.0	-1.0	-1.0	52.0	-1.0	43.0	-1.0	-1.0	-1.0	11.0	-1.0	-1.0	44.0	12.0	-1.0	-1.0	-1.0	45.0	33.0	
-1.0	-1.0	40.0	-1.0	-1.0	46.0	46.0	-1.0	41.0	-1.0	26.0	30.0	-1.0	38.0	55.0	-1.0	34.0	52.0	-1.0	21.0	25.0	-1.0	-1.0	26.0	-1.0	-1.0	-1.0	-1.0	19.0	-1.0	-1.0	51.0	13.0	-1.0	43.0	69.0	43.0	53.0	61.0	-1.0	-1.0	39.0	-1.0	44.0	12.0	-1.0	29.0	-1.0	-1.0	33.0	
-1.0	-1.0	40.0	-1.0	50.0	-1.0	57.0	-1.0	-1.0	-1.0	-1.0	32.0	-1.0	-1.0	55.0	55.0	-1.0	52.0	-1.0	-1.0	25.0	17.0	-1.0	-1.0	-1.0	20.0	-1.0	29.0	-1.0	-1.0	28.0	51.0	13.0	-1.0	-1.0	69.0	43.0	-1.0	60.0	62.0	11.0	-1.0	31.0	-1.0	18.0	-1.0	-1.0	-1.0	45.0	-1.0	
-1.0	-1.0	-1.0	-1.0	-1.0	-1.0	-1.0	-1.0	-1.0	-1.0	-1.0	-1.0	-1.0	-1.0	-1.0	36.0	-1.0	-1.0	-1.0	-1.0	25.0	-1.0	-1.0	-1.0	-1.0	-1.0	31.0	-1.0	-1.0	-1.0	-1.0	-1.0	-1.0	-1.0	-1.0	-1.0	-1.0	53.0	-1.0	-1.0	-1.0	-1.0	-1.0	-1.0	-1.0	-1.0	-1.0	-1.0	-1.0	-1.0	
33.0	-1.0	40.0	-1.0	-1.0	46.0	46.0	27.0	41.0	-1.0	11.0	30.0	32.0	-1.0	-1.0	-1.0	-1.0	63.0	6.0	21.0	25.0	17.0	-1.0	-1.0	-1.0	-1.0	22.0	50.0	19.0	-1.0	-1.0	51.0	13.0	-1.0	52.0	69.0	54.0	-1.0	48.0	48.0	56.0	-1.0	-1.0	-1.0	47.0	-1.0	-1.0	-1.0	-1.0	33.0	
-1.0	-1.0	40.0	-1.0	56.0	-1.0	57.0	27.0	41.0	-1.0	26.0	49.0	32.0	38.0	-1.0	-1.0	34.0	52.0	-1.0	21.0	25.0	-1.0	-1.0	-1.0	-1.0	20.0	46.0	-1.0	-1.0	21.0	50.0	51.0	13.0	-1.0	31.0	69.0	-1.0	40.0	48.0	-1.0	11.0	39.0	31.0	44.0	12.0	-1.0	-1.0	-1.0	45.0	33.0	
-1.0	-1.0	40.0	-1.0	-1.0	-1.0	-1.0	-1.0	66.0	-1.0	26.0	30.0	32.0	-1.0	-1.0	-1.0	34.0	52.0	-1.0	21.0	25.0	-1.0	-1.0	-1.0	-1.0	-1.0	22.0	50.0	39.0	-1.0	-1.0	-1.0	-1.0	-1.0	-1.0	69.0	43.0	-1.0	-1.0	62.0	-1.0	-1.0	31.0	69.0	47.0	-1.0	-1.0	-1.0	45.0	-1.0	
-1.0	-1.0	40.0	-1.0	-1.0	-1.0	46.0	-1.0	66.0	62.0	-1.0	30.0	40.0	-1.0	-1.0	-1.0	-1.0	52.0	21.0	21.0	25.0	-1.0	36.0	-1.0	-1.0	-1.0	22.0	29.0	-1.0	12.0	-1.0	62.0	13.0	-1.0	31.0	69.0	43.0	-1.0	-1.0	48.0	11.0	39.0	31.0	44.0	47.0	-1.0	-1.0	-1.0	-1.0	33.0	
-1.0	-1.0	40.0	-1.0	-1.0	46.0	46.0	52.0	41.0	-1.0	-1.0	49.0	-1.0	-1.0	-1.0	19.0	-1.0	-1.0	-1.0	-1.0	25.0	-1.0	-1.0	-1.0	-1.0	-1.0	-1.0	50.0	19.0	-1.0	50.0	51.0	-1.0	52.0	-1.0	69.0	43.0	-1.0	-1.0	62.0	11.0	-1.0	-1.0	69.0	-1.0	-1.0	-1.0	-1.0	45.0	33.0	
-1.0	40.0	40.0	-1.0	-1.0	-1.0	46.0	-1.0	41.0	-1.0	52.0	32.0	-1.0	-1.0	-1.0	19.0	34.0	52.0	53.0	21.0	41.0	-1.0	-1.0	-1.0	-1.0	-1.0	34.0	50.0	19.0	12.0	28.0	-1.0	13.0	-1.0	-1.0	69.0	-1.0	53.0	61.0	62.0	11.0	39.0	31.0	44.0	12.0	63.0	-1.0	-1.0	45.0	-1.0	
-1.0	40.0	-1.0	-1.0	-1.0	-1.0	46.0	27.0	41.0	-1.0	-1.0	30.0	-1.0	-1.0	-1.0	-1.0	-1.0	-1.0	6.0	21.0	25.0	-1.0	-1.0	-1.0	38.0	-1.0	-1.0	-1.0	-1.0	21.0	-1.0	51.0	-1.0	-1.0	31.0	69.0	43.0	40.0	48.0	62.0	11.0	-1.0	31.0	-1.0	49.0	-1.0	-1.0	54.0	45.0	-1.0	
-1.0	-1.0	-1.0	-1.0	-1.0	-1.0	-1.0	-1.0	-1.0	-1.0	-1.0	-1.0	-1.0	-1.0	-1.0	-1.0	-1.0	-1.0	-1.0	-1.0	-1.0	-1.0	-1.0	-1.0	-1.0	-1.0	-1.0	-1.0	-1.0	-1.0	-1.0	-1.0	-1.0	-1.0	-1.0	-1.0	-1.0	-1.0	-1.0	-1.0	-1.0	-1.0	-1.0	-1.0	-1.0	-1.0	-1.0	-1.0	-1.0	-1.0	
-1.0	-1.0	40.0	-1.0	-1.0	-1.0	46.0	-1.0	41.0	-1.0	-1.0	30.0	-1.0	38.0	55.0	-1.0	34.0	52.0	6.0	-1.0	25.0	-1.0	-1.0	-1.0	-1.0	-1.0	22.0	-1.0	-1.0	21.0	-1.0	51.0	13.0	-1.0	-1.0	69.0	43.0	-1.0	60.0	-1.0	-1.0	52.0	-1.0	-1.0	-1.0	-1.0	29.0	54.0	45.0	-1.0	
-1.0	-1.0	40.0	-1.0	-1.0	-1.0	46.0	-1.0	-1.0	-1.0	26.0	32.0	40.0	-1.0	55.0	-1.0	-1.0	52.0	-1.0	38.0	-1.0	-1.0	-1.0	-1.0	-1.0	-1.0	-1.0	38.0	-1.0	-1.0	-1.0	51.0	22.0	-1.0	31.0	69.0	43.0	-1.0	48.0	41.0	-1.0	-1.0	-1.0	44.0	-1.0	-1.0	-1.0	-1.0	45.0	-1.0	

maxX :
39.0	40.0	39.0	39.0	nan	52.0	38.0	40.0	40.0	40.0	40.0	40.0	39.0	39.0	39.0	40.0	40.0	nan	40.0	40.0	

maxW :
69.0	69.0	69.0	69.0	nan	57.0	52.0	69.0	69.0	53.0	69.0	69.0	69.0	69.0	69.0	69.0	69.0	nan	69.0	69.0	

minX :
0.0	0.0	0.0	0.0	nan	0.0	0.0	7.0	0.0	0.0	0.0	0.0	0.0	0.0	0.0	0.0	0.0	nan	5.0	0.0	

minW :
13.0	11.0	11.0	13.0	nan	13.0	11.0	12.0	11.0	25.0	6.0	11.0	21.0	11.0	11.0	11.0	6.0	nan	6.0	22.0	

moyX :
22.6	23.130434782608695	24.0	19.96153846153846	nan	23.555555555555557	20.285714285714285	22.115384615384617	19.454545454545453	26.272727272727273	18.0	18.033333333333335	21.36842105263158	19.653846153846153	21.85	20.413793103448278	20.954545454545453	nan	20.666666666666668	24.11111111111111	

moyW :
39.92	41.52173913043478	39.833333333333336	39.03846153846154	nan	40.36363636363637	35.38095238095238	38.03846153846154	39.22727272727273	36.25	37.03703703703704	36.733333333333334	42.26315789473684	37.42307692307692	43.6	38.51724137931034	37.68181818181818	nan	39.333333333333336	42.27777777777778	

medX :
24.0	24.0	26.5	18.5	nan	22.5	18.0	20.0	20.0	32.0	15.0	14.5	18.0	17.0	25.0	23.0	22.0	nan	18.0	25.0	

medW :
41.0	43.0	43.5	39.5	nan	44.0	38.0	39.5	41.5	33.5	40.0	38.5	40.0	37.5	46.0	40.0	40.0	nan	41.0	42.0	

ecartTypeX :
10.755463727799002	12.109300585935147	12.569805089976535	10.772046335238292	nan	12.658866994334323	12.14257702758143	10.503944032442595	13.58383823361515	13.837307338502145	13.148721948877347	12.297651085561919	12.166435824218198	12.495975683556033	12.815127779308328	12.307881526945721	12.910451272752463	nan	11.166844348266556	12.766661831543422	

ecartTypeW :
13.223978221397674	15.463476084878176	15.078498304244727	12.951034319344087	nan	12.506527221435048	11.842120910732127	14.129839590876655	17.146247451057405	10.425329730996522	16.371794809822305	14.184341914786021	15.32058163408453	16.058003221310592	15.331014317389439	16.378330279208548	15.25357294548742	nan	15.718758382243973	10.702053570099707	

varX :
115.68000000000002	146.6351606805293	158.0	116.0369822485207	nan	160.2469135802469	147.44217687074828	110.3328402366864	184.52066115702476	191.4710743801653	172.88888888888889	151.23222222222225	148.02216066481992	156.14940828402365	164.2275	151.48394768133173	166.6797520661157	nan	124.69841269841271	162.98765432098764	

varW :
174.8736	239.11909262759926	227.36111111111111	167.72928994082838	nan	156.41322314049586	140.2358276643991	199.65236686390534	293.9938016528926	108.6875	268.0356652949245	201.19555555555556	234.7202216066482	257.8594674556213	235.03999999999996	268.2497027348395	232.67148760330576	nan	247.07936507936515	114.5339506172839	

covarX :
120.5	153.300395256917	167.2941176470588	120.67846153846153	nan	169.67320261437908	154.81428571428572	114.74615384615382	193.30735930735926	210.61818181818185	179.53846153846155	156.4471264367816	156.24561403508773	162.3953846153846	172.87105263157892	156.89408866995072	174.61688311688312	nan	130.93333333333337	172.57516339869278	

covarW :
182.15999999999997	249.98814229249018	240.73529411764702	174.43846153846152	nan	172.05454545454546	147.24761904761905	207.63846153846154	307.9935064935065	144.91666666666666	278.34472934472933	208.13333333333333	247.76023391812865	268.17384615384617	247.4105263157894	277.8300492610838	243.75108225108224	nan	259.4333333333334	121.27124183006535	

coef_variationX :
0.47590547468137173	0.5235223937528353	0.5237418787490223	0.539640086158373	nan	0.5374047308915514	0.5985777407962677	0.474960947553926	0.6982346755596573	0.5266795180744761	0.7304845527154081	0.6819399862603651	0.5693652233008516	0.6358030680478608	0.5865047038585047	0.6029198720970032	0.6161169804784256	nan	0.5403311781419301	0.5294928870225383	

coef_variationW :
0.3312619794939297	0.3724187957614639	0.3785397063827128	0.3317506328107845	nan	0.30984639512564305	0.3347032828066954	0.3714619103769393	0.43710016677087243	0.28759530292404195	0.44203845986520224	0.3861436092954452	0.3625044222261595	0.4290936112580426	0.3516287687474642	0.42522075031069645	0.40479928202741045	nan	0.3996294503960332	0.2531366153243032	

moy_distances_centre :	41.5
min_distances_centre :	11.0
max_distances_centre :	76.0
med_distances_centre :	45.0
ecartType_distances_centre :	19.298963702748395
var_distances_centre :	372.45
covar_distances_centre :	392.05263157894734
coef_variation_distances_centre :	0.46503526994574446
capacite_X_temoin : 
157.0	172.0	148.0	163.0	169.0	
154.0	166.0	174.0	141.0	157.0	
141.0	145.0	162.0	165.0	175.0	
150.0	168.0	139.0	162.0	154.0	
141.0	163.0	0.0	174.0	0.0	
166.0	0.0	148.0	159.0	169.0	
163.0	135.0	160.0	150.0	166.0	
160.0	165.0	162.0	148.0	157.0	
154.0	156.0	168.0	154.0	171.0	
144.0	139.0	157.0	0.0	175.0	
147.0	150.0	175.0	156.0	148.0	
163.0	141.0	171.0	136.0	145.0	
153.0	178.0	175.0	165.0	166.0	
153.0	168.0	135.0	157.0	178.0	
148.0	159.0	142.0	172.0	141.0	
138.0	171.0	168.0	145.0	159.0	
142.0	145.0	141.0	153.0	141.0	
175.0	135.0	163.0	178.0	0.0	
162.0	142.0	175.0	144.0	144.0	
177.0	159.0	154.0	171.0	177.0	

capacite_W_temoin : 
126.1	168.6	142.4	202.9	113.69999999999999	
120.19999999999999	193.8	188.2	164.3	107.1	
155.3	151.5	161.6	194.5	132.5	
120.0	164.4	98.69999999999999	195.6	113.19999999999999	
161.3	161.9	0.0	102.19999999999999	0.0	
172.8	0.0	131.4	126.69999999999999	148.7	
170.9	123.5	188.0	171.0	102.8	
122.0	160.5	141.6	189.4	125.1	
142.2	144.8	166.4	175.2	152.3	
81.19999999999999	137.7	164.1	0.0	107.5	
130.1	134.0	174.5	154.8	89.4	
138.9	113.3	179.3	153.8	65.5	
155.9	174.4	195.5	209.5	124.8	
118.9	170.4	147.5	180.1	129.4	
134.4	194.7	116.6	196.6	89.3	
98.4	182.3	183.4	135.5	112.69999999999999	
158.6	167.5	158.3	157.9	71.3	
65.5	128.5	144.9	182.4	0.0	
139.6	166.6	167.5	180.2	107.19999999999999	
201.1	182.7	163.2	222.3	143.1	

demande_cumulee_X : 
78.0	55.0	50.0	9.0	106.0	
80.0	22.0	38.0	19.0	97.0	
28.0	37.0	49.0	20.0	95.0	
75.0	54.0	82.0	15.0	87.0	
22.0	50.0	0.0	124.0	0.0	
43.0	0.0	61.0	80.0	71.0	
41.0	52.0	20.0	24.0	113.0	
86.0	54.0	69.0	3.0	79.0	
58.0	58.0	52.0	25.0	70.0	
106.0	43.0	40.0	0.0	120.0	
61.0	61.0	53.0	48.0	103.0	
73.0	70.0	43.0	23.0	123.0	
43.0	57.0	32.0	5.0	91.0	
80.0	48.0	28.0	24.0	102.0	
58.0	12.0	68.0	27.0	94.0	
81.0	40.0	35.0	53.0	94.0	
26.0	21.0	25.0	41.0	112.0	
162.0	47.0	67.0	49.0	0.0	
71.0	18.0	60.0	7.0	80.0	
29.0	24.0	37.0	0.0	87.0	

demande_cumulee_W : 
122.0	65.0	17.0	65.0	29.0	
118.0	56.0	17.0	49.0	16.0	
83.0	35.0	6.0	105.0	0.0	
114.0	57.0	15.0	99.0	28.0	
9.0	146.0	0.0	41.0	0.0	
167.0	0.0	26.0	31.0	31.0	
131.0	5.0	6.0	90.0	18.0	
116.0	68.0	11.0	76.0	20.0	
112.0	20.0	6.0	104.0	21.0	
79.0	98.0	89.0	0.0	43.0	
119.0	53.0	40.0	97.0	17.0	
131.0	36.0	18.0	123.0	24.0	
67.0	50.0	4.0	71.0	36.0	
100.0	45.0	10.0	109.0	18.0	
110.0	100.0	0.0	27.0	22.0	
95.0	99.0	27.0	80.0	2.0	
136.0	31.0	0.0	35.0	23.0	
59.0	86.0	25.0	155.0	0.0	
118.0	11.0	17.0	71.0	19.0	
86.0	30.0	16.0	39.0	6.0	

capacite_residuelle_X : 
79.0	117.0	98.0	154.0	63.0	
74.0	144.0	136.0	122.0	60.0	
113.0	108.0	113.0	145.0	80.0	
75.0	114.0	57.0	147.0	67.0	
119.0	113.0	0.0	50.0	0.0	
123.0	0.0	87.0	79.0	98.0	
122.0	83.0	140.0	126.0	53.0	
74.0	111.0	93.0	145.0	78.0	
96.0	98.0	116.0	129.0	101.0	
38.0	96.0	117.0	0.0	55.0	
86.0	89.0	122.0	108.0	45.0	
90.0	71.0	128.0	113.0	22.0	
110.0	121.0	143.0	160.0	75.0	
73.0	120.0	107.0	133.0	76.0	
90.0	147.0	74.0	145.0	47.0	
57.0	131.0	133.0	92.0	65.0	
116.0	124.0	116.0	112.0	29.0	
13.0	88.0	96.0	129.0	0.0	
91.0	124.0	115.0	137.0	64.0	
148.0	135.0	117.0	171.0	90.0	

capacite_residuelle_W : 
4.099999999999994	103.6	125.4	137.9	84.69999999999999	
2.1999999999999886	137.8	171.2	115.30000000000001	91.1	
72.30000000000001	116.5	155.6	89.5	132.5	
6.0	107.4	83.69999999999999	96.6	85.19999999999999	
152.3	15.900000000000006	0.0	61.19999999999999	0.0	
5.800000000000011	0.0	105.4	95.69999999999999	117.69999999999999	
39.900000000000006	118.5	182.0	81.0	84.8	
6.0	92.5	130.6	113.4	105.1	
30.19999999999999	124.80000000000001	160.4	71.19999999999999	131.3	
2.1999999999999886	39.69999999999999	75.1	0.0	64.5	
11.099999999999994	81.0	134.5	57.80000000000001	72.4	
7.900000000000006	77.3	161.3	30.80000000000001	41.5	
88.9	124.4	191.5	138.5	88.8	
18.900000000000006	125.4	137.5	71.1	111.4	
24.400000000000006	94.69999999999999	116.6	169.6	67.3	
3.4000000000000057	83.30000000000001	156.4	55.5	110.69999999999999	
22.599999999999994	136.5	158.3	122.9	48.3	
6.5	42.5	119.9	27.400000000000006	0.0	
21.599999999999994	155.6	150.5	109.19999999999999	88.19999999999999	
115.1	152.7	147.2	183.3	137.1	

min_capacite_X : 
148.0	141.0	141.0	139.0	0.0	0.0	135.0	148.0	154.0	0.0	147.0	136.0	153.0	135.0	141.0	138.0	141.0	0.0	142.0	154.0	

min_capacite_W : 
113.69999999999999	107.1	132.5	98.69999999999999	0.0	0.0	102.8	122.0	142.2	0.0	89.4	65.5	124.8	118.9	89.3	98.4	71.3	0.0	107.19999999999999	143.1	

max_capacite_X : 
172.0	174.0	175.0	168.0	174.0	169.0	166.0	165.0	171.0	175.0	175.0	171.0	178.0	178.0	172.0	171.0	153.0	178.0	175.0	177.0	

max_capacite_W : 
202.9	193.8	194.5	195.6	161.9	172.8	188.0	189.4	175.2	164.1	174.5	179.3	209.5	180.1	196.6	183.4	167.5	182.4	180.2	222.3	

moy_capacite_X : 
161.8	158.4	157.6	154.6	95.6	128.4	154.8	158.4	160.6	123.0	155.2	151.2	167.4	158.2	152.4	156.2	144.4	130.2	153.4	167.6	

moy_capacite_W : 
150.74	154.72	159.07999999999998	138.37999999999997	85.08000000000001	115.92	151.23999999999998	147.72	156.17999999999998	98.1	136.56	130.16	172.01999999999998	149.26	146.32	142.45999999999998	142.72	104.25999999999999	152.21999999999997	182.48	

med_capacite_X : 
163.0	157.0	162.0	154.0	141.0	159.0	160.0	160.0	156.0	144.0	150.0	145.0	166.0	157.0	148.0	159.0	142.0	163.0	144.0	171.0	

med_capacite_W : 
142.4	164.3	155.3	120.0	102.19999999999999	131.4	170.9	141.6	152.3	107.5	134.0	138.9	174.4	147.5	134.4	135.5	158.3	128.5	166.6	182.7	

ecartType_capacite_X : 
8.611620056644394	11.18212859879549	12.737346662472527	9.991996797437437	78.77715404861996	64.60526294350949	11.26765281680262	5.817215828899594	7.364781055808788	62.747111487302746	10.380751417888785	13.452137376640188	8.777243302996677	14.524462124292244	11.706408501329518	12.82809416865966	4.5431266766402185	66.84728865107394	13.016912076218384	9.457272334029511	

ecartType_capacite_W : 
31.900758611669414	35.21144132238839	20.19489044288183	36.048656008234204	72.77514410841108	60.17166775152572	32.38583641038162	24.944690817887484	12.698094345215738	56.43002746765236	28.441139217689575	38.76893601841557	29.837251884179953	23.312022649268336	42.76762326807511	35.03909816191051	35.889296454514124	64.3700737920969	26.112096813546017	27.7664833927525	

var_capacite_X : 
74.16000000000001	125.04	162.24	99.84	6205.840000000001	4173.84	126.96000000000001	33.839999999999996	54.239999999999995	3937.2	107.76000000000002	180.95999999999998	77.04	210.95999999999998	137.04000000000002	164.56	20.639999999999997	4468.5599999999995	169.44	89.44000000000001	

var_capacite_W : 
1017.6584000000003	1239.8456000000003	407.83359999999993	1299.5056000000002	5296.2216	3620.6296	1048.8424	622.2376000000002	161.24159999999992	3184.3479999999995	808.8984	1503.0304	890.2616	543.4504	1829.0695999999996	1227.7384000000004	1288.0416	4143.5064	681.8416000000001	770.9776000000004	

covar_capacite_X : 
92.70000000000002	156.3	202.8	124.80000000000001	7757.300000000001	5217.3	158.70000000000002	42.3	67.8	4921.5	134.70000000000002	226.2	96.30000000000001	263.7	171.3	205.7	25.799999999999997	5585.7	211.8	111.80000000000001	

covar_capacite_W : 
1272.0730000000003	1549.8070000000005	509.7919999999999	1624.3820000000003	6620.277	4525.787	1311.053	777.7970000000001	201.5519999999999	3980.4349999999995	1011.123	1878.7880000000002	1112.827	679.3129999999999	2286.3369999999995	1534.6730000000005	1610.0520000000001	5179.383	852.3020000000001	963.7220000000004	

##########	##########	##########	##########	##########	##########	##########	##########	##########	##########	##########	##########	##########	##########	##########	##########	##########	##########	##########	##########	##########	##########	##########	##########	##########	##########	##########	##########	##########	##########	##########	##########	##########	##########	##########	##########	##########	##########	##########	##########	##########	##########	##########	##########	##########	##########	##########	##########	##########	##########	nombre de noeuds : 50
nombre de strates : 20
nombre de centres : 5
titre : fenetre
instances : p4_5
temps de calcul : 0.10078787803649902
valeur objective : 2627.0
nombre de solutions : 3
nombre de noeuds : 1.0
faisability : True
moy_distances :	47.09
min_distances :	1.0
max_distances :	122.0
var_distances :	566.1320489795919
covar_distances :	566.3632176398529
ecartType_distances :	23.793529561197765
coef_variation	: 0.5052624284928539
distances_centre_x :
-1.0	-1.0	-1.0	-1.0	-1.0	-1.0	20.0	-1.0	10.0	-1.0	-1.0	-1.0	-1.0	-1.0	36.0	-1.0	-1.0	-1.0	-1.0	-1.0	-1.0	-1.0	-1.0	-1.0	-1.0	-1.0	28.0	14.0	-1.0	-1.0	-1.0	21.0	-1.0	-1.0	10.0	-1.0	30.0	-1.0	-1.0	0.0	-1.0	-1.0	41.0	11.0	-1.0	-1.0	-1.0	-1.0	-1.0	-1.0	
-1.0	-1.0	-1.0	-1.0	-1.0	-1.0	-1.0	-1.0	-1.0	-1.0	-1.0	-1.0	-1.0	-1.0	-1.0	-1.0	-1.0	-1.0	-1.0	-1.0	-1.0	-1.0	-1.0	-1.0	-1.0	-1.0	-1.0	-1.0	-1.0	-1.0	-1.0	-1.0	-1.0	-1.0	-1.0	-1.0	-1.0	-1.0	-1.0	-1.0	-1.0	-1.0	-1.0	-1.0	-1.0	-1.0	-1.0	-1.0	-1.0	-1.0	
-1.0	-1.0	32.0	-1.0	-1.0	-1.0	20.0	-1.0	10.0	-1.0	-1.0	-1.0	40.0	-1.0	-1.0	-1.0	-1.0	-1.0	-1.0	-1.0	-1.0	-1.0	-1.0	-1.0	-1.0	-1.0	-1.0	-1.0	-1.0	-1.0	14.0	21.0	0.0	-1.0	10.0	66.0	30.0	-1.0	-1.0	0.0	12.0	-1.0	-1.0	11.0	-1.0	-1.0	-1.0	-1.0	55.0	-1.0	
-1.0	-1.0	32.0	14.0	-1.0	46.0	20.0	-1.0	10.0	-1.0	-1.0	39.0	-1.0	-1.0	-1.0	12.0	18.0	-1.0	24.0	14.0	20.0	-1.0	18.0	17.0	-1.0	-1.0	-1.0	14.0	-1.0	-1.0	15.0	21.0	0.0	44.0	-1.0	66.0	30.0	-1.0	-1.0	0.0	-1.0	18.0	-1.0	-1.0	9.0	-1.0	-1.0	43.0	55.0	15.0	
-1.0	-1.0	32.0	-1.0	-1.0	46.0	20.0	52.0	10.0	-1.0	-1.0	49.0	-1.0	-1.0	36.0	-1.0	-1.0	32.0	-1.0	-1.0	-1.0	-1.0	-1.0	-1.0	-1.0	-1.0	-1.0	14.0	-1.0	0.0	14.0	-1.0	0.0	-1.0	-1.0	66.0	30.0	-1.0	13.0	0.0	-1.0	39.0	-1.0	11.0	9.0	-1.0	-1.0	-1.0	-1.0	15.0	
-1.0	-1.0	32.0	14.0	-1.0	-1.0	20.0	-1.0	10.0	-1.0	-1.0	39.0	-1.0	47.0	36.0	-1.0	-1.0	59.0	8.0	16.0	20.0	8.0	-1.0	-1.0	-1.0	-1.0	-1.0	-1.0	-1.0	0.0	-1.0	21.0	0.0	44.0	10.0	66.0	30.0	26.0	-1.0	0.0	-1.0	18.0	-1.0	-1.0	12.0	-1.0	-1.0	-1.0	-1.0	-1.0	
32.0	-1.0	32.0	-1.0	-1.0	-1.0	20.0	-1.0	10.0	-1.0	-1.0	39.0	40.0	47.0	-1.0	-1.0	-1.0	32.0	-1.0	14.0	20.0	-1.0	18.0	-1.0	-1.0	-1.0	12.0	-1.0	-1.0	-1.0	14.0	21.0	-1.0	-1.0	10.0	-1.0	30.0	-1.0	-1.0	-1.0	12.0	-1.0	-1.0	11.0	12.0	-1.0	-1.0	-1.0	55.0	15.0	
-1.0	-1.0	32.0	-1.0	-1.0	46.0	20.0	-1.0	10.0	-1.0	9.0	39.0	-1.0	43.0	50.0	-1.0	18.0	32.0	-1.0	14.0	20.0	-1.0	-1.0	31.0	-1.0	-1.0	-1.0	-1.0	4.0	-1.0	-1.0	21.0	0.0	-1.0	10.0	66.0	30.0	26.0	13.0	-1.0	-1.0	18.0	-1.0	11.0	9.0	-1.0	20.0	-1.0	-1.0	15.0	
-1.0	-1.0	32.0	-1.0	41.0	-1.0	20.0	-1.0	-1.0	-1.0	-1.0	39.0	-1.0	-1.0	36.0	11.0	-1.0	32.0	-1.0	-1.0	20.0	0.0	-1.0	-1.0	-1.0	0.0	-1.0	29.0	-1.0	-1.0	14.0	21.0	0.0	-1.0	-1.0	66.0	30.0	-1.0	13.0	0.0	12.0	-1.0	40.0	-1.0	12.0	-1.0	-1.0	-1.0	55.0	-1.0	
-1.0	-1.0	-1.0	-1.0	-1.0	-1.0	-1.0	-1.0	-1.0	-1.0	-1.0	-1.0	-1.0	-1.0	-1.0	-1.0	-1.0	-1.0	-1.0	-1.0	-1.0	-1.0	-1.0	-1.0	-1.0	-1.0	-1.0	-1.0	-1.0	-1.0	-1.0	-1.0	-1.0	-1.0	-1.0	-1.0	-1.0	-1.0	-1.0	-1.0	-1.0	-1.0	-1.0	-1.0	-1.0	-1.0	-1.0	-1.0	-1.0	-1.0	
41.0	-1.0	32.0	-1.0	-1.0	-1.0	20.0	36.0	10.0	-1.0	9.0	39.0	40.0	-1.0	-1.0	-1.0	-1.0	59.0	9.0	-1.0	20.0	-1.0	-1.0	-1.0	-1.0	-1.0	12.0	29.0	4.0	-1.0	-1.0	21.0	0.0	-1.0	10.0	66.0	30.0	-1.0	51.0	0.0	12.0	-1.0	-1.0	-1.0	12.0	-1.0	-1.0	-1.0	-1.0	-1.0	
-1.0	-1.0	32.0	-1.0	41.0	-1.0	20.0	36.0	10.0	-1.0	9.0	39.0	40.0	63.0	-1.0	-1.0	18.0	37.0	-1.0	14.0	20.0	-1.0	-1.0	-1.0	-1.0	0.0	12.0	-1.0	-1.0	0.0	15.0	21.0	0.0	-1.0	56.0	66.0	-1.0	28.0	13.0	-1.0	12.0	18.0	40.0	11.0	12.0	-1.0	-1.0	-1.0	55.0	15.0	
-1.0	-1.0	32.0	-1.0	-1.0	-1.0	-1.0	-1.0	10.0	-1.0	9.0	39.0	40.0	-1.0	-1.0	-1.0	18.0	32.0	-1.0	14.0	20.0	-1.0	-1.0	-1.0	-1.0	-1.0	12.0	14.0	4.0	-1.0	-1.0	-1.0	-1.0	-1.0	-1.0	66.0	30.0	-1.0	-1.0	0.0	-1.0	-1.0	40.0	11.0	9.0	-1.0	-1.0	-1.0	55.0	-1.0	
-1.0	-1.0	32.0	-1.0	-1.0	-1.0	20.0	-1.0	10.0	37.0	-1.0	48.0	41.0	-1.0	-1.0	-1.0	-1.0	59.0	21.0	14.0	20.0	-1.0	18.0	-1.0	-1.0	-1.0	12.0	14.0	-1.0	1.0	-1.0	21.0	0.0	-1.0	10.0	66.0	30.0	-1.0	-1.0	0.0	12.0	18.0	41.0	11.0	12.0	-1.0	-1.0	-1.0	-1.0	15.0	
-1.0	-1.0	-1.0	-1.0	-1.0	-1.0	20.0	38.0	10.0	-1.0	-1.0	-1.0	-1.0	-1.0	-1.0	-1.0	-1.0	-1.0	-1.0	-1.0	-1.0	-1.0	-1.0	-1.0	-1.0	-1.0	-1.0	14.0	-1.0	-1.0	-1.0	21.0	-1.0	-1.0	-1.0	-1.0	30.0	-1.0	-1.0	0.0	-1.0	-1.0	-1.0	11.0	-1.0	-1.0	-1.0	-1.0	-1.0	-1.0	
-1.0	49.0	32.0	-1.0	-1.0	-1.0	20.0	-1.0	10.0	-1.0	9.0	48.0	-1.0	-1.0	-1.0	11.0	18.0	32.0	9.0	14.0	20.0	-1.0	-1.0	-1.0	-1.0	-1.0	12.0	29.0	4.0	0.0	28.0	-1.0	1.0	-1.0	-1.0	66.0	-1.0	26.0	51.0	0.0	12.0	18.0	40.0	11.0	16.0	15.0	-1.0	-1.0	55.0	-1.0	
-1.0	49.0	-1.0	-1.0	-1.0	-1.0	20.0	38.0	10.0	-1.0	-1.0	-1.0	-1.0	-1.0	-1.0	-1.0	-1.0	-1.0	8.0	-1.0	24.0	-1.0	-1.0	-1.0	-1.0	-1.0	-1.0	-1.0	-1.0	1.0	-1.0	21.0	-1.0	-1.0	10.0	66.0	50.0	28.0	13.0	0.0	12.0	-1.0	40.0	-1.0	-1.0	-1.0	-1.0	43.0	55.0	-1.0	
-1.0	-1.0	37.0	-1.0	-1.0	-1.0	20.0	38.0	10.0	-1.0	9.0	39.0	40.0	-1.0	-1.0	-1.0	-1.0	-1.0	9.0	-1.0	20.0	-1.0	-1.0	-1.0	-1.0	-1.0	12.0	-1.0	5.0	1.0	-1.0	-1.0	0.0	48.0	10.0	66.0	30.0	-1.0	-1.0	0.0	13.0	18.0	-1.0	-1.0	-1.0	-1.0	-1.0	-1.0	55.0	-1.0	
-1.0	-1.0	32.0	-1.0	-1.0	-1.0	20.0	-1.0	10.0	-1.0	-1.0	39.0	-1.0	47.0	50.0	-1.0	18.0	32.0	9.0	-1.0	20.0	-1.0	-1.0	-1.0	-1.0	-1.0	12.0	-1.0	-1.0	0.0	-1.0	21.0	0.0	-1.0	-1.0	66.0	30.0	-1.0	13.0	-1.0	-1.0	18.0	-1.0	-1.0	-1.0	-1.0	21.0	43.0	55.0	-1.0	
-1.0	-1.0	32.0	-1.0	-1.0	-1.0	20.0	-1.0	-1.0	-1.0	31.0	49.0	40.0	-1.0	36.0	-1.0	-1.0	32.0	-1.0	14.0	-1.0	-1.0	-1.0	-1.0	-1.0	-1.0	-1.0	14.0	-1.0	-1.0	-1.0	21.0	0.0	-1.0	10.0	66.0	30.0	-1.0	13.0	0.0	-1.0	-1.0	-1.0	11.0	-1.0	-1.0	-1.0	-1.0	55.0	-1.0	

distances_centre_w :
-1.0	-1.0	-1.0	-1.0	-1.0	-1.0	-1.0	-1.0	-1.0	-1.0	-1.0	56.0	-1.0	-1.0	-1.0	-1.0	-1.0	-1.0	-1.0	52.0	24.0	-1.0	-1.0	-1.0	-1.0	-1.0	-1.0	-1.0	-1.0	-1.0	-1.0	-1.0	-1.0	-1.0	-1.0	-1.0	-1.0	-1.0	-1.0	-1.0	-1.0	28.0	-1.0	-1.0	-1.0	-1.0	42.0	-1.0	-1.0	-1.0	
-1.0	-1.0	-1.0	-1.0	-1.0	-1.0	-1.0	-1.0	-1.0	-1.0	-1.0	-1.0	-1.0	-1.0	-1.0	-1.0	-1.0	-1.0	-1.0	-1.0	-1.0	-1.0	-1.0	-1.0	-1.0	-1.0	-1.0	-1.0	-1.0	-1.0	-1.0	-1.0	-1.0	-1.0	-1.0	-1.0	-1.0	-1.0	-1.0	-1.0	-1.0	-1.0	-1.0	-1.0	-1.0	-1.0	-1.0	-1.0	-1.0	-1.0	
-1.0	-1.0	33.0	-1.0	-1.0	50.0	51.0	-1.0	45.0	-1.0	-1.0	-1.0	41.0	-1.0	-1.0	-1.0	-1.0	59.0	-1.0	16.0	-1.0	-1.0	-1.0	-1.0	-1.0	-1.0	-1.0	-1.0	-1.0	-1.0	-1.0	55.0	-1.0	-1.0	35.0	66.0	50.0	-1.0	-1.0	41.0	50.0	-1.0	-1.0	48.0	-1.0	-1.0	-1.0	-1.0	55.0	36.0	
-1.0	-1.0	53.0	39.0	-1.0	50.0	50.0	-1.0	44.0	-1.0	-1.0	39.0	-1.0	-1.0	-1.0	22.0	22.0	-1.0	45.0	16.0	20.0	-1.0	19.0	36.0	-1.0	-1.0	-1.0	56.0	-1.0	-1.0	37.0	55.0	1.0	52.0	-1.0	66.0	50.0	-1.0	-1.0	40.0	-1.0	18.0	-1.0	-1.0	16.0	-1.0	-1.0	58.0	56.0	16.0	
-1.0	-1.0	53.0	-1.0	-1.0	50.0	51.0	55.0	66.0	-1.0	-1.0	56.0	-1.0	-1.0	65.0	-1.0	-1.0	37.0	-1.0	-1.0	-1.0	-1.0	-1.0	-1.0	-1.0	-1.0	-1.0	50.0	-1.0	1.0	36.0	-1.0	28.0	-1.0	-1.0	66.0	50.0	-1.0	51.0	62.0	-1.0	43.0	-1.0	48.0	12.0	-1.0	-1.0	-1.0	-1.0	35.0	
-1.0	-1.0	33.0	40.0	-1.0	-1.0	50.0	-1.0	44.0	-1.0	-1.0	39.0	-1.0	65.0	50.0	-1.0	-1.0	59.0	9.0	22.0	20.0	21.0	-1.0	-1.0	-1.0	-1.0	-1.0	-1.0	-1.0	1.0	-1.0	55.0	1.0	60.0	34.0	66.0	50.0	52.0	-1.0	40.0	-1.0	28.0	-1.0	-1.0	12.0	-1.0	-1.0	-1.0	-1.0	-1.0	
41.0	-1.0	33.0	-1.0	-1.0	-1.0	50.0	-1.0	44.0	-1.0	-1.0	48.0	41.0	47.0	-1.0	-1.0	-1.0	37.0	-1.0	16.0	41.0	-1.0	19.0	-1.0	-1.0	-1.0	13.0	-1.0	-1.0	-1.0	36.0	55.0	-1.0	-1.0	35.0	-1.0	50.0	-1.0	-1.0	-1.0	13.0	-1.0	-1.0	47.0	16.0	-1.0	-1.0	-1.0	55.0	36.0	
-1.0	-1.0	53.0	-1.0	-1.0	50.0	50.0	-1.0	44.0	-1.0	9.0	56.0	-1.0	47.0	65.0	-1.0	22.0	37.0	-1.0	16.0	46.0	-1.0	-1.0	39.0	-1.0	-1.0	-1.0	-1.0	5.0	-1.0	-1.0	55.0	1.0	-1.0	34.0	66.0	50.0	28.0	51.0	-1.0	-1.0	28.0	-1.0	47.0	16.0	-1.0	21.0	-1.0	-1.0	16.0	
-1.0	-1.0	53.0	-1.0	43.0	-1.0	50.0	-1.0	-1.0	-1.0	-1.0	48.0	-1.0	-1.0	65.0	19.0	-1.0	37.0	-1.0	-1.0	20.0	62.0	-1.0	-1.0	-1.0	8.0	-1.0	29.0	-1.0	-1.0	15.0	55.0	1.0	-1.0	-1.0	66.0	50.0	-1.0	51.0	40.0	13.0	-1.0	40.0	-1.0	52.0	-1.0	-1.0	-1.0	55.0	-1.0	
-1.0	-1.0	-1.0	-1.0	-1.0	-1.0	-1.0	-1.0	-1.0	-1.0	-1.0	-1.0	-1.0	-1.0	-1.0	-1.0	-1.0	-1.0	-1.0	-1.0	-1.0	-1.0	-1.0	-1.0	-1.0	-1.0	-1.0	-1.0	-1.0	-1.0	-1.0	-1.0	-1.0	-1.0	-1.0	-1.0	-1.0	-1.0	-1.0	-1.0	-1.0	-1.0	-1.0	-1.0	-1.0	-1.0	-1.0	-1.0	-1.0	-1.0	
-1.0	-1.0	33.0	-1.0	-1.0	50.0	50.0	36.0	44.0	-1.0	39.0	56.0	-1.0	-1.0	-1.0	-1.0	-1.0	59.0	-1.0	52.0	24.0	21.0	-1.0	-1.0	-1.0	-1.0	13.0	29.0	5.0	-1.0	-1.0	55.0	1.0	-1.0	34.0	66.0	50.0	-1.0	51.0	-1.0	13.0	-1.0	-1.0	-1.0	12.0	-1.0	-1.0	-1.0	-1.0	36.0	
-1.0	-1.0	53.0	-1.0	55.0	-1.0	50.0	36.0	44.0	-1.0	26.0	49.0	59.0	65.0	-1.0	-1.0	22.0	59.0	-1.0	22.0	46.0	-1.0	-1.0	-1.0	-1.0	8.0	40.0	-1.0	-1.0	1.0	28.0	55.0	1.0	-1.0	62.0	66.0	-1.0	44.0	51.0	-1.0	13.0	39.0	40.0	47.0	52.0	-1.0	-1.0	-1.0	56.0	16.0	
-1.0	-1.0	45.0	-1.0	-1.0	-1.0	-1.0	-1.0	44.0	-1.0	9.0	39.0	57.0	-1.0	-1.0	-1.0	22.0	37.0	-1.0	16.0	20.0	-1.0	-1.0	-1.0	-1.0	-1.0	13.0	50.0	5.0	-1.0	-1.0	-1.0	-1.0	-1.0	-1.0	66.0	50.0	-1.0	-1.0	40.0	-1.0	-1.0	40.0	47.0	12.0	-1.0	-1.0	-1.0	55.0	-1.0	
-1.0	-1.0	53.0	-1.0	-1.0	-1.0	50.0	-1.0	44.0	58.0	-1.0	49.0	57.0	-1.0	-1.0	-1.0	-1.0	59.0	24.0	16.0	20.0	-1.0	19.0	-1.0	-1.0	-1.0	13.0	29.0	-1.0	21.0	-1.0	55.0	1.0	-1.0	34.0	66.0	50.0	-1.0	-1.0	40.0	13.0	28.0	58.0	47.0	12.0	-1.0	-1.0	-1.0	-1.0	16.0	
-1.0	-1.0	-1.0	-1.0	-1.0	-1.0	-1.0	-1.0	-1.0	-1.0	-1.0	56.0	-1.0	-1.0	-1.0	-1.0	-1.0	-1.0	-1.0	-1.0	24.0	-1.0	-1.0	-1.0	-1.0	-1.0	-1.0	-1.0	-1.0	-1.0	37.0	-1.0	-1.0	48.0	-1.0	-1.0	-1.0	-1.0	-1.0	-1.0	-1.0	-1.0	-1.0	-1.0	-1.0	-1.0	-1.0	-1.0	-1.0	-1.0	
-1.0	50.0	53.0	-1.0	-1.0	-1.0	50.0	-1.0	44.0	-1.0	26.0	49.0	-1.0	-1.0	-1.0	12.0	22.0	37.0	21.0	16.0	46.0	-1.0	-1.0	-1.0	-1.0	-1.0	40.0	50.0	5.0	1.0	36.0	-1.0	40.0	-1.0	-1.0	66.0	-1.0	28.0	51.0	40.0	13.0	18.0	56.0	47.0	52.0	46.0	-1.0	-1.0	56.0	-1.0	
-1.0	63.0	-1.0	-1.0	-1.0	-1.0	50.0	-1.0	44.0	-1.0	-1.0	56.0	-1.0	-1.0	-1.0	-1.0	-1.0	-1.0	-1.0	52.0	-1.0	-1.0	-1.0	-1.0	46.0	-1.0	-1.0	-1.0	-1.0	-1.0	-1.0	55.0	-1.0	-1.0	34.0	66.0	50.0	-1.0	51.0	40.0	13.0	-1.0	-1.0	-1.0	12.0	-1.0	-1.0	-1.0	-1.0	-1.0	
-1.0	-1.0	-1.0	-1.0	-1.0	-1.0	50.0	-1.0	44.0	-1.0	-1.0	56.0	-1.0	-1.0	-1.0	-1.0	-1.0	-1.0	-1.0	-1.0	24.0	-1.0	40.0	-1.0	-1.0	-1.0	28.0	-1.0	-1.0	-1.0	-1.0	-1.0	-1.0	-1.0	-1.0	-1.0	50.0	-1.0	-1.0	40.0	-1.0	-1.0	-1.0	-1.0	-1.0	-1.0	-1.0	-1.0	-1.0	-1.0	
-1.0	-1.0	53.0	-1.0	-1.0	-1.0	50.0	-1.0	44.0	-1.0	-1.0	48.0	-1.0	47.0	50.0	-1.0	32.0	59.0	45.0	-1.0	41.0	-1.0	-1.0	-1.0	-1.0	-1.0	13.0	-1.0	-1.0	1.0	-1.0	55.0	1.0	-1.0	-1.0	66.0	50.0	-1.0	51.0	-1.0	-1.0	43.0	-1.0	-1.0	-1.0	-1.0	38.0	58.0	55.0	-1.0	
-1.0	-1.0	45.0	-1.0	-1.0	-1.0	51.0	-1.0	-1.0	-1.0	39.0	56.0	57.0	-1.0	65.0	-1.0	-1.0	37.0	-1.0	16.0	-1.0	-1.0	-1.0	-1.0	-1.0	-1.0	-1.0	50.0	-1.0	-1.0	-1.0	55.0	22.0	-1.0	56.0	66.0	50.0	-1.0	51.0	62.0	-1.0	-1.0	-1.0	48.0	-1.0	-1.0	-1.0	-1.0	56.0	-1.0	

maxX :
41.0	nan	66.0	66.0	66.0	66.0	55.0	66.0	66.0	nan	66.0	66.0	66.0	66.0	38.0	66.0	66.0	66.0	66.0	66.0	

maxW :
56.0	nan	66.0	66.0	66.0	66.0	55.0	66.0	66.0	nan	66.0	66.0	66.0	66.0	56.0	66.0	66.0	56.0	66.0	66.0	

minX :
0.0	nan	0.0	0.0	0.0	0.0	10.0	0.0	0.0	nan	0.0	0.0	0.0	0.0	0.0	0.0	0.0	0.0	0.0	0.0	

minW :
24.0	nan	16.0	1.0	1.0	1.0	13.0	1.0	1.0	nan	1.0	1.0	5.0	1.0	24.0	1.0	12.0	24.0	1.0	16.0	

moyX :
20.09090909090909	nan	22.928571428571427	23.615384615384617	24.4	23.304347826086957	23.61904761904762	23.346153846153847	23.772727272727273	nan	24.434782608695652	25.1	23.94736842105263	22.423076923076923	18.0	22.620689655172413	27.11111111111111	22.857142857142858	26.476190476190474	26.333333333333332	

moyW :
40.4	nan	45.6875	37.53846153846154	45.75	37.0	36.80952380952381	36.61538461538461	39.63636363636363	nan	36.04347826086956	40.166666666666664	35.10526315789474	35.84615384615385	41.25	36.93103448275862	45.142857142857146	41.5	42.857142857142854	49.0	

medX :
20.0	nan	17.0	18.0	17.5	20.0	20.0	20.0	20.5	nan	20.0	19.0	18.0	18.0	17.0	18.0	22.5	18.0	21.0	25.5	

medW :
42.0	nan	49.0	39.5	50.0	40.0	41.0	41.5	45.5	nan	36.0	45.0	40.0	37.0	42.5	40.0	50.0	42.0	48.0	51.0	

ecartTypeX :
11.980700734207687	nan	18.986703188262663	16.01460132570592	18.604838080456386	17.933293745842374	12.996249240879685	15.359643194203908	17.64532340356869	nan	18.201352283628296	18.164709374682182	17.491272061744112	16.898277283437178	11.236102527122116	17.351167690217018	19.32726597003682	18.736990951910418	17.608491045972674	17.838784213679535	

ecartTypeW :
12.67438361420389	nan	11.585113022754676	16.964285491836097	16.67895380412093	19.383991602216057	13.422153143640474	18.269514167842395	18.840347069147914	nan	18.15747123954062	18.547386758127292	17.82043397440172	18.54245089536711	12.028611723719408	16.85215843022583	15.54191173595331	10.331989159885913	17.22756847747988	13.017082793177758	

varX :
143.53719008264463	nan	360.4948979591836	256.46745562130184	346.14	321.60302457466923	168.90249433106578	235.91863905325442	311.3574380165289	nan	331.289224952741	329.9566666666667	305.9445983379501	285.551775147929	126.25	301.0630202140309	373.54320987654324	351.07482993197283	310.05895691609976	318.22222222222223	

varW :
160.64000000000004	nan	134.21484375	287.7869822485207	278.1875	375.7391304347826	180.15419501133786	333.77514792899404	354.95867768595036	nan	329.69376181474473	344.0055555555556	317.5678670360111	343.8224852071006	144.6875	283.9952437574316	241.55102040816323	106.75	296.7891156462585	169.44444444444446	

covarX :
157.89090909090908	nan	388.2252747252747	266.7261538461539	364.35789473684207	336.2213438735178	177.3476190476191	245.35538461538462	326.1839826839826	nan	346.3478260869565	341.33448275862077	322.9415204678362	296.9738461538461	144.28571428571428	311.81527093596054	395.516339869281	368.62857142857143	325.56190476190477	336.94117647058823	

covarW :
200.80000000000004	nan	143.1625	299.29846153846154	292.82894736842104	392.8181818181818	189.16190476190476	347.1261538461538	371.8614718614717	nan	344.67984189723313	355.86781609195407	335.2105263157895	357.5753846153846	192.91666666666666	294.13793103448273	260.1318681318681	122.0	311.6285714285714	179.41176470588235	

coef_variationX :
0.5963244709334143	nan	0.8280805128837299	0.6781427271471563	0.7624933639531306	0.7695256644671168	0.5502444235049866	0.6579089341833634	0.7422506976644573	nan	0.7448952002196634	0.7236936005849475	0.7304047674134905	0.7536109937724985	0.6242279181734509	0.7670485716711792	0.7128909579111942	0.8197433541460808	0.6650689064126369	0.6774221853296026	

coef_variationW :
0.3137223666882151	nan	0.25357292525865227	0.45191744138087964	0.36456729626493833	0.5238916649247582	0.3646380543550452	0.4989573197099814	0.47532985724914467	nan	0.5037657883105359	0.461760666177443	0.5076285539934522	0.5172786730467219	0.2916027084538038	0.45631428055700196	0.3442828549103581	0.24896359421411837	0.40197659780786393	0.26565475088117874	

moy_distances_centre :	31.8
min_distances_centre :	1.0
max_distances_centre :	68.0
med_distances_centre :	27.5
ecartType_distances_centre :	20.346006979257627
var_distances_centre :	413.96000000000004
covar_distances_centre :	435.74736842105267
coef_variation_distances_centre :	0.6398115402282273
capacite_X_temoin : 
172.0	169.0	153.0	0.0	160.0	
166.0	150.0	163.0	150.0	0.0	
145.0	0.0	178.0	138.0	178.0	
168.0	136.0	144.0	150.0	169.0	
163.0	136.0	168.0	172.0	159.0	
0.0	141.0	168.0	139.0	172.0	
135.0	171.0	136.0	154.0	139.0	
165.0	171.0	138.0	141.0	175.0	
156.0	169.0	139.0	145.0	150.0	
139.0	157.0	141.0	163.0	0.0	
150.0	0.0	175.0	159.0	159.0	
141.0	151.0	145.0	159.0	172.0	
178.0	139.0	154.0	171.0	150.0	
168.0	154.0	135.0	145.0	135.0	
159.0	168.0	157.0	0.0	156.0	
171.0	177.0	157.0	135.0	153.0	
145.0	0.0	159.0	153.0	172.0	
135.0	157.0	0.0	162.0	162.0	
142.0	148.0	153.0	169.0	144.0	
159.0	174.0	147.0	163.0	150.0	

capacite_W_temoin : 
174.6	211.7	78.9	0.0	87.0	
195.8	188.0	102.9	75.0	0.0	
130.5	0.0	211.4	115.4	144.4	
152.4	156.8	132.2	106.0	136.7	
144.9	169.8	217.4	171.6	137.7	
0.0	160.3	130.4	122.69999999999999	137.6	
148.5	201.3	126.8	142.2	86.69999999999999	
139.5	214.3	108.4	126.3	147.5	
179.8	188.7	113.69999999999999	112.5	129.0	
145.7	196.1	60.3	68.9	0.0	
125.0	0.0	133.5	116.69999999999999	134.7	
131.3	175.3	99.5	112.69999999999999	147.6	
198.4	172.7	110.19999999999999	182.3	138.0	
184.4	178.2	127.5	104.5	81.5	
148.7	210.4	98.1	0.0	115.8	
191.3	210.1	73.1	113.5	139.9	
146.5	0.0	136.7	184.9	124.6	
117.5	188.1	0.0	59.6	110.6	
173.6	185.4	131.9	134.7	121.19999999999999	
182.7	215.2	177.1	165.9	113.0	

demande_cumulee_X : 
49.0	8.0	120.0	0.0	121.0	
20.0	7.0	109.0	120.0	0.0	
58.0	0.0	20.0	64.0	87.0	
66.0	20.0	55.0	89.0	83.0	
67.0	7.0	1.0	52.0	69.0	
0.0	23.0	88.0	58.0	86.0	
27.0	21.0	50.0	58.0	94.0	
75.0	8.0	71.0	57.0	80.0	
23.0	31.0	67.0	76.0	66.0	
35.0	8.0	123.0	143.0	0.0	
70.0	0.0	94.0	90.0	72.0	
52.0	21.0	89.0	94.0	76.0	
33.0	8.0	90.0	40.0	57.0	
34.0	22.0	48.0	84.0	94.0	
58.0	8.0	106.0	0.0	87.0	
31.0	20.0	131.0	62.0	59.0	
42.0	0.0	70.0	14.0	99.0	
58.0	16.0	0.0	151.0	100.0	
11.0	7.0	67.0	85.0	66.0	
24.0	11.0	14.0	46.0	82.0	

demande_cumulee_W : 
116.0	45.0	66.0	0.0	71.0	
68.0	39.0	96.0	53.0	0.0	
22.0	0.0	129.0	58.0	20.0	
42.0	73.0	117.0	60.0	21.0	
42.0	68.0	77.0	1.0	8.0	
0.0	38.0	119.0	84.0	14.0	
39.0	18.0	126.0	67.0	0.0	
16.0	74.0	103.0	75.0	23.0	
46.0	30.0	85.0	75.0	27.0	
87.0	104.0	60.0	58.0	0.0	
36.0	0.0	128.0	116.0	46.0	
66.0	123.0	70.0	69.0	4.0	
40.0	12.0	33.0	143.0	0.0	
30.0	52.0	112.0	74.0	14.0	
62.0	53.0	96.0	0.0	48.0	
42.0	90.0	49.0	102.0	20.0	
79.0	0.0	38.0	81.0	27.0	
108.0	117.0	0.0	55.0	45.0	
30.0	56.0	102.0	42.0	6.0	
76.0	14.0	76.0	0.0	11.0	

capacite_residuelle_X : 
123.0	161.0	33.0	0.0	39.0	
146.0	143.0	54.0	30.0	0.0	
87.0	0.0	158.0	74.0	91.0	
102.0	116.0	89.0	61.0	86.0	
96.0	129.0	167.0	120.0	90.0	
0.0	118.0	80.0	81.0	86.0	
108.0	150.0	86.0	96.0	45.0	
90.0	163.0	67.0	84.0	95.0	
133.0	138.0	72.0	69.0	84.0	
104.0	149.0	18.0	20.0	0.0	
80.0	0.0	81.0	69.0	87.0	
89.0	130.0	56.0	65.0	96.0	
145.0	131.0	64.0	131.0	93.0	
134.0	132.0	87.0	61.0	41.0	
101.0	160.0	51.0	0.0	69.0	
140.0	157.0	26.0	73.0	94.0	
103.0	0.0	89.0	139.0	73.0	
77.0	141.0	0.0	11.0	62.0	
131.0	141.0	86.0	84.0	78.0	
135.0	163.0	133.0	117.0	68.0	

capacite_residuelle_W : 
58.599999999999994	166.7	12.900000000000006	0.0	16.0	
127.80000000000001	149.0	6.900000000000006	22.0	0.0	
108.5	0.0	82.4	57.400000000000006	124.4	
110.4	83.80000000000001	15.199999999999989	46.0	115.69999999999999	
102.9	101.80000000000001	140.4	170.6	129.7	
0.0	122.30000000000001	11.400000000000006	38.69999999999999	123.6	
109.5	183.3	0.7999999999999972	75.19999999999999	86.69999999999999	
123.5	140.3	5.400000000000006	51.3	124.5	
133.8	158.7	28.69999999999999	37.5	102.0	
58.69999999999999	92.1	0.29999999999999716	10.900000000000006	0.0	
89.0	0.0	5.5	0.6999999999999886	88.69999999999999	
65.30000000000001	52.30000000000001	29.5	43.69999999999999	143.6	
158.4	160.7	77.19999999999999	39.30000000000001	138.0	
154.4	126.19999999999999	15.5	30.5	67.5	
86.69999999999999	157.4	2.0999999999999943	0.0	67.8	
149.3	120.1	24.099999999999994	11.5	119.9	
67.5	0.0	98.69999999999999	103.9	97.6	
9.5	71.1	0.0	4.600000000000001	65.6	
143.6	129.4	29.900000000000006	92.69999999999999	115.19999999999999	
106.69999999999999	201.2	101.1	165.9	102.0	

min_capacite_X : 
0.0	0.0	0.0	136.0	136.0	0.0	135.0	138.0	139.0	0.0	0.0	141.0	139.0	135.0	0.0	135.0	0.0	0.0	142.0	147.0	

min_capacite_W : 
0.0	0.0	0.0	106.0	137.7	0.0	86.69999999999999	108.4	112.5	0.0	0.0	99.5	110.19999999999999	81.5	0.0	73.1	0.0	0.0	121.19999999999999	113.0	

max_capacite_X : 
172.0	166.0	178.0	169.0	172.0	172.0	171.0	175.0	169.0	163.0	175.0	172.0	178.0	168.0	168.0	177.0	172.0	162.0	169.0	174.0	

max_capacite_W : 
211.7	195.8	211.4	156.8	217.4	160.3	201.3	214.3	188.7	196.1	134.7	175.3	198.4	184.4	210.4	210.1	184.9	188.1	185.4	215.2	

moy_capacite_X : 
130.8	125.8	127.8	153.4	159.6	124.0	147.0	158.0	151.8	120.0	128.6	153.6	158.4	147.4	128.0	158.6	125.8	123.2	151.2	158.6	

moy_capacite_W : 
110.43999999999998	112.34	120.33999999999999	136.82000000000002	168.28000000000003	110.2	141.1	147.2	144.74	94.2	101.97999999999999	133.28	160.32	135.22	114.6	145.57999999999998	118.54	95.16000000000001	149.35999999999999	170.78	

med_capacite_X : 
160.0	150.0	145.0	150.0	163.0	141.0	139.0	165.0	150.0	141.0	159.0	151.0	154.0	145.0	157.0	157.0	153.0	157.0	148.0	159.0	

med_capacite_W : 
87.0	102.9	130.5	136.7	169.8	130.4	142.2	139.5	129.0	68.9	125.0	131.3	172.7	127.5	115.8	139.9	136.7	110.6	134.7	177.1	

ecartType_capacite_X : 
65.74313652389883	63.24049335670935	65.9890900073641	13.108775686539152	12.59523719506703	63.45076831686122	13.813037319865606	15.466091943344964	10.264501936285072	60.69596362197407	64.8030863462536	11.01998185116473	14.207040508142432	12.499599993599794	64.1404708432983	14.71869559437928	63.51503758953465	62.40320504589488	9.662297863344929	9.645724441429994	

ecartType_capacite_W : 
74.981720439051	73.2033769712846	68.52758860488235	17.962004342500315	27.956637852216783	56.51389209743035	36.99691879062364	36.066715958068606	32.90085713169187	68.84591491148912	51.40161086969941	26.605593396878035	31.927004244056477	40.38590843351181	68.91632607735268	50.13559214769484	62.61573604134986	62.76185465710841	25.295106246070606	33.21899456636217	

var_capacite_X : 
4322.16	3999.3599999999997	4354.56	171.84	158.64	4026.0	190.8	239.2	105.35999999999999	3684.0	4199.44	121.44000000000001	201.83999999999997	156.23999999999998	4114.0	216.64000000000001	4034.16	3894.16	93.35999999999999	93.03999999999999	

var_capacite_W : 
5622.2584	5358.7344	4696.0304000000015	322.6336000000001	781.5736000000002	3193.8200000000006	1368.7720000000004	1300.8080000000004	1082.4664	4739.76	2642.1256000000003	707.8576000000002	1019.3336000000003	1631.0216	4749.46	2513.5776	3920.7304000000004	3939.0504	639.8424000000002	1103.5015999999996	

covar_capacite_X : 
5402.7	4999.2	5443.200000000001	214.8	198.29999999999998	5032.5	238.5	299.0	131.7	4605.0	5249.299999999999	151.8	252.29999999999998	195.29999999999998	5142.5	270.8	5042.7	4867.7	116.69999999999999	116.3	

covar_capacite_W : 
7027.822999999999	6698.418000000001	5870.038000000001	403.29200000000014	976.9670000000002	3992.2750000000005	1710.9650000000006	1626.0100000000004	1353.083	5924.7	3302.657	884.8220000000002	1274.1670000000004	2038.777	5936.825	3141.972	4900.9130000000005	4923.813	799.8030000000002	1379.3769999999995	

##########	##########	##########	##########	##########	##########	##########	##########	##########	##########	##########	##########	##########	##########	##########	##########	##########	##########	##########	##########	##########	##########	##########	##########	##########	##########	##########	##########	##########	##########	##########	##########	##########	##########	##########	##########	##########	##########	##########	##########	##########	##########	##########	##########	##########	##########	##########	##########	##########	##########	