nombre de noeuds : 50
nombre de strates : 5
nombre de centres : 5
titre : fenetre
instances : p5_2
temps de calcul : 0.038986921310424805
valeur objective : 564.0
nombre de solutions : 3
nombre de noeuds : 1.0
faisability : True
moy_distances :	50.2
min_distances :	1.0
max_distances :	116.0
var_distances :	612.2527240316534
covar_distances :	612.5027251439572
ecartType_distances :	24.743741108240958
coef_variation	: 0.49293527276504157
distances_centre_x :
-1.0	-1.0	29.0	14.0	16.0	-1.0	-1.0	14.0	-1.0	0.0	9.0	-1.0	-1.0	5.0	-1.0	15.0	18.0	43.0	38.0	27.0	-1.0	-1.0	-1.0	-1.0	0.0	49.0	30.0	-1.0	22.0	18.0	-1.0	-1.0	10.0	27.0	14.0	14.0	12.0	25.0	14.0	32.0	-1.0	0.0	37.0	14.0	18.0	37.0	29.0	-1.0	14.0	37.0	
57.0	19.0	-1.0	14.0	-1.0	-1.0	0.0	-1.0	32.0	0.0	9.0	32.0	4.0	5.0	-1.0	-1.0	-1.0	43.0	38.0	27.0	13.0	-1.0	-1.0	-1.0	0.0	-1.0	29.0	19.0	15.0	-1.0	-1.0	31.0	-1.0	-1.0	14.0	-1.0	12.0	-1.0	14.0	32.0	-1.0	0.0	-1.0	-1.0	18.0	-1.0	29.0	0.0	-1.0	37.0	
57.0	19.0	-1.0	14.0	-1.0	-1.0	-1.0	14.0	-1.0	0.0	9.0	-1.0	4.0	5.0	10.0	-1.0	18.0	43.0	38.0	27.0	13.0	-1.0	50.0	37.0	-1.0	-1.0	-1.0	19.0	15.0	-1.0	56.0	-1.0	-1.0	27.0	14.0	-1.0	12.0	25.0	-1.0	32.0	48.0	0.0	-1.0	-1.0	18.0	-1.0	29.0	21.0	-1.0	37.0	
57.0	-1.0	29.0	14.0	-1.0	15.0	0.0	14.0	32.0	-1.0	9.0	-1.0	4.0	5.0	-1.0	-1.0	-1.0	43.0	38.0	27.0	-1.0	46.0	-1.0	37.0	0.0	49.0	-1.0	-1.0	15.0	-1.0	56.0	29.0	-1.0	-1.0	14.0	-1.0	-1.0	25.0	-1.0	32.0	40.0	0.0	-1.0	-1.0	18.0	-1.0	29.0	0.0	-1.0	37.0	
57.0	19.0	29.0	14.0	-1.0	-1.0	0.0	-1.0	32.0	0.0	-1.0	32.0	17.0	5.0	10.0	-1.0	18.0	43.0	38.0	27.0	-1.0	-1.0	50.0	37.0	0.0	49.0	29.0	-1.0	-1.0	-1.0	56.0	29.0	10.0	27.0	14.0	-1.0	-1.0	-1.0	-1.0	32.0	-1.0	0.0	-1.0	-1.0	18.0	-1.0	29.0	0.0	14.0	37.0	

distances_centre_w :
-1.0	-1.0	41.0	21.0	20.0	-1.0	-1.0	26.0	-1.0	22.0	28.0	-1.0	-1.0	27.0	-1.0	25.0	22.0	55.0	41.0	41.0	-1.0	-1.0	-1.0	-1.0	21.0	53.0	33.0	-1.0	36.0	30.0	-1.0	-1.0	31.0	36.0	31.0	51.0	13.0	34.0	28.0	35.0	-1.0	25.0	41.0	36.0	39.0	45.0	35.0	-1.0	20.0	38.0	
58.0	38.0	-1.0	21.0	-1.0	-1.0	25.0	-1.0	38.0	22.0	16.0	48.0	17.0	27.0	-1.0	-1.0	-1.0	55.0	41.0	41.0	26.0	-1.0	-1.0	-1.0	21.0	-1.0	30.0	44.0	22.0	-1.0	-1.0	41.0	-1.0	-1.0	31.0	-1.0	13.0	-1.0	28.0	35.0	-1.0	25.0	-1.0	-1.0	20.0	-1.0	35.0	21.0	-1.0	40.0	
58.0	38.0	-1.0	21.0	-1.0	-1.0	-1.0	26.0	-1.0	22.0	16.0	-1.0	28.0	33.0	45.0	-1.0	22.0	55.0	51.0	41.0	26.0	-1.0	54.0	43.0	-1.0	-1.0	-1.0	44.0	22.0	-1.0	57.0	-1.0	-1.0	42.0	31.0	-1.0	13.0	34.0	-1.0	35.0	50.0	25.0	-1.0	-1.0	20.0	-1.0	35.0	32.0	-1.0	37.0	
58.0	-1.0	41.0	21.0	-1.0	22.0	25.0	26.0	38.0	-1.0	16.0	-1.0	17.0	27.0	-1.0	-1.0	-1.0	55.0	41.0	41.0	-1.0	53.0	-1.0	52.0	21.0	58.0	-1.0	-1.0	22.0	-1.0	57.0	41.0	-1.0	-1.0	31.0	-1.0	-1.0	49.0	-1.0	35.0	48.0	25.0	-1.0	-1.0	20.0	-1.0	35.0	21.0	-1.0	37.0	
58.0	38.0	41.0	21.0	-1.0	-1.0	25.0	-1.0	38.0	22.0	-1.0	48.0	28.0	27.0	12.0	-1.0	22.0	55.0	41.0	41.0	-1.0	-1.0	54.0	43.0	21.0	53.0	30.0	-1.0	-1.0	-1.0	57.0	31.0	33.0	36.0	31.0	-1.0	-1.0	-1.0	-1.0	35.0	-1.0	25.0	-1.0	-1.0	20.0	-1.0	35.0	21.0	20.0	37.0	

maxX :
49.0	57.0	57.0	57.0	57.0	

maxW :
55.0	58.0	58.0	58.0	58.0	

minX :
0.0	0.0	0.0	0.0	0.0	

minW :
13.0	13.0	13.0	16.0	12.0	

moyX :
20.636363636363637	19.392857142857142	23.7	24.620689655172413	24.125	

moyW :
32.72727272727273	31.392857142857142	35.2	35.62068965517241	34.34375	

medX :
18.0	16.5	19.0	27.0	27.0	

medW :
33.0	29.0	34.5	35.0	34.0	

ecartTypeX :
12.426311727157655	14.782565227113919	15.786386540307442	16.98155955858051	16.486263221239675	

ecartTypeW :
9.924786013333906	11.527418512009547	12.531028156806075	13.471333019322149	12.154241479314948	

varX :
154.41322314049586	218.52423469387756	249.20999999999998	288.37336504161715	271.796875	

varW :
98.50137741046832	132.8813775510204	157.02666666666664	181.47681331747918	147.7255859375	

covarX :
159.23863636363637	226.61772486772486	257.803448275862	298.67241379310343	280.56451612903226	

covarW :
101.57954545454545	137.80291005291002	162.44137931034481	187.95812807881774	152.49092741935485	

coef_variationX :
0.6021560748842917	0.7622685568309203	0.6660922590847022	0.6897272089619535	0.6833684236783285	

coef_variationW :
0.3032573504074249	0.3671987694383018	0.35599511809108164	0.37818843907099936	0.35389966090816954	

moy_distances_centre :	47.3
min_distances_centre :	21.0
max_distances_centre :	87.0
med_distances_centre :	45.5
ecartType_distances_centre :	21.9182572299898
var_distances_centre :	480.41
covar_distances_centre :	505.69473684210527
coef_variation_distances_centre :	0.46338810211394926
capacite_X_temoin : 
177.0	163.0	153.0	177.0	172.0	
156.0	171.0	163.0	168.0	159.0	
163.0	177.0	163.0	144.0	177.0	
166.0	154.0	162.0	172.0	139.0	
163.0	156.0	168.0	159.0	154.0	

capacite_W_temoin : 
108.1	95.9	137.9	159.1	170.6	
60.8	165.3	164.9	168.4	151.7	
104.9	129.1	166.9	123.19999999999999	174.1	
162.8	132.2	160.6	142.6	113.69999999999999	
116.9	114.8	179.4	130.7	137.2	

demande_cumulee_X : 
122.0	116.0	61.0	71.0	53.0	
142.0	57.0	47.0	50.0	55.0	
107.0	101.0	45.0	64.0	56.0	
53.0	68.0	50.0	81.0	67.0	
95.0	88.0	39.0	76.0	63.0	

demande_cumulee_W : 
100.0	95.0	109.0	66.0	53.0	
39.0	158.0	46.0	76.0	32.0	
68.0	122.0	57.0	85.0	41.0	
67.0	114.0	45.0	53.0	40.0	
76.0	77.0	52.0	101.0	55.0	

capacite_residuelle_X : 
55.0	47.0	92.0	106.0	119.0	
14.0	114.0	116.0	118.0	104.0	
56.0	76.0	118.0	80.0	121.0	
113.0	86.0	112.0	91.0	72.0	
68.0	68.0	129.0	83.0	91.0	

capacite_residuelle_W : 
8.099999999999994	0.9000000000000057	28.900000000000006	93.1	117.6	
21.799999999999997	7.300000000000011	118.9	92.4	119.69999999999999	
36.900000000000006	7.099999999999994	109.9	38.19999999999999	133.1	
95.80000000000001	18.19999999999999	115.6	89.6	73.69999999999999	
40.900000000000006	37.8	127.4	29.69999999999999	82.19999999999999	

min_capacite_X : 
153.0	156.0	144.0	139.0	154.0	

min_capacite_W : 
95.9	60.8	104.9	113.69999999999999	114.8	

max_capacite_X : 
177.0	171.0	177.0	172.0	168.0	

max_capacite_W : 
170.6	168.4	174.1	162.8	179.4	

moy_capacite_X : 
168.4	163.4	164.8	158.6	160.0	

moy_capacite_W : 
134.32	142.21999999999997	139.64	142.38000000000002	135.8	

med_capacite_X : 
172.0	163.0	163.0	162.0	159.0	

med_capacite_W : 
137.9	164.9	129.1	142.6	130.7	

ecartType_capacite_X : 
9.243376006633074	5.535341001239218	12.139192724394814	11.412274094149685	5.019960159204453	

ecartType_capacite_W : 
28.658988118913058	41.1133749526842	26.528595891980412	18.303923076761446	23.354400013701916	

var_capacite_X : 
85.44000000000001	30.639999999999997	147.35999999999999	130.24	25.2	

var_capacite_W : 
821.3375999999998	1690.3096	703.7664000000001	335.0336000000002	545.4280000000001	

covar_capacite_X : 
106.80000000000001	38.3	184.2	162.8	31.5	

covar_capacite_W : 
1026.6719999999998	2112.887	879.7080000000001	418.79200000000026	681.7850000000002	

##########	##########	##########	##########	##########	##########	##########	##########	##########	##########	##########	##########	##########	##########	##########	##########	##########	##########	##########	##########	##########	##########	##########	##########	##########	##########	##########	##########	##########	##########	##########	##########	##########	##########	##########	##########	##########	##########	##########	##########	##########	##########	##########	##########	##########	##########	##########	##########	##########	##########	nombre de noeuds : 50
nombre de strates : 5
nombre de centres : 5
titre : fenetre
instances : p5_2
temps de calcul : 0.0398259162902832
valeur objective : 567.0
nombre de solutions : 3
nombre de noeuds : 1.0
faisability : True
moy_distances :	50.2
min_distances :	1.0
max_distances :	116.0
var_distances :	612.2527240316534
covar_distances :	612.5027251439572
ecartType_distances :	24.743741108240958
coef_variation	: 0.49293527276504157
distances_centre_x :
-1.0	-1.0	29.0	14.0	16.0	-1.0	-1.0	14.0	-1.0	0.0	9.0	-1.0	-1.0	5.0	-1.0	15.0	8.0	43.0	38.0	27.0	-1.0	-1.0	-1.0	-1.0	0.0	49.0	30.0	-1.0	15.0	30.0	-1.0	-1.0	10.0	36.0	19.0	6.0	9.0	25.0	30.0	32.0	-1.0	0.0	41.0	14.0	20.0	37.0	29.0	-1.0	0.0	37.0	
57.0	19.0	-1.0	14.0	-1.0	-1.0	20.0	-1.0	24.0	0.0	9.0	32.0	4.0	5.0	-1.0	-1.0	-1.0	43.0	38.0	27.0	26.0	-1.0	-1.0	-1.0	0.0	-1.0	46.0	19.0	15.0	-1.0	-1.0	29.0	-1.0	-1.0	19.0	-1.0	9.0	-1.0	28.0	32.0	-1.0	0.0	-1.0	-1.0	20.0	-1.0	29.0	0.0	-1.0	37.0	
57.0	19.0	-1.0	14.0	-1.0	-1.0	-1.0	14.0	-1.0	0.0	9.0	-1.0	4.0	5.0	10.0	-1.0	8.0	43.0	38.0	27.0	26.0	-1.0	50.0	43.0	-1.0	-1.0	-1.0	19.0	15.0	-1.0	56.0	-1.0	-1.0	36.0	31.0	-1.0	9.0	25.0	-1.0	32.0	40.0	0.0	-1.0	-1.0	20.0	-1.0	29.0	0.0	-1.0	37.0	
57.0	-1.0	29.0	14.0	-1.0	15.0	20.0	14.0	24.0	-1.0	9.0	-1.0	17.0	5.0	-1.0	-1.0	-1.0	43.0	38.0	27.0	-1.0	46.0	-1.0	37.0	0.0	49.0	-1.0	-1.0	15.0	-1.0	56.0	29.0	-1.0	-1.0	19.0	-1.0	-1.0	25.0	-1.0	32.0	40.0	0.0	-1.0	-1.0	20.0	-1.0	29.0	0.0	-1.0	37.0	
57.0	19.0	29.0	14.0	-1.0	-1.0	20.0	-1.0	24.0	0.0	-1.0	32.0	4.0	5.0	10.0	-1.0	8.0	43.0	38.0	27.0	-1.0	-1.0	50.0	37.0	0.0	53.0	29.0	-1.0	-1.0	-1.0	56.0	29.0	10.0	27.0	19.0	-1.0	-1.0	-1.0	-1.0	32.0	-1.0	0.0	-1.0	-1.0	20.0	-1.0	29.0	0.0	0.0	37.0	

distances_centre_w :
-1.0	-1.0	41.0	21.0	20.0	-1.0	-1.0	26.0	-1.0	22.0	16.0	-1.0	-1.0	27.0	-1.0	25.0	22.0	55.0	41.0	41.0	-1.0	-1.0	-1.0	-1.0	21.0	53.0	46.0	-1.0	36.0	40.0	-1.0	-1.0	33.0	42.0	31.0	17.0	13.0	49.0	41.0	42.0	-1.0	14.0	58.0	46.0	26.0	58.0	35.0	-1.0	14.0	38.0	
58.0	33.0	-1.0	21.0	-1.0	-1.0	25.0	-1.0	38.0	22.0	16.0	48.0	17.0	27.0	-1.0	-1.0	-1.0	55.0	41.0	41.0	33.0	-1.0	-1.0	-1.0	21.0	-1.0	50.0	51.0	36.0	-1.0	-1.0	38.0	-1.0	-1.0	31.0	-1.0	13.0	-1.0	41.0	42.0	-1.0	14.0	-1.0	-1.0	39.0	-1.0	35.0	21.0	-1.0	38.0	
58.0	33.0	-1.0	21.0	-1.0	-1.0	-1.0	26.0	-1.0	22.0	16.0	-1.0	17.0	27.0	23.0	-1.0	22.0	55.0	41.0	41.0	33.0	-1.0	54.0	52.0	-1.0	-1.0	-1.0	28.0	36.0	-1.0	57.0	-1.0	-1.0	42.0	47.0	-1.0	13.0	37.0	-1.0	42.0	50.0	14.0	-1.0	-1.0	26.0	-1.0	35.0	21.0	-1.0	38.0	
58.0	-1.0	41.0	21.0	-1.0	24.0	25.0	26.0	38.0	-1.0	16.0	-1.0	28.0	27.0	-1.0	-1.0	-1.0	55.0	41.0	57.0	-1.0	53.0	-1.0	43.0	21.0	53.0	-1.0	-1.0	45.0	-1.0	57.0	44.0	-1.0	-1.0	47.0	-1.0	-1.0	37.0	-1.0	42.0	50.0	14.0	-1.0	-1.0	26.0	-1.0	54.0	32.0	-1.0	38.0	
58.0	33.0	41.0	21.0	-1.0	-1.0	25.0	-1.0	38.0	22.0	-1.0	51.0	17.0	27.0	12.0	-1.0	22.0	55.0	41.0	41.0	-1.0	-1.0	54.0	43.0	21.0	58.0	40.0	-1.0	-1.0	-1.0	57.0	38.0	41.0	36.0	31.0	-1.0	-1.0	-1.0	-1.0	42.0	-1.0	14.0	-1.0	-1.0	26.0	-1.0	35.0	21.0	14.0	38.0	

maxX :
49.0	57.0	57.0	57.0	57.0	

maxW :
58.0	58.0	58.0	58.0	58.0	

minX :
0.0	0.0	0.0	0.0	0.0	

minW :
13.0	13.0	13.0	14.0	12.0	

moyX :
20.818181818181817	21.464285714285715	23.866666666666667	25.724137931034484	23.6875	

moyW :
33.63636363636363	33.75	34.233333333333334	38.37931034482759	34.78125	

medX :
19.0	20.0	22.5	25.0	25.5	

medW :
35.0	35.5	34.0	41.0	37.0	

ecartTypeX :
13.826751728474825	14.794985016303768	16.4979460001002	15.776229503917765	16.991610981599127	

ecartTypeW :
13.243221666580714	12.379779019490961	13.373315054823003	13.171059688479101	13.455329740942807	

varX :
191.17906336088154	218.89158163265301	272.1822222222222	248.8894173602854	288.71484375	

varW :
175.38292011019286	153.25892857142858	178.8455555555556	173.47681331747918	181.0458984375	

covarX :
197.1534090909091	226.99867724867718	281.567816091954	257.7783251231527	298.0282258064516	

covarW :
180.86363636363635	158.9351851851852	185.01264367816094	179.6724137931035	186.8860887096774	

coef_variationX :
0.6641671135948607	0.6892838277146514	0.6912547206745894	0.6132850611442563	0.7173239464527336	

coef_variationW :
0.3937174008983456	0.36680826724417664	0.3906518516501364	0.34318124974473846	0.3868558416084185	

moy_distances_centre :	51.9
min_distances_centre :	14.0
max_distances_centre :	88.0
med_distances_centre :	57.0
ecartType_distances_centre :	26.394885868288956
var_distances_centre :	696.6899999999999
covar_distances_centre :	733.357894736842
coef_variation_distances_centre :	0.5085719820479567
capacite_X_temoin : 
163.0	153.0	177.0	172.0	156.0	
171.0	163.0	168.0	159.0	175.0	
177.0	163.0	144.0	177.0	135.0	
154.0	162.0	172.0	139.0	157.0	
156.0	168.0	159.0	154.0	177.0	

capacite_W_temoin : 
95.9	143.9	148.1	162.6	93.8	
127.3	164.9	135.4	151.7	156.5	
119.1	174.9	88.19999999999999	157.1	122.5	
132.2	157.6	132.6	116.69999999999999	161.1	
114.8	188.4	115.69999999999999	134.2	144.1	

demande_cumulee_X : 
116.0	55.0	82.0	61.0	109.0	
95.0	47.0	83.0	55.0	71.0	
111.0	37.0	99.0	73.0	53.0	
68.0	53.0	91.0	64.0	43.0	
88.0	30.0	91.0	66.0	86.0	

demande_cumulee_W : 
92.0	140.0	96.0	49.0	46.0	
105.0	97.0	67.0	36.0	46.0	
116.0	89.0	53.0	42.0	73.0	
117.0	56.0	34.0	45.0	67.0	
101.0	62.0	90.0	57.0	51.0	

capacite_residuelle_X : 
47.0	98.0	95.0	111.0	47.0	
76.0	116.0	85.0	104.0	104.0	
66.0	126.0	45.0	104.0	82.0	
86.0	109.0	81.0	75.0	114.0	
68.0	138.0	68.0	88.0	91.0	

capacite_residuelle_W : 
3.9000000000000057	3.9000000000000057	52.099999999999994	113.6	47.8	
22.299999999999997	67.9	68.4	115.69999999999999	110.5	
3.0999999999999943	85.9	35.19999999999999	115.1	49.5	
15.199999999999989	101.6	98.6	71.69999999999999	94.1	
13.799999999999997	126.4	25.69999999999999	77.19999999999999	93.1	

min_capacite_X : 
153.0	159.0	135.0	139.0	154.0	

min_capacite_W : 
93.8	127.3	88.19999999999999	116.69999999999999	114.8	

max_capacite_X : 
177.0	175.0	177.0	172.0	177.0	

max_capacite_W : 
162.6	164.9	174.9	161.1	188.4	

moy_capacite_X : 
164.2	167.2	159.2	156.8	162.8	

moy_capacite_W : 
128.85999999999999	147.16	132.35999999999999	140.04	139.44	

med_capacite_X : 
163.0	168.0	163.0	157.0	159.0	

med_capacite_W : 
143.9	151.7	122.5	132.6	134.2	

ecartType_capacite_X : 
9.15204895091804	5.67097875150313	17.116074316267735	10.796295661012623	8.565045242145542	

ecartType_capacite_W : 
28.461665446702163	13.822242943893007	30.479081350985634	16.813399418321094	26.895992266506923	

var_capacite_X : 
83.75999999999999	32.16	292.96	116.55999999999999	73.35999999999999	

var_capacite_W : 
810.0663999999999	191.05440000000004	928.9744000000003	282.69040000000007	723.3944000000002	

covar_capacite_X : 
104.69999999999999	40.199999999999996	366.2	145.7	91.69999999999999	

covar_capacite_W : 
1012.5829999999999	238.81800000000004	1161.2180000000003	353.36300000000006	904.2430000000003	

##########	##########	##########	##########	##########	##########	##########	##########	##########	##########	##########	##########	##########	##########	##########	##########	##########	##########	##########	##########	##########	##########	##########	##########	##########	##########	##########	##########	##########	##########	##########	##########	##########	##########	##########	##########	##########	##########	##########	##########	##########	##########	##########	##########	##########	##########	##########	##########	##########	##########	nombre de noeuds : 50
nombre de strates : 5
nombre de centres : 5
titre : fenetre
instances : p5_2
temps de calcul : 0.03929901123046875
valeur objective : 579.0
nombre de solutions : 3
nombre de noeuds : 1.0
faisability : True
moy_distances :	50.2
min_distances :	1.0
max_distances :	116.0
var_distances :	612.2527240316534
covar_distances :	612.5027251439572
ecartType_distances :	24.743741108240958
coef_variation	: 0.49293527276504157
distances_centre_x :
-1.0	-1.0	13.0	14.0	20.0	-1.0	-1.0	14.0	-1.0	22.0	9.0	-1.0	-1.0	5.0	-1.0	15.0	8.0	43.0	38.0	27.0	-1.0	-1.0	-1.0	-1.0	0.0	24.0	13.0	-1.0	15.0	18.0	-1.0	-1.0	10.0	27.0	19.0	6.0	9.0	9.0	23.0	0.0	-1.0	14.0	9.0	14.0	17.0	37.0	15.0	-1.0	0.0	5.0	
57.0	23.0	-1.0	14.0	-1.0	-1.0	20.0	-1.0	24.0	0.0	9.0	39.0	17.0	5.0	-1.0	-1.0	-1.0	43.0	38.0	27.0	26.0	-1.0	-1.0	-1.0	0.0	-1.0	13.0	13.0	36.0	-1.0	-1.0	4.0	-1.0	-1.0	19.0	-1.0	9.0	-1.0	23.0	0.0	-1.0	14.0	-1.0	-1.0	17.0	-1.0	15.0	0.0	-1.0	5.0	
57.0	23.0	-1.0	14.0	-1.0	-1.0	-1.0	14.0	-1.0	0.0	9.0	-1.0	4.0	5.0	12.0	-1.0	8.0	43.0	38.0	27.0	26.0	-1.0	50.0	43.0	-1.0	-1.0	-1.0	13.0	15.0	-1.0	56.0	-1.0	-1.0	27.0	19.0	-1.0	9.0	9.0	-1.0	0.0	13.0	14.0	-1.0	-1.0	17.0	-1.0	15.0	0.0	-1.0	5.0	
57.0	-1.0	13.0	14.0	-1.0	22.0	20.0	14.0	24.0	-1.0	9.0	-1.0	4.0	5.0	-1.0	-1.0	-1.0	43.0	38.0	27.0	-1.0	46.0	-1.0	37.0	0.0	24.0	-1.0	-1.0	15.0	-1.0	56.0	4.0	-1.0	-1.0	19.0	-1.0	-1.0	9.0	-1.0	0.0	13.0	14.0	-1.0	-1.0	17.0	-1.0	15.0	0.0	-1.0	5.0	
57.0	23.0	13.0	14.0	-1.0	-1.0	20.0	-1.0	24.0	0.0	-1.0	32.0	4.0	5.0	12.0	-1.0	8.0	43.0	38.0	27.0	-1.0	-1.0	50.0	37.0	0.0	24.0	13.0	-1.0	-1.0	-1.0	56.0	4.0	10.0	27.0	19.0	-1.0	-1.0	-1.0	-1.0	0.0	-1.0	14.0	-1.0	-1.0	17.0	-1.0	15.0	0.0	0.0	5.0	

distances_centre_w :
-1.0	-1.0	41.0	21.0	40.0	-1.0	-1.0	26.0	-1.0	42.0	16.0	-1.0	-1.0	27.0	-1.0	25.0	47.0	55.0	41.0	57.0	-1.0	-1.0	-1.0	-1.0	21.0	49.0	30.0	-1.0	42.0	30.0	-1.0	-1.0	33.0	36.0	47.0	40.0	34.0	37.0	28.0	42.0	-1.0	32.0	37.0	36.0	26.0	58.0	29.0	-1.0	42.0	46.0	
58.0	61.0	-1.0	21.0	-1.0	-1.0	35.0	-1.0	64.0	22.0	16.0	48.0	28.0	27.0	-1.0	-1.0	-1.0	55.0	41.0	57.0	59.0	-1.0	-1.0	-1.0	21.0	-1.0	29.0	28.0	38.0	-1.0	-1.0	38.0	-1.0	-1.0	47.0	-1.0	34.0	-1.0	28.0	42.0	-1.0	32.0	-1.0	-1.0	26.0	-1.0	29.0	21.0	-1.0	38.0	
58.0	33.0	-1.0	22.0	-1.0	-1.0	-1.0	26.0	-1.0	22.0	16.0	-1.0	28.0	27.0	23.0	-1.0	47.0	55.0	41.0	57.0	33.0	-1.0	54.0	52.0	-1.0	-1.0	-1.0	44.0	36.0	-1.0	57.0	-1.0	-1.0	42.0	47.0	-1.0	34.0	49.0	-1.0	42.0	50.0	32.0	-1.0	-1.0	26.0	-1.0	29.0	21.0	-1.0	38.0	
58.0	-1.0	41.0	21.0	-1.0	24.0	35.0	26.0	64.0	-1.0	16.0	-1.0	17.0	27.0	-1.0	-1.0	-1.0	55.0	41.0	57.0	-1.0	53.0	-1.0	52.0	22.0	49.0	-1.0	-1.0	36.0	-1.0	57.0	64.0	-1.0	-1.0	47.0	-1.0	-1.0	37.0	-1.0	42.0	50.0	32.0	-1.0	-1.0	26.0	-1.0	29.0	32.0	-1.0	38.0	
58.0	33.0	41.0	21.0	-1.0	-1.0	35.0	-1.0	64.0	22.0	-1.0	39.0	17.0	27.0	23.0	-1.0	47.0	55.0	41.0	57.0	-1.0	-1.0	54.0	52.0	21.0	49.0	29.0	-1.0	-1.0	-1.0	57.0	41.0	45.0	36.0	47.0	-1.0	-1.0	-1.0	-1.0	42.0	-1.0	32.0	-1.0	-1.0	26.0	-1.0	29.0	32.0	42.0	38.0	

maxX :
43.0	57.0	57.0	57.0	57.0	

maxW :
58.0	64.0	58.0	64.0	64.0	

minX :
0.0	0.0	0.0	0.0	0.0	

minW :
16.0	16.0	16.0	16.0	17.0	

moyX :
15.515151515151516	18.214285714285715	19.5	19.448275862068964	19.09375	

moyW :
36.75757575757576	37.25	38.03333333333333	39.58620689655172	39.125	

medX :
14.0	16.0	14.0	15.0	14.5	

medW :
37.0	34.5	37.0	38.0	40.0	

ecartTypeX :
10.313630910246921	14.180865233669989	16.15085137074823	15.788660721295393	16.23914902134653	

ecartTypeW :
10.257385522608201	13.733756639338393	12.346344488237085	14.060257616169624	12.409044080830723	

varX :
106.37098255280074	201.0969387755102	260.85	249.28180737217596	263.7099609375	

varW :
105.21395775941231	188.61607142857142	152.43222222222224	197.6908442330559	153.984375	

covarX :
109.69507575757576	208.54497354497354	269.8448275862069	258.1847290640394	272.21673387096774	

covarW :
108.50189393939394	195.60185185185185	157.68850574712638	204.75123152709364	158.9516129032258	

coef_variationX :
0.6647457422620086	0.7785573069465875	0.828248788243499	0.8118282994992313	0.8504955297595564	

coef_variationW :
0.2790550059736774	0.36869145340505755	0.32461904877047554	0.35518072375341386	0.31716406596372454	

moy_distances_centre :	48.2
min_distances_centre :	21.0
max_distances_centre :	88.0
med_distances_centre :	42.5
ecartType_distances_centre :	20.62425756239482
var_distances_centre :	425.35999999999996
covar_distances_centre :	447.74736842105256
coef_variation_distances_centre :	0.42788916104553565
capacite_X_temoin : 
163.0	153.0	177.0	172.0	156.0	
171.0	163.0	159.0	159.0	175.0	
177.0	163.0	157.0	177.0	135.0	
154.0	162.0	151.0	139.0	157.0	
156.0	168.0	153.0	154.0	177.0	

capacite_W_temoin : 
115.9	131.9	113.1	186.6	96.8	
152.3	181.9	89.69999999999999	154.7	145.5	
121.1	187.9	111.1	161.1	97.5	
131.2	183.6	97.3	114.69999999999999	146.1	
124.8	200.4	102.9	134.2	127.1	

demande_cumulee_X : 
96.0	67.0	117.0	37.0	106.0	
70.0	30.0	117.0	52.0	82.0	
109.0	24.0	93.0	69.0	78.0	
69.0	27.0	99.0	66.0	58.0	
78.0	18.0	96.0	66.0	103.0	

demande_cumulee_W : 
115.0	111.0	109.0	37.0	51.0	
132.0	75.0	64.0	51.0	29.0	
116.0	121.0	61.0	42.0	33.0	
123.0	83.0	41.0	37.0	35.0	
109.0	78.0	93.0	53.0	28.0	

capacite_residuelle_X : 
67.0	86.0	60.0	135.0	50.0	
101.0	133.0	42.0	107.0	93.0	
68.0	139.0	64.0	108.0	57.0	
85.0	135.0	52.0	73.0	99.0	
78.0	150.0	57.0	88.0	74.0	

capacite_residuelle_W : 
0.9000000000000057	20.900000000000006	4.099999999999994	149.6	45.8	
20.30000000000001	106.9	25.69999999999999	103.69999999999999	116.5	
5.099999999999994	66.9	50.099999999999994	119.1	64.5	
8.199999999999989	100.6	56.3	77.69999999999999	111.1	
15.799999999999997	122.4	9.900000000000006	81.19999999999999	99.1	

min_capacite_X : 
153.0	159.0	135.0	139.0	153.0	

min_capacite_W : 
96.8	89.69999999999999	97.5	97.3	102.9	

max_capacite_X : 
177.0	175.0	177.0	162.0	177.0	

max_capacite_W : 
186.6	181.9	187.9	183.6	200.4	

moy_capacite_X : 
164.2	165.4	161.8	152.6	161.6	

moy_capacite_W : 
128.85999999999999	144.82	135.74	134.57999999999998	137.88	

med_capacite_X : 
163.0	163.0	163.0	154.0	156.0	

med_capacite_W : 
115.9	152.3	121.1	131.2	127.1	

ecartType_capacite_X : 
9.15204895091804	6.499230723708768	15.522886329545804	7.709734106958554	9.393614852653903	

ecartType_capacite_W : 
30.94295396370553	30.223064040563465	33.60818947816142	29.435040343101278	32.96418662730813	

var_capacite_X : 
83.75999999999999	42.239999999999995	240.95999999999998	59.44000000000001	88.24	

var_capacite_W : 
957.4663999999999	913.4336000000003	1129.5104000000001	866.4215999999999	1086.6376000000002	

covar_capacite_X : 
104.69999999999999	52.8	301.2	74.30000000000001	110.3	

covar_capacite_W : 
1196.8329999999999	1141.7920000000004	1411.8880000000001	1083.0269999999998	1358.2970000000003	

##########	##########	##########	##########	##########	##########	##########	##########	##########	##########	##########	##########	##########	##########	##########	##########	##########	##########	##########	##########	##########	##########	##########	##########	##########	##########	##########	##########	##########	##########	##########	##########	##########	##########	##########	##########	##########	##########	##########	##########	##########	##########	##########	##########	##########	##########	##########	##########	##########	##########	nombre de noeuds : 50
nombre de strates : 5
nombre de centres : 5
titre : fenetre
instances : p5_2
temps de calcul : 0.039880990982055664
valeur objective : 482.0
nombre de solutions : 3
nombre de noeuds : 1.0
faisability : True
moy_distances :	50.2
min_distances :	1.0
max_distances :	116.0
var_distances :	612.2527240316534
covar_distances :	612.5027251439572
ecartType_distances :	24.743741108240958
coef_variation	: 0.49293527276504157
distances_centre_x :
-1.0	-1.0	13.0	14.0	16.0	-1.0	-1.0	26.0	-1.0	22.0	9.0	-1.0	-1.0	27.0	-1.0	15.0	8.0	19.0	16.0	27.0	-1.0	-1.0	-1.0	-1.0	0.0	24.0	13.0	-1.0	34.0	18.0	-1.0	-1.0	25.0	0.0	19.0	6.0	9.0	9.0	23.0	0.0	-1.0	14.0	9.0	31.0	17.0	24.0	15.0	-1.0	0.0	5.0	
30.0	23.0	-1.0	14.0	-1.0	-1.0	20.0	-1.0	24.0	22.0	9.0	32.0	4.0	27.0	-1.0	-1.0	-1.0	19.0	16.0	27.0	33.0	-1.0	-1.0	-1.0	0.0	-1.0	13.0	13.0	34.0	-1.0	-1.0	4.0	-1.0	-1.0	19.0	-1.0	9.0	-1.0	23.0	0.0	-1.0	14.0	-1.0	-1.0	17.0	-1.0	15.0	0.0	-1.0	5.0	
30.0	23.0	-1.0	14.0	-1.0	-1.0	-1.0	26.0	-1.0	22.0	9.0	-1.0	34.0	27.0	12.0	-1.0	8.0	19.0	16.0	27.0	33.0	-1.0	22.0	10.0	-1.0	-1.0	-1.0	13.0	34.0	-1.0	29.0	-1.0	-1.0	0.0	19.0	-1.0	9.0	9.0	-1.0	0.0	13.0	14.0	-1.0	-1.0	17.0	-1.0	15.0	21.0	-1.0	5.0	
30.0	-1.0	13.0	14.0	-1.0	21.0	20.0	26.0	24.0	-1.0	9.0	-1.0	4.0	27.0	-1.0	-1.0	-1.0	19.0	16.0	27.0	-1.0	19.0	-1.0	10.0	0.0	24.0	-1.0	-1.0	34.0	-1.0	29.0	4.0	-1.0	-1.0	19.0	-1.0	-1.0	9.0	-1.0	0.0	13.0	14.0	-1.0	-1.0	17.0	-1.0	15.0	0.0	-1.0	5.0	
30.0	23.0	13.0	14.0	-1.0	-1.0	20.0	-1.0	24.0	22.0	-1.0	32.0	4.0	27.0	12.0	-1.0	8.0	19.0	16.0	27.0	-1.0	-1.0	22.0	10.0	0.0	24.0	13.0	-1.0	-1.0	-1.0	29.0	4.0	25.0	0.0	19.0	-1.0	-1.0	-1.0	-1.0	0.0	-1.0	14.0	-1.0	-1.0	17.0	-1.0	29.0	0.0	0.0	5.0	

distances_centre_w :
-1.0	-1.0	41.0	22.0	20.0	-1.0	-1.0	42.0	-1.0	27.0	28.0	-1.0	-1.0	53.0	-1.0	21.0	47.0	55.0	38.0	61.0	-1.0	-1.0	-1.0	-1.0	21.0	49.0	30.0	-1.0	36.0	30.0	-1.0	-1.0	33.0	36.0	59.0	40.0	34.0	37.0	30.0	42.0	-1.0	32.0	37.0	36.0	48.0	58.0	29.0	-1.0	42.0	59.0	
57.0	33.0	-1.0	22.0	-1.0	-1.0	35.0	-1.0	64.0	27.0	28.0	48.0	17.0	36.0	-1.0	-1.0	-1.0	55.0	38.0	61.0	47.0	-1.0	-1.0	-1.0	21.0	-1.0	30.0	28.0	36.0	-1.0	-1.0	64.0	-1.0	-1.0	49.0	-1.0	34.0	-1.0	30.0	42.0	-1.0	32.0	-1.0	-1.0	48.0	-1.0	29.0	21.0	-1.0	38.0	
57.0	33.0	-1.0	22.0	-1.0	-1.0	-1.0	29.0	-1.0	27.0	28.0	-1.0	60.0	53.0	23.0	-1.0	47.0	55.0	38.0	61.0	47.0	-1.0	54.0	43.0	-1.0	-1.0	-1.0	28.0	47.0	-1.0	56.0	-1.0	-1.0	36.0	49.0	-1.0	34.0	37.0	-1.0	42.0	50.0	32.0	-1.0	-1.0	26.0	-1.0	29.0	36.0	-1.0	38.0	
57.0	-1.0	41.0	22.0	-1.0	24.0	35.0	29.0	64.0	-1.0	28.0	-1.0	34.0	27.0	-1.0	-1.0	-1.0	55.0	38.0	61.0	-1.0	53.0	-1.0	43.0	21.0	49.0	-1.0	-1.0	36.0	-1.0	56.0	38.0	-1.0	-1.0	49.0	-1.0	-1.0	37.0	-1.0	42.0	50.0	32.0	-1.0	-1.0	26.0	-1.0	29.0	21.0	-1.0	38.0	
57.0	33.0	41.0	22.0	-1.0	-1.0	35.0	-1.0	64.0	27.0	-1.0	48.0	17.0	53.0	23.0	-1.0	47.0	55.0	38.0	61.0	-1.0	-1.0	54.0	43.0	21.0	49.0	30.0	-1.0	-1.0	-1.0	56.0	38.0	41.0	36.0	49.0	-1.0	-1.0	-1.0	-1.0	43.0	-1.0	32.0	-1.0	-1.0	48.0	-1.0	54.0	21.0	42.0	38.0	

maxX :
34.0	34.0	34.0	34.0	32.0	

maxW :
61.0	64.0	61.0	64.0	64.0	

minX :
0.0	0.0	0.0	0.0	0.0	

minW :
20.0	17.0	22.0	21.0	17.0	

moyX :
15.363636363636363	16.642857142857142	17.666666666666668	15.931034482758621	15.6875	

moyW :
38.57575757575758	38.214285714285715	40.56666666666667	39.13793103448276	41.125	

medX :
15.0	16.5	16.5	16.0	16.5	

medW :
37.0	35.5	38.0	38.0	41.5	

ecartTypeX :
9.091515131314479	10.054189907390727	9.396216732754139	9.406274628040652	10.038791946743393	

ecartTypeW :
11.573298168054128	13.156630981201463	11.566282414366723	12.353204632195604	12.461816681367127	

varX :
82.65564738292011	101.08673469387755	88.28888888888888	88.4780023781213	100.77734375	

varW :
133.94123048668504	173.09693877551018	133.7788888888889	152.60166468489894	155.296875	

covarX :
85.23863636363636	104.83068783068781	91.33333333333334	91.63793103448276	104.02822580645162	

covarW :
138.12689393939394	179.50793650793648	138.39195402298853	158.05172413793102	160.30645161290323	

coef_variationX :
0.5917554227482796	0.6041144150363528	0.5318613244955173	0.5904371519765778	0.6399229926210928	

coef_variationW :
0.3000147993289758	0.34428567053611303	0.28511789024733086	0.31563254126314755	0.3030228980271642	

moy_distances_centre :	55.2
min_distances_centre :	21.0
max_distances_centre :	88.0
med_distances_centre :	53.5
ecartType_distances_centre :	20.10870458284173
var_distances_centre :	404.36
covar_distances_centre :	425.6421052631579
coef_variation_distances_centre :	0.364288126500756
capacite_X_temoin : 
153.0	157.0	177.0	172.0	156.0	
163.0	148.0	159.0	159.0	175.0	
163.0	153.0	157.0	177.0	135.0	
162.0	172.0	151.0	139.0	157.0	
168.0	157.0	153.0	154.0	177.0	

capacite_W_temoin : 
120.9	122.1	113.1	183.6	96.8	
152.9	142.4	92.69999999999999	179.7	126.5	
131.9	111.9	111.1	214.1	78.5	
163.6	136.6	97.3	152.7	146.1	
152.4	117.1	120.9	173.2	127.1	

demande_cumulee_X : 
78.0	82.0	117.0	40.0	106.0	
59.0	50.0	114.0	27.0	101.0	
80.0	87.0	93.0	16.0	97.0	
47.0	87.0	99.0	28.0	58.0	
66.0	87.0	78.0	27.0	103.0	

demande_cumulee_W : 
119.0	38.0	99.0	99.0	68.0	
97.0	21.0	82.0	93.0	58.0	
73.0	28.0	100.0	108.0	64.0	
80.0	3.0	78.0	101.0	57.0	
81.0	21.0	103.0	105.0	51.0	

capacite_residuelle_X : 
75.0	75.0	60.0	132.0	50.0	
104.0	98.0	45.0	132.0	74.0	
83.0	66.0	64.0	161.0	38.0	
115.0	85.0	52.0	111.0	99.0	
102.0	70.0	75.0	127.0	74.0	

capacite_residuelle_W : 
1.9000000000000057	84.1	14.099999999999994	84.6	28.799999999999997	
55.900000000000006	121.4	10.699999999999989	86.69999999999999	68.5	
58.900000000000006	83.9	11.099999999999994	106.1	14.5	
83.6	133.6	19.299999999999997	51.69999999999999	89.1	
71.4	96.1	17.900000000000006	68.19999999999999	76.1	

min_capacite_X : 
153.0	148.0	135.0	139.0	153.0	

min_capacite_W : 
96.8	92.69999999999999	78.5	97.3	117.1	

max_capacite_X : 
177.0	175.0	177.0	172.0	177.0	

max_capacite_W : 
183.6	179.7	214.1	163.6	173.2	

moy_capacite_X : 
163.0	160.8	157.0	156.2	161.8	

moy_capacite_W : 
127.3	138.84	129.5	139.26000000000002	138.14	

med_capacite_X : 
157.0	159.0	157.0	157.0	157.0	

med_capacite_W : 
120.9	142.4	111.9	146.1	127.1	

ecartType_capacite_X : 
9.612491872558333	8.68101376568428	13.682105101189656	11.01635148313633	9.282241108697834	

ecartType_capacite_W : 
29.56207029286007	28.848126455629664	45.633847087441566	22.748942832580152	21.421167101724404	

var_capacite_X : 
92.4	75.35999999999999	187.2	121.36000000000001	86.16	

var_capacite_W : 
873.9159999999999	832.2144000000001	2082.4479999999994	517.5143999999999	458.8663999999999	

covar_capacite_X : 
115.5	94.19999999999999	234.0	151.70000000000002	107.69999999999999	

covar_capacite_W : 
1092.395	1040.268	2603.0599999999995	646.8929999999999	573.5829999999999	

##########	##########	##########	##########	##########	##########	##########	##########	##########	##########	##########	##########	##########	##########	##########	##########	##########	##########	##########	##########	##########	##########	##########	##########	##########	##########	##########	##########	##########	##########	##########	##########	##########	##########	##########	##########	##########	##########	##########	##########	##########	##########	##########	##########	##########	##########	##########	##########	##########	##########	nombre de noeuds : 50
nombre de strates : 5
nombre de centres : 5
titre : fenetre
instances : p5_2
temps de calcul : 0.04274487495422363
valeur objective : 500.0
nombre de solutions : 3
nombre de noeuds : 1.0
faisability : True
moy_distances :	50.2
min_distances :	1.0
max_distances :	116.0
var_distances :	612.2527240316534
covar_distances :	612.5027251439572
ecartType_distances :	24.743741108240958
coef_variation	: 0.49293527276504157
distances_centre_x :
-1.0	-1.0	13.0	14.0	16.0	-1.0	-1.0	29.0	-1.0	27.0	28.0	-1.0	-1.0	27.0	-1.0	15.0	8.0	13.0	16.0	27.0	-1.0	-1.0	-1.0	-1.0	21.0	24.0	13.0	-1.0	34.0	30.0	-1.0	-1.0	25.0	22.0	19.0	6.0	9.0	9.0	23.0	0.0	-1.0	14.0	9.0	31.0	17.0	24.0	15.0	-1.0	0.0	5.0	
9.0	23.0	-1.0	14.0	-1.0	-1.0	20.0	-1.0	24.0	27.0	28.0	39.0	4.0	27.0	-1.0	-1.0	-1.0	13.0	16.0	27.0	33.0	-1.0	-1.0	-1.0	21.0	-1.0	13.0	13.0	34.0	-1.0	-1.0	4.0	-1.0	-1.0	19.0	-1.0	9.0	-1.0	23.0	0.0	-1.0	14.0	-1.0	-1.0	26.0	-1.0	15.0	0.0	-1.0	5.0	
9.0	23.0	-1.0	14.0	-1.0	-1.0	-1.0	29.0	-1.0	27.0	28.0	-1.0	4.0	27.0	23.0	-1.0	8.0	13.0	16.0	27.0	33.0	-1.0	0.0	12.0	-1.0	-1.0	-1.0	13.0	34.0	-1.0	9.0	-1.0	-1.0	0.0	19.0	-1.0	9.0	9.0	-1.0	0.0	13.0	14.0	-1.0	-1.0	17.0	-1.0	15.0	0.0	-1.0	5.0	
9.0	-1.0	13.0	14.0	-1.0	21.0	20.0	29.0	24.0	-1.0	28.0	-1.0	4.0	27.0	-1.0	-1.0	-1.0	13.0	16.0	27.0	-1.0	4.0	-1.0	10.0	21.0	24.0	-1.0	-1.0	34.0	-1.0	9.0	4.0	-1.0	-1.0	19.0	-1.0	-1.0	9.0	-1.0	0.0	13.0	14.0	-1.0	-1.0	17.0	-1.0	15.0	0.0	-1.0	5.0	
9.0	23.0	13.0	14.0	-1.0	-1.0	20.0	-1.0	24.0	27.0	-1.0	39.0	34.0	27.0	32.0	-1.0	8.0	13.0	16.0	27.0	-1.0	-1.0	0.0	10.0	21.0	24.0	13.0	-1.0	-1.0	-1.0	9.0	4.0	25.0	0.0	19.0	-1.0	-1.0	-1.0	-1.0	0.0	-1.0	14.0	-1.0	-1.0	17.0	-1.0	15.0	0.0	0.0	5.0	

distances_centre_w :
-1.0	-1.0	41.0	23.0	51.0	-1.0	-1.0	62.0	-1.0	32.0	40.0	-1.0	-1.0	53.0	-1.0	40.0	47.0	19.0	16.0	64.0	-1.0	-1.0	-1.0	-1.0	42.0	65.0	46.0	-1.0	38.0	46.0	-1.0	-1.0	41.0	36.0	59.0	40.0	34.0	37.0	30.0	42.0	-1.0	32.0	51.0	50.0	26.0	30.0	50.0	-1.0	42.0	59.0	
30.0	33.0	-1.0	23.0	-1.0	-1.0	35.0	-1.0	64.0	32.0	36.0	48.0	34.0	36.0	-1.0	-1.0	-1.0	19.0	16.0	61.0	41.0	-1.0	-1.0	-1.0	42.0	-1.0	50.0	28.0	38.0	-1.0	-1.0	38.0	-1.0	-1.0	59.0	-1.0	34.0	-1.0	30.0	42.0	-1.0	32.0	-1.0	-1.0	63.0	-1.0	50.0	36.0	-1.0	46.0	
30.0	33.0	-1.0	23.0	-1.0	-1.0	-1.0	41.0	-1.0	32.0	36.0	-1.0	34.0	36.0	32.0	-1.0	47.0	19.0	16.0	61.0	41.0	-1.0	22.0	43.0	-1.0	-1.0	-1.0	28.0	42.0	-1.0	29.0	-1.0	-1.0	22.0	59.0	-1.0	34.0	37.0	-1.0	42.0	52.0	32.0	-1.0	-1.0	26.0	-1.0	50.0	36.0	-1.0	46.0	
30.0	-1.0	41.0	23.0	-1.0	40.0	35.0	41.0	64.0	-1.0	36.0	-1.0	53.0	36.0	-1.0	-1.0	-1.0	19.0	38.0	61.0	-1.0	19.0	-1.0	43.0	42.0	65.0	-1.0	-1.0	42.0	-1.0	29.0	38.0	-1.0	-1.0	49.0	-1.0	-1.0	37.0	-1.0	42.0	52.0	32.0	-1.0	-1.0	26.0	-1.0	50.0	36.0	-1.0	46.0	
30.0	33.0	41.0	23.0	-1.0	-1.0	35.0	-1.0	64.0	32.0	-1.0	48.0	53.0	36.0	54.0	-1.0	47.0	19.0	38.0	61.0	-1.0	-1.0	22.0	43.0	42.0	65.0	46.0	-1.0	-1.0	-1.0	29.0	38.0	46.0	22.0	59.0	-1.0	-1.0	-1.0	-1.0	64.0	-1.0	32.0	-1.0	-1.0	63.0	-1.0	50.0	54.0	42.0	59.0	

maxX :
34.0	39.0	34.0	34.0	39.0	

maxW :
65.0	64.0	61.0	65.0	65.0	

minX :
0.0	0.0	0.0	0.0	0.0	

minW :
16.0	16.0	16.0	19.0	19.0	

moyX :
17.666666666666668	17.857142857142858	15.0	15.275862068965518	15.6875	

moyW :
41.93939393939394	39.142857142857146	36.03333333333333	40.172413793103445	43.4375	

medX :
16.0	17.5	13.5	14.0	14.5	

medW :
41.0	36.0	35.0	40.0	42.5	

ecartTypeX :
8.943142511432878	10.21103844486196	9.946523680831074	9.005349183236012	10.54288118827107	

ecartTypeW :
12.215090999150968	12.211570291309462	10.897961073318053	11.65027442481948	13.439534729669774	

varX :
79.97979797979797	104.26530612244899	98.93333333333334	81.09631391200952	111.15234375	

varW :
149.208448117539	149.12244897959184	118.76555555555555	135.72889417360287	180.62109375	

covarX :
82.47916666666666	108.12698412698413	102.34482758620689	83.99261083743843	114.73790322580645	

covarW :
153.8712121212121	154.64550264550263	122.8609195402299	140.57635467980296	186.44758064516128	

coef_variationX :
0.5062156138546912	0.5718181529122698	0.6631015787220716	0.5895149578190617	0.6720561713638928	

coef_variationW :
0.29125578249420664	0.31197442350060667	0.30244110286729103	0.2900068311757639	0.30939936068304513	

moy_distances_centre :	63.2
min_distances_centre :	22.0
max_distances_centre :	91.0
med_distances_centre :	67.0
ecartType_distances_centre :	23.01217069291813
var_distances_centre :	529.5600000000001
covar_distances_centre :	557.4315789473684
coef_variation_distances_centre :	0.36411662488794505
capacite_X_temoin : 
171.0	157.0	177.0	172.0	156.0	
138.0	148.0	159.0	159.0	175.0	
135.0	153.0	157.0	177.0	135.0	
162.0	172.0	151.0	139.0	157.0	
145.0	157.0	153.0	154.0	177.0	

capacite_W_temoin : 
198.3	115.1	95.1	154.6	96.8	
131.4	159.4	98.69999999999999	154.7	117.5	
108.5	152.9	92.1	179.1	78.5	
141.6	205.6	77.3	125.69999999999999	146.1	
115.5	151.1	99.9	167.2	127.1	

demande_cumulee_X : 
24.0	89.0	135.0	69.0	106.0	
48.0	33.0	108.0	52.0	110.0	
67.0	46.0	112.0	51.0	97.0	
69.0	18.0	119.0	55.0	58.0	
73.0	53.0	99.0	33.0	103.0	

demande_cumulee_W : 
78.0	95.0	93.0	65.0	92.0	
0.0	120.0	92.0	57.0	82.0	
15.0	140.0	89.0	53.0	76.0	
4.0	111.0	76.0	44.0	84.0	
25.0	105.0	96.0	101.0	34.0	

capacite_residuelle_X : 
147.0	68.0	42.0	103.0	50.0	
90.0	115.0	51.0	107.0	65.0	
68.0	107.0	45.0	126.0	38.0	
93.0	154.0	32.0	84.0	99.0	
72.0	104.0	54.0	121.0	74.0	

capacite_residuelle_W : 
120.30000000000001	20.099999999999994	2.0999999999999943	89.6	4.799999999999997	
131.4	39.400000000000006	6.699999999999989	97.69999999999999	35.5	
93.5	12.900000000000006	3.0999999999999943	126.1	2.5	
137.6	94.6	1.2999999999999972	81.69999999999999	62.099999999999994	
90.5	46.099999999999994	3.9000000000000057	66.19999999999999	93.1	

min_capacite_X : 
156.0	138.0	135.0	139.0	145.0	

min_capacite_W : 
95.1	98.69999999999999	78.5	77.3	99.9	

max_capacite_X : 
177.0	175.0	177.0	172.0	177.0	

max_capacite_W : 
198.3	159.4	179.1	205.6	167.2	

moy_capacite_X : 
166.6	155.8	151.4	156.2	157.2	

moy_capacite_W : 
131.98	132.34	122.22	139.26000000000002	132.16000000000003	

med_capacite_X : 
171.0	159.0	153.0	157.0	154.0	

med_capacite_W : 
115.1	131.4	108.5	141.6	127.1	

ecartType_capacite_X : 
8.499411744350311	12.383860464330178	15.666524822052912	11.01635148313633	10.665833300778706	

ecartType_capacite_W : 
39.47836876062638	22.737510857611486	37.903794005349916	41.17322430900936	24.209056156736054	

var_capacite_X : 
72.24	153.36000000000004	245.44	121.36000000000001	113.75999999999999	

var_capacite_W : 
1558.5416000000007	516.9944000000002	1436.6976	1695.2343999999998	586.0783999999998	

covar_capacite_X : 
90.3	191.70000000000005	306.8	151.70000000000002	142.2	

covar_capacite_W : 
1948.1770000000008	646.2430000000002	1795.872	2119.0429999999997	732.5979999999997	

##########	##########	##########	##########	##########	##########	##########	##########	##########	##########	##########	##########	##########	##########	##########	##########	##########	##########	##########	##########	##########	##########	##########	##########	##########	##########	##########	##########	##########	##########	##########	##########	##########	##########	##########	##########	##########	##########	##########	##########	##########	##########	##########	##########	##########	##########	##########	##########	##########	##########	nombre de noeuds : 50
nombre de strates : 5
nombre de centres : 5
titre : fenetre
instances : p5_2
temps de calcul : 0.04212212562561035
valeur objective : 490.0
nombre de solutions : 3
nombre de noeuds : 1.0
faisability : True
moy_distances :	50.2
min_distances :	1.0
max_distances :	116.0
var_distances :	612.2527240316534
covar_distances :	612.5027251439572
ecartType_distances :	24.743741108240958
coef_variation	: 0.49293527276504157
distances_centre_x :
-1.0	-1.0	13.0	23.0	45.0	-1.0	-1.0	14.0	-1.0	5.0	20.0	-1.0	-1.0	0.0	-1.0	21.0	8.0	13.0	16.0	27.0	-1.0	-1.0	-1.0	-1.0	27.0	24.0	13.0	-1.0	11.0	45.0	-1.0	-1.0	5.0	0.0	19.0	6.0	9.0	9.0	23.0	0.0	-1.0	14.0	9.0	10.0	17.0	24.0	15.0	-1.0	0.0	5.0	
9.0	23.0	-1.0	23.0	-1.0	-1.0	20.0	-1.0	24.0	5.0	20.0	39.0	32.0	0.0	-1.0	-1.0	-1.0	13.0	16.0	27.0	22.0	-1.0	-1.0	-1.0	27.0	-1.0	13.0	13.0	11.0	-1.0	-1.0	4.0	-1.0	-1.0	19.0	-1.0	9.0	-1.0	23.0	0.0	-1.0	14.0	-1.0	-1.0	17.0	-1.0	15.0	36.0	-1.0	5.0	
9.0	23.0	-1.0	23.0	-1.0	-1.0	-1.0	14.0	-1.0	5.0	20.0	-1.0	32.0	0.0	15.0	-1.0	8.0	13.0	16.0	27.0	22.0	-1.0	0.0	12.0	-1.0	-1.0	-1.0	13.0	11.0	-1.0	9.0	-1.0	-1.0	0.0	19.0	-1.0	9.0	9.0	-1.0	0.0	13.0	14.0	-1.0	-1.0	17.0	-1.0	15.0	36.0	-1.0	5.0	
9.0	-1.0	13.0	23.0	-1.0	25.0	20.0	14.0	24.0	-1.0	20.0	-1.0	34.0	0.0	-1.0	-1.0	-1.0	13.0	16.0	27.0	-1.0	4.0	-1.0	12.0	27.0	24.0	-1.0	-1.0	11.0	-1.0	9.0	4.0	-1.0	-1.0	19.0	-1.0	-1.0	9.0	-1.0	0.0	13.0	14.0	-1.0	-1.0	17.0	-1.0	15.0	36.0	-1.0	5.0	
9.0	23.0	13.0	23.0	-1.0	-1.0	20.0	-1.0	24.0	5.0	-1.0	39.0	32.0	0.0	15.0	-1.0	8.0	13.0	16.0	27.0	-1.0	-1.0	0.0	10.0	27.0	24.0	13.0	-1.0	-1.0	-1.0	9.0	38.0	5.0	0.0	19.0	-1.0	-1.0	-1.0	-1.0	0.0	-1.0	14.0	-1.0	-1.0	17.0	-1.0	15.0	36.0	0.0	5.0	

distances_centre_w :
-1.0	-1.0	41.0	42.0	51.0	-1.0	-1.0	29.0	-1.0	27.0	36.0	-1.0	-1.0	27.0	-1.0	40.0	47.0	19.0	16.0	52.0	-1.0	-1.0	-1.0	-1.0	42.0	60.0	30.0	-1.0	34.0	46.0	-1.0	-1.0	25.0	22.0	59.0	47.0	34.0	37.0	25.0	42.0	-1.0	32.0	43.0	31.0	26.0	30.0	37.0	-1.0	42.0	46.0	
30.0	33.0	-1.0	60.0	-1.0	-1.0	35.0	-1.0	61.0	27.0	36.0	55.0	34.0	27.0	-1.0	-1.0	-1.0	19.0	42.0	52.0	59.0	-1.0	-1.0	-1.0	42.0	-1.0	30.0	28.0	42.0	-1.0	-1.0	38.0	-1.0	-1.0	42.0	-1.0	34.0	-1.0	25.0	42.0	-1.0	32.0	-1.0	-1.0	26.0	-1.0	54.0	36.0	-1.0	41.0	
30.0	33.0	-1.0	24.0	-1.0	-1.0	-1.0	29.0	-1.0	27.0	36.0	-1.0	34.0	27.0	32.0	-1.0	47.0	19.0	16.0	52.0	33.0	-1.0	22.0	36.0	-1.0	-1.0	-1.0	28.0	34.0	-1.0	29.0	-1.0	-1.0	22.0	42.0	-1.0	34.0	37.0	-1.0	42.0	52.0	32.0	-1.0	-1.0	37.0	-1.0	37.0	36.0	-1.0	46.0	
30.0	-1.0	41.0	24.0	-1.0	40.0	33.0	29.0	61.0	-1.0	36.0	-1.0	53.0	27.0	-1.0	-1.0	-1.0	19.0	42.0	52.0	-1.0	19.0	-1.0	36.0	42.0	60.0	-1.0	-1.0	42.0	-1.0	29.0	38.0	-1.0	-1.0	42.0	-1.0	-1.0	37.0	-1.0	42.0	52.0	32.0	-1.0	-1.0	26.0	-1.0	37.0	54.0	-1.0	41.0	
30.0	33.0	41.0	24.0	-1.0	-1.0	33.0	-1.0	61.0	27.0	-1.0	55.0	34.0	27.0	32.0	-1.0	47.0	19.0	42.0	52.0	-1.0	-1.0	22.0	12.0	42.0	60.0	30.0	-1.0	-1.0	-1.0	29.0	41.0	51.0	22.0	59.0	-1.0	-1.0	-1.0	-1.0	42.0	-1.0	32.0	-1.0	-1.0	26.0	-1.0	37.0	54.0	42.0	41.0	

maxX :
45.0	39.0	36.0	36.0	39.0	

maxW :
60.0	61.0	52.0	61.0	61.0	

minX :
0.0	0.0	0.0	0.0	0.0	

minW :
16.0	19.0	16.0	19.0	12.0	

moyX :
14.848484848484848	17.107142857142858	13.633333333333333	15.758620689655173	15.59375	

moyW :
36.878787878787875	38.642857142857146	33.5	38.48275862068966	37.46875	

medX :
13.0	16.5	13.0	14.0	14.5	

medW :
37.0	36.0	33.5	38.0	35.5	

ecartTypeX :
10.943716094030407	9.88266623117136	8.893755612163451	9.114804828575334	11.224580657534606	

ecartTypeW :
10.727358328711702	11.222471989317702	8.69386757049665	10.92488677335841	12.50745871220449	

varX :
119.76492194674013	97.66709183673471	79.09888888888888	83.07966706302021	125.9912109375	

varW :
115.07621671258033	125.9438775510204	75.58333333333333	119.35315101070152	156.4365234375	

covarX :
123.50757575757575	101.28439153439155	81.82643678160919	86.04679802955663	130.0554435483871	

covarW :
118.67234848484848	130.6084656084656	78.1896551724138	123.61576354679802	161.4828629032258	

coef_variationX :
0.7370257777612316	0.5776923892960294	0.6523537123836273	0.5784011816820234	0.7198127876575299	

coef_variationW :
0.2908815323315417	0.2904151716274451	0.2595184349401985	0.28389042690626687	0.33381040766517406	

moy_distances_centre :	56.1
min_distances_centre :	22.0
max_distances_centre :	91.0
med_distances_centre :	50.5
ecartType_distances_centre :	23.248440807933765
var_distances_centre :	540.49
covar_distances_centre :	568.9368421052632
coef_variation_distances_centre :	0.41441070958883713
capacite_X_temoin : 
163.0	171.0	157.0	177.0	156.0	
141.0	138.0	148.0	159.0	175.0	
142.0	135.0	153.0	157.0	135.0	
159.0	162.0	172.0	151.0	157.0	
139.0	145.0	157.0	153.0	177.0	

capacite_W_temoin : 
92.9	189.3	156.1	113.1	96.8	
95.3	131.4	176.4	89.69999999999999	145.5	
80.6	97.5	178.9	111.1	97.5	
139.7	136.6	202.6	97.3	146.1	
127.69999999999999	115.5	171.1	105.9	121.1	

demande_cumulee_X : 
119.0	33.0	48.0	117.0	106.0	
88.0	48.0	16.0	117.0	82.0	
104.0	78.0	20.0	93.0	78.0	
67.0	74.0	21.0	99.0	58.0	
53.0	73.0	33.0	93.0	109.0	

demande_cumulee_W : 
79.0	48.0	121.0	110.0	65.0	
86.0	19.0	86.0	88.0	72.0	
66.0	4.0	121.0	98.0	84.0	
117.0	11.0	76.0	53.0	62.0	
123.0	16.0	117.0	54.0	51.0	

capacite_residuelle_X : 
44.0	138.0	109.0	60.0	50.0	
53.0	90.0	132.0	42.0	93.0	
38.0	57.0	133.0	64.0	57.0	
92.0	88.0	151.0	52.0	99.0	
86.0	72.0	124.0	60.0	68.0	

capacite_residuelle_W : 
13.900000000000006	141.3	35.099999999999994	3.0999999999999943	31.799999999999997	
9.299999999999997	112.4	90.4	1.6999999999999886	73.5	
14.599999999999994	93.5	57.900000000000006	13.099999999999994	13.5	
22.69999999999999	125.6	126.6	44.3	84.1	
4.699999999999989	99.5	54.099999999999994	51.900000000000006	70.1	

min_capacite_X : 
156.0	138.0	135.0	151.0	139.0	

min_capacite_W : 
92.9	89.69999999999999	80.6	97.3	105.9	

max_capacite_X : 
177.0	175.0	157.0	172.0	177.0	

max_capacite_W : 
189.3	176.4	178.9	202.6	171.1	

moy_capacite_X : 
164.8	152.2	144.4	160.2	154.2	

moy_capacite_W : 
129.64000000000001	127.66	113.12	144.45999999999998	128.26	

med_capacite_X : 
163.0	148.0	142.0	159.0	153.0	

med_capacite_W : 
113.1	131.4	97.5	139.7	121.1	

ecartType_capacite_X : 
8.109253973085316	13.49666625504239	9.112628599915615	6.910861017268398	12.998461447417537	

ecartType_capacite_W : 
37.313032575763664	32.23653827568959	34.282963699190304	33.73855954245824	22.581549991087854	

var_capacite_X : 
65.75999999999999	182.16	83.04	47.76	168.95999999999998	

var_capacite_W : 
1392.2624000000003	1039.1944	1175.3216	1138.2903999999999	509.92639999999994	

covar_capacite_X : 
82.19999999999999	227.7	103.80000000000001	59.699999999999996	211.2	

covar_capacite_W : 
1740.3280000000004	1298.9930000000002	1469.152	1422.8629999999998	637.4079999999999	

##########	##########	##########	##########	##########	##########	##########	##########	##########	##########	##########	##########	##########	##########	##########	##########	##########	##########	##########	##########	##########	##########	##########	##########	##########	##########	##########	##########	##########	##########	##########	##########	##########	##########	##########	##########	##########	##########	##########	##########	##########	##########	##########	##########	##########	##########	##########	##########	##########	##########	nombre de noeuds : 50
nombre de strates : 5
nombre de centres : 5
titre : fenetre
instances : p5_2
temps de calcul : 0.03926992416381836
valeur objective : 601.0
nombre de solutions : 3
nombre de noeuds : 1.0
faisability : True
moy_distances :	50.2
min_distances :	1.0
max_distances :	116.0
var_distances :	612.2527240316534
covar_distances :	612.5027251439572
ecartType_distances :	24.743741108240958
coef_variation	: 0.49293527276504157
distances_centre_x :
-1.0	-1.0	13.0	23.0	51.0	-1.0	-1.0	14.0	-1.0	5.0	20.0	-1.0	-1.0	27.0	-1.0	21.0	47.0	13.0	16.0	52.0	-1.0	-1.0	-1.0	-1.0	27.0	23.0	9.0	-1.0	37.0	31.0	-1.0	-1.0	5.0	0.0	42.0	40.0	34.0	9.0	23.0	0.0	-1.0	32.0	9.0	10.0	17.0	24.0	0.0	-1.0	42.0	5.0	
9.0	23.0	-1.0	23.0	-1.0	-1.0	33.0	-1.0	61.0	27.0	20.0	26.0	32.0	0.0	-1.0	-1.0	-1.0	13.0	16.0	52.0	22.0	-1.0	-1.0	-1.0	27.0	-1.0	9.0	13.0	11.0	-1.0	-1.0	4.0	-1.0	-1.0	42.0	-1.0	34.0	-1.0	23.0	0.0	-1.0	32.0	-1.0	-1.0	17.0	-1.0	0.0	36.0	-1.0	5.0	
9.0	23.0	-1.0	23.0	-1.0	-1.0	-1.0	14.0	-1.0	5.0	20.0	-1.0	32.0	0.0	32.0	-1.0	47.0	13.0	16.0	52.0	22.0	-1.0	0.0	12.0	-1.0	-1.0	-1.0	13.0	11.0	-1.0	9.0	-1.0	-1.0	0.0	49.0	-1.0	34.0	9.0	-1.0	0.0	13.0	32.0	-1.0	-1.0	17.0	-1.0	0.0	36.0	-1.0	5.0	
9.0	-1.0	13.0	23.0	-1.0	40.0	33.0	14.0	61.0	-1.0	20.0	-1.0	32.0	0.0	-1.0	-1.0	-1.0	13.0	16.0	52.0	-1.0	4.0	-1.0	10.0	27.0	24.0	-1.0	-1.0	11.0	-1.0	9.0	17.0	-1.0	-1.0	42.0	-1.0	-1.0	9.0	-1.0	0.0	21.0	32.0	-1.0	-1.0	17.0	-1.0	0.0	36.0	-1.0	5.0	
9.0	23.0	13.0	23.0	-1.0	-1.0	33.0	-1.0	61.0	5.0	-1.0	39.0	32.0	0.0	32.0	-1.0	47.0	13.0	16.0	52.0	-1.0	-1.0	0.0	10.0	27.0	23.0	30.0	-1.0	-1.0	-1.0	9.0	4.0	5.0	0.0	42.0	-1.0	-1.0	-1.0	-1.0	0.0	-1.0	32.0	-1.0	-1.0	17.0	-1.0	0.0	50.0	42.0	5.0	

distances_centre_w :
-1.0	-1.0	28.0	24.0	61.0	-1.0	-1.0	24.0	-1.0	27.0	24.0	-1.0	-1.0	37.0	-1.0	40.0	50.0	19.0	42.0	61.0	-1.0	-1.0	-1.0	-1.0	29.0	60.0	30.0	-1.0	55.0	45.0	-1.0	-1.0	25.0	22.0	49.0	51.0	45.0	24.0	51.0	15.0	-1.0	46.0	43.0	31.0	28.0	30.0	15.0	-1.0	54.0	41.0	
30.0	38.0	-1.0	24.0	-1.0	-1.0	35.0	-1.0	64.0	35.0	24.0	39.0	34.0	27.0	-1.0	-1.0	-1.0	19.0	42.0	61.0	59.0	-1.0	-1.0	-1.0	29.0	-1.0	57.0	27.0	34.0	-1.0	-1.0	17.0	-1.0	-1.0	49.0	-1.0	45.0	-1.0	28.0	15.0	-1.0	55.0	-1.0	-1.0	28.0	-1.0	15.0	64.0	-1.0	10.0	
30.0	38.0	-1.0	24.0	-1.0	-1.0	-1.0	24.0	-1.0	27.0	24.0	-1.0	34.0	27.0	32.0	-1.0	50.0	19.0	42.0	61.0	59.0	-1.0	22.0	36.0	-1.0	-1.0	-1.0	27.0	38.0	-1.0	29.0	-1.0	-1.0	22.0	57.0	-1.0	45.0	24.0	-1.0	15.0	21.0	46.0	-1.0	-1.0	28.0	-1.0	15.0	36.0	-1.0	10.0	
30.0	-1.0	28.0	24.0	-1.0	61.0	35.0	24.0	64.0	-1.0	24.0	-1.0	34.0	27.0	-1.0	-1.0	-1.0	19.0	42.0	61.0	-1.0	19.0	-1.0	12.0	29.0	60.0	-1.0	-1.0	34.0	-1.0	29.0	41.0	-1.0	-1.0	49.0	-1.0	-1.0	24.0	-1.0	15.0	55.0	46.0	-1.0	-1.0	28.0	-1.0	15.0	36.0	-1.0	10.0	
30.0	38.0	28.0	24.0	-1.0	-1.0	35.0	-1.0	64.0	27.0	-1.0	55.0	60.0	27.0	43.0	-1.0	50.0	19.0	42.0	64.0	-1.0	-1.0	22.0	12.0	29.0	24.0	57.0	-1.0	-1.0	-1.0	29.0	17.0	25.0	22.0	59.0	-1.0	-1.0	-1.0	-1.0	15.0	-1.0	46.0	-1.0	-1.0	28.0	-1.0	15.0	64.0	53.0	10.0	

maxX :
52.0	61.0	52.0	61.0	61.0	

maxW :
61.0	64.0	61.0	64.0	64.0	

minX :
0.0	0.0	0.0	0.0	0.0	

minW :
15.0	10.0	10.0	10.0	10.0	

moyX :
21.848484848484848	21.785714285714285	18.266666666666666	20.344827586206897	21.6875	

moyW :
37.15151515151515	35.857142857142854	32.06666666666667	33.62068965517241	35.40625	

medX :
21.0	22.5	13.5	17.0	20.0	

medW :
37.0	34.0	28.5	29.0	29.0	

ecartTypeX :
14.932415851390603	15.00085031603481	14.805254322555744	15.275122578816175	17.45071184078174	

ecartTypeW :
13.585021190068822	15.472820145833344	12.91493536784275	15.286716778602374	16.70677140974581	

varX :
222.97704315886133	225.02551020408166	219.19555555555553	233.32936979785973	304.52734375	

varW :
184.5528007346189	239.40816326530617	166.79555555555555	233.68370986920334	279.1162109375	

covarX :
229.94507575757578	233.35978835978835	226.7540229885057	241.6625615763547	314.35080645161287	

covarW :
190.32007575757578	248.27513227513228	172.5471264367816	242.02955665024632	288.11995967741933	

coef_variationX :
0.6834531526988764	0.688563621063893	0.8105066234975773	0.7508111098062188	0.804643773638351	

coef_variationW :
0.3656653338273011	0.4315129124335993	0.4027526621988383	0.45468183238919885	0.47185938668302374	

moy_distances_centre :	50.1
min_distances_centre :	15.0
max_distances_centre :	91.0
med_distances_centre :	45.5
ecartType_distances_centre :	24.969781737131786
var_distances_centre :	623.49
covar_distances_centre :	656.3052631578947
coef_variation_distances_centre :	0.4983988370684987
capacite_X_temoin : 
163.0	171.0	157.0	177.0	148.0	
141.0	138.0	148.0	159.0	159.0	
142.0	135.0	153.0	157.0	138.0	
159.0	162.0	172.0	151.0	159.0	
139.0	145.0	157.0	153.0	141.0	

capacite_W_temoin : 
104.9	189.3	131.1	56.1	156.4	
76.3	131.4	147.4	81.69999999999999	180.7	
84.6	97.5	170.9	62.1	154.4	
101.69999999999999	140.6	193.6	108.3	180.7	
80.69999999999999	115.5	178.1	73.9	146.3	

demande_cumulee_X : 
107.0	33.0	73.0	174.0	36.0	
107.0	48.0	45.0	125.0	26.0	
100.0	78.0	28.0	142.0	25.0	
105.0	70.0	30.0	88.0	26.0	
100.0	73.0	26.0	125.0	37.0	

demande_cumulee_W : 
100.0	35.0	85.0	54.0	149.0	
63.0	19.0	54.0	78.0	137.0	
83.0	23.0	100.0	31.0	136.0	
52.0	5.0	72.0	61.0	129.0	
68.0	9.0	119.0	71.0	94.0	

capacite_residuelle_X : 
56.0	138.0	84.0	3.0	112.0	
34.0	90.0	103.0	34.0	133.0	
42.0	57.0	125.0	15.0	113.0	
54.0	92.0	142.0	63.0	133.0	
39.0	72.0	131.0	28.0	104.0	

capacite_residuelle_W : 
4.900000000000006	154.3	46.099999999999994	2.1000000000000014	7.400000000000006	
13.299999999999997	112.4	93.4	3.6999999999999886	43.69999999999999	
1.5999999999999943	74.5	70.9	31.1	18.400000000000006	
49.69999999999999	135.6	121.6	47.3	51.69999999999999	
12.699999999999989	106.5	59.099999999999994	2.9000000000000057	52.30000000000001	

min_capacite_X : 
148.0	138.0	135.0	151.0	139.0	

min_capacite_W : 
56.1	76.3	62.1	101.69999999999999	73.9	

max_capacite_X : 
177.0	159.0	157.0	172.0	157.0	

max_capacite_W : 
189.3	180.7	170.9	193.6	178.1	

moy_capacite_X : 
163.2	149.0	145.0	160.6	147.0	

moy_capacite_W : 
127.56000000000002	123.5	113.9	144.97999999999996	118.9	

med_capacite_X : 
163.0	148.0	142.0	159.0	145.0	

med_capacite_W : 
131.1	131.4	97.5	140.6	115.5	

ecartType_capacite_X : 
10.205880657738458	8.78635305459552	8.555699854482976	6.770524351924303	6.928203230275509	

ecartType_capacite_W : 
45.33456076769687	39.70022669960463	41.71316338998998	37.087971095760956	39.37308725512898	

var_capacite_X : 
104.16	77.2	73.2	45.84	48.0	

var_capacite_W : 
2055.2224	1576.1080000000002	1739.988	1375.5176	1550.24	

covar_capacite_X : 
130.2	96.5	91.5	57.300000000000004	60.0	

covar_capacite_W : 
2569.0280000000002	1970.1350000000002	2174.985	1719.397	1937.8	

##########	##########	##########	##########	##########	##########	##########	##########	##########	##########	##########	##########	##########	##########	##########	##########	##########	##########	##########	##########	##########	##########	##########	##########	##########	##########	##########	##########	##########	##########	##########	##########	##########	##########	##########	##########	##########	##########	##########	##########	##########	##########	##########	##########	##########	##########	##########	##########	##########	##########	