nombre de noeuds : 50
nombre de strates : 10
nombre de centres : 5
titre : fenetre
instances : p5_3
temps de calcul : 0.0650169849395752
valeur objective : 1073.0
nombre de solutions : 3
nombre de noeuds : 1.0
faisability : True
moy_distances :	50.2
min_distances :	1.0
max_distances :	116.0
var_distances :	612.2527240316534
covar_distances :	612.5027251439572
ecartType_distances :	24.743741108240958
coef_variation	: 0.49293527276504157
distances_centre_x :
19.0	33.0	-1.0	29.0	-1.0	-1.0	-1.0	-1.0	24.0	-1.0	-1.0	-1.0	-1.0	-1.0	-1.0	26.0	-1.0	23.0	-1.0	-1.0	-1.0	-1.0	16.0	11.0	-1.0	-1.0	-1.0	-1.0	-1.0	-1.0	18.0	-1.0	-1.0	16.0	-1.0	-1.0	-1.0	-1.0	-1.0	-1.0	-1.0	14.0	-1.0	-1.0	-1.0	36.0	-1.0	-1.0	0.0	-1.0	
-1.0	33.0	41.0	24.0	45.0	26.0	0.0	0.0	24.0	5.0	17.0	46.0	-1.0	0.0	-1.0	-1.0	-1.0	23.0	0.0	-1.0	-1.0	-1.0	-1.0	-1.0	26.0	47.0	-1.0	24.0	11.0	-1.0	18.0	-1.0	-1.0	16.0	-1.0	6.0	-1.0	34.0	-1.0	-1.0	41.0	14.0	-1.0	10.0	18.0	-1.0	24.0	36.0	0.0	27.0	
-1.0	33.0	-1.0	24.0	45.0	-1.0	20.0	-1.0	-1.0	-1.0	17.0	46.0	-1.0	0.0	-1.0	-1.0	-1.0	-1.0	0.0	27.0	33.0	17.0	16.0	-1.0	26.0	47.0	17.0	28.0	11.0	-1.0	18.0	-1.0	17.0	-1.0	-1.0	-1.0	-1.0	-1.0	15.0	29.0	41.0	14.0	-1.0	-1.0	25.0	-1.0	-1.0	38.0	0.0	27.0	
-1.0	33.0	41.0	24.0	45.0	-1.0	0.0	-1.0	-1.0	5.0	17.0	-1.0	-1.0	0.0	19.0	26.0	-1.0	-1.0	-1.0	27.0	13.0	-1.0	16.0	11.0	-1.0	47.0	17.0	24.0	11.0	40.0	18.0	31.0	-1.0	16.0	-1.0	6.0	-1.0	-1.0	14.0	-1.0	41.0	-1.0	-1.0	-1.0	-1.0	-1.0	24.0	-1.0	0.0	27.0	
-1.0	33.0	41.0	24.0	45.0	26.0	0.0	-1.0	-1.0	5.0	17.0	-1.0	38.0	0.0	-1.0	-1.0	-1.0	-1.0	-1.0	-1.0	13.0	-1.0	16.0	-1.0	27.0	47.0	17.0	-1.0	11.0	-1.0	18.0	-1.0	17.0	16.0	14.0	6.0	-1.0	34.0	-1.0	-1.0	41.0	14.0	-1.0	10.0	18.0	-1.0	24.0	-1.0	0.0	27.0	
19.0	33.0	41.0	24.0	45.0	25.0	0.0	0.0	24.0	5.0	-1.0	46.0	38.0	-1.0	-1.0	-1.0	-1.0	-1.0	-1.0	-1.0	13.0	-1.0	16.0	11.0	26.0	47.0	-1.0	-1.0	-1.0	40.0	-1.0	27.0	-1.0	27.0	-1.0	6.0	-1.0	-1.0	-1.0	-1.0	41.0	14.0	-1.0	10.0	-1.0	-1.0	-1.0	-1.0	0.0	27.0	
-1.0	33.0	41.0	-1.0	45.0	35.0	0.0	-1.0	-1.0	-1.0	-1.0	46.0	-1.0	-1.0	-1.0	-1.0	8.0	-1.0	-1.0	-1.0	13.0	-1.0	16.0	-1.0	-1.0	47.0	-1.0	24.0	11.0	-1.0	-1.0	27.0	-1.0	-1.0	-1.0	6.0	9.0	-1.0	-1.0	-1.0	41.0	14.0	29.0	-1.0	18.0	-1.0	24.0	-1.0	0.0	27.0	
-1.0	33.0	41.0	24.0	45.0	-1.0	0.0	-1.0	24.0	5.0	17.0	46.0	38.0	0.0	-1.0	-1.0	-1.0	-1.0	-1.0	-1.0	13.0	-1.0	16.0	-1.0	-1.0	47.0	-1.0	24.0	11.0	-1.0	-1.0	27.0	5.0	-1.0	-1.0	-1.0	-1.0	34.0	-1.0	-1.0	41.0	14.0	-1.0	-1.0	-1.0	33.0	24.0	38.0	0.0	27.0	
-1.0	38.0	41.0	24.0	45.0	25.0	0.0	-1.0	24.0	-1.0	17.0	46.0	-1.0	0.0	-1.0	26.0	-1.0	-1.0	-1.0	27.0	13.0	-1.0	16.0	-1.0	26.0	47.0	30.0	24.0	13.0	40.0	-1.0	27.0	-1.0	-1.0	-1.0	-1.0	-1.0	-1.0	-1.0	-1.0	41.0	14.0	-1.0	10.0	18.0	33.0	-1.0	36.0	-1.0	-1.0	
-1.0	33.0	41.0	24.0	-1.0	-1.0	0.0	0.0	32.0	-1.0	17.0	46.0	-1.0	-1.0	-1.0	-1.0	-1.0	-1.0	0.0	27.0	-1.0	-1.0	16.0	11.0	-1.0	47.0	-1.0	24.0	-1.0	40.0	-1.0	-1.0	-1.0	-1.0	-1.0	-1.0	-1.0	-1.0	-1.0	-1.0	41.0	14.0	-1.0	10.0	18.0	33.0	24.0	-1.0	0.0	27.0	

distances_centre_w :
-1.0	-1.0	41.0	-1.0	-1.0	-1.0	20.0	-1.0	-1.0	-1.0	-1.0	-1.0	38.0	-1.0	43.0	-1.0	-1.0	-1.0	-1.0	-1.0	-1.0	-1.0	-1.0	-1.0	-1.0	65.0	-1.0	28.0	-1.0	-1.0	-1.0	-1.0	-1.0	-1.0	-1.0	-1.0	-1.0	-1.0	-1.0	-1.0	52.0	-1.0	-1.0	-1.0	-1.0	-1.0	-1.0	-1.0	-1.0	-1.0	
-1.0	38.0	42.0	29.0	54.0	35.0	20.0	14.0	32.0	14.0	20.0	55.0	-1.0	42.0	-1.0	-1.0	-1.0	41.0	42.0	-1.0	-1.0	-1.0	-1.0	-1.0	27.0	59.0	-1.0	28.0	22.0	-1.0	56.0	-1.0	-1.0	27.0	-1.0	14.0	-1.0	35.0	-1.0	-1.0	55.0	25.0	-1.0	16.0	25.0	-1.0	37.0	38.0	20.0	37.0	
-1.0	47.0	-1.0	29.0	54.0	-1.0	27.0	-1.0	-1.0	-1.0	20.0	55.0	-1.0	42.0	-1.0	-1.0	-1.0	-1.0	42.0	52.0	57.0	45.0	48.0	-1.0	51.0	60.0	30.0	30.0	13.0	-1.0	56.0	-1.0	41.0	-1.0	-1.0	-1.0	-1.0	-1.0	25.0	42.0	52.0	55.0	-1.0	-1.0	26.0	-1.0	-1.0	42.0	45.0	41.0	
-1.0	38.0	41.0	29.0	46.0	-1.0	20.0	-1.0	-1.0	14.0	20.0	-1.0	-1.0	14.0	45.0	36.0	-1.0	-1.0	-1.0	52.0	22.0	-1.0	48.0	36.0	-1.0	59.0	33.0	28.0	22.0	45.0	56.0	38.0	-1.0	27.0	-1.0	14.0	-1.0	-1.0	15.0	-1.0	52.0	-1.0	-1.0	-1.0	-1.0	-1.0	37.0	-1.0	20.0	37.0	
-1.0	38.0	56.0	29.0	46.0	35.0	20.0	-1.0	-1.0	14.0	20.0	-1.0	38.0	14.0	-1.0	-1.0	-1.0	-1.0	-1.0	-1.0	22.0	-1.0	48.0	-1.0	51.0	59.0	46.0	-1.0	13.0	-1.0	56.0	-1.0	31.0	27.0	19.0	14.0	-1.0	35.0	-1.0	-1.0	48.0	25.0	-1.0	16.0	25.0	-1.0	37.0	-1.0	20.0	37.0	
57.0	47.0	41.0	29.0	46.0	26.0	20.0	14.0	32.0	14.0	-1.0	55.0	38.0	-1.0	-1.0	-1.0	-1.0	-1.0	-1.0	-1.0	22.0	-1.0	48.0	36.0	51.0	59.0	-1.0	-1.0	-1.0	45.0	-1.0	38.0	-1.0	41.0	-1.0	14.0	-1.0	-1.0	-1.0	-1.0	55.0	25.0	-1.0	16.0	-1.0	-1.0	-1.0	-1.0	20.0	37.0	
-1.0	38.0	42.0	-1.0	46.0	58.0	20.0	-1.0	-1.0	-1.0	-1.0	55.0	-1.0	-1.0	-1.0	-1.0	18.0	-1.0	-1.0	-1.0	22.0	-1.0	48.0	-1.0	-1.0	59.0	-1.0	28.0	22.0	-1.0	-1.0	31.0	-1.0	-1.0	-1.0	14.0	12.0	-1.0	-1.0	-1.0	48.0	25.0	41.0	-1.0	25.0	-1.0	37.0	-1.0	20.0	37.0	
-1.0	38.0	56.0	29.0	46.0	-1.0	20.0	-1.0	59.0	14.0	20.0	55.0	38.0	14.0	-1.0	-1.0	-1.0	-1.0	-1.0	-1.0	22.0	-1.0	48.0	-1.0	-1.0	59.0	-1.0	28.0	13.0	-1.0	-1.0	38.0	51.0	-1.0	-1.0	-1.0	-1.0	35.0	-1.0	-1.0	52.0	25.0	-1.0	-1.0	-1.0	36.0	37.0	42.0	20.0	37.0	
-1.0	47.0	41.0	29.0	46.0	26.0	20.0	-1.0	32.0	-1.0	20.0	55.0	-1.0	14.0	-1.0	36.0	-1.0	-1.0	-1.0	27.0	22.0	-1.0	48.0	-1.0	27.0	59.0	33.0	28.0	42.0	45.0	-1.0	31.0	-1.0	-1.0	-1.0	-1.0	-1.0	-1.0	-1.0	-1.0	55.0	25.0	-1.0	16.0	25.0	36.0	-1.0	42.0	-1.0	-1.0	
-1.0	47.0	42.0	29.0	-1.0	-1.0	20.0	14.0	59.0	-1.0	20.0	55.0	-1.0	-1.0	-1.0	-1.0	-1.0	-1.0	42.0	27.0	-1.0	-1.0	48.0	50.0	-1.0	59.0	-1.0	28.0	-1.0	45.0	-1.0	-1.0	-1.0	-1.0	-1.0	-1.0	-1.0	-1.0	-1.0	-1.0	48.0	25.0	-1.0	16.0	25.0	36.0	37.0	-1.0	45.0	37.0	

maxX :
36.0	47.0	47.0	47.0	47.0	47.0	47.0	47.0	47.0	47.0	

maxW :
65.0	59.0	60.0	59.0	59.0	59.0	59.0	59.0	59.0	59.0	

minX :
0.0	0.0	0.0	0.0	0.0	0.0	0.0	0.0	0.0	0.0	

minW :
20.0	14.0	13.0	14.0	13.0	14.0	12.0	13.0	14.0	14.0	

moyX :
20.384615384615383	21.2	23.37037037037037	21.178571428571427	20.655172413793103	23.26923076923077	23.363636363636363	24.115384615384617	25.962962962962962	22.82608695652174	

moyW :
41.0	33.3	41.74074074074074	33.714285714285715	32.37931034482759	35.61538461538461	33.90909090909091	35.84615384615385	34.333333333333336	37.130434782608695	

medX :
19.0	23.5	24.0	18.5	17.0	24.5	24.0	24.0	26.0	24.0	

medW :
41.0	33.5	42.0	36.0	31.0	37.5	34.0	37.0	32.0	37.0	

ecartTypeX :
9.27808386665514	14.554266270295685	12.973329188500388	13.352510655915108	13.220349679941476	14.768880204172795	14.639751160780936	14.750037609018346	12.91992856728757	14.710694642402304	

ecartTypeW :
13.732131246511905	13.229134514396625	12.381565127513513	13.3519852532903	14.025626282908869	14.22910593190246	14.064491364971998	14.263164789852398	12.138094304022083	13.290416121421078	

varX :
86.08284023668638	211.82666666666665	168.30727023319616	178.2895408163265	174.77764565992868	218.11982248520707	214.32231404958677	217.56360946745565	166.92455418381343	216.40453686200385	

varW :
188.57142857142858	175.01000000000002	153.3031550068587	178.27551020408163	196.71819262782404	202.46745562130175	197.80991735537188	203.43786982248523	147.33333333333334	176.6351606805293	

covarX :
93.25641025641023	219.1310344827586	174.78062678062676	184.89285714285708	181.01970443349757	226.8446153846153	224.5281385281385	226.26615384615383	173.3447293447293	226.2411067193676	

covarW :
220.0	181.04482758620694	159.19943019943017	184.87830687830683	203.74384236453207	210.56615384615387	207.22943722943714	211.57538461538465	153.00000000000006	184.6640316205534	

coef_variationX :
0.45515128402459176	0.686521993881872	0.5551186815998581	0.6304726785255026	0.6400503183944956	0.6346956781958556	0.6266041352863435	0.611644302766311	0.4976292030196354	0.6444685271909582	

coef_variationW :
0.3349300304027294	0.3972713067386374	0.29663022044619775	0.3960334609026784	0.43316630692689795	0.3995213328611922	0.41477052282759247	0.3978994469272128	0.35353672730161406	0.3579386074855794	

moy_distances_centre :	45.1
min_distances_centre :	14.0
max_distances_centre :	91.0
med_distances_centre :	43.5
ecartType_distances_centre :	22.402901597784158
var_distances_centre :	501.89000000000004
covar_distances_centre :	528.3052631578947
coef_variation_distances_centre :	0.4967383946293605
capacite_X_temoin : 
156.0	171.0	0.0	159.0	144.0	
138.0	153.0	162.0	178.0	159.0	
0.0	144.0	136.0	178.0	166.0	
166.0	151.0	141.0	159.0	171.0	
144.0	144.0	162.0	169.0	165.0	
172.0	144.0	135.0	145.0	157.0	
172.0	171.0	157.0	157.0	163.0	
141.0	136.0	172.0	145.0	148.0	
147.0	139.0	171.0	148.0	169.0	
154.0	177.0	177.0	171.0	163.0	

capacite_W_temoin : 
142.8	134.3	0.0	90.69999999999999	144.2	
109.4	103.9	123.6	182.4	149.7	
0.0	79.19999999999999	132.8	175.4	107.8	
113.8	120.3	116.3	162.7	187.3	
109.19999999999999	114.19999999999999	113.6	189.7	163.5	
164.6	119.19999999999999	99.5	157.5	149.1	
142.6	169.3	186.1	192.1	116.9	
101.3	103.8	130.6	164.5	149.4	
118.1	126.69999999999999	128.3	170.4	173.7	
121.19999999999999	144.1	173.1	192.3	174.9	

demande_cumulee_X : 
60.0	88.0	0.0	116.0	43.0	
70.0	95.0	87.0	49.0	57.0	
0.0	108.0	44.0	56.0	108.0	
102.0	76.0	67.0	44.0	35.0	
78.0	73.0	97.0	30.0	51.0	
59.0	68.0	76.0	31.0	55.0	
81.0	53.0	18.0	12.0	95.0	
82.0	73.0	93.0	24.0	43.0	
73.0	54.0	94.0	22.0	46.0	
79.0	86.0	57.0	30.0	37.0	

demande_cumulee_W : 
106.0	131.0	0.0	10.0	60.0	
83.0	71.0	119.0	48.0	37.0	
0.0	79.0	131.0	77.0	29.0	
68.0	107.0	77.0	17.0	55.0	
81.0	108.0	78.0	29.0	33.0	
72.0	86.0	60.0	27.0	44.0	
130.0	61.0	32.0	0.0	36.0	
59.0	96.0	70.0	38.0	52.0	
64.0	95.0	50.0	39.0	41.0	
42.0	74.0	87.0	38.0	48.0	

capacite_residuelle_X : 
96.0	83.0	0.0	43.0	101.0	
68.0	58.0	75.0	129.0	102.0	
0.0	36.0	92.0	122.0	58.0	
64.0	75.0	74.0	115.0	136.0	
66.0	71.0	65.0	139.0	114.0	
113.0	76.0	59.0	114.0	102.0	
91.0	118.0	139.0	145.0	68.0	
59.0	63.0	79.0	121.0	105.0	
74.0	85.0	77.0	126.0	123.0	
75.0	91.0	120.0	141.0	126.0	

capacite_residuelle_W : 
36.80000000000001	3.3000000000000114	0.0	80.69999999999999	84.19999999999999	
26.400000000000006	32.900000000000006	4.599999999999994	134.4	112.69999999999999	
0.0	0.19999999999998863	1.8000000000000114	98.4	78.8	
45.8	13.299999999999997	39.3	145.7	132.3	
28.19999999999999	6.199999999999989	35.599999999999994	160.7	130.5	
92.6	33.19999999999999	39.5	130.5	105.1	
12.599999999999994	108.30000000000001	154.1	192.1	80.9	
42.3	7.799999999999997	60.599999999999994	126.5	97.4	
54.099999999999994	31.69999999999999	78.30000000000001	131.4	132.7	
79.19999999999999	70.1	86.1	154.3	126.9	

min_capacite_X : 
0.0	138.0	0.0	141.0	144.0	135.0	157.0	136.0	139.0	154.0	

min_capacite_W : 
0.0	103.9	0.0	113.8	109.19999999999999	99.5	116.9	101.3	118.1	121.19999999999999	

max_capacite_X : 
171.0	178.0	178.0	171.0	169.0	172.0	172.0	172.0	171.0	177.0	

max_capacite_W : 
144.2	182.4	175.4	187.3	189.7	164.6	192.1	164.5	173.7	192.3	

moy_capacite_X : 
126.0	158.0	124.8	157.6	156.8	150.6	164.0	148.4	154.8	168.4	

moy_capacite_W : 
102.4	133.8	99.03999999999999	140.07999999999998	138.04000000000002	137.98	161.4	129.92000000000002	143.44	161.12	

med_capacite_X : 
156.0	159.0	144.0	159.0	162.0	145.0	163.0	145.0	148.0	171.0	

med_capacite_W : 
134.3	123.6	107.8	120.3	114.19999999999999	149.1	169.3	130.6	128.3	173.1	

ecartType_capacite_X : 
63.58301660034699	12.976902558006667	64.18224053427863	10.68831137270991	10.684568311354464	12.784365451597509	6.511528238439882	12.467557900406959	12.812493902437573	8.845337754998393	

ecartType_capacite_W : 
54.808138081857884	29.01096344487718	58.73648270027752	29.62690668969679	32.60175455401136	24.684845553496988	28.102241903449624	24.807531114562774	23.639255487430223	25.254259046742995	

var_capacite_X : 
4042.8	168.4	4119.36	114.24000000000001	114.16	163.44	42.4	155.44	164.16	78.24000000000001	

var_capacite_W : 
3003.9320000000002	841.6360000000001	3449.9744	877.7536000000002	1062.8744000000002	609.3416	789.7359999999999	615.4136000000001	558.8144	637.7776000000003	

covar_capacite_X : 
5053.5	210.5	5149.2	142.8	142.7	204.29999999999998	53.0	194.29999999999998	205.2	97.80000000000001	

covar_capacite_W : 
3754.9150000000004	1052.045	4312.468	1097.1920000000002	1328.593	761.677	987.1699999999998	769.2670000000002	698.518	797.2220000000004	

##########	##########	##########	##########	##########	##########	##########	##########	##########	##########	##########	##########	##########	##########	##########	##########	##########	##########	##########	##########	##########	##########	##########	##########	##########	##########	##########	##########	##########	##########	##########	##########	##########	##########	##########	##########	##########	##########	##########	##########	##########	##########	##########	##########	##########	##########	##########	##########	##########	##########	nombre de noeuds : 50
nombre de strates : 10
nombre de centres : 5
titre : fenetre
instances : p5_3
temps de calcul : 0.060363054275512695
valeur objective : 1225.0
nombre de solutions : 3
nombre de noeuds : 1.0
faisability : True
moy_distances :	50.2
min_distances :	1.0
max_distances :	116.0
var_distances :	612.2527240316534
covar_distances :	612.5027251439572
ecartType_distances :	24.743741108240958
coef_variation	: 0.49293527276504157
distances_centre_x :
-1.0	33.0	41.0	38.0	-1.0	-1.0	-1.0	-1.0	24.0	-1.0	-1.0	18.0	29.0	-1.0	30.0	-1.0	-1.0	-1.0	-1.0	-1.0	-1.0	-1.0	-1.0	-1.0	-1.0	43.0	-1.0	-1.0	-1.0	-1.0	-1.0	-1.0	-1.0	-1.0	-1.0	-1.0	-1.0	-1.0	-1.0	-1.0	-1.0	14.0	-1.0	-1.0	-1.0	-1.0	-1.0	-1.0	0.0	-1.0	
-1.0	33.0	41.0	24.0	18.0	25.0	0.0	0.0	32.0	5.0	17.0	18.0	-1.0	0.0	-1.0	-1.0	-1.0	41.0	42.0	-1.0	-1.0	-1.0	-1.0	-1.0	18.0	43.0	-1.0	24.0	11.0	-1.0	56.0	-1.0	-1.0	27.0	-1.0	6.0	-1.0	34.0	-1.0	-1.0	48.0	14.0	-1.0	10.0	18.0	-1.0	24.0	30.0	0.0	27.0	
-1.0	33.0	-1.0	24.0	18.0	-1.0	20.0	-1.0	-1.0	-1.0	17.0	18.0	-1.0	0.0	-1.0	-1.0	-1.0	-1.0	42.0	27.0	22.0	45.0	48.0	-1.0	18.0	43.0	30.0	28.0	11.0	-1.0	56.0	-1.0	5.0	-1.0	-1.0	-1.0	-1.0	-1.0	15.0	42.0	52.0	14.0	-1.0	-1.0	26.0	-1.0	-1.0	30.0	0.0	27.0	
-1.0	33.0	41.0	24.0	18.0	-1.0	0.0	-1.0	-1.0	5.0	17.0	-1.0	-1.0	0.0	15.0	26.0	-1.0	-1.0	-1.0	27.0	13.0	-1.0	48.0	36.0	-1.0	43.0	17.0	24.0	22.0	0.0	56.0	27.0	-1.0	27.0	-1.0	6.0	-1.0	-1.0	14.0	-1.0	48.0	-1.0	-1.0	-1.0	-1.0	-1.0	24.0	-1.0	0.0	27.0	
-1.0	33.0	41.0	24.0	18.0	25.0	0.0	-1.0	-1.0	5.0	17.0	-1.0	29.0	0.0	-1.0	-1.0	-1.0	-1.0	-1.0	-1.0	13.0	-1.0	48.0	-1.0	26.0	43.0	30.0	-1.0	22.0	-1.0	56.0	-1.0	5.0	27.0	19.0	6.0	-1.0	34.0	-1.0	-1.0	48.0	14.0	-1.0	10.0	18.0	-1.0	31.0	-1.0	0.0	27.0	
-1.0	33.0	41.0	-1.0	-1.0	-1.0	-1.0	-1.0	24.0	-1.0	-1.0	-1.0	-1.0	-1.0	-1.0	-1.0	-1.0	-1.0	-1.0	-1.0	-1.0	-1.0	-1.0	-1.0	-1.0	-1.0	-1.0	-1.0	-1.0	-1.0	-1.0	-1.0	-1.0	-1.0	-1.0	6.0	-1.0	-1.0	-1.0	-1.0	-1.0	14.0	-1.0	-1.0	-1.0	-1.0	-1.0	-1.0	0.0	-1.0	
-1.0	33.0	41.0	-1.0	18.0	35.0	0.0	-1.0	-1.0	-1.0	-1.0	18.0	-1.0	-1.0	-1.0	-1.0	8.0	-1.0	-1.0	-1.0	13.0	-1.0	48.0	-1.0	-1.0	43.0	-1.0	24.0	11.0	-1.0	-1.0	27.0	-1.0	-1.0	-1.0	6.0	9.0	-1.0	-1.0	-1.0	41.0	14.0	38.0	-1.0	18.0	-1.0	24.0	-1.0	0.0	27.0	
-1.0	33.0	41.0	24.0	18.0	-1.0	0.0	-1.0	24.0	5.0	25.0	18.0	32.0	0.0	-1.0	-1.0	-1.0	-1.0	-1.0	-1.0	13.0	-1.0	48.0	-1.0	-1.0	43.0	-1.0	24.0	11.0	-1.0	-1.0	31.0	31.0	-1.0	-1.0	-1.0	-1.0	34.0	-1.0	-1.0	48.0	14.0	-1.0	-1.0	-1.0	33.0	24.0	30.0	0.0	27.0	
-1.0	33.0	41.0	24.0	18.0	25.0	0.0	-1.0	24.0	-1.0	17.0	18.0	-1.0	0.0	-1.0	26.0	-1.0	-1.0	-1.0	27.0	13.0	-1.0	48.0	-1.0	18.0	43.0	17.0	24.0	11.0	0.0	-1.0	31.0	-1.0	-1.0	-1.0	-1.0	-1.0	-1.0	-1.0	-1.0	48.0	14.0	-1.0	10.0	18.0	33.0	-1.0	30.0	-1.0	-1.0	
-1.0	33.0	41.0	24.0	-1.0	-1.0	0.0	0.0	24.0	-1.0	17.0	18.0	-1.0	-1.0	-1.0	-1.0	-1.0	-1.0	42.0	27.0	-1.0	-1.0	48.0	36.0	-1.0	43.0	-1.0	24.0	-1.0	0.0	-1.0	-1.0	-1.0	-1.0	-1.0	-1.0	-1.0	-1.0	-1.0	-1.0	41.0	14.0	-1.0	10.0	18.0	33.0	24.0	-1.0	0.0	27.0	

distances_centre_w :
-1.0	-1.0	58.0	-1.0	-1.0	40.0	20.0	-1.0	-1.0	-1.0	-1.0	-1.0	-1.0	-1.0	-1.0	40.0	-1.0	-1.0	-1.0	-1.0	-1.0	-1.0	81.0	82.0	-1.0	-1.0	-1.0	28.0	-1.0	-1.0	-1.0	-1.0	-1.0	60.0	-1.0	-1.0	-1.0	-1.0	-1.0	-1.0	52.0	-1.0	-1.0	-1.0	57.0	-1.0	-1.0	-1.0	-1.0	41.0	
-1.0	38.0	42.0	58.0	45.0	35.0	20.0	14.0	59.0	14.0	20.0	46.0	-1.0	14.0	-1.0	-1.0	-1.0	61.0	67.0	-1.0	-1.0	-1.0	-1.0	-1.0	26.0	65.0	-1.0	28.0	13.0	-1.0	70.0	-1.0	-1.0	41.0	-1.0	40.0	-1.0	35.0	-1.0	-1.0	52.0	55.0	-1.0	16.0	57.0	-1.0	31.0	36.0	20.0	37.0	
-1.0	47.0	-1.0	38.0	45.0	-1.0	33.0	-1.0	-1.0	-1.0	20.0	46.0	-1.0	45.0	-1.0	-1.0	-1.0	-1.0	67.0	52.0	62.0	59.0	62.0	-1.0	26.0	60.0	46.0	58.0	13.0	-1.0	70.0	-1.0	17.0	-1.0	-1.0	-1.0	-1.0	-1.0	53.0	43.0	55.0	45.0	-1.0	-1.0	57.0	-1.0	-1.0	42.0	45.0	41.0	
-1.0	38.0	41.0	34.0	45.0	-1.0	20.0	-1.0	-1.0	14.0	20.0	-1.0	-1.0	33.0	19.0	36.0	-1.0	-1.0	-1.0	52.0	22.0	-1.0	62.0	50.0	-1.0	65.0	30.0	28.0	42.0	40.0	70.0	38.0	-1.0	41.0	-1.0	14.0	-1.0	-1.0	15.0	-1.0	52.0	-1.0	-1.0	-1.0	-1.0	-1.0	54.0	-1.0	20.0	37.0	
-1.0	38.0	41.0	34.0	45.0	35.0	20.0	-1.0	-1.0	14.0	20.0	-1.0	32.0	33.0	-1.0	-1.0	-1.0	-1.0	-1.0	-1.0	22.0	-1.0	62.0	-1.0	27.0	47.0	33.0	-1.0	52.0	-1.0	70.0	-1.0	17.0	41.0	40.0	14.0	-1.0	35.0	-1.0	-1.0	55.0	25.0	-1.0	16.0	25.0	-1.0	54.0	-1.0	20.0	37.0	
-1.0	-1.0	-1.0	-1.0	-1.0	-1.0	20.0	-1.0	-1.0	-1.0	-1.0	-1.0	-1.0	-1.0	-1.0	-1.0	-1.0	-1.0	-1.0	-1.0	33.0	-1.0	-1.0	-1.0	-1.0	-1.0	-1.0	-1.0	-1.0	-1.0	-1.0	-1.0	-1.0	-1.0	-1.0	-1.0	-1.0	-1.0	-1.0	-1.0	52.0	-1.0	-1.0	-1.0	-1.0	-1.0	-1.0	-1.0	-1.0	-1.0	
-1.0	38.0	41.0	-1.0	45.0	58.0	20.0	-1.0	-1.0	-1.0	-1.0	46.0	-1.0	-1.0	-1.0	-1.0	18.0	-1.0	-1.0	-1.0	22.0	-1.0	62.0	-1.0	-1.0	47.0	-1.0	28.0	22.0	-1.0	-1.0	38.0	-1.0	-1.0	-1.0	14.0	12.0	-1.0	-1.0	-1.0	55.0	25.0	41.0	-1.0	25.0	-1.0	54.0	-1.0	20.0	37.0	
-1.0	47.0	58.0	34.0	45.0	-1.0	20.0	-1.0	32.0	14.0	44.0	46.0	38.0	14.0	-1.0	-1.0	-1.0	-1.0	-1.0	-1.0	22.0	-1.0	62.0	-1.0	-1.0	47.0	-1.0	28.0	22.0	-1.0	-1.0	38.0	51.0	-1.0	-1.0	-1.0	-1.0	35.0	-1.0	-1.0	49.0	25.0	-1.0	-1.0	-1.0	44.0	54.0	42.0	20.0	37.0	
-1.0	38.0	41.0	34.0	45.0	40.0	20.0	-1.0	59.0	-1.0	20.0	46.0	-1.0	14.0	-1.0	36.0	-1.0	-1.0	-1.0	27.0	22.0	-1.0	62.0	-1.0	26.0	47.0	36.0	28.0	13.0	40.0	-1.0	38.0	-1.0	-1.0	-1.0	-1.0	-1.0	-1.0	-1.0	-1.0	52.0	25.0	-1.0	16.0	25.0	44.0	-1.0	42.0	-1.0	-1.0	
-1.0	47.0	41.0	34.0	-1.0	-1.0	20.0	14.0	59.0	-1.0	20.0	46.0	-1.0	-1.0	-1.0	-1.0	-1.0	-1.0	55.0	27.0	-1.0	-1.0	62.0	50.0	-1.0	59.0	-1.0	28.0	-1.0	40.0	-1.0	-1.0	-1.0	-1.0	-1.0	-1.0	-1.0	-1.0	-1.0	-1.0	49.0	25.0	-1.0	16.0	25.0	44.0	54.0	-1.0	20.0	37.0	

maxX :
43.0	56.0	56.0	56.0	56.0	41.0	48.0	48.0	48.0	48.0	

maxW :
82.0	70.0	70.0	70.0	70.0	52.0	62.0	62.0	62.0	62.0	

minX :
0.0	0.0	0.0	0.0	0.0	0.0	0.0	0.0	0.0	0.0	

minW :
20.0	13.0	13.0	14.0	14.0	20.0	12.0	14.0	13.0	14.0	

moyX :
27.0	22.866666666666667	26.333333333333332	22.785714285714285	23.06896551724138	19.666666666666668	22.545454545454547	24.26923076923077	22.62962962962963	23.652173913043477	

moyW :
50.81818181818182	38.5	46.18518518518518	36.857142857142854	34.62068965517241	35.0	34.90909090909091	37.23076923076923	34.666666666666664	37.91304347826087	

medX :
29.5	24.0	26.0	24.0	24.0	19.0	21.0	24.5	24.0	24.0	

medW :
52.0	37.5	46.0	37.5	34.0	33.0	37.5	38.0	36.0	40.0	

ecartTypeX :
12.68857754044952	15.023832918252106	14.804904092400774	15.211267306218259	14.920319480916085	14.476033833738976	14.044498349328734	13.617177196206981	13.007542393630128	14.568007519911191	

ecartTypeW :
18.73168527009386	17.387255869362097	14.424868025680478	15.412690239155632	14.439920224021318	13.140268896284683	14.73063934583934	13.17429809050618	12.89846387638351	14.846791612062946	

varX :
161.0	225.7155555555556	219.18518518518516	231.38265306122452	222.61593341260405	209.55555555555554	197.2479338842975	185.42751479289942	169.19615912208502	212.22684310018903	

varW :
350.8760330578512	302.31666666666666	208.07681755829904	237.5510204081633	208.51129607609985	172.66666666666666	216.99173553719004	173.5621301775148	166.37037037037032	220.42722117202266	

covarX :
178.88888888888889	233.49885057471266	227.61538461538467	239.95238095238096	230.5665024630542	251.46666666666667	206.6406926406926	192.8446153846154	175.7037037037037	221.87351778656128	

covarW :
385.96363636363634	312.7413793103448	216.07977207977203	246.34920634920633	215.95812807881774	259.0	227.32467532467527	180.5046153846154	172.76923076923075	230.4466403162055	

coef_variationX :
0.4699473163129452	0.6570189322850775	0.5622115478126877	0.6675791294265067	0.6467702017138511	0.7360695169697784	0.6229414590428067	0.5610881253587663	0.5748013823699075	0.615926788525657	

coef_variationW :
0.36860203572635497	0.45161703556784666	0.3123267335151347	0.4181737661786412	0.41708932917989866	0.3754362541795624	0.4219714395943561	0.35385511400119907	0.3720710733572166	0.39160115490533004	

moy_distances_centre :	42.7
min_distances_centre :	14.0
max_distances_centre :	83.0
med_distances_centre :	42.5
ecartType_distances_centre :	20.04519892642625
var_distances_centre :	401.81000000000006
covar_distances_centre :	422.9578947368421
coef_variation_distances_centre :	0.4694425978085772
capacite_X_temoin : 
156.0	171.0	0.0	175.0	144.0	
138.0	153.0	162.0	163.0	159.0	
0.0	144.0	136.0	147.0	166.0	
166.0	151.0	141.0	168.0	171.0	
144.0	144.0	162.0	147.0	165.0	
172.0	144.0	135.0	0.0	157.0	
172.0	171.0	157.0	135.0	163.0	
141.0	136.0	172.0	156.0	148.0	
147.0	139.0	171.0	144.0	169.0	
154.0	177.0	177.0	147.0	163.0	

capacite_W_temoin : 
153.8	56.3	0.0	192.5	130.2	
100.4	125.9	97.6	169.9	155.7	
0.0	114.19999999999999	92.8	148.1	99.8	
137.8	133.3	85.3	191.4	164.3	
125.19999999999999	148.2	101.6	144.1	142.5	
179.6	126.19999999999999	61.5	0.0	134.1	
157.6	180.3	190.1	148.5	101.9	
86.3	141.8	135.6	150.8	149.4	
89.1	157.7	131.3	141.2	192.7	
155.2	157.1	143.1	178.1	140.9	

demande_cumulee_X : 
49.0	166.0	0.0	35.0	57.0	
79.0	73.0	113.0	42.0	51.0	
0.0	73.0	84.0	43.0	116.0	
78.0	63.0	98.0	27.0	58.0	
62.0	39.0	109.0	47.0	72.0	
44.0	61.0	114.0	0.0	70.0	
66.0	42.0	14.0	27.0	110.0	
97.0	35.0	88.0	52.0	43.0	
102.0	23.0	91.0	46.0	27.0	
45.0	73.0	87.0	13.0	71.0	

demande_cumulee_W : 
150.0	49.0	0.0	63.0	45.0	
75.0	121.0	74.0	41.0	47.0	
0.0	113.0	82.0	117.0	4.0	
72.0	133.0	50.0	0.0	69.0	
93.0	145.0	48.0	2.0	41.0	
99.0	106.0	37.0	0.0	47.0	
130.0	51.0	19.0	0.0	59.0	
72.0	139.0	17.0	18.0	69.0	
20.0	156.0	35.0	5.0	73.0	
81.0	114.0	37.0	3.0	54.0	

capacite_residuelle_X : 
107.0	5.0	0.0	140.0	87.0	
59.0	80.0	49.0	121.0	108.0	
0.0	71.0	52.0	104.0	50.0	
88.0	88.0	43.0	141.0	113.0	
82.0	105.0	53.0	100.0	93.0	
128.0	83.0	21.0	0.0	87.0	
106.0	129.0	143.0	108.0	53.0	
44.0	101.0	84.0	104.0	105.0	
45.0	116.0	80.0	98.0	142.0	
109.0	104.0	90.0	134.0	92.0	

capacite_residuelle_W : 
3.8000000000000114	7.299999999999997	0.0	129.5	85.19999999999999	
25.400000000000006	4.900000000000006	23.599999999999994	128.9	108.69999999999999	
0.0	1.1999999999999886	10.799999999999997	31.099999999999994	95.8	
65.80000000000001	0.30000000000001137	35.3	191.4	95.30000000000001	
32.19999999999999	3.1999999999999886	53.599999999999994	142.1	101.5	
80.6	20.19999999999999	24.5	0.0	87.1	
27.599999999999994	129.3	171.1	148.5	42.900000000000006	
14.299999999999997	2.8000000000000114	118.6	132.8	80.4	
69.1	1.6999999999999886	96.30000000000001	136.2	119.69999999999999	
74.19999999999999	43.099999999999994	106.1	175.1	86.9	

min_capacite_X : 
0.0	138.0	0.0	141.0	144.0	0.0	135.0	136.0	139.0	147.0	

min_capacite_W : 
0.0	97.6	0.0	85.3	101.6	0.0	101.9	86.3	89.1	140.9	

max_capacite_X : 
175.0	163.0	166.0	171.0	165.0	172.0	172.0	172.0	171.0	177.0	

max_capacite_W : 
192.5	169.9	148.1	191.4	148.2	179.6	190.1	150.8	192.7	178.1	

moy_capacite_X : 
129.2	155.0	118.6	159.4	152.4	121.6	159.6	150.6	154.0	163.6	

moy_capacite_W : 
106.55999999999999	129.9	90.98	142.42000000000002	132.32	100.28	155.68	132.78	142.4	154.88	

med_capacite_X : 
156.0	159.0	144.0	166.0	147.0	144.0	163.0	148.0	147.0	163.0	

med_capacite_W : 
130.2	125.9	99.8	137.8	142.5	126.19999999999999	157.6	141.8	141.2	155.2	

ecartType_capacite_X : 
65.53594433591385	9.186947262284681	60.11189566134144	11.499565209172042	9.178235124467014	62.06641603959423	13.46996659238619	12.642784503423286	13.326664999166145	12.059850745345068	

ecartType_capacite_W : 
69.36461922334757	28.966118138266303	49.315977127093404	35.34116013941818	17.256813147276063	62.71725121527569	30.784437626826968	23.87738679169059	33.85179463484913	13.254493577651315	

var_capacite_X : 
4294.959999999999	84.4	3613.44	132.24	84.24000000000001	3852.2400000000002	181.44	159.84	177.6	145.44	

var_capacite_W : 
4811.4504	839.0360000000001	2432.0656	1248.9976000000001	297.7976	3933.4535999999994	947.6815999999999	570.1296000000002	1145.944	175.68159999999995	

covar_capacite_X : 
5368.699999999999	105.5	4516.8	165.3	105.30000000000001	4815.3	226.8	199.8	222.0	181.8	

covar_capacite_W : 
6014.313	1048.795	3040.082	1561.2470000000003	372.247	4916.816999999999	1184.6019999999999	712.6620000000003	1432.4299999999998	219.60199999999992	

##########	##########	##########	##########	##########	##########	##########	##########	##########	##########	##########	##########	##########	##########	##########	##########	##########	##########	##########	##########	##########	##########	##########	##########	##########	##########	##########	##########	##########	##########	##########	##########	##########	##########	##########	##########	##########	##########	##########	##########	##########	##########	##########	##########	##########	##########	##########	##########	##########	##########	nombre de noeuds : 50
nombre de strates : 10
nombre de centres : 5
titre : fenetre
instances : p5_3
temps de calcul : 0.05916309356689453
valeur objective : 1225.0
nombre de solutions : 3
nombre de noeuds : 1.0
faisability : True
moy_distances :	50.2
min_distances :	1.0
max_distances :	116.0
var_distances :	612.2527240316534
covar_distances :	612.5027251439572
ecartType_distances :	24.743741108240958
coef_variation	: 0.49293527276504157
distances_centre_x :
-1.0	23.0	23.0	38.0	-1.0	-1.0	-1.0	-1.0	-1.0	-1.0	-1.0	18.0	29.0	-1.0	-1.0	-1.0	-1.0	-1.0	-1.0	-1.0	-1.0	-1.0	-1.0	-1.0	-1.0	43.0	-1.0	7.0	-1.0	-1.0	-1.0	-1.0	-1.0	60.0	-1.0	-1.0	-1.0	-1.0	-1.0	-1.0	30.0	20.0	-1.0	-1.0	0.0	-1.0	-1.0	-1.0	-1.0	21.0	
-1.0	23.0	23.0	24.0	18.0	35.0	0.0	0.0	32.0	5.0	17.0	18.0	-1.0	0.0	-1.0	-1.0	-1.0	41.0	42.0	-1.0	-1.0	-1.0	-1.0	-1.0	18.0	41.0	-1.0	7.0	13.0	-1.0	56.0	-1.0	-1.0	27.0	-1.0	14.0	-1.0	16.0	-1.0	-1.0	30.0	20.0	-1.0	10.0	0.0	-1.0	24.0	30.0	20.0	21.0	
-1.0	47.0	-1.0	24.0	18.0	-1.0	18.0	-1.0	-1.0	-1.0	17.0	18.0	-1.0	0.0	-1.0	-1.0	-1.0	-1.0	42.0	52.0	22.0	45.0	48.0	-1.0	18.0	43.0	30.0	7.0	11.0	-1.0	56.0	-1.0	17.0	-1.0	-1.0	-1.0	-1.0	-1.0	11.0	17.0	41.0	20.0	-1.0	-1.0	0.0	-1.0	-1.0	30.0	26.0	21.0	
-1.0	23.0	23.0	24.0	18.0	-1.0	0.0	-1.0	-1.0	5.0	17.0	-1.0	-1.0	0.0	30.0	26.0	-1.0	-1.0	-1.0	27.0	13.0	-1.0	48.0	50.0	-1.0	47.0	30.0	7.0	11.0	0.0	56.0	27.0	-1.0	27.0	-1.0	14.0	-1.0	-1.0	11.0	-1.0	41.0	-1.0	-1.0	-1.0	-1.0	-1.0	24.0	-1.0	20.0	21.0	
-1.0	23.0	23.0	24.0	18.0	25.0	0.0	-1.0	-1.0	5.0	17.0	-1.0	29.0	14.0	-1.0	-1.0	-1.0	-1.0	-1.0	-1.0	13.0	-1.0	48.0	-1.0	18.0	41.0	30.0	-1.0	22.0	-1.0	56.0	-1.0	17.0	27.0	14.0	14.0	-1.0	16.0	-1.0	-1.0	30.0	20.0	-1.0	10.0	0.0	-1.0	24.0	-1.0	20.0	21.0	
-1.0	-1.0	-1.0	-1.0	-1.0	-1.0	-1.0	-1.0	-1.0	-1.0	-1.0	-1.0	-1.0	-1.0	-1.0	-1.0	-1.0	-1.0	-1.0	-1.0	-1.0	-1.0	-1.0	-1.0	-1.0	-1.0	-1.0	-1.0	-1.0	-1.0	-1.0	-1.0	-1.0	-1.0	-1.0	-1.0	-1.0	-1.0	-1.0	-1.0	-1.0	-1.0	-1.0	-1.0	-1.0	-1.0	-1.0	-1.0	-1.0	-1.0	
-1.0	23.0	23.0	-1.0	18.0	25.0	0.0	-1.0	-1.0	-1.0	-1.0	18.0	-1.0	-1.0	-1.0	-1.0	18.0	-1.0	-1.0	-1.0	13.0	-1.0	48.0	-1.0	-1.0	47.0	-1.0	7.0	11.0	-1.0	-1.0	13.0	-1.0	-1.0	-1.0	14.0	12.0	-1.0	-1.0	-1.0	30.0	20.0	25.0	-1.0	0.0	-1.0	24.0	-1.0	20.0	21.0	
-1.0	23.0	23.0	24.0	18.0	-1.0	0.0	-1.0	32.0	5.0	17.0	18.0	29.0	0.0	-1.0	-1.0	-1.0	-1.0	-1.0	-1.0	13.0	-1.0	48.0	-1.0	-1.0	43.0	-1.0	7.0	13.0	-1.0	-1.0	13.0	5.0	-1.0	-1.0	-1.0	-1.0	16.0	-1.0	-1.0	30.0	20.0	-1.0	-1.0	-1.0	33.0	24.0	30.0	20.0	21.0	
-1.0	23.0	23.0	24.0	18.0	35.0	0.0	-1.0	47.0	-1.0	17.0	18.0	-1.0	0.0	-1.0	26.0	-1.0	-1.0	-1.0	27.0	13.0	-1.0	48.0	-1.0	18.0	41.0	17.0	7.0	13.0	40.0	-1.0	13.0	-1.0	-1.0	-1.0	-1.0	-1.0	-1.0	-1.0	-1.0	30.0	20.0	-1.0	10.0	0.0	33.0	-1.0	30.0	-1.0	-1.0	
-1.0	23.0	23.0	24.0	-1.0	-1.0	0.0	0.0	32.0	-1.0	17.0	18.0	-1.0	-1.0	-1.0	-1.0	-1.0	-1.0	42.0	27.0	-1.0	-1.0	48.0	36.0	-1.0	47.0	-1.0	7.0	-1.0	0.0	-1.0	-1.0	-1.0	-1.0	-1.0	-1.0	-1.0	-1.0	-1.0	-1.0	41.0	20.0	-1.0	10.0	0.0	33.0	24.0	-1.0	20.0	21.0	

distances_centre_w :
-1.0	-1.0	-1.0	59.0	-1.0	40.0	18.0	-1.0	47.0	-1.0	-1.0	-1.0	63.0	37.0	30.0	40.0	-1.0	-1.0	-1.0	-1.0	-1.0	-1.0	81.0	72.0	-1.0	-1.0	-1.0	-1.0	52.0	-1.0	-1.0	-1.0	-1.0	63.0	-1.0	-1.0	-1.0	-1.0	-1.0	-1.0	49.0	-1.0	-1.0	-1.0	-1.0	-1.0	-1.0	-1.0	-1.0	-1.0	
-1.0	38.0	41.0	34.0	45.0	40.0	18.0	14.0	47.0	14.0	44.0	46.0	-1.0	33.0	-1.0	-1.0	-1.0	61.0	55.0	-1.0	-1.0	-1.0	-1.0	-1.0	27.0	47.0	-1.0	30.0	28.0	-1.0	70.0	-1.0	-1.0	41.0	-1.0	23.0	-1.0	35.0	-1.0	-1.0	48.0	55.0	-1.0	16.0	57.0	-1.0	42.0	68.0	53.0	27.0	
-1.0	69.0	-1.0	38.0	45.0	-1.0	27.0	-1.0	-1.0	-1.0	39.0	46.0	-1.0	37.0	-1.0	-1.0	-1.0	-1.0	55.0	52.0	62.0	59.0	62.0	-1.0	27.0	47.0	36.0	43.0	28.0	-1.0	70.0	-1.0	37.0	-1.0	-1.0	-1.0	-1.0	-1.0	15.0	29.0	49.0	55.0	-1.0	-1.0	25.0	-1.0	-1.0	36.0	53.0	41.0	
-1.0	38.0	41.0	34.0	45.0	-1.0	18.0	-1.0	-1.0	14.0	44.0	-1.0	-1.0	14.0	45.0	36.0	-1.0	-1.0	-1.0	44.0	22.0	-1.0	62.0	63.0	-1.0	59.0	33.0	24.0	13.0	40.0	70.0	31.0	-1.0	41.0	-1.0	23.0	-1.0	-1.0	14.0	-1.0	55.0	-1.0	-1.0	-1.0	-1.0	-1.0	42.0	-1.0	26.0	27.0	
-1.0	38.0	41.0	34.0	45.0	40.0	18.0	-1.0	-1.0	14.0	44.0	-1.0	32.0	33.0	-1.0	-1.0	-1.0	-1.0	-1.0	-1.0	22.0	-1.0	62.0	-1.0	27.0	47.0	36.0	-1.0	52.0	-1.0	70.0	-1.0	31.0	55.0	32.0	23.0	-1.0	34.0	-1.0	-1.0	41.0	45.0	-1.0	16.0	18.0	-1.0	42.0	-1.0	26.0	41.0	
-1.0	-1.0	-1.0	-1.0	-1.0	-1.0	-1.0	-1.0	-1.0	-1.0	-1.0	-1.0	-1.0	-1.0	-1.0	-1.0	-1.0	-1.0	-1.0	-1.0	-1.0	-1.0	-1.0	-1.0	-1.0	-1.0	-1.0	-1.0	-1.0	-1.0	-1.0	-1.0	-1.0	-1.0	-1.0	-1.0	-1.0	-1.0	-1.0	-1.0	-1.0	-1.0	-1.0	-1.0	-1.0	-1.0	-1.0	-1.0	-1.0	-1.0	
-1.0	38.0	41.0	-1.0	45.0	35.0	18.0	-1.0	-1.0	-1.0	-1.0	46.0	-1.0	-1.0	-1.0	-1.0	30.0	-1.0	-1.0	-1.0	22.0	-1.0	62.0	-1.0	-1.0	59.0	-1.0	24.0	13.0	-1.0	-1.0	27.0	-1.0	-1.0	-1.0	23.0	17.0	-1.0	-1.0	-1.0	41.0	25.0	29.0	-1.0	18.0	-1.0	42.0	-1.0	26.0	27.0	
-1.0	47.0	41.0	38.0	45.0	-1.0	18.0	-1.0	47.0	14.0	44.0	46.0	38.0	14.0	-1.0	-1.0	-1.0	-1.0	-1.0	-1.0	22.0	-1.0	62.0	-1.0	-1.0	59.0	-1.0	24.0	22.0	-1.0	-1.0	27.0	31.0	-1.0	-1.0	-1.0	-1.0	34.0	-1.0	-1.0	41.0	25.0	-1.0	-1.0	-1.0	59.0	42.0	36.0	45.0	27.0	
-1.0	38.0	41.0	34.0	45.0	60.0	18.0	-1.0	59.0	-1.0	44.0	46.0	-1.0	14.0	-1.0	36.0	-1.0	-1.0	-1.0	44.0	22.0	-1.0	62.0	-1.0	26.0	59.0	20.0	24.0	22.0	57.0	-1.0	27.0	-1.0	-1.0	-1.0	-1.0	-1.0	-1.0	-1.0	-1.0	55.0	25.0	-1.0	16.0	18.0	44.0	-1.0	42.0	-1.0	-1.0	
-1.0	38.0	41.0	34.0	-1.0	-1.0	18.0	14.0	47.0	-1.0	20.0	46.0	-1.0	-1.0	-1.0	-1.0	-1.0	-1.0	55.0	52.0	-1.0	-1.0	62.0	50.0	-1.0	59.0	-1.0	24.0	-1.0	40.0	-1.0	-1.0	-1.0	-1.0	-1.0	-1.0	-1.0	-1.0	-1.0	-1.0	55.0	25.0	-1.0	16.0	18.0	44.0	42.0	-1.0	26.0	27.0	

maxX :
60.0	56.0	56.0	56.0	56.0	nan	48.0	48.0	48.0	48.0	

maxW :
81.0	70.0	70.0	70.0	70.0	nan	62.0	62.0	62.0	62.0	

minX :
0.0	0.0	0.0	0.0	0.0	nan	0.0	0.0	0.0	0.0	

minW :
18.0	14.0	15.0	13.0	14.0	nan	13.0	14.0	14.0	14.0	

moyX :
26.0	20.833333333333332	25.88888888888889	22.857142857142858	21.344827586206897	nan	19.545454545454547	20.192307692307693	21.88888888888889	22.304347826086957	

moyW :
50.07692307692308	39.9	43.77777777777778	36.357142857142854	36.51724137931034	nan	32.18181818181818	36.46153846153846	36.96296296296296	37.08695652173913	

medX :
23.0	20.0	21.0	23.0	20.0	nan	19.0	20.0	20.0	23.0	

medW :
49.0	41.0	43.0	37.0	36.0	nan	28.0	38.0	38.0	40.0	

ecartTypeX :
15.258877197662132	13.572234729607187	15.404023844998552	14.891786532261634	12.038088581432328	nan	11.586541066439867	11.694901028190516	13.076224773266468	14.546581198847694	

ecartTypeW :
16.804127416347807	14.916098685648334	13.819828302876546	15.671207186872286	13.223856940772306	nan	12.918050667877536	13.200322750223162	15.098396975204038	14.678920240702046	

varX :
232.83333333333334	184.2055555555555	237.28395061728395	221.76530612244898	144.9155766944114	nan	134.2479338842975	136.7707100591716	170.98765432098767	211.6030245746692	

varW :
282.37869822485203	222.48999999999998	190.98765432098764	245.58673469387756	174.8703923900119	nan	166.87603305785126	174.24852071005915	227.96159122085044	215.47069943289225	

covarX :
254.0	190.55747126436776	246.41025641025644	229.97883597883597	150.09113300492615	nan	140.6406926406926	142.24153846153848	177.5641025641026	221.22134387351787	

covarW :
305.91025641025635	230.16206896551722	198.33333333333334	254.68253968253967	181.115763546798	nan	174.82251082251082	181.21846153846153	236.72934472934472	225.26482213438737	

coef_variationX :
0.5868798922177743	0.651467267021145	0.5950052128969398	0.6515156607864464	0.5639815328942448	nan	0.5927997754922723	0.5791760509199112	0.597390979489331	0.6521859017027231	

coef_variationW :
0.3355662924923525	0.3738370597906851	0.3156813571723069	0.43103516820473875	0.36212639403436914	nan	0.4014083540865901	0.3620341682550656	0.4084736656618327	0.39579738046441626	

moy_distances_centre :	36.3
min_distances_centre :	14.0
max_distances_centre :	67.0
med_distances_centre :	35.0
ecartType_distances_centre :	15.86852230045381
var_distances_centre :	251.8099999999999
covar_distances_centre :	265.0631578947367
coef_variation_distances_centre :	0.43714937466814907
capacite_X_temoin : 
156.0	171.0	0.0	175.0	135.0	
138.0	153.0	162.0	163.0	168.0	
0.0	144.0	136.0	147.0	135.0	
166.0	151.0	141.0	168.0	163.0	
144.0	144.0	162.0	147.0	144.0	
172.0	144.0	135.0	0.0	0.0	
172.0	171.0	157.0	135.0	172.0	
141.0	136.0	172.0	156.0	151.0	
147.0	139.0	171.0	144.0	135.0	
154.0	177.0	177.0	147.0	153.0	

capacite_W_temoin : 
158.8	67.3	0.0	195.5	99.5	
121.4	139.9	100.6	176.9	122.4	
0.0	136.2	86.8	148.1	43.5	
134.8	138.3	90.3	191.4	146.9	
108.19999999999999	135.2	117.6	162.1	111.19999999999999	
109.6	103.19999999999999	84.5	0.0	0.0	
106.6	199.3	189.1	156.5	138.6	
119.3	136.8	135.6	165.8	110.3	
137.1	150.7	134.3	152.2	93.5	
146.2	166.1	143.1	184.1	121.9	

demande_cumulee_X : 
44.0	155.0	0.0	32.0	76.0	
58.0	59.0	110.0	35.0	96.0	
0.0	51.0	90.0	43.0	132.0	
81.0	58.0	93.0	27.0	65.0	
79.0	52.0	93.0	29.0	76.0	
114.0	84.0	91.0	0.0	0.0	
117.0	23.0	15.0	19.0	85.0	
64.0	40.0	88.0	37.0	86.0	
54.0	30.0	88.0	35.0	82.0	
54.0	64.0	87.0	7.0	77.0	

demande_cumulee_W : 
144.0	64.0	0.0	34.0	65.0	
100.0	129.0	73.0	11.0	45.0	
0.0	136.0	82.0	65.0	33.0	
115.0	129.0	20.0	0.0	60.0	
92.0	127.0	29.0	22.0	59.0	
107.0	100.0	82.0	0.0	0.0	
82.0	65.0	16.0	0.0	96.0	
107.0	119.0	24.0	15.0	50.0	
86.0	141.0	19.0	0.0	43.0	
86.0	121.0	40.0	0.0	42.0	

capacite_residuelle_X : 
112.0	16.0	0.0	143.0	59.0	
80.0	94.0	52.0	128.0	72.0	
0.0	93.0	46.0	104.0	3.0	
85.0	93.0	48.0	141.0	98.0	
65.0	92.0	69.0	118.0	68.0	
58.0	60.0	44.0	0.0	0.0	
55.0	148.0	142.0	116.0	87.0	
77.0	96.0	84.0	119.0	65.0	
93.0	109.0	83.0	109.0	53.0	
100.0	113.0	90.0	140.0	76.0	

capacite_residuelle_W : 
14.800000000000011	3.299999999999997	0.0	161.5	34.5	
21.400000000000006	10.900000000000006	27.599999999999994	165.9	77.4	
0.0	0.19999999999998863	4.799999999999997	83.1	10.5	
19.80000000000001	9.300000000000011	70.3	191.4	86.9	
16.19999999999999	8.199999999999989	88.6	140.1	52.19999999999999	
2.5999999999999943	3.1999999999999886	2.5	0.0	0.0	
24.599999999999994	134.3	173.1	156.5	42.599999999999994	
12.299999999999997	17.80000000000001	111.6	150.8	60.3	
51.099999999999994	9.699999999999989	115.30000000000001	152.2	50.5	
60.19999999999999	45.099999999999994	103.1	184.1	79.9	

min_capacite_X : 
0.0	138.0	0.0	141.0	144.0	0.0	135.0	136.0	135.0	147.0	

min_capacite_W : 
0.0	100.6	0.0	90.3	108.19999999999999	0.0	106.6	110.3	93.5	121.9	

max_capacite_X : 
175.0	168.0	147.0	168.0	162.0	172.0	172.0	172.0	171.0	177.0	

max_capacite_W : 
195.5	176.9	148.1	191.4	162.1	109.6	199.3	165.8	152.2	184.1	

moy_capacite_X : 
127.4	156.8	112.4	157.8	148.2	90.2	161.4	151.2	147.2	161.6	

moy_capacite_W : 
104.22	132.23999999999998	82.92	140.34	126.85999999999999	59.459999999999994	158.02	133.56	133.56	152.28	

med_capacite_X : 
156.0	162.0	136.0	163.0	144.0	135.0	171.0	151.0	144.0	154.0	

med_capacite_W : 
99.5	122.4	86.8	138.3	117.6	84.5	156.5	135.6	137.1	146.2	

ecartType_capacite_X : 
65.2276015196021	10.57166022912201	56.38652321255497	10.264501936285072	6.99714227381436	74.65226051500383	14.374978260853128	12.576167937809991	12.592060990957753	12.8	

ecartType_capacite_W : 
68.64136945020837	25.567995619524034	55.73492262486779	32.21494063319068	19.95290455046583	49.244678900364455	33.74453437225057	18.965505529776955	21.25611441444555	21.202301761837084	

var_capacite_X : 
4254.639999999999	111.76000000000002	3179.44	105.35999999999999	48.959999999999994	5572.960000000001	206.64000000000001	158.16	158.55999999999997	163.84	

var_capacite_W : 
4711.6376	653.7224000000001	3106.3815999999997	1037.8024	398.1184000000001	2425.0384	1138.6936000000003	359.69040000000024	451.82239999999985	449.53759999999994	

covar_capacite_X : 
5318.299999999999	139.70000000000002	3974.3	131.7	61.199999999999996	6966.200000000001	258.3	197.7	198.19999999999996	204.8	

covar_capacite_W : 
5889.547	817.1530000000001	3882.9769999999994	1297.2530000000002	497.64800000000014	3031.298	1423.3670000000004	449.6130000000003	564.7779999999998	561.9219999999999	

##########	##########	##########	##########	##########	##########	##########	##########	##########	##########	##########	##########	##########	##########	##########	##########	##########	##########	##########	##########	##########	##########	##########	##########	##########	##########	##########	##########	##########	##########	##########	##########	##########	##########	##########	##########	##########	##########	##########	##########	##########	##########	##########	##########	##########	##########	##########	##########	##########	##########	