nombre de noeuds : 50
nombre de strates : 3
nombre de centres : 5
titre : intelligent
instances : p6_1
temps de calcul : 0.025922775268554688
valeur objective : 396.0
nombre de solutions : 3
nombre de noeuds : 1.0
faisability : True
moy_distances :	51.41
min_distances :	1.0
max_distances :	115.0
var_distances :	573.5828498125782
covar_distances :	573.8170608578263
ecartType_distances :	23.949589762928678
coef_variation	: 0.4658269551068994
distances_centre_x :
-1.0	41.0	0.0	15.0	47.0	21.0	29.0	-1.0	27.0	41.0	-1.0	-1.0	35.0	18.0	51.0	8.0	13.0	-1.0	18.0	-1.0	21.0	11.0	28.0	33.0	-1.0	14.0	-1.0	-1.0	15.0	-1.0	19.0	-1.0	-1.0	36.0	-1.0	28.0	-1.0	-1.0	49.0	15.0	-1.0	-1.0	20.0	-1.0	24.0	-1.0	12.0	52.0	-1.0	31.0	
0.0	41.0	0.0	15.0	47.0	21.0	29.0	-1.0	27.0	41.0	-1.0	19.0	35.0	-1.0	51.0	-1.0	-1.0	-1.0	18.0	-1.0	21.0	-1.0	28.0	-1.0	0.0	14.0	14.0	11.0	15.0	12.0	-1.0	14.0	-1.0	36.0	26.0	28.0	10.0	28.0	49.0	-1.0	22.0	20.0	20.0	-1.0	17.0	31.0	-1.0	52.0	18.0	-1.0	
0.0	41.0	-1.0	15.0	47.0	21.0	29.0	23.0	-1.0	41.0	10.0	19.0	35.0	15.0	51.0	-1.0	-1.0	16.0	18.0	0.0	-1.0	-1.0	-1.0	33.0	-1.0	-1.0	14.0	-1.0	15.0	-1.0	19.0	-1.0	7.0	-1.0	26.0	-1.0	10.0	28.0	49.0	0.0	-1.0	-1.0	20.0	47.0	24.0	31.0	-1.0	52.0	12.0	31.0	

distances_centre_w :
-1.0	50.0	15.0	27.0	80.0	32.0	31.0	-1.0	32.0	64.0	-1.0	-1.0	73.0	47.0	54.0	38.0	38.0	-1.0	20.0	-1.0	51.0	62.0	33.0	48.0	-1.0	22.0	-1.0	-1.0	34.0	-1.0	23.0	-1.0	-1.0	53.0	-1.0	53.0	-1.0	-1.0	57.0	41.0	-1.0	-1.0	26.0	-1.0	45.0	-1.0	20.0	61.0	-1.0	70.0	
40.0	50.0	42.0	27.0	80.0	21.0	69.0	-1.0	65.0	74.0	-1.0	23.0	68.0	-1.0	54.0	-1.0	-1.0	-1.0	20.0	-1.0	51.0	-1.0	66.0	-1.0	61.0	22.0	15.0	30.0	20.0	52.0	-1.0	69.0	-1.0	53.0	55.0	53.0	38.0	46.0	57.0	-1.0	51.0	27.0	30.0	-1.0	24.0	51.0	-1.0	61.0	46.0	-1.0	
29.0	50.0	-1.0	27.0	80.0	32.0	49.0	41.0	-1.0	64.0	21.0	23.0	68.0	18.0	54.0	-1.0	-1.0	28.0	20.0	29.0	-1.0	-1.0	-1.0	48.0	-1.0	-1.0	15.0	-1.0	20.0	-1.0	28.0	-1.0	34.0	-1.0	55.0	-1.0	38.0	46.0	57.0	15.0	-1.0	-1.0	30.0	48.0	28.0	51.0	-1.0	61.0	18.0	58.0	

maxX :
52.0	52.0	52.0	

maxW :
80.0	80.0	80.0	

minX :
0.0	0.0	0.0	

minW :
15.0	15.0	15.0	

moyX :
25.733333333333334	23.714285714285715	24.21212121212121	

moyW :
43.333333333333336	46.02857142857143	38.878787878787875	

medX :
22.5	21.0	21.0	

medW :
43.0	51.0	34.0	

ecartTypeX :
13.361470311641936	13.670764277039062	14.760220035638328	

ecartTypeW :
16.975145229292018	17.777169490727164	17.034292641712174	

varX :
178.52888888888887	186.88979591836733	217.86409550045914	

varW :
288.1555555555555	316.02775510204077	290.16712580348945	

covarX :
184.6850574712644	192.38655462184872	224.67234848484847	

covarW :
298.0919540229885	325.3226890756302	299.23484848484844	

coef_variationX :
0.519228120918728	0.5764780116823701	0.6096211028486419	

coef_variationW :
0.39173412067596963	0.3862203179239297	0.43813847012977536	

moy_distances_centre :	40.4
min_distances_centre :	15.0
max_distances_centre :	61.0
med_distances_centre :	41.5
ecartType_distances_centre :	12.068139873236472
var_distances_centre :	145.64000000000001
covar_distances_centre :	153.30526315789473
coef_variation_distances_centre :	0.2987163334959523
capacite_X_temoin : 
163.0	166.0	153.0	163.0	169.0	
166.0	172.0	175.0	175.0	174.0	
159.0	178.0	162.0	147.0	151.0	

capacite_W_temoin : 
205.9	125.8	120.9	95.9	173.7	
175.8	149.6	120.5	55.5	174.2	
135.7	172.4	120.6	73.1	135.3	

demande_cumulee_X : 
6.0	90.0	78.0	116.0	46.0	
40.0	74.0	107.0	172.0	52.0	
71.0	59.0	90.0	118.0	61.0	

demande_cumulee_W : 
61.0	112.0	33.0	64.0	66.0	
114.0	140.0	116.0	55.0	20.0	
56.0	112.0	120.0	58.0	53.0	

capacite_residuelle_X : 
157.0	76.0	75.0	47.0	123.0	
126.0	98.0	68.0	3.0	122.0	
88.0	119.0	72.0	29.0	90.0	

capacite_residuelle_W : 
144.9	13.799999999999997	87.9	31.900000000000006	107.69999999999999	
61.80000000000001	9.599999999999994	4.5	0.5	154.2	
79.69999999999999	60.400000000000006	0.5999999999999943	15.099999999999994	82.30000000000001	

min_capacite_X : 
153.0	166.0	147.0	

min_capacite_W : 
95.9	55.5	73.1	

max_capacite_X : 
169.0	175.0	178.0	

max_capacite_W : 
205.9	175.8	172.4	

moy_capacite_X : 
162.8	172.4	159.4	

moy_capacite_W : 
144.44	135.11999999999998	127.42000000000003	

med_capacite_X : 
163.0	174.0	159.0	

med_capacite_W : 
125.8	149.6	135.3	

ecartType_capacite_X : 
5.381449618829484	3.3823069050575527	10.744300814850634	

ecartType_capacite_W : 
39.72704871998422	44.597910264944026	32.09681604147054	

var_capacite_X : 
28.959999999999997	11.44	115.44000000000001	

var_capacite_W : 
1578.2384	1988.9735999999998	1030.2056000000005	

covar_capacite_X : 
36.199999999999996	14.299999999999999	144.3	

covar_capacite_W : 
1972.798	2486.2169999999996	1287.7570000000005	

##########	##########	##########	##########	##########	##########	##########	##########	##########	##########	##########	##########	##########	##########	##########	##########	##########	##########	##########	##########	##########	##########	##########	##########	##########	##########	##########	##########	##########	##########	##########	##########	##########	##########	##########	##########	##########	##########	##########	##########	##########	##########	##########	##########	##########	##########	##########	##########	##########	##########	nombre de noeuds : 50
nombre de strates : 3
nombre de centres : 5
titre : intelligent
instances : p6_1
temps de calcul : 0.026647090911865234
valeur objective : 351.0
nombre de solutions : 3
nombre de noeuds : 1.0
faisability : True
moy_distances :	51.41
min_distances :	1.0
max_distances :	115.0
var_distances :	573.5828498125782
covar_distances :	573.8170608578263
ecartType_distances :	23.949589762928678
coef_variation	: 0.4658269551068994
distances_centre_x :
-1.0	41.0	0.0	15.0	47.0	21.0	29.0	-1.0	27.0	41.0	-1.0	-1.0	35.0	15.0	6.0	8.0	13.0	-1.0	18.0	-1.0	21.0	11.0	28.0	33.0	-1.0	14.0	-1.0	-1.0	15.0	-1.0	19.0	-1.0	-1.0	36.0	-1.0	28.0	-1.0	-1.0	0.0	0.0	-1.0	-1.0	20.0	-1.0	24.0	-1.0	12.0	22.0	-1.0	31.0	
29.0	41.0	0.0	15.0	47.0	21.0	29.0	-1.0	32.0	38.0	-1.0	19.0	35.0	-1.0	6.0	-1.0	-1.0	-1.0	18.0	-1.0	21.0	-1.0	28.0	-1.0	0.0	14.0	14.0	11.0	34.0	12.0	-1.0	14.0	-1.0	38.0	26.0	28.0	10.0	28.0	0.0	-1.0	22.0	20.0	20.0	-1.0	24.0	31.0	-1.0	22.0	36.0	-1.0	
29.0	41.0	-1.0	15.0	47.0	21.0	29.0	23.0	-1.0	38.0	21.0	19.0	35.0	15.0	6.0	-1.0	-1.0	28.0	18.0	0.0	-1.0	-1.0	-1.0	33.0	-1.0	-1.0	14.0	-1.0	15.0	-1.0	19.0	-1.0	34.0	-1.0	26.0	-1.0	10.0	28.0	0.0	0.0	-1.0	-1.0	20.0	47.0	24.0	31.0	-1.0	22.0	12.0	31.0	

distances_centre_w :
-1.0	50.0	15.0	54.0	70.0	21.0	49.0	-1.0	32.0	64.0	-1.0	-1.0	61.0	47.0	51.0	53.0	38.0	-1.0	20.0	-1.0	51.0	45.0	33.0	33.0	-1.0	22.0	-1.0	-1.0	34.0	-1.0	24.0	-1.0	-1.0	38.0	-1.0	30.0	-1.0	-1.0	49.0	15.0	-1.0	-1.0	26.0	-1.0	45.0	-1.0	20.0	52.0	-1.0	58.0	
41.0	50.0	15.0	54.0	70.0	33.0	31.0	-1.0	35.0	64.0	-1.0	23.0	61.0	-1.0	54.0	-1.0	-1.0	-1.0	20.0	-1.0	51.0	-1.0	33.0	-1.0	33.0	22.0	15.0	14.0	69.0	55.0	-1.0	46.0	-1.0	53.0	28.0	30.0	44.0	32.0	49.0	-1.0	37.0	31.0	30.0	-1.0	25.0	32.0	-1.0	52.0	61.0	-1.0	
40.0	50.0	-1.0	54.0	70.0	21.0	31.0	41.0	-1.0	41.0	34.0	23.0	61.0	47.0	51.0	-1.0	-1.0	32.0	62.0	42.0	-1.0	-1.0	-1.0	33.0	-1.0	-1.0	15.0	-1.0	20.0	-1.0	24.0	-1.0	46.0	-1.0	28.0	-1.0	38.0	32.0	49.0	15.0	-1.0	-1.0	26.0	58.0	25.0	32.0	-1.0	52.0	36.0	70.0	

maxX :
47.0	47.0	47.0	

maxW :
70.0	70.0	70.0	

minX :
0.0	0.0	0.0	

minW :
15.0	14.0	15.0	

moyX :
21.0	22.37142857142857	22.757575757575758	

moyW :
40.0	39.8	39.36363636363637	

medX :
20.5	22.0	22.0	

medW :
41.5	35.0	38.0	

ecartTypeX :
12.222929272478018	11.659663593004765	12.108174806854736	

ecartTypeW :
15.106290080625355	15.54863338046145	14.840195583572264	

varX :
149.4	135.94775510204082	146.6078971533517	

varW :
228.2	241.76000000000002	220.2314049586777	

covarX :
154.55172413793105	139.94621848739496	151.18939393939394	

covarW :
236.06896551724137	248.87058823529412	227.11363636363637	

coef_variationX :
0.5820442510703818	0.5211854735059601	0.5320502911134571	

coef_variationW :
0.3776572520156339	0.39066918041360427	0.3770026591669628	

moy_distances_centre :	51.2
min_distances_centre :	15.0
max_distances_centre :	93.0
med_distances_centre :	48.5
ecartType_distances_centre :	21.022844717116666
var_distances_centre :	441.96000000000004
covar_distances_centre :	465.22105263157897
coef_variation_distances_centre :	0.41060243588118484
capacite_X_temoin : 
166.0	153.0	163.0	166.0	169.0	
172.0	175.0	175.0	171.0	174.0	
178.0	162.0	147.0	148.0	151.0	

capacite_W_temoin : 
143.8	137.9	119.9	157.8	166.7	
132.6	131.5	90.5	159.3	168.2	
183.4	88.6	102.1	125.4	123.3	

demande_cumulee_X : 
72.0	61.0	92.0	58.0	53.0	
91.0	96.0	137.0	63.0	58.0	
48.0	122.0	89.0	67.0	73.0	

demande_cumulee_W : 
138.0	53.0	46.0	41.0	58.0	
122.0	37.0	60.0	134.0	92.0	
173.0	80.0	60.0	60.0	26.0	

capacite_residuelle_X : 
94.0	92.0	71.0	108.0	116.0	
81.0	79.0	38.0	108.0	116.0	
130.0	40.0	58.0	81.0	78.0	

capacite_residuelle_W : 
5.800000000000011	84.9	73.9	116.80000000000001	108.69999999999999	
10.599999999999994	94.5	30.5	25.30000000000001	76.19999999999999	
10.400000000000006	8.599999999999994	42.099999999999994	65.4	97.3	

min_capacite_X : 
153.0	171.0	147.0	

min_capacite_W : 
119.9	90.5	88.6	

max_capacite_X : 
169.0	175.0	178.0	

max_capacite_W : 
166.7	168.2	183.4	

moy_capacite_X : 
163.4	173.4	157.2	

moy_capacite_W : 
145.22000000000003	136.42000000000002	124.55999999999999	

med_capacite_X : 
166.0	174.0	151.0	

med_capacite_W : 
143.8	132.6	123.3	

ecartType_capacite_X : 
5.535341001239219	1.624807680927192	11.685888926393234	

ecartType_capacite_W : 
16.22558473522603	27.132666658476456	32.44075214911024	

var_capacite_X : 
30.640000000000004	2.6399999999999997	136.56	

var_capacite_W : 
263.2695999999999	736.1816	1052.4024000000004	

covar_capacite_X : 
38.300000000000004	3.3	170.7	

covar_capacite_W : 
329.0869999999999	920.227	1315.5030000000004	

##########	##########	##########	##########	##########	##########	##########	##########	##########	##########	##########	##########	##########	##########	##########	##########	##########	##########	##########	##########	##########	##########	##########	##########	##########	##########	##########	##########	##########	##########	##########	##########	##########	##########	##########	##########	##########	##########	##########	##########	##########	##########	##########	##########	##########	##########	##########	##########	##########	##########	nombre de noeuds : 50
nombre de strates : 3
nombre de centres : 5
titre : intelligent
instances : p6_1
temps de calcul : 0.025408029556274414
valeur objective : 301.0
nombre de solutions : 3
nombre de noeuds : 1.0
faisability : True
moy_distances :	51.41
min_distances :	1.0
max_distances :	115.0
var_distances :	573.5828498125782
covar_distances :	573.8170608578263
ecartType_distances :	23.949589762928678
coef_variation	: 0.4658269551068994
distances_centre_x :
-1.0	41.0	0.0	15.0	32.0	21.0	29.0	-1.0	32.0	0.0	-1.0	-1.0	25.0	15.0	32.0	8.0	13.0	-1.0	18.0	-1.0	21.0	11.0	28.0	33.0	-1.0	14.0	-1.0	-1.0	15.0	-1.0	19.0	-1.0	-1.0	38.0	-1.0	28.0	-1.0	-1.0	38.0	0.0	-1.0	-1.0	20.0	-1.0	24.0	-1.0	12.0	18.0	-1.0	31.0	
29.0	41.0	0.0	15.0	32.0	21.0	29.0	-1.0	27.0	0.0	-1.0	19.0	25.0	-1.0	32.0	-1.0	-1.0	-1.0	18.0	-1.0	21.0	-1.0	28.0	-1.0	0.0	14.0	14.0	11.0	34.0	12.0	-1.0	14.0	-1.0	38.0	26.0	28.0	38.0	17.0	38.0	-1.0	22.0	13.0	20.0	-1.0	24.0	13.0	-1.0	18.0	12.0	-1.0	
29.0	41.0	-1.0	15.0	32.0	21.0	29.0	23.0	-1.0	0.0	21.0	19.0	25.0	15.0	32.0	-1.0	-1.0	28.0	18.0	0.0	-1.0	-1.0	-1.0	33.0	-1.0	-1.0	14.0	-1.0	15.0	-1.0	19.0	-1.0	34.0	-1.0	26.0	-1.0	10.0	17.0	38.0	0.0	-1.0	-1.0	20.0	47.0	28.0	13.0	-1.0	18.0	12.0	31.0	

distances_centre_w :
-1.0	50.0	15.0	54.0	47.0	21.0	31.0	-1.0	35.0	41.0	-1.0	-1.0	35.0	47.0	51.0	36.0	38.0	-1.0	20.0	-1.0	37.0	53.0	33.0	48.0	-1.0	22.0	-1.0	-1.0	20.0	-1.0	24.0	-1.0	-1.0	53.0	-1.0	59.0	-1.0	-1.0	49.0	52.0	-1.0	-1.0	26.0	-1.0	45.0	-1.0	20.0	52.0	-1.0	44.0	
40.0	50.0	15.0	54.0	47.0	21.0	31.0	-1.0	35.0	41.0	-1.0	23.0	35.0	-1.0	51.0	-1.0	-1.0	-1.0	20.0	-1.0	37.0	-1.0	33.0	-1.0	43.0	36.0	15.0	38.0	44.0	31.0	-1.0	27.0	-1.0	53.0	37.0	59.0	56.0	28.0	49.0	-1.0	37.0	20.0	26.0	-1.0	25.0	51.0	-1.0	52.0	36.0	-1.0	
40.0	50.0	-1.0	54.0	47.0	21.0	49.0	41.0	-1.0	41.0	34.0	23.0	35.0	47.0	51.0	-1.0	-1.0	32.0	20.0	42.0	-1.0	-1.0	-1.0	48.0	-1.0	-1.0	15.0	-1.0	20.0	-1.0	24.0	-1.0	46.0	-1.0	32.0	-1.0	38.0	28.0	49.0	15.0	-1.0	-1.0	26.0	48.0	45.0	31.0	-1.0	52.0	43.0	44.0	

maxX :
41.0	41.0	47.0	

maxW :
59.0	59.0	54.0	

minX :
0.0	0.0	0.0	

minW :
15.0	15.0	15.0	

moyX :
21.033333333333335	21.228571428571428	21.90909090909091	

moyW :
38.6	37.02857142857143	37.303030303030305	

medX :
20.5	21.0	21.0	

medW :
39.5	37.0	41.0	

ecartTypeX :
11.088983522196953	10.58863464633044	11.081963605578748	

ecartTypeW :
12.650691680694775	12.039187714141121	11.50884995040338	

varX :
122.96555555555554	112.11918367346938	122.80991735537191	

varW :
160.04000000000002	144.94204081632654	132.4536271808999	

covarX :
127.20574712643675	115.41680672268907	126.64772727272727	

covarW :
165.55862068965516	149.20504201680674	136.59280303030306	

coef_variationX :
0.5272099931313924	0.4987916724381769	0.5058157662297353	

coef_variationW :
0.3277381264428698	0.32513238425535435	0.30852319119684124	

moy_distances_centre :	50.1
min_distances_centre :	15.0
max_distances_centre :	89.0
med_distances_centre :	45.5
ecartType_distances_centre :	20.022237637187306
var_distances_centre :	400.89
covar_distances_centre :	421.98947368421045
coef_variation_distances_centre :	0.3996454618201059
capacite_X_temoin : 
166.0	154.0	153.0	163.0	169.0	
172.0	150.0	175.0	175.0	174.0	
178.0	166.0	162.0	147.0	151.0	

capacite_W_temoin : 
143.8	124.19999999999999	137.9	137.9	166.7	
132.6	89.0	130.5	127.5	175.2	
187.4	104.8	99.6	146.1	108.3	

demande_cumulee_X : 
72.0	76.0	61.0	74.0	53.0	
91.0	106.0	97.0	100.0	51.0	
44.0	111.0	111.0	45.0	88.0	

demande_cumulee_W : 
117.0	36.0	48.0	100.0	35.0	
100.0	75.0	92.0	117.0	61.0	
186.0	8.0	62.0	126.0	17.0	

capacite_residuelle_X : 
94.0	78.0	92.0	89.0	116.0	
81.0	44.0	78.0	75.0	123.0	
134.0	55.0	51.0	102.0	63.0	

capacite_residuelle_W : 
26.80000000000001	88.19999999999999	89.9	37.900000000000006	131.7	
32.599999999999994	14.0	38.5	10.5	114.19999999999999	
1.4000000000000057	96.8	37.599999999999994	20.099999999999994	91.3	

min_capacite_X : 
153.0	150.0	147.0	

min_capacite_W : 
124.19999999999999	89.0	99.6	

max_capacite_X : 
169.0	175.0	178.0	

max_capacite_W : 
166.7	175.2	187.4	

moy_capacite_X : 
161.0	169.2	160.8	

moy_capacite_W : 
142.1	130.95999999999998	129.23999999999998	

med_capacite_X : 
163.0	174.0	162.0	

med_capacite_W : 
137.9	130.5	108.3	

ecartType_capacite_X : 
6.418722614352485	9.66229786334493	11.05260150371848	

ecartType_capacite_W : 
13.883371348487367	27.322854902077854	33.41009428301573	

var_capacite_X : 
41.2	93.36	122.16000000000001	

var_capacite_W : 
192.74799999999996	746.5383999999998	1116.2344000000003	

covar_capacite_X : 
51.5	116.7	152.70000000000002	

covar_capacite_W : 
240.93499999999995	933.1729999999998	1395.2930000000003	

##########	##########	##########	##########	##########	##########	##########	##########	##########	##########	##########	##########	##########	##########	##########	##########	##########	##########	##########	##########	##########	##########	##########	##########	##########	##########	##########	##########	##########	##########	##########	##########	##########	##########	##########	##########	##########	##########	##########	##########	##########	##########	##########	##########	##########	##########	##########	##########	##########	##########	nombre de noeuds : 50
nombre de strates : 3
nombre de centres : 5
titre : intelligent
instances : p6_1
temps de calcul : 0.026423931121826172
valeur objective : 295.0
nombre de solutions : 3
nombre de noeuds : 1.0
faisability : True
moy_distances :	51.41
min_distances :	1.0
max_distances :	115.0
var_distances :	573.5828498125782
covar_distances :	573.8170608578263
ecartType_distances :	23.949589762928678
coef_variation	: 0.4658269551068994
distances_centre_x :
-1.0	41.0	0.0	15.0	32.0	21.0	17.0	-1.0	25.0	0.0	-1.0	-1.0	25.0	15.0	32.0	8.0	13.0	-1.0	9.0	-1.0	21.0	11.0	26.0	22.0	-1.0	14.0	-1.0	-1.0	15.0	-1.0	19.0	-1.0	-1.0	24.0	-1.0	28.0	-1.0	-1.0	38.0	12.0	-1.0	-1.0	20.0	-1.0	24.0	-1.0	0.0	18.0	-1.0	31.0	
29.0	41.0	0.0	15.0	32.0	21.0	17.0	-1.0	25.0	0.0	-1.0	7.0	25.0	-1.0	32.0	-1.0	-1.0	-1.0	9.0	-1.0	21.0	-1.0	26.0	-1.0	0.0	14.0	14.0	11.0	15.0	12.0	-1.0	14.0	-1.0	24.0	26.0	28.0	10.0	17.0	38.0	-1.0	22.0	13.0	20.0	-1.0	24.0	13.0	-1.0	18.0	12.0	-1.0	
29.0	41.0	-1.0	15.0	32.0	21.0	17.0	23.0	-1.0	0.0	21.0	7.0	25.0	15.0	32.0	-1.0	-1.0	32.0	9.0	0.0	-1.0	-1.0	-1.0	22.0	-1.0	-1.0	14.0	-1.0	15.0	-1.0	19.0	-1.0	34.0	-1.0	26.0	-1.0	10.0	17.0	38.0	12.0	-1.0	-1.0	20.0	35.0	24.0	13.0	-1.0	18.0	12.0	31.0	

distances_centre_w :
-1.0	49.0	20.0	54.0	47.0	21.0	31.0	-1.0	27.0	41.0	-1.0	-1.0	35.0	47.0	51.0	36.0	38.0	-1.0	20.0	-1.0	37.0	53.0	28.0	33.0	-1.0	22.0	-1.0	-1.0	35.0	-1.0	24.0	-1.0	-1.0	38.0	-1.0	59.0	-1.0	-1.0	49.0	48.0	-1.0	-1.0	26.0	-1.0	40.0	-1.0	20.0	52.0	-1.0	44.0	
40.0	49.0	20.0	54.0	47.0	21.0	31.0	-1.0	27.0	41.0	-1.0	23.0	35.0	-1.0	51.0	-1.0	-1.0	-1.0	20.0	-1.0	37.0	-1.0	28.0	-1.0	43.0	22.0	26.0	38.0	35.0	52.0	-1.0	27.0	-1.0	53.0	32.0	59.0	38.0	28.0	49.0	-1.0	43.0	30.0	26.0	-1.0	25.0	51.0	-1.0	52.0	36.0	-1.0	
40.0	49.0	-1.0	54.0	47.0	21.0	31.0	41.0	-1.0	41.0	34.0	23.0	35.0	47.0	51.0	-1.0	-1.0	40.0	44.0	42.0	-1.0	-1.0	-1.0	48.0	-1.0	-1.0	26.0	-1.0	35.0	-1.0	24.0	-1.0	46.0	-1.0	32.0	-1.0	38.0	28.0	49.0	48.0	-1.0	-1.0	26.0	48.0	25.0	31.0	-1.0	52.0	36.0	44.0	

maxX :
41.0	41.0	41.0	

maxW :
59.0	59.0	54.0	

minX :
0.0	0.0	0.0	

minW :
20.0	20.0	21.0	

moyX :
19.2	18.428571428571427	20.575757575757574	

moyW :
37.5	36.82857142857143	38.666666666666664	

medX :
19.5	17.0	20.0	

medW :
37.5	36.0	40.0	

ecartTypeX :
10.209146226137946	9.78128158207068	10.15345978660477	

ecartTypeW :
11.557825631723873	11.312409656872312	9.41844311481843	

varX :
104.22666666666667	95.6734693877551	103.09274563820018	

varW :
133.58333333333334	127.97061224489795	88.7070707070707	

covarX :
107.82068965517242	98.4873949579832	106.31439393939394	

covarW :
138.18965517241378	131.73445378151257	91.47916666666666	

coef_variationX :
0.5317263659446847	0.5307672176317424	0.4934671177584057	

coef_variationW :
0.3082086835126366	0.3071639549965329	0.24358042538323527	

moy_distances_centre :	52.0
min_distances_centre :	20.0
max_distances_centre :	91.0
med_distances_centre :	46.5
ecartType_distances_centre :	19.849433241279208
var_distances_centre :	394.0
covar_distances_centre :	414.7368421052631
coef_variation_distances_centre :	0.38171987002460017
capacite_X_temoin : 
166.0	154.0	153.0	163.0	151.0	
172.0	150.0	175.0	175.0	156.0	
178.0	166.0	162.0	147.0	159.0	

capacite_W_temoin : 
167.8	124.19999999999999	137.9	137.9	119.3	
161.6	89.0	124.5	126.5	129.8	
167.4	104.8	99.6	146.1	138.7	

demande_cumulee_X : 
48.0	76.0	61.0	74.0	77.0	
62.0	106.0	103.0	101.0	73.0	
64.0	111.0	111.0	45.0	68.0	

demande_cumulee_W : 
127.0	36.0	47.0	81.0	45.0	
124.0	57.0	98.0	122.0	44.0	
147.0	8.0	70.0	134.0	40.0	

capacite_residuelle_X : 
118.0	78.0	92.0	89.0	74.0	
110.0	44.0	72.0	74.0	83.0	
114.0	55.0	51.0	102.0	91.0	

capacite_residuelle_W : 
40.80000000000001	88.19999999999999	90.9	56.900000000000006	74.3	
37.599999999999994	32.0	26.5	4.5	85.80000000000001	
20.400000000000006	96.8	29.599999999999994	12.099999999999994	98.69999999999999	

min_capacite_X : 
151.0	150.0	147.0	

min_capacite_W : 
119.3	89.0	99.6	

max_capacite_X : 
166.0	175.0	178.0	

max_capacite_W : 
167.8	161.6	167.4	

moy_capacite_X : 
157.4	165.6	162.4	

moy_capacite_W : 
137.42	126.28000000000002	131.32	

med_capacite_X : 
154.0	172.0	162.0	

med_capacite_W : 
137.9	126.5	138.7	

ecartType_capacite_X : 
5.9531504264548865	10.518555033843766	10.05186549850325	

ecartType_capacite_W : 
16.890873275233588	23.03435694782904	25.628687051817543	

var_capacite_X : 
35.44	110.64000000000001	101.04	

var_capacite_W : 
285.3016000000002	530.5815999999999	656.8296000000001	

covar_capacite_X : 
44.3	138.3	126.30000000000001	

covar_capacite_W : 
356.62700000000024	663.2269999999999	821.0370000000001	

##########	##########	##########	##########	##########	##########	##########	##########	##########	##########	##########	##########	##########	##########	##########	##########	##########	##########	##########	##########	##########	##########	##########	##########	##########	##########	##########	##########	##########	##########	##########	##########	##########	##########	##########	##########	##########	##########	##########	##########	##########	##########	##########	##########	##########	##########	##########	##########	##########	##########	nombre de noeuds : 50
nombre de strates : 3
nombre de centres : 5
titre : intelligent
instances : p6_1
temps de calcul : 0.028294086456298828
valeur objective : 300.0
nombre de solutions : 3
nombre de noeuds : 1.0
faisability : True
moy_distances :	51.41
min_distances :	1.0
max_distances :	115.0
var_distances :	573.5828498125782
covar_distances :	573.8170608578263
ecartType_distances :	23.949589762928678
coef_variation	: 0.4658269551068994
distances_centre_x :
-1.0	41.0	0.0	15.0	32.0	21.0	31.0	-1.0	35.0	0.0	-1.0	-1.0	25.0	15.0	32.0	8.0	13.0	-1.0	20.0	-1.0	37.0	11.0	28.0	33.0	-1.0	14.0	-1.0	-1.0	20.0	-1.0	19.0	-1.0	-1.0	38.0	-1.0	28.0	-1.0	-1.0	38.0	15.0	-1.0	-1.0	20.0	-1.0	24.0	-1.0	20.0	18.0	-1.0	31.0	
29.0	41.0	0.0	15.0	32.0	21.0	31.0	-1.0	35.0	0.0	-1.0	23.0	25.0	-1.0	32.0	-1.0	-1.0	-1.0	20.0	-1.0	21.0	-1.0	28.0	-1.0	0.0	14.0	14.0	11.0	20.0	8.0	-1.0	0.0	-1.0	38.0	26.0	28.0	38.0	15.0	38.0	-1.0	22.0	13.0	20.0	-1.0	24.0	13.0	-1.0	18.0	12.0	-1.0	
29.0	41.0	-1.0	15.0	32.0	21.0	31.0	23.0	-1.0	0.0	21.0	23.0	25.0	15.0	32.0	-1.0	-1.0	32.0	44.0	0.0	-1.0	-1.0	-1.0	33.0	-1.0	-1.0	14.0	-1.0	15.0	-1.0	19.0	-1.0	34.0	-1.0	26.0	-1.0	38.0	15.0	38.0	15.0	-1.0	-1.0	20.0	48.0	24.0	13.0	-1.0	18.0	12.0	44.0	

distances_centre_w :
-1.0	50.0	33.0	54.0	39.0	38.0	49.0	-1.0	48.0	27.0	-1.0	-1.0	26.0	47.0	43.0	10.0	21.0	-1.0	44.0	-1.0	51.0	53.0	35.0	48.0	-1.0	22.0	-1.0	-1.0	29.0	-1.0	24.0	-1.0	-1.0	53.0	-1.0	56.0	-1.0	-1.0	46.0	48.0	-1.0	-1.0	26.0	-1.0	45.0	-1.0	50.0	38.0	-1.0	32.0	
40.0	50.0	33.0	54.0	39.0	21.0	49.0	-1.0	48.0	27.0	-1.0	48.0	35.0	-1.0	43.0	-1.0	-1.0	-1.0	44.0	-1.0	37.0	-1.0	35.0	-1.0	33.0	47.0	38.0	42.0	29.0	46.0	-1.0	14.0	-1.0	53.0	37.0	56.0	38.0	17.0	46.0	-1.0	34.0	49.0	26.0	-1.0	25.0	17.0	-1.0	38.0	36.0	-1.0	
40.0	50.0	-1.0	54.0	39.0	29.0	49.0	31.0	-1.0	27.0	34.0	48.0	35.0	47.0	43.0	-1.0	-1.0	41.0	58.0	42.0	-1.0	-1.0	-1.0	48.0	-1.0	-1.0	38.0	-1.0	20.0	-1.0	24.0	-1.0	46.0	-1.0	27.0	-1.0	44.0	17.0	46.0	48.0	-1.0	-1.0	26.0	58.0	25.0	17.0	-1.0	38.0	36.0	58.0	

maxX :
41.0	41.0	48.0	

maxW :
56.0	56.0	58.0	

minX :
0.0	0.0	0.0	

minW :
10.0	14.0	17.0	

moyX :
22.733333333333334	20.714285714285715	24.545454545454547	

moyW :
39.5	37.82857142857143	38.878787878787875	

medX :
20.5	21.0	23.0	

medW :
43.5	38.0	40.0	

ecartTypeX :
10.704931366223493	11.267073212485585	11.701051258368377	

ecartTypeW :
11.806071884133745	10.73441917860677	11.562105228661471	

varX :
114.59555555555556	126.94693877551022	136.9146005509642	

varW :
139.38333333333333	115.22775510204083	133.68227731864093	

covarX :
118.5471264367816	130.68067226890759	141.1931818181818	

covarW :
144.18965517241378	118.61680672268909	137.85984848484847	

coef_variationX :
0.47089140907141463	0.5439276723268902	0.4767094957113042	

coef_variationW :
0.2988878958008543	0.2837648574405113	0.29738852108014696	

moy_distances_centre :	43.2
min_distances_centre :	14.0
max_distances_centre :	74.0
med_distances_centre :	42.5
ecartType_distances_centre :	16.234531098864544
var_distances_centre :	263.56
covar_distances_centre :	277.4315789473684
coef_variation_distances_centre :	0.3757993309922348
capacite_X_temoin : 
166.0	154.0	153.0	163.0	150.0	
172.0	150.0	175.0	175.0	169.0	
178.0	166.0	162.0	147.0	145.0	

capacite_W_temoin : 
78.8	104.19999999999999	148.9	158.9	195.0	
99.6	110.0	118.5	164.5	155.7	
120.4	119.8	106.6	126.1	165.5	

demande_cumulee_X : 
137.0	96.0	50.0	53.0	0.0	
124.0	85.0	109.0	63.0	64.0	
111.0	96.0	104.0	65.0	23.0	

demande_cumulee_W : 
73.0	0.0	13.0	105.0	145.0	
94.0	59.0	32.0	129.0	131.0	
120.0	23.0	44.0	70.0	142.0	

capacite_residuelle_X : 
29.0	58.0	103.0	110.0	150.0	
48.0	65.0	66.0	112.0	105.0	
67.0	70.0	58.0	82.0	122.0	

capacite_residuelle_W : 
5.799999999999997	104.19999999999999	135.9	53.900000000000006	50.0	
5.599999999999994	51.0	86.5	35.5	24.69999999999999	
0.4000000000000057	96.8	62.599999999999994	56.099999999999994	23.5	

min_capacite_X : 
150.0	150.0	145.0	

min_capacite_W : 
78.8	99.6	106.6	

max_capacite_X : 
166.0	175.0	178.0	

max_capacite_W : 
195.0	164.5	165.5	

moy_capacite_X : 
157.2	168.2	159.6	

moy_capacite_W : 
137.16	129.66	127.67999999999999	

med_capacite_X : 
154.0	172.0	162.0	

med_capacite_W : 
148.9	118.5	120.4	

ecartType_capacite_X : 
6.1773780845922	9.368030742904295	12.306096050332128	

ecartType_capacite_W : 
41.105162692781064	25.716033908828166	19.961502949427434	

var_capacite_X : 
38.16	87.76	151.44	

var_capacite_W : 
1689.6344000000004	661.3144	398.4616000000001	

covar_capacite_X : 
47.699999999999996	109.7	189.3	

covar_capacite_W : 
2112.0430000000006	826.643	498.0770000000001	

##########	##########	##########	##########	##########	##########	##########	##########	##########	##########	##########	##########	##########	##########	##########	##########	##########	##########	##########	##########	##########	##########	##########	##########	##########	##########	##########	##########	##########	##########	##########	##########	##########	##########	##########	##########	##########	##########	##########	##########	##########	##########	##########	##########	##########	##########	##########	##########	##########	##########	nombre de noeuds : 50
nombre de strates : 3
nombre de centres : 5
titre : intelligent
instances : p6_1
temps de calcul : 0.027552127838134766
valeur objective : 304.0
nombre de solutions : 3
nombre de noeuds : 1.0
faisability : True
moy_distances :	51.41
min_distances :	1.0
max_distances :	115.0
var_distances :	573.5828498125782
covar_distances :	573.8170608578263
ecartType_distances :	23.949589762928678
coef_variation	: 0.4658269551068994
distances_centre_x :
-1.0	34.0	0.0	15.0	39.0	21.0	0.0	-1.0	15.0	27.0	-1.0	-1.0	26.0	15.0	43.0	8.0	21.0	-1.0	11.0	-1.0	21.0	11.0	16.0	5.0	-1.0	14.0	-1.0	-1.0	15.0	-1.0	19.0	-1.0	-1.0	7.0	-1.0	28.0	-1.0	-1.0	46.0	15.0	-1.0	-1.0	20.0	-1.0	25.0	-1.0	17.0	38.0	-1.0	31.0	
29.0	34.0	0.0	15.0	39.0	21.0	0.0	-1.0	35.0	27.0	-1.0	10.0	26.0	-1.0	43.0	-1.0	-1.0	-1.0	11.0	-1.0	21.0	-1.0	16.0	-1.0	0.0	14.0	14.0	38.0	15.0	8.0	-1.0	0.0	-1.0	7.0	26.0	28.0	10.0	15.0	46.0	-1.0	22.0	13.0	20.0	-1.0	24.0	17.0	-1.0	38.0	12.0	-1.0	
29.0	34.0	-1.0	15.0	39.0	21.0	0.0	23.0	-1.0	27.0	21.0	10.0	26.0	15.0	43.0	-1.0	-1.0	32.0	11.0	0.0	-1.0	-1.0	-1.0	5.0	-1.0	-1.0	14.0	-1.0	20.0	-1.0	19.0	-1.0	34.0	-1.0	26.0	-1.0	38.0	15.0	46.0	29.0	-1.0	-1.0	20.0	18.0	24.0	17.0	-1.0	38.0	12.0	31.0	

distances_centre_w :
-1.0	41.0	31.0	54.0	47.0	38.0	31.0	-1.0	27.0	41.0	-1.0	-1.0	35.0	47.0	51.0	38.0	38.0	-1.0	20.0	-1.0	51.0	53.0	28.0	33.0	-1.0	22.0	-1.0	-1.0	44.0	-1.0	24.0	-1.0	-1.0	38.0	-1.0	56.0	-1.0	-1.0	49.0	29.0	-1.0	-1.0	23.0	-1.0	45.0	-1.0	20.0	52.0	-1.0	32.0	
40.0	41.0	31.0	54.0	47.0	29.0	31.0	-1.0	48.0	41.0	-1.0	23.0	35.0	-1.0	54.0	-1.0	-1.0	-1.0	20.0	-1.0	51.0	-1.0	35.0	-1.0	14.0	22.0	38.0	42.0	44.0	12.0	-1.0	14.0	-1.0	38.0	27.0	56.0	44.0	28.0	49.0	-1.0	53.0	31.0	39.0	-1.0	25.0	31.0	-1.0	52.0	36.0	-1.0	
40.0	41.0	-1.0	54.0	47.0	29.0	31.0	31.0	-1.0	41.0	34.0	23.0	35.0	47.0	51.0	-1.0	-1.0	41.0	20.0	42.0	-1.0	-1.0	-1.0	33.0	-1.0	-1.0	38.0	-1.0	29.0	-1.0	24.0	-1.0	46.0	-1.0	27.0	-1.0	38.0	28.0	49.0	48.0	-1.0	-1.0	23.0	48.0	25.0	31.0	-1.0	52.0	36.0	32.0	

maxX :
46.0	46.0	46.0	

maxW :
56.0	56.0	54.0	

minX :
0.0	0.0	0.0	

minW :
20.0	12.0	20.0	

moyX :
20.1	19.82857142857143	22.78787878787879	

moyW :
37.93333333333333	36.42857142857143	36.78787878787879	

medX :
18.0	17.0	21.0	

medW :
38.0	38.0	36.0	

ecartTypeX :
11.648605066702192	12.422297266921086	11.440908990581221	

ecartTypeW :
10.831846051753546	12.041086126344283	9.415517738729928	

varX :
135.69	154.31346938775508	130.8943985307622	

varW :
117.3288888888889	144.98775510204078	88.65197428833793	

covarX :
140.3689655172414	158.8521008403361	134.9848484848485	

covarW :
121.37471264367814	149.25210084033614	91.42234848484848	

coef_variationX :
0.5795325903831936	0.626484732481611	0.5020611658100802	

coef_variationW :
0.2855495444223255	0.33053961915454894	0.2559407622554264	

moy_distances_centre :	44.2
min_distances_centre :	14.0
max_distances_centre :	73.0
med_distances_centre :	45.0
ecartType_distances_centre :	15.619218930535549
var_distances_centre :	243.96000000000004
covar_distances_centre :	256.8
coef_variation_distances_centre :	0.3533759939035192
capacite_X_temoin : 
166.0	154.0	153.0	163.0	150.0	
172.0	166.0	175.0	175.0	169.0	
178.0	144.0	162.0	147.0	145.0	

capacite_W_temoin : 
163.8	113.19999999999999	140.9	154.9	113.0	
166.6	138.8	119.5	167.5	76.69999999999999	
160.4	109.19999999999999	106.6	156.1	77.5	

demande_cumulee_X : 
52.0	87.0	58.0	57.0	82.0	
57.0	77.0	108.0	60.0	143.0	
71.0	78.0	104.0	35.0	111.0	

demande_cumulee_W : 
136.0	28.0	63.0	69.0	40.0	
148.0	15.0	49.0	165.0	68.0	
155.0	9.0	82.0	95.0	58.0	

capacite_residuelle_X : 
114.0	67.0	95.0	106.0	68.0	
115.0	89.0	67.0	115.0	26.0	
107.0	66.0	58.0	112.0	34.0	

capacite_residuelle_W : 
27.80000000000001	85.19999999999999	77.9	85.9	73.0	
18.599999999999994	123.80000000000001	70.5	2.5	8.699999999999989	
5.400000000000006	100.19999999999999	24.599999999999994	61.099999999999994	19.5	

min_capacite_X : 
150.0	166.0	144.0	

min_capacite_W : 
113.0	76.69999999999999	77.5	

max_capacite_X : 
166.0	175.0	178.0	

max_capacite_W : 
163.8	167.5	160.4	

moy_capacite_X : 
157.2	171.4	155.2	

moy_capacite_W : 
137.16	133.82	121.96000000000001	

med_capacite_X : 
154.0	172.0	147.0	

med_capacite_W : 
140.9	138.8	109.19999999999999	

ecartType_capacite_X : 
6.1773780845922	3.49857113690718	13.13620949893842	

ecartType_capacite_W : 
20.95791974409675	33.76811513839646	31.681578243515588	

var_capacite_X : 
38.16	12.239999999999998	172.55999999999997	

var_capacite_W : 
439.2344000000003	1140.2856000000002	1003.7224000000002	

covar_capacite_X : 
47.699999999999996	15.299999999999999	215.69999999999996	

covar_capacite_W : 
549.0430000000003	1425.3570000000002	1254.6530000000002	

##########	##########	##########	##########	##########	##########	##########	##########	##########	##########	##########	##########	##########	##########	##########	##########	##########	##########	##########	##########	##########	##########	##########	##########	##########	##########	##########	##########	##########	##########	##########	##########	##########	##########	##########	##########	##########	##########	##########	##########	##########	##########	##########	##########	##########	##########	##########	##########	##########	##########	nombre de noeuds : 50
nombre de strates : 3
nombre de centres : 5
titre : intelligent
instances : p6_1
temps de calcul : 0.024420976638793945
valeur objective : 304.0
nombre de solutions : 3
nombre de noeuds : 1.0
faisability : True
moy_distances :	51.41
min_distances :	1.0
max_distances :	115.0
var_distances :	573.5828498125782
covar_distances :	573.8170608578263
ecartType_distances :	23.949589762928678
coef_variation	: 0.4658269551068994
distances_centre_x :
-1.0	41.0	0.0	15.0	39.0	9.0	31.0	-1.0	27.0	27.0	-1.0	-1.0	26.0	15.0	43.0	8.0	13.0	-1.0	20.0	-1.0	21.0	11.0	28.0	33.0	-1.0	14.0	-1.0	-1.0	15.0	-1.0	0.0	-1.0	-1.0	38.0	-1.0	28.0	-1.0	-1.0	46.0	15.0	-1.0	-1.0	20.0	-1.0	7.0	-1.0	20.0	38.0	-1.0	31.0	
23.0	41.0	0.0	15.0	39.0	9.0	31.0	-1.0	27.0	27.0	-1.0	23.0	26.0	-1.0	43.0	-1.0	-1.0	-1.0	20.0	-1.0	21.0	-1.0	28.0	-1.0	0.0	14.0	14.0	11.0	20.0	8.0	-1.0	0.0	-1.0	38.0	26.0	28.0	10.0	15.0	46.0	-1.0	22.0	38.0	20.0	-1.0	7.0	17.0	-1.0	38.0	12.0	-1.0	
23.0	41.0	-1.0	15.0	39.0	9.0	31.0	23.0	-1.0	27.0	15.0	23.0	26.0	15.0	43.0	-1.0	-1.0	24.0	20.0	0.0	-1.0	-1.0	-1.0	33.0	-1.0	-1.0	14.0	-1.0	15.0	-1.0	0.0	-1.0	30.0	-1.0	26.0	-1.0	10.0	15.0	46.0	15.0	-1.0	-1.0	20.0	48.0	7.0	17.0	-1.0	38.0	16.0	32.0	

distances_centre_w :
-1.0	50.0	19.0	34.0	47.0	21.0	49.0	-1.0	46.0	41.0	-1.0	-1.0	35.0	47.0	51.0	10.0	38.0	-1.0	40.0	-1.0	51.0	34.0	35.0	48.0	-1.0	22.0	-1.0	-1.0	20.0	-1.0	19.0	-1.0	-1.0	53.0	-1.0	52.0	-1.0	-1.0	49.0	28.0	-1.0	-1.0	26.0	-1.0	25.0	-1.0	38.0	52.0	-1.0	32.0	
29.0	50.0	19.0	34.0	47.0	21.0	51.0	-1.0	35.0	41.0	-1.0	42.0	35.0	-1.0	51.0	-1.0	-1.0	-1.0	40.0	-1.0	51.0	-1.0	35.0	-1.0	14.0	22.0	38.0	14.0	30.0	46.0	-1.0	14.0	-1.0	53.0	27.0	52.0	29.0	28.0	49.0	-1.0	53.0	49.0	26.0	-1.0	24.0	31.0	-1.0	52.0	36.0	-1.0	
29.0	50.0	-1.0	34.0	47.0	21.0	49.0	31.0	-1.0	41.0	21.0	42.0	35.0	27.0	51.0	-1.0	-1.0	32.0	40.0	24.0	-1.0	-1.0	-1.0	48.0	-1.0	-1.0	45.0	-1.0	20.0	-1.0	19.0	-1.0	34.0	-1.0	27.0	-1.0	38.0	28.0	49.0	28.0	-1.0	-1.0	26.0	58.0	24.0	31.0	-1.0	52.0	36.0	58.0	

maxX :
46.0	46.0	48.0	

maxW :
53.0	53.0	58.0	

minX :
0.0	0.0	0.0	

minW :
10.0	14.0	19.0	

moyX :
22.633333333333333	21.62857142857143	22.90909090909091	

moyW :
37.06666666666667	36.22857142857143	36.21212121212121	

medX :
20.5	21.0	23.0	

medW :
38.0	35.0	34.0	

ecartTypeX :
12.410971848417923	12.34986573503815	12.22853998164313	

ecartTypeW :
12.285311916629912	12.324390948233424	11.288926125908377	

varX :
154.0322222222222	152.5191836734694	149.5371900826446	

varW :
150.9288888888889	151.89061224489797	127.43985307621672	

covarX :
159.3436781609195	157.00504201680675	154.21022727272725	

covarW :
156.13333333333333	156.35798319327728	131.42234848484847	

coef_variationX :
0.5483492716532219	0.5709977552527546	0.5337854753891843	

coef_variationW :
0.3314382711321019	0.3401842927351497	0.31174440347696775	

moy_distances_centre :	35.5
min_distances_centre :	14.0
max_distances_centre :	48.0
med_distances_centre :	40.0
ecartType_distances_centre :	11.825819210524063
var_distances_centre :	139.85
covar_distances_centre :	147.21052631578948
coef_variation_distances_centre :	0.3331216679020863
capacite_X_temoin : 
166.0	153.0	163.0	163.0	150.0	
172.0	175.0	175.0	144.0	169.0	
178.0	162.0	147.0	157.0	145.0	

capacite_W_temoin : 
111.8	148.9	137.9	179.9	119.0	
103.6	148.5	169.5	142.2	76.69999999999999	
143.4	164.6	154.1	95.1	69.5	

demande_cumulee_X : 
104.0	50.0	74.0	32.0	76.0	
120.0	79.0	58.0	45.0	143.0	
88.0	46.0	37.0	109.0	119.0	

demande_cumulee_W : 
88.0	42.0	86.0	104.0	16.0	
96.0	70.0	133.0	116.0	30.0	
75.0	97.0	128.0	63.0	36.0	

capacite_residuelle_X : 
62.0	103.0	89.0	131.0	74.0	
52.0	96.0	117.0	99.0	26.0	
90.0	116.0	110.0	48.0	26.0	

capacite_residuelle_W : 
23.799999999999997	106.9	51.900000000000006	75.9	103.0	
7.599999999999994	78.5	36.5	26.19999999999999	46.69999999999999	
68.4	67.6	26.099999999999994	32.099999999999994	33.5	

min_capacite_X : 
150.0	144.0	145.0	

min_capacite_W : 
111.8	76.69999999999999	69.5	

max_capacite_X : 
166.0	175.0	178.0	

max_capacite_W : 
179.9	169.5	164.6	

moy_capacite_X : 
159.0	167.0	157.8	

moy_capacite_W : 
139.5	128.1	125.34	

med_capacite_X : 
163.0	172.0	157.0	

med_capacite_W : 
137.9	142.2	143.4	

ecartType_capacite_X : 
6.29285308902091	11.713240371477058	11.889491158161478	

ecartType_capacite_W : 
24.127246009439208	33.38005392446214	36.68027262712206	

var_capacite_X : 
39.6	137.2	141.35999999999999	

var_capacite_W : 
582.1240000000001	1114.2280000000003	1345.4424	

covar_capacite_X : 
49.5	171.5	176.7	

covar_capacite_W : 
727.6550000000002	1392.7850000000003	1681.8029999999999	

##########	##########	##########	##########	##########	##########	##########	##########	##########	##########	##########	##########	##########	##########	##########	##########	##########	##########	##########	##########	##########	##########	##########	##########	##########	##########	##########	##########	##########	##########	##########	##########	##########	##########	##########	##########	##########	##########	##########	##########	##########	##########	##########	##########	##########	##########	##########	##########	##########	##########	