nombre de noeuds : 50
nombre de strates : 3
nombre de centres : 5
titre : fenetre
instances : p7_1
temps de calcul : 0.023874998092651367
valeur objective : 430.0
nombre de solutions : 3
nombre de noeuds : 1.0
faisability : True
moy_distances :	47.35
min_distances :	1.0
max_distances :	120.0
var_distances :	507.7547355268637
covar_distances :	507.96206698277524
ecartType_distances :	22.533413756616277
coef_variation	: 0.47592123882508514
distances_centre_x :
-1.0	56.0	0.0	3.0	18.0	32.0	34.0	-1.0	28.0	25.0	-1.0	-1.0	7.0	22.0	46.0	50.0	6.0	-1.0	17.0	-1.0	15.0	21.0	26.0	40.0	-1.0	38.0	-1.0	-1.0	33.0	-1.0	11.0	-1.0	-1.0	14.0	-1.0	32.0	-1.0	-1.0	23.0	0.0	-1.0	-1.0	55.0	-1.0	19.0	-1.0	7.0	32.0	-1.0	4.0	
0.0	56.0	0.0	3.0	30.0	32.0	34.0	-1.0	28.0	23.0	-1.0	71.0	7.0	-1.0	46.0	-1.0	-1.0	-1.0	17.0	-1.0	15.0	-1.0	36.0	-1.0	0.0	46.0	24.0	12.0	33.0	7.0	-1.0	30.0	-1.0	14.0	25.0	13.0	11.0	22.0	23.0	-1.0	31.0	12.0	55.0	-1.0	19.0	13.0	-1.0	38.0	42.0	-1.0	
0.0	56.0	-1.0	13.0	18.0	32.0	34.0	52.0	-1.0	23.0	17.0	71.0	7.0	22.0	46.0	-1.0	-1.0	1.0	23.0	0.0	-1.0	-1.0	-1.0	40.0	-1.0	-1.0	24.0	-1.0	33.0	-1.0	11.0	-1.0	16.0	-1.0	13.0	-1.0	11.0	22.0	23.0	0.0	-1.0	-1.0	55.0	49.0	19.0	13.0	-1.0	32.0	42.0	4.0	

distances_centre_w :
-1.0	68.0	15.0	13.0	43.0	64.0	48.0	-1.0	41.0	31.0	-1.0	-1.0	11.0	50.0	61.0	51.0	39.0	-1.0	23.0	-1.0	29.0	36.0	57.0	45.0	-1.0	46.0	-1.0	-1.0	63.0	-1.0	46.0	-1.0	-1.0	24.0	-1.0	45.0	-1.0	-1.0	41.0	15.0	-1.0	-1.0	67.0	-1.0	27.0	-1.0	21.0	38.0	-1.0	18.0	
38.0	68.0	15.0	13.0	43.0	41.0	72.0	-1.0	43.0	25.0	-1.0	82.0	11.0	-1.0	49.0	-1.0	-1.0	-1.0	23.0	-1.0	29.0	-1.0	57.0	-1.0	15.0	72.0	25.0	22.0	35.0	19.0	-1.0	76.0	-1.0	24.0	51.0	32.0	25.0	40.0	38.0	-1.0	32.0	22.0	56.0	-1.0	27.0	23.0	-1.0	46.0	72.0	-1.0	
38.0	68.0	-1.0	44.0	30.0	41.0	48.0	64.0	-1.0	25.0	22.0	82.0	45.0	23.0	77.0	-1.0	-1.0	13.0	59.0	15.0	-1.0	-1.0	-1.0	47.0	-1.0	-1.0	25.0	-1.0	35.0	-1.0	46.0	-1.0	38.0	-1.0	25.0	-1.0	42.0	40.0	38.0	15.0	-1.0	-1.0	67.0	54.0	27.0	60.0	-1.0	38.0	72.0	18.0	

maxX :
56.0	71.0	71.0	

maxW :
68.0	82.0	82.0	

minX :
0.0	0.0	0.0	

minW :
11.0	11.0	13.0	

moyX :
23.8	24.8	24.90909090909091	

moyW :
39.2	38.885714285714286	41.84848484848485	

medX :
22.5	23.0	22.0	

medW :
41.0	35.0	40.0	

ecartTypeX :
15.661843229113655	16.81292020186516	18.074531950624888	

ecartTypeW :
16.682126163452107	19.671257391100827	18.542532944755585	

varX :
245.29333333333327	282.6742857142857	326.68870523415984	

varW :
278.2933333333333	386.95836734693887	343.82552800734624	

covarX :
253.75172413793103	290.98823529411766	336.8977272727273	

covarW :
287.88965517241377	398.3394957983194	354.57007575757575	

coef_variationX :
0.658060639878725	0.6779403307203694	0.7256198958280065	

coef_variationW :
0.4255644429452068	0.5058736287204474	0.44308731873782353	

moy_distances_centre :	44.5
min_distances_centre :	15.0
max_distances_centre :	72.0
med_distances_centre :	46.5
ecartType_distances_centre :	17.29306219268294
var_distances_centre :	299.05
covar_distances_centre :	314.7894736842105
coef_variation_distances_centre :	0.38860813916141435
capacite_X_temoin : 
163.0	166.0	153.0	163.0	169.0	
166.0	172.0	175.0	175.0	174.0	
159.0	178.0	162.0	147.0	151.0	

capacite_W_temoin : 
191.9	106.8	73.9	173.9	149.7	
193.8	128.6	74.5	156.5	165.2	
156.7	177.4	52.6	151.1	96.3	

demande_cumulee_X : 
20.0	109.0	125.0	38.0	70.0	
22.0	95.0	153.0	71.0	61.0	
50.0	54.0	158.0	40.0	100.0	

demande_cumulee_W : 
15.0	82.0	64.0	112.0	89.0	
56.0	110.0	72.0	110.0	54.0	
81.0	160.0	40.0	97.0	24.0	

capacite_residuelle_X : 
143.0	57.0	28.0	125.0	99.0	
144.0	77.0	22.0	104.0	113.0	
109.0	124.0	4.0	107.0	51.0	

capacite_residuelle_W : 
176.9	24.799999999999997	9.900000000000006	61.900000000000006	60.69999999999999	
137.8	18.599999999999994	2.5	46.5	111.19999999999999	
75.69999999999999	17.400000000000006	12.600000000000001	54.099999999999994	72.3	

min_capacite_X : 
153.0	166.0	147.0	

min_capacite_W : 
73.9	74.5	52.6	

max_capacite_X : 
169.0	175.0	178.0	

max_capacite_W : 
191.9	193.8	177.4	

moy_capacite_X : 
162.8	172.4	159.4	

moy_capacite_W : 
139.24	143.71999999999997	126.82000000000001	

med_capacite_X : 
163.0	174.0	159.0	

med_capacite_W : 
149.7	156.5	151.1	

ecartType_capacite_X : 
5.381449618829484	3.3823069050575527	10.744300814850634	

ecartType_capacite_W : 
43.37158516817203	40.38006438825971	45.78372636647218	

var_capacite_X : 
28.959999999999997	11.44	115.44000000000001	

var_capacite_W : 
1881.0944	1630.5496	2096.1495999999997	

covar_capacite_X : 
36.199999999999996	14.299999999999999	144.3	

covar_capacite_W : 
2351.368	2038.1870000000001	2620.1869999999994	

##########	##########	##########	##########	##########	##########	##########	##########	##########	##########	##########	##########	##########	##########	##########	##########	##########	##########	##########	##########	##########	##########	##########	##########	##########	##########	##########	##########	##########	##########	##########	##########	##########	##########	##########	##########	##########	##########	##########	##########	##########	##########	##########	##########	##########	##########	##########	##########	##########	##########	nombre de noeuds : 50
nombre de strates : 3
nombre de centres : 5
titre : fenetre
instances : p7_1
temps de calcul : 0.02535104751586914
valeur objective : 435.0
nombre de solutions : 3
nombre de noeuds : 1.0
faisability : True
moy_distances :	47.35
min_distances :	1.0
max_distances :	120.0
var_distances :	507.7547355268637
covar_distances :	507.96206698277524
ecartType_distances :	22.533413756616277
coef_variation	: 0.47592123882508514
distances_centre_x :
-1.0	56.0	15.0	3.0	41.0	32.0	34.0	-1.0	41.0	31.0	-1.0	-1.0	11.0	22.0	46.0	50.0	17.0	-1.0	23.0	-1.0	15.0	25.0	26.0	45.0	-1.0	38.0	-1.0	-1.0	33.0	-1.0	11.0	-1.0	-1.0	24.0	-1.0	13.0	-1.0	-1.0	0.0	0.0	-1.0	-1.0	56.0	-1.0	19.0	-1.0	7.0	38.0	-1.0	4.0	
0.0	56.0	46.0	3.0	32.0	32.0	63.0	-1.0	28.0	31.0	-1.0	71.0	11.0	-1.0	46.0	-1.0	-1.0	-1.0	17.0	-1.0	15.0	-1.0	26.0	-1.0	0.0	38.0	24.0	47.0	33.0	36.0	-1.0	30.0	-1.0	24.0	25.0	13.0	11.0	32.0	0.0	-1.0	31.0	12.0	56.0	-1.0	19.0	13.0	-1.0	38.0	60.0	-1.0	
0.0	68.0	-1.0	3.0	43.0	32.0	34.0	64.0	-1.0	23.0	20.0	71.0	11.0	22.0	46.0	-1.0	-1.0	1.0	23.0	0.0	-1.0	-1.0	-1.0	47.0	-1.0	-1.0	24.0	-1.0	33.0	-1.0	11.0	-1.0	7.0	-1.0	13.0	-1.0	11.0	32.0	0.0	0.0	-1.0	-1.0	56.0	49.0	19.0	13.0	-1.0	38.0	44.0	45.0	

distances_centre_w :
-1.0	68.0	57.0	13.0	50.0	41.0	48.0	-1.0	43.0	41.0	-1.0	-1.0	44.0	50.0	57.0	71.0	47.0	-1.0	63.0	-1.0	29.0	34.0	41.0	47.0	-1.0	46.0	-1.0	-1.0	63.0	-1.0	60.0	-1.0	-1.0	27.0	-1.0	45.0	-1.0	-1.0	23.0	41.0	-1.0	-1.0	67.0	-1.0	66.0	-1.0	21.0	65.0	-1.0	45.0	
23.0	68.0	57.0	13.0	41.0	41.0	72.0	-1.0	41.0	41.0	-1.0	83.0	44.0	-1.0	77.0	-1.0	-1.0	-1.0	23.0	-1.0	58.0	-1.0	41.0	-1.0	15.0	46.0	56.0	50.0	63.0	75.0	-1.0	39.0	-1.0	27.0	76.0	36.0	25.0	32.0	23.0	-1.0	32.0	22.0	67.0	-1.0	27.0	54.0	-1.0	71.0	80.0	-1.0	
23.0	81.0	-1.0	13.0	50.0	41.0	48.0	79.0	-1.0	28.0	47.0	83.0	44.0	43.0	57.0	-1.0	-1.0	13.0	63.0	15.0	-1.0	-1.0	-1.0	78.0	-1.0	-1.0	62.0	-1.0	72.0	-1.0	25.0	-1.0	16.0	-1.0	76.0	-1.0	42.0	47.0	23.0	41.0	-1.0	-1.0	82.0	80.0	27.0	54.0	-1.0	65.0	80.0	52.0	

maxX :
56.0	71.0	71.0	

maxW :
71.0	83.0	83.0	

minX :
0.0	0.0	0.0	

minW :
13.0	13.0	13.0	

moyX :
25.866666666666667	29.114285714285714	27.363636363636363	

moyW :
47.1	46.82857142857143	50.0	

medX :
24.5	30.0	23.0	

medW :
46.5	41.0	48.0	

ecartTypeX :
16.119829058922708	18.258104155331647	20.67030981840816	

ecartTypeW :
14.697732251382638	20.14871242151463	22.572442302842454	

varX :
259.84888888888895	333.35836734693873	427.26170798898073	

varW :
216.02333333333334	405.97061224489795	509.5151515151515	

covarX :
268.8091954022989	343.163025210084	440.6136363636364	

covarW :
223.47241379310344	417.9109243697479	525.4375	

coef_variationX :
0.6231892677418572	0.6271183959142371	0.7553933820680723	

coef_variationW :
0.3120537632989944	0.43026536592618186	0.4514488460568491	

moy_distances_centre :	48.8
min_distances_centre :	15.0
max_distances_centre :	72.0
med_distances_centre :	47.5
ecartType_distances_centre :	18.087564789103038
var_distances_centre :	327.15999999999997
covar_distances_centre :	344.37894736842105
coef_variation_distances_centre :	0.37064681944883276
capacite_X_temoin : 
163.0	153.0	163.0	166.0	169.0	
166.0	175.0	175.0	171.0	174.0	
159.0	162.0	147.0	148.0	151.0	

capacite_W_temoin : 
180.9	63.9	151.9	208.8	90.69999999999999	
171.8	81.5	126.5	215.3	122.19999999999999	
181.7	49.6	135.1	151.4	77.3	

demande_cumulee_X : 
31.0	135.0	60.0	7.0	129.0	
44.0	146.0	101.0	7.0	104.0	
25.0	161.0	56.0	41.0	119.0	

demande_cumulee_W : 
62.0	60.0	115.0	53.0	72.0	
72.0	76.0	122.0	94.0	38.0	
79.0	39.0	111.0	140.0	33.0	

capacite_residuelle_X : 
132.0	18.0	103.0	159.0	40.0	
122.0	29.0	74.0	164.0	70.0	
134.0	1.0	91.0	107.0	32.0	

capacite_residuelle_W : 
118.9	3.8999999999999986	36.900000000000006	155.8	18.69999999999999	
99.80000000000001	5.5	4.5	121.30000000000001	84.19999999999999	
102.69999999999999	10.600000000000001	24.099999999999994	11.400000000000006	44.3	

min_capacite_X : 
153.0	166.0	147.0	

min_capacite_W : 
63.9	81.5	49.6	

max_capacite_X : 
169.0	175.0	162.0	

max_capacite_W : 
208.8	215.3	181.7	

moy_capacite_X : 
162.8	172.2	153.4	

moy_capacite_W : 
139.24	143.45999999999998	119.01999999999998	

med_capacite_X : 
163.0	174.0	151.0	

med_capacite_W : 
151.9	126.5	135.1	

ecartType_capacite_X : 
5.381449618829484	3.429285639896449	6.019966777316964	

ecartType_capacite_W : 
54.34458942709937	45.919085356744645	48.570583690130796	

var_capacite_X : 
28.959999999999997	11.759999999999996	36.239999999999995	

var_capacite_W : 
2953.3344000000006	2108.5624000000003	2359.1015999999995	

covar_capacite_X : 
36.199999999999996	14.699999999999996	45.3	

covar_capacite_W : 
3691.6680000000006	2635.7030000000004	2948.8769999999995	

##########	##########	##########	##########	##########	##########	##########	##########	##########	##########	##########	##########	##########	##########	##########	##########	##########	##########	##########	##########	##########	##########	##########	##########	##########	##########	##########	##########	##########	##########	##########	##########	##########	##########	##########	##########	##########	##########	##########	##########	##########	##########	##########	##########	##########	##########	##########	##########	##########	##########	nombre de noeuds : 50
nombre de strates : 3
nombre de centres : 5
titre : fenetre
instances : p7_1
temps de calcul : 0.0231931209564209
valeur objective : 441.0
nombre de solutions : 3
nombre de noeuds : 1.0
faisability : True
moy_distances :	47.35
min_distances :	1.0
max_distances :	120.0
var_distances :	507.7547355268637
covar_distances :	507.96206698277524
ecartType_distances :	22.533413756616277
coef_variation	: 0.47592123882508514
distances_centre_x :
-1.0	56.0	38.0	3.0	30.0	32.0	34.0	-1.0	24.0	0.0	-1.0	-1.0	32.0	12.0	46.0	65.0	6.0	-1.0	17.0	-1.0	15.0	8.0	26.0	45.0	-1.0	46.0	-1.0	-1.0	52.0	-1.0	11.0	-1.0	-1.0	18.0	-1.0	13.0	-1.0	-1.0	0.0	41.0	-1.0	-1.0	65.0	-1.0	19.0	-1.0	7.0	41.0	-1.0	44.0	
0.0	56.0	38.0	3.0	43.0	32.0	34.0	-1.0	24.0	0.0	-1.0	71.0	32.0	-1.0	61.0	-1.0	-1.0	-1.0	17.0	-1.0	15.0	-1.0	26.0	-1.0	0.0	46.0	43.0	42.0	52.0	43.0	-1.0	30.0	-1.0	18.0	25.0	13.0	11.0	32.0	0.0	-1.0	31.0	12.0	65.0	-1.0	19.0	48.0	-1.0	61.0	44.0	-1.0	
0.0	56.0	-1.0	3.0	16.0	41.0	34.0	52.0	-1.0	31.0	17.0	71.0	32.0	26.0	46.0	-1.0	-1.0	1.0	17.0	0.0	-1.0	-1.0	-1.0	44.0	-1.0	-1.0	43.0	-1.0	72.0	-1.0	11.0	-1.0	7.0	-1.0	25.0	-1.0	11.0	4.0	0.0	41.0	-1.0	-1.0	65.0	72.0	19.0	48.0	-1.0	41.0	44.0	44.0	

distances_centre_w :
-1.0	67.0	38.0	13.0	41.0	41.0	48.0	-1.0	28.0	28.0	-1.0	-1.0	44.0	22.0	61.0	71.0	53.0	-1.0	63.0	-1.0	58.0	34.0	29.0	61.0	-1.0	57.0	-1.0	-1.0	63.0	-1.0	25.0	-1.0	-1.0	29.0	-1.0	15.0	-1.0	-1.0	23.0	48.0	-1.0	-1.0	67.0	-1.0	27.0	-1.0	21.0	61.0	-1.0	52.0	
23.0	67.0	57.0	13.0	50.0	77.0	44.0	-1.0	43.0	31.0	-1.0	81.0	44.0	-1.0	77.0	-1.0	-1.0	-1.0	23.0	-1.0	58.0	-1.0	41.0	-1.0	15.0	57.0	56.0	47.0	72.0	46.0	-1.0	39.0	-1.0	24.0	32.0	36.0	14.0	47.0	69.0	-1.0	32.0	22.0	67.0	-1.0	27.0	54.0	-1.0	65.0	72.0	-1.0	
23.0	68.0	-1.0	13.0	30.0	50.0	44.0	64.0	-1.0	44.0	20.0	81.0	45.0	43.0	49.0	-1.0	-1.0	13.0	39.0	15.0	-1.0	-1.0	-1.0	61.0	-1.0	-1.0	62.0	-1.0	73.0	-1.0	27.0	-1.0	16.0	-1.0	76.0	-1.0	59.0	22.0	23.0	48.0	-1.0	-1.0	67.0	80.0	66.0	54.0	-1.0	71.0	72.0	52.0	

maxX :
65.0	71.0	72.0	

maxW :
71.0	81.0	81.0	

minX :
0.0	0.0	0.0	

minW :
13.0	13.0	13.0	

moyX :
28.2	31.057142857142857	31.333333333333332	

moyW :
42.93333333333333	46.34285714285714	47.57575757575758	

medX :
28.0	32.0	32.0	

medW :
42.5	46.0	49.0	

ecartTypeX :
18.778356335597284	19.645345296958634	22.121793267584284	

ecartTypeW :
17.229690137150527	19.4171394938196	21.098657580490904	

varX :
352.62666666666667	385.9395918367347	489.3737373737374	

varW :
296.86222222222216	377.02530612244897	445.1533516988063	

covarX :
364.7862068965517	397.2907563025209	504.66666666666674	

covarW :
307.09885057471257	388.1142857142857	459.06439393939394	

coef_variationX :
0.6658991608367831	0.6325548163694132	0.70601467875269	

coef_variationW :
0.401312658474003	0.41898883001460296	0.44347496825235655	

moy_distances_centre :	39.2
min_distances_centre :	15.0
max_distances_centre :	69.0
med_distances_centre :	37.5
ecartType_distances_centre :	17.434448657758008
var_distances_centre :	303.96000000000004
covar_distances_centre :	319.95789473684215
coef_variation_distances_centre :	0.44475634331015323
capacite_X_temoin : 
163.0	154.0	153.0	163.0	166.0	
166.0	150.0	175.0	175.0	171.0	
159.0	166.0	162.0	147.0	148.0	

capacite_W_temoin : 
205.9	49.199999999999996	76.9	164.9	179.8	
198.8	87.0	69.5	121.5	209.3	
186.7	82.8	48.6	134.1	162.4	

demande_cumulee_X : 
6.0	151.0	122.0	47.0	36.0	
17.0	108.0	158.0	106.0	13.0	
20.0	133.0	162.0	57.0	30.0	

demande_cumulee_W : 
125.0	30.0	74.0	108.0	25.0	
111.0	60.0	64.0	103.0	64.0	
116.0	79.0	32.0	70.0	105.0	

capacite_residuelle_X : 
157.0	3.0	31.0	116.0	130.0	
149.0	42.0	17.0	69.0	158.0	
139.0	33.0	0.0	90.0	118.0	

capacite_residuelle_W : 
80.9	19.199999999999996	2.9000000000000057	56.900000000000006	154.8	
87.80000000000001	27.0	5.5	18.5	145.3	
70.69999999999999	3.799999999999997	16.6	64.1	57.400000000000006	

min_capacite_X : 
153.0	150.0	147.0	

min_capacite_W : 
49.199999999999996	69.5	48.6	

max_capacite_X : 
166.0	175.0	166.0	

max_capacite_W : 
205.9	209.3	186.7	

moy_capacite_X : 
159.8	167.4	156.4	

moy_capacite_W : 
135.34	137.22	122.92	

med_capacite_X : 
163.0	171.0	159.0	

med_capacite_W : 
164.9	121.5	134.1	

ecartType_capacite_X : 
5.268775948927796	9.308061022576078	7.605261336732618	

ecartType_capacite_W : 
61.097515497768	57.17130049246738	50.76342778024352	

var_capacite_X : 
27.759999999999998	86.64000000000001	57.84000000000001	

var_capacite_W : 
3732.9064000000008	3268.557600000001	2576.9255999999996	

covar_capacite_X : 
34.699999999999996	108.30000000000003	72.30000000000001	

covar_capacite_W : 
4666.133000000001	4085.697000000001	3221.1569999999997	

##########	##########	##########	##########	##########	##########	##########	##########	##########	##########	##########	##########	##########	##########	##########	##########	##########	##########	##########	##########	##########	##########	##########	##########	##########	##########	##########	##########	##########	##########	##########	##########	##########	##########	##########	##########	##########	##########	##########	##########	##########	##########	##########	##########	##########	##########	##########	##########	##########	##########	nombre de noeuds : 50
nombre de strates : 3
nombre de centres : 5
titre : fenetre
instances : p7_1
temps de calcul : 0.02492809295654297
valeur objective : 429.0
nombre de solutions : 3
nombre de noeuds : 1.0
faisability : True
moy_distances :	47.35
min_distances :	1.0
max_distances :	120.0
var_distances :	507.7547355268637
covar_distances :	507.96206698277524
ecartType_distances :	22.533413756616277
coef_variation	: 0.47592123882508514
distances_centre_x :
-1.0	49.0	38.0	10.0	16.0	41.0	27.0	-1.0	23.0	0.0	-1.0	-1.0	32.0	22.0	49.0	64.0	6.0	-1.0	23.0	-1.0	15.0	8.0	20.0	44.0	-1.0	33.0	-1.0	-1.0	52.0	-1.0	4.0	-1.0	-1.0	24.0	-1.0	13.0	-1.0	-1.0	0.0	41.0	-1.0	-1.0	60.0	-1.0	19.0	-1.0	0.0	40.0	-1.0	44.0	
0.0	49.0	38.0	10.0	41.0	26.0	27.0	-1.0	43.0	0.0	-1.0	64.0	44.0	-1.0	49.0	-1.0	-1.0	-1.0	15.0	-1.0	15.0	-1.0	20.0	-1.0	0.0	33.0	43.0	27.0	52.0	43.0	-1.0	39.0	-1.0	18.0	8.0	13.0	25.0	4.0	0.0	-1.0	30.0	9.0	60.0	-1.0	19.0	48.0	-1.0	41.0	38.0	-1.0	
0.0	49.0	-1.0	10.0	16.0	26.0	27.0	64.0	-1.0	0.0	17.0	64.0	44.0	22.0	39.0	-1.0	-1.0	24.0	15.0	15.0	-1.0	-1.0	-1.0	44.0	-1.0	-1.0	62.0	-1.0	52.0	-1.0	4.0	-1.0	7.0	-1.0	8.0	-1.0	10.0	4.0	0.0	41.0	-1.0	-1.0	60.0	72.0	19.0	48.0	-1.0	40.0	38.0	45.0	

distances_centre_w :
-1.0	67.0	44.0	13.0	50.0	50.0	44.0	-1.0	24.0	28.0	-1.0	-1.0	44.0	26.0	61.0	65.0	56.0	-1.0	63.0	-1.0	58.0	34.0	29.0	61.0	-1.0	46.0	-1.0	-1.0	58.0	-1.0	25.0	-1.0	-1.0	29.0	-1.0	15.0	-1.0	-1.0	23.0	48.0	-1.0	-1.0	65.0	-1.0	30.0	-1.0	21.0	41.0	-1.0	52.0	
23.0	67.0	38.0	13.0	50.0	41.0	44.0	-1.0	52.0	24.0	-1.0	81.0	45.0	-1.0	77.0	-1.0	-1.0	-1.0	23.0	-1.0	58.0	-1.0	29.0	-1.0	21.0	46.0	70.0	47.0	78.0	46.0	-1.0	48.0	-1.0	24.0	25.0	33.0	59.0	47.0	23.0	-1.0	32.0	22.0	65.0	-1.0	30.0	54.0	-1.0	61.0	45.0	-1.0	
23.0	67.0	-1.0	13.0	27.0	41.0	44.0	64.0	-1.0	31.0	20.0	81.0	45.0	43.0	77.0	-1.0	-1.0	66.0	23.0	46.0	-1.0	-1.0	-1.0	61.0	-1.0	-1.0	70.0	-1.0	73.0	-1.0	25.0	-1.0	16.0	-1.0	25.0	-1.0	14.0	22.0	23.0	48.0	-1.0	-1.0	65.0	75.0	30.0	78.0	-1.0	61.0	72.0	52.0	

maxX :
64.0	64.0	72.0	

maxW :
67.0	81.0	81.0	

minX :
0.0	0.0	0.0	

minW :
13.0	13.0	13.0	

moyX :
27.233333333333334	28.314285714285713	29.87878787878788	

moyW :
42.333333333333336	44.02857142857143	46.09090909090909	

medX :
23.5	27.0	26.0	

medW :
44.0	45.0	45.0	

ecartTypeX :
18.089929672487827	18.058273020690432	21.375088269543177	

ecartTypeW :
16.152055252780954	18.049908134765378	21.78596105691814	

varX :
327.24555555555554	326.1012244897959	456.8943985307623	

varW :
260.88888888888886	325.7991836734694	474.6280991735537	

covarX :
338.5298850574713	335.69243697478987	471.1723484848485	

covarW :
269.88505747126436	335.381512605042	489.4602272727273	

coef_variationX :
0.6642569035185248	0.6377795718710042	0.7153934207859278	

coef_variationW :
0.3815446122704162	0.40995897775262047	0.4726737112940819	

moy_distances_centre :	40.5
min_distances_centre :	21.0
max_distances_centre :	69.0
med_distances_centre :	37.5
ecartType_distances_centre :	17.08361788380904
var_distances_centre :	291.85
covar_distances_centre :	307.2105263157895
coef_variation_distances_centre :	0.42181772552614916
capacite_X_temoin : 
163.0	154.0	163.0	166.0	151.0	
166.0	150.0	175.0	171.0	156.0	
159.0	166.0	147.0	148.0	159.0	

capacite_W_temoin : 
180.9	110.19999999999999	151.9	179.8	51.3	
196.8	75.0	139.5	196.3	53.8	
174.7	98.8	156.1	127.4	53.699999999999996	

demande_cumulee_X : 
31.0	90.0	60.0	36.0	145.0	
19.0	120.0	88.0	26.0	149.0	
32.0	117.0	35.0	65.0	153.0	

demande_cumulee_W : 
101.0	109.0	82.0	27.0	43.0	
107.0	72.0	121.0	53.0	49.0	
129.0	61.0	116.0	54.0	42.0	

capacite_residuelle_X : 
132.0	64.0	103.0	130.0	6.0	
147.0	30.0	87.0	145.0	7.0	
127.0	49.0	112.0	83.0	6.0	

capacite_residuelle_W : 
79.9	1.1999999999999886	69.9	152.8	8.299999999999997	
89.80000000000001	3.0	18.5	143.3	4.799999999999997	
45.69999999999999	37.8	40.099999999999994	73.4	11.699999999999996	

min_capacite_X : 
151.0	150.0	147.0	

min_capacite_W : 
51.3	53.8	53.699999999999996	

max_capacite_X : 
166.0	175.0	166.0	

max_capacite_W : 
180.9	196.8	174.7	

moy_capacite_X : 
159.4	163.6	155.8	

moy_capacite_W : 
134.82	132.28	122.14000000000001	

med_capacite_X : 
163.0	166.0	159.0	

med_capacite_W : 
151.9	139.5	127.4	

ecartType_capacite_X : 
5.817215828899594	9.308061022576076	7.249827584156743	

ecartType_capacite_W : 
49.03065979568295	59.58796522788809	42.83057786208354	

var_capacite_X : 
33.839999999999996	86.64	52.56	

var_capacite_W : 
2404.0056000000004	3550.7256000000007	1834.4584000000002	

covar_capacite_X : 
42.3	108.3	65.7	

covar_capacite_W : 
3005.0070000000005	4438.407000000001	2293.0730000000003	

##########	##########	##########	##########	##########	##########	##########	##########	##########	##########	##########	##########	##########	##########	##########	##########	##########	##########	##########	##########	##########	##########	##########	##########	##########	##########	##########	##########	##########	##########	##########	##########	##########	##########	##########	##########	##########	##########	##########	##########	##########	##########	##########	##########	##########	##########	##########	##########	##########	##########	nombre de noeuds : 50
nombre de strates : 3
nombre de centres : 5
titre : fenetre
instances : p7_1
temps de calcul : 0.024482011795043945
valeur objective : 393.0
nombre de solutions : 3
nombre de noeuds : 1.0
faisability : True
moy_distances :	47.35
min_distances :	1.0
max_distances :	120.0
var_distances :	507.7547355268637
covar_distances :	507.96206698277524
ecartType_distances :	22.533413756616277
coef_variation	: 0.47592123882508514
distances_centre_x :
-1.0	30.0	25.0	13.0	27.0	2.0	17.0	-1.0	23.0	0.0	-1.0	-1.0	32.0	12.0	32.0	63.0	17.0	-1.0	15.0	-1.0	15.0	8.0	27.0	44.0	-1.0	9.0	-1.0	-1.0	52.0	-1.0	4.0	-1.0	-1.0	18.0	-1.0	15.0	-1.0	-1.0	0.0	41.0	-1.0	-1.0	55.0	-1.0	19.0	-1.0	0.0	40.0	-1.0	44.0	
23.0	30.0	25.0	13.0	16.0	2.0	17.0	-1.0	24.0	0.0	-1.0	45.0	32.0	-1.0	32.0	-1.0	-1.0	-1.0	15.0	-1.0	15.0	-1.0	27.0	-1.0	0.0	9.0	43.0	27.0	52.0	36.0	-1.0	0.0	-1.0	18.0	8.0	15.0	10.0	4.0	0.0	-1.0	20.0	18.0	55.0	-1.0	19.0	48.0	-1.0	40.0	36.0	-1.0	
23.0	30.0	-1.0	10.0	16.0	2.0	17.0	26.0	-1.0	0.0	20.0	45.0	44.0	12.0	32.0	-1.0	-1.0	8.0	16.0	7.0	-1.0	-1.0	-1.0	44.0	-1.0	-1.0	43.0	-1.0	52.0	-1.0	4.0	-1.0	7.0	-1.0	8.0	-1.0	10.0	22.0	0.0	41.0	-1.0	-1.0	55.0	72.0	19.0	48.0	-1.0	40.0	36.0	44.0	

distances_centre_w :
-1.0	49.0	38.0	22.0	43.0	41.0	27.0	-1.0	24.0	24.0	-1.0	-1.0	44.0	26.0	49.0	64.0	33.0	-1.0	23.0	-1.0	34.0	24.0	41.0	61.0	-1.0	33.0	-1.0	-1.0	63.0	-1.0	25.0	-1.0	-1.0	29.0	-1.0	37.0	-1.0	-1.0	44.0	41.0	-1.0	-1.0	60.0	-1.0	35.0	-1.0	21.0	41.0	-1.0	45.0	
28.0	49.0	38.0	64.0	27.0	26.0	27.0	-1.0	62.0	24.0	-1.0	64.0	44.0	-1.0	49.0	-1.0	-1.0	-1.0	16.0	-1.0	34.0	-1.0	29.0	-1.0	21.0	33.0	52.0	50.0	63.0	43.0	-1.0	24.0	-1.0	29.0	25.0	61.0	33.0	22.0	44.0	-1.0	30.0	22.0	60.0	-1.0	35.0	54.0	-1.0	44.0	45.0	-1.0	
28.0	49.0	-1.0	33.0	27.0	41.0	27.0	45.0	-1.0	24.0	25.0	64.0	63.0	43.0	61.0	-1.0	-1.0	13.0	39.0	15.0	-1.0	-1.0	-1.0	61.0	-1.0	-1.0	70.0	-1.0	58.0	-1.0	25.0	-1.0	62.0	-1.0	17.0	-1.0	14.0	32.0	44.0	41.0	-1.0	-1.0	65.0	75.0	49.0	54.0	-1.0	41.0	38.0	75.0	

maxX :
63.0	55.0	72.0	

maxW :
64.0	64.0	75.0	

minX :
0.0	0.0	0.0	

minW :
21.0	16.0	13.0	

moyX :
23.3	22.114285714285714	25.848484848484848	

moyW :
38.03333333333333	39.17142857142857	42.96969696969697	

medX :
18.5	19.0	22.0	

medW :
37.5	35.0	41.0	

ecartTypeX :
16.872363991648196	15.289158490477453	18.416266216056922	

ecartTypeW :
12.499288868660578	14.313800961281519	18.052926982499134	

varX :
284.6766666666667	233.75836734693877	339.15886134067955	

varW :
156.23222222222225	204.88489795918372	325.90817263544534	

covarX :
294.4931034482759	240.63361344537813	349.7575757575757	

covarW :
161.61954022988508	210.91092436974793	336.092803030303	

coef_variationX :
0.7241357936329698	0.6913702159776626	0.712469853610643	

coef_variationW :
0.32864037340913005	0.3654143206745829	0.4201315870398247	

moy_distances_centre :	46.0
min_distances_centre :	21.0
max_distances_centre :	92.0
med_distances_centre :	41.5
ecartType_distances_centre :	22.369622258768697
var_distances_centre :	500.4
covar_distances_centre :	526.7368421052631
coef_variation_distances_centre :	0.48629613606018907
capacite_X_temoin : 
154.0	163.0	150.0	166.0	151.0	
150.0	175.0	169.0	171.0	156.0	
166.0	147.0	145.0	148.0	159.0	

capacite_W_temoin : 
87.19999999999999	161.9	97.0	186.8	124.3	
60.0	155.5	79.69999999999999	202.3	167.8	
85.8	173.1	82.5	143.4	107.69999999999999	

demande_cumulee_X : 
113.0	50.0	98.0	29.0	72.0	
135.0	72.0	140.0	20.0	35.0	
130.0	18.0	106.0	49.0	99.0	

demande_cumulee_W : 
83.0	75.0	32.0	50.0	122.0	
57.0	17.0	68.0	93.0	167.0	
85.0	148.0	16.0	50.0	103.0	

capacite_residuelle_X : 
41.0	113.0	52.0	137.0	79.0	
15.0	103.0	29.0	151.0	121.0	
36.0	129.0	39.0	99.0	60.0	

capacite_residuelle_W : 
4.199999999999989	86.9	65.0	136.8	2.299999999999997	
3.0	138.5	11.699999999999989	109.30000000000001	0.8000000000000114	
0.7999999999999972	25.099999999999994	66.5	93.4	4.699999999999989	

min_capacite_X : 
150.0	150.0	145.0	

min_capacite_W : 
87.19999999999999	60.0	82.5	

max_capacite_X : 
166.0	175.0	166.0	

max_capacite_W : 
186.8	202.3	173.1	

moy_capacite_X : 
156.8	164.2	153.0	

moy_capacite_W : 
131.44	133.06	118.5	

med_capacite_X : 
154.0	169.0	148.0	

med_capacite_W : 
124.3	155.5	107.69999999999999	

ecartType_capacite_X : 
6.49307323229917	9.53729521405309	8.12403840463596	

ecartType_capacite_W : 
37.91256256176837	54.202678900585724	34.88008027513698	

var_capacite_X : 
42.16	90.96	66.0	

var_capacite_W : 
1437.3624000000004	2937.9304000000006	1216.6200000000001	

covar_capacite_X : 
52.699999999999996	113.69999999999999	82.5	

covar_capacite_W : 
1796.7030000000007	3672.413000000001	1520.775	

##########	##########	##########	##########	##########	##########	##########	##########	##########	##########	##########	##########	##########	##########	##########	##########	##########	##########	##########	##########	##########	##########	##########	##########	##########	##########	##########	##########	##########	##########	##########	##########	##########	##########	##########	##########	##########	##########	##########	##########	##########	##########	##########	##########	##########	##########	##########	##########	##########	##########	nombre de noeuds : 50
nombre de strates : 3
nombre de centres : 5
titre : fenetre
instances : p7_1
temps de calcul : 0.024528026580810547
valeur objective : 342.0
nombre de solutions : 3
nombre de noeuds : 1.0
faisability : True
moy_distances :	47.35
min_distances :	1.0
max_distances :	120.0
var_distances :	507.7547355268637
covar_distances :	507.96206698277524
ecartType_distances :	22.533413756616277
coef_variation	: 0.47592123882508514
distances_centre_x :
-1.0	23.0	25.0	10.0	16.0	2.0	0.0	-1.0	23.0	0.0	-1.0	-1.0	32.0	12.0	15.0	46.0	17.0	-1.0	16.0	-1.0	34.0	8.0	20.0	21.0	-1.0	9.0	-1.0	-1.0	46.0	-1.0	4.0	-1.0	-1.0	18.0	-1.0	15.0	-1.0	-1.0	0.0	41.0	-1.0	-1.0	39.0	-1.0	30.0	-1.0	24.0	28.0	-1.0	44.0	
23.0	23.0	25.0	10.0	35.0	2.0	0.0	-1.0	23.0	0.0	-1.0	37.0	32.0	-1.0	15.0	-1.0	-1.0	-1.0	15.0	-1.0	34.0	-1.0	20.0	-1.0	21.0	9.0	43.0	27.0	46.0	36.0	-1.0	0.0	-1.0	18.0	23.0	33.0	10.0	4.0	0.0	-1.0	20.0	9.0	39.0	-1.0	30.0	48.0	-1.0	28.0	19.0	-1.0	
23.0	23.0	-1.0	10.0	16.0	2.0	0.0	26.0	-1.0	0.0	20.0	37.0	32.0	12.0	15.0	-1.0	-1.0	8.0	15.0	7.0	-1.0	-1.0	-1.0	21.0	-1.0	-1.0	43.0	-1.0	46.0	-1.0	4.0	-1.0	7.0	-1.0	8.0	-1.0	10.0	4.0	0.0	41.0	-1.0	-1.0	39.0	58.0	30.0	48.0	-1.0	28.0	19.0	44.0	

distances_centre_w :
-1.0	30.0	38.0	22.0	27.0	26.0	17.0	-1.0	23.0	24.0	-1.0	-1.0	49.0	28.0	32.0	63.0	56.0	-1.0	28.0	-1.0	46.0	24.0	29.0	39.0	-1.0	24.0	-1.0	-1.0	52.0	-1.0	20.0	-1.0	-1.0	41.0	-1.0	33.0	-1.0	-1.0	44.0	41.0	-1.0	-1.0	60.0	-1.0	35.0	-1.0	27.0	40.0	-1.0	45.0	
28.0	30.0	38.0	22.0	50.0	18.0	17.0	-1.0	23.0	48.0	-1.0	45.0	44.0	-1.0	32.0	-1.0	-1.0	-1.0	16.0	-1.0	47.0	-1.0	29.0	-1.0	31.0	24.0	45.0	39.0	52.0	43.0	-1.0	17.0	-1.0	29.0	32.0	37.0	14.0	22.0	44.0	-1.0	30.0	18.0	55.0	-1.0	35.0	54.0	-1.0	40.0	36.0	-1.0	
28.0	30.0	-1.0	33.0	27.0	18.0	17.0	45.0	-1.0	24.0	49.0	64.0	44.0	28.0	32.0	-1.0	-1.0	24.0	16.0	23.0	-1.0	-1.0	-1.0	38.0	-1.0	-1.0	45.0	-1.0	52.0	-1.0	23.0	-1.0	63.0	-1.0	17.0	-1.0	31.0	22.0	44.0	41.0	-1.0	-1.0	65.0	72.0	35.0	54.0	-1.0	40.0	36.0	45.0	

maxX :
46.0	48.0	58.0	

maxW :
63.0	55.0	72.0	

minX :
0.0	0.0	0.0	

minW :
17.0	14.0	16.0	

moyX :
20.6	21.62857142857143	21.09090909090909	

moyW :
35.43333333333333	33.82857142857143	37.121212121212125	

medX :
19.0	23.0	19.0	

medW :
32.5	32.0	35.0	

ecartTypeX :
13.646977687385586	13.615297518989891	15.970358217579095	

ecartTypeW :
12.054551929550192	11.780093897966093	14.911369621376421	

varX :
186.24000000000004	185.37632653061226	255.05234159779613	

varW :
145.31222222222223	138.770612244898	222.3489439853076	

covarX :
192.6620689655172	190.82857142857142	263.02272727272725	

covarW :
150.32298850574713	142.85210084033613	229.29734848484847	

coef_variationX :
0.6624746450187178	0.6295051693060055	0.7572152603162502	

coef_variationW :
0.3402037233175031	0.34822912705136255	0.4016940387799362	

moy_distances_centre :	47.4
min_distances_centre :	17.0
max_distances_centre :	92.0
med_distances_centre :	44.0
ecartType_distances_centre :	25.223798286538845
var_distances_centre :	636.24
covar_distances_centre :	669.7263157894736
coef_variation_distances_centre :	0.532147643175925
capacite_X_temoin : 
154.0	154.0	150.0	166.0	151.0	
166.0	150.0	169.0	171.0	156.0	
144.0	166.0	145.0	148.0	159.0	

capacite_W_temoin : 
79.19999999999999	84.19999999999999	164.0	186.8	131.3	
89.8	94.0	177.7	198.3	93.8	
65.19999999999999	120.8	171.5	130.4	100.69999999999999	

demande_cumulee_X : 
121.0	116.0	31.0	29.0	65.0	
126.0	101.0	42.0	24.0	109.0	
122.0	95.0	17.0	62.0	106.0	

demande_cumulee_W : 
38.0	76.0	96.0	29.0	123.0	
42.0	78.0	158.0	51.0	73.0	
56.0	116.0	116.0	41.0	73.0	

capacite_residuelle_X : 
33.0	38.0	119.0	137.0	86.0	
40.0	49.0	127.0	147.0	47.0	
22.0	71.0	128.0	86.0	53.0	

capacite_residuelle_W : 
41.19999999999999	8.199999999999989	68.0	157.8	8.300000000000011	
47.8	16.0	19.69999999999999	147.3	20.799999999999997	
9.199999999999989	4.799999999999997	55.5	89.4	27.69999999999999	

min_capacite_X : 
150.0	150.0	144.0	

min_capacite_W : 
79.19999999999999	89.8	65.19999999999999	

max_capacite_X : 
166.0	171.0	166.0	

max_capacite_W : 
186.8	198.3	171.5	

moy_capacite_X : 
155.0	162.4	152.4	

moy_capacite_W : 
129.1	130.71999999999997	117.71999999999998	

med_capacite_X : 
154.0	166.0	148.0	

med_capacite_W : 
131.3	94.0	120.8	

ecartType_capacite_X : 
5.727128425310541	8.06473806146238	8.639444426582072	

ecartType_capacite_W : 
42.56327055102792	47.24419117732888	34.958798606359466	

var_capacite_X : 
32.8	65.03999999999999	74.64000000000001	

var_capacite_W : 
1811.6320000000007	2232.0136	1222.1176000000007	

covar_capacite_X : 
41.0	81.3	93.30000000000001	

covar_capacite_W : 
2264.540000000001	2790.0170000000003	1527.6470000000008	

##########	##########	##########	##########	##########	##########	##########	##########	##########	##########	##########	##########	##########	##########	##########	##########	##########	##########	##########	##########	##########	##########	##########	##########	##########	##########	##########	##########	##########	##########	##########	##########	##########	##########	##########	##########	##########	##########	##########	##########	##########	##########	##########	##########	##########	##########	##########	##########	##########	##########	nombre de noeuds : 50
nombre de strates : 3
nombre de centres : 5
titre : fenetre
instances : p7_1
temps de calcul : 0.02175116539001465
valeur objective : 360.0
nombre de solutions : 3
nombre de noeuds : 1.0
faisability : True
moy_distances :	47.35
min_distances :	1.0
max_distances :	120.0
var_distances :	507.7547355268637
covar_distances :	507.96206698277524
ecartType_distances :	22.533413756616277
coef_variation	: 0.47592123882508514
distances_centre_x :
-1.0	23.0	25.0	10.0	35.0	2.0	0.0	-1.0	22.0	0.0	-1.0	-1.0	32.0	12.0	15.0	46.0	33.0	-1.0	13.0	-1.0	34.0	8.0	27.0	21.0	-1.0	9.0	-1.0	-1.0	46.0	-1.0	0.0	-1.0	-1.0	18.0	-1.0	15.0	-1.0	-1.0	44.0	41.0	-1.0	-1.0	39.0	-1.0	30.0	-1.0	0.0	28.0	-1.0	44.0	
28.0	23.0	25.0	10.0	16.0	2.0	0.0	-1.0	22.0	0.0	-1.0	37.0	32.0	-1.0	15.0	-1.0	-1.0	-1.0	13.0	-1.0	34.0	-1.0	15.0	-1.0	21.0	9.0	43.0	27.0	46.0	43.0	-1.0	0.0	-1.0	18.0	8.0	15.0	10.0	4.0	44.0	-1.0	20.0	7.0	39.0	-1.0	30.0	48.0	-1.0	38.0	19.0	-1.0	
28.0	23.0	-1.0	10.0	16.0	2.0	0.0	20.0	-1.0	0.0	25.0	37.0	32.0	12.0	15.0	-1.0	-1.0	8.0	13.0	7.0	-1.0	-1.0	-1.0	21.0	-1.0	-1.0	43.0	-1.0	46.0	-1.0	0.0	-1.0	39.0	-1.0	8.0	-1.0	13.0	4.0	44.0	41.0	-1.0	-1.0	39.0	58.0	30.0	48.0	-1.0	28.0	36.0	44.0	

distances_centre_w :
-1.0	30.0	44.0	14.0	44.0	26.0	17.0	-1.0	23.0	27.0	-1.0	-1.0	49.0	28.0	32.0	62.0	56.0	-1.0	16.0	-1.0	58.0	24.0	29.0	44.0	-1.0	24.0	-1.0	-1.0	52.0	-1.0	4.0	-1.0	-1.0	44.0	-1.0	37.0	-1.0	-1.0	68.0	59.0	-1.0	-1.0	55.0	-1.0	31.0	-1.0	27.0	41.0	-1.0	61.0	
50.0	30.0	62.0	14.0	44.0	22.0	17.0	-1.0	24.0	48.0	-1.0	45.0	49.0	-1.0	39.0	-1.0	-1.0	-1.0	15.0	-1.0	58.0	-1.0	17.0	-1.0	48.0	57.0	45.0	39.0	52.0	63.0	-1.0	17.0	-1.0	41.0	32.0	37.0	13.0	22.0	68.0	-1.0	28.0	26.0	57.0	-1.0	31.0	60.0	-1.0	44.0	45.0	-1.0	
50.0	30.0	-1.0	14.0	44.0	18.0	17.0	26.0	-1.0	24.0	52.0	60.0	49.0	28.0	32.0	-1.0	-1.0	12.0	15.0	34.0	-1.0	-1.0	-1.0	44.0	-1.0	-1.0	45.0	-1.0	52.0	-1.0	4.0	-1.0	67.0	-1.0	32.0	-1.0	31.0	22.0	68.0	59.0	-1.0	-1.0	55.0	72.0	31.0	60.0	-1.0	38.0	45.0	61.0	

maxX :
46.0	48.0	58.0	

maxW :
68.0	68.0	72.0	

minX :
0.0	0.0	0.0	

minW :
4.0	13.0	4.0	

moyX :
22.4	21.742857142857144	23.939393939393938	

moyW :
37.53333333333333	38.82857142857143	39.121212121212125	

medX :
22.5	20.0	23.0	

medW :
34.5	41.0	38.0	

ecartTypeX :
14.804503819221141	14.25551092864562	16.262877217462666	

ecartTypeW :
16.241373778785533	15.792377391433797	17.950702823680622	

varX :
219.17333333333335	203.2195918367347	264.4811753902663	

varW :
263.78222222222223	249.39918367346934	322.22773186409546	

covarX :
226.73103448275864	209.19663865546218	272.7462121212121	

covarW :
272.8781609195403	256.7344537815126	332.29734848484844	

coef_variationX :
0.6609153490723724	0.6556411070993386	0.679335377438314	

coef_variationW :
0.43271866195698583	0.40672053620322507	0.45884832934272696	

moy_distances_centre :	25.8
min_distances_centre :	4.0
max_distances_centre :	48.0
med_distances_centre :	24.0
ecartType_distances_centre :	11.948221624995076
var_distances_centre :	142.76
covar_distances_centre :	150.27368421052628
coef_variation_distances_centre :	0.46310936530988667
capacite_X_temoin : 
154.0	154.0	163.0	150.0	151.0	
166.0	150.0	144.0	169.0	156.0	
144.0	166.0	157.0	145.0	159.0	

capacite_W_temoin : 
93.19999999999999	76.19999999999999	173.9	171.0	127.3	
119.8	68.0	135.2	177.7	117.8	
77.19999999999999	58.8	171.1	159.5	133.7	

demande_cumulee_X : 
107.0	124.0	38.0	24.0	69.0	
96.0	127.0	52.0	42.0	85.0	
110.0	157.0	33.0	29.0	73.0	

demande_cumulee_W : 
64.0	34.0	72.0	68.0	124.0	
91.0	59.0	85.0	72.0	95.0	
75.0	50.0	87.0	67.0	123.0	

capacite_residuelle_X : 
47.0	30.0	125.0	126.0	82.0	
70.0	23.0	92.0	127.0	71.0	
34.0	9.0	124.0	116.0	86.0	

capacite_residuelle_W : 
29.19999999999999	42.19999999999999	101.9	103.0	3.299999999999997	
28.799999999999997	9.0	50.19999999999999	105.69999999999999	22.799999999999997	
2.1999999999999886	8.799999999999997	84.1	92.5	10.699999999999989	

min_capacite_X : 
150.0	144.0	144.0	

min_capacite_W : 
76.19999999999999	68.0	58.8	

max_capacite_X : 
163.0	169.0	166.0	

max_capacite_W : 
173.9	177.7	171.1	

moy_capacite_X : 
154.4	157.0	154.2	

moy_capacite_W : 
128.32	123.7	120.05999999999999	

med_capacite_X : 
154.0	156.0	157.0	

med_capacite_W : 
127.3	119.8	133.7	

ecartType_capacite_X : 
4.586937976471886	9.423375191511797	8.471127433818948	

ecartType_capacite_W : 
39.6233971284644	35.215791912152135	44.57894570310069	

var_capacite_X : 
21.04	88.8	71.76	

var_capacite_W : 
1570.0136000000007	1240.1519999999998	1987.2824	

covar_capacite_X : 
26.299999999999997	111.0	89.7	

covar_capacite_W : 
1962.5170000000007	1550.1899999999998	2484.103	

##########	##########	##########	##########	##########	##########	##########	##########	##########	##########	##########	##########	##########	##########	##########	##########	##########	##########	##########	##########	##########	##########	##########	##########	##########	##########	##########	##########	##########	##########	##########	##########	##########	##########	##########	##########	##########	##########	##########	##########	##########	##########	##########	##########	##########	##########	##########	##########	##########	##########	