nombre de noeuds : 50
nombre de strates : 5
nombre de centres : 5
titre : intelligent
instances : p7_2
temps de calcul : 0.03891301155090332
valeur objective : 509.0
nombre de solutions : 3
nombre de noeuds : 1.0
faisability : True
moy_distances :	47.35
min_distances :	1.0
max_distances :	120.0
var_distances :	507.7547355268637
covar_distances :	507.96206698277524
ecartType_distances :	22.533413756616277
coef_variation	: 0.47592123882508514
distances_centre_x :
-1.0	-1.0	25.0	13.0	25.0	-1.0	-1.0	20.0	-1.0	0.0	25.0	-1.0	-1.0	12.0	-1.0	25.0	33.0	12.0	6.0	12.0	-1.0	-1.0	-1.0	-1.0	0.0	24.0	17.0	-1.0	18.0	43.0	-1.0	-1.0	39.0	18.0	23.0	15.0	14.0	31.0	44.0	38.0	-1.0	0.0	24.0	34.0	19.0	32.0	9.0	-1.0	11.0	38.0	
28.0	23.0	-1.0	13.0	-1.0	-1.0	0.0	-1.0	18.0	0.0	25.0	37.0	29.0	12.0	-1.0	-1.0	-1.0	12.0	6.0	12.0	15.0	-1.0	-1.0	-1.0	0.0	-1.0	17.0	20.0	18.0	-1.0	-1.0	17.0	-1.0	-1.0	3.0	-1.0	14.0	-1.0	44.0	38.0	-1.0	0.0	-1.0	-1.0	19.0	-1.0	9.0	0.0	-1.0	38.0	
28.0	23.0	-1.0	13.0	-1.0	-1.0	-1.0	20.0	-1.0	0.0	25.0	-1.0	29.0	12.0	15.0	-1.0	33.0	12.0	6.0	12.0	15.0	-1.0	15.0	8.0	-1.0	-1.0	-1.0	20.0	18.0	-1.0	7.0	-1.0	-1.0	18.0	3.0	-1.0	14.0	4.0	-1.0	38.0	21.0	0.0	-1.0	-1.0	19.0	-1.0	9.0	0.0	-1.0	38.0	
28.0	-1.0	25.0	13.0	-1.0	18.0	0.0	20.0	18.0	-1.0	25.0	-1.0	29.0	12.0	-1.0	-1.0	-1.0	12.0	6.0	12.0	-1.0	8.0	-1.0	8.0	0.0	24.0	-1.0	-1.0	18.0	-1.0	7.0	17.0	-1.0	-1.0	3.0	-1.0	-1.0	4.0	-1.0	38.0	21.0	0.0	-1.0	-1.0	19.0	-1.0	9.0	0.0	-1.0	38.0	
28.0	23.0	25.0	13.0	-1.0	-1.0	0.0	-1.0	18.0	0.0	-1.0	37.0	29.0	12.0	15.0	-1.0	33.0	12.0	6.0	12.0	-1.0	-1.0	15.0	8.0	0.0	24.0	17.0	-1.0	-1.0	-1.0	7.0	17.0	39.0	18.0	3.0	-1.0	-1.0	-1.0	-1.0	38.0	-1.0	0.0	-1.0	-1.0	19.0	-1.0	9.0	0.0	11.0	38.0	

distances_centre_w :
-1.0	-1.0	32.0	14.0	35.0	-1.0	-1.0	41.0	-1.0	31.0	53.0	-1.0	-1.0	26.0	-1.0	46.0	53.0	13.0	23.0	15.0	-1.0	-1.0	-1.0	-1.0	22.0	46.0	43.0	-1.0	46.0	45.0	-1.0	-1.0	62.0	43.0	25.0	59.0	19.0	40.0	69.0	41.0	-1.0	22.0	39.0	58.0	24.0	48.0	21.0	-1.0	19.0	63.0	
47.0	42.0	-1.0	37.0	-1.0	-1.0	26.0	-1.0	23.0	31.0	53.0	51.0	32.0	26.0	-1.0	-1.0	-1.0	13.0	23.0	15.0	32.0	-1.0	-1.0	-1.0	22.0	-1.0	43.0	27.0	52.0	-1.0	-1.0	18.0	-1.0	-1.0	23.0	-1.0	36.0	-1.0	69.0	41.0	-1.0	33.0	-1.0	-1.0	24.0	-1.0	21.0	28.0	-1.0	44.0	
47.0	42.0	-1.0	14.0	-1.0	-1.0	-1.0	41.0	-1.0	31.0	53.0	-1.0	32.0	26.0	18.0	-1.0	53.0	13.0	39.0	34.0	32.0	-1.0	21.0	21.0	-1.0	-1.0	-1.0	27.0	46.0	-1.0	23.0	-1.0	-1.0	43.0	23.0	-1.0	19.0	31.0	-1.0	41.0	32.0	22.0	-1.0	-1.0	24.0	-1.0	21.0	41.0	-1.0	44.0	
47.0	-1.0	32.0	48.0	-1.0	20.0	26.0	41.0	30.0	-1.0	53.0	-1.0	52.0	35.0	-1.0	-1.0	-1.0	13.0	39.0	15.0	-1.0	36.0	-1.0	21.0	22.0	46.0	-1.0	-1.0	46.0	-1.0	27.0	18.0	-1.0	-1.0	32.0	-1.0	-1.0	40.0	-1.0	41.0	32.0	22.0	-1.0	-1.0	24.0	-1.0	21.0	28.0	-1.0	44.0	
47.0	42.0	52.0	14.0	-1.0	-1.0	26.0	-1.0	23.0	31.0	-1.0	51.0	32.0	26.0	18.0	-1.0	53.0	13.0	23.0	15.0	-1.0	-1.0	29.0	43.0	22.0	26.0	43.0	-1.0	-1.0	-1.0	23.0	39.0	62.0	43.0	23.0	-1.0	-1.0	-1.0	-1.0	41.0	-1.0	22.0	-1.0	-1.0	24.0	-1.0	21.0	28.0	19.0	44.0	

maxX :
44.0	44.0	38.0	38.0	39.0	

maxW :
69.0	69.0	53.0	53.0	62.0	

minX :
0.0	0.0	0.0	0.0	0.0	

minW :
13.0	13.0	13.0	13.0	13.0	

moyX :
21.181818181818183	16.678571428571427	15.833333333333334	14.89655172413793	16.4375	

moyW :
37.45454545454545	33.285714285714285	31.8	32.793103448275865	31.8125	

medX :
20.0	16.0	15.0	13.0	15.0	

medW :
40.0	31.5	31.5	32.0	27.0	

ecartTypeX :
12.006196747120985	12.418458529338412	10.347570836782042	10.645850179315323	11.955483835880504	

ecartTypeW :
15.509705483577946	12.991362907873894	11.202380699357317	11.32095801461205	12.802435071110496	

varX :
144.1487603305785	154.21811224489798	107.07222222222221	113.3341260404281	142.93359375	

varW :
240.5509641873278	168.77551020408163	125.49333333333334	128.16409036860878	163.90234375	

covarX :
148.6534090909091	159.92989417989418	110.76436781609192	117.3817733990148	147.54435483870967	

covarW :
248.06818181818184	175.02645502645504	129.82068965517243	132.7413793103448	169.18951612903226	

coef_variationX :
0.56681615544348	0.7445756719945944	0.6535307896914974	0.7146519796299639	0.727329815110601	

coef_variationW :
0.41409407844504226	0.3902984564597307	0.35227612262129926	0.34522374597660294	0.4024341083256737	

moy_distances_centre :	37.9
min_distances_centre :	22.0
max_distances_centre :	61.0
med_distances_centre :	37.0
ecartType_distances_centre :	11.388151737661383
var_distances_centre :	129.69
covar_distances_centre :	136.51578947368418
coef_variation_distances_centre :	0.3004789376691658
capacite_X_temoin : 
177.0	163.0	153.0	177.0	172.0	
156.0	171.0	163.0	168.0	159.0	
163.0	177.0	163.0	144.0	177.0	
166.0	154.0	162.0	172.0	139.0	
163.0	156.0	168.0	159.0	154.0	

capacite_W_temoin : 
213.1	126.9	145.9	139.1	79.6	
162.8	163.3	138.9	134.4	81.69999999999999	
178.9	156.1	159.9	73.19999999999999	134.1	
167.8	138.2	156.6	113.6	88.69999999999999	
146.9	131.8	165.4	111.69999999999999	80.19999999999999	

demande_cumulee_X : 
17.0	85.0	53.0	91.0	144.0	
40.0	59.0	73.0	84.0	125.0	
33.0	74.0	52.0	114.0	96.0	
48.0	62.0	54.0	110.0	92.0	
65.0	71.0	53.0	95.0	120.0	

demande_cumulee_W : 
102.0	53.0	138.0	64.0	33.0	
43.0	112.0	116.0	84.0	26.0	
46.0	87.0	113.0	70.0	53.0	
47.0	60.0	120.0	103.0	36.0	
69.0	72.0	134.0	89.0	40.0	

capacite_residuelle_X : 
160.0	78.0	100.0	86.0	28.0	
116.0	112.0	90.0	84.0	34.0	
130.0	103.0	111.0	30.0	81.0	
118.0	92.0	108.0	62.0	47.0	
98.0	85.0	115.0	64.0	34.0	

capacite_residuelle_W : 
111.1	73.9	7.900000000000006	75.1	46.599999999999994	
119.80000000000001	51.30000000000001	22.900000000000006	50.400000000000006	55.69999999999999	
132.9	69.1	46.900000000000006	3.1999999999999886	81.1	
120.80000000000001	78.19999999999999	36.599999999999994	10.599999999999994	52.69999999999999	
77.9	59.80000000000001	31.400000000000006	22.69999999999999	40.19999999999999	

min_capacite_X : 
153.0	156.0	144.0	139.0	154.0	

min_capacite_W : 
79.6	81.69999999999999	73.19999999999999	88.69999999999999	80.19999999999999	

max_capacite_X : 
177.0	171.0	177.0	172.0	168.0	

max_capacite_W : 
213.1	163.3	178.9	167.8	165.4	

moy_capacite_X : 
168.4	163.4	164.8	158.6	160.0	

moy_capacite_W : 
140.92000000000002	136.21999999999997	140.44	132.98000000000002	127.2	

med_capacite_X : 
172.0	163.0	163.0	162.0	159.0	

med_capacite_W : 
139.1	138.9	156.1	138.2	131.8	

ecartType_capacite_X : 
9.243376006633074	5.535341001239218	12.139192724394814	11.412274094149685	5.019960159204453	

ecartType_capacite_W : 
42.88302228155101	29.741378582708645	36.50893589246338	28.753740626221145	29.386187231418784	

var_capacite_X : 
85.44000000000001	30.639999999999997	147.35999999999999	130.24	25.2	

var_capacite_W : 
1838.9536	884.5496000000005	1332.9024000000004	826.7776000000003	863.5480000000003	

covar_capacite_X : 
106.80000000000001	38.3	184.2	162.8	31.5	

covar_capacite_W : 
2298.692	1105.6870000000006	1666.1280000000004	1033.4720000000004	1079.4350000000004	

##########	##########	##########	##########	##########	##########	##########	##########	##########	##########	##########	##########	##########	##########	##########	##########	##########	##########	##########	##########	##########	##########	##########	##########	##########	##########	##########	##########	##########	##########	##########	##########	##########	##########	##########	##########	##########	##########	##########	##########	##########	##########	##########	##########	##########	##########	##########	##########	##########	##########	nombre de noeuds : 50
nombre de strates : 5
nombre de centres : 5
titre : intelligent
instances : p7_2
temps de calcul : 0.040361881256103516
valeur objective : 537.0
nombre de solutions : 3
nombre de noeuds : 1.0
faisability : True
moy_distances :	47.35
min_distances :	1.0
max_distances :	120.0
var_distances :	507.7547355268637
covar_distances :	507.96206698277524
ecartType_distances :	22.533413756616277
coef_variation	: 0.47592123882508514
distances_centre_x :
-1.0	-1.0	25.0	14.0	25.0	-1.0	-1.0	20.0	-1.0	0.0	25.0	-1.0	-1.0	12.0	-1.0	25.0	33.0	12.0	6.0	12.0	-1.0	-1.0	-1.0	-1.0	22.0	24.0	17.0	-1.0	18.0	43.0	-1.0	-1.0	39.0	18.0	3.0	15.0	14.0	4.0	44.0	38.0	-1.0	0.0	24.0	34.0	24.0	32.0	9.0	-1.0	0.0	38.0	
28.0	23.0	-1.0	14.0	-1.0	-1.0	0.0	-1.0	18.0	0.0	25.0	40.0	29.0	12.0	-1.0	-1.0	-1.0	12.0	6.0	12.0	32.0	-1.0	-1.0	-1.0	22.0	-1.0	17.0	20.0	18.0	-1.0	-1.0	17.0	-1.0	-1.0	3.0	-1.0	19.0	-1.0	44.0	38.0	-1.0	0.0	-1.0	-1.0	24.0	-1.0	9.0	0.0	-1.0	38.0	
28.0	23.0	-1.0	22.0	-1.0	-1.0	-1.0	20.0	-1.0	0.0	25.0	-1.0	29.0	12.0	7.0	-1.0	33.0	12.0	6.0	12.0	32.0	-1.0	15.0	8.0	-1.0	-1.0	-1.0	20.0	18.0	-1.0	23.0	-1.0	-1.0	18.0	3.0	-1.0	14.0	4.0	-1.0	38.0	21.0	0.0	-1.0	-1.0	24.0	-1.0	9.0	0.0	-1.0	38.0	
28.0	-1.0	25.0	14.0	-1.0	18.0	0.0	20.0	18.0	-1.0	25.0	-1.0	29.0	12.0	-1.0	-1.0	-1.0	12.0	6.0	12.0	-1.0	33.0	-1.0	3.0	22.0	26.0	-1.0	-1.0	18.0	-1.0	7.0	17.0	-1.0	-1.0	3.0	-1.0	-1.0	4.0	-1.0	38.0	21.0	0.0	-1.0	-1.0	24.0	-1.0	9.0	0.0	-1.0	38.0	
28.0	23.0	25.0	14.0	-1.0	-1.0	0.0	-1.0	18.0	0.0	-1.0	37.0	29.0	12.0	7.0	-1.0	33.0	12.0	6.0	12.0	-1.0	-1.0	15.0	3.0	22.0	24.0	17.0	-1.0	-1.0	-1.0	23.0	36.0	39.0	18.0	3.0	-1.0	-1.0	-1.0	-1.0	38.0	-1.0	0.0	-1.0	-1.0	24.0	-1.0	9.0	0.0	0.0	38.0	

distances_centre_w :
-1.0	-1.0	53.0	22.0	30.0	-1.0	-1.0	29.0	-1.0	33.0	61.0	-1.0	-1.0	35.0	-1.0	27.0	64.0	24.0	28.0	23.0	-1.0	-1.0	-1.0	-1.0	31.0	26.0	28.0	-1.0	27.0	45.0	-1.0	-1.0	70.0	43.0	42.0	45.0	19.0	37.0	71.0	41.0	-1.0	26.0	63.0	39.0	49.0	43.0	24.0	-1.0	11.0	49.0	
58.0	31.0	-1.0	22.0	-1.0	-1.0	19.0	-1.0	30.0	45.0	53.0	51.0	32.0	35.0	-1.0	-1.0	-1.0	24.0	44.0	44.0	46.0	-1.0	-1.0	-1.0	31.0	-1.0	28.0	27.0	27.0	-1.0	-1.0	18.0	-1.0	-1.0	23.0	-1.0	36.0	-1.0	71.0	63.0	-1.0	33.0	-1.0	-1.0	49.0	-1.0	24.0	11.0	-1.0	44.0	
58.0	31.0	-1.0	37.0	-1.0	-1.0	-1.0	29.0	-1.0	33.0	53.0	-1.0	32.0	35.0	15.0	-1.0	64.0	24.0	28.0	34.0	46.0	-1.0	21.0	21.0	-1.0	-1.0	-1.0	41.0	27.0	-1.0	27.0	-1.0	-1.0	43.0	23.0	-1.0	37.0	31.0	-1.0	41.0	36.0	26.0	-1.0	-1.0	49.0	-1.0	24.0	11.0	-1.0	44.0	
58.0	-1.0	32.0	37.0	-1.0	20.0	44.0	29.0	20.0	-1.0	53.0	-1.0	52.0	52.0	-1.0	-1.0	-1.0	24.0	28.0	23.0	-1.0	38.0	-1.0	21.0	31.0	43.0	-1.0	-1.0	46.0	-1.0	27.0	36.0	-1.0	-1.0	23.0	-1.0	-1.0	31.0	-1.0	41.0	36.0	26.0	-1.0	-1.0	49.0	-1.0	24.0	11.0	-1.0	44.0	
58.0	31.0	52.0	37.0	-1.0	-1.0	19.0	-1.0	20.0	33.0	-1.0	51.0	52.0	35.0	15.0	-1.0	64.0	24.0	44.0	23.0	-1.0	-1.0	21.0	8.0	31.0	43.0	28.0	-1.0	-1.0	-1.0	27.0	44.0	70.0	43.0	23.0	-1.0	-1.0	-1.0	-1.0	41.0	-1.0	26.0	-1.0	-1.0	49.0	-1.0	24.0	11.0	11.0	44.0	

maxX :
44.0	44.0	38.0	38.0	39.0	

maxW :
71.0	71.0	64.0	58.0	70.0	

minX :
0.0	0.0	0.0	0.0	0.0	

minW :
11.0	11.0	11.0	11.0	8.0	

moyX :
20.272727272727273	18.571428571428573	17.133333333333333	16.620689655172413	17.65625	

moyW :
38.121212121212125	36.392857142857146	34.03333333333333	34.44827586206897	34.4375	

medX :
20.0	18.0	18.0	18.0	17.5	

medW :
35.0	32.5	32.5	32.0	32.0	

ecartTypeX :
12.480949670726007	12.494080230906416	10.892607074933387	10.996594435530854	12.630838687019164	

ecartTypeW :
15.08110914608792	14.291204302233007	11.97631922680012	11.801771365866056	15.55622363396721	

varX :
155.77410468319562	156.10204081632654	118.64888888888889	120.92508917954814	159.5380859375	

varW :
227.4398530762167	204.23852040816323	143.43222222222224	139.28180737217596	241.99609375	

covarX :
160.64204545454547	161.88359788359787	122.74022988505746	125.243842364532	164.68447580645162	

covarW :
234.54734848484847	211.80291005291005	148.37816091954025	144.25615763546796	249.8024193548387	

coef_variationX :
0.6156522259102515	0.6727581662795762	0.6357552767470849	0.661620827034014	0.7153749344860412	

coef_variationW :
0.3956093814156608	0.3926925617885419	0.35189968345152167	0.3425939635736893	0.45172337231120757	

moy_distances_centre :	33.3
min_distances_centre :	11.0
max_distances_centre :	45.0
med_distances_centre :	37.0
ecartType_distances_centre :	11.35825690852254
var_distances_centre :	129.01000000000002
covar_distances_centre :	135.8
coef_variation_distances_centre :	0.3410887960517279
capacite_X_temoin : 
177.0	163.0	177.0	172.0	156.0	
156.0	171.0	168.0	159.0	175.0	
163.0	177.0	144.0	177.0	135.0	
166.0	154.0	172.0	139.0	157.0	
163.0	156.0	159.0	154.0	177.0	

capacite_W_temoin : 
216.1	119.9	90.1	97.6	184.8	
165.8	173.3	51.4	81.69999999999999	224.5	
181.9	144.1	43.199999999999996	134.1	162.5	
175.8	152.2	51.6	78.69999999999999	200.1	
149.9	131.8	69.69999999999999	104.19999999999999	192.1	

demande_cumulee_X : 
14.0	92.0	140.0	126.0	18.0	
37.0	49.0	167.0	125.0	3.0	
30.0	86.0	144.0	96.0	13.0	
40.0	48.0	172.0	102.0	4.0	
62.0	71.0	137.0	96.0	38.0	

demande_cumulee_W : 
47.0	111.0	66.0	57.0	109.0	
42.0	152.0	40.0	26.0	121.0	
123.0	126.0	43.0	23.0	54.0	
135.0	141.0	31.0	17.0	42.0	
85.0	126.0	39.0	56.0	98.0	

capacite_residuelle_X : 
163.0	71.0	37.0	46.0	138.0	
119.0	122.0	1.0	34.0	172.0	
133.0	91.0	0.0	81.0	122.0	
126.0	106.0	0.0	37.0	153.0	
101.0	85.0	22.0	58.0	139.0	

capacite_residuelle_W : 
169.1	8.900000000000006	24.099999999999994	40.599999999999994	75.80000000000001	
123.80000000000001	21.30000000000001	11.399999999999999	55.69999999999999	103.5	
58.900000000000006	18.099999999999994	0.19999999999999574	111.1	108.5	
40.80000000000001	11.199999999999989	20.6	61.69999999999999	158.1	
64.9	5.800000000000011	30.69999999999999	48.19999999999999	94.1	

min_capacite_X : 
156.0	156.0	135.0	139.0	154.0	

min_capacite_W : 
90.1	51.4	43.199999999999996	51.6	69.69999999999999	

max_capacite_X : 
177.0	175.0	177.0	172.0	177.0	

max_capacite_W : 
216.1	224.5	181.9	200.1	192.1	

moy_capacite_X : 
169.0	165.8	159.2	157.6	161.8	

moy_capacite_W : 
141.7	139.34	133.16	131.68	129.54000000000002	

med_capacite_X : 
172.0	168.0	163.0	157.0	159.0	

med_capacite_W : 
119.9	165.8	144.1	152.2	131.8	

ecartType_capacite_X : 
8.270429251254134	7.194442299441979	17.116074316267735	11.288932633336069	8.182909018191513	

ecartType_capacite_W : 
49.95113612321546	63.50031810943943	47.85350979813289	57.041437569542374	41.36745580767568	

var_capacite_X : 
68.4	51.75999999999999	292.96	127.44000000000001	66.96	

var_capacite_W : 
2495.1160000000004	4032.290400000001	2289.9584000000004	3253.7256	1711.2664000000004	

covar_capacite_X : 
85.5	64.69999999999999	366.2	159.3	83.69999999999999	

covar_capacite_W : 
3118.8950000000004	5040.363000000001	2862.4480000000003	4067.157	2139.0830000000005	

##########	##########	##########	##########	##########	##########	##########	##########	##########	##########	##########	##########	##########	##########	##########	##########	##########	##########	##########	##########	##########	##########	##########	##########	##########	##########	##########	##########	##########	##########	##########	##########	##########	##########	##########	##########	##########	##########	##########	##########	##########	##########	##########	##########	##########	##########	##########	##########	##########	##########	nombre de noeuds : 50
nombre de strates : 5
nombre de centres : 5
titre : intelligent
instances : p7_2
temps de calcul : 0.044899940490722656
valeur objective : 441.0
nombre de solutions : 3
nombre de noeuds : 1.0
faisability : True
moy_distances :	47.35
min_distances :	1.0
max_distances :	120.0
var_distances :	507.7547355268637
covar_distances :	507.96206698277524
ecartType_distances :	22.533413756616277
coef_variation	: 0.47592123882508514
distances_centre_x :
-1.0	-1.0	15.0	14.0	25.0	-1.0	-1.0	29.0	-1.0	0.0	25.0	-1.0	-1.0	12.0	-1.0	25.0	33.0	12.0	6.0	12.0	-1.0	-1.0	-1.0	-1.0	22.0	26.0	17.0	-1.0	18.0	7.0	-1.0	-1.0	39.0	18.0	3.0	15.0	14.0	40.0	41.0	0.0	-1.0	0.0	22.0	34.0	24.0	13.0	9.0	-1.0	0.0	4.0	
28.0	31.0	-1.0	14.0	-1.0	-1.0	19.0	-1.0	18.0	0.0	25.0	40.0	11.0	12.0	-1.0	-1.0	-1.0	12.0	6.0	12.0	32.0	-1.0	-1.0	-1.0	22.0	-1.0	17.0	20.0	18.0	-1.0	-1.0	18.0	-1.0	-1.0	3.0	-1.0	14.0	-1.0	41.0	0.0	-1.0	0.0	-1.0	-1.0	24.0	-1.0	9.0	0.0	-1.0	4.0	
28.0	31.0	-1.0	14.0	-1.0	-1.0	-1.0	29.0	-1.0	0.0	31.0	-1.0	11.0	12.0	7.0	-1.0	33.0	12.0	6.0	23.0	32.0	-1.0	18.0	3.0	-1.0	-1.0	-1.0	20.0	18.0	-1.0	27.0	-1.0	-1.0	18.0	3.0	-1.0	14.0	4.0	-1.0	0.0	21.0	0.0	-1.0	-1.0	24.0	-1.0	9.0	0.0	-1.0	4.0	
28.0	-1.0	15.0	14.0	-1.0	20.0	19.0	29.0	18.0	-1.0	25.0	-1.0	11.0	12.0	-1.0	-1.0	-1.0	12.0	6.0	23.0	-1.0	8.0	-1.0	8.0	22.0	26.0	-1.0	-1.0	18.0	-1.0	7.0	18.0	-1.0	-1.0	3.0	-1.0	-1.0	4.0	-1.0	0.0	21.0	0.0	-1.0	-1.0	24.0	-1.0	9.0	0.0	-1.0	4.0	
28.0	31.0	15.0	14.0	-1.0	-1.0	19.0	-1.0	18.0	0.0	-1.0	40.0	11.0	12.0	7.0	-1.0	33.0	12.0	6.0	12.0	-1.0	-1.0	18.0	3.0	22.0	26.0	17.0	-1.0	-1.0	-1.0	7.0	18.0	39.0	18.0	3.0	-1.0	-1.0	-1.0	-1.0	0.0	-1.0	0.0	-1.0	-1.0	24.0	-1.0	9.0	0.0	0.0	4.0	

distances_centre_w :
-1.0	-1.0	25.0	22.0	32.0	-1.0	-1.0	41.0	-1.0	33.0	31.0	-1.0	-1.0	35.0	-1.0	27.0	47.0	24.0	39.0	23.0	-1.0	-1.0	-1.0	-1.0	31.0	43.0	24.0	-1.0	27.0	43.0	-1.0	-1.0	44.0	27.0	32.0	45.0	19.0	41.0	44.0	38.0	-1.0	33.0	24.0	39.0	49.0	32.0	40.0	-1.0	11.0	38.0	
48.0	46.0	-1.0	22.0	-1.0	-1.0	26.0	-1.0	20.0	41.0	31.0	51.0	32.0	35.0	-1.0	-1.0	-1.0	24.0	39.0	23.0	46.0	-1.0	-1.0	-1.0	31.0	-1.0	24.0	30.0	33.0	-1.0	-1.0	48.0	-1.0	-1.0	32.0	-1.0	50.0	-1.0	44.0	38.0	-1.0	41.0	-1.0	-1.0	49.0	-1.0	24.0	38.0	-1.0	38.0	
48.0	42.0	-1.0	22.0	-1.0	-1.0	-1.0	41.0	-1.0	33.0	53.0	-1.0	29.0	35.0	49.0	-1.0	47.0	24.0	39.0	44.0	46.0	-1.0	21.0	43.0	-1.0	-1.0	-1.0	22.0	27.0	-1.0	38.0	-1.0	-1.0	27.0	32.0	-1.0	19.0	31.0	-1.0	38.0	53.0	33.0	-1.0	-1.0	49.0	-1.0	38.0	11.0	-1.0	38.0	
48.0	-1.0	32.0	22.0	-1.0	46.0	26.0	41.0	20.0	-1.0	31.0	-1.0	29.0	35.0	-1.0	-1.0	-1.0	24.0	39.0	44.0	-1.0	36.0	-1.0	43.0	31.0	43.0	-1.0	-1.0	27.0	-1.0	27.0	36.0	-1.0	-1.0	42.0	-1.0	-1.0	31.0	-1.0	38.0	53.0	41.0	-1.0	-1.0	49.0	-1.0	24.0	38.0	-1.0	38.0	
48.0	42.0	32.0	22.0	-1.0	-1.0	26.0	-1.0	20.0	33.0	-1.0	51.0	29.0	35.0	18.0	-1.0	47.0	46.0	39.0	23.0	-1.0	-1.0	21.0	44.0	31.0	43.0	24.0	-1.0	-1.0	-1.0	38.0	36.0	44.0	27.0	32.0	-1.0	-1.0	-1.0	-1.0	38.0	-1.0	33.0	-1.0	-1.0	49.0	-1.0	24.0	11.0	11.0	38.0	

maxX :
41.0	41.0	33.0	29.0	40.0	

maxW :
49.0	51.0	53.0	53.0	51.0	

minX :
0.0	0.0	0.0	0.0	0.0	

minW :
11.0	20.0	11.0	20.0	11.0	

moyX :
17.393939393939394	16.071428571428573	15.066666666666666	13.931034482758621	14.5625	

moyW :
33.42424242424242	35.857142857142854	35.733333333333334	35.6551724137931	32.96875	

medX :
15.0	15.5	14.0	14.0	13.0	

medW :
33.0	36.5	38.0	36.0	33.0	

ecartTypeX :
11.76780248773178	11.357592084556641	10.822610077466937	8.760928286836206	11.283110996086142	

ecartTypeW :
8.981564630617417	9.43668482085543	10.683112322206899	8.530981517969	10.771734931639378	

varX :
138.4811753902663	128.99489795918367	117.12888888888888	76.7538644470868	127.30859375	

varW :
80.66850321395776	89.05102040816328	114.1288888888889	72.77764565992867	116.0302734375	

covarX :
142.80871212121212	133.77248677248676	121.16781609195401	79.49507389162561	131.41532258064515	

covarW :
83.18939393939394	92.34920634920637	118.06436781609196	75.3768472906404	119.77318548387096	

coef_variationX :
0.6765461360542661	0.7066946185946353	0.7183148281504604	0.6288785156392326	0.7748059053106364	

coef_variationW :
0.2687140823303488	0.26317447707564945	0.29896769558414826	0.2392635048559971	0.32672560930091005	

moy_distances_centre :	41.3
min_distances_centre :	11.0
max_distances_centre :	68.0
med_distances_centre :	41.0
ecartType_distances_centre :	13.468852957843144
var_distances_centre :	181.41
covar_distances_centre :	190.9578947368421
coef_variation_distances_centre :	0.3261223476475338
capacite_X_temoin : 
163.0	177.0	177.0	172.0	156.0	
171.0	159.0	168.0	159.0	175.0	
177.0	157.0	144.0	177.0	135.0	
154.0	151.0	172.0	139.0	157.0	
156.0	153.0	159.0	154.0	177.0	

capacite_W_temoin : 
141.9	158.1	81.1	155.6	171.8	
169.3	149.7	59.4	132.7	189.5	
138.1	145.1	46.199999999999996	190.1	138.5	
132.2	138.3	51.6	137.7	179.1	
139.8	138.9	48.699999999999996	156.2	151.1	

demande_cumulee_X : 
70.0	72.0	149.0	68.0	31.0	
53.0	57.0	159.0	74.0	38.0	
92.0	59.0	141.0	40.0	37.0	
68.0	58.0	172.0	43.0	25.0	
63.0	60.0	158.0	44.0	79.0	

demande_cumulee_W : 
137.0	55.0	35.0	99.0	64.0	
163.0	86.0	48.0	42.0	42.0	
136.0	41.0	44.0	89.0	59.0	
132.0	45.0	44.0	79.0	66.0	
119.0	56.0	48.0	122.0	59.0	

capacite_residuelle_X : 
93.0	105.0	28.0	104.0	125.0	
118.0	102.0	9.0	85.0	137.0	
85.0	98.0	3.0	137.0	98.0	
86.0	93.0	0.0	96.0	132.0	
93.0	93.0	1.0	110.0	98.0	

capacite_residuelle_W : 
4.900000000000006	103.1	46.099999999999994	56.599999999999994	107.80000000000001	
6.300000000000011	63.69999999999999	11.399999999999999	90.69999999999999	147.5	
2.0999999999999943	104.1	2.1999999999999957	101.1	79.5	
0.19999999999998863	93.30000000000001	7.600000000000001	58.69999999999999	113.1	
20.80000000000001	82.9	0.6999999999999957	34.19999999999999	92.1	

min_capacite_X : 
156.0	159.0	135.0	139.0	153.0	

min_capacite_W : 
81.1	59.4	46.199999999999996	51.6	48.699999999999996	

max_capacite_X : 
177.0	175.0	177.0	172.0	177.0	

max_capacite_W : 
171.8	189.5	190.1	179.1	156.2	

moy_capacite_X : 
169.0	166.4	158.0	154.6	159.8	

moy_capacite_W : 
141.7	140.11999999999998	131.6	127.78	126.94000000000001	

med_capacite_X : 
172.0	168.0	157.0	154.0	156.0	

med_capacite_W : 
155.6	149.7	138.5	137.7	139.8	

ecartType_capacite_X : 
8.270429251254134	6.437390775772433	17.017637908946117	10.63202708800161	8.840814442120138	

ecartType_capacite_W : 
31.750842508506764	44.61481368334961	46.87754259770877	41.631113364886126	39.673094157123664	

var_capacite_X : 
68.4	41.44	289.6	113.03999999999999	78.16	

var_capacite_W : 
1008.1160000000002	1990.4815999999998	2197.504	1733.1496	1573.9543999999999	

covar_capacite_X : 
85.5	51.8	362.0	141.29999999999998	97.7	

covar_capacite_W : 
1260.1450000000002	2488.102	2746.88	2166.437	1967.4429999999998	

##########	##########	##########	##########	##########	##########	##########	##########	##########	##########	##########	##########	##########	##########	##########	##########	##########	##########	##########	##########	##########	##########	##########	##########	##########	##########	##########	##########	##########	##########	##########	##########	##########	##########	##########	##########	##########	##########	##########	##########	##########	##########	##########	##########	##########	##########	##########	##########	##########	##########	nombre de noeuds : 50
nombre de strates : 5
nombre de centres : 5
titre : intelligent
instances : p7_2
temps de calcul : 0.040994882583618164
valeur objective : 433.0
nombre de solutions : 3
nombre de noeuds : 1.0
faisability : True
moy_distances :	47.35
min_distances :	1.0
max_distances :	120.0
var_distances :	507.7547355268637
covar_distances :	507.96206698277524
ecartType_distances :	22.533413756616277
coef_variation	: 0.47592123882508514
distances_centre_x :
-1.0	-1.0	14.0	14.0	25.0	-1.0	-1.0	29.0	-1.0	0.0	10.0	-1.0	-1.0	24.0	-1.0	25.0	25.0	12.0	6.0	12.0	-1.0	-1.0	-1.0	-1.0	22.0	26.0	17.0	-1.0	18.0	27.0	-1.0	-1.0	27.0	0.0	3.0	15.0	14.0	31.0	29.0	27.0	-1.0	0.0	22.0	34.0	24.0	32.0	9.0	-1.0	0.0	30.0	
24.0	31.0	-1.0	14.0	-1.0	-1.0	19.0	-1.0	18.0	18.0	10.0	40.0	21.0	12.0	-1.0	-1.0	-1.0	12.0	6.0	12.0	32.0	-1.0	-1.0	-1.0	22.0	-1.0	17.0	20.0	18.0	-1.0	-1.0	18.0	-1.0	-1.0	3.0	-1.0	14.0	-1.0	29.0	27.0	-1.0	0.0	-1.0	-1.0	24.0	-1.0	9.0	0.0	-1.0	30.0	
24.0	31.0	-1.0	22.0	-1.0	-1.0	-1.0	29.0	-1.0	0.0	10.0	-1.0	21.0	12.0	7.0	-1.0	25.0	12.0	6.0	23.0	32.0	-1.0	18.0	8.0	-1.0	-1.0	-1.0	20.0	18.0	-1.0	7.0	-1.0	-1.0	0.0	3.0	-1.0	14.0	4.0	-1.0	27.0	21.0	0.0	-1.0	-1.0	24.0	-1.0	9.0	0.0	-1.0	30.0	
24.0	-1.0	14.0	14.0	-1.0	20.0	19.0	29.0	18.0	-1.0	10.0	-1.0	21.0	12.0	-1.0	-1.0	-1.0	24.0	6.0	12.0	-1.0	8.0	-1.0	3.0	22.0	26.0	-1.0	-1.0	18.0	-1.0	7.0	18.0	-1.0	-1.0	3.0	-1.0	-1.0	4.0	-1.0	27.0	21.0	0.0	-1.0	-1.0	24.0	-1.0	9.0	0.0	-1.0	30.0	
24.0	31.0	14.0	14.0	-1.0	-1.0	19.0	-1.0	18.0	0.0	-1.0	40.0	21.0	12.0	7.0	-1.0	25.0	12.0	6.0	12.0	-1.0	-1.0	18.0	3.0	22.0	26.0	17.0	-1.0	-1.0	-1.0	7.0	18.0	27.0	0.0	3.0	-1.0	-1.0	-1.0	-1.0	27.0	-1.0	0.0	-1.0	-1.0	24.0	-1.0	9.0	0.0	0.0	30.0	

distances_centre_w :
-1.0	-1.0	25.0	48.0	30.0	-1.0	-1.0	41.0	-1.0	18.0	25.0	-1.0	-1.0	35.0	-1.0	27.0	33.0	24.0	39.0	23.0	-1.0	-1.0	-1.0	-1.0	31.0	43.0	28.0	-1.0	27.0	43.0	-1.0	-1.0	39.0	18.0	32.0	18.0	19.0	41.0	44.0	38.0	-1.0	33.0	24.0	39.0	49.0	37.0	24.0	-1.0	11.0	38.0	
28.0	42.0	-1.0	22.0	-1.0	-1.0	26.0	-1.0	33.0	45.0	25.0	51.0	29.0	24.0	-1.0	-1.0	-1.0	24.0	39.0	23.0	46.0	-1.0	-1.0	-1.0	31.0	-1.0	28.0	23.0	49.0	-1.0	-1.0	36.0	-1.0	-1.0	32.0	-1.0	31.0	-1.0	44.0	38.0	-1.0	33.0	-1.0	-1.0	49.0	-1.0	24.0	41.0	-1.0	38.0	
28.0	46.0	-1.0	47.0	-1.0	-1.0	-1.0	41.0	-1.0	18.0	25.0	-1.0	29.0	24.0	18.0	-1.0	33.0	46.0	50.0	41.0	46.0	-1.0	21.0	43.0	-1.0	-1.0	-1.0	23.0	27.0	-1.0	38.0	-1.0	-1.0	18.0	42.0	-1.0	31.0	19.0	-1.0	38.0	53.0	33.0	-1.0	-1.0	49.0	-1.0	24.0	41.0	-1.0	38.0	
28.0	-1.0	42.0	40.0	-1.0	37.0	26.0	41.0	33.0	-1.0	25.0	-1.0	32.0	24.0	-1.0	-1.0	-1.0	42.0	39.0	44.0	-1.0	18.0	-1.0	8.0	31.0	43.0	-1.0	-1.0	52.0	-1.0	38.0	36.0	-1.0	-1.0	37.0	-1.0	-1.0	19.0	-1.0	38.0	53.0	33.0	-1.0	-1.0	49.0	-1.0	40.0	41.0	-1.0	38.0	
28.0	42.0	25.0	22.0	-1.0	-1.0	26.0	-1.0	33.0	18.0	-1.0	51.0	29.0	24.0	18.0	-1.0	33.0	24.0	44.0	23.0	-1.0	-1.0	21.0	8.0	31.0	43.0	28.0	-1.0	-1.0	-1.0	35.0	36.0	39.0	18.0	49.0	-1.0	-1.0	-1.0	-1.0	38.0	-1.0	33.0	-1.0	-1.0	49.0	-1.0	24.0	45.0	11.0	38.0	

maxX :
34.0	40.0	32.0	30.0	40.0	

maxW :
49.0	51.0	53.0	53.0	51.0	

minX :
0.0	0.0	0.0	0.0	0.0	

minW :
11.0	22.0	18.0	8.0	8.0	

moyX :
18.272727272727273	17.857142857142858	15.233333333333333	15.275862068965518	15.1875	

moyW :
31.636363636363637	34.07142857142857	34.333333333333336	35.41379310344828	30.8125	

medX :
22.0	18.0	16.0	18.0	15.5	

medW :
32.0	32.5	35.5	38.0	30.0	

ecartTypeX :
10.302317265879166	9.635182130809856	10.167540946014867	8.807898303948518	10.599049190847262	

ecartTypeW :
9.508586810903914	8.923998829114716	10.746575681996982	9.963786987366179	10.901368893400498	

varX :
106.13774104683196	92.83673469387755	103.37888888888891	77.57907253269917	112.33984375	

varW :
90.41322314049586	79.63775510204083	115.48888888888888	99.2770511296076	118.83984375	

covarX :
109.45454545454545	96.27513227513228	106.94367816091956	80.34975369458128	115.96370967741935	

covarW :
93.23863636363636	82.5873015873016	119.47126436781609	102.82266009852214	122.67338709677419	

coef_variationX :
0.5638084075854269	0.5395701993253519	0.667453453786534	0.5765892794909865	0.6978797821134	

coef_variationW :
0.3005587785055835	0.2619203010641636	0.3130070586989412	0.28135328396652304	0.3537969620576227	

moy_distances_centre :	37.8
min_distances_centre :	11.0
max_distances_centre :	51.0
med_distances_centre :	42.0
ecartType_distances_centre :	12.679116688476372
var_distances_centre :	160.76000000000002
covar_distances_centre :	169.22105263157897
coef_variation_distances_centre :	0.33542636742000986
capacite_X_temoin : 
163.0	157.0	177.0	172.0	156.0	
171.0	148.0	168.0	159.0	175.0	
177.0	153.0	144.0	177.0	135.0	
154.0	172.0	172.0	139.0	157.0	
156.0	157.0	159.0	154.0	177.0	

capacite_W_temoin : 
184.9	110.1	74.1	141.6	171.8	
199.3	105.4	59.4	132.7	189.5	
163.1	112.9	48.199999999999996	186.1	142.5	
144.2	146.6	58.6	141.7	175.1	
178.8	105.1	48.699999999999996	156.2	151.1	

demande_cumulee_X : 
27.0	94.0	156.0	82.0	31.0	
23.0	87.0	159.0	74.0	38.0	
67.0	86.0	139.0	44.0	33.0	
56.0	77.0	165.0	39.0	29.0	
24.0	99.0	158.0	44.0	79.0	

demande_cumulee_W : 
174.0	30.0	23.0	79.0	84.0	
194.0	64.0	22.0	67.0	34.0	
139.0	69.0	16.0	95.0	50.0	
139.0	85.0	20.0	72.0	50.0	
172.0	43.0	35.0	107.0	47.0	

capacite_residuelle_X : 
136.0	63.0	21.0	90.0	125.0	
148.0	61.0	9.0	85.0	137.0	
110.0	67.0	5.0	133.0	102.0	
98.0	95.0	7.0	100.0	128.0	
132.0	58.0	1.0	110.0	98.0	

capacite_residuelle_W : 
10.900000000000006	80.1	51.099999999999994	62.599999999999994	87.80000000000001	
5.300000000000011	41.400000000000006	37.4	65.69999999999999	155.5	
24.099999999999994	43.900000000000006	32.199999999999996	91.1	92.5	
5.199999999999989	61.599999999999994	38.6	69.69999999999999	125.1	
6.800000000000011	62.099999999999994	13.699999999999996	49.19999999999999	104.1	

min_capacite_X : 
156.0	148.0	135.0	139.0	154.0	

min_capacite_W : 
74.1	59.4	48.199999999999996	58.6	48.699999999999996	

max_capacite_X : 
177.0	175.0	177.0	172.0	177.0	

max_capacite_W : 
184.9	199.3	186.1	175.1	178.8	

moy_capacite_X : 
165.0	164.2	157.2	158.8	160.6	

moy_capacite_W : 
136.5	137.26	130.56	133.23999999999998	127.97999999999999	

med_capacite_X : 
163.0	168.0	153.0	157.0	157.0	

med_capacite_W : 
141.6	132.7	142.5	144.2	151.1	

ecartType_capacite_X : 
8.270429251254134	9.66229786334493	17.13942822850284	12.383860464330175	8.357032966310472	

ecartType_capacite_W : 
40.51019624736469	52.29916251719524	47.70985642401369	39.22645025999676	46.308504618482345	

var_capacite_X : 
68.4	93.36000000000001	293.76	153.35999999999999	69.84	

var_capacite_W : 
1641.0760000000002	2735.2024	2276.2304	1538.7144	2144.4776000000006	

covar_capacite_X : 
85.5	116.70000000000002	367.2	191.7	87.30000000000001	

covar_capacite_W : 
2051.3450000000003	3419.003	2845.288	1923.393	2680.5970000000007	

##########	##########	##########	##########	##########	##########	##########	##########	##########	##########	##########	##########	##########	##########	##########	##########	##########	##########	##########	##########	##########	##########	##########	##########	##########	##########	##########	##########	##########	##########	##########	##########	##########	##########	##########	##########	##########	##########	##########	##########	##########	##########	##########	##########	##########	##########	##########	##########	##########	##########	nombre de noeuds : 50
nombre de strates : 5
nombre de centres : 5
titre : intelligent
instances : p7_2
temps de calcul : 0.03947114944458008
valeur objective : 530.0
nombre de solutions : 3
nombre de noeuds : 1.0
faisability : True
moy_distances :	47.35
min_distances :	1.0
max_distances :	120.0
var_distances :	507.7547355268637
covar_distances :	507.96206698277524
ecartType_distances :	22.533413756616277
coef_variation	: 0.47592123882508514
distances_centre_x :
-1.0	-1.0	36.0	14.0	25.0	-1.0	-1.0	29.0	-1.0	0.0	25.0	-1.0	-1.0	12.0	-1.0	25.0	33.0	12.0	6.0	12.0	-1.0	-1.0	-1.0	-1.0	22.0	26.0	17.0	-1.0	18.0	43.0	-1.0	-1.0	39.0	40.0	3.0	15.0	14.0	31.0	44.0	38.0	-1.0	0.0	22.0	34.0	24.0	32.0	9.0	-1.0	0.0	44.0	
28.0	38.0	-1.0	14.0	-1.0	-1.0	15.0	-1.0	8.0	0.0	25.0	40.0	29.0	12.0	-1.0	-1.0	-1.0	12.0	6.0	12.0	32.0	-1.0	-1.0	-1.0	22.0	-1.0	17.0	20.0	18.0	-1.0	-1.0	18.0	-1.0	-1.0	3.0	-1.0	14.0	-1.0	44.0	38.0	-1.0	0.0	-1.0	-1.0	24.0	-1.0	9.0	0.0	-1.0	38.0	
28.0	31.0	-1.0	14.0	-1.0	-1.0	-1.0	35.0	-1.0	0.0	25.0	-1.0	29.0	12.0	7.0	-1.0	33.0	12.0	6.0	12.0	32.0	-1.0	0.0	3.0	-1.0	-1.0	-1.0	20.0	18.0	-1.0	17.0	-1.0	-1.0	18.0	32.0	-1.0	14.0	4.0	-1.0	38.0	21.0	24.0	-1.0	-1.0	24.0	-1.0	9.0	0.0	-1.0	38.0	
28.0	-1.0	32.0	14.0	-1.0	29.0	15.0	29.0	8.0	-1.0	25.0	-1.0	29.0	12.0	-1.0	-1.0	-1.0	12.0	29.0	12.0	-1.0	8.0	-1.0	3.0	22.0	26.0	-1.0	-1.0	18.0	-1.0	7.0	18.0	-1.0	-1.0	3.0	-1.0	-1.0	4.0	-1.0	38.0	21.0	0.0	-1.0	-1.0	24.0	-1.0	9.0	0.0	-1.0	38.0	
28.0	31.0	25.0	14.0	-1.0	-1.0	15.0	-1.0	8.0	0.0	-1.0	40.0	29.0	12.0	7.0	-1.0	33.0	12.0	6.0	12.0	-1.0	-1.0	0.0	3.0	22.0	36.0	17.0	-1.0	-1.0	-1.0	27.0	18.0	39.0	18.0	3.0	-1.0	-1.0	-1.0	-1.0	38.0	-1.0	0.0	-1.0	-1.0	24.0	-1.0	9.0	0.0	0.0	38.0	

distances_centre_w :
-1.0	-1.0	53.0	29.0	30.0	-1.0	-1.0	35.0	-1.0	29.0	50.0	-1.0	-1.0	53.0	-1.0	27.0	62.0	24.0	39.0	23.0	-1.0	-1.0	-1.0	-1.0	31.0	36.0	58.0	-1.0	63.0	45.0	-1.0	-1.0	70.0	51.0	21.0	45.0	19.0	41.0	70.0	41.0	-1.0	24.0	40.0	39.0	49.0	48.0	20.0	-1.0	11.0	50.0	
57.0	42.0	-1.0	29.0	-1.0	-1.0	44.0	-1.0	30.0	29.0	50.0	61.0	32.0	35.0	-1.0	-1.0	-1.0	24.0	29.0	23.0	46.0	-1.0	-1.0	-1.0	31.0	-1.0	58.0	30.0	27.0	-1.0	-1.0	27.0	-1.0	-1.0	21.0	-1.0	19.0	-1.0	70.0	41.0	-1.0	24.0	-1.0	-1.0	70.0	-1.0	20.0	21.0	-1.0	44.0	
58.0	38.0	-1.0	22.0	-1.0	-1.0	-1.0	41.0	-1.0	33.0	53.0	-1.0	57.0	56.0	40.0	-1.0	62.0	24.0	44.0	23.0	46.0	-1.0	18.0	19.0	-1.0	-1.0	-1.0	27.0	27.0	-1.0	27.0	-1.0	-1.0	40.0	37.0	-1.0	19.0	25.0	-1.0	41.0	42.0	33.0	-1.0	-1.0	49.0	-1.0	20.0	11.0	-1.0	44.0	
57.0	-1.0	36.0	29.0	-1.0	37.0	28.0	41.0	24.0	-1.0	50.0	-1.0	32.0	39.0	-1.0	-1.0	-1.0	24.0	39.0	23.0	-1.0	33.0	-1.0	8.0	31.0	36.0	-1.0	-1.0	27.0	-1.0	27.0	27.0	-1.0	-1.0	21.0	-1.0	-1.0	25.0	-1.0	41.0	42.0	24.0	-1.0	-1.0	49.0	-1.0	20.0	11.0	-1.0	49.0	
57.0	38.0	36.0	22.0	-1.0	-1.0	44.0	-1.0	18.0	45.0	-1.0	51.0	40.0	35.0	21.0	-1.0	62.0	27.0	50.0	23.0	-1.0	-1.0	18.0	8.0	31.0	43.0	28.0	-1.0	-1.0	-1.0	35.0	36.0	67.0	43.0	21.0	-1.0	-1.0	-1.0	-1.0	41.0	-1.0	24.0	-1.0	-1.0	49.0	-1.0	20.0	11.0	11.0	50.0	

maxX :
44.0	44.0	38.0	38.0	40.0	

maxW :
70.0	70.0	62.0	57.0	67.0	

minX :
0.0	0.0	0.0	0.0	0.0	

minW :
11.0	19.0	11.0	8.0	8.0	

moyX :
22.545454545454547	19.142857142857142	18.533333333333335	17.689655172413794	17.625	

moyW :
40.18181818181818	36.92857142857143	35.86666666666667	32.06896551724138	34.53125	

medX :
24.0	17.5	18.0	18.0	16.0	

medW :
40.0	30.5	37.5	31.0	35.5	

ecartTypeX :
13.214067134986635	12.701839815313274	11.692542732680327	11.111049015548511	13.099976145016448	

ecartTypeW :
15.046301358573233	14.87790444976464	13.519697564007199	11.218614563436471	14.949883726554532	

varX :
174.6115702479339	161.33673469387756	136.71555555555554	123.45541022592153	171.609375	

varW :
226.39118457300273	221.3520408163265	182.7822222222222	125.85731272294888	223.4990234375	

covarX :
180.0681818181818	167.31216931216932	141.42988505747124	127.86453201970443	177.14516129032256	

covarW :
233.4659090909091	229.5502645502645	189.08505747126438	130.35221674876846	230.7086693548387	

coef_variationX :
0.5861078164711814	0.6635289455760666	0.6308925934899456	0.628109983335101	0.7432610578732737	

coef_variationW :
0.37445546367489946	0.4028832926435299	0.376943240632171	0.34982776595662113	0.43293780927578734	

moy_distances_centre :	30.8
min_distances_centre :	11.0
max_distances_centre :	45.0
med_distances_centre :	31.0
ecartType_distances_centre :	11.478675881825394
var_distances_centre :	131.76
covar_distances_centre :	138.69473684210527
coef_variation_distances_centre :	0.37268428187744784
capacite_X_temoin : 
163.0	171.0	177.0	172.0	156.0	
171.0	138.0	168.0	159.0	175.0	
177.0	135.0	144.0	177.0	135.0	
154.0	162.0	172.0	139.0	157.0	
156.0	145.0	159.0	154.0	177.0	

capacite_W_temoin : 
130.9	203.3	74.1	120.6	171.8	
163.3	130.4	59.4	95.69999999999999	224.5	
153.1	141.5	50.199999999999996	138.1	146.5	
147.2	152.6	59.6	98.69999999999999	195.1	
120.8	137.5	67.69999999999999	120.19999999999999	178.1	

demande_cumulee_X : 
81.0	19.0	156.0	103.0	31.0	
59.0	49.0	159.0	111.0	3.0	
77.0	34.0	137.0	92.0	29.0	
53.0	58.0	164.0	82.0	9.0	
82.0	51.0	139.0	80.0	52.0	

demande_cumulee_W : 
126.0	127.0	40.0	43.0	54.0	
155.0	119.0	50.0	30.0	27.0	
153.0	104.0	48.0	12.0	52.0	
145.0	125.0	14.0	29.0	53.0	
117.0	137.0	12.0	61.0	77.0	

capacite_residuelle_X : 
82.0	152.0	21.0	69.0	125.0	
112.0	89.0	9.0	48.0	172.0	
100.0	101.0	7.0	85.0	106.0	
101.0	104.0	8.0	57.0	148.0	
74.0	94.0	20.0	74.0	125.0	

capacite_residuelle_W : 
4.900000000000006	76.30000000000001	34.099999999999994	77.6	117.80000000000001	
8.300000000000011	11.400000000000006	9.399999999999999	65.69999999999999	197.5	
0.09999999999999432	37.5	2.1999999999999957	126.1	94.5	
2.1999999999999886	27.599999999999994	45.6	69.69999999999999	142.1	
3.799999999999997	0.5	55.69999999999999	59.19999999999999	101.1	

min_capacite_X : 
156.0	138.0	135.0	139.0	145.0	

min_capacite_W : 
74.1	59.4	50.199999999999996	59.6	67.69999999999999	

max_capacite_X : 
177.0	175.0	177.0	172.0	177.0	

max_capacite_W : 
203.3	224.5	153.1	195.1	178.1	

moy_capacite_X : 
167.8	162.2	153.6	156.8	158.2	

moy_capacite_W : 
140.14000000000001	134.66	125.88	130.64	124.85999999999999	

med_capacite_X : 
171.0	168.0	144.0	157.0	156.0	

med_capacite_W : 
130.9	130.4	141.5	147.2	120.8	

ecartType_capacite_X : 
7.413501197140255	13.196969349058895	19.386593305684215	10.796295661012623	10.49571341072154	

ecartType_capacite_W : 
44.317066689933355	56.730189493778354	38.17561525371923	46.85810922348447	35.49572368610056	

var_capacite_X : 
54.959999999999994	174.15999999999997	375.84000000000003	116.55999999999999	110.16	

var_capacite_W : 
1964.0024000000005	3218.3144	1457.3776000000003	2195.6824	1259.9464000000003	

covar_capacite_X : 
68.69999999999999	217.69999999999996	469.8	145.7	137.7	

covar_capacite_W : 
2455.0030000000006	4022.893	1821.7220000000004	2744.603	1574.9330000000002	

##########	##########	##########	##########	##########	##########	##########	##########	##########	##########	##########	##########	##########	##########	##########	##########	##########	##########	##########	##########	##########	##########	##########	##########	##########	##########	##########	##########	##########	##########	##########	##########	##########	##########	##########	##########	##########	##########	##########	##########	##########	##########	##########	##########	##########	##########	##########	##########	##########	##########	nombre de noeuds : 50
nombre de strates : 5
nombre de centres : 5
titre : intelligent
instances : p7_2
temps de calcul : 0.036000967025756836
valeur objective : 527.0
nombre de solutions : 3
nombre de noeuds : 1.0
faisability : True
moy_distances :	47.35
min_distances :	1.0
max_distances :	120.0
var_distances :	507.7547355268637
covar_distances :	507.96206698277524
ecartType_distances :	22.533413756616277
coef_variation	: 0.47592123882508514
distances_centre_x :
-1.0	-1.0	25.0	10.0	25.0	-1.0	-1.0	35.0	-1.0	0.0	25.0	-1.0	-1.0	12.0	-1.0	25.0	33.0	8.0	6.0	7.0	-1.0	-1.0	-1.0	-1.0	21.0	33.0	17.0	-1.0	18.0	43.0	-1.0	-1.0	39.0	18.0	3.0	15.0	10.0	22.0	44.0	38.0	-1.0	0.0	24.0	34.0	24.0	32.0	0.0	-1.0	11.0	44.0	
28.0	38.0	-1.0	10.0	-1.0	-1.0	15.0	-1.0	8.0	0.0	25.0	51.0	29.0	12.0	-1.0	-1.0	-1.0	8.0	6.0	7.0	32.0	-1.0	-1.0	-1.0	21.0	-1.0	17.0	20.0	18.0	-1.0	-1.0	18.0	-1.0	-1.0	3.0	-1.0	19.0	-1.0	44.0	38.0	-1.0	0.0	-1.0	-1.0	24.0	-1.0	0.0	0.0	-1.0	38.0	
28.0	38.0	-1.0	10.0	-1.0	-1.0	-1.0	35.0	-1.0	0.0	25.0	-1.0	29.0	12.0	18.0	-1.0	33.0	8.0	6.0	7.0	32.0	-1.0	0.0	19.0	-1.0	-1.0	-1.0	20.0	18.0	-1.0	4.0	-1.0	-1.0	18.0	3.0	-1.0	10.0	25.0	-1.0	38.0	21.0	0.0	-1.0	-1.0	24.0	-1.0	0.0	0.0	-1.0	38.0	
28.0	-1.0	25.0	10.0	-1.0	29.0	15.0	35.0	8.0	-1.0	25.0	-1.0	29.0	12.0	-1.0	-1.0	-1.0	12.0	6.0	7.0	-1.0	8.0	-1.0	8.0	21.0	33.0	-1.0	-1.0	18.0	-1.0	4.0	18.0	-1.0	-1.0	8.0	-1.0	-1.0	4.0	-1.0	38.0	21.0	0.0	-1.0	-1.0	24.0	-1.0	0.0	0.0	-1.0	38.0	
28.0	38.0	25.0	10.0	-1.0	-1.0	15.0	-1.0	8.0	0.0	-1.0	51.0	29.0	12.0	18.0	-1.0	33.0	8.0	6.0	7.0	-1.0	-1.0	21.0	8.0	21.0	36.0	17.0	-1.0	-1.0	-1.0	4.0	18.0	39.0	18.0	3.0	-1.0	-1.0	-1.0	-1.0	38.0	-1.0	0.0	-1.0	-1.0	24.0	-1.0	0.0	0.0	11.0	38.0	

distances_centre_w :
-1.0	-1.0	32.0	14.0	35.0	-1.0	-1.0	41.0	-1.0	24.0	58.0	-1.0	-1.0	39.0	-1.0	44.0	56.0	12.0	29.0	12.0	-1.0	-1.0	-1.0	-1.0	22.0	52.0	34.0	-1.0	39.0	54.0	-1.0	-1.0	67.0	40.0	42.0	45.0	14.0	31.0	68.0	41.0	-1.0	9.0	40.0	55.0	30.0	47.0	9.0	-1.0	18.0	61.0	
65.0	49.0	-1.0	14.0	-1.0	-1.0	44.0	-1.0	18.0	24.0	49.0	64.0	32.0	35.0	-1.0	-1.0	-1.0	12.0	29.0	12.0	34.0	-1.0	-1.0	-1.0	22.0	-1.0	34.0	39.0	63.0	-1.0	-1.0	27.0	-1.0	-1.0	8.0	-1.0	19.0	-1.0	68.0	41.0	-1.0	9.0	-1.0	-1.0	30.0	-1.0	9.0	21.0	-1.0	44.0	
50.0	42.0	-1.0	14.0	-1.0	-1.0	-1.0	42.0	-1.0	29.0	49.0	-1.0	38.0	53.0	21.0	-1.0	56.0	24.0	29.0	12.0	34.0	-1.0	21.0	43.0	-1.0	-1.0	-1.0	27.0	39.0	-1.0	7.0	-1.0	-1.0	50.0	8.0	-1.0	14.0	37.0	-1.0	41.0	30.0	24.0	-1.0	-1.0	30.0	-1.0	9.0	21.0	-1.0	44.0	
50.0	-1.0	36.0	14.0	-1.0	50.0	44.0	41.0	30.0	-1.0	49.0	-1.0	32.0	28.0	-1.0	-1.0	-1.0	48.0	15.0	12.0	-1.0	23.0	-1.0	19.0	22.0	36.0	-1.0	-1.0	39.0	-1.0	17.0	48.0	-1.0	-1.0	21.0	-1.0	-1.0	37.0	-1.0	41.0	30.0	9.0	-1.0	-1.0	30.0	-1.0	9.0	21.0	-1.0	44.0	
50.0	42.0	36.0	14.0	-1.0	-1.0	44.0	-1.0	18.0	29.0	-1.0	51.0	32.0	28.0	39.0	-1.0	56.0	12.0	29.0	12.0	-1.0	-1.0	29.0	19.0	22.0	57.0	34.0	-1.0	-1.0	-1.0	27.0	48.0	63.0	40.0	32.0	-1.0	-1.0	-1.0	-1.0	41.0	-1.0	9.0	-1.0	-1.0	49.0	-1.0	9.0	21.0	18.0	44.0	

maxX :
44.0	51.0	38.0	38.0	51.0	

maxW :
68.0	68.0	56.0	50.0	63.0	

minX :
0.0	0.0	0.0	0.0	0.0	

minW :
9.0	8.0	7.0	9.0	9.0	

moyX :
21.242424242424242	18.892857142857142	17.3	16.689655172413794	18.25	

moyW :
36.78787878787879	32.67857142857143	31.266666666666666	30.862068965517242	32.9375	

medX :
22.0	18.0	18.0	15.0	17.5	

medW :
39.0	31.0	30.0	30.0	32.0	

ecartTypeX :
13.188678117487173	14.084792421296822	12.69422440849906	11.644455387024516	13.740906083661296	

ecartTypeW :
16.68742508916579	17.74432217324052	14.04500702108127	12.97670097263456	14.787954346359067	

varX :
173.94123048668501	198.3813775510204	161.14333333333335	135.59334126040426	188.8125	

varW :
278.4701561065198	314.8609693877551	197.26222222222216	168.39476813317475	218.68359375	

covarX :
179.3768939393939	205.72883597883595	166.69999999999996	140.43596059113298	194.90322580645162	

covarW :
287.1723484848485	326.5224867724868	204.06436781609193	174.40886699507385	225.73790322580643	

coef_variationX :
0.6208650183695816	0.7455088616187354	0.733770197023067	0.6977049715365929	0.7529263607485641	

coef_variationW :
0.4536120493760058	0.5429956512029885	0.44920065099407047	0.42047410972782373	0.4489701509331026	

moy_distances_centre :	28.6
min_distances_centre :	9.0
max_distances_centre :	45.0
med_distances_centre :	26.5
ecartType_distances_centre :	10.63202708800161
var_distances_centre :	113.04
covar_distances_centre :	118.98947368421052
coef_variation_distances_centre :	0.3717491988811752
capacite_X_temoin : 
163.0	171.0	177.0	148.0	172.0	
171.0	138.0	168.0	159.0	159.0	
177.0	135.0	144.0	138.0	177.0	
154.0	162.0	172.0	159.0	139.0	
156.0	145.0	159.0	141.0	154.0	

capacite_W_temoin : 
122.9	217.3	180.1	75.4	94.6	
173.3	127.4	141.4	114.69999999999999	95.69999999999999	
174.1	144.5	100.19999999999999	89.4	125.1	
138.2	157.6	136.6	119.69999999999999	103.69999999999999	
131.8	127.5	157.7	82.3	78.19999999999999	

demande_cumulee_X : 
89.0	5.0	50.0	117.0	129.0	
49.0	52.0	77.0	92.0	111.0	
56.0	31.0	87.0	90.0	105.0	
62.0	53.0	87.0	87.0	77.0	
71.0	61.0	49.0	101.0	122.0	

demande_cumulee_W : 
32.0	157.0	106.0	70.0	25.0	
73.0	55.0	118.0	110.0	25.0	
89.0	87.0	77.0	83.0	33.0	
84.0	72.0	81.0	95.0	34.0	
122.0	96.0	90.0	67.0	29.0	

capacite_residuelle_X : 
74.0	166.0	127.0	31.0	43.0	
122.0	86.0	91.0	67.0	48.0	
121.0	104.0	57.0	48.0	72.0	
92.0	109.0	85.0	72.0	62.0	
85.0	84.0	110.0	40.0	32.0	

capacite_residuelle_W : 
90.9	60.30000000000001	74.1	5.400000000000006	69.6	
100.30000000000001	72.4	23.400000000000006	4.699999999999989	70.69999999999999	
85.1	57.5	23.19999999999999	6.400000000000006	92.1	
54.19999999999999	85.6	55.599999999999994	24.69999999999999	69.69999999999999	
9.800000000000011	31.5	67.69999999999999	15.299999999999997	49.19999999999999	

min_capacite_X : 
148.0	138.0	135.0	139.0	141.0	

min_capacite_W : 
75.4	95.69999999999999	89.4	103.69999999999999	78.19999999999999	

max_capacite_X : 
177.0	171.0	177.0	172.0	159.0	

max_capacite_W : 
217.3	173.3	174.1	157.6	157.7	

moy_capacite_X : 
166.2	159.0	154.2	157.2	151.0	

moy_capacite_W : 
138.06	130.5	126.66000000000001	131.16	115.5	

med_capacite_X : 
171.0	159.0	144.0	159.0	154.0	

med_capacite_W : 
122.9	127.4	125.1	136.6	127.5	

ecartType_capacite_X : 
10.146920715172657	11.541230437002806	18.840382161729096	10.833282051160673	6.841052550594828	

ecartType_capacite_W : 
53.087120848657825	26.156987594140126	30.52766614073208	18.240679811892978	30.60738472983277	

var_capacite_X : 
102.96	133.2	354.9599999999999	117.35999999999999	46.8	

var_capacite_W : 
2818.2424	684.1880000000004	931.9384	332.72240000000005	936.8120000000001	

covar_capacite_X : 
128.7	166.5	443.69999999999993	146.7	58.5	

covar_capacite_W : 
3522.803	855.2350000000006	1164.923	415.9030000000001	1171.015	

##########	##########	##########	##########	##########	##########	##########	##########	##########	##########	##########	##########	##########	##########	##########	##########	##########	##########	##########	##########	##########	##########	##########	##########	##########	##########	##########	##########	##########	##########	##########	##########	##########	##########	##########	##########	##########	##########	##########	##########	##########	##########	##########	##########	##########	##########	##########	##########	##########	##########	nombre de noeuds : 50
nombre de strates : 5
nombre de centres : 5
titre : intelligent
instances : p7_2
temps de calcul : 0.038548946380615234
valeur objective : 468.0
nombre de solutions : 3
nombre de noeuds : 1.0
faisability : True
moy_distances :	47.35
min_distances :	1.0
max_distances :	120.0
var_distances :	507.7547355268637
covar_distances :	507.96206698277524
ecartType_distances :	22.533413756616277
coef_variation	: 0.47592123882508514
distances_centre_x :
-1.0	-1.0	36.0	10.0	16.0	-1.0	-1.0	41.0	-1.0	0.0	27.0	-1.0	-1.0	0.0	-1.0	25.0	28.0	27.0	15.0	7.0	-1.0	-1.0	-1.0	-1.0	21.0	33.0	17.0	-1.0	18.0	43.0	-1.0	-1.0	37.0	18.0	8.0	15.0	10.0	4.0	43.0	38.0	-1.0	9.0	24.0	34.0	30.0	32.0	0.0	-1.0	11.0	38.0	
22.0	38.0	-1.0	10.0	-1.0	-1.0	15.0	-1.0	8.0	0.0	25.0	51.0	43.0	0.0	-1.0	-1.0	-1.0	8.0	15.0	7.0	34.0	-1.0	-1.0	-1.0	21.0	-1.0	17.0	20.0	18.0	-1.0	-1.0	24.0	-1.0	-1.0	8.0	-1.0	10.0	-1.0	43.0	38.0	-1.0	24.0	-1.0	-1.0	30.0	-1.0	0.0	0.0	-1.0	38.0	
22.0	38.0	-1.0	21.0	-1.0	-1.0	-1.0	35.0	-1.0	0.0	25.0	-1.0	29.0	0.0	18.0	-1.0	28.0	24.0	29.0	7.0	34.0	-1.0	0.0	19.0	-1.0	-1.0	-1.0	20.0	18.0	-1.0	4.0	-1.0	-1.0	18.0	21.0	-1.0	10.0	4.0	-1.0	38.0	30.0	9.0	-1.0	-1.0	30.0	-1.0	0.0	0.0	-1.0	38.0	
22.0	-1.0	25.0	10.0	-1.0	26.0	15.0	35.0	8.0	-1.0	25.0	-1.0	29.0	0.0	-1.0	-1.0	-1.0	8.0	15.0	23.0	-1.0	8.0	-1.0	19.0	26.0	33.0	-1.0	-1.0	18.0	-1.0	4.0	24.0	-1.0	-1.0	8.0	-1.0	-1.0	16.0	-1.0	38.0	30.0	9.0	-1.0	-1.0	30.0	-1.0	0.0	0.0	-1.0	38.0	
22.0	38.0	25.0	10.0	-1.0	-1.0	15.0	-1.0	8.0	0.0	-1.0	51.0	29.0	0.0	18.0	-1.0	28.0	8.0	15.0	23.0	-1.0	-1.0	0.0	8.0	21.0	33.0	17.0	-1.0	-1.0	-1.0	4.0	24.0	37.0	18.0	8.0	-1.0	-1.0	-1.0	-1.0	38.0	-1.0	9.0	-1.0	-1.0	30.0	-1.0	0.0	0.0	11.0	38.0	

distances_centre_w :
-1.0	-1.0	44.0	21.0	28.0	-1.0	-1.0	45.0	-1.0	12.0	49.0	-1.0	-1.0	12.0	-1.0	44.0	33.0	48.0	29.0	23.0	-1.0	-1.0	-1.0	-1.0	26.0	36.0	34.0	-1.0	39.0	45.0	-1.0	-1.0	39.0	24.0	32.0	37.0	14.0	25.0	44.0	41.0	-1.0	24.0	40.0	55.0	45.0	47.0	20.0	-1.0	18.0	44.0	
28.0	42.0	-1.0	48.0	-1.0	-1.0	27.0	-1.0	18.0	29.0	27.0	51.0	49.0	28.0	-1.0	-1.0	-1.0	24.0	29.0	23.0	39.0	-1.0	-1.0	-1.0	26.0	-1.0	34.0	27.0	39.0	-1.0	-1.0	27.0	-1.0	-1.0	36.0	-1.0	14.0	-1.0	44.0	41.0	-1.0	33.0	-1.0	-1.0	45.0	-1.0	20.0	21.0	-1.0	44.0	
28.0	42.0	-1.0	22.0	-1.0	-1.0	-1.0	45.0	-1.0	12.0	27.0	-1.0	32.0	39.0	21.0	-1.0	33.0	24.0	39.0	26.0	39.0	-1.0	21.0	39.0	-1.0	-1.0	-1.0	27.0	39.0	-1.0	32.0	-1.0	-1.0	24.0	36.0	-1.0	21.0	25.0	-1.0	41.0	42.0	24.0	-1.0	-1.0	45.0	-1.0	20.0	21.0	-1.0	44.0	
28.0	-1.0	36.0	21.0	-1.0	29.0	27.0	45.0	36.0	-1.0	27.0	-1.0	32.0	28.0	-1.0	-1.0	-1.0	24.0	29.0	23.0	-1.0	20.0	-1.0	39.0	31.0	36.0	-1.0	-1.0	39.0	-1.0	27.0	27.0	-1.0	-1.0	36.0	-1.0	-1.0	22.0	-1.0	41.0	42.0	24.0	-1.0	-1.0	45.0	-1.0	40.0	21.0	-1.0	44.0	
28.0	42.0	32.0	21.0	-1.0	-1.0	27.0	-1.0	18.0	12.0	-1.0	51.0	49.0	12.0	21.0	-1.0	33.0	24.0	39.0	23.0	-1.0	-1.0	20.0	19.0	26.0	36.0	34.0	-1.0	-1.0	-1.0	32.0	44.0	39.0	40.0	21.0	-1.0	-1.0	-1.0	-1.0	41.0	-1.0	24.0	-1.0	-1.0	45.0	-1.0	20.0	21.0	18.0	44.0	

maxX :
43.0	51.0	38.0	38.0	51.0	

maxW :
55.0	51.0	45.0	45.0	51.0	

minX :
0.0	0.0	0.0	0.0	0.0	

minW :
12.0	14.0	12.0	20.0	12.0	

moyX :
21.666666666666668	20.25	18.966666666666665	18.689655172413794	18.3125	

moyW :
33.84848484848485	32.607142857142854	31.0	31.689655172413794	29.875	

medX :
21.0	19.0	20.5	19.0	17.5	

medW :
36.0	29.0	30.0	29.0	27.5	

ecartTypeX :
13.10486069126161	14.406409783743584	12.581688634237015	11.368751632180086	13.46392750091889	

ecartTypeW :
11.628390576571014	9.943911582019442	9.06642156531451	7.728600927392166	10.818820407049929	

varX :
171.73737373737373	207.54464285714286	158.29888888888888	129.24851367419737	181.27734375	

varW :
135.21946740128558	98.8813775510204	82.2	59.73127229488704	117.046875	

covarX :
177.10416666666666	215.23148148148147	163.75747126436784	133.86453201970446	187.125	

covarW :
139.44507575757575	102.5436507936508	85.03448275862068	61.86453201970443	120.82258064516128	

coef_variationX :
0.6048397242120743	0.7114276436416584	0.6633579244764684	0.6082911389911854	0.7352315358863558	

coef_variationW :
0.3435424252702269	0.3049611438078252	0.29246521178433904	0.24388403361738065	0.36213624793472565	

moy_distances_centre :	30.7
min_distances_centre :	12.0
max_distances_centre :	53.0
med_distances_centre :	28.5
ecartType_distances_centre :	11.713667231059622
var_distances_centre :	137.20999999999998
covar_distances_centre :	144.4315789473684
coef_variation_distances_centre :	0.38155267853614405
capacite_X_temoin : 
163.0	163.0	171.0	148.0	172.0	
171.0	141.0	138.0	159.0	159.0	
177.0	142.0	135.0	138.0	177.0	
154.0	159.0	162.0	159.0	139.0	
156.0	139.0	145.0	141.0	154.0	

capacite_W_temoin : 
173.9	174.9	193.3	53.4	76.6	
203.3	141.3	113.4	51.699999999999996	107.69999999999999	
192.1	123.6	139.5	50.4	125.1	
154.2	154.7	166.6	55.699999999999996	107.69999999999999	
170.8	124.69999999999999	129.5	42.3	84.19999999999999	

demande_cumulee_X : 
38.0	37.0	29.0	139.0	147.0	
19.0	42.0	66.0	155.0	99.0	
38.0	61.0	36.0	129.0	105.0	
46.0	52.0	44.0	151.0	73.0	
32.0	56.0	59.0	141.0	116.0	

demande_cumulee_W : 
98.0	78.0	167.0	24.0	23.0	
133.0	70.0	88.0	47.0	43.0	
125.0	95.0	125.0	9.0	15.0	
113.0	97.0	91.0	49.0	16.0	
126.0	76.0	120.0	40.0	42.0	

capacite_residuelle_X : 
125.0	126.0	142.0	9.0	25.0	
152.0	99.0	72.0	4.0	60.0	
139.0	81.0	99.0	9.0	72.0	
108.0	107.0	118.0	8.0	66.0	
124.0	83.0	86.0	0.0	38.0	

capacite_residuelle_W : 
75.9	96.9	26.30000000000001	29.4	53.599999999999994	
70.30000000000001	71.30000000000001	25.400000000000006	4.699999999999996	64.69999999999999	
67.1	28.599999999999994	14.5	41.4	110.1	
41.19999999999999	57.69999999999999	75.6	6.699999999999996	91.69999999999999	
44.80000000000001	48.69999999999999	9.5	2.299999999999997	42.19999999999999	

min_capacite_X : 
148.0	138.0	135.0	139.0	139.0	

min_capacite_W : 
53.4	51.699999999999996	50.4	55.699999999999996	42.3	

max_capacite_X : 
172.0	171.0	177.0	162.0	156.0	

max_capacite_W : 
193.3	203.3	192.1	166.6	170.8	

moy_capacite_X : 
163.4	153.6	153.8	154.6	147.0	

moy_capacite_W : 
134.42000000000002	123.47999999999999	126.13999999999999	127.78000000000002	110.3	

med_capacite_X : 
163.0	159.0	142.0	159.0	145.0	

med_capacite_W : 
173.9	113.4	125.1	154.2	124.69999999999999	

ecartType_capacite_X : 
8.593020423576334	12.354756169184402	19.072493282211425	8.212186067059124	6.841052550594828	

ecartType_capacite_W : 
57.57004081985699	49.37968813186249	45.328339921069244	41.29994673120051	43.68400164820069	

var_capacite_X : 
73.84	152.64000000000001	363.75999999999993	67.44	46.8	

var_capacite_W : 
3314.3096000000005	2438.3536000000013	2054.6584	1705.6855999999996	1908.2920000000006	

covar_capacite_X : 
92.3	190.8	454.69999999999993	84.3	58.5	

covar_capacite_W : 
4142.887000000001	3047.9420000000014	2568.323	2132.1069999999995	2385.3650000000007	

##########	##########	##########	##########	##########	##########	##########	##########	##########	##########	##########	##########	##########	##########	##########	##########	##########	##########	##########	##########	##########	##########	##########	##########	##########	##########	##########	##########	##########	##########	##########	##########	##########	##########	##########	##########	##########	##########	##########	##########	##########	##########	##########	##########	##########	##########	##########	##########	##########	##########	