nombre de noeuds : 50
nombre de strates : 10
nombre de centres : 5
titre : fenetre
instances : p7_3
temps de calcul : 0.06393289566040039
valeur objective : 1214.0
nombre de solutions : 3
nombre de noeuds : 1.0
faisability : True
moy_distances :	47.35
min_distances :	1.0
max_distances :	120.0
var_distances :	507.7547355268637
covar_distances :	507.96206698277524
ecartType_distances :	22.533413756616277
coef_variation	: 0.47592123882508514
distances_centre_x :
63.0	-1.0	-1.0	19.0	-1.0	17.0	-1.0	-1.0	20.0	39.0	-1.0	-1.0	40.0	40.0	7.0	27.0	-1.0	16.0	-1.0	-1.0	-1.0	-1.0	18.0	3.0	-1.0	22.0	-1.0	-1.0	27.0	-1.0	-1.0	-1.0	-1.0	-1.0	-1.0	-1.0	-1.0	-1.0	-1.0	-1.0	15.0	6.0	-1.0	39.0	21.0	43.0	-1.0	-1.0	0.0	49.0	
-1.0	4.0	42.0	19.0	28.0	17.0	0.0	0.0	20.0	12.0	27.0	19.0	-1.0	0.0	-1.0	-1.0	-1.0	16.0	28.0	-1.0	-1.0	-1.0	-1.0	-1.0	23.0	22.0	-1.0	30.0	27.0	-1.0	13.0	-1.0	-1.0	24.0	-1.0	10.0	-1.0	16.0	-1.0	-1.0	15.0	6.0	-1.0	39.0	21.0	-1.0	15.0	11.0	0.0	49.0	
-1.0	4.0	-1.0	19.0	30.0	-1.0	19.0	-1.0	-1.0	-1.0	27.0	19.0	-1.0	0.0	-1.0	-1.0	-1.0	-1.0	0.0	17.0	31.0	20.0	18.0	-1.0	23.0	22.0	28.0	30.0	27.0	-1.0	13.0	-1.0	37.0	-1.0	-1.0	-1.0	-1.0	-1.0	43.0	50.0	15.0	6.0	-1.0	-1.0	21.0	-1.0	-1.0	11.0	0.0	49.0	
-1.0	4.0	36.0	19.0	28.0	-1.0	0.0	-1.0	-1.0	12.0	27.0	-1.0	-1.0	0.0	7.0	27.0	-1.0	-1.0	-1.0	17.0	31.0	-1.0	18.0	3.0	-1.0	25.0	28.0	30.0	27.0	51.0	13.0	26.0	-1.0	24.0	-1.0	10.0	-1.0	-1.0	43.0	-1.0	15.0	-1.0	-1.0	-1.0	-1.0	-1.0	15.0	-1.0	0.0	49.0	
-1.0	4.0	42.0	19.0	28.0	17.0	0.0	-1.0	-1.0	12.0	27.0	-1.0	40.0	0.0	-1.0	-1.0	-1.0	-1.0	-1.0	-1.0	31.0	-1.0	15.0	-1.0	23.0	22.0	28.0	-1.0	27.0	-1.0	13.0	-1.0	37.0	24.0	23.0	10.0	-1.0	16.0	-1.0	-1.0	15.0	6.0	-1.0	39.0	21.0	-1.0	15.0	-1.0	0.0	49.0	
22.0	4.0	36.0	19.0	28.0	17.0	0.0	0.0	20.0	12.0	-1.0	19.0	40.0	-1.0	-1.0	-1.0	-1.0	-1.0	-1.0	-1.0	31.0	-1.0	29.0	3.0	23.0	22.0	-1.0	-1.0	-1.0	51.0	-1.0	16.0	-1.0	24.0	-1.0	10.0	-1.0	-1.0	-1.0	-1.0	15.0	6.0	-1.0	39.0	-1.0	-1.0	-1.0	-1.0	0.0	49.0	
-1.0	4.0	36.0	-1.0	30.0	17.0	0.0	-1.0	-1.0	-1.0	-1.0	19.0	-1.0	-1.0	-1.0	-1.0	28.0	-1.0	-1.0	-1.0	31.0	-1.0	18.0	-1.0	-1.0	24.0	-1.0	30.0	27.0	-1.0	-1.0	17.0	-1.0	-1.0	-1.0	10.0	21.0	-1.0	-1.0	-1.0	15.0	6.0	39.0	-1.0	21.0	-1.0	15.0	-1.0	0.0	49.0	
-1.0	4.0	36.0	19.0	30.0	-1.0	0.0	-1.0	20.0	12.0	27.0	19.0	40.0	0.0	-1.0	-1.0	-1.0	-1.0	-1.0	-1.0	31.0	-1.0	15.0	-1.0	-1.0	22.0	-1.0	30.0	27.0	-1.0	-1.0	16.0	37.0	-1.0	-1.0	-1.0	-1.0	16.0	-1.0	-1.0	15.0	6.0	-1.0	-1.0	-1.0	43.0	15.0	11.0	0.0	49.0	
-1.0	4.0	42.0	19.0	28.0	17.0	0.0	-1.0	20.0	-1.0	27.0	19.0	-1.0	0.0	-1.0	27.0	-1.0	-1.0	-1.0	17.0	31.0	-1.0	15.0	-1.0	23.0	22.0	28.0	30.0	27.0	51.0	-1.0	17.0	-1.0	-1.0	-1.0	-1.0	-1.0	-1.0	-1.0	-1.0	15.0	6.0	-1.0	39.0	21.0	43.0	-1.0	11.0	-1.0	-1.0	
-1.0	4.0	36.0	19.0	-1.0	-1.0	0.0	0.0	20.0	-1.0	27.0	19.0	-1.0	-1.0	-1.0	-1.0	-1.0	-1.0	0.0	17.0	-1.0	-1.0	15.0	3.0	-1.0	22.0	-1.0	30.0	-1.0	51.0	-1.0	-1.0	-1.0	-1.0	-1.0	-1.0	-1.0	-1.0	-1.0	-1.0	15.0	6.0	-1.0	39.0	21.0	43.0	15.0	-1.0	0.0	49.0	

distances_centre_w :
72.0	-1.0	-1.0	-1.0	-1.0	-1.0	28.0	-1.0	-1.0	45.0	-1.0	-1.0	63.0	-1.0	-1.0	-1.0	-1.0	-1.0	-1.0	-1.0	-1.0	-1.0	29.0	-1.0	-1.0	-1.0	-1.0	-1.0	-1.0	-1.0	35.0	-1.0	-1.0	56.0	-1.0	-1.0	-1.0	-1.0	-1.0	-1.0	-1.0	-1.0	-1.0	-1.0	-1.0	-1.0	-1.0	-1.0	-1.0	-1.0	
-1.0	23.0	59.0	21.0	30.0	37.0	52.0	20.0	23.0	45.0	61.0	37.0	-1.0	52.0	-1.0	-1.0	-1.0	24.0	42.0	-1.0	-1.0	-1.0	-1.0	-1.0	26.0	24.0	-1.0	41.0	46.0	-1.0	23.0	-1.0	-1.0	51.0	-1.0	50.0	-1.0	37.0	-1.0	-1.0	36.0	41.0	-1.0	58.0	45.0	-1.0	45.0	41.0	19.0	54.0	
-1.0	31.0	-1.0	21.0	41.0	-1.0	20.0	-1.0	-1.0	-1.0	61.0	61.0	-1.0	40.0	-1.0	-1.0	-1.0	-1.0	40.0	44.0	39.0	37.0	29.0	-1.0	26.0	43.0	56.0	53.0	56.0	-1.0	41.0	-1.0	77.0	-1.0	-1.0	-1.0	-1.0	-1.0	80.0	79.0	44.0	35.0	-1.0	-1.0	45.0	-1.0	-1.0	41.0	29.0	75.0	
-1.0	23.0	42.0	21.0	30.0	-1.0	19.0	-1.0	-1.0	44.0	61.0	-1.0	-1.0	40.0	15.0	46.0	-1.0	-1.0	-1.0	23.0	39.0	-1.0	39.0	21.0	-1.0	43.0	45.0	39.0	46.0	69.0	32.0	36.0	-1.0	56.0	-1.0	50.0	-1.0	-1.0	80.0	-1.0	36.0	-1.0	-1.0	-1.0	-1.0	-1.0	27.0	-1.0	19.0	54.0	
-1.0	23.0	52.0	21.0	41.0	18.0	19.0	-1.0	-1.0	64.0	61.0	-1.0	63.0	40.0	-1.0	-1.0	-1.0	-1.0	-1.0	-1.0	39.0	-1.0	29.0	-1.0	26.0	43.0	45.0	-1.0	46.0	-1.0	32.0	-1.0	77.0	51.0	36.0	50.0	-1.0	37.0	-1.0	-1.0	36.0	41.0	-1.0	58.0	45.0	-1.0	27.0	-1.0	19.0	54.0	
63.0	23.0	42.0	21.0	30.0	18.0	19.0	20.0	23.0	39.0	-1.0	37.0	43.0	-1.0	-1.0	-1.0	-1.0	-1.0	-1.0	-1.0	39.0	-1.0	39.0	21.0	26.0	25.0	-1.0	-1.0	-1.0	56.0	-1.0	26.0	-1.0	51.0	-1.0	50.0	-1.0	-1.0	-1.0	-1.0	36.0	26.0	-1.0	62.0	-1.0	-1.0	-1.0	-1.0	19.0	54.0	
-1.0	23.0	52.0	-1.0	35.0	18.0	19.0	-1.0	-1.0	-1.0	-1.0	37.0	-1.0	-1.0	-1.0	-1.0	69.0	-1.0	-1.0	-1.0	39.0	-1.0	39.0	-1.0	-1.0	25.0	-1.0	39.0	46.0	-1.0	-1.0	26.0	-1.0	-1.0	-1.0	50.0	37.0	-1.0	-1.0	-1.0	36.0	26.0	66.0	-1.0	45.0	-1.0	27.0	-1.0	19.0	54.0	
-1.0	23.0	42.0	21.0	35.0	-1.0	19.0	-1.0	23.0	39.0	61.0	37.0	63.0	40.0	-1.0	-1.0	-1.0	-1.0	-1.0	-1.0	39.0	-1.0	29.0	-1.0	-1.0	24.0	-1.0	58.0	65.0	-1.0	-1.0	17.0	77.0	-1.0	-1.0	-1.0	-1.0	37.0	-1.0	-1.0	36.0	26.0	-1.0	-1.0	-1.0	73.0	27.0	41.0	19.0	54.0	
-1.0	23.0	52.0	55.0	35.0	18.0	19.0	-1.0	23.0	-1.0	61.0	37.0	-1.0	56.0	-1.0	46.0	-1.0	-1.0	-1.0	23.0	39.0	-1.0	39.0	-1.0	26.0	43.0	45.0	58.0	56.0	56.0	-1.0	36.0	-1.0	-1.0	-1.0	-1.0	-1.0	-1.0	-1.0	-1.0	36.0	26.0	-1.0	58.0	45.0	59.0	-1.0	28.0	-1.0	-1.0	
-1.0	23.0	42.0	21.0	-1.0	-1.0	19.0	20.0	23.0	-1.0	61.0	37.0	-1.0	-1.0	-1.0	-1.0	-1.0	-1.0	28.0	23.0	-1.0	-1.0	39.0	21.0	-1.0	25.0	-1.0	41.0	-1.0	56.0	-1.0	-1.0	-1.0	-1.0	-1.0	-1.0	-1.0	-1.0	-1.0	-1.0	36.0	26.0	-1.0	58.0	45.0	59.0	27.0	-1.0	19.0	54.0	

maxX :
63.0	49.0	50.0	51.0	49.0	51.0	49.0	49.0	51.0	51.0	

maxW :
72.0	61.0	80.0	80.0	77.0	63.0	69.0	77.0	61.0	61.0	

minX :
0.0	0.0	0.0	0.0	0.0	0.0	0.0	0.0	0.0	0.0	

minW :
28.0	19.0	20.0	15.0	18.0	18.0	18.0	17.0	18.0	19.0	

moyX :
25.285714285714285	18.433333333333334	21.444444444444443	20.892857142857142	20.79310344827586	20.576923076923077	20.772727272727273	20.76923076923077	22.185185185185187	19.608695652173914	

moyW :
46.857142857142854	38.766666666666666	46.074074074074076	39.107142857142854	41.13793103448276	34.92307692307692	37.59090909090909	39.42307692307692	40.666666666666664	34.91304347826087	

medX :
21.0	18.0	20.0	21.5	21.0	19.5	20.0	19.0	21.0	19.0	

medW :
45.0	41.0	41.0	39.0	41.0	33.0	37.0	37.0	39.0	28.0	

ecartTypeX :
15.985537681479045	12.120735217890958	13.364777736671018	13.795287201779884	12.742487469891149	14.232068547752608	12.287953517689289	13.342551054391857	12.364935599230343	15.499618874514255	

ecartTypeW :
16.012750021945205	12.679861548490539	16.84993884135714	15.483491867410377	14.933702079134537	13.917125799982712	14.131393455414633	17.234074202273455	13.69779652461043	14.2093448843213	

varX :
255.53741496598644	146.9122222222222	178.6172839506173	190.30994897959187	162.37098692033294	202.55177514792902	150.99380165289256	178.02366863905326	152.89163237311385	240.23818525519852	

varW :
256.40816326530614	160.7788888888889	283.920438957476	239.73852040816328	223.01545778834722	193.6863905325444	199.69628099173553	297.01331360946745	187.6296296296296	201.9054820415879	

covarX :
268.3142857142858	151.97816091954024	185.4871794871795	197.35846560846565	168.16995073891624	210.65384615384613	158.1839826839827	185.14461538461535	158.77207977207976	251.15810276679838	

covarW :
299.1428571428571	166.32298850574708	294.8404558404558	248.61772486772483	230.9802955665024	201.43384615384613	209.2056277056277	308.8938461538462	194.84615384615387	211.0830039525692	

coef_variationX :
0.6321964054822221	0.6575444060338675	0.6232279773577158	0.6602872506834816	0.6128227804756937	0.6916519294234912	0.5915426201075806	0.6424191248410893	0.5573510203325863	0.7904461953743411	

coef_variationW :
0.34173551876102576	0.32708155327146704	0.36571410668540416	0.39592490619862153	0.3630153900208731	0.3985080074884918	0.37592582348140496	0.4371570041552291	0.3368310620805844	0.4069924437601369	

moy_distances_centre :	40.2
min_distances_centre :	19.0
max_distances_centre :	72.0
med_distances_centre :	41.0
ecartType_distances_centre :	15.96746692496966
var_distances_centre :	254.96000000000004
covar_distances_centre :	268.37894736842105
coef_variation_distances_centre :	0.39720066977536467
capacite_X_temoin : 
156.0	171.0	0.0	159.0	144.0	
138.0	153.0	162.0	178.0	159.0	
0.0	144.0	136.0	178.0	166.0	
166.0	151.0	141.0	159.0	171.0	
144.0	144.0	162.0	169.0	165.0	
172.0	144.0	135.0	145.0	157.0	
172.0	171.0	157.0	157.0	163.0	
141.0	136.0	172.0	145.0	148.0	
147.0	139.0	171.0	148.0	169.0	
154.0	177.0	177.0	171.0	163.0	

capacite_W_temoin : 
154.8	185.3	0.0	61.699999999999996	46.199999999999996	
148.4	176.9	154.6	73.4	94.69999999999999	
0.0	172.2	124.8	77.4	72.8	
195.8	173.3	120.3	107.69999999999999	105.3	
160.2	173.2	143.6	66.69999999999999	114.5	
200.6	166.2	123.5	76.5	125.1	
184.6	206.3	177.1	102.1	144.9	
159.3	159.8	164.6	90.5	71.4	
162.1	165.7	197.3	51.4	86.69999999999999	
175.2	210.1	212.1	106.3	115.9	

demande_cumulee_X : 
48.0	37.0	0.0	145.0	141.0	
31.0	22.0	56.0	158.0	112.0	
0.0	15.0	52.0	154.0	143.0	
20.0	23.0	63.0	99.0	117.0	
27.0	14.0	67.0	153.0	100.0	
23.0	21.0	52.0	112.0	79.0	
39.0	16.0	27.0	102.0	67.0	
24.0	17.0	59.0	98.0	121.0	
29.0	15.0	25.0	141.0	133.0	
25.0	20.0	18.0	116.0	96.0	

demande_cumulee_W : 
151.0	132.0	0.0	51.0	37.0	
147.0	39.0	114.0	19.0	60.0	
0.0	118.0	118.0	63.0	65.0	
158.0	0.0	96.0	15.0	53.0	
137.0	11.0	98.0	52.0	63.0	
99.0	27.0	86.0	27.0	48.0	
119.0	10.0	75.0	14.0	33.0	
117.0	45.0	62.0	58.0	37.0	
149.0	43.0	93.0	0.0	58.0	
146.0	8.0	81.0	0.0	40.0	

capacite_residuelle_X : 
108.0	134.0	0.0	14.0	3.0	
107.0	131.0	106.0	20.0	47.0	
0.0	129.0	84.0	24.0	23.0	
146.0	128.0	78.0	60.0	54.0	
117.0	130.0	95.0	16.0	65.0	
149.0	123.0	83.0	33.0	78.0	
133.0	155.0	130.0	55.0	96.0	
117.0	119.0	113.0	47.0	27.0	
118.0	124.0	146.0	7.0	36.0	
129.0	157.0	159.0	55.0	67.0	

capacite_residuelle_W : 
3.8000000000000114	53.30000000000001	0.0	10.699999999999996	9.199999999999996	
1.4000000000000057	137.9	40.599999999999994	54.400000000000006	34.69999999999999	
0.0	54.19999999999999	6.799999999999997	14.400000000000006	7.799999999999997	
37.80000000000001	173.3	24.299999999999997	92.69999999999999	52.3	
23.19999999999999	162.2	45.599999999999994	14.699999999999989	51.5	
101.6	139.2	37.5	49.5	77.1	
65.6	196.3	102.1	88.1	111.9	
42.30000000000001	114.80000000000001	102.6	32.5	34.400000000000006	
13.099999999999994	122.69999999999999	104.30000000000001	51.4	28.69999999999999	
29.19999999999999	202.1	131.1	106.3	75.9	

min_capacite_X : 
0.0	138.0	0.0	141.0	144.0	135.0	157.0	136.0	139.0	154.0	

min_capacite_W : 
0.0	73.4	0.0	105.3	66.69999999999999	76.5	102.1	71.4	51.4	106.3	

max_capacite_X : 
171.0	178.0	178.0	171.0	169.0	172.0	172.0	172.0	171.0	177.0	

max_capacite_W : 
185.3	176.9	172.2	195.8	173.2	200.6	206.3	164.6	197.3	212.1	

moy_capacite_X : 
126.0	158.0	124.8	157.6	156.8	150.6	164.0	148.4	154.8	168.4	

moy_capacite_W : 
89.6	129.6	89.44	140.48	131.64000000000001	138.38	163.0	129.12	132.63999999999996	163.92	

med_capacite_X : 
156.0	159.0	144.0	159.0	162.0	145.0	163.0	145.0	148.0	171.0	

med_capacite_W : 
61.699999999999996	148.4	77.4	120.3	143.6	125.1	177.1	159.3	162.1	175.2	

ecartType_capacite_X : 
63.58301660034699	12.976902558006667	64.18224053427863	10.68831137270991	10.684568311354464	12.784365451597509	6.511528238439882	12.467557900406959	12.812493902437573	8.845337754998393	

ecartType_capacite_W : 
69.42573010059024	38.96711434017151	57.482018057823964	37.03200777705687	37.939246170687156	42.12407387705989	36.26756126347621	39.83472856691759	54.50172841295953	45.18213806361978	

var_capacite_X : 
4042.8	168.4	4119.36	114.24000000000001	114.16	163.44	42.4	155.44	164.16	78.24000000000001	

var_capacite_W : 
4819.932000000002	1518.4360000000001	3304.1824	1371.3696000000004	1439.3863999999999	1774.4375999999997	1315.3360000000002	1586.8056000000001	2970.4384	2041.4255999999993	

covar_capacite_X : 
5053.5	210.5	5149.2	142.8	142.7	204.29999999999998	53.0	194.29999999999998	205.2	97.80000000000001	

covar_capacite_W : 
6024.915000000002	1898.045	4130.228	1714.2120000000007	1799.233	2218.0469999999996	1644.1700000000003	1983.507	3713.0480000000002	2551.7819999999992	

##########	##########	##########	##########	##########	##########	##########	##########	##########	##########	##########	##########	##########	##########	##########	##########	##########	##########	##########	##########	##########	##########	##########	##########	##########	##########	##########	##########	##########	##########	##########	##########	##########	##########	##########	##########	##########	##########	##########	##########	##########	##########	##########	##########	##########	##########	##########	##########	##########	##########	nombre de noeuds : 50
nombre de strates : 10
nombre de centres : 5
titre : fenetre
instances : p7_3
temps de calcul : 0.06417202949523926
valeur objective : 1066.0
nombre de solutions : 3
nombre de noeuds : 1.0
faisability : True
moy_distances :	47.35
min_distances :	1.0
max_distances :	120.0
var_distances :	507.7547355268637
covar_distances :	507.96206698277524
ecartType_distances :	22.533413756616277
coef_variation	: 0.47592123882508514
distances_centre_x :
46.0	-1.0	19.0	-1.0	-1.0	-1.0	-1.0	-1.0	20.0	43.0	-1.0	-1.0	16.0	51.0	7.0	27.0	-1.0	-1.0	-1.0	-1.0	-1.0	-1.0	-1.0	3.0	-1.0	-1.0	-1.0	27.0	27.0	-1.0	-1.0	-1.0	-1.0	27.0	-1.0	-1.0	-1.0	-1.0	-1.0	-1.0	-1.0	-1.0	-1.0	39.0	-1.0	19.0	-1.0	-1.0	0.0	9.0	
-1.0	4.0	19.0	21.0	28.0	25.0	0.0	0.0	20.0	12.0	27.0	19.0	-1.0	0.0	-1.0	-1.0	-1.0	24.0	28.0	-1.0	-1.0	-1.0	-1.0	-1.0	26.0	24.0	-1.0	27.0	27.0	-1.0	23.0	-1.0	-1.0	24.0	-1.0	10.0	-1.0	16.0	-1.0	-1.0	36.0	35.0	-1.0	39.0	45.0	-1.0	27.0	11.0	0.0	9.0	
-1.0	4.0	-1.0	21.0	30.0	-1.0	19.0	-1.0	-1.0	-1.0	27.0	19.0	-1.0	0.0	-1.0	-1.0	-1.0	-1.0	40.0	23.0	39.0	37.0	18.0	-1.0	26.0	25.0	31.0	27.0	27.0	-1.0	35.0	-1.0	37.0	-1.0	-1.0	-1.0	-1.0	-1.0	36.0	7.0	44.0	41.0	-1.0	-1.0	45.0	-1.0	-1.0	11.0	0.0	9.0	
-1.0	4.0	19.0	21.0	28.0	-1.0	0.0	-1.0	-1.0	12.0	27.0	-1.0	-1.0	0.0	7.0	27.0	-1.0	-1.0	-1.0	23.0	39.0	-1.0	18.0	3.0	-1.0	24.0	28.0	27.0	27.0	0.0	23.0	17.0	-1.0	24.0	-1.0	10.0	-1.0	-1.0	36.0	-1.0	36.0	-1.0	-1.0	-1.0	-1.0	-1.0	27.0	-1.0	0.0	9.0	
-1.0	4.0	19.0	21.0	28.0	18.0	0.0	-1.0	-1.0	12.0	27.0	-1.0	16.0	0.0	-1.0	-1.0	-1.0	-1.0	-1.0	-1.0	39.0	-1.0	15.0	-1.0	26.0	24.0	28.0	-1.0	27.0	-1.0	23.0	-1.0	37.0	24.0	23.0	10.0	-1.0	16.0	-1.0	-1.0	36.0	26.0	-1.0	39.0	45.0	-1.0	27.0	-1.0	0.0	9.0	
-1.0	-1.0	-1.0	-1.0	-1.0	-1.0	-1.0	-1.0	20.0	-1.0	-1.0	-1.0	40.0	-1.0	-1.0	-1.0	-1.0	-1.0	-1.0	-1.0	-1.0	-1.0	-1.0	3.0	-1.0	-1.0	-1.0	-1.0	-1.0	-1.0	-1.0	-1.0	-1.0	-1.0	-1.0	-1.0	-1.0	-1.0	-1.0	-1.0	-1.0	-1.0	-1.0	39.0	-1.0	-1.0	-1.0	-1.0	0.0	49.0	
-1.0	4.0	19.0	-1.0	28.0	18.0	0.0	-1.0	-1.0	-1.0	-1.0	19.0	-1.0	-1.0	-1.0	-1.0	28.0	-1.0	-1.0	-1.0	39.0	-1.0	15.0	-1.0	-1.0	24.0	-1.0	27.0	27.0	-1.0	-1.0	17.0	-1.0	-1.0	-1.0	10.0	21.0	-1.0	-1.0	-1.0	36.0	26.0	22.0	-1.0	45.0	-1.0	27.0	-1.0	0.0	9.0	
-1.0	4.0	19.0	21.0	28.0	-1.0	0.0	-1.0	20.0	12.0	27.0	19.0	16.0	0.0	-1.0	-1.0	-1.0	-1.0	-1.0	-1.0	39.0	-1.0	15.0	-1.0	-1.0	24.0	-1.0	27.0	27.0	-1.0	-1.0	17.0	37.0	-1.0	-1.0	-1.0	-1.0	16.0	-1.0	-1.0	36.0	26.0	-1.0	-1.0	-1.0	19.0	27.0	11.0	0.0	9.0	
-1.0	23.0	19.0	21.0	37.0	18.0	0.0	-1.0	20.0	-1.0	27.0	19.0	-1.0	0.0	-1.0	27.0	-1.0	-1.0	-1.0	23.0	39.0	-1.0	18.0	-1.0	26.0	24.0	28.0	27.0	27.0	0.0	-1.0	26.0	-1.0	-1.0	-1.0	-1.0	-1.0	-1.0	-1.0	-1.0	36.0	26.0	-1.0	39.0	45.0	19.0	-1.0	11.0	-1.0	-1.0	
-1.0	4.0	19.0	21.0	-1.0	-1.0	0.0	0.0	20.0	-1.0	27.0	19.0	-1.0	-1.0	-1.0	-1.0	-1.0	-1.0	28.0	23.0	-1.0	-1.0	18.0	3.0	-1.0	25.0	-1.0	27.0	-1.0	0.0	-1.0	-1.0	-1.0	-1.0	-1.0	-1.0	-1.0	-1.0	-1.0	-1.0	36.0	26.0	-1.0	39.0	45.0	19.0	27.0	-1.0	0.0	9.0	

distances_centre_w :
-1.0	31.0	42.0	-1.0	-1.0	-1.0	-1.0	-1.0	46.0	-1.0	-1.0	40.0	40.0	-1.0	-1.0	57.0	-1.0	66.0	-1.0	-1.0	-1.0	-1.0	-1.0	-1.0	-1.0	-1.0	-1.0	-1.0	40.0	-1.0	35.0	-1.0	-1.0	51.0	-1.0	-1.0	-1.0	-1.0	-1.0	-1.0	-1.0	-1.0	-1.0	55.0	-1.0	43.0	-1.0	-1.0	-1.0	49.0	
-1.0	23.0	36.0	47.0	35.0	37.0	19.0	29.0	46.0	43.0	28.0	37.0	-1.0	51.0	-1.0	-1.0	-1.0	46.0	40.0	-1.0	-1.0	-1.0	-1.0	-1.0	48.0	25.0	-1.0	30.0	40.0	-1.0	32.0	-1.0	-1.0	27.0	-1.0	45.0	-1.0	43.0	-1.0	-1.0	44.0	42.0	-1.0	55.0	49.0	-1.0	28.0	28.0	19.0	49.0	
-1.0	31.0	-1.0	64.0	37.0	-1.0	69.0	-1.0	-1.0	-1.0	28.0	40.0	-1.0	51.0	-1.0	-1.0	-1.0	-1.0	42.0	65.0	72.0	40.0	35.0	-1.0	60.0	61.0	58.0	58.0	40.0	-1.0	41.0	-1.0	39.0	-1.0	-1.0	-1.0	-1.0	-1.0	43.0	50.0	54.0	42.0	-1.0	-1.0	61.0	-1.0	-1.0	41.0	29.0	49.0	
-1.0	23.0	36.0	37.0	30.0	-1.0	19.0	-1.0	-1.0	43.0	28.0	-1.0	-1.0	51.0	15.0	46.0	-1.0	-1.0	-1.0	34.0	58.0	-1.0	39.0	21.0	-1.0	25.0	58.0	30.0	40.0	51.0	32.0	26.0	-1.0	27.0	-1.0	45.0	-1.0	-1.0	43.0	-1.0	44.0	-1.0	-1.0	-1.0	-1.0	-1.0	28.0	-1.0	19.0	49.0	
-1.0	23.0	42.0	47.0	37.0	25.0	19.0	-1.0	-1.0	43.0	28.0	-1.0	40.0	51.0	-1.0	-1.0	-1.0	-1.0	-1.0	-1.0	58.0	-1.0	18.0	-1.0	48.0	25.0	58.0	-1.0	40.0	-1.0	32.0	-1.0	39.0	51.0	36.0	45.0	-1.0	40.0	-1.0	-1.0	44.0	35.0	-1.0	55.0	49.0	-1.0	28.0	-1.0	56.0	49.0	
-1.0	-1.0	42.0	-1.0	-1.0	37.0	19.0	-1.0	-1.0	45.0	-1.0	-1.0	-1.0	-1.0	-1.0	-1.0	-1.0	-1.0	-1.0	-1.0	-1.0	-1.0	18.0	-1.0	-1.0	43.0	-1.0	-1.0	-1.0	56.0	-1.0	-1.0	-1.0	51.0	-1.0	-1.0	-1.0	-1.0	-1.0	-1.0	55.0	-1.0	-1.0	-1.0	-1.0	-1.0	-1.0	-1.0	-1.0	-1.0	
-1.0	23.0	36.0	-1.0	54.0	25.0	19.0	-1.0	-1.0	-1.0	-1.0	37.0	-1.0	-1.0	-1.0	-1.0	44.0	-1.0	-1.0	-1.0	58.0	-1.0	35.0	-1.0	-1.0	43.0	-1.0	30.0	40.0	-1.0	-1.0	26.0	-1.0	-1.0	-1.0	45.0	31.0	-1.0	-1.0	-1.0	44.0	35.0	39.0	-1.0	49.0	-1.0	28.0	-1.0	19.0	49.0	
-1.0	23.0	36.0	37.0	30.0	-1.0	19.0	-1.0	42.0	44.0	28.0	37.0	40.0	51.0	-1.0	-1.0	-1.0	-1.0	-1.0	-1.0	58.0	-1.0	39.0	-1.0	-1.0	25.0	-1.0	58.0	40.0	-1.0	-1.0	26.0	39.0	-1.0	-1.0	-1.0	-1.0	40.0	-1.0	-1.0	44.0	35.0	-1.0	-1.0	-1.0	43.0	28.0	45.0	19.0	49.0	
-1.0	31.0	36.0	55.0	54.0	25.0	19.0	-1.0	36.0	-1.0	28.0	37.0	-1.0	51.0	-1.0	46.0	-1.0	-1.0	-1.0	44.0	58.0	-1.0	35.0	-1.0	48.0	25.0	58.0	58.0	56.0	51.0	-1.0	36.0	-1.0	-1.0	-1.0	-1.0	-1.0	-1.0	-1.0	-1.0	44.0	35.0	-1.0	55.0	49.0	43.0	-1.0	28.0	-1.0	-1.0	
-1.0	23.0	36.0	37.0	-1.0	-1.0	19.0	20.0	23.0	-1.0	28.0	40.0	-1.0	-1.0	-1.0	-1.0	-1.0	-1.0	40.0	34.0	-1.0	-1.0	35.0	32.0	-1.0	43.0	-1.0	30.0	-1.0	51.0	-1.0	-1.0	-1.0	-1.0	-1.0	-1.0	-1.0	-1.0	-1.0	-1.0	44.0	35.0	-1.0	55.0	49.0	43.0	28.0	-1.0	19.0	49.0	

maxX :
51.0	45.0	45.0	39.0	45.0	49.0	45.0	39.0	45.0	45.0	

maxW :
66.0	55.0	72.0	58.0	58.0	56.0	58.0	58.0	58.0	55.0	

minX :
0.0	0.0	0.0	0.0	0.0	0.0	0.0	0.0	0.0	0.0	

minW :
31.0	19.0	28.0	15.0	18.0	18.0	19.0	19.0	19.0	19.0	

moyX :
23.75	20.2	25.11111111111111	18.428571428571427	21.344827586206897	25.166666666666668	20.954545454545453	19.076923076923077	23.14814814814815	18.91304347826087	

moyW :
45.76923076923077	37.36666666666667	48.148148148148145	35.607142857142854	40.03448275862069	40.666666666666664	36.77272727272727	37.5	42.25925925925926	35.34782608695652	

medX :
23.5	23.5	27.0	22.0	23.0	29.5	21.5	19.0	24.0	20.0	

medW :
43.0	38.5	43.0	35.0	40.0	43.0	36.5	39.0	44.0	35.0	

ecartTypeX :
14.779631253857453	11.759818592705134	13.093208115868016	11.712107811481035	11.803786248397573	18.845129049409262	11.423569227010335	10.71994215298355	11.087876942371034	12.802557636721964	

ecartTypeW :
9.258292301032677	9.813199727351366	12.324933186517734	11.781763407045307	11.397164676510377	13.2077418374393	10.685299239362028	10.374710375938953	11.49425812402321	10.357138666690652	

varX :
218.4375	138.29333333333335	171.4320987654321	137.1734693877551	139.32936979785964	355.1388888888889	130.4979338842975	114.91715976331362	122.94101508916323	163.90548204158787	

varW :
85.71597633136093	96.29888888888891	151.90397805212618	138.80994897959184	129.89536266349586	174.44444444444446	114.17561983471073	107.63461538461539	132.11796982167354	107.2703213610586	

covarX :
233.0	143.06206896551726	178.02564102564105	142.25396825396822	144.30541871921176	426.16666666666674	136.71212121212122	119.51384615384617	127.66951566951566	171.3557312252964	

covarW :
92.85897435897434	99.61954022988508	157.74643874643874	143.95105820105817	134.53448275862067	196.25	119.6125541125541	111.94	137.1994301994302	112.14624505928855	

coef_variationX :
0.6223002633203137	0.5821692372626304	0.5214109426673104	0.6355407339563353	0.5530045253691916	0.748813074810964	0.5451594858876949	0.5619324515676861	0.47899628391042864	0.6769168405623107	

coef_variationW :
0.20228201666121817	0.26261908280155305	0.2559793815661376	0.3308820214616536	0.2846836999300611	0.32478053698621234	0.29057674074902917	0.2766589433583721	0.27199383816706985	0.293006382944508	

moy_distances_centre :	51.0
min_distances_centre :	19.0
max_distances_centre :	86.0
med_distances_centre :	54.0
ecartType_distances_centre :	21.236760581595302
var_distances_centre :	451.0
covar_distances_centre :	474.7368421052631
coef_variation_distances_centre :	0.41640707022735884
capacite_X_temoin : 
156.0	171.0	0.0	175.0	144.0	
138.0	153.0	162.0	163.0	159.0	
0.0	144.0	136.0	147.0	166.0	
166.0	151.0	141.0	168.0	171.0	
144.0	144.0	162.0	147.0	165.0	
172.0	144.0	135.0	0.0	157.0	
172.0	171.0	157.0	135.0	163.0	
141.0	136.0	172.0	156.0	148.0	
147.0	139.0	171.0	144.0	169.0	
154.0	177.0	177.0	147.0	163.0	

capacite_W_temoin : 
55.8	210.3	0.0	112.5	90.19999999999999	
92.4	163.9	65.6	170.9	135.7	
0.0	144.2	46.8	115.1	100.8	
139.8	183.3	82.3	174.4	134.3	
76.19999999999999	173.2	74.6	157.1	148.5	
143.6	166.2	68.5	0.0	125.1	
128.6	206.3	143.1	135.5	172.9	
96.3	159.8	136.6	133.8	133.4	
100.1	175.7	115.3	142.2	124.69999999999999	
118.19999999999999	202.1	175.1	135.1	157.9	

demande_cumulee_X : 
147.0	12.0	0.0	115.0	97.0	
87.0	35.0	145.0	41.0	71.0	
0.0	43.0	130.0	76.0	115.0	
76.0	13.0	101.0	44.0	88.0	
111.0	14.0	136.0	34.0	66.0	
80.0	21.0	107.0	0.0	79.0	
95.0	16.0	61.0	40.0	39.0	
87.0	17.0	87.0	69.0	59.0	
91.0	5.0	107.0	45.0	95.0	
82.0	28.0	55.0	56.0	54.0	

demande_cumulee_W : 
47.0	153.0	0.0	83.0	88.0	
88.0	41.0	46.0	96.0	108.0	
0.0	122.0	33.0	114.0	95.0	
119.0	47.0	46.0	59.0	51.0	
76.0	57.0	47.0	98.0	83.0	
139.0	20.0	29.0	0.0	99.0	
87.0	46.0	39.0	19.0	60.0	
91.0	62.0	45.0	55.0	66.0	
93.0	106.0	40.0	35.0	69.0	
97.0	24.0	54.0	22.0	78.0	

capacite_residuelle_X : 
9.0	159.0	0.0	60.0	47.0	
51.0	118.0	17.0	122.0	88.0	
0.0	101.0	6.0	71.0	51.0	
90.0	138.0	40.0	124.0	83.0	
33.0	130.0	26.0	113.0	99.0	
92.0	123.0	28.0	0.0	78.0	
77.0	155.0	96.0	95.0	124.0	
54.0	119.0	85.0	87.0	89.0	
56.0	134.0	64.0	99.0	74.0	
72.0	149.0	122.0	91.0	109.0	

capacite_residuelle_W : 
8.799999999999997	57.30000000000001	0.0	29.5	2.1999999999999886	
4.400000000000006	122.9	19.599999999999994	74.9	27.69999999999999	
0.0	22.19999999999999	13.799999999999997	1.0999999999999943	5.799999999999997	
20.80000000000001	136.3	36.3	115.4	83.30000000000001	
0.19999999999998863	116.19999999999999	27.599999999999994	59.099999999999994	65.5	
4.599999999999994	146.2	39.5	0.0	26.099999999999994	
41.599999999999994	160.3	104.1	116.5	112.9	
5.299999999999997	97.80000000000001	91.6	78.80000000000001	67.4	
7.099999999999994	69.69999999999999	75.3	107.19999999999999	55.69999999999999	
21.19999999999999	178.1	121.1	113.1	79.9	

min_capacite_X : 
0.0	138.0	0.0	141.0	144.0	0.0	135.0	136.0	139.0	147.0	

min_capacite_W : 
0.0	65.6	0.0	82.3	74.6	0.0	128.6	96.3	100.1	118.19999999999999	

max_capacite_X : 
175.0	163.0	166.0	171.0	165.0	172.0	172.0	172.0	171.0	177.0	

max_capacite_W : 
210.3	170.9	144.2	183.3	173.2	166.2	206.3	159.8	175.7	202.1	

moy_capacite_X : 
129.2	155.0	118.6	159.4	152.4	121.6	159.6	150.6	154.0	163.6	

moy_capacite_W : 
93.76	125.7	81.38000000000001	142.82000000000002	125.92	100.67999999999999	157.28	131.98	131.6	157.68	

med_capacite_X : 
156.0	159.0	144.0	166.0	147.0	144.0	163.0	148.0	147.0	163.0	

med_capacite_W : 
90.19999999999999	135.7	100.8	139.8	148.5	125.1	143.1	133.8	124.69999999999999	157.9	

ecartType_capacite_X : 
65.53594433591385	9.186947262284681	60.11189566134144	11.499565209172042	9.178235124467014	62.06641603959423	13.46996659238619	12.642784503423286	13.326664999166145	12.059850745345068	

ecartType_capacite_W : 
69.5375179309702	40.799950980362716	51.53447001764935	35.72200442304435	42.007780231761835	59.838696509867255	28.792110030353808	20.365107414398782	25.933453298779934	29.479375841425135	

var_capacite_X : 
4294.959999999999	84.4	3613.44	132.24	84.24000000000001	3852.2400000000002	181.44	159.84	177.6	145.44	

var_capacite_W : 
4835.466400000001	1664.6360000000004	2655.8016	1276.0616000000005	1764.6536000000003	3580.6695999999997	828.9856000000003	414.7376000000002	672.5439999999999	869.0336	

covar_capacite_X : 
5368.699999999999	105.5	4516.8	165.3	105.30000000000001	4815.3	226.8	199.8	222.0	181.8	

covar_capacite_W : 
6044.333000000001	2080.7950000000005	3319.7519999999995	1595.0770000000005	2205.8170000000005	4475.8369999999995	1036.2320000000004	518.4220000000003	840.6799999999998	1086.292	

##########	##########	##########	##########	##########	##########	##########	##########	##########	##########	##########	##########	##########	##########	##########	##########	##########	##########	##########	##########	##########	##########	##########	##########	##########	##########	##########	##########	##########	##########	##########	##########	##########	##########	##########	##########	##########	##########	##########	##########	##########	##########	##########	##########	##########	##########	##########	##########	##########	##########	nombre de noeuds : 50
nombre de strates : 10
nombre de centres : 5
titre : fenetre
instances : p7_3
temps de calcul : 0.07316398620605469
valeur objective : 1119.0
nombre de solutions : 2
nombre de noeuds : 0.0
faisability : True
moy_distances :	47.35
min_distances :	1.0
max_distances :	120.0
var_distances :	507.7547355268637
covar_distances :	507.96206698277524
ecartType_distances :	22.533413756616277
coef_variation	: 0.47592123882508514
distances_centre_x :
46.0	-1.0	19.0	27.0	-1.0	-1.0	-1.0	-1.0	-1.0	43.0	-1.0	-1.0	16.0	45.0	-1.0	-1.0	-1.0	26.0	-1.0	-1.0	-1.0	-1.0	-1.0	-1.0	-1.0	-1.0	-1.0	27.0	40.0	-1.0	31.0	-1.0	-1.0	27.0	-1.0	-1.0	-1.0	-1.0	-1.0	-1.0	19.0	24.0	-1.0	55.0	0.0	19.0	-1.0	-1.0	-1.0	9.0	
-1.0	4.0	19.0	21.0	37.0	18.0	0.0	0.0	23.0	12.0	27.0	19.0	-1.0	0.0	-1.0	-1.0	-1.0	24.0	21.0	-1.0	-1.0	-1.0	-1.0	-1.0	19.0	25.0	-1.0	27.0	40.0	-1.0	32.0	-1.0	-1.0	24.0	-1.0	10.0	-1.0	16.0	-1.0	-1.0	19.0	24.0	-1.0	55.0	0.0	-1.0	27.0	28.0	19.0	9.0	
-1.0	4.0	-1.0	21.0	28.0	-1.0	20.0	-1.0	-1.0	-1.0	28.0	19.0	-1.0	0.0	-1.0	-1.0	-1.0	-1.0	21.0	23.0	13.0	20.0	39.0	-1.0	19.0	25.0	31.0	27.0	40.0	-1.0	31.0	-1.0	37.0	-1.0	-1.0	-1.0	-1.0	-1.0	36.0	7.0	19.0	24.0	-1.0	-1.0	0.0	-1.0	-1.0	41.0	29.0	9.0	
-1.0	4.0	19.0	21.0	28.0	-1.0	0.0	-1.0	-1.0	12.0	27.0	-1.0	-1.0	0.0	15.0	46.0	-1.0	-1.0	-1.0	23.0	13.0	-1.0	15.0	21.0	-1.0	25.0	31.0	27.0	40.0	0.0	23.0	17.0	-1.0	24.0	-1.0	10.0	-1.0	-1.0	36.0	-1.0	19.0	-1.0	-1.0	-1.0	-1.0	-1.0	27.0	-1.0	19.0	9.0	
-1.0	4.0	36.0	21.0	37.0	18.0	0.0	-1.0	-1.0	12.0	27.0	-1.0	16.0	0.0	-1.0	-1.0	-1.0	-1.0	-1.0	-1.0	13.0	-1.0	15.0	-1.0	19.0	24.0	31.0	-1.0	40.0	-1.0	23.0	-1.0	37.0	24.0	23.0	10.0	-1.0	16.0	-1.0	-1.0	19.0	24.0	-1.0	55.0	0.0	-1.0	27.0	-1.0	19.0	9.0	
-1.0	-1.0	-1.0	-1.0	-1.0	-1.0	-1.0	-1.0	-1.0	-1.0	-1.0	-1.0	-1.0	-1.0	-1.0	-1.0	-1.0	-1.0	-1.0	-1.0	-1.0	-1.0	-1.0	-1.0	-1.0	-1.0	-1.0	-1.0	-1.0	-1.0	-1.0	-1.0	-1.0	-1.0	-1.0	-1.0	-1.0	-1.0	-1.0	-1.0	-1.0	-1.0	-1.0	-1.0	-1.0	-1.0	-1.0	-1.0	-1.0	-1.0	
-1.0	4.0	19.0	-1.0	28.0	18.0	0.0	-1.0	-1.0	-1.0	-1.0	19.0	-1.0	-1.0	-1.0	-1.0	28.0	-1.0	-1.0	-1.0	13.0	-1.0	15.0	-1.0	-1.0	24.0	-1.0	27.0	40.0	-1.0	-1.0	17.0	-1.0	-1.0	-1.0	10.0	21.0	-1.0	-1.0	-1.0	19.0	24.0	39.0	-1.0	0.0	-1.0	27.0	-1.0	19.0	9.0	
-1.0	4.0	19.0	21.0	28.0	-1.0	0.0	-1.0	23.0	12.0	27.0	19.0	16.0	0.0	-1.0	-1.0	-1.0	-1.0	-1.0	-1.0	13.0	-1.0	15.0	-1.0	-1.0	24.0	-1.0	27.0	40.0	-1.0	-1.0	17.0	37.0	-1.0	-1.0	-1.0	-1.0	16.0	-1.0	-1.0	19.0	24.0	-1.0	-1.0	-1.0	19.0	27.0	28.0	19.0	9.0	
-1.0	4.0	19.0	21.0	35.0	18.0	0.0	-1.0	23.0	-1.0	27.0	19.0	-1.0	0.0	-1.0	46.0	-1.0	-1.0	-1.0	23.0	13.0	-1.0	15.0	-1.0	19.0	24.0	31.0	27.0	40.0	0.0	-1.0	17.0	-1.0	-1.0	-1.0	-1.0	-1.0	-1.0	-1.0	-1.0	19.0	24.0	-1.0	55.0	0.0	19.0	-1.0	28.0	-1.0	-1.0	
-1.0	4.0	19.0	21.0	-1.0	-1.0	0.0	0.0	23.0	-1.0	27.0	19.0	-1.0	-1.0	-1.0	-1.0	-1.0	-1.0	21.0	23.0	-1.0	-1.0	15.0	21.0	-1.0	24.0	-1.0	27.0	-1.0	0.0	-1.0	-1.0	-1.0	-1.0	-1.0	-1.0	-1.0	-1.0	-1.0	-1.0	19.0	24.0	-1.0	55.0	0.0	19.0	27.0	-1.0	19.0	9.0	

distances_centre_w :
66.0	65.0	-1.0	-1.0	-1.0	-1.0	-1.0	-1.0	54.0	-1.0	-1.0	-1.0	-1.0	51.0	-1.0	-1.0	-1.0	66.0	-1.0	-1.0	-1.0	-1.0	-1.0	-1.0	-1.0	38.0	-1.0	-1.0	-1.0	-1.0	-1.0	-1.0	-1.0	66.0	-1.0	-1.0	-1.0	-1.0	-1.0	-1.0	-1.0	-1.0	-1.0	-1.0	-1.0	-1.0	-1.0	-1.0	-1.0	-1.0	
-1.0	23.0	36.0	27.0	57.0	25.0	20.0	20.0	54.0	43.0	28.0	37.0	-1.0	45.0	-1.0	-1.0	-1.0	26.0	42.0	-1.0	-1.0	-1.0	-1.0	-1.0	26.0	38.0	-1.0	39.0	46.0	-1.0	41.0	-1.0	-1.0	27.0	-1.0	45.0	-1.0	43.0	-1.0	-1.0	36.0	26.0	-1.0	58.0	45.0	-1.0	28.0	41.0	29.0	54.0	
-1.0	65.0	-1.0	55.0	57.0	-1.0	49.0	-1.0	-1.0	-1.0	72.0	80.0	-1.0	45.0	-1.0	-1.0	-1.0	-1.0	42.0	65.0	73.0	40.0	54.0	-1.0	26.0	61.0	56.0	58.0	65.0	-1.0	41.0	-1.0	39.0	-1.0	-1.0	-1.0	-1.0	-1.0	43.0	50.0	44.0	72.0	-1.0	-1.0	61.0	-1.0	-1.0	45.0	56.0	54.0	
-1.0	23.0	36.0	27.0	35.0	-1.0	20.0	-1.0	-1.0	43.0	28.0	-1.0	-1.0	45.0	22.0	49.0	-1.0	-1.0	-1.0	27.0	39.0	-1.0	49.0	32.0	-1.0	38.0	45.0	41.0	46.0	51.0	31.0	35.0	-1.0	27.0	-1.0	45.0	-1.0	-1.0	43.0	-1.0	36.0	-1.0	-1.0	-1.0	-1.0	-1.0	28.0	-1.0	29.0	54.0	
-1.0	23.0	52.0	27.0	57.0	25.0	20.0	-1.0	-1.0	43.0	28.0	-1.0	52.0	45.0	-1.0	-1.0	-1.0	-1.0	-1.0	-1.0	39.0	-1.0	39.0	-1.0	26.0	25.0	56.0	-1.0	56.0	-1.0	31.0	-1.0	39.0	56.0	28.0	45.0	-1.0	40.0	-1.0	-1.0	36.0	42.0	-1.0	58.0	45.0	-1.0	28.0	-1.0	29.0	54.0	
-1.0	-1.0	-1.0	-1.0	-1.0	-1.0	-1.0	-1.0	-1.0	-1.0	-1.0	-1.0	-1.0	-1.0	-1.0	-1.0	-1.0	-1.0	-1.0	-1.0	-1.0	-1.0	-1.0	-1.0	-1.0	-1.0	-1.0	-1.0	-1.0	-1.0	-1.0	-1.0	-1.0	-1.0	-1.0	-1.0	-1.0	-1.0	-1.0	-1.0	-1.0	-1.0	-1.0	-1.0	-1.0	-1.0	-1.0	-1.0	-1.0	-1.0	
-1.0	23.0	36.0	-1.0	35.0	25.0	20.0	-1.0	-1.0	-1.0	-1.0	37.0	-1.0	-1.0	-1.0	-1.0	44.0	-1.0	-1.0	-1.0	39.0	-1.0	35.0	-1.0	-1.0	25.0	-1.0	39.0	46.0	-1.0	-1.0	26.0	-1.0	-1.0	-1.0	45.0	31.0	-1.0	-1.0	-1.0	36.0	26.0	39.0	-1.0	45.0	-1.0	28.0	-1.0	29.0	54.0	
-1.0	23.0	36.0	27.0	35.0	-1.0	20.0	-1.0	36.0	43.0	28.0	37.0	43.0	52.0	-1.0	-1.0	-1.0	-1.0	-1.0	-1.0	39.0	-1.0	35.0	-1.0	-1.0	25.0	-1.0	39.0	56.0	-1.0	-1.0	26.0	39.0	-1.0	-1.0	-1.0	-1.0	40.0	-1.0	-1.0	36.0	26.0	-1.0	-1.0	-1.0	59.0	28.0	41.0	29.0	54.0	
-1.0	23.0	36.0	27.0	54.0	25.0	20.0	-1.0	36.0	-1.0	28.0	37.0	-1.0	45.0	-1.0	49.0	-1.0	-1.0	-1.0	52.0	39.0	-1.0	35.0	-1.0	26.0	25.0	45.0	39.0	56.0	51.0	-1.0	26.0	-1.0	-1.0	-1.0	-1.0	-1.0	-1.0	-1.0	-1.0	36.0	26.0	-1.0	58.0	45.0	59.0	-1.0	41.0	-1.0	-1.0	
-1.0	23.0	36.0	27.0	-1.0	-1.0	20.0	20.0	36.0	-1.0	28.0	37.0	-1.0	-1.0	-1.0	-1.0	-1.0	-1.0	28.0	27.0	-1.0	-1.0	49.0	32.0	-1.0	25.0	-1.0	39.0	-1.0	51.0	-1.0	-1.0	-1.0	-1.0	-1.0	-1.0	-1.0	-1.0	-1.0	-1.0	36.0	26.0	-1.0	58.0	45.0	59.0	28.0	-1.0	29.0	54.0	

maxX :
55.0	55.0	41.0	46.0	55.0	nan	40.0	40.0	55.0	55.0	

maxW :
66.0	58.0	80.0	54.0	58.0	nan	54.0	59.0	59.0	59.0	

minX :
0.0	0.0	0.0	0.0	0.0	nan	0.0	0.0	0.0	0.0	

minW :
38.0	20.0	26.0	20.0	20.0	nan	20.0	20.0	20.0	20.0	

moyX :
27.823529411764707	19.966666666666665	22.62962962962963	19.678571428571427	20.655172413793103	nan	19.09090909090909	19.346153846153847	20.962962962962962	18.08695652173913	

moyW :
58.0	36.833333333333336	54.370370370370374	36.57142857142857	39.44827586206897	nan	34.68181818181818	36.61538461538461	38.48148148148148	35.34782608695652	

medX :
27.0	20.0	23.0	20.0	19.0	nan	19.0	19.0	19.0	19.0	

medW :
65.0	37.5	55.0	36.0	39.0	nan	35.5	36.0	37.0	32.0	

ecartTypeX :
13.878613653928742	12.273231938744669	11.402235479803943	11.298083185809414	12.57604691485986	nan	10.378776819281876	9.518978240628671	13.30964974768441	12.064727761314442	

ecartTypeW :
10.042765697612529	10.853826770109958	12.350283092116486	9.336673357666267	11.892003128432936	nan	8.651780497974043	10.137807846324277	11.58022059014092	11.671625555173923	

varX :
192.61591695501733	150.6322222222222	130.01097393689986	127.64668367346938	158.15695600475624	nan	107.71900826446281	90.61094674556213	177.14677640603568	145.5576559546314	

varW :
100.85714285714286	117.80555555555557	152.52949245541836	87.17346938775509	141.41973840665872	nan	74.85330578512396	102.77514792899409	134.10150891632372	136.226843100189	

covarX :
204.65441176470588	155.82643678160917	135.01139601139604	132.3743386243386	163.80541871921181	nan	112.84848484848484	94.23538461538459	183.96011396011394	152.1739130434783	

covarW :
117.66666666666666	121.86781609195405	158.39601139601137	90.40211640211639	146.47044334975365	nan	78.41774891774891	106.88615384615385	139.25925925925927	142.41897233201578	

coef_variationX :
0.4988085245598068	0.6146860737267781	0.5038631063088486	0.5741312689703514	0.6088570292670049	nan	0.5436502143433364	0.49203466054939454	0.6349126204725779	0.6670402368034428	

coef_variationW :
0.17315113271745738	0.2946740299577364	0.22715098330186997	0.25529966212368704	0.30145812126272303	nan	0.249461560885228	0.2768729033659992	0.30092969772262257	0.3301935888917592	

moy_distances_centre :	59.7
min_distances_centre :	20.0
max_distances_centre :	92.0
med_distances_centre :	56.5
ecartType_distances_centre :	20.040209579742424
var_distances_centre :	401.61
covar_distances_centre :	422.74736842105256
coef_variation_distances_centre :	0.3356819025082483
capacite_X_temoin : 
156.0	171.0	0.0	175.0	135.0	
138.0	153.0	162.0	163.0	168.0	
0.0	144.0	136.0	147.0	135.0	
166.0	151.0	141.0	168.0	163.0	
144.0	144.0	162.0	147.0	144.0	
172.0	144.0	135.0	0.0	0.0	
172.0	171.0	157.0	135.0	172.0	
141.0	136.0	172.0	156.0	151.0	
147.0	139.0	171.0	144.0	135.0	
154.0	177.0	177.0	147.0	153.0	

capacite_W_temoin : 
93.8	199.3	0.0	97.5	66.5	
81.4	167.9	111.6	141.9	137.4	
0.0	110.19999999999999	102.8	95.1	58.5	
109.8	175.3	106.3	142.4	169.9	
88.19999999999999	173.2	123.6	117.1	100.19999999999999	
102.6	126.19999999999999	70.5	0.0	0.0	
141.6	198.3	184.1	122.5	151.6	
82.3	159.8	159.6	121.8	140.3	
90.1	165.7	174.3	99.19999999999999	84.5	
114.19999999999999	210.1	192.1	120.1	138.9	

demande_cumulee_X : 
109.0	23.0	0.0	130.0	109.0	
98.0	31.0	99.0	70.0	81.0	
0.0	77.0	74.0	96.0	117.0	
106.0	21.0	77.0	76.0	42.0	
99.0	14.0	87.0	74.0	87.0	
121.0	61.0	105.0	0.0	0.0	
82.0	24.0	20.0	53.0	72.0	
101.0	17.0	64.0	81.0	56.0	
101.0	15.0	48.0	88.0	91.0	
86.0	20.0	38.0	71.0	60.0	

demande_cumulee_W : 
81.0	195.0	0.0	34.0	61.0	
81.0	83.0	100.0	42.0	73.0	
0.0	110.0	101.0	95.0	58.0	
79.0	73.0	71.0	35.0	64.0	
85.0	91.0	108.0	35.0	42.0	
96.0	126.0	65.0	0.0	0.0	
82.0	66.0	97.0	6.0	0.0	
72.0	79.0	126.0	30.0	12.0	
78.0	114.0	118.0	8.0	25.0	
78.0	51.0	105.0	7.0	34.0	

capacite_residuelle_X : 
47.0	148.0	0.0	45.0	26.0	
40.0	122.0	63.0	93.0	87.0	
0.0	67.0	62.0	51.0	18.0	
60.0	130.0	64.0	92.0	121.0	
45.0	130.0	75.0	73.0	57.0	
51.0	83.0	30.0	0.0	0.0	
90.0	147.0	137.0	82.0	100.0	
40.0	119.0	108.0	75.0	95.0	
46.0	124.0	123.0	56.0	44.0	
68.0	157.0	139.0	76.0	93.0	

capacite_residuelle_W : 
12.799999999999997	4.300000000000011	0.0	63.5	5.5	
0.4000000000000057	84.9	11.599999999999994	99.9	64.4	
0.0	0.19999999999998863	1.7999999999999972	0.09999999999999432	0.5	
30.799999999999997	102.30000000000001	35.3	107.4	105.9	
3.1999999999999886	82.19999999999999	15.599999999999994	82.1	58.19999999999999	
6.599999999999994	0.19999999999998863	5.5	0.0	0.0	
59.599999999999994	132.3	87.1	116.5	151.6	
10.299999999999997	80.80000000000001	33.599999999999994	91.8	128.3	
12.099999999999994	51.69999999999999	56.30000000000001	91.19999999999999	59.5	
36.19999999999999	159.1	87.1	113.1	104.9	

min_capacite_X : 
0.0	138.0	0.0	141.0	144.0	0.0	135.0	136.0	135.0	147.0	

min_capacite_W : 
0.0	81.4	0.0	106.3	88.19999999999999	0.0	122.5	82.3	84.5	114.19999999999999	

max_capacite_X : 
175.0	168.0	147.0	168.0	162.0	172.0	172.0	172.0	171.0	177.0	

max_capacite_W : 
199.3	167.9	110.19999999999999	175.3	173.2	126.19999999999999	198.3	159.8	174.3	210.1	

moy_capacite_X : 
127.4	156.8	112.4	157.8	148.2	90.2	161.4	151.2	147.2	161.6	

moy_capacite_W : 
91.42	128.04	73.32000000000001	140.74	120.46	59.85999999999999	159.62	132.76	122.75999999999999	155.07999999999998	

med_capacite_X : 
156.0	162.0	136.0	163.0	144.0	135.0	171.0	151.0	144.0	154.0	

med_capacite_W : 
93.8	137.4	95.1	142.4	117.1	70.5	151.6	140.3	99.19999999999999	138.9	

ecartType_capacite_X : 
65.2276015196021	10.57166022912201	56.38652321255497	10.264501936285072	6.99714227381436	74.65226051500383	14.374978260853128	12.576167937809991	12.592060990957753	12.8	

ecartType_capacite_W : 
64.27962040958238	29.373770612572027	40.74071182490556	28.951172687820442	29.16790016439305	51.97567123183691	27.793337331094303	28.89543908647176	38.95071758003953	38.869648827845104	

var_capacite_X : 
4254.639999999999	111.76000000000002	3179.44	105.35999999999999	48.959999999999994	5572.960000000001	206.64000000000001	158.16	158.55999999999997	163.84	

var_capacite_W : 
4131.8696	862.8184000000001	1659.8055999999997	838.1704000000003	850.7664000000001	2701.4703999999992	772.4696000000002	834.9464	1517.1584000000003	1510.8496	

covar_capacite_X : 
5318.299999999999	139.70000000000002	3974.3	131.7	61.199999999999996	6966.200000000001	258.3	197.7	198.19999999999996	204.8	

covar_capacite_W : 
5164.837	1078.5230000000001	2074.7569999999996	1047.7130000000004	1063.458	3376.8379999999993	965.5870000000003	1043.683	1896.4480000000003	1888.5620000000001	

##########	##########	##########	##########	##########	##########	##########	##########	##########	##########	##########	##########	##########	##########	##########	##########	##########	##########	##########	##########	##########	##########	##########	##########	##########	##########	##########	##########	##########	##########	##########	##########	##########	##########	##########	##########	##########	##########	##########	##########	##########	##########	##########	##########	##########	##########	##########	##########	##########	##########	