nombre de noeuds : 50
nombre de strates : 3
nombre de centres : 5
titre : fenetre
instances : p8_1
temps de calcul : 0.029968976974487305
valeur objective : 301.0
nombre de solutions : 3
nombre de noeuds : 1.0
faisability : True
moy_distances :	53.19
min_distances :	1.0
max_distances :	130.0
var_distances :	651.3330085797585
covar_distances :	651.5989673419389
ecartType_distances :	25.52122662764779
coef_variation	: 0.47985484127683786
distances_centre_x :
-1.0	34.0	0.0	5.0	22.0	27.0	13.0	-1.0	30.0	31.0	-1.0	-1.0	22.0	16.0	12.0	9.0	22.0	-1.0	3.0	-1.0	39.0	22.0	6.0	5.0	-1.0	25.0	-1.0	-1.0	23.0	-1.0	26.0	-1.0	-1.0	17.0	-1.0	1.0	-1.0	-1.0	15.0	0.0	-1.0	-1.0	31.0	-1.0	17.0	-1.0	27.0	36.0	-1.0	26.0	
0.0	34.0	0.0	5.0	22.0	29.0	13.0	-1.0	30.0	31.0	-1.0	27.0	22.0	-1.0	12.0	-1.0	-1.0	-1.0	15.0	-1.0	39.0	-1.0	6.0	-1.0	0.0	25.0	19.0	33.0	23.0	14.0	-1.0	5.0	-1.0	17.0	8.0	1.0	20.0	29.0	15.0	-1.0	27.0	28.0	31.0	-1.0	17.0	28.0	-1.0	36.0	37.0	-1.0	
0.0	34.0	-1.0	5.0	22.0	27.0	13.0	41.0	-1.0	31.0	24.0	27.0	26.0	16.0	12.0	-1.0	-1.0	6.0	15.0	0.0	-1.0	-1.0	-1.0	5.0	-1.0	-1.0	19.0	-1.0	23.0	-1.0	26.0	-1.0	26.0	-1.0	19.0	-1.0	20.0	29.0	15.0	0.0	-1.0	-1.0	31.0	11.0	17.0	28.0	-1.0	36.0	37.0	26.0	

distances_centre_w :
-1.0	56.0	41.0	43.0	44.0	61.0	45.0	-1.0	60.0	52.0	-1.0	-1.0	36.0	26.0	29.0	36.0	49.0	-1.0	15.0	-1.0	61.0	34.0	12.0	6.0	-1.0	48.0	-1.0	-1.0	30.0	-1.0	27.0	-1.0	-1.0	39.0	-1.0	10.0	-1.0	-1.0	28.0	12.0	-1.0	-1.0	40.0	-1.0	23.0	-1.0	34.0	60.0	-1.0	60.0	
43.0	56.0	41.0	49.0	23.0	61.0	45.0	-1.0	60.0	46.0	-1.0	38.0	54.0	-1.0	29.0	-1.0	-1.0	-1.0	51.0	-1.0	61.0	-1.0	12.0	-1.0	41.0	48.0	23.0	59.0	31.0	25.0	-1.0	39.0	-1.0	39.0	19.0	10.0	24.0	37.0	28.0	-1.0	28.0	30.0	40.0	-1.0	23.0	37.0	-1.0	60.0	44.0	-1.0	
43.0	56.0	-1.0	43.0	44.0	31.0	45.0	55.0	-1.0	46.0	39.0	38.0	36.0	26.0	29.0	-1.0	-1.0	47.0	51.0	12.0	-1.0	-1.0	-1.0	6.0	-1.0	-1.0	23.0	-1.0	30.0	-1.0	27.0	-1.0	29.0	-1.0	53.0	-1.0	24.0	37.0	28.0	12.0	-1.0	-1.0	40.0	23.0	54.0	37.0	-1.0	60.0	44.0	42.0	

maxX :
39.0	39.0	41.0	

maxW :
61.0	61.0	60.0	

minX :
0.0	0.0	0.0	

minW :
6.0	10.0	6.0	

moyX :
18.733333333333334	19.942857142857143	20.21212121212121	

moyW :
37.233333333333334	38.68571428571428	36.666666666666664	

medX :
22.0	22.0	22.0	

medW :
37.5	39.0	38.0	

ecartTypeX :
11.129340601411307	11.479031460245508	10.948246229440546	

ecartTypeW :
16.14658546635239	14.015851084848649	13.134886848589618	

varX :
123.86222222222221	131.76816326530613	119.86409550045914	

varW :
260.71222222222224	196.44408163265305	172.5252525252525	

covarX :
128.13333333333333	135.64369747899158	123.60984848484848	

covarW :
269.7022988505747	202.2218487394958	177.91666666666669	

coef_variationX :
0.594092914666084	0.5755961333933994	0.5416673546799671	

coef_variationW :
0.4336594127041824	0.36230043424645697	0.3582241867797169	

moy_distances_centre :	57.7
min_distances_centre :	12.0
max_distances_centre :	87.0
med_distances_centre :	57.5
ecartType_distances_centre :	21.410511437142272
var_distances_centre :	458.41
covar_distances_centre :	482.5368421052631
coef_variation_distances_centre :	0.37106605610298565
capacite_X_temoin : 
163.0	166.0	153.0	163.0	169.0	
166.0	172.0	175.0	175.0	174.0	
159.0	178.0	162.0	147.0	151.0	

capacite_W_temoin : 
153.9	123.8	144.9	189.9	81.69999999999999	
112.8	133.6	181.5	193.5	80.19999999999999	
126.69999999999999	166.4	130.6	166.1	52.3	

demande_cumulee_X : 
58.0	92.0	54.0	22.0	138.0	
103.0	90.0	46.0	34.0	146.0	
80.0	65.0	80.0	25.0	144.0	

demande_cumulee_W : 
40.0	66.0	122.0	66.0	70.0	
31.0	127.0	120.0	67.0	74.0	
20.0	108.0	113.0	118.0	35.0	

capacite_residuelle_X : 
105.0	74.0	99.0	141.0	31.0	
63.0	82.0	129.0	141.0	28.0	
79.0	113.0	82.0	122.0	7.0	

capacite_residuelle_W : 
113.9	57.8	22.900000000000006	123.9	11.699999999999989	
81.8	6.599999999999994	61.5	126.5	6.199999999999989	
106.69999999999999	58.400000000000006	17.599999999999994	48.099999999999994	17.299999999999997	

min_capacite_X : 
153.0	166.0	147.0	

min_capacite_W : 
81.69999999999999	80.19999999999999	52.3	

max_capacite_X : 
169.0	175.0	178.0	

max_capacite_W : 
189.9	193.5	166.4	

moy_capacite_X : 
162.8	172.4	159.4	

moy_capacite_W : 
138.84	140.32	128.42000000000002	

med_capacite_X : 
163.0	174.0	159.0	

med_capacite_W : 
144.9	133.6	130.6	

ecartType_capacite_X : 
5.381449618829484	3.3823069050575527	10.744300814850634	

ecartType_capacite_W : 
35.67024530333371	42.28670713120141	41.627462089346736	

var_capacite_X : 
28.959999999999997	11.44	115.44000000000001	

var_capacite_W : 
1272.3664000000003	1788.1656000000003	1732.8455999999999	

covar_capacite_X : 
36.199999999999996	14.299999999999999	144.3	

covar_capacite_W : 
1590.4580000000005	2235.2070000000003	2166.057	

##########	##########	##########	##########	##########	##########	##########	##########	##########	##########	##########	##########	##########	##########	##########	##########	##########	##########	##########	##########	##########	##########	##########	##########	##########	##########	##########	##########	##########	##########	##########	##########	##########	##########	##########	##########	##########	##########	##########	##########	##########	##########	##########	##########	##########	##########	##########	##########	##########	##########	nombre de noeuds : 50
nombre de strates : 3
nombre de centres : 5
titre : fenetre
instances : p8_1
temps de calcul : 0.023768901824951172
valeur objective : 336.0
nombre de solutions : 3
nombre de noeuds : 1.0
faisability : True
moy_distances :	53.19
min_distances :	1.0
max_distances :	130.0
var_distances :	651.3330085797585
covar_distances :	651.5989673419389
ecartType_distances :	25.52122662764779
coef_variation	: 0.47985484127683786
distances_centre_x :
-1.0	34.0	41.0	5.0	22.0	31.0	13.0	-1.0	30.0	27.0	-1.0	-1.0	26.0	16.0	29.0	22.0	38.0	-1.0	3.0	-1.0	41.0	22.0	6.0	5.0	-1.0	44.0	-1.0	-1.0	23.0	-1.0	26.0	-1.0	-1.0	28.0	-1.0	1.0	-1.0	-1.0	0.0	0.0	-1.0	-1.0	31.0	-1.0	17.0	-1.0	27.0	36.0	-1.0	42.0	
0.0	34.0	28.0	5.0	22.0	29.0	13.0	-1.0	30.0	27.0	-1.0	27.0	22.0	-1.0	29.0	-1.0	-1.0	-1.0	3.0	-1.0	39.0	-1.0	6.0	-1.0	0.0	44.0	19.0	33.0	23.0	14.0	-1.0	30.0	-1.0	28.0	19.0	1.0	13.0	28.0	0.0	-1.0	28.0	28.0	31.0	-1.0	17.0	28.0	-1.0	36.0	37.0	-1.0	
0.0	34.0	-1.0	5.0	22.0	31.0	13.0	50.0	-1.0	27.0	38.0	27.0	26.0	16.0	29.0	-1.0	-1.0	22.0	3.0	0.0	-1.0	-1.0	-1.0	5.0	-1.0	-1.0	19.0	-1.0	31.0	-1.0	26.0	-1.0	29.0	-1.0	19.0	-1.0	13.0	28.0	0.0	0.0	-1.0	-1.0	31.0	11.0	17.0	28.0	-1.0	38.0	37.0	42.0	

distances_centre_w :
-1.0	35.0	43.0	49.0	23.0	61.0	66.0	-1.0	35.0	31.0	-1.0	-1.0	36.0	26.0	39.0	36.0	49.0	-1.0	15.0	-1.0	61.0	34.0	12.0	6.0	-1.0	48.0	-1.0	-1.0	31.0	-1.0	27.0	-1.0	-1.0	43.0	-1.0	10.0	-1.0	-1.0	15.0	12.0	-1.0	-1.0	38.0	-1.0	23.0	-1.0	34.0	62.0	-1.0	48.0	
15.0	35.0	41.0	49.0	23.0	61.0	66.0	-1.0	35.0	31.0	-1.0	27.0	36.0	-1.0	60.0	-1.0	-1.0	-1.0	15.0	-1.0	61.0	-1.0	12.0	-1.0	61.0	48.0	23.0	36.0	30.0	25.0	-1.0	45.0	-1.0	39.0	53.0	10.0	24.0	29.0	63.0	-1.0	55.0	61.0	38.0	-1.0	54.0	37.0	-1.0	62.0	43.0	-1.0	
15.0	35.0	-1.0	57.0	23.0	61.0	66.0	55.0	-1.0	31.0	53.0	27.0	36.0	26.0	39.0	-1.0	-1.0	37.0	15.0	12.0	-1.0	-1.0	-1.0	6.0	-1.0	-1.0	23.0	-1.0	62.0	-1.0	27.0	-1.0	32.0	-1.0	53.0	-1.0	24.0	29.0	15.0	12.0	-1.0	-1.0	38.0	23.0	23.0	37.0	-1.0	62.0	43.0	48.0	

maxX :
44.0	44.0	50.0	

maxW :
66.0	66.0	66.0	

minX :
0.0	0.0	0.0	

minW :
6.0	10.0	6.0	

moyX :
22.866666666666667	22.02857142857143	21.727272727272727	

moyW :
34.93333333333333	40.08571428571429	34.696969696969695	

medX :
26.0	27.0	26.0	

medW :
35.0	38.0	32.0	

ecartTypeX :
13.315988718662824	12.072366827442188	13.251123971247775	

ecartTypeW :
16.03939594318384	16.19765667103279	16.47493017134206	

varX :
177.3155555555556	145.74204081632655	175.5922865013774	

varW :
257.26222222222225	262.36408163265304	271.42332415059684	

covarX :
183.4298850574713	150.02857142857144	181.07954545454544	

covarW :
266.1333333333334	270.08067226890756	279.90530303030306	

coef_variationX :
0.5823318681630972	0.5480322165505533	0.6098843668775127	

coef_variationW :
0.4591430136407589	0.4040755406173539	0.4748233149819109	

moy_distances_centre :	59.5
min_distances_centre :	12.0
max_distances_centre :	87.0
med_distances_centre :	66.0
ecartType_distances_centre :	25.004999500099974
var_distances_centre :	625.25
covar_distances_centre :	658.1578947368421
coef_variation_distances_centre :	0.420252092438655
capacite_X_temoin : 
163.0	153.0	163.0	166.0	169.0	
166.0	175.0	175.0	171.0	174.0	
159.0	162.0	147.0	148.0	151.0	

capacite_W_temoin : 
180.9	140.9	145.9	140.8	85.69999999999999	
158.8	171.5	157.5	122.3	90.19999999999999	
174.7	123.6	107.1	118.4	79.3	

demande_cumulee_X : 
31.0	58.0	66.0	75.0	134.0	
57.0	56.0	70.0	100.0	136.0	
32.0	87.0	84.0	74.0	117.0	

demande_cumulee_W : 
83.0	116.0	21.0	59.0	85.0	
73.0	76.0	61.0	121.0	88.0	
85.0	118.0	18.0	98.0	75.0	

capacite_residuelle_X : 
132.0	95.0	97.0	91.0	35.0	
109.0	119.0	105.0	71.0	38.0	
127.0	75.0	63.0	74.0	34.0	

capacite_residuelle_W : 
97.9	24.900000000000006	124.9	81.80000000000001	0.6999999999999886	
85.80000000000001	95.5	96.5	1.2999999999999972	2.1999999999999886	
89.69999999999999	5.599999999999994	89.1	20.400000000000006	4.299999999999997	

min_capacite_X : 
153.0	166.0	147.0	

min_capacite_W : 
85.69999999999999	90.19999999999999	79.3	

max_capacite_X : 
169.0	175.0	162.0	

max_capacite_W : 
180.9	171.5	174.7	

moy_capacite_X : 
162.8	172.2	153.4	

moy_capacite_W : 
138.84	140.06	120.61999999999998	

med_capacite_X : 
163.0	174.0	151.0	

med_capacite_W : 
140.9	157.5	118.4	

ecartType_capacite_X : 
5.381449618829484	3.429285639896449	6.019966777316964	

ecartType_capacite_W : 
30.498629477404396	29.816948200645893	31.075997168232586	

var_capacite_X : 
28.959999999999997	11.759999999999996	36.239999999999995	

var_capacite_W : 
930.1664000000004	889.0504000000003	965.7175999999997	

covar_capacite_X : 
36.199999999999996	14.699999999999996	45.3	

covar_capacite_W : 
1162.7080000000005	1111.3130000000003	1207.1469999999997	

##########	##########	##########	##########	##########	##########	##########	##########	##########	##########	##########	##########	##########	##########	##########	##########	##########	##########	##########	##########	##########	##########	##########	##########	##########	##########	##########	##########	##########	##########	##########	##########	##########	##########	##########	##########	##########	##########	##########	##########	##########	##########	##########	##########	##########	##########	##########	##########	##########	##########	nombre de noeuds : 50
nombre de strates : 3
nombre de centres : 5
titre : fenetre
instances : p8_1
temps de calcul : 0.02679300308227539
valeur objective : 365.0
nombre de solutions : 3
nombre de noeuds : 1.0
faisability : True
moy_distances :	53.19
min_distances :	1.0
max_distances :	130.0
var_distances :	651.3330085797585
covar_distances :	651.5989673419389
ecartType_distances :	25.52122662764779
coef_variation	: 0.47985484127683786
distances_centre_x :
-1.0	10.0	28.0	5.0	22.0	31.0	13.0	-1.0	17.0	0.0	-1.0	-1.0	26.0	16.0	29.0	22.0	38.0	-1.0	15.0	-1.0	15.0	22.0	12.0	6.0	-1.0	44.0	-1.0	-1.0	30.0	-1.0	27.0	-1.0	-1.0	28.0	-1.0	10.0	-1.0	-1.0	0.0	12.0	-1.0	-1.0	21.0	-1.0	17.0	-1.0	27.0	14.0	-1.0	42.0	
0.0	10.0	43.0	5.0	22.0	31.0	13.0	-1.0	30.0	0.0	-1.0	27.0	26.0	-1.0	29.0	-1.0	-1.0	-1.0	15.0	-1.0	15.0	-1.0	12.0	-1.0	0.0	44.0	19.0	14.0	30.0	14.0	-1.0	30.0	-1.0	28.0	19.0	10.0	13.0	28.0	0.0	-1.0	28.0	30.0	21.0	-1.0	17.0	24.0	-1.0	14.0	19.0	-1.0	
15.0	10.0	-1.0	5.0	22.0	31.0	13.0	50.0	-1.0	0.0	25.0	27.0	26.0	16.0	29.0	-1.0	-1.0	22.0	15.0	0.0	-1.0	-1.0	-1.0	6.0	-1.0	-1.0	19.0	-1.0	30.0	-1.0	27.0	-1.0	29.0	-1.0	19.0	-1.0	13.0	28.0	0.0	12.0	-1.0	-1.0	21.0	11.0	17.0	24.0	-1.0	14.0	19.0	42.0	

distances_centre_w :
-1.0	34.0	66.0	57.0	44.0	61.0	74.0	-1.0	30.0	27.0	-1.0	-1.0	36.0	66.0	39.0	36.0	49.0	-1.0	49.0	-1.0	39.0	79.0	49.0	56.0	-1.0	48.0	-1.0	-1.0	77.0	-1.0	41.0	-1.0	-1.0	34.0	-1.0	53.0	-1.0	-1.0	15.0	52.0	-1.0	-1.0	38.0	-1.0	54.0	-1.0	34.0	36.0	-1.0	60.0	
15.0	34.0	66.0	57.0	44.0	61.0	74.0	-1.0	35.0	27.0	-1.0	54.0	36.0	-1.0	39.0	-1.0	-1.0	-1.0	49.0	-1.0	39.0	-1.0	49.0	-1.0	69.0	48.0	52.0	33.0	60.0	74.0	-1.0	39.0	-1.0	51.0	44.0	53.0	24.0	29.0	15.0	-1.0	55.0	61.0	38.0	-1.0	54.0	37.0	-1.0	36.0	43.0	-1.0	
31.0	34.0	-1.0	57.0	44.0	61.0	74.0	68.0	-1.0	27.0	50.0	27.0	36.0	66.0	39.0	-1.0	-1.0	37.0	49.0	61.0	-1.0	-1.0	-1.0	56.0	-1.0	-1.0	73.0	-1.0	31.0	-1.0	41.0	-1.0	32.0	-1.0	44.0	-1.0	24.0	29.0	15.0	52.0	-1.0	-1.0	65.0	70.0	54.0	37.0	-1.0	36.0	43.0	48.0	

maxX :
44.0	44.0	50.0	

maxW :
79.0	74.0	74.0	

minX :
0.0	0.0	0.0	

minW :
15.0	15.0	15.0	

moyX :
19.966666666666665	19.428571428571427	19.303030303030305	

moyW :
47.766666666666666	45.542857142857144	45.78787878787879	

medX :
19.0	19.0	19.0	

medW :
48.5	44.0	44.0	

ecartTypeX :
11.073943390781002	11.149082510069002	11.115058986429581	

ecartTypeW :
15.1254384693102	14.732554539702411	15.405149819297591	

varX :
122.63222222222223	124.30204081632652	123.544536271809	

varW :
228.7788888888889	217.04816326530613	237.3186409550046	

covarX :
126.86091954022989	127.9579831932773	127.40530303030303	

covarW :
236.66781609195402	223.43193277310925	244.73484848484847	

coef_variationX :
0.554621538770334	0.573849835077081	0.5758193823425057	

coef_variationW :
0.31665258484250247	0.3234877094664896	0.3364460251732763	

moy_distances_centre :	58.9
min_distances_centre :	15.0
max_distances_centre :	87.0
med_distances_centre :	65.0
ecartType_distances_centre :	24.32467882624558
var_distances_centre :	591.69
covar_distances_centre :	622.8315789473685
coef_variation_distances_centre :	0.41298266258481464
capacite_X_temoin : 
163.0	154.0	153.0	163.0	166.0	
166.0	150.0	175.0	175.0	171.0	
159.0	166.0	162.0	147.0	148.0	

capacite_W_temoin : 
211.9	137.2	52.9	124.9	147.8	
192.8	76.0	124.5	125.5	150.3	
206.7	124.8	68.6	97.1	125.4	

demande_cumulee_X : 
0.0	63.0	146.0	87.0	68.0	
23.0	119.0	103.0	102.0	72.0	
0.0	91.0	142.0	94.0	67.0	

demande_cumulee_W : 
97.0	133.0	45.0	45.0	44.0	
104.0	70.0	59.0	67.0	119.0	
99.0	112.0	64.0	57.0	62.0	

capacite_residuelle_X : 
163.0	91.0	7.0	76.0	98.0	
143.0	31.0	72.0	73.0	99.0	
159.0	75.0	20.0	53.0	81.0	

capacite_residuelle_W : 
114.9	4.199999999999989	7.899999999999999	79.9	103.80000000000001	
88.80000000000001	6.0	65.5	58.5	31.30000000000001	
107.69999999999999	12.799999999999997	4.599999999999994	40.099999999999994	63.400000000000006	

min_capacite_X : 
153.0	150.0	147.0	

min_capacite_W : 
52.9	76.0	68.6	

max_capacite_X : 
166.0	175.0	166.0	

max_capacite_W : 
211.9	192.8	206.7	

moy_capacite_X : 
159.8	167.4	156.4	

moy_capacite_W : 
134.94	133.82	124.52000000000001	

med_capacite_X : 
163.0	171.0	159.0	

med_capacite_W : 
137.2	125.5	124.8	

ecartType_capacite_X : 
5.268775948927796	9.308061022576078	7.605261336732618	

ecartType_capacite_W : 
50.84228948424727	38.07746840324341	46.11574134717992	

var_capacite_X : 
27.759999999999998	86.64000000000001	57.84000000000001	

var_capacite_W : 
2584.9384	1449.8936000000003	2126.6616	

covar_capacite_X : 
34.699999999999996	108.30000000000003	72.30000000000001	

covar_capacite_W : 
3231.1730000000002	1812.3670000000004	2658.3269999999998	

##########	##########	##########	##########	##########	##########	##########	##########	##########	##########	##########	##########	##########	##########	##########	##########	##########	##########	##########	##########	##########	##########	##########	##########	##########	##########	##########	##########	##########	##########	##########	##########	##########	##########	##########	##########	##########	##########	##########	##########	##########	##########	##########	##########	##########	##########	##########	##########	##########	##########	nombre de noeuds : 50
nombre de strates : 3
nombre de centres : 5
titre : fenetre
instances : p8_1
temps de calcul : 0.02738499641418457
valeur objective : 371.0
nombre de solutions : 3
nombre de noeuds : 1.0
faisability : True
moy_distances :	53.19
min_distances :	1.0
max_distances :	130.0
var_distances :	651.3330085797585
covar_distances :	651.5989673419389
ecartType_distances :	25.52122662764779
coef_variation	: 0.47985484127683786
distances_centre_x :
-1.0	10.0	28.0	5.0	18.0	21.0	13.0	-1.0	17.0	0.0	-1.0	-1.0	36.0	50.0	29.0	22.0	49.0	-1.0	52.0	-1.0	15.0	53.0	33.0	30.0	-1.0	44.0	-1.0	-1.0	5.0	-1.0	41.0	-1.0	-1.0	28.0	-1.0	53.0	-1.0	-1.0	0.0	27.0	-1.0	-1.0	21.0	-1.0	28.0	-1.0	0.0	14.0	-1.0	42.0	
0.0	10.0	28.0	5.0	18.0	21.0	13.0	-1.0	30.0	0.0	-1.0	27.0	9.0	-1.0	29.0	-1.0	-1.0	-1.0	27.0	-1.0	15.0	-1.0	33.0	-1.0	0.0	44.0	50.0	14.0	5.0	47.0	-1.0	30.0	-1.0	28.0	29.0	27.0	13.0	28.0	0.0	-1.0	28.0	38.0	21.0	-1.0	28.0	24.0	-1.0	14.0	19.0	-1.0	
15.0	10.0	-1.0	5.0	18.0	21.0	13.0	50.0	-1.0	0.0	39.0	27.0	9.0	50.0	39.0	-1.0	-1.0	22.0	27.0	34.0	-1.0	-1.0	-1.0	30.0	-1.0	-1.0	50.0	-1.0	5.0	-1.0	41.0	-1.0	2.0	-1.0	44.0	-1.0	13.0	28.0	0.0	27.0	-1.0	-1.0	21.0	42.0	28.0	24.0	-1.0	14.0	19.0	42.0	

distances_centre_w :
-1.0	34.0	41.0	23.0	44.0	31.0	74.0	-1.0	30.0	27.0	-1.0	-1.0	72.0	66.0	39.0	36.0	51.0	-1.0	73.0	-1.0	39.0	79.0	49.0	56.0	-1.0	69.0	-1.0	-1.0	30.0	-1.0	53.0	-1.0	-1.0	43.0	-1.0	54.0	-1.0	-1.0	15.0	52.0	-1.0	-1.0	38.0	-1.0	54.0	-1.0	27.0	36.0	-1.0	48.0	
15.0	34.0	41.0	23.0	44.0	61.0	40.0	-1.0	35.0	27.0	-1.0	27.0	36.0	-1.0	36.0	-1.0	-1.0	-1.0	52.0	-1.0	39.0	-1.0	49.0	-1.0	69.0	48.0	52.0	33.0	30.0	69.0	-1.0	39.0	-1.0	34.0	55.0	53.0	64.0	29.0	67.0	-1.0	55.0	54.0	65.0	-1.0	54.0	43.0	-1.0	36.0	43.0	-1.0	
31.0	34.0	-1.0	23.0	44.0	31.0	40.0	55.0	-1.0	27.0	43.0	54.0	36.0	66.0	55.0	-1.0	-1.0	37.0	49.0	61.0	-1.0	-1.0	-1.0	56.0	-1.0	-1.0	52.0	-1.0	30.0	-1.0	53.0	-1.0	29.0	-1.0	53.0	-1.0	24.0	29.0	69.0	52.0	-1.0	-1.0	38.0	70.0	54.0	43.0	-1.0	36.0	43.0	48.0	

maxX :
53.0	50.0	50.0	

maxW :
79.0	69.0	70.0	

minX :
0.0	0.0	0.0	

minW :
15.0	15.0	23.0	

moyX :
26.133333333333333	21.485714285714284	24.515151515151516	

moyW :
46.1	44.31428571428572	44.39393939393939	

medX :
27.5	24.0	24.0	

medW :
43.5	43.0	43.0	

ecartTypeX :
16.37219865775177	13.02606492179963	14.859179821815307	

ecartTypeW :
16.38159536390356	13.67953931674482	12.829746198248756	

varX :
268.0488888888888	169.6783673469388	220.79522497704318	

varW :
268.3566666666666	187.12979591836734	164.6023875114784	

covarX :
277.29195402298853	174.66890756302521	227.69507575757575	

covarW :
277.6103448275862	192.63361344537813	169.7462121212121	

coef_variationX :
0.6264871935364198	0.6062663194986531	0.6061222918663846	

coef_variationW :
0.3553491402148278	0.3086936660774137	0.2889976959332485	

moy_distances_centre :	54.7
min_distances_centre :	15.0
max_distances_centre :	84.0
med_distances_centre :	66.5
ecartType_distances_centre :	25.199404754874667
var_distances_centre :	635.01
covar_distances_centre :	668.4315789473683
coef_variation_distances_centre :	0.4606838163596831
capacite_X_temoin : 
163.0	154.0	163.0	166.0	151.0	
166.0	150.0	175.0	171.0	156.0	
159.0	166.0	147.0	148.0	159.0	

capacite_W_temoin : 
209.9	99.19999999999999	164.9	149.8	48.3	
198.8	66.0	157.5	144.3	77.8	
196.7	88.8	161.1	121.4	50.699999999999996	

demande_cumulee_X : 
2.0	101.0	47.0	66.0	148.0	
17.0	129.0	70.0	78.0	125.0	
10.0	127.0	30.0	71.0	156.0	

demande_cumulee_W : 
77.0	94.0	95.0	59.0	39.0	
81.0	62.0	92.0	115.0	69.0	
78.0	85.0	113.0	69.0	49.0	

capacite_residuelle_X : 
161.0	53.0	116.0	100.0	3.0	
149.0	21.0	105.0	93.0	31.0	
149.0	39.0	117.0	77.0	3.0	

capacite_residuelle_W : 
132.9	5.199999999999989	69.9	90.80000000000001	9.299999999999997	
117.80000000000001	4.0	65.5	29.30000000000001	8.799999999999997	
118.69999999999999	3.799999999999997	48.099999999999994	52.400000000000006	1.6999999999999957	

min_capacite_X : 
151.0	150.0	147.0	

min_capacite_W : 
48.3	66.0	50.699999999999996	

max_capacite_X : 
166.0	175.0	166.0	

max_capacite_W : 
209.9	198.8	196.7	

moy_capacite_X : 
159.4	163.6	155.8	

moy_capacite_W : 
134.42	128.88	123.74000000000001	

med_capacite_X : 
163.0	166.0	159.0	

med_capacite_W : 
149.8	144.3	121.4	

ecartType_capacite_X : 
5.817215828899594	9.308061022576076	7.249827584156743	

ecartType_capacite_W : 
55.713387978115286	50.017492939970516	51.53649580637007	

var_capacite_X : 
33.839999999999996	86.64	52.56	

var_capacite_W : 
3103.9816000000005	2501.7496000000006	2656.0104	

covar_capacite_X : 
42.3	108.3	65.7	

covar_capacite_W : 
3879.9770000000008	3127.187000000001	3320.013	

##########	##########	##########	##########	##########	##########	##########	##########	##########	##########	##########	##########	##########	##########	##########	##########	##########	##########	##########	##########	##########	##########	##########	##########	##########	##########	##########	##########	##########	##########	##########	##########	##########	##########	##########	##########	##########	##########	##########	##########	##########	##########	##########	##########	##########	##########	##########	##########	##########	##########	nombre de noeuds : 50
nombre de strates : 3
nombre de centres : 5
titre : fenetre
instances : p8_1
temps de calcul : 0.0257718563079834
valeur objective : 371.0
nombre de solutions : 3
nombre de noeuds : 1.0
faisability : True
moy_distances :	53.19
min_distances :	1.0
max_distances :	130.0
var_distances :	651.3330085797585
covar_distances :	651.5989673419389
ecartType_distances :	25.52122662764779
coef_variation	: 0.47985484127683786
distances_centre_x :
-1.0	10.0	5.0	5.0	44.0	21.0	13.0	-1.0	17.0	0.0	-1.0	-1.0	9.0	50.0	9.0	13.0	27.0	-1.0	27.0	-1.0	15.0	53.0	33.0	30.0	-1.0	30.0	-1.0	-1.0	5.0	-1.0	41.0	-1.0	-1.0	14.0	-1.0	27.0	-1.0	-1.0	0.0	27.0	-1.0	-1.0	21.0	-1.0	28.0	-1.0	27.0	14.0	-1.0	29.0	
15.0	10.0	5.0	5.0	18.0	21.0	13.0	-1.0	17.0	0.0	-1.0	27.0	9.0	-1.0	9.0	-1.0	-1.0	-1.0	27.0	-1.0	15.0	-1.0	33.0	-1.0	0.0	30.0	50.0	14.0	5.0	47.0	-1.0	0.0	-1.0	14.0	29.0	27.0	13.0	28.0	0.0	-1.0	28.0	38.0	21.0	-1.0	28.0	24.0	-1.0	14.0	19.0	-1.0	
15.0	10.0	-1.0	5.0	18.0	31.0	13.0	46.0	-1.0	0.0	21.0	27.0	9.0	50.0	9.0	-1.0	-1.0	9.0	27.0	34.0	-1.0	-1.0	-1.0	30.0	-1.0	-1.0	50.0	-1.0	5.0	-1.0	41.0	-1.0	2.0	-1.0	29.0	-1.0	13.0	28.0	0.0	27.0	-1.0	-1.0	21.0	42.0	28.0	24.0	-1.0	14.0	19.0	42.0	

distances_centre_w :
-1.0	35.0	28.0	23.0	79.0	48.0	40.0	-1.0	35.0	27.0	-1.0	-1.0	68.0	66.0	29.0	22.0	38.0	-1.0	49.0	-1.0	41.0	79.0	52.0	55.0	-1.0	44.0	-1.0	-1.0	30.0	-1.0	53.0	-1.0	-1.0	28.0	-1.0	51.0	-1.0	-1.0	30.0	49.0	-1.0	-1.0	38.0	-1.0	54.0	-1.0	41.0	59.0	-1.0	42.0	
31.0	35.0	41.0	23.0	44.0	48.0	40.0	-1.0	35.0	27.0	-1.0	42.0	36.0	-1.0	36.0	-1.0	-1.0	-1.0	47.0	-1.0	41.0	-1.0	49.0	-1.0	27.0	44.0	67.0	36.0	62.0	69.0	-1.0	39.0	-1.0	45.0	55.0	51.0	24.0	42.0	30.0	-1.0	49.0	61.0	38.0	-1.0	65.0	43.0	-1.0	59.0	43.0	-1.0	
31.0	35.0	-1.0	23.0	44.0	48.0	40.0	68.0	-1.0	27.0	26.0	54.0	36.0	66.0	29.0	-1.0	-1.0	22.0	49.0	61.0	-1.0	-1.0	-1.0	55.0	-1.0	-1.0	52.0	-1.0	30.0	-1.0	53.0	-1.0	29.0	-1.0	44.0	-1.0	24.0	42.0	27.0	49.0	-1.0	-1.0	38.0	70.0	54.0	44.0	-1.0	38.0	43.0	48.0	

maxX :
53.0	50.0	50.0	

maxW :
79.0	69.0	70.0	

minX :
0.0	0.0	0.0	

minW :
22.0	23.0	22.0	

moyX :
21.466666666666665	18.65714285714286	22.393939393939394	

moyW :
44.43333333333333	43.542857142857144	42.39393939393939	

medX :
21.0	17.0	21.0	

medW :
41.5	42.0	43.0	

ecartTypeX :
13.812393790441329	12.517286006942236	14.235975329147086	

ecartTypeW :
15.08350828627817	11.849877292053902	13.220597781238812	

varX :
190.78222222222217	156.6824489795919	202.66299357208447	

varW :
227.5122222222222	140.41959183673472	174.7842056932966	

covarX :
197.36091954022984	161.29075630252103	208.99621212121212	

covarW :
235.35747126436786	144.5495798319328	180.2462121212121	

coef_variationX :
0.6434344933435402	0.6709111948590785	0.6357066114504112	

coef_variationW :
0.3394638023918568	0.2721428511954636	0.3118511270771128	

moy_distances_centre :	49.0
min_distances_centre :	27.0
max_distances_centre :	79.0
med_distances_centre :	43.0
ecartType_distances_centre :	18.498648599289623
var_distances_centre :	342.2
covar_distances_centre :	360.2105263157895
coef_variation_distances_centre :	0.37752344080182904
capacite_X_temoin : 
154.0	163.0	150.0	166.0	151.0	
150.0	175.0	169.0	171.0	156.0	
166.0	147.0	145.0	148.0	159.0	

capacite_W_temoin : 
114.19999999999999	160.9	122.0	202.8	55.3	
62.0	171.5	160.7	176.3	77.8	
101.8	142.1	157.5	142.4	56.699999999999996	

demande_cumulee_X : 
86.0	51.0	73.0	13.0	141.0	
133.0	56.0	59.0	46.0	125.0	
114.0	49.0	31.0	50.0	150.0	

demande_cumulee_W : 
56.0	41.0	99.0	123.0	45.0	
51.0	46.0	88.0	164.0	70.0	
95.0	88.0	74.0	89.0	48.0	

capacite_residuelle_X : 
68.0	112.0	77.0	153.0	10.0	
17.0	119.0	110.0	125.0	31.0	
52.0	98.0	114.0	98.0	9.0	

capacite_residuelle_W : 
58.19999999999999	119.9	23.0	79.80000000000001	10.299999999999997	
11.0	125.5	72.69999999999999	12.300000000000011	7.799999999999997	
6.799999999999997	54.099999999999994	83.5	53.400000000000006	8.699999999999996	

min_capacite_X : 
150.0	150.0	145.0	

min_capacite_W : 
55.3	62.0	56.699999999999996	

max_capacite_X : 
166.0	175.0	166.0	

max_capacite_W : 
202.8	176.3	157.5	

moy_capacite_X : 
156.8	164.2	153.0	

moy_capacite_W : 
131.04000000000002	129.66	120.1	

med_capacite_X : 
154.0	169.0	148.0	

med_capacite_W : 
122.0	160.7	142.1	

ecartType_capacite_X : 
6.49307323229917	9.53729521405309	8.12403840463596	

ecartType_capacite_W : 
49.280771097863315	49.3086037117256	36.70013623952914	

var_capacite_X : 
42.16	90.96	66.0	

var_capacite_W : 
2428.5944000000004	2431.3384	1346.9	

covar_capacite_X : 
52.699999999999996	113.69999999999999	82.5	

covar_capacite_W : 
3035.7430000000004	3039.1730000000002	1683.6250000000002	

##########	##########	##########	##########	##########	##########	##########	##########	##########	##########	##########	##########	##########	##########	##########	##########	##########	##########	##########	##########	##########	##########	##########	##########	##########	##########	##########	##########	##########	##########	##########	##########	##########	##########	##########	##########	##########	##########	##########	##########	##########	##########	##########	##########	##########	##########	##########	##########	##########	##########	nombre de noeuds : 50
nombre de strates : 3
nombre de centres : 5
titre : fenetre
instances : p8_1
temps de calcul : 0.026631832122802734
valeur objective : 371.0
nombre de solutions : 3
nombre de noeuds : 1.0
faisability : True
moy_distances :	53.19
min_distances :	1.0
max_distances :	130.0
var_distances :	651.3330085797585
covar_distances :	651.5989673419389
ecartType_distances :	25.52122662764779
coef_variation	: 0.47985484127683786
distances_centre_x :
-1.0	10.0	5.0	17.0	18.0	46.0	0.0	-1.0	17.0	0.0	-1.0	-1.0	49.0	50.0	9.0	13.0	49.0	-1.0	27.0	-1.0	15.0	53.0	33.0	30.0	-1.0	30.0	-1.0	-1.0	5.0	-1.0	41.0	-1.0	-1.0	14.0	-1.0	27.0	-1.0	-1.0	0.0	27.0	-1.0	-1.0	21.0	-1.0	28.0	-1.0	0.0	14.0	-1.0	38.0	
15.0	10.0	5.0	17.0	18.0	21.0	0.0	-1.0	17.0	0.0	-1.0	27.0	49.0	-1.0	9.0	-1.0	-1.0	-1.0	27.0	-1.0	15.0	-1.0	33.0	-1.0	13.0	30.0	50.0	14.0	5.0	47.0	-1.0	0.0	-1.0	14.0	29.0	27.0	13.0	28.0	0.0	-1.0	24.0	38.0	21.0	-1.0	28.0	24.0	-1.0	14.0	19.0	-1.0	
15.0	10.0	-1.0	17.0	18.0	42.0	0.0	46.0	-1.0	0.0	21.0	27.0	49.0	50.0	9.0	-1.0	-1.0	9.0	27.0	34.0	-1.0	-1.0	-1.0	30.0	-1.0	-1.0	50.0	-1.0	5.0	-1.0	41.0	-1.0	2.0	-1.0	29.0	-1.0	13.0	28.0	0.0	27.0	-1.0	-1.0	21.0	42.0	28.0	24.0	-1.0	14.0	19.0	29.0	

distances_centre_w :
-1.0	35.0	28.0	70.0	56.0	48.0	40.0	-1.0	35.0	27.0	-1.0	-1.0	68.0	66.0	34.0	22.0	65.0	-1.0	49.0	-1.0	41.0	79.0	52.0	55.0	-1.0	44.0	-1.0	-1.0	38.0	-1.0	53.0	-1.0	-1.0	28.0	-1.0	51.0	-1.0	-1.0	67.0	49.0	-1.0	-1.0	38.0	-1.0	75.0	-1.0	40.0	59.0	-1.0	48.0	
31.0	35.0	28.0	40.0	56.0	48.0	40.0	-1.0	35.0	27.0	-1.0	42.0	49.0	-1.0	34.0	-1.0	-1.0	-1.0	65.0	-1.0	41.0	-1.0	49.0	-1.0	27.0	44.0	67.0	36.0	38.0	69.0	-1.0	41.0	-1.0	28.0	55.0	67.0	24.0	42.0	67.0	-1.0	28.0	54.0	38.0	-1.0	65.0	43.0	-1.0	38.0	43.0	-1.0	
31.0	35.0	-1.0	23.0	56.0	48.0	40.0	63.0	-1.0	27.0	26.0	54.0	68.0	66.0	34.0	-1.0	-1.0	22.0	49.0	61.0	-1.0	-1.0	-1.0	55.0	-1.0	-1.0	52.0	-1.0	62.0	-1.0	53.0	-1.0	42.0	-1.0	44.0	-1.0	24.0	42.0	27.0	49.0	-1.0	-1.0	38.0	70.0	65.0	43.0	-1.0	38.0	43.0	38.0	

maxX :
53.0	50.0	50.0	

maxW :
79.0	69.0	70.0	

minX :
0.0	0.0	0.0	

minW :
22.0	24.0	22.0	

moyX :
22.866666666666667	20.02857142857143	23.515151515151516	

moyW :
48.666666666666664	43.82857142857143	45.09090909090909	

medX :
19.5	18.0	24.0	

medW :
48.5	41.0	43.0	

ecartTypeX :
16.212615115671156	13.096315107225967	14.857140334412849	

ecartTypeW :
14.90488361429084	13.019733844735656	13.924827698980012	

varX :
262.8488888888889	171.51346938775512	220.7346189164371	

varW :
222.15555555555557	169.5134693877551	193.90082644628097	

covarX :
271.912643678161	176.5579831932773	227.63257575757575	

covarW :
229.81609195402294	174.4991596638655	199.96022727272725	

coef_variationX :
0.7090064919389718	0.6538816387345348	0.6318113802005464	

coef_variationW :
0.30626473180049674	0.2970604201862764	0.3088167433241535	

moy_distances_centre :	52.1
min_distances_centre :	27.0
max_distances_centre :	87.0
med_distances_centre :	44.5
ecartType_distances_centre :	19.0181492264626
var_distances_centre :	361.69
covar_distances_centre :	380.72631578947374
coef_variation_distances_centre :	0.365031655018476
capacite_X_temoin : 
154.0	154.0	150.0	166.0	151.0	
166.0	150.0	169.0	171.0	156.0	
144.0	166.0	145.0	148.0	159.0	

capacite_W_temoin : 
171.2	114.19999999999999	125.0	183.8	49.3	
155.8	62.0	160.7	176.3	81.8	
143.2	101.8	148.5	142.4	60.699999999999996	

demande_cumulee_X : 
29.0	86.0	70.0	32.0	147.0	
60.0	133.0	59.0	46.0	121.0	
44.0	114.0	40.0	50.0	146.0	

demande_cumulee_W : 
42.0	67.0	82.0	129.0	44.0	
47.0	51.0	98.0	171.0	52.0	
62.0	99.0	77.0	108.0	48.0	

capacite_residuelle_X : 
125.0	68.0	80.0	134.0	4.0	
106.0	17.0	110.0	125.0	35.0	
100.0	52.0	105.0	98.0	13.0	

capacite_residuelle_W : 
129.2	47.19999999999999	43.0	54.80000000000001	5.299999999999997	
108.80000000000001	11.0	62.69999999999999	5.300000000000011	29.799999999999997	
81.19999999999999	2.799999999999997	71.5	34.400000000000006	12.699999999999996	

min_capacite_X : 
150.0	150.0	144.0	

min_capacite_W : 
49.3	62.0	60.699999999999996	

max_capacite_X : 
166.0	171.0	166.0	

max_capacite_W : 
183.8	176.3	148.5	

moy_capacite_X : 
155.0	162.4	152.4	

moy_capacite_W : 
128.7	127.31999999999998	119.32000000000001	

med_capacite_X : 
154.0	166.0	148.0	

med_capacite_W : 
125.0	155.8	142.4	

ecartType_capacite_X : 
5.727128425310541	8.06473806146238	8.639444426582072	

ecartType_capacite_W : 
47.68765039294765	46.180402770006246	33.75697853777794	

var_capacite_X : 
32.8	65.03999999999999	74.64000000000001	

var_capacite_W : 
2274.112	2132.6296000000007	1139.5336000000002	

covar_capacite_X : 
41.0	81.3	93.30000000000001	

covar_capacite_W : 
2842.6400000000003	2665.7870000000007	1424.4170000000001	

##########	##########	##########	##########	##########	##########	##########	##########	##########	##########	##########	##########	##########	##########	##########	##########	##########	##########	##########	##########	##########	##########	##########	##########	##########	##########	##########	##########	##########	##########	##########	##########	##########	##########	##########	##########	##########	##########	##########	##########	##########	##########	##########	##########	##########	##########	##########	##########	##########	##########	nombre de noeuds : 50
nombre de strates : 3
nombre de centres : 5
titre : fenetre
instances : p8_1
temps de calcul : 0.02596902847290039
valeur objective : 300.0
nombre de solutions : 3
nombre de noeuds : 1.0
faisability : True
moy_distances :	53.19
min_distances :	1.0
max_distances :	130.0
var_distances :	651.3330085797585
covar_distances :	651.5989673419389
ecartType_distances :	25.52122662764779
coef_variation	: 0.47985484127683786
distances_centre_x :
-1.0	10.0	5.0	17.0	18.0	21.0	0.0	-1.0	17.0	0.0	-1.0	-1.0	9.0	26.0	9.0	13.0	27.0	-1.0	25.0	-1.0	15.0	39.0	20.0	26.0	-1.0	30.0	-1.0	-1.0	5.0	-1.0	0.0	-1.0	-1.0	14.0	-1.0	26.0	-1.0	-1.0	27.0	26.0	-1.0	-1.0	21.0	-1.0	28.0	-1.0	0.0	14.0	-1.0	29.0	
31.0	10.0	5.0	17.0	18.0	21.0	0.0	-1.0	17.0	0.0	-1.0	42.0	9.0	-1.0	9.0	-1.0	-1.0	-1.0	27.0	-1.0	15.0	-1.0	33.0	-1.0	13.0	30.0	12.0	14.0	5.0	30.0	-1.0	0.0	-1.0	14.0	24.0	26.0	24.0	42.0	27.0	-1.0	24.0	3.0	21.0	-1.0	28.0	20.0	-1.0	14.0	19.0	-1.0	
31.0	10.0	-1.0	17.0	18.0	21.0	0.0	46.0	-1.0	0.0	21.0	42.0	9.0	26.0	9.0	-1.0	-1.0	9.0	25.0	27.0	-1.0	-1.0	-1.0	26.0	-1.0	-1.0	12.0	-1.0	5.0	-1.0	0.0	-1.0	2.0	-1.0	24.0	-1.0	24.0	42.0	27.0	26.0	-1.0	-1.0	21.0	32.0	28.0	20.0	-1.0	14.0	19.0	29.0	

distances_centre_w :
-1.0	45.0	45.0	23.0	48.0	22.0	40.0	-1.0	54.0	41.0	-1.0	-1.0	49.0	50.0	34.0	45.0	49.0	-1.0	27.0	-1.0	44.0	53.0	33.0	30.0	-1.0	45.0	-1.0	-1.0	38.0	-1.0	41.0	-1.0	-1.0	34.0	-1.0	27.0	-1.0	-1.0	30.0	27.0	-1.0	-1.0	25.0	-1.0	44.0	-1.0	40.0	46.0	-1.0	38.0	
45.0	45.0	45.0	23.0	56.0	22.0	40.0	-1.0	54.0	41.0	-1.0	54.0	48.0	-1.0	34.0	-1.0	-1.0	-1.0	47.0	-1.0	44.0	-1.0	52.0	-1.0	39.0	45.0	50.0	49.0	38.0	47.0	-1.0	41.0	-1.0	34.0	29.0	27.0	40.0	56.0	30.0	-1.0	28.0	38.0	25.0	-1.0	44.0	24.0	-1.0	46.0	50.0	-1.0	
45.0	45.0	-1.0	23.0	48.0	22.0	40.0	63.0	-1.0	45.0	26.0	54.0	48.0	50.0	34.0	-1.0	-1.0	41.0	47.0	34.0	-1.0	-1.0	-1.0	30.0	-1.0	-1.0	50.0	-1.0	60.0	-1.0	41.0	-1.0	42.0	-1.0	29.0	-1.0	40.0	56.0	30.0	27.0	-1.0	-1.0	40.0	42.0	44.0	44.0	-1.0	46.0	22.0	38.0	

maxX :
39.0	42.0	46.0	

maxW :
54.0	56.0	63.0	

minX :
0.0	0.0	0.0	

minW :
22.0	22.0	22.0	

moyX :
17.233333333333334	18.4	20.060606060606062	

moyW :
38.9	40.857142857142854	40.78787878787879	

medX :
17.5	18.0	21.0	

medW :
40.5	44.0	42.0	

ecartTypeX :
10.33661238295969	10.910545357588685	11.865252028224964	

ecartTypeW :
9.12633551870629	9.775020225460572	10.429438451304561	

varX :
106.84555555555558	119.03999999999999	140.7842056932966	

varW :
83.29	95.55102040816327	108.77318640955006	

covarX :
110.52988505747128	122.54117647058823	145.18371212121212	

covarW :
86.16206896551725	98.36134453781513	112.1723484848485	

coef_variationX :
0.5998034264773514	0.5929644216080807	0.5914702672680118	

coef_variationW :
0.23461016757599717	0.23924874677700703	0.2556994568299038	

moy_distances_centre :	56.8
min_distances_centre :	40.0
max_distances_centre :	89.0
med_distances_centre :	49.0
ecartType_distances_centre :	17.77526371112395
var_distances_centre :	315.96000000000004
covar_distances_centre :	332.5894736842105
coef_variation_distances_centre :	0.3129447836465485
capacite_X_temoin : 
154.0	154.0	163.0	150.0	151.0	
166.0	150.0	144.0	169.0	156.0	
144.0	166.0	157.0	145.0	159.0	

capacite_W_temoin : 
178.2	124.19999999999999	93.9	122.0	121.3	
159.8	71.0	111.19999999999999	132.7	126.8	
162.2	118.8	77.1	122.5	127.69999999999999	

demande_cumulee_X : 
22.0	76.0	118.0	73.0	75.0	
56.0	124.0	76.0	87.0	76.0	
25.0	97.0	127.0	66.0	79.0	

demande_cumulee_W : 
60.0	52.0	87.0	48.0	117.0	
47.0	69.0	102.0	120.0	81.0	
49.0	71.0	74.0	88.0	112.0	

capacite_residuelle_X : 
132.0	78.0	45.0	77.0	76.0	
110.0	26.0	68.0	82.0	80.0	
119.0	69.0	30.0	79.0	80.0	

capacite_residuelle_W : 
118.19999999999999	72.19999999999999	6.900000000000006	74.0	4.299999999999997	
112.80000000000001	2.0	9.199999999999989	12.699999999999989	45.8	
113.19999999999999	47.8	3.0999999999999943	34.5	15.699999999999989	

min_capacite_X : 
150.0	144.0	144.0	

min_capacite_W : 
93.9	71.0	77.1	

max_capacite_X : 
163.0	169.0	166.0	

max_capacite_W : 
178.2	159.8	162.2	

moy_capacite_X : 
154.4	157.0	154.2	

moy_capacite_W : 
127.91999999999999	120.3	121.66	

med_capacite_X : 
154.0	156.0	157.0	

med_capacite_W : 
122.0	126.8	122.5	

ecartType_capacite_X : 
4.586937976471886	9.423375191511797	8.471127433818948	

ecartType_capacite_W : 
27.48871768562513	29.221772704611883	27.10886201964221	

var_capacite_X : 
21.04	88.8	71.76	

var_capacite_W : 
755.6295999999998	853.912	734.8904	

covar_capacite_X : 
26.299999999999997	111.0	89.7	

covar_capacite_W : 
944.5369999999997	1067.39	918.6129999999999	

##########	##########	##########	##########	##########	##########	##########	##########	##########	##########	##########	##########	##########	##########	##########	##########	##########	##########	##########	##########	##########	##########	##########	##########	##########	##########	##########	##########	##########	##########	##########	##########	##########	##########	##########	##########	##########	##########	##########	##########	##########	##########	##########	##########	##########	##########	##########	##########	##########	##########	