nombre de noeuds : 50
nombre de strates : 5
nombre de centres : 5
titre : intelligent
instances : p8_2
temps de calcul : 0.04115104675292969
valeur objective : 646.0
nombre de solutions : 3
nombre de noeuds : 1.0
faisability : True
moy_distances :	53.19
min_distances :	1.0
max_distances :	130.0
var_distances :	651.3330085797585
covar_distances :	651.5989673419389
ecartType_distances :	25.52122662764779
coef_variation	: 0.47985484127683786
distances_centre_x :
-1.0	-1.0	46.0	5.0	44.0	-1.0	-1.0	63.0	-1.0	0.0	26.0	-1.0	-1.0	29.0	-1.0	45.0	49.0	47.0	49.0	61.0	-1.0	-1.0	-1.0	-1.0	0.0	45.0	15.0	-1.0	30.0	33.0	-1.0	-1.0	29.0	34.0	25.0	28.0	40.0	56.0	27.0	28.0	-1.0	0.0	21.0	35.0	47.0	18.0	27.0	-1.0	19.0	38.0	
31.0	3.0	-1.0	5.0	-1.0	-1.0	0.0	-1.0	8.0	0.0	26.0	54.0	49.0	29.0	-1.0	-1.0	-1.0	47.0	27.0	30.0	3.0	-1.0	-1.0	-1.0	0.0	-1.0	15.0	2.0	30.0	-1.0	-1.0	39.0	-1.0	-1.0	25.0	-1.0	40.0	-1.0	27.0	28.0	-1.0	0.0	-1.0	-1.0	47.0	-1.0	27.0	0.0	-1.0	38.0	
31.0	3.0	-1.0	5.0	-1.0	-1.0	-1.0	63.0	-1.0	0.0	40.0	-1.0	36.0	29.0	29.0	-1.0	51.0	51.0	27.0	30.0	3.0	-1.0	21.0	28.0	-1.0	-1.0	-1.0	2.0	30.0	-1.0	3.0	-1.0	-1.0	34.0	25.0	-1.0	40.0	56.0	-1.0	28.0	24.0	0.0	-1.0	-1.0	47.0	-1.0	27.0	0.0	-1.0	38.0	
36.0	-1.0	41.0	5.0	-1.0	31.0	0.0	63.0	8.0	-1.0	40.0	-1.0	36.0	29.0	-1.0	-1.0	-1.0	47.0	27.0	61.0	-1.0	42.0	-1.0	28.0	0.0	45.0	-1.0	-1.0	30.0	-1.0	3.0	39.0	-1.0	-1.0	25.0	-1.0	-1.0	56.0	-1.0	28.0	24.0	0.0	-1.0	-1.0	47.0	-1.0	27.0	0.0	-1.0	42.0	
31.0	3.0	41.0	5.0	-1.0	-1.0	0.0	-1.0	8.0	0.0	-1.0	54.0	36.0	29.0	29.0	-1.0	49.0	47.0	27.0	30.0	-1.0	-1.0	21.0	28.0	0.0	45.0	15.0	-1.0	-1.0	-1.0	3.0	39.0	29.0	34.0	25.0	-1.0	-1.0	-1.0	-1.0	28.0	-1.0	0.0	-1.0	-1.0	47.0	-1.0	27.0	0.0	19.0	38.0	

distances_centre_w :
-1.0	-1.0	60.0	17.0	50.0	-1.0	-1.0	68.0	-1.0	14.0	40.0	-1.0	-1.0	66.0	-1.0	50.0	64.0	51.0	59.0	70.0	-1.0	-1.0	-1.0	-1.0	13.0	48.0	52.0	-1.0	43.0	69.0	-1.0	-1.0	42.0	53.0	44.0	63.0	62.0	64.0	38.0	53.0	-1.0	43.0	23.0	70.0	67.0	24.0	66.0	-1.0	26.0	42.0	
36.0	10.0	-1.0	17.0	-1.0	-1.0	13.0	-1.0	17.0	14.0	61.0	62.0	50.0	66.0	-1.0	-1.0	-1.0	63.0	49.0	61.0	15.0	-1.0	-1.0	-1.0	13.0	-1.0	58.0	14.0	43.0	-1.0	-1.0	44.0	-1.0	-1.0	44.0	-1.0	51.0	-1.0	38.0	52.0	-1.0	38.0	-1.0	-1.0	54.0	-1.0	40.0	14.0	-1.0	42.0	
36.0	10.0	-1.0	17.0	-1.0	-1.0	-1.0	68.0	-1.0	14.0	61.0	-1.0	49.0	66.0	34.0	-1.0	64.0	63.0	52.0	61.0	15.0	-1.0	49.0	56.0	-1.0	-1.0	-1.0	14.0	60.0	-1.0	41.0	-1.0	-1.0	45.0	44.0	-1.0	51.0	64.0	-1.0	52.0	28.0	38.0	-1.0	-1.0	67.0	-1.0	40.0	14.0	-1.0	42.0	
70.0	-1.0	60.0	17.0	-1.0	62.0	13.0	68.0	17.0	-1.0	61.0	-1.0	49.0	66.0	-1.0	-1.0	-1.0	54.0	49.0	74.0	-1.0	79.0	-1.0	56.0	13.0	48.0	-1.0	-1.0	73.0	-1.0	41.0	44.0	-1.0	-1.0	44.0	-1.0	-1.0	64.0	-1.0	52.0	28.0	38.0	-1.0	-1.0	54.0	-1.0	40.0	14.0	-1.0	71.0	
36.0	10.0	45.0	17.0	-1.0	-1.0	13.0	-1.0	17.0	14.0	-1.0	62.0	49.0	66.0	34.0	-1.0	51.0	51.0	49.0	61.0	-1.0	-1.0	49.0	56.0	13.0	48.0	52.0	-1.0	-1.0	-1.0	41.0	44.0	42.0	45.0	55.0	-1.0	-1.0	-1.0	-1.0	52.0	-1.0	38.0	-1.0	-1.0	54.0	-1.0	40.0	14.0	19.0	42.0	

maxX :
63.0	54.0	63.0	63.0	54.0	

maxW :
70.0	66.0	68.0	79.0	66.0	

minX :
0.0	0.0	0.0	0.0	0.0	

minW :
13.0	10.0	10.0	13.0	10.0	

moyX :
32.09090909090909	22.5	26.7	29.655172413793103	24.59375	

moyW :
48.90909090909091	38.535714285714285	43.833333333333336	48.93103448275862	39.96875	

medX :
30.0	27.0	28.5	30.0	28.0	

medW :
51.0	42.5	47.0	52.0	44.5	

ecartTypeX :
16.48022439602236	17.25336406120764	17.693972608395963	18.30258293825363	16.46181068222752	

ecartTypeW :
16.87810781503596	18.530827872295752	18.134834496686818	19.53410992735485	16.254776942102282	

varX :
271.59779614325066	297.67857142857144	313.07666666666665	334.9845422116528	270.9912109375	

varW :
284.87052341597797	343.3915816326531	328.8722222222222	381.5814506539834	264.2177734375	

covarX :
280.08522727272725	308.7037037037037	323.8724137931034	346.948275862069	279.7328629032258	

covarW :
293.77272727272725	356.10978835978835	340.2126436781609	395.2093596059113	272.7409274193548	

coef_variationX :
0.5135480689978639	0.7668161804981174	0.6626956033107103	0.6171801223364596	0.6693493542964175	

coef_variationW :
0.34509142372750107	0.4808741245822809	0.4137224600004597	0.3992171866760329	0.4066871478868436	

moy_distances_centre :	63.6
min_distances_centre :	13.0
max_distances_centre :	101.0
med_distances_centre :	78.5
ecartType_distances_centre :	31.705520024121984
var_distances_centre :	1005.2400000000001
covar_distances_centre :	1058.1473684210528
coef_variation_distances_centre :	0.4985144657880815
capacite_X_temoin : 
177.0	163.0	153.0	177.0	172.0	
156.0	171.0	163.0	168.0	159.0	
163.0	177.0	163.0	144.0	177.0	
166.0	154.0	162.0	172.0	139.0	
163.0	156.0	168.0	159.0	154.0	

capacite_W_temoin : 
197.1	80.9	104.9	105.1	223.6	
186.8	171.3	137.9	140.4	155.7	
167.9	177.1	149.9	66.19999999999999	183.1	
160.8	189.2	95.6	106.6	164.7	
182.9	139.8	113.4	75.69999999999999	172.2	

demande_cumulee_X : 
33.0	131.0	94.0	125.0	0.0	
16.0	51.0	74.0	78.0	51.0	
44.0	53.0	62.0	121.0	47.0	
55.0	11.0	115.0	117.0	16.0	
29.0	63.0	105.0	131.0	28.0	

demande_cumulee_W : 
95.0	73.0	84.0	31.0	100.0	
68.0	107.0	29.0	11.0	55.0	
61.0	161.0	61.0	8.0	36.0	
66.0	121.0	67.0	4.0	56.0	
105.0	134.0	57.0	21.0	39.0	

capacite_residuelle_X : 
144.0	32.0	59.0	52.0	172.0	
140.0	120.0	89.0	90.0	108.0	
119.0	124.0	101.0	23.0	130.0	
111.0	143.0	47.0	55.0	123.0	
134.0	93.0	63.0	28.0	126.0	

capacite_residuelle_W : 
102.1	7.900000000000006	20.900000000000006	74.1	123.6	
118.80000000000001	64.30000000000001	108.9	129.4	100.69999999999999	
106.9	16.099999999999994	88.9	58.19999999999999	147.1	
94.80000000000001	68.19999999999999	28.599999999999994	102.6	108.69999999999999	
77.9	5.800000000000011	56.400000000000006	54.69999999999999	133.2	

min_capacite_X : 
153.0	156.0	144.0	139.0	154.0	

min_capacite_W : 
80.9	137.9	66.19999999999999	95.6	75.69999999999999	

max_capacite_X : 
177.0	171.0	177.0	172.0	168.0	

max_capacite_W : 
223.6	186.8	183.1	189.2	182.9	

moy_capacite_X : 
168.4	163.4	164.8	158.6	160.0	

moy_capacite_W : 
142.32	158.42	148.83999999999997	143.38000000000002	136.8	

med_capacite_X : 
172.0	163.0	163.0	162.0	159.0	

med_capacite_W : 
105.1	155.7	167.9	160.8	139.8	

ecartType_capacite_X : 
9.243376006633074	5.535341001239218	12.139192724394814	11.412274094149685	5.019960159204453	

ecartType_capacite_W : 
56.85998241294135	18.57152659314791	42.816239909641766	36.03655921422021	39.16156278801958	

var_capacite_X : 
85.44000000000001	30.639999999999997	147.35999999999999	130.24	25.2	

var_capacite_W : 
3233.057599999999	344.90160000000014	1833.2304000000004	1298.6336	1533.6280000000002	

covar_capacite_X : 
106.80000000000001	38.3	184.2	162.8	31.5	

covar_capacite_W : 
4041.321999999999	431.1270000000002	2291.5380000000005	1623.292	1917.0350000000003	

##########	##########	##########	##########	##########	##########	##########	##########	##########	##########	##########	##########	##########	##########	##########	##########	##########	##########	##########	##########	##########	##########	##########	##########	##########	##########	##########	##########	##########	##########	##########	##########	##########	##########	##########	##########	##########	##########	##########	##########	##########	##########	##########	##########	##########	##########	##########	##########	##########	##########	nombre de noeuds : 50
nombre de strates : 5
nombre de centres : 5
titre : intelligent
instances : p8_2
temps de calcul : 0.037149906158447266
valeur objective : 724.0
nombre de solutions : 3
nombre de noeuds : 1.0
faisability : True
moy_distances :	53.19
min_distances :	1.0
max_distances :	130.0
var_distances :	651.3330085797585
covar_distances :	651.5989673419389
ecartType_distances :	25.52122662764779
coef_variation	: 0.47985484127683786
distances_centre_x :
-1.0	-1.0	53.0	5.0	44.0	-1.0	-1.0	68.0	-1.0	0.0	40.0	-1.0	-1.0	29.0	-1.0	45.0	64.0	49.0	27.0	44.0	-1.0	-1.0	-1.0	-1.0	0.0	48.0	15.0	-1.0	30.0	33.0	-1.0	-1.0	29.0	34.0	25.0	28.0	40.0	56.0	27.0	28.0	-1.0	0.0	10.0	35.0	47.0	9.0	27.0	-1.0	0.0	42.0	
31.0	3.0	-1.0	5.0	-1.0	-1.0	13.0	-1.0	8.0	0.0	29.0	54.0	36.0	29.0	-1.0	-1.0	-1.0	41.0	27.0	30.0	3.0	-1.0	-1.0	-1.0	0.0	-1.0	15.0	2.0	30.0	-1.0	-1.0	39.0	-1.0	-1.0	25.0	-1.0	40.0	-1.0	27.0	28.0	-1.0	0.0	-1.0	-1.0	47.0	-1.0	27.0	0.0	-1.0	42.0	
31.0	3.0	-1.0	5.0	-1.0	-1.0	-1.0	68.0	-1.0	0.0	29.0	-1.0	36.0	29.0	29.0	-1.0	64.0	47.0	27.0	30.0	3.0	-1.0	21.0	28.0	-1.0	-1.0	-1.0	2.0	30.0	-1.0	3.0	-1.0	-1.0	34.0	25.0	-1.0	40.0	56.0	-1.0	28.0	28.0	0.0	-1.0	-1.0	47.0	-1.0	27.0	0.0	-1.0	42.0	
31.0	-1.0	53.0	5.0	-1.0	31.0	13.0	68.0	33.0	-1.0	26.0	-1.0	36.0	29.0	-1.0	-1.0	-1.0	41.0	49.0	30.0	-1.0	42.0	-1.0	28.0	0.0	48.0	-1.0	-1.0	30.0	-1.0	3.0	39.0	-1.0	-1.0	25.0	-1.0	-1.0	56.0	-1.0	28.0	28.0	0.0	-1.0	-1.0	47.0	-1.0	27.0	14.0	-1.0	42.0	
36.0	3.0	46.0	5.0	-1.0	-1.0	13.0	-1.0	8.0	0.0	-1.0	54.0	36.0	29.0	29.0	-1.0	51.0	49.0	27.0	30.0	-1.0	-1.0	21.0	28.0	0.0	48.0	33.0	-1.0	-1.0	-1.0	3.0	39.0	29.0	34.0	25.0	-1.0	-1.0	-1.0	-1.0	28.0	-1.0	0.0	-1.0	-1.0	47.0	-1.0	27.0	0.0	0.0	42.0	

distances_centre_w :
-1.0	-1.0	65.0	74.0	50.0	-1.0	-1.0	77.0	-1.0	14.0	53.0	-1.0	-1.0	47.0	-1.0	50.0	73.0	63.0	34.0	61.0	-1.0	-1.0	-1.0	-1.0	75.0	69.0	33.0	-1.0	49.0	50.0	-1.0	-1.0	53.0	48.0	29.0	37.0	51.0	64.0	38.0	52.0	-1.0	38.0	21.0	70.0	54.0	18.0	54.0	-1.0	19.0	71.0	
70.0	10.0	-1.0	74.0	-1.0	-1.0	86.0	-1.0	17.0	14.0	40.0	62.0	50.0	47.0	-1.0	-1.0	-1.0	49.0	34.0	61.0	15.0	-1.0	-1.0	-1.0	75.0	-1.0	33.0	14.0	49.0	-1.0	-1.0	45.0	-1.0	-1.0	29.0	-1.0	51.0	-1.0	38.0	37.0	-1.0	19.0	-1.0	-1.0	54.0	-1.0	54.0	26.0	-1.0	71.0	
36.0	10.0	-1.0	74.0	-1.0	-1.0	-1.0	77.0	-1.0	14.0	53.0	-1.0	68.0	47.0	53.0	-1.0	73.0	49.0	49.0	44.0	15.0	-1.0	32.0	65.0	-1.0	-1.0	-1.0	14.0	49.0	-1.0	22.0	-1.0	-1.0	48.0	29.0	-1.0	51.0	64.0	-1.0	37.0	74.0	19.0	-1.0	-1.0	59.0	-1.0	54.0	14.0	-1.0	71.0	
50.0	-1.0	65.0	74.0	-1.0	62.0	86.0	77.0	51.0	-1.0	40.0	-1.0	50.0	47.0	-1.0	-1.0	-1.0	47.0	59.0	44.0	-1.0	60.0	-1.0	39.0	75.0	69.0	-1.0	-1.0	49.0	-1.0	22.0	50.0	-1.0	-1.0	29.0	-1.0	-1.0	64.0	-1.0	37.0	74.0	19.0	-1.0	-1.0	54.0	-1.0	54.0	43.0	-1.0	79.0	
70.0	10.0	60.0	74.0	-1.0	-1.0	86.0	-1.0	17.0	14.0	-1.0	62.0	50.0	47.0	53.0	-1.0	64.0	63.0	49.0	44.0	-1.0	-1.0	32.0	39.0	75.0	69.0	76.0	-1.0	-1.0	-1.0	22.0	45.0	53.0	48.0	29.0	-1.0	-1.0	-1.0	-1.0	37.0	-1.0	38.0	-1.0	-1.0	54.0	-1.0	54.0	14.0	19.0	71.0	

maxX :
68.0	54.0	68.0	68.0	54.0	

maxW :
77.0	86.0	77.0	86.0	86.0	

minX :
0.0	0.0	0.0	0.0	0.0	

minW :
14.0	10.0	10.0	19.0	10.0	

moyX :
31.242424242424242	22.535714285714285	27.066666666666666	31.103448275862068	25.625	

moyW :
50.121212121212125	43.714285714285715	45.46666666666667	54.10344827586207	48.0625	

medX :
30.0	27.0	28.5	30.0	28.5	

medW :
51.0	46.0	49.0	51.0	49.5	

ecartTypeX :
18.333658900189654	16.158770601346465	18.554304681723384	16.49105259513778	17.182385602703718	

ecartTypeW :
17.412565257129472	20.708619914796596	20.603775274341242	16.582801284892163	20.320767548249748	

varX :
336.12304866850326	261.1058673469388	344.2622222222223	271.95481569560053	295.234375	

varW :
303.1974288337924	428.84693877551024	424.5155555555555	274.9892984542212	412.93359375	

covarX :
346.62689393939394	270.77645502645504	356.1333333333335	281.667487684729	304.758064516129	

covarW :
312.67234848484844	444.7301587301587	439.1540229885057	284.8103448275862	426.2540322580645	

coef_variationX :
0.586819344040988	0.7170294403133138	0.6855038675513565	0.5302001388680662	0.6705321210811207	

coef_variationW :
0.3474091012607452	0.4737265993580921	0.4531622127787663	0.3065017445901037	0.42279880464498826	

moy_distances_centre :	48.4
min_distances_centre :	14.0
max_distances_centre :	93.0
med_distances_centre :	40.5
ecartType_distances_centre :	28.390843594370352
var_distances_centre :	806.0400000000001
covar_distances_centre :	848.4631578947369
coef_variation_distances_centre :	0.5865876775696354
capacite_X_temoin : 
163.0	153.0	177.0	172.0	156.0	
171.0	163.0	168.0	159.0	175.0	
177.0	163.0	144.0	177.0	135.0	
154.0	162.0	172.0	139.0	157.0	
156.0	168.0	159.0	154.0	177.0	

capacite_W_temoin : 
132.9	80.9	116.1	222.6	131.8	
165.3	128.9	140.4	155.7	226.5	
175.1	107.9	66.19999999999999	184.1	174.5	
167.2	58.6	104.6	180.7	194.1	
158.8	97.4	80.69999999999999	168.2	197.1	

demande_cumulee_X : 
79.0	118.0	114.0	1.0	71.0	
57.0	83.0	78.0	51.0	1.0	
55.0	104.0	121.0	46.0	1.0	
33.0	152.0	119.0	0.0	10.0	
44.0	121.0	126.0	32.0	33.0	

demande_cumulee_W : 
114.0	29.0	84.0	62.0	94.0	
66.0	11.0	33.0	47.0	113.0	
102.0	1.0	26.0	71.0	127.0	
49.0	19.0	44.0	37.0	165.0	
106.0	17.0	51.0	44.0	138.0	

capacite_residuelle_X : 
84.0	35.0	63.0	171.0	85.0	
114.0	80.0	90.0	108.0	174.0	
122.0	59.0	23.0	131.0	134.0	
121.0	10.0	53.0	139.0	147.0	
112.0	47.0	33.0	122.0	144.0	

capacite_residuelle_W : 
18.900000000000006	51.900000000000006	32.099999999999994	160.6	37.80000000000001	
99.30000000000001	117.9	107.4	108.69999999999999	113.5	
73.1	106.9	40.19999999999999	113.1	47.5	
118.19999999999999	39.6	60.599999999999994	143.7	29.099999999999994	
52.80000000000001	80.4	29.69999999999999	124.19999999999999	59.099999999999994	

min_capacite_X : 
153.0	159.0	135.0	139.0	154.0	

min_capacite_W : 
80.9	128.9	66.19999999999999	58.6	80.69999999999999	

max_capacite_X : 
177.0	175.0	177.0	172.0	177.0	

max_capacite_W : 
222.6	226.5	184.1	194.1	197.1	

moy_capacite_X : 
164.2	167.2	159.2	156.8	162.8	

moy_capacite_W : 
136.85999999999999	163.35999999999999	141.56	141.04	140.44	

med_capacite_X : 
163.0	168.0	163.0	157.0	159.0	

med_capacite_W : 
131.8	155.7	174.5	167.2	158.8	

ecartType_capacite_X : 
9.15204895091804	5.67097875150313	17.116074316267735	10.796295661012623	8.565045242145542	

ecartType_capacite_W : 
46.808400955384066	33.952178133368704	46.54406943961819	51.37480316263995	44.1347300886728	

var_capacite_X : 
83.75999999999999	32.16	292.96	116.55999999999999	73.35999999999999	

var_capacite_W : 
2191.0263999999997	1152.7504	2166.3504	2639.3704	1947.8744	

covar_capacite_X : 
104.69999999999999	40.199999999999996	366.2	145.7	91.69999999999999	

covar_capacite_W : 
2738.783	1440.9379999999999	2707.9379999999996	3299.2129999999997	2434.843	

##########	##########	##########	##########	##########	##########	##########	##########	##########	##########	##########	##########	##########	##########	##########	##########	##########	##########	##########	##########	##########	##########	##########	##########	##########	##########	##########	##########	##########	##########	##########	##########	##########	##########	##########	##########	##########	##########	##########	##########	##########	##########	##########	##########	##########	##########	##########	##########	##########	##########	nombre de noeuds : 50
nombre de strates : 5
nombre de centres : 5
titre : intelligent
instances : p8_2
temps de calcul : 0.036540985107421875
valeur objective : 685.0
nombre de solutions : 3
nombre de noeuds : 1.0
faisability : True
moy_distances :	53.19
min_distances :	1.0
max_distances :	130.0
var_distances :	651.3330085797585
covar_distances :	651.5989673419389
ecartType_distances :	25.52122662764779
coef_variation	: 0.47985484127683786
distances_centre_x :
-1.0	-1.0	46.0	5.0	23.0	-1.0	-1.0	68.0	-1.0	0.0	26.0	-1.0	-1.0	26.0	-1.0	45.0	64.0	41.0	3.0	12.0	-1.0	-1.0	-1.0	-1.0	0.0	48.0	23.0	-1.0	23.0	25.0	-1.0	-1.0	26.0	34.0	8.0	1.0	40.0	56.0	27.0	0.0	-1.0	19.0	10.0	23.0	23.0	9.0	27.0	-1.0	0.0	42.0	
36.0	3.0	-1.0	5.0	-1.0	-1.0	13.0	-1.0	8.0	0.0	26.0	54.0	36.0	26.0	-1.0	-1.0	-1.0	49.0	3.0	12.0	3.0	-1.0	-1.0	-1.0	0.0	-1.0	23.0	2.0	23.0	-1.0	-1.0	39.0	-1.0	-1.0	8.0	-1.0	40.0	-1.0	27.0	0.0	-1.0	19.0	-1.0	-1.0	23.0	-1.0	27.0	0.0	-1.0	42.0	
31.0	3.0	-1.0	5.0	-1.0	-1.0	-1.0	68.0	-1.0	0.0	29.0	-1.0	22.0	26.0	29.0	-1.0	64.0	47.0	3.0	12.0	3.0	-1.0	6.0	5.0	-1.0	-1.0	-1.0	2.0	23.0	-1.0	22.0	-1.0	-1.0	34.0	8.0	-1.0	40.0	56.0	-1.0	0.0	28.0	19.0	-1.0	-1.0	23.0	-1.0	27.0	0.0	-1.0	42.0	
31.0	-1.0	41.0	5.0	-1.0	29.0	13.0	68.0	8.0	-1.0	29.0	-1.0	22.0	26.0	-1.0	-1.0	-1.0	41.0	3.0	12.0	-1.0	34.0	-1.0	5.0	0.0	48.0	-1.0	-1.0	23.0	-1.0	22.0	39.0	-1.0	-1.0	8.0	-1.0	-1.0	56.0	-1.0	0.0	28.0	19.0	-1.0	-1.0	23.0	-1.0	57.0	26.0	-1.0	42.0	
36.0	3.0	46.0	5.0	-1.0	-1.0	13.0	-1.0	8.0	0.0	-1.0	54.0	36.0	26.0	29.0	-1.0	51.0	41.0	3.0	44.0	-1.0	-1.0	6.0	5.0	0.0	48.0	23.0	-1.0	-1.0	-1.0	22.0	39.0	26.0	34.0	8.0	-1.0	-1.0	-1.0	-1.0	0.0	-1.0	19.0	-1.0	-1.0	23.0	-1.0	27.0	0.0	0.0	42.0	

distances_centre_w :
-1.0	-1.0	53.0	49.0	44.0	-1.0	-1.0	77.0	-1.0	14.0	29.0	-1.0	-1.0	47.0	-1.0	50.0	76.0	47.0	34.0	44.0	-1.0	-1.0	-1.0	-1.0	53.0	69.0	58.0	-1.0	30.0	50.0	-1.0	-1.0	29.0	36.0	29.0	37.0	51.0	71.0	38.0	37.0	-1.0	38.0	21.0	52.0	54.0	24.0	27.0	-1.0	19.0	76.0	
50.0	10.0	-1.0	49.0	-1.0	-1.0	66.0	-1.0	17.0	14.0	29.0	62.0	56.0	47.0	-1.0	-1.0	-1.0	54.0	34.0	61.0	15.0	-1.0	-1.0	-1.0	53.0	-1.0	33.0	14.0	30.0	-1.0	-1.0	45.0	-1.0	-1.0	29.0	-1.0	51.0	-1.0	38.0	37.0	-1.0	28.0	-1.0	-1.0	54.0	-1.0	27.0	14.0	-1.0	71.0	
76.0	10.0	-1.0	49.0	-1.0	-1.0	-1.0	77.0	-1.0	14.0	40.0	-1.0	36.0	72.0	49.0	-1.0	77.0	54.0	34.0	44.0	24.0	-1.0	32.0	39.0	-1.0	-1.0	-1.0	14.0	73.0	-1.0	26.0	-1.0	-1.0	48.0	29.0	-1.0	51.0	64.0	-1.0	37.0	74.0	28.0	-1.0	-1.0	54.0	-1.0	27.0	14.0	-1.0	71.0	
36.0	-1.0	53.0	49.0	-1.0	31.0	66.0	77.0	17.0	-1.0	53.0	-1.0	36.0	47.0	-1.0	-1.0	-1.0	49.0	34.0	44.0	-1.0	60.0	-1.0	39.0	53.0	69.0	-1.0	-1.0	30.0	-1.0	26.0	50.0	-1.0	-1.0	29.0	-1.0	-1.0	77.0	-1.0	37.0	74.0	38.0	-1.0	-1.0	54.0	-1.0	66.0	62.0	-1.0	71.0	
50.0	10.0	60.0	49.0	-1.0	-1.0	66.0	-1.0	17.0	14.0	-1.0	62.0	56.0	47.0	49.0	-1.0	64.0	47.0	34.0	61.0	-1.0	-1.0	32.0	39.0	53.0	69.0	52.0	-1.0	-1.0	-1.0	41.0	45.0	29.0	48.0	53.0	-1.0	-1.0	-1.0	-1.0	37.0	-1.0	28.0	-1.0	-1.0	54.0	-1.0	27.0	26.0	19.0	71.0	

maxX :
68.0	54.0	68.0	68.0	54.0	

maxW :
77.0	71.0	77.0	77.0	71.0	

minX :
0.0	0.0	0.0	0.0	0.0	

minW :
14.0	10.0	10.0	17.0	10.0	

moyX :
24.939393939393938	19.535714285714285	22.566666666666666	26.137931034482758	22.40625	

moyW :
44.333333333333336	38.857142857142854	44.56666666666667	49.206896551724135	44.03125	

medX :
23.0	21.0	22.5	26.0	23.0	

medW :
44.0	37.5	42.0	49.0	47.5	

ecartTypeX :
18.682254412562767	16.21613425586017	19.018733454734104	17.586680182948477	17.45325788893008	

ecartTypeW :
16.625403465902426	17.47797447751697	20.743968333523412	16.20212695774279	16.325754911718477	

varX :
349.0266299357209	262.9630102040816	361.71222222222224	309.2913198573127	304.6162109375	

varW :
276.40404040404036	305.47959183673464	430.31222222222215	262.5089179548157	266.5302734375	

covarX :
359.9337121212122	272.70238095238096	374.18505747126443	320.3374384236453	314.4425403225806	

covarW :
285.0416666666667	316.79365079365084	445.1505747126436	271.884236453202	275.12802419354836	

coef_variationX :
0.7491061915122373	0.8300763421646887	0.8427799167533576	0.6728413262605618	0.7789459587807008	

coef_variationW :
0.37500910073464117	0.44980081375962794	0.4654592744994034	0.3292653691482417	0.3707765487402351	

moy_distances_centre :	51.0
min_distances_centre :	14.0
max_distances_centre :	93.0
med_distances_centre :	52.5
ecartType_distances_centre :	25.424397731313125
var_distances_centre :	646.4
covar_distances_centre :	680.421052631579
coef_variation_distances_centre :	0.4985176025747671
capacite_X_temoin : 
163.0	153.0	177.0	172.0	156.0	
171.0	163.0	159.0	159.0	175.0	
177.0	163.0	157.0	177.0	135.0	
154.0	162.0	151.0	139.0	157.0	
156.0	168.0	153.0	154.0	177.0	

capacite_W_temoin : 
118.9	137.9	64.1	223.6	139.8	
175.3	139.9	127.69999999999999	151.7	210.5	
175.1	137.9	85.1	184.1	142.5	
178.2	101.6	67.3	176.7	154.1	
151.8	119.4	82.9	168.2	172.1	

demande_cumulee_X : 
93.0	61.0	166.0	0.0	63.0	
47.0	72.0	79.0	55.0	17.0	
55.0	74.0	119.0	46.0	33.0	
22.0	109.0	129.0	4.0	50.0	
51.0	99.0	116.0	32.0	58.0	

demande_cumulee_W : 
89.0	92.0	35.0	45.0	122.0	
74.0	22.0	61.0	53.0	60.0	
81.0	30.0	68.0	80.0	68.0	
81.0	60.0	65.0	4.0	104.0	
99.0	59.0	75.0	44.0	79.0	

capacite_residuelle_X : 
70.0	92.0	11.0	172.0	93.0	
124.0	91.0	80.0	104.0	158.0	
122.0	89.0	38.0	131.0	102.0	
132.0	53.0	22.0	135.0	107.0	
105.0	69.0	37.0	122.0	119.0	

capacite_residuelle_W : 
29.900000000000006	45.900000000000006	29.099999999999994	178.6	17.80000000000001	
101.30000000000001	117.9	66.69999999999999	98.69999999999999	150.5	
94.1	107.9	17.099999999999994	104.1	74.5	
97.19999999999999	41.599999999999994	2.299999999999997	172.7	50.099999999999994	
52.80000000000001	60.400000000000006	7.900000000000006	124.19999999999999	93.1	

min_capacite_X : 
153.0	159.0	135.0	139.0	153.0	

min_capacite_W : 
64.1	127.69999999999999	85.1	67.3	82.9	

max_capacite_X : 
177.0	175.0	177.0	162.0	177.0	

max_capacite_W : 
223.6	210.5	184.1	178.2	172.1	

moy_capacite_X : 
164.2	165.4	161.8	152.6	161.6	

moy_capacite_W : 
136.85999999999999	161.02	144.94	135.57999999999998	138.88	

med_capacite_X : 
163.0	163.0	163.0	154.0	156.0	

med_capacite_W : 
137.9	151.7	142.5	154.1	151.8	

ecartType_capacite_X : 
9.15204895091804	6.499230723708768	15.522886329545804	7.709734106958554	9.393614852653903	

ecartType_capacite_W : 
51.28378301178648	29.309820879698332	34.86967737160755	43.97069023793008	33.595797356217034	

var_capacite_X : 
83.75999999999999	42.239999999999995	240.95999999999998	59.44000000000001	88.24	

var_capacite_W : 
2630.0263999999997	859.0656000000002	1215.8944	1933.4215999999997	1128.6775999999995	

covar_capacite_X : 
104.69999999999999	52.8	301.2	74.30000000000001	110.3	

covar_capacite_W : 
3287.5329999999994	1073.8320000000003	1519.868	2416.7769999999996	1410.8469999999995	

##########	##########	##########	##########	##########	##########	##########	##########	##########	##########	##########	##########	##########	##########	##########	##########	##########	##########	##########	##########	##########	##########	##########	##########	##########	##########	##########	##########	##########	##########	##########	##########	##########	##########	##########	##########	##########	##########	##########	##########	##########	##########	##########	##########	##########	##########	##########	##########	##########	##########	nombre de noeuds : 50
nombre de strates : 5
nombre de centres : 5
titre : intelligent
instances : p8_2
temps de calcul : 0.03777503967285156
valeur objective : 582.0
nombre de solutions : 3
nombre de noeuds : 1.0
faisability : True
moy_distances :	53.19
min_distances :	1.0
max_distances :	130.0
var_distances :	651.3330085797585
covar_distances :	651.5989673419389
ecartType_distances :	25.52122662764779
coef_variation	: 0.47985484127683786
distances_centre_x :
-1.0	-1.0	17.0	5.0	23.0	-1.0	-1.0	58.0	-1.0	0.0	8.0	-1.0	-1.0	26.0	-1.0	22.0	40.0	16.0	3.0	12.0	-1.0	-1.0	-1.0	-1.0	0.0	43.0	23.0	-1.0	23.0	25.0	-1.0	-1.0	26.0	0.0	8.0	1.0	28.0	48.0	27.0	0.0	-1.0	19.0	10.0	23.0	23.0	9.0	27.0	-1.0	0.0	42.0	
43.0	10.0	-1.0	5.0	-1.0	-1.0	13.0	-1.0	17.0	0.0	8.0	48.0	22.0	26.0	-1.0	-1.0	-1.0	16.0	3.0	12.0	24.0	-1.0	-1.0	-1.0	0.0	-1.0	23.0	14.0	23.0	-1.0	-1.0	14.0	-1.0	-1.0	8.0	-1.0	28.0	-1.0	27.0	0.0	-1.0	19.0	-1.0	-1.0	23.0	-1.0	27.0	14.0	-1.0	42.0	
31.0	10.0	-1.0	5.0	-1.0	-1.0	-1.0	58.0	-1.0	0.0	8.0	-1.0	22.0	26.0	20.0	-1.0	40.0	16.0	3.0	12.0	24.0	-1.0	6.0	5.0	-1.0	-1.0	-1.0	14.0	23.0	-1.0	22.0	-1.0	-1.0	0.0	8.0	-1.0	28.0	48.0	-1.0	0.0	28.0	19.0	-1.0	-1.0	23.0	-1.0	27.0	14.0	-1.0	42.0	
31.0	-1.0	17.0	5.0	-1.0	18.0	13.0	58.0	17.0	-1.0	8.0	-1.0	44.0	26.0	-1.0	-1.0	-1.0	16.0	3.0	12.0	-1.0	34.0	-1.0	5.0	0.0	43.0	-1.0	-1.0	23.0	-1.0	22.0	14.0	-1.0	-1.0	8.0	-1.0	-1.0	48.0	-1.0	0.0	28.0	19.0	-1.0	-1.0	23.0	-1.0	27.0	14.0	-1.0	42.0	
31.0	10.0	17.0	5.0	-1.0	-1.0	13.0	-1.0	17.0	0.0	-1.0	48.0	22.0	26.0	20.0	-1.0	40.0	16.0	3.0	12.0	-1.0	-1.0	6.0	5.0	0.0	43.0	23.0	-1.0	-1.0	-1.0	22.0	14.0	26.0	0.0	8.0	-1.0	-1.0	-1.0	-1.0	0.0	-1.0	19.0	-1.0	-1.0	23.0	-1.0	27.0	26.0	0.0	42.0	

distances_centre_w :
-1.0	-1.0	41.0	45.0	52.0	-1.0	-1.0	68.0	-1.0	19.0	26.0	-1.0	-1.0	63.0	-1.0	45.0	51.0	41.0	34.0	44.0	-1.0	-1.0	-1.0	-1.0	45.0	48.0	33.0	-1.0	34.0	50.0	-1.0	-1.0	29.0	34.0	29.0	37.0	40.0	56.0	43.0	37.0	-1.0	28.0	21.0	52.0	54.0	24.0	27.0	-1.0	19.0	43.0	
50.0	24.0	-1.0	45.0	-1.0	-1.0	53.0	-1.0	33.0	19.0	29.0	54.0	36.0	47.0	-1.0	-1.0	-1.0	41.0	34.0	44.0	49.0	-1.0	-1.0	-1.0	45.0	-1.0	33.0	28.0	30.0	-1.0	-1.0	39.0	-1.0	-1.0	29.0	-1.0	40.0	-1.0	28.0	37.0	-1.0	28.0	-1.0	-1.0	54.0	-1.0	39.0	26.0	-1.0	43.0	
43.0	24.0	-1.0	45.0	-1.0	-1.0	-1.0	68.0	-1.0	19.0	53.0	-1.0	36.0	47.0	29.0	-1.0	51.0	41.0	34.0	51.0	61.0	-1.0	32.0	39.0	-1.0	-1.0	-1.0	28.0	34.0	-1.0	26.0	-1.0	-1.0	34.0	29.0	-1.0	53.0	56.0	-1.0	37.0	41.0	28.0	-1.0	-1.0	54.0	-1.0	39.0	48.0	-1.0	43.0	
43.0	-1.0	41.0	45.0	-1.0	48.0	53.0	68.0	50.0	-1.0	29.0	-1.0	68.0	47.0	-1.0	-1.0	-1.0	47.0	34.0	44.0	-1.0	60.0	-1.0	39.0	45.0	48.0	-1.0	-1.0	30.0	-1.0	26.0	39.0	-1.0	-1.0	29.0	-1.0	-1.0	56.0	-1.0	37.0	41.0	28.0	-1.0	-1.0	54.0	-1.0	39.0	26.0	-1.0	43.0	
43.0	24.0	41.0	45.0	-1.0	-1.0	53.0	-1.0	33.0	19.0	-1.0	54.0	44.0	47.0	29.0	-1.0	51.0	41.0	49.0	44.0	-1.0	-1.0	32.0	39.0	45.0	48.0	33.0	-1.0	-1.0	-1.0	26.0	39.0	29.0	34.0	53.0	-1.0	-1.0	-1.0	-1.0	37.0	-1.0	28.0	-1.0	-1.0	54.0	-1.0	27.0	48.0	19.0	43.0	

maxX :
58.0	48.0	58.0	58.0	48.0	

maxW :
68.0	54.0	68.0	68.0	54.0	

minX :
0.0	0.0	0.0	0.0	0.0	

minW :
19.0	19.0	19.0	26.0	19.0	

moyX :
19.242424242424242	18.178571428571427	19.4	21.310344827586206	17.625	

moyW :
39.75757575757576	37.75	40.766666666666666	43.3448275862069	39.09375	

medX :
22.0	16.5	19.5	18.0	17.0	

medW :
41.0	38.0	40.0	43.0	41.0	

ecartTypeX :
14.978834163943715	12.38966611860918	14.321545540431964	14.74636939134245	13.327016732937645	

ecartTypeW :
12.150646080914987	9.54921462739214	11.574925005756578	11.14566828512304	10.128423418158425	

varX :
224.36547291092742	153.50382653061223	205.10666666666668	217.4554102259215	177.609375	

varW :
147.63820018365473	91.1875	133.97888888888892	124.22592152199759	102.5849609375	

covarX :
231.3768939393939	159.18915343915344	212.17931034482757	225.22167487684726	183.33870967741936	

covarW :
152.25189393939394	94.56481481481481	138.59885057471263	128.66256157635468	105.89415322580645	

coef_variationX :
0.778427602220697	0.6815533424775188	0.7382239969294827	0.6919817351924451	0.7561427933581643	

coef_variationW :
0.3056183846571605	0.25295932787793746	0.28393111216083183	0.25713952288668906	0.2590803752046919	

moy_distances_centre :	46.9
min_distances_centre :	19.0
max_distances_centre :	79.0
med_distances_centre :	42.0
ecartType_distances_centre :	17.63774361986249
var_distances_centre :	311.09000000000003
covar_distances_centre :	327.4631578947368
coef_variation_distances_centre :	0.3760712925343815
capacite_X_temoin : 
163.0	153.0	157.0	177.0	156.0	
171.0	163.0	148.0	159.0	175.0	
177.0	163.0	153.0	157.0	135.0	
154.0	162.0	172.0	151.0	157.0	
156.0	168.0	157.0	153.0	177.0	

capacite_W_temoin : 
183.9	163.9	113.1	64.1	139.8	
144.3	154.9	151.4	123.69999999999999	216.5	
169.1	152.9	128.9	100.1	142.5	
185.2	142.6	137.6	80.3	175.1	
164.8	161.4	128.1	73.9	170.1	

demande_cumulee_X : 
28.0	35.0	91.0	166.0	63.0	
78.0	57.0	41.0	83.0	11.0	
61.0	59.0	70.0	104.0	33.0	
15.0	68.0	86.0	116.0	29.0	
38.0	57.0	76.0	125.0	60.0	

demande_cumulee_W : 
109.0	81.0	70.0	11.0	112.0	
25.0	37.0	73.0	10.0	125.0	
35.0	40.0	87.0	33.0	132.0	
37.0	70.0	89.0	29.0	89.0	
56.0	91.0	58.0	46.0	105.0	

capacite_residuelle_X : 
135.0	118.0	66.0	11.0	93.0	
93.0	106.0	107.0	76.0	164.0	
116.0	104.0	83.0	53.0	102.0	
139.0	94.0	86.0	35.0	128.0	
118.0	111.0	81.0	28.0	117.0	

capacite_residuelle_W : 
74.9	82.9	43.099999999999994	53.099999999999994	27.80000000000001	
119.30000000000001	117.9	78.4	113.69999999999999	91.5	
134.1	112.9	41.900000000000006	67.1	10.5	
148.2	72.6	48.599999999999994	51.3	86.1	
108.80000000000001	70.4	70.1	27.900000000000006	65.1	

min_capacite_X : 
153.0	148.0	135.0	151.0	153.0	

min_capacite_W : 
64.1	123.69999999999999	100.1	80.3	73.9	

max_capacite_X : 
177.0	175.0	177.0	172.0	177.0	

max_capacite_W : 
183.9	216.5	169.1	185.2	170.1	

moy_capacite_X : 
161.2	163.2	157.0	159.2	162.2	

moy_capacite_W : 
132.95999999999998	158.16	138.7	144.16	139.66000000000003	

med_capacite_X : 
157.0	163.0	157.0	157.0	157.0	

med_capacite_W : 
139.8	151.4	142.5	142.6	161.4	

ecartType_capacite_X : 
8.541662601625049	9.47417542586161	13.682105101189656	7.35934779718964	8.975522268926749	

ecartType_capacite_W : 
41.79730134829282	31.111001269647367	23.350546032159507	36.78350717373208	36.02569083307078	

var_capacite_X : 
72.96000000000001	89.76000000000002	187.2	54.160000000000004	80.55999999999999	

var_capacite_W : 
1747.0144000000005	967.8944000000001	545.248	1353.0263999999997	1297.8504	

covar_capacite_X : 
91.2	112.20000000000002	234.0	67.7	100.69999999999999	

covar_capacite_W : 
2183.7680000000005	1209.8680000000002	681.5600000000001	1691.2829999999997	1622.313	

##########	##########	##########	##########	##########	##########	##########	##########	##########	##########	##########	##########	##########	##########	##########	##########	##########	##########	##########	##########	##########	##########	##########	##########	##########	##########	##########	##########	##########	##########	##########	##########	##########	##########	##########	##########	##########	##########	##########	##########	##########	##########	##########	##########	##########	##########	##########	##########	##########	##########	nombre de noeuds : 50
nombre de strates : 5
nombre de centres : 5
titre : intelligent
instances : p8_2
temps de calcul : 0.03737807273864746
valeur objective : 582.0
nombre de solutions : 3
nombre de noeuds : 1.0
faisability : True
moy_distances :	53.19
min_distances :	1.0
max_distances :	130.0
var_distances :	651.3330085797585
covar_distances :	651.5989673419389
ecartType_distances :	25.52122662764779
coef_variation	: 0.47985484127683786
distances_centre_x :
-1.0	-1.0	17.0	5.0	29.0	-1.0	-1.0	58.0	-1.0	0.0	8.0	-1.0	-1.0	22.0	-1.0	22.0	40.0	41.0	7.0	12.0	-1.0	-1.0	-1.0	-1.0	0.0	43.0	17.0	-1.0	29.0	23.0	-1.0	-1.0	29.0	0.0	8.0	6.0	28.0	48.0	27.0	6.0	-1.0	19.0	10.0	22.0	27.0	9.0	27.0	-1.0	0.0	42.0	
43.0	10.0	-1.0	5.0	-1.0	-1.0	13.0	-1.0	17.0	0.0	8.0	48.0	28.0	22.0	-1.0	-1.0	-1.0	16.0	7.0	12.0	15.0	-1.0	-1.0	-1.0	0.0	-1.0	17.0	14.0	29.0	-1.0	-1.0	14.0	-1.0	-1.0	8.0	-1.0	28.0	-1.0	27.0	6.0	-1.0	19.0	-1.0	-1.0	27.0	-1.0	27.0	14.0	-1.0	42.0	
31.0	10.0	-1.0	5.0	-1.0	-1.0	-1.0	58.0	-1.0	0.0	8.0	-1.0	36.0	22.0	20.0	-1.0	40.0	16.0	7.0	12.0	15.0	-1.0	0.0	7.0	-1.0	-1.0	-1.0	14.0	29.0	-1.0	20.0	-1.0	-1.0	0.0	8.0	-1.0	28.0	48.0	-1.0	6.0	28.0	19.0	-1.0	-1.0	27.0	-1.0	27.0	14.0	-1.0	42.0	
31.0	-1.0	17.0	5.0	-1.0	18.0	13.0	58.0	17.0	-1.0	8.0	-1.0	36.0	22.0	-1.0	-1.0	-1.0	16.0	7.0	12.0	-1.0	33.0	-1.0	7.0	0.0	43.0	-1.0	-1.0	29.0	-1.0	20.0	14.0	-1.0	-1.0	8.0	-1.0	-1.0	48.0	-1.0	6.0	28.0	19.0	-1.0	-1.0	27.0	-1.0	27.0	14.0	-1.0	42.0	
43.0	10.0	17.0	5.0	-1.0	-1.0	13.0	-1.0	17.0	0.0	-1.0	48.0	28.0	22.0	20.0	-1.0	40.0	16.0	7.0	12.0	-1.0	-1.0	0.0	7.0	0.0	43.0	17.0	-1.0	-1.0	-1.0	20.0	14.0	29.0	0.0	8.0	-1.0	-1.0	-1.0	-1.0	6.0	-1.0	19.0	-1.0	-1.0	27.0	-1.0	27.0	14.0	0.0	42.0	

distances_centre_w :
-1.0	-1.0	46.0	45.0	60.0	-1.0	-1.0	68.0	-1.0	19.0	26.0	-1.0	-1.0	63.0	-1.0	45.0	51.0	47.0	34.0	44.0	-1.0	-1.0	-1.0	-1.0	45.0	48.0	33.0	-1.0	34.0	50.0	-1.0	-1.0	32.0	34.0	29.0	37.0	40.0	56.0	43.0	37.0	-1.0	38.0	21.0	52.0	54.0	24.0	33.0	-1.0	19.0	43.0	
50.0	24.0	-1.0	45.0	-1.0	-1.0	53.0	-1.0	33.0	19.0	29.0	54.0	44.0	47.0	-1.0	-1.0	-1.0	41.0	36.0	44.0	24.0	-1.0	-1.0	-1.0	45.0	-1.0	33.0	28.0	30.0	-1.0	-1.0	39.0	-1.0	-1.0	29.0	-1.0	40.0	-1.0	28.0	37.0	-1.0	21.0	-1.0	-1.0	54.0	-1.0	33.0	26.0	-1.0	43.0	
43.0	24.0	-1.0	45.0	-1.0	-1.0	-1.0	68.0	-1.0	19.0	26.0	-1.0	44.0	63.0	29.0	-1.0	51.0	41.0	34.0	44.0	49.0	-1.0	32.0	39.0	-1.0	-1.0	-1.0	28.0	30.0	-1.0	22.0	-1.0	-1.0	34.0	29.0	-1.0	68.0	56.0	-1.0	37.0	41.0	21.0	-1.0	-1.0	54.0	-1.0	33.0	26.0	-1.0	43.0	
50.0	-1.0	41.0	45.0	-1.0	48.0	53.0	68.0	33.0	-1.0	26.0	-1.0	44.0	47.0	-1.0	-1.0	-1.0	41.0	34.0	44.0	-1.0	60.0	-1.0	39.0	45.0	48.0	-1.0	-1.0	51.0	-1.0	22.0	39.0	-1.0	-1.0	29.0	-1.0	-1.0	56.0	-1.0	37.0	41.0	21.0	-1.0	-1.0	54.0	-1.0	33.0	48.0	-1.0	43.0	
50.0	24.0	46.0	45.0	-1.0	-1.0	53.0	-1.0	33.0	19.0	-1.0	54.0	36.0	47.0	29.0	-1.0	51.0	41.0	34.0	44.0	-1.0	-1.0	32.0	39.0	45.0	48.0	33.0	-1.0	-1.0	-1.0	22.0	39.0	32.0	34.0	53.0	-1.0	-1.0	-1.0	-1.0	37.0	-1.0	21.0	-1.0	-1.0	54.0	-1.0	33.0	26.0	19.0	43.0	

maxX :
58.0	48.0	58.0	58.0	48.0	

maxW :
68.0	54.0	68.0	68.0	54.0	

minX :
0.0	0.0	0.0	0.0	0.0	

minW :
19.0	19.0	19.0	21.0	19.0	

moyX :
20.636363636363637	18.428571428571427	19.9	21.551724137931036	17.84375	

moyW :
40.90909090909091	36.75	39.1	42.758620689655174	38.0	

medX :
22.0	15.5	17.5	18.0	16.5	

medW :
43.0	36.5	38.0	44.0	38.0	

ecartTypeX :
15.097296932088453	12.169718189684039	14.519756655444791	13.939737807103715	13.757064946328486	

ecartTypeW :
12.146488796464787	10.034316120194738	13.23971298782568	10.646855363532733	10.550473923004596	

varX :
227.9283746556474	148.10204081632654	210.82333333333332	194.31629013079666	189.2568359375	

varW :
147.5371900826446	100.6875	175.29	113.35552913198572	111.3125	

covarX :
235.05113636363632	153.5873015873016	218.09310344827583	201.25615763546796	195.3618951612903	

covarW :
152.14772727272728	104.41666666666666	181.33448275862065	117.4039408866995	114.90322580645162	

coef_variationX :
0.7315870760042863	0.6603723048665758	0.7296360128364217	0.6468038342496123	0.7709738673949414	

coef_variationW :
0.2969141705802504	0.2730426155155031	0.33861158536638564	0.24899903672778165	0.2776440506053841	

moy_distances_centre :	46.9
min_distances_centre :	19.0
max_distances_centre :	79.0
med_distances_centre :	43.0
ecartType_distances_centre :	18.151859408887013
var_distances_centre :	329.49
covar_distances_centre :	346.8315789473684
coef_variation_distances_centre :	0.38703324965643954
capacite_X_temoin : 
163.0	171.0	153.0	157.0	156.0	
171.0	138.0	163.0	148.0	175.0	
177.0	135.0	163.0	153.0	135.0	
154.0	162.0	162.0	172.0	157.0	
156.0	145.0	168.0	157.0	177.0	

capacite_W_temoin : 
176.9	90.3	129.9	120.1	139.8	
143.3	96.4	154.9	151.4	217.5	
168.1	55.5	148.9	128.9	163.5	
185.2	88.6	125.6	141.6	194.1	
161.8	64.5	139.4	124.1	198.1	

demande_cumulee_X : 
35.0	132.0	69.0	84.0	63.0	
79.0	83.0	57.0	41.0	10.0	
62.0	120.0	63.0	70.0	12.0	
15.0	122.0	85.0	82.0	10.0	
41.0	124.0	79.0	80.0	32.0	

demande_cumulee_W : 
119.0	34.0	48.0	58.0	124.0	
25.0	24.0	33.0	65.0	123.0	
36.0	37.0	46.0	64.0	144.0	
41.0	23.0	53.0	79.0	118.0	
59.0	47.0	67.0	43.0	140.0	

capacite_residuelle_X : 
128.0	39.0	84.0	73.0	93.0	
92.0	55.0	106.0	107.0	165.0	
115.0	15.0	100.0	83.0	123.0	
139.0	40.0	77.0	90.0	147.0	
115.0	21.0	89.0	77.0	145.0	

capacite_residuelle_W : 
57.900000000000006	56.3	81.9	62.099999999999994	15.800000000000011	
118.30000000000001	72.4	121.9	86.4	94.5	
132.1	18.5	102.9	64.9	19.5	
144.2	65.6	72.6	62.599999999999994	76.1	
102.80000000000001	17.5	72.4	81.1	58.099999999999994	

min_capacite_X : 
153.0	138.0	135.0	154.0	145.0	

min_capacite_W : 
90.3	96.4	55.5	88.6	64.5	

max_capacite_X : 
171.0	175.0	177.0	172.0	177.0	

max_capacite_W : 
176.9	217.5	168.1	194.1	198.1	

moy_capacite_X : 
160.0	159.0	152.6	161.4	160.6	

moy_capacite_W : 
131.4	152.7	132.98	147.02	137.58	

med_capacite_X : 
157.0	163.0	153.0	162.0	157.0	

med_capacite_W : 
129.9	151.4	148.9	141.6	139.4	

ecartType_capacite_X : 
6.387487769068525	13.98570698963767	16.267759526130202	6.118823416311342	10.96540012949824	

ecartType_capacite_W : 
28.142352424770753	38.635786519753935	41.08072053895842	38.92384359232783	44.215354798983576	

var_capacite_X : 
40.8	195.6	264.64	37.44	120.24000000000001	

var_capacite_W : 
791.9920000000002	1492.724	1687.6256	1515.0656	1954.9976	

covar_capacite_X : 
51.0	244.5	330.8	46.8	150.3	

covar_capacite_W : 
989.9900000000002	1865.905	2109.532	1893.8319999999999	2443.747	

##########	##########	##########	##########	##########	##########	##########	##########	##########	##########	##########	##########	##########	##########	##########	##########	##########	##########	##########	##########	##########	##########	##########	##########	##########	##########	##########	##########	##########	##########	##########	##########	##########	##########	##########	##########	##########	##########	##########	##########	##########	##########	##########	##########	##########	##########	##########	##########	##########	##########	nombre de noeuds : 50
nombre de strates : 5
nombre de centres : 5
titre : intelligent
instances : p8_2
temps de calcul : 0.03742504119873047
valeur objective : 582.0
nombre de solutions : 3
nombre de noeuds : 1.0
faisability : True
moy_distances :	53.19
min_distances :	1.0
max_distances :	130.0
var_distances :	651.3330085797585
covar_distances :	651.5989673419389
ecartType_distances :	25.52122662764779
coef_variation	: 0.47985484127683786
distances_centre_x :
-1.0	-1.0	17.0	5.0	37.0	-1.0	-1.0	58.0	-1.0	0.0	8.0	-1.0	-1.0	0.0	-1.0	22.0	40.0	16.0	28.0	16.0	-1.0	-1.0	-1.0	-1.0	0.0	43.0	14.0	-1.0	30.0	5.0	-1.0	-1.0	29.0	0.0	29.0	25.0	28.0	48.0	27.0	26.0	-1.0	19.0	10.0	10.0	28.0	9.0	27.0	-1.0	0.0	42.0	
31.0	10.0	-1.0	5.0	-1.0	-1.0	13.0	-1.0	17.0	0.0	8.0	48.0	36.0	0.0	-1.0	-1.0	-1.0	16.0	34.0	16.0	15.0	-1.0	-1.0	-1.0	0.0	-1.0	14.0	14.0	30.0	-1.0	-1.0	14.0	-1.0	-1.0	29.0	-1.0	28.0	-1.0	27.0	26.0	-1.0	19.0	-1.0	-1.0	28.0	-1.0	27.0	14.0	-1.0	42.0	
43.0	10.0	-1.0	5.0	-1.0	-1.0	-1.0	58.0	-1.0	0.0	8.0	-1.0	44.0	0.0	20.0	-1.0	40.0	16.0	28.0	16.0	15.0	-1.0	22.0	21.0	-1.0	-1.0	-1.0	14.0	30.0	-1.0	22.0	-1.0	-1.0	0.0	29.0	-1.0	28.0	48.0	-1.0	26.0	28.0	19.0	-1.0	-1.0	28.0	-1.0	27.0	14.0	-1.0	42.0	
31.0	-1.0	17.0	5.0	-1.0	18.0	13.0	58.0	17.0	-1.0	8.0	-1.0	36.0	0.0	-1.0	-1.0	-1.0	16.0	28.0	16.0	-1.0	13.0	-1.0	21.0	0.0	43.0	-1.0	-1.0	30.0	-1.0	22.0	14.0	-1.0	-1.0	29.0	-1.0	-1.0	48.0	-1.0	26.0	28.0	19.0	-1.0	-1.0	28.0	-1.0	27.0	14.0	-1.0	42.0	
43.0	10.0	41.0	5.0	-1.0	-1.0	13.0	-1.0	17.0	0.0	-1.0	48.0	36.0	0.0	20.0	-1.0	40.0	16.0	28.0	16.0	-1.0	-1.0	22.0	21.0	0.0	43.0	14.0	-1.0	-1.0	-1.0	22.0	14.0	29.0	0.0	29.0	-1.0	-1.0	-1.0	-1.0	26.0	-1.0	19.0	-1.0	-1.0	28.0	-1.0	27.0	14.0	0.0	42.0	

distances_centre_w :
-1.0	-1.0	41.0	45.0	44.0	-1.0	-1.0	68.0	-1.0	19.0	26.0	-1.0	-1.0	47.0	-1.0	45.0	51.0	41.0	36.0	61.0	-1.0	-1.0	-1.0	-1.0	45.0	48.0	33.0	-1.0	47.0	50.0	-1.0	-1.0	41.0	34.0	31.0	37.0	40.0	56.0	28.0	37.0	-1.0	47.0	21.0	52.0	54.0	24.0	39.0	-1.0	19.0	43.0	
43.0	24.0	-1.0	45.0	-1.0	-1.0	53.0	-1.0	33.0	19.0	26.0	54.0	44.0	47.0	-1.0	-1.0	-1.0	41.0	36.0	51.0	24.0	-1.0	-1.0	-1.0	45.0	-1.0	52.0	28.0	34.0	-1.0	-1.0	39.0	-1.0	-1.0	31.0	-1.0	40.0	-1.0	28.0	37.0	-1.0	29.0	-1.0	-1.0	54.0	-1.0	39.0	26.0	-1.0	43.0	
50.0	24.0	-1.0	45.0	-1.0	-1.0	-1.0	68.0	-1.0	19.0	26.0	-1.0	68.0	47.0	29.0	-1.0	51.0	41.0	34.0	44.0	24.0	-1.0	32.0	39.0	-1.0	-1.0	-1.0	28.0	47.0	-1.0	26.0	-1.0	-1.0	34.0	31.0	-1.0	40.0	56.0	-1.0	37.0	41.0	29.0	-1.0	-1.0	54.0	-1.0	39.0	26.0	-1.0	43.0	
43.0	-1.0	41.0	45.0	-1.0	31.0	53.0	68.0	33.0	-1.0	26.0	-1.0	44.0	47.0	-1.0	-1.0	-1.0	49.0	34.0	44.0	-1.0	60.0	-1.0	39.0	45.0	48.0	-1.0	-1.0	34.0	-1.0	26.0	45.0	-1.0	-1.0	31.0	-1.0	-1.0	56.0	-1.0	37.0	41.0	29.0	-1.0	-1.0	54.0	-1.0	39.0	26.0	-1.0	43.0	
50.0	24.0	46.0	45.0	-1.0	-1.0	53.0	-1.0	33.0	19.0	-1.0	54.0	44.0	47.0	29.0	-1.0	51.0	41.0	36.0	44.0	-1.0	-1.0	32.0	39.0	45.0	48.0	33.0	-1.0	-1.0	-1.0	26.0	39.0	41.0	34.0	31.0	-1.0	-1.0	-1.0	-1.0	37.0	-1.0	29.0	-1.0	-1.0	54.0	-1.0	39.0	26.0	19.0	43.0	

maxX :
58.0	48.0	58.0	58.0	48.0	

maxW :
68.0	54.0	68.0	68.0	54.0	

minX :
0.0	0.0	0.0	0.0	0.0	

minW :
19.0	19.0	19.0	26.0	19.0	

moyX :
21.09090909090909	20.035714285714285	23.366666666666667	23.0	21.34375	

moyW :
40.90909090909091	38.035714285714285	39.06666666666667	41.758620689655174	38.46875	

medX :
22.0	16.5	22.0	21.0	20.5	

medW :
41.0	39.0	39.0	43.0	39.0	

ecartTypeX :
15.076298147762282	12.266336462207517	14.383980286724844	13.408695068807996	14.001360145982247	

ecartTypeW :
11.50589739790554	9.998150339141818	12.27445404986398	10.237372953744272	9.727488033274572	

varX :
227.2947658402204	150.46301020408163	206.8988888888889	179.79310344827587	196.0380859375	

varW :
132.38567493112947	99.96301020408164	150.66222222222225	104.8038049940547	94.6240234375	

covarX :
234.39772727272728	156.03571428571425	214.0333333333333	186.2142857142857	202.3618951612903	

covarW :
136.52272727272728	103.66534391534391	155.85747126436786	108.54679802955664	97.67641129032258	

coef_variationX :
0.7148244811439013	0.6122235667411952	0.6155769024275968	0.5829867421220868	0.65599344754236	

coef_variationW :
0.2812552697265799	0.26286216854081773	0.3141925098088049	0.24515591714168775	0.2528672762508418	

moy_distances_centre :	54.1
min_distances_centre :	19.0
max_distances_centre :	79.0
med_distances_centre :	55.0
ecartType_distances_centre :	19.745632428463768
var_distances_centre :	389.88999999999993
covar_distances_centre :	410.41052631578947
coef_variation_distances_centre :	0.3649839635575558
capacite_X_temoin : 
163.0	163.0	153.0	157.0	156.0	
171.0	141.0	163.0	148.0	175.0	
177.0	142.0	163.0	153.0	135.0	
154.0	159.0	162.0	172.0	157.0	
156.0	139.0	168.0	157.0	177.0	

capacite_W_temoin : 
183.9	104.9	118.9	113.1	125.8	
139.3	133.3	139.9	155.4	199.5	
172.1	108.6	141.9	120.9	130.5	
185.2	126.69999999999999	115.6	141.6	162.1	
161.8	94.69999999999999	129.4	130.1	164.1	

demande_cumulee_X : 
28.0	107.0	80.0	91.0	77.0	
83.0	50.0	72.0	37.0	28.0	
58.0	76.0	70.0	78.0	45.0	
15.0	80.0	95.0	82.0	42.0	
41.0	86.0	89.0	74.0	66.0	

demande_cumulee_W : 
115.0	25.0	59.0	97.0	87.0	
31.0	25.0	22.0	100.0	92.0	
50.0	56.0	35.0	59.0	127.0	
22.0	42.0	65.0	99.0	86.0	
59.0	45.0	50.0	86.0	116.0	

capacite_residuelle_X : 
135.0	56.0	73.0	66.0	79.0	
88.0	91.0	91.0	111.0	147.0	
119.0	66.0	93.0	75.0	90.0	
139.0	79.0	67.0	90.0	115.0	
115.0	53.0	79.0	83.0	111.0	

capacite_residuelle_W : 
68.9	79.9	59.900000000000006	16.099999999999994	38.8	
108.30000000000001	108.30000000000001	117.9	55.400000000000006	107.5	
122.1	52.599999999999994	106.9	61.900000000000006	3.5	
163.2	84.69999999999999	50.599999999999994	42.599999999999994	76.1	
102.80000000000001	49.69999999999999	79.4	44.099999999999994	48.099999999999994	

min_capacite_X : 
153.0	141.0	135.0	154.0	139.0	

min_capacite_W : 
104.9	133.3	108.6	115.6	94.69999999999999	

max_capacite_X : 
163.0	175.0	177.0	172.0	177.0	

max_capacite_W : 
183.9	199.5	172.1	185.2	164.1	

moy_capacite_X : 
158.4	159.6	154.0	160.8	159.4	

moy_capacite_W : 
129.32	153.48	134.8	146.24	136.02	

med_capacite_X : 
157.0	163.0	153.0	159.0	157.0	

med_capacite_W : 
118.9	139.9	130.5	141.6	130.1	

ecartType_capacite_X : 
3.9799497484264803	13.108775686539152	14.939879517586478	6.1773780845922	12.784365451597509	

ecartType_capacite_W : 
28.140248755119423	24.142278268630733	21.63256803987913	24.9462301761208	25.453125544812767	

var_capacite_X : 
15.840000000000003	171.84	223.2	38.16	163.44	

var_capacite_W : 
791.8736000000001	582.8495999999998	467.96799999999996	622.3144	647.8616000000002	

covar_capacite_X : 
19.800000000000004	214.8	279.0	47.699999999999996	204.3	

covar_capacite_W : 
989.8420000000001	728.5619999999998	584.9599999999999	777.893	809.8270000000002	

##########	##########	##########	##########	##########	##########	##########	##########	##########	##########	##########	##########	##########	##########	##########	##########	##########	##########	##########	##########	##########	##########	##########	##########	##########	##########	##########	##########	##########	##########	##########	##########	##########	##########	##########	##########	##########	##########	##########	##########	##########	##########	##########	##########	##########	##########	##########	##########	##########	##########	nombre de noeuds : 50
nombre de strates : 5
nombre de centres : 5
titre : intelligent
instances : p8_2
temps de calcul : 0.03679394721984863
valeur objective : 582.0
nombre de solutions : 3
nombre de noeuds : 1.0
faisability : True
moy_distances :	53.19
min_distances :	1.0
max_distances :	130.0
var_distances :	651.3330085797585
covar_distances :	651.5989673419389
ecartType_distances :	25.52122662764779
coef_variation	: 0.47985484127683786
distances_centre_x :
-1.0	-1.0	41.0	5.0	44.0	-1.0	-1.0	58.0	-1.0	0.0	8.0	-1.0	-1.0	47.0	-1.0	22.0	40.0	16.0	49.0	34.0	-1.0	-1.0	-1.0	-1.0	0.0	43.0	33.0	-1.0	5.0	47.0	-1.0	-1.0	2.0	0.0	29.0	27.0	28.0	48.0	27.0	27.0	-1.0	19.0	10.0	42.0	28.0	9.0	0.0	-1.0	0.0	42.0	
31.0	10.0	-1.0	5.0	-1.0	-1.0	13.0	-1.0	17.0	0.0	8.0	48.0	9.0	47.0	-1.0	-1.0	-1.0	16.0	36.0	34.0	15.0	-1.0	-1.0	-1.0	0.0	-1.0	33.0	14.0	5.0	-1.0	-1.0	14.0	-1.0	-1.0	29.0	-1.0	28.0	-1.0	27.0	27.0	-1.0	19.0	-1.0	-1.0	28.0	-1.0	0.0	14.0	-1.0	42.0	
31.0	10.0	-1.0	5.0	-1.0	-1.0	-1.0	58.0	-1.0	0.0	8.0	-1.0	9.0	47.0	20.0	-1.0	40.0	16.0	27.0	34.0	15.0	-1.0	32.0	30.0	-1.0	-1.0	-1.0	14.0	5.0	-1.0	22.0	-1.0	-1.0	0.0	29.0	-1.0	28.0	48.0	-1.0	27.0	28.0	19.0	-1.0	-1.0	28.0	-1.0	0.0	14.0	-1.0	42.0	
31.0	-1.0	17.0	5.0	-1.0	18.0	13.0	58.0	17.0	-1.0	8.0	-1.0	9.0	47.0	-1.0	-1.0	-1.0	16.0	36.0	34.0	-1.0	53.0	-1.0	30.0	0.0	43.0	-1.0	-1.0	5.0	-1.0	22.0	14.0	-1.0	-1.0	29.0	-1.0	-1.0	48.0	-1.0	27.0	28.0	19.0	-1.0	-1.0	28.0	-1.0	0.0	14.0	-1.0	42.0	
31.0	10.0	46.0	5.0	-1.0	-1.0	13.0	-1.0	17.0	0.0	-1.0	48.0	9.0	47.0	20.0	-1.0	40.0	16.0	27.0	34.0	-1.0	-1.0	32.0	30.0	0.0	43.0	33.0	-1.0	-1.0	-1.0	22.0	14.0	2.0	0.0	29.0	-1.0	-1.0	-1.0	-1.0	27.0	-1.0	19.0	-1.0	-1.0	28.0	-1.0	0.0	14.0	0.0	42.0	

distances_centre_w :
-1.0	-1.0	53.0	23.0	52.0	-1.0	-1.0	68.0	-1.0	19.0	26.0	-1.0	-1.0	63.0	-1.0	45.0	51.0	41.0	52.0	44.0	-1.0	-1.0	-1.0	-1.0	27.0	48.0	50.0	-1.0	51.0	50.0	-1.0	-1.0	29.0	34.0	32.0	37.0	53.0	56.0	43.0	37.0	-1.0	54.0	21.0	52.0	54.0	24.0	27.0	-1.0	19.0	60.0	
43.0	24.0	-1.0	23.0	-1.0	-1.0	40.0	-1.0	33.0	19.0	29.0	54.0	36.0	50.0	-1.0	-1.0	-1.0	41.0	52.0	44.0	24.0	-1.0	-1.0	-1.0	27.0	-1.0	52.0	28.0	30.0	-1.0	-1.0	39.0	-1.0	-1.0	32.0	-1.0	40.0	-1.0	28.0	37.0	-1.0	38.0	-1.0	-1.0	54.0	-1.0	27.0	26.0	-1.0	43.0	
43.0	24.0	-1.0	23.0	-1.0	-1.0	-1.0	68.0	-1.0	19.0	43.0	-1.0	36.0	50.0	29.0	-1.0	51.0	50.0	52.0	44.0	24.0	-1.0	33.0	39.0	-1.0	-1.0	-1.0	28.0	51.0	-1.0	41.0	-1.0	-1.0	34.0	32.0	-1.0	53.0	56.0	-1.0	37.0	41.0	38.0	-1.0	-1.0	54.0	-1.0	27.0	48.0	-1.0	43.0	
43.0	-1.0	41.0	23.0	-1.0	48.0	53.0	68.0	50.0	-1.0	26.0	-1.0	36.0	50.0	-1.0	-1.0	-1.0	47.0	49.0	44.0	-1.0	60.0	-1.0	39.0	27.0	48.0	-1.0	-1.0	30.0	-1.0	41.0	39.0	-1.0	-1.0	32.0	-1.0	-1.0	56.0	-1.0	37.0	41.0	38.0	-1.0	-1.0	54.0	-1.0	27.0	26.0	-1.0	43.0	
43.0	24.0	46.0	23.0	-1.0	-1.0	40.0	-1.0	33.0	19.0	-1.0	54.0	36.0	50.0	29.0	-1.0	51.0	41.0	52.0	44.0	-1.0	-1.0	33.0	39.0	27.0	48.0	50.0	-1.0	-1.0	-1.0	41.0	39.0	29.0	34.0	53.0	-1.0	-1.0	-1.0	-1.0	53.0	-1.0	38.0	-1.0	-1.0	54.0	-1.0	27.0	26.0	19.0	43.0	

maxX :
58.0	48.0	58.0	58.0	48.0	

maxW :
68.0	54.0	68.0	68.0	54.0	

minX :
0.0	0.0	0.0	0.0	0.0	

minW :
19.0	19.0	19.0	23.0	19.0	

moyX :
25.151515151515152	20.321428571428573	22.866666666666667	24.517241379310345	21.8125	

moyW :
42.27272727272727	36.17857142857143	40.36666666666667	41.93103448275862	38.6875	

medX :
27.0	16.5	24.5	22.0	21.0	

medW :
45.0	36.5	41.0	41.0	39.5	

ecartTypeX :
17.79193077590566	13.714053197433673	14.899067830647066	15.62186948425557	15.197527553849014	

ecartTypeW :
13.57196916837929	10.0607212586821	11.476013632306687	10.837136135506492	10.657853618341735	

varX :
316.5528007346189	188.07525510204076	221.98222222222228	244.04280618311535	230.96484375	

varW :
184.19834710743802	101.21811224489797	131.69888888888892	117.44351961950059	113.58984375	

covarX :
326.44507575757575	195.04100529100518	229.63678160919542	252.75862068965517	238.41532258064515	

covarW :
189.95454545454547	104.96693121693119	136.2402298850575	121.63793103448276	117.25403225806451	

coef_variationX :
0.7073900188010683	0.6748567478526236	0.6515627331186764	0.6371789241116899	0.6967347875690092	

coef_variationW :
0.3210573351659617	0.2780850890849939	0.28429430963600383	0.25845143744217786	0.2754857154983324	

moy_distances_centre :	47.7
min_distances_centre :	19.0
max_distances_centre :	79.0
med_distances_centre :	42.0
ecartType_distances_centre :	19.509228585466932
var_distances_centre :	380.61
covar_distances_centre :	400.6421052631579
coef_variation_distances_centre :	0.4089985028399776
capacite_X_temoin : 
163.0	153.0	157.0	148.0	156.0	
171.0	163.0	148.0	159.0	175.0	
177.0	163.0	153.0	138.0	135.0	
154.0	162.0	172.0	159.0	157.0	
156.0	168.0	157.0	141.0	177.0	

capacite_W_temoin : 
180.9	145.9	119.1	58.4	122.8	
139.3	168.9	152.4	130.7	199.5	
168.1	167.9	128.9	83.4	120.5	
185.2	142.6	138.6	102.69999999999999	162.1	
157.8	175.4	134.1	68.3	147.1	

demande_cumulee_X : 
31.0	53.0	85.0	134.0	80.0	
83.0	43.0	40.0	76.0	28.0	
62.0	44.0	70.0	96.0	55.0	
15.0	68.0	85.0	104.0	42.0	
45.0	43.0	70.0	115.0	83.0	

demande_cumulee_W : 
99.0	78.0	38.0	51.0	117.0	
40.0	54.0	40.0	50.0	86.0	
59.0	57.0	52.0	49.0	110.0	
66.0	87.0	56.0	46.0	59.0	
91.0	122.0	9.0	68.0	66.0	

capacite_residuelle_X : 
132.0	100.0	72.0	14.0	76.0	
88.0	120.0	108.0	83.0	147.0	
115.0	119.0	83.0	42.0	80.0	
139.0	94.0	87.0	55.0	115.0	
111.0	125.0	87.0	26.0	94.0	

capacite_residuelle_W : 
81.9	67.9	81.1	7.399999999999999	5.799999999999997	
99.30000000000001	114.9	112.4	80.69999999999999	113.5	
109.1	110.9	76.9	34.400000000000006	10.5	
119.19999999999999	55.599999999999994	82.6	56.69999999999999	103.1	
66.80000000000001	53.400000000000006	125.1	0.29999999999999716	81.1	

min_capacite_X : 
148.0	148.0	135.0	154.0	141.0	

min_capacite_W : 
58.4	130.7	83.4	102.69999999999999	68.3	

max_capacite_X : 
163.0	175.0	177.0	172.0	177.0	

max_capacite_W : 
180.9	199.5	168.1	185.2	175.4	

moy_capacite_X : 
155.4	163.2	153.2	160.8	159.8	

moy_capacite_W : 
125.41999999999999	158.16	133.76	146.23999999999998	136.54000000000002	

med_capacite_X : 
156.0	163.0	153.0	159.0	157.0	

med_capacite_W : 
122.8	152.4	128.9	142.6	147.1	

ecartType_capacite_X : 
4.923413450036469	9.47417542586161	15.651198037211081	6.1773780845922	12.155657119218196	

ecartType_capacite_W : 
40.08976926848046	24.360919522875157	31.875859204106167	27.33778337758934	36.70490975332864	

var_capacite_X : 
24.240000000000002	89.76000000000002	244.95999999999998	38.16	147.76	

var_capacite_W : 
1607.1896000000002	593.4544	1016.0703999999998	747.3544	1347.2504000000004	

covar_capacite_X : 
30.3	112.20000000000002	306.2	47.699999999999996	184.7	

covar_capacite_W : 
2008.987	741.818	1270.0879999999997	934.1930000000001	1684.0630000000003	

##########	##########	##########	##########	##########	##########	##########	##########	##########	##########	##########	##########	##########	##########	##########	##########	##########	##########	##########	##########	##########	##########	##########	##########	##########	##########	##########	##########	##########	##########	##########	##########	##########	##########	##########	##########	##########	##########	##########	##########	##########	##########	##########	##########	##########	##########	##########	##########	##########	##########	