nombre de noeuds : 50
nombre de strates : 20
nombre de centres : 5
titre : fenetre
instances : p9_5
temps de calcul : 0.12732386589050293
valeur objective : 1916.0
nombre de solutions : 3
nombre de noeuds : 1.0
faisability : True
moy_distances :	45.97
min_distances :	1.0
max_distances :	121.0
var_distances :	509.09473985839236
covar_distances :	509.3026184781793
ecartType_distances :	22.563127882862172
coef_variation	: 0.4907989142784672
distances_centre_x :
-1.0	-1.0	43.0	-1.0	-1.0	-1.0	33.0	-1.0	7.0	-1.0	-1.0	10.0	-1.0	-1.0	33.0	-1.0	18.0	15.0	-1.0	36.0	17.0	-1.0	-1.0	-1.0	-1.0	-1.0	15.0	0.0	27.0	7.0	14.0	8.0	11.0	-1.0	31.0	21.0	35.0	-1.0	-1.0	12.0	-1.0	24.0	27.0	10.0	-1.0	-1.0	27.0	-1.0	-1.0	23.0	
-1.0	-1.0	43.0	-1.0	-1.0	-1.0	33.0	-1.0	7.0	-1.0	-1.0	10.0	-1.0	6.0	-1.0	-1.0	-1.0	15.0	-1.0	-1.0	30.0	-1.0	-1.0	0.0	-1.0	-1.0	15.0	0.0	-1.0	-1.0	-1.0	8.0	11.0	-1.0	31.0	21.0	35.0	-1.0	21.0	12.0	0.0	24.0	-1.0	10.0	10.0	-1.0	-1.0	-1.0	23.0	23.0	
-1.0	-1.0	43.0	-1.0	-1.0	39.0	33.0	-1.0	7.0	-1.0	-1.0	-1.0	12.0	-1.0	-1.0	-1.0	-1.0	15.0	-1.0	36.0	-1.0	-1.0	-1.0	-1.0	-1.0	-1.0	-1.0	-1.0	-1.0	-1.0	14.0	8.0	11.0	-1.0	31.0	21.0	35.0	-1.0	-1.0	12.0	0.0	-1.0	-1.0	10.0	-1.0	-1.0	-1.0	-1.0	23.0	23.0	
-1.0	-1.0	43.0	11.0	-1.0	39.0	33.0	-1.0	7.0	-1.0	-1.0	10.0	-1.0	-1.0	-1.0	21.0	7.0	-1.0	38.0	32.0	17.0	-1.0	4.0	0.0	-1.0	-1.0	-1.0	0.0	-1.0	-1.0	26.0	8.0	11.0	0.0	-1.0	21.0	35.0	-1.0	-1.0	12.0	-1.0	24.0	-1.0	-1.0	10.0	-1.0	-1.0	34.0	23.0	23.0	
-1.0	-1.0	-1.0	-1.0	-1.0	-1.0	-1.0	-1.0	7.0	-1.0	-1.0	20.0	-1.0	-1.0	-1.0	-1.0	-1.0	-1.0	-1.0	-1.0	-1.0	-1.0	-1.0	-1.0	-1.0	-1.0	-1.0	-1.0	-1.0	-1.0	-1.0	-1.0	-1.0	-1.0	-1.0	-1.0	35.0	-1.0	-1.0	-1.0	-1.0	-1.0	-1.0	-1.0	10.0	-1.0	-1.0	-1.0	-1.0	-1.0	
-1.0	-1.0	43.0	11.0	-1.0	-1.0	33.0	-1.0	7.0	-1.0	-1.0	10.0	-1.0	6.0	33.0	-1.0	-1.0	15.0	38.0	32.0	17.0	27.0	-1.0	-1.0	-1.0	-1.0	-1.0	-1.0	-1.0	7.0	-1.0	8.0	11.0	0.0	31.0	21.0	35.0	21.0	-1.0	12.0	-1.0	24.0	-1.0	-1.0	10.0	-1.0	-1.0	-1.0	-1.0	-1.0	
18.0	-1.0	43.0	-1.0	-1.0	-1.0	33.0	-1.0	7.0	-1.0	-1.0	10.0	12.0	6.0	-1.0	-1.0	-1.0	15.0	-1.0	32.0	19.0	-1.0	4.0	-1.0	-1.0	-1.0	15.0	-1.0	-1.0	-1.0	14.0	29.0	-1.0	-1.0	31.0	-1.0	35.0	-1.0	-1.0	-1.0	0.0	-1.0	-1.0	10.0	10.0	-1.0	-1.0	-1.0	23.0	23.0	
-1.0	-1.0	43.0	-1.0	-1.0	39.0	33.0	-1.0	7.0	-1.0	0.0	10.0	-1.0	6.0	33.0	-1.0	7.0	15.0	-1.0	36.0	17.0	-1.0	-1.0	26.0	-1.0	-1.0	-1.0	-1.0	27.0	-1.0	-1.0	8.0	11.0	-1.0	31.0	21.0	35.0	16.0	21.0	-1.0	-1.0	24.0	-1.0	10.0	10.0	-1.0	27.0	-1.0	-1.0	23.0	
-1.0	-1.0	43.0	-1.0	22.0	-1.0	33.0	-1.0	-1.0	-1.0	-1.0	20.0	-1.0	-1.0	33.0	21.0	-1.0	15.0	-1.0	-1.0	17.0	27.0	-1.0	-1.0	-1.0	15.0	-1.0	0.0	-1.0	-1.0	14.0	8.0	11.0	-1.0	-1.0	21.0	35.0	-1.0	21.0	12.0	0.0	-1.0	27.0	-1.0	10.0	-1.0	-1.0	-1.0	23.0	-1.0	
-1.0	-1.0	-1.0	-1.0	-1.0	-1.0	-1.0	-1.0	-1.0	-1.0	-1.0	-1.0	-1.0	-1.0	-1.0	-1.0	-1.0	-1.0	-1.0	-1.0	-1.0	-1.0	-1.0	-1.0	-1.0	-1.0	-1.0	-1.0	-1.0	-1.0	-1.0	-1.0	-1.0	-1.0	-1.0	-1.0	-1.0	-1.0	-1.0	-1.0	-1.0	-1.0	-1.0	-1.0	-1.0	-1.0	-1.0	-1.0	-1.0	-1.0	
18.0	-1.0	43.0	-1.0	-1.0	39.0	33.0	39.0	7.0	-1.0	0.0	10.0	12.0	-1.0	-1.0	-1.0	-1.0	15.0	38.0	32.0	17.0	27.0	-1.0	-1.0	-1.0	-1.0	15.0	0.0	27.0	-1.0	-1.0	8.0	11.0	-1.0	31.0	21.0	35.0	-1.0	21.0	12.0	0.0	-1.0	-1.0	-1.0	10.0	-1.0	-1.0	-1.0	-1.0	23.0	
-1.0	-1.0	43.0	-1.0	22.0	-1.0	33.0	39.0	7.0	-1.0	0.0	10.0	12.0	6.0	-1.0	-1.0	7.0	15.0	-1.0	32.0	17.0	-1.0	-1.0	-1.0	-1.0	15.0	15.0	-1.0	-1.0	7.0	14.0	8.0	11.0	-1.0	31.0	21.0	-1.0	16.0	21.0	-1.0	0.0	24.0	27.0	10.0	19.0	-1.0	-1.0	-1.0	23.0	23.0	
-1.0	-1.0	43.0	-1.0	-1.0	-1.0	-1.0	-1.0	7.0	-1.0	0.0	25.0	12.0	-1.0	-1.0	-1.0	18.0	15.0	-1.0	32.0	19.0	-1.0	-1.0	-1.0	-1.0	-1.0	15.0	0.0	27.0	-1.0	-1.0	-1.0	-1.0	-1.0	-1.0	21.0	35.0	-1.0	-1.0	12.0	-1.0	-1.0	27.0	10.0	10.0	-1.0	-1.0	-1.0	23.0	-1.0	
-1.0	-1.0	43.0	-1.0	-1.0	-1.0	33.0	-1.0	7.0	40.0	-1.0	10.0	27.0	-1.0	-1.0	-1.0	-1.0	15.0	38.0	36.0	17.0	-1.0	4.0	-1.0	-1.0	-1.0	15.0	0.0	-1.0	7.0	-1.0	8.0	11.0	-1.0	31.0	21.0	35.0	-1.0	-1.0	12.0	0.0	24.0	27.0	10.0	10.0	-1.0	-1.0	-1.0	-1.0	23.0	
-1.0	-1.0	43.0	-1.0	-1.0	39.0	33.0	39.0	7.0	-1.0	-1.0	10.0	-1.0	-1.0	-1.0	21.0	-1.0	-1.0	-1.0	-1.0	17.0	-1.0	-1.0	-1.0	-1.0	-1.0	-1.0	0.0	27.0	-1.0	14.0	8.0	-1.0	0.0	-1.0	38.0	35.0	-1.0	-1.0	12.0	0.0	-1.0	-1.0	10.0	-1.0	-1.0	-1.0	-1.0	25.0	23.0	
-1.0	17.0	43.0	-1.0	-1.0	-1.0	33.0	-1.0	7.0	-1.0	0.0	10.0	-1.0	-1.0	-1.0	21.0	7.0	15.0	38.0	36.0	19.0	-1.0	-1.0	-1.0	-1.0	-1.0	15.0	0.0	27.0	7.0	14.0	-1.0	11.0	-1.0	-1.0	21.0	-1.0	16.0	21.0	12.0	0.0	24.0	31.0	10.0	26.0	4.0	-1.0	-1.0	23.0	-1.0	
-1.0	17.0	-1.0	-1.0	-1.0	-1.0	33.0	39.0	7.0	-1.0	-1.0	20.0	-1.0	-1.0	-1.0	-1.0	-1.0	-1.0	38.0	32.0	17.0	-1.0	-1.0	-1.0	8.0	-1.0	-1.0	-1.0	-1.0	7.0	-1.0	8.0	-1.0	-1.0	31.0	21.0	35.0	16.0	21.0	12.0	0.0	-1.0	27.0	-1.0	10.0	-1.0	-1.0	34.0	23.0	-1.0	
-1.0	-1.0	43.0	-1.0	-1.0	39.0	33.0	39.0	7.0	-1.0	0.0	10.0	12.0	-1.0	-1.0	21.0	-1.0	-1.0	38.0	36.0	17.0	-1.0	4.0	-1.0	-1.0	-1.0	15.0	-1.0	32.0	7.0	-1.0	-1.0	11.0	0.0	31.0	21.0	35.0	-1.0	-1.0	12.0	0.0	24.0	-1.0	-1.0	10.0	-1.0	-1.0	-1.0	23.0	23.0	
-1.0	-1.0	43.0	-1.0	-1.0	-1.0	33.0	-1.0	7.0	-1.0	-1.0	10.0	-1.0	6.0	33.0	-1.0	7.0	15.0	38.0	-1.0	17.0	-1.0	-1.0	-1.0	-1.0	-1.0	15.0	-1.0	-1.0	11.0	-1.0	8.0	11.0	-1.0	-1.0	21.0	35.0	-1.0	21.0	-1.0	-1.0	24.0	-1.0	-1.0	-1.0	-1.0	27.0	34.0	23.0	-1.0	
-1.0	-1.0	43.0	-1.0	-1.0	-1.0	33.0	-1.0	-1.0	-1.0	0.0	10.0	12.0	-1.0	33.0	-1.0	-1.0	15.0	-1.0	32.0	-1.0	-1.0	-1.0	-1.0	-1.0	-1.0	-1.0	0.0	-1.0	-1.0	-1.0	8.0	11.0	-1.0	31.0	21.0	36.0	-1.0	21.0	12.0	-1.0	-1.0	-1.0	35.0	-1.0	-1.0	-1.0	-1.0	25.0	-1.0	

distances_centre_w :
-1.0	-1.0	52.0	-1.0	-1.0	-1.0	38.0	-1.0	15.0	-1.0	-1.0	20.0	-1.0	-1.0	38.0	-1.0	45.0	20.0	-1.0	50.0	19.0	-1.0	-1.0	-1.0	-1.0	-1.0	37.0	17.0	32.0	11.0	26.0	29.0	23.0	-1.0	46.0	38.0	36.0	-1.0	-1.0	29.0	-1.0	39.0	31.0	44.0	-1.0	-1.0	29.0	-1.0	-1.0	38.0	
-1.0	-1.0	52.0	-1.0	-1.0	-1.0	38.0	-1.0	15.0	-1.0	-1.0	20.0	-1.0	46.0	-1.0	-1.0	-1.0	43.0	-1.0	-1.0	37.0	-1.0	-1.0	14.0	-1.0	-1.0	37.0	17.0	-1.0	-1.0	-1.0	29.0	23.0	-1.0	46.0	38.0	36.0	-1.0	36.0	29.0	14.0	39.0	-1.0	24.0	19.0	-1.0	-1.0	-1.0	25.0	38.0	
-1.0	-1.0	52.0	-1.0	-1.0	51.0	38.0	-1.0	15.0	-1.0	-1.0	-1.0	23.0	-1.0	-1.0	-1.0	-1.0	20.0	-1.0	50.0	-1.0	-1.0	-1.0	-1.0	-1.0	-1.0	-1.0	-1.0	-1.0	-1.0	26.0	29.0	23.0	-1.0	46.0	46.0	36.0	-1.0	-1.0	29.0	14.0	-1.0	-1.0	24.0	-1.0	-1.0	-1.0	-1.0	25.0	38.0	
-1.0	-1.0	52.0	23.0	-1.0	51.0	38.0	-1.0	15.0	-1.0	-1.0	54.0	-1.0	-1.0	-1.0	37.0	45.0	-1.0	40.0	36.0	43.0	-1.0	18.0	14.0	-1.0	-1.0	-1.0	17.0	-1.0	-1.0	29.0	29.0	23.0	22.0	-1.0	38.0	36.0	-1.0	-1.0	29.0	-1.0	39.0	-1.0	-1.0	19.0	-1.0	-1.0	54.0	25.0	38.0	
-1.0	-1.0	52.0	-1.0	-1.0	51.0	38.0	50.0	-1.0	-1.0	-1.0	-1.0	-1.0	-1.0	47.0	-1.0	-1.0	-1.0	-1.0	-1.0	-1.0	-1.0	-1.0	-1.0	-1.0	-1.0	-1.0	17.0	-1.0	11.0	26.0	-1.0	-1.0	-1.0	-1.0	-1.0	-1.0	-1.0	36.0	37.0	-1.0	-1.0	-1.0	24.0	-1.0	-1.0	-1.0	-1.0	-1.0	38.0	
-1.0	-1.0	52.0	23.0	-1.0	-1.0	38.0	-1.0	15.0	-1.0	-1.0	41.0	-1.0	20.0	38.0	-1.0	-1.0	20.0	40.0	50.0	19.0	30.0	-1.0	-1.0	-1.0	-1.0	-1.0	-1.0	-1.0	11.0	-1.0	29.0	23.0	22.0	46.0	38.0	36.0	27.0	-1.0	29.0	-1.0	39.0	-1.0	-1.0	19.0	-1.0	-1.0	-1.0	-1.0	-1.0	
24.0	-1.0	52.0	-1.0	-1.0	-1.0	38.0	-1.0	15.0	-1.0	-1.0	20.0	23.0	20.0	-1.0	-1.0	-1.0	20.0	-1.0	50.0	30.0	-1.0	18.0	-1.0	-1.0	-1.0	37.0	-1.0	-1.0	-1.0	26.0	52.0	-1.0	-1.0	46.0	-1.0	50.0	-1.0	-1.0	-1.0	14.0	-1.0	-1.0	24.0	19.0	-1.0	-1.0	-1.0	25.0	38.0	
-1.0	-1.0	52.0	-1.0	-1.0	51.0	38.0	-1.0	15.0	-1.0	22.0	20.0	-1.0	46.0	38.0	-1.0	18.0	20.0	-1.0	50.0	30.0	-1.0	-1.0	43.0	-1.0	-1.0	-1.0	-1.0	35.0	-1.0	-1.0	29.0	23.0	-1.0	46.0	38.0	36.0	27.0	36.0	-1.0	-1.0	39.0	-1.0	24.0	19.0	-1.0	29.0	-1.0	-1.0	38.0	
-1.0	-1.0	52.0	-1.0	32.0	-1.0	38.0	-1.0	-1.0	-1.0	-1.0	25.0	-1.0	-1.0	38.0	44.0	-1.0	20.0	-1.0	-1.0	43.0	30.0	-1.0	-1.0	-1.0	21.0	-1.0	17.0	-1.0	-1.0	26.0	29.0	23.0	-1.0	-1.0	38.0	36.0	-1.0	36.0	29.0	14.0	-1.0	31.0	-1.0	19.0	-1.0	-1.0	-1.0	25.0	-1.0	
-1.0	-1.0	-1.0	-1.0	-1.0	-1.0	-1.0	-1.0	-1.0	-1.0	-1.0	-1.0	-1.0	-1.0	-1.0	-1.0	-1.0	-1.0	-1.0	-1.0	-1.0	-1.0	-1.0	-1.0	-1.0	-1.0	-1.0	-1.0	-1.0	-1.0	-1.0	-1.0	-1.0	-1.0	-1.0	-1.0	-1.0	-1.0	-1.0	-1.0	-1.0	-1.0	-1.0	-1.0	-1.0	-1.0	-1.0	-1.0	-1.0	-1.0	
25.0	-1.0	52.0	-1.0	-1.0	51.0	38.0	50.0	15.0	-1.0	22.0	20.0	23.0	-1.0	-1.0	-1.0	-1.0	20.0	40.0	50.0	43.0	30.0	-1.0	-1.0	-1.0	-1.0	37.0	26.0	35.0	-1.0	-1.0	29.0	23.0	-1.0	46.0	38.0	50.0	-1.0	36.0	29.0	14.0	-1.0	-1.0	-1.0	19.0	-1.0	-1.0	-1.0	-1.0	42.0	
-1.0	-1.0	52.0	-1.0	32.0	-1.0	38.0	50.0	15.0	-1.0	43.0	20.0	23.0	46.0	-1.0	-1.0	18.0	20.0	-1.0	50.0	30.0	-1.0	-1.0	-1.0	-1.0	20.0	37.0	-1.0	-1.0	11.0	26.0	29.0	23.0	-1.0	46.0	38.0	-1.0	20.0	36.0	-1.0	14.0	39.0	31.0	44.0	26.0	-1.0	-1.0	-1.0	25.0	38.0	
-1.0	-1.0	52.0	-1.0	-1.0	-1.0	-1.0	-1.0	15.0	-1.0	22.0	41.0	23.0	-1.0	-1.0	-1.0	45.0	20.0	-1.0	36.0	30.0	-1.0	-1.0	-1.0	-1.0	-1.0	37.0	17.0	35.0	-1.0	-1.0	-1.0	-1.0	-1.0	-1.0	38.0	50.0	-1.0	-1.0	29.0	-1.0	-1.0	43.0	28.0	19.0	-1.0	-1.0	-1.0	25.0	-1.0	
-1.0	-1.0	52.0	-1.0	-1.0	-1.0	38.0	-1.0	15.0	42.0	-1.0	20.0	41.0	-1.0	-1.0	-1.0	-1.0	20.0	40.0	50.0	19.0	-1.0	18.0	-1.0	-1.0	-1.0	37.0	17.0	-1.0	11.0	-1.0	29.0	23.0	-1.0	46.0	38.0	36.0	-1.0	-1.0	29.0	14.0	39.0	31.0	24.0	19.0	-1.0	-1.0	-1.0	-1.0	42.0	
-1.0	-1.0	52.0	-1.0	-1.0	51.0	38.0	50.0	15.0	-1.0	-1.0	20.0	-1.0	-1.0	-1.0	37.0	-1.0	-1.0	-1.0	-1.0	43.0	-1.0	-1.0	-1.0	-1.0	-1.0	-1.0	17.0	32.0	-1.0	26.0	29.0	-1.0	22.0	-1.0	46.0	45.0	-1.0	-1.0	29.0	14.0	-1.0	-1.0	24.0	-1.0	-1.0	-1.0	-1.0	28.0	38.0	
-1.0	43.0	52.0	-1.0	-1.0	-1.0	38.0	-1.0	15.0	-1.0	22.0	20.0	-1.0	-1.0	-1.0	44.0	45.0	20.0	40.0	50.0	43.0	-1.0	-1.0	-1.0	-1.0	-1.0	37.0	17.0	32.0	11.0	26.0	-1.0	23.0	-1.0	-1.0	38.0	-1.0	38.0	36.0	29.0	14.0	39.0	40.0	28.0	36.0	16.0	-1.0	-1.0	25.0	-1.0	
-1.0	43.0	-1.0	-1.0	-1.0	-1.0	38.0	50.0	15.0	-1.0	-1.0	54.0	-1.0	-1.0	-1.0	-1.0	-1.0	-1.0	40.0	54.0	19.0	-1.0	-1.0	-1.0	30.0	-1.0	-1.0	-1.0	-1.0	11.0	-1.0	29.0	-1.0	-1.0	46.0	38.0	36.0	21.0	36.0	29.0	14.0	-1.0	31.0	-1.0	19.0	-1.0	-1.0	54.0	25.0	-1.0	
-1.0	-1.0	52.0	-1.0	-1.0	51.0	38.0	50.0	15.0	-1.0	43.0	25.0	23.0	-1.0	-1.0	37.0	-1.0	-1.0	40.0	50.0	37.0	-1.0	18.0	-1.0	-1.0	-1.0	37.0	-1.0	35.0	11.0	-1.0	-1.0	23.0	22.0	46.0	46.0	36.0	-1.0	-1.0	29.0	14.0	39.0	-1.0	-1.0	19.0	-1.0	-1.0	-1.0	25.0	42.0	
-1.0	-1.0	52.0	-1.0	-1.0	-1.0	38.0	-1.0	15.0	-1.0	-1.0	54.0	-1.0	46.0	38.0	-1.0	45.0	20.0	40.0	-1.0	37.0	-1.0	-1.0	-1.0	-1.0	-1.0	37.0	-1.0	-1.0	51.0	-1.0	29.0	23.0	-1.0	-1.0	38.0	36.0	-1.0	36.0	-1.0	-1.0	39.0	-1.0	-1.0	-1.0	-1.0	29.0	54.0	25.0	-1.0	
-1.0	-1.0	52.0	-1.0	-1.0	-1.0	38.0	-1.0	-1.0	-1.0	45.0	20.0	27.0	-1.0	38.0	-1.0	-1.0	23.0	-1.0	50.0	-1.0	-1.0	-1.0	-1.0	-1.0	-1.0	-1.0	17.0	-1.0	-1.0	-1.0	52.0	23.0	-1.0	46.0	38.0	50.0	-1.0	36.0	39.0	-1.0	-1.0	-1.0	44.0	-1.0	-1.0	-1.0	-1.0	28.0	-1.0	

maxX :
43.0	43.0	43.0	43.0	35.0	43.0	43.0	43.0	43.0	nan	43.0	43.0	43.0	43.0	43.0	43.0	39.0	43.0	43.0	43.0	

maxW :
52.0	52.0	52.0	54.0	52.0	52.0	52.0	52.0	52.0	nan	52.0	52.0	52.0	52.0	52.0	52.0	54.0	52.0	54.0	52.0	

minX :
0.0	0.0	0.0	0.0	7.0	0.0	0.0	0.0	0.0	nan	0.0	0.0	0.0	0.0	0.0	0.0	0.0	0.0	6.0	0.0	

minW :
11.0	14.0	14.0	14.0	11.0	11.0	14.0	15.0	14.0	nan	14.0	11.0	15.0	11.0	14.0	11.0	11.0	11.0	15.0	17.0	

moyX :
20.16	16.869565217391305	20.72222222222222	18.807692307692307	18.0	19.652173913043477	18.523809523809526	20.615384615384617	19.454545454545453	nan	20.14814814814815	17.6	18.473684210526315	19.384615384615383	20.05	17.517241379310345	20.727272727272727	20.11111111111111	20.904761904761905	21.0	

moyW :
32.08	31.08695652173913	32.5	33.23076923076923	35.583333333333336	30.652173913043477	30.523809523809526	33.15384615384615	30.272727272727273	nan	33.44444444444444	31.333333333333332	31.842105263157894	30.384615384615383	32.8	31.620689655172413	33.27272727272727	33.44444444444444	37.23809523809524	37.0	

medX :
18.0	15.0	18.0	19.0	15.0	17.0	15.0	21.0	20.5	nan	18.0	15.5	18.0	16.0	19.0	16.0	20.5	21.0	21.0	21.0	

medW :
32.0	36.0	29.0	36.0	37.5	29.0	25.0	35.5	29.5	nan	35.0	30.5	30.0	30.0	30.5	36.0	33.5	37.0	38.0	38.0	

ecartTypeX :
10.8946959572078	11.718823014895408	12.36844351815249	12.943722062390027	10.931605554537724	11.947743813399407	11.375073197541768	11.586055687356787	10.624702232093902	nan	12.65995056951237	10.597483978127388	11.09465694568256	12.679714031830295	13.919321104134355	11.376384158771316	11.306401317121272	13.281380264430164	11.275361938672859	12.692955176439847	

ecartTypeW :
10.997890706858293	11.072539646147172	12.125501135119231	12.08720777168889	13.022149933436063	11.153508692051451	12.730237897074028	10.79776439714867	9.43967361811461	nan	11.735774156898573	11.56527369133803	10.922035466238047	11.806376774623901	11.981652640600128	11.34236426458711	13.160484303681153	12.175668917157978	10.694479046974088	11.185307823708346	

varX :
118.69439999999999	137.3308128544423	152.97839506172838	167.53994082840234	119.5	142.7485822306238	129.3922902494331	134.23668639053253	112.88429752066116	nan	160.2743484224966	112.30666666666667	123.09141274238227	160.7751479289941	193.7475	129.42211652794293	127.83471074380164	176.39506172839504	127.13378684807256	161.11111111111111	

varW :
120.95360000000001	122.60113421550093	147.02777777777777	146.10059171597632	169.57638888888889	124.40075614366728	162.0589569160998	116.59171597633137	89.10743801652895	nan	137.7283950617284	133.75555555555556	119.29085872576175	139.3905325443787	143.56	128.64922711058267	173.19834710743802	148.2469135802469	114.3718820861678	125.11111111111111	

covarX :
123.63999999999999	143.57312252964422	161.9771241830065	174.24153846153845	159.33333333333331	149.23715415019765	135.86190476190475	139.60615384615386	118.25974025974025	nan	166.43874643874648	116.1793103448276	129.9298245614035	167.20615384615388	203.94473684210527	134.04433497536945	133.9220779220779	183.1794871794872	133.4904761904762	170.58823529411765	

covarW :
125.99333333333331	128.17391304347825	155.6764705882353	151.9446153846154	184.99242424242422	130.05533596837944	170.16190476190474	121.2553846153846	93.35064935064936	nan	143.02564102564102	138.367816091954	125.91812865497073	144.96615384615384	151.1157894736842	133.24384236453201	181.44588744588745	153.94871794871796	120.0904761904762	132.47058823529412	

coef_variationX :
0.540411505813879	0.6946724983056556	0.5968685880073589	0.6882142609859728	0.6073114196965402	0.6079604152835982	0.6140785016667792	0.5620101639389485	0.5461295539861352	nan	0.6283431348838859	0.6021297714845106	0.6005654756922184	0.6541122318007693	0.6942304790091948	0.649439253158205	0.5454842740716404	0.6604001236456988	0.5393681109615718	0.6044264369733261	

coef_variationW :
0.34282701704670493	0.35617959700893004	0.3730923426190533	0.3637354190554527	0.3659620590192804	0.36387333321586296	0.4170592758791803	0.3256866291483358	0.31182105044823033	nan	0.3509035462195587	0.3691044795107882	0.34300607249342624	0.3885642989116727	0.3652942878231747	0.3587007237437581	0.39553368125817673	0.3640565456957535	0.2871918925658003	0.3023056168569823	

moy_distances_centre :	36.0
min_distances_centre :	14.0
max_distances_centre :	62.0
med_distances_centre :	37.0
ecartType_distances_centre :	15.56277610196844
var_distances_centre :	242.2
covar_distances_centre :	254.94736842105263
coef_variation_distances_centre :	0.43229933616579
capacite_X_temoin : 
157.0	157.0	166.0	148.0	163.0	
154.0	154.0	153.0	174.0	141.0	
141.0	141.0	139.0	162.0	165.0	
150.0	156.0	174.0	139.0	162.0	
141.0	145.0	175.0	0.0	174.0	
166.0	168.0	172.0	148.0	159.0	
163.0	148.0	174.0	160.0	150.0	
160.0	157.0	172.0	162.0	148.0	
154.0	168.0	153.0	168.0	154.0	
144.0	157.0	142.0	157.0	0.0	
147.0	139.0	169.0	175.0	156.0	
163.0	154.0	175.0	171.0	136.0	
153.0	145.0	168.0	175.0	165.0	
153.0	165.0	136.0	135.0	157.0	
148.0	166.0	168.0	142.0	172.0	
138.0	166.0	171.0	168.0	145.0	
142.0	166.0	147.0	141.0	153.0	
175.0	162.0	148.0	163.0	178.0	
162.0	166.0	138.0	175.0	144.0	
177.0	157.0	171.0	154.0	171.0	

capacite_W_temoin : 
178.1	158.1	134.8	116.4	151.9	
170.2	122.19999999999999	113.9	176.2	102.3	
141.3	126.3	139.7	170.6	158.5	
130.0	162.8	160.2	125.69999999999999	127.6	
131.3	139.5	120.5	0.0	162.2	
189.8	173.4	161.6	125.4	122.69999999999999	
191.9	108.4	192.2	159.0	123.0	
172.0	133.1	137.6	151.6	134.4	
172.2	175.4	125.9	163.4	118.19999999999999	
119.19999999999999	122.1	53.6	138.1	0.0	
139.1	154.7	141.7	158.5	104.8	
189.9	87.19999999999999	114.5	166.3	120.8	
171.9	131.5	188.4	184.5	131.5	
152.9	180.5	82.8	122.5	91.1	
151.4	183.8	136.4	177.6	164.6	
124.4	120.8	126.3	160.4	110.5	
151.6	163.8	124.1	159.3	80.9	
164.5	158.6	109.4	163.9	134.4	
196.6	151.8	110.4	139.5	116.19999999999999	
177.1	174.1	125.3	154.2	222.3	

demande_cumulee_X : 
26.0	46.0	81.0	76.0	60.0	
30.0	78.0	85.0	50.0	81.0	
42.0	57.0	41.0	40.0	56.0	
65.0	40.0	66.0	55.0	83.0	
52.0	49.0	107.0	0.0	64.0	
26.0	45.0	62.0	67.0	84.0	
20.0	84.0	34.0	49.0	72.0	
36.0	71.0	86.0	59.0	58.0	
28.0	43.0	73.0	55.0	82.0	
68.0	82.0	131.0	66.0	0.0	
52.0	26.0	78.0	69.0	98.0	
22.0	113.0	113.0	56.0	56.0	
27.0	57.0	30.0	43.0	83.0	
46.0	34.0	94.0	53.0	113.0	
41.0	32.0	82.0	7.0	59.0	
55.0	95.0	96.0	58.0	78.0	
33.0	52.0	67.0	24.0	118.0	
63.0	52.0	83.0	48.0	97.0	
14.0	64.0	69.0	88.0	71.0	
53.0	30.0	97.0	46.0	0.0	

demande_cumulee_W : 
97.0	68.0	18.0	43.0	63.0	
84.0	61.0	53.0	30.0	96.0	
44.0	38.0	39.0	28.0	87.0	
70.0	53.0	72.0	45.0	69.0	
13.0	68.0	44.0	0.0	147.0	
53.0	71.0	42.0	50.0	68.0	
13.0	60.0	42.0	39.0	105.0	
73.0	77.0	20.0	33.0	107.0	
72.0	61.0	33.0	40.0	75.0	
55.0	122.0	39.0	131.0	0.0	
34.0	80.0	47.0	59.0	103.0	
104.0	58.0	59.0	19.0	120.0	
13.0	43.0	41.0	97.0	46.0	
79.0	74.0	39.0	66.0	82.0	
4.0	46.0	26.0	27.0	118.0	
38.0	57.0	117.0	68.0	102.0	
66.0	37.0	81.0	40.0	70.0	
67.0	83.0	67.0	42.0	84.0	
101.0	64.0	65.0	30.0	46.0	
60.0	30.0	14.0	30.0	92.0	

capacite_residuelle_X : 
131.0	111.0	85.0	72.0	103.0	
124.0	76.0	68.0	124.0	60.0	
99.0	84.0	98.0	122.0	109.0	
85.0	116.0	108.0	84.0	79.0	
89.0	96.0	68.0	0.0	110.0	
140.0	123.0	110.0	81.0	75.0	
143.0	64.0	140.0	111.0	78.0	
124.0	86.0	86.0	103.0	90.0	
126.0	125.0	80.0	113.0	72.0	
76.0	75.0	11.0	91.0	0.0	
95.0	113.0	91.0	106.0	58.0	
141.0	41.0	62.0	115.0	80.0	
126.0	88.0	138.0	132.0	82.0	
107.0	131.0	42.0	82.0	44.0	
107.0	134.0	86.0	135.0	113.0	
83.0	71.0	75.0	110.0	67.0	
109.0	114.0	80.0	117.0	35.0	
112.0	110.0	65.0	115.0	81.0	
148.0	102.0	69.0	87.0	73.0	
124.0	127.0	74.0	108.0	171.0	

capacite_residuelle_W : 
81.1	90.1	116.80000000000001	73.4	88.9	
86.19999999999999	61.19999999999999	60.900000000000006	146.2	6.299999999999997	
97.30000000000001	88.3	100.69999999999999	142.6	71.5	
60.0	109.80000000000001	88.19999999999999	80.69999999999999	58.599999999999994	
118.30000000000001	71.5	76.5	0.0	15.199999999999989	
136.8	102.4	119.6	75.4	54.69999999999999	
178.9	48.400000000000006	150.2	120.0	18.0	
99.0	56.099999999999994	117.6	118.6	27.400000000000006	
100.19999999999999	114.4	92.9	123.4	43.19999999999999	
64.19999999999999	0.09999999999999432	14.600000000000001	7.099999999999994	0.0	
105.1	74.69999999999999	94.69999999999999	99.5	1.7999999999999972	
85.9	29.19999999999999	55.5	147.3	0.7999999999999972	
158.9	88.5	147.4	87.5	85.5	
73.9	106.5	43.8	56.5	9.099999999999994	
147.4	137.8	110.4	150.6	46.599999999999994	
86.4	63.8	9.299999999999997	92.4	8.5	
85.6	126.80000000000001	43.099999999999994	119.30000000000001	10.900000000000006	
97.5	75.6	42.400000000000006	121.9	50.400000000000006	
95.6	87.80000000000001	45.400000000000006	109.5	70.19999999999999	
117.1	144.1	111.3	124.19999999999999	130.3	

min_capacite_X : 
148.0	141.0	139.0	139.0	0.0	148.0	148.0	148.0	153.0	0.0	139.0	136.0	145.0	135.0	142.0	138.0	141.0	148.0	138.0	154.0	

min_capacite_W : 
116.4	102.3	126.3	125.69999999999999	0.0	122.69999999999999	108.4	133.1	118.19999999999999	0.0	104.8	87.19999999999999	131.5	82.8	136.4	110.5	80.9	109.4	110.4	125.3	

max_capacite_X : 
166.0	174.0	165.0	174.0	175.0	172.0	174.0	172.0	168.0	157.0	175.0	175.0	175.0	165.0	172.0	171.0	166.0	178.0	175.0	177.0	

max_capacite_W : 
178.1	176.2	170.6	162.8	162.2	189.8	192.2	172.0	175.4	138.1	158.5	189.9	188.4	180.5	183.8	160.4	163.8	164.5	196.6	222.3	

moy_capacite_X : 
158.2	155.2	149.6	156.2	127.0	162.6	159.0	159.8	159.4	120.0	157.2	159.8	161.2	149.2	159.2	157.6	149.8	165.2	157.0	166.0	

moy_capacite_W : 
147.85999999999999	136.95999999999998	147.28	141.26000000000002	110.7	154.58	154.9	145.74	151.01999999999998	86.6	139.76	135.74	161.56	125.96000000000001	162.76000000000002	128.48	135.94	146.16	142.9	170.6	

med_capacite_X : 
157.0	154.0	141.0	156.0	145.0	166.0	160.0	160.0	154.0	144.0	156.0	163.0	165.0	153.0	166.0	166.0	147.0	163.0	162.0	171.0	

med_capacite_W : 
151.9	122.19999999999999	141.3	130.0	131.3	161.6	159.0	137.6	163.4	119.19999999999999	141.7	120.8	171.9	122.5	164.6	124.4	151.6	158.6	139.5	174.1	

ecartType_capacite_X : 
6.1773780845922	10.609429767899876	11.412274094149685	11.702991070662234	65.05689817382934	8.42852300228219	9.423375191511797	7.756287771866126	7.031358332498779	60.32909745719722	13.362634470792052	13.905394636614956	10.777754868245983	11.838918869558993	11.906300852909773	13.425349157470729	9.152048950918042	10.684568311354464	13.856406460551018	8.899438184514796	

ecartType_capacite_W : 
20.956774560986233	30.31703151695429	15.511853532057346	16.60236127784238	57.02031217031348	26.501803712200427	34.51654675659198	14.687082760031005	24.10148543140028	52.08420105943835	18.97783970845997	37.14213779523199	25.1426012973996	36.85200672962058	17.26378869194129	16.867412368232422	30.778862876981016	21.426208250644816	30.80129867391958	31.775588114148263	

var_capacite_X : 
38.16	112.56000000000002	130.24	136.95999999999998	4232.4	71.03999999999999	88.8	60.15999999999999	49.440000000000005	3639.6	178.56	193.35999999999999	116.16	140.16	141.76	180.24	83.76000000000002	114.16000000000001	192.0	79.2	

var_capacite_W : 
439.18639999999976	919.1223999999999	240.61759999999998	275.6384000000001	3251.316	702.3456000000003	1191.392	215.7104	580.8816	2712.763999999999	360.1584	1379.5384000000006	632.1504000000001	1358.0704	298.03839999999997	284.5096000000001	947.3384000000002	459.08239999999995	948.7199999999999	1009.6880000000003	

covar_capacite_X : 
47.699999999999996	140.70000000000002	162.8	171.2	5290.5	88.8	111.0	75.19999999999999	61.800000000000004	4549.5	223.20000000000002	241.7	145.2	175.2	177.2	225.3	104.70000000000003	142.70000000000002	240.0	99.0	

covar_capacite_W : 
548.9829999999997	1148.9029999999998	300.772	344.5480000000001	4064.1449999999995	877.9320000000004	1489.24	269.638	726.1020000000001	3390.954999999999	450.198	1724.4230000000007	790.1880000000001	1697.5880000000002	372.54799999999994	355.6370000000001	1184.1730000000002	573.853	1185.8999999999999	1262.1100000000004	

##########	##########	##########	##########	##########	##########	##########	##########	##########	##########	##########	##########	##########	##########	##########	##########	##########	##########	##########	##########	##########	##########	##########	##########	##########	##########	##########	##########	##########	##########	##########	##########	##########	##########	##########	##########	##########	##########	##########	##########	##########	##########	##########	##########	##########	##########	##########	##########	##########	##########	nombre de noeuds : 50
nombre de strates : 20
nombre de centres : 5
titre : fenetre
instances : p9_5
temps de calcul : 0.11542415618896484
valeur objective : 2140.0
nombre de solutions : 3
nombre de noeuds : 1.0
faisability : True
moy_distances :	45.97
min_distances :	1.0
max_distances :	121.0
var_distances :	509.09473985839236
covar_distances :	509.3026184781793
ecartType_distances :	22.563127882862172
coef_variation	: 0.4907989142784672
distances_centre_x :
-1.0	-1.0	52.0	-1.0	-1.0	-1.0	37.0	-1.0	7.0	-1.0	-1.0	10.0	-1.0	-1.0	33.0	-1.0	7.0	15.0	-1.0	32.0	17.0	-1.0	-1.0	-1.0	-1.0	-1.0	15.0	26.0	32.0	11.0	26.0	8.0	11.0	-1.0	31.0	38.0	9.0	-1.0	-1.0	12.0	-1.0	24.0	0.0	10.0	-1.0	-1.0	27.0	-1.0	-1.0	38.0	
-1.0	-1.0	52.0	-1.0	-1.0	-1.0	37.0	-1.0	7.0	-1.0	-1.0	10.0	-1.0	6.0	-1.0	-1.0	-1.0	15.0	-1.0	-1.0	17.0	-1.0	-1.0	33.0	-1.0	-1.0	15.0	17.0	-1.0	-1.0	-1.0	8.0	11.0	-1.0	31.0	38.0	9.0	-1.0	36.0	12.0	0.0	24.0	-1.0	10.0	10.0	-1.0	-1.0	-1.0	23.0	38.0	
-1.0	-1.0	52.0	-1.0	-1.0	23.0	37.0	-1.0	7.0	-1.0	-1.0	-1.0	12.0	-1.0	-1.0	-1.0	-1.0	15.0	-1.0	36.0	-1.0	-1.0	-1.0	-1.0	-1.0	-1.0	-1.0	-1.0	-1.0	-1.0	26.0	8.0	11.0	-1.0	31.0	38.0	9.0	-1.0	-1.0	12.0	0.0	-1.0	-1.0	10.0	-1.0	-1.0	-1.0	-1.0	23.0	38.0	
-1.0	-1.0	52.0	11.0	-1.0	23.0	37.0	-1.0	7.0	-1.0	-1.0	10.0	-1.0	-1.0	-1.0	21.0	7.0	-1.0	24.0	32.0	17.0	-1.0	4.0	0.0	-1.0	-1.0	-1.0	17.0	-1.0	-1.0	26.0	8.0	11.0	22.0	-1.0	38.0	9.0	-1.0	-1.0	12.0	-1.0	24.0	-1.0	-1.0	10.0	-1.0	-1.0	34.0	23.0	38.0	
-1.0	-1.0	-1.0	-1.0	-1.0	-1.0	-1.0	-1.0	-1.0	-1.0	-1.0	-1.0	-1.0	-1.0	-1.0	-1.0	-1.0	-1.0	-1.0	-1.0	-1.0	-1.0	-1.0	-1.0	-1.0	-1.0	-1.0	-1.0	-1.0	-1.0	-1.0	-1.0	-1.0	-1.0	-1.0	-1.0	-1.0	-1.0	-1.0	-1.0	-1.0	-1.0	-1.0	-1.0	-1.0	-1.0	-1.0	-1.0	-1.0	-1.0	
-1.0	-1.0	52.0	11.0	-1.0	-1.0	37.0	-1.0	7.0	-1.0	-1.0	20.0	-1.0	6.0	33.0	-1.0	-1.0	15.0	24.0	36.0	19.0	27.0	-1.0	-1.0	-1.0	-1.0	-1.0	-1.0	-1.0	11.0	-1.0	8.0	11.0	0.0	31.0	38.0	9.0	16.0	-1.0	12.0	-1.0	24.0	-1.0	-1.0	10.0	-1.0	-1.0	-1.0	-1.0	-1.0	
18.0	-1.0	52.0	-1.0	-1.0	-1.0	37.0	-1.0	7.0	-1.0	-1.0	10.0	12.0	6.0	-1.0	-1.0	-1.0	15.0	-1.0	32.0	30.0	-1.0	4.0	-1.0	-1.0	-1.0	15.0	-1.0	-1.0	-1.0	26.0	8.0	-1.0	-1.0	31.0	-1.0	9.0	-1.0	-1.0	-1.0	0.0	-1.0	-1.0	10.0	10.0	-1.0	-1.0	-1.0	23.0	38.0	
-1.0	-1.0	52.0	-1.0	-1.0	23.0	37.0	-1.0	7.0	-1.0	0.0	10.0	-1.0	6.0	33.0	-1.0	7.0	15.0	-1.0	36.0	17.0	-1.0	-1.0	0.0	-1.0	-1.0	-1.0	-1.0	32.0	-1.0	-1.0	8.0	11.0	-1.0	31.0	38.0	9.0	16.0	36.0	-1.0	-1.0	24.0	-1.0	10.0	10.0	-1.0	27.0	-1.0	-1.0	38.0	
-1.0	-1.0	52.0	-1.0	32.0	-1.0	37.0	-1.0	-1.0	-1.0	-1.0	10.0	-1.0	-1.0	33.0	21.0	-1.0	15.0	-1.0	-1.0	17.0	27.0	-1.0	-1.0	-1.0	15.0	-1.0	17.0	-1.0	-1.0	26.0	8.0	11.0	-1.0	-1.0	38.0	9.0	-1.0	36.0	12.0	0.0	-1.0	0.0	-1.0	10.0	-1.0	-1.0	-1.0	23.0	-1.0	
-1.0	-1.0	52.0	-1.0	-1.0	-1.0	37.0	-1.0	25.0	-1.0	-1.0	-1.0	-1.0	-1.0	-1.0	-1.0	-1.0	-1.0	24.0	-1.0	-1.0	-1.0	-1.0	-1.0	-1.0	-1.0	-1.0	-1.0	-1.0	-1.0	-1.0	-1.0	-1.0	-1.0	-1.0	-1.0	9.0	-1.0	-1.0	-1.0	-1.0	26.0	0.0	-1.0	-1.0	-1.0	-1.0	-1.0	-1.0	-1.0	
18.0	-1.0	52.0	-1.0	-1.0	23.0	37.0	50.0	7.0	-1.0	0.0	10.0	12.0	-1.0	-1.0	-1.0	-1.0	15.0	24.0	36.0	19.0	27.0	-1.0	-1.0	-1.0	-1.0	15.0	17.0	32.0	-1.0	-1.0	8.0	11.0	-1.0	31.0	38.0	9.0	-1.0	36.0	12.0	0.0	-1.0	-1.0	-1.0	10.0	-1.0	-1.0	-1.0	-1.0	38.0	
-1.0	-1.0	52.0	-1.0	42.0	-1.0	37.0	50.0	7.0	-1.0	0.0	10.0	12.0	6.0	-1.0	-1.0	7.0	15.0	-1.0	32.0	17.0	-1.0	-1.0	-1.0	-1.0	15.0	15.0	-1.0	-1.0	11.0	29.0	8.0	11.0	-1.0	31.0	38.0	-1.0	20.0	36.0	-1.0	0.0	24.0	0.0	10.0	10.0	-1.0	-1.0	-1.0	23.0	38.0	
-1.0	-1.0	52.0	-1.0	-1.0	-1.0	-1.0	-1.0	7.0	-1.0	0.0	10.0	12.0	-1.0	-1.0	-1.0	7.0	15.0	-1.0	32.0	17.0	-1.0	-1.0	-1.0	-1.0	-1.0	15.0	17.0	32.0	-1.0	-1.0	-1.0	-1.0	-1.0	-1.0	38.0	9.0	-1.0	-1.0	12.0	-1.0	-1.0	0.0	10.0	10.0	-1.0	-1.0	-1.0	23.0	-1.0	
-1.0	-1.0	52.0	-1.0	-1.0	-1.0	37.0	-1.0	7.0	36.0	-1.0	10.0	12.0	-1.0	-1.0	-1.0	-1.0	15.0	24.0	32.0	19.0	-1.0	4.0	-1.0	-1.0	-1.0	15.0	17.0	-1.0	19.0	-1.0	8.0	11.0	-1.0	31.0	38.0	9.0	-1.0	-1.0	12.0	0.0	24.0	0.0	10.0	10.0	-1.0	-1.0	-1.0	-1.0	38.0	
-1.0	-1.0	52.0	-1.0	-1.0	23.0	37.0	50.0	7.0	-1.0	-1.0	20.0	-1.0	-1.0	-1.0	21.0	-1.0	-1.0	-1.0	-1.0	30.0	-1.0	-1.0	-1.0	-1.0	-1.0	-1.0	17.0	32.0	-1.0	26.0	8.0	-1.0	0.0	-1.0	38.0	9.0	-1.0	-1.0	12.0	0.0	-1.0	-1.0	10.0	-1.0	-1.0	-1.0	-1.0	23.0	38.0	
-1.0	17.0	52.0	-1.0	-1.0	-1.0	37.0	-1.0	7.0	-1.0	0.0	10.0	-1.0	-1.0	-1.0	21.0	7.0	15.0	24.0	32.0	19.0	-1.0	-1.0	-1.0	-1.0	-1.0	15.0	26.0	32.0	11.0	26.0	-1.0	11.0	-1.0	-1.0	38.0	-1.0	20.0	36.0	12.0	0.0	24.0	0.0	10.0	17.0	4.0	-1.0	-1.0	23.0	-1.0	
-1.0	17.0	-1.0	-1.0	-1.0	-1.0	37.0	50.0	7.0	-1.0	-1.0	20.0	-1.0	-1.0	-1.0	-1.0	-1.0	-1.0	24.0	32.0	19.0	-1.0	-1.0	-1.0	8.0	-1.0	-1.0	-1.0	-1.0	11.0	-1.0	8.0	-1.0	-1.0	31.0	38.0	9.0	20.0	36.0	12.0	0.0	-1.0	0.0	-1.0	10.0	-1.0	-1.0	34.0	23.0	-1.0	
-1.0	-1.0	-1.0	-1.0	-1.0	-1.0	-1.0	-1.0	-1.0	-1.0	-1.0	-1.0	-1.0	-1.0	-1.0	-1.0	-1.0	-1.0	-1.0	-1.0	-1.0	-1.0	-1.0	-1.0	-1.0	-1.0	-1.0	-1.0	-1.0	-1.0	-1.0	-1.0	-1.0	-1.0	-1.0	-1.0	-1.0	-1.0	-1.0	-1.0	-1.0	-1.0	-1.0	-1.0	-1.0	-1.0	-1.0	-1.0	-1.0	-1.0	
-1.0	-1.0	52.0	-1.0	-1.0	-1.0	37.0	-1.0	7.0	-1.0	-1.0	10.0	-1.0	6.0	33.0	-1.0	7.0	15.0	24.0	-1.0	19.0	-1.0	-1.0	-1.0	-1.0	-1.0	15.0	-1.0	-1.0	19.0	-1.0	8.0	11.0	-1.0	-1.0	38.0	9.0	-1.0	36.0	-1.0	-1.0	24.0	-1.0	-1.0	-1.0	-1.0	27.0	34.0	23.0	-1.0	
-1.0	-1.0	52.0	-1.0	-1.0	-1.0	37.0	-1.0	-1.0	-1.0	0.0	10.0	12.0	-1.0	33.0	-1.0	-1.0	15.0	-1.0	32.0	-1.0	-1.0	-1.0	-1.0	-1.0	-1.0	-1.0	17.0	-1.0	-1.0	-1.0	8.0	11.0	-1.0	31.0	38.0	9.0	-1.0	36.0	12.0	-1.0	-1.0	-1.0	10.0	-1.0	-1.0	-1.0	-1.0	23.0	-1.0	

distances_centre_w :
-1.0	-1.0	52.0	-1.0	-1.0	-1.0	38.0	-1.0	21.0	-1.0	-1.0	20.0	-1.0	-1.0	38.0	-1.0	18.0	20.0	-1.0	50.0	44.0	-1.0	-1.0	-1.0	-1.0	-1.0	37.0	40.0	35.0	19.0	29.0	29.0	23.0	-1.0	46.0	46.0	35.0	-1.0	-1.0	39.0	-1.0	26.0	27.0	24.0	-1.0	-1.0	29.0	-1.0	-1.0	42.0	
-1.0	-1.0	52.0	-1.0	-1.0	-1.0	38.0	-1.0	21.0	-1.0	-1.0	41.0	-1.0	32.0	-1.0	-1.0	-1.0	20.0	-1.0	-1.0	19.0	-1.0	-1.0	43.0	-1.0	-1.0	37.0	26.0	-1.0	-1.0	-1.0	29.0	23.0	-1.0	46.0	46.0	35.0	-1.0	48.0	39.0	14.0	26.0	-1.0	44.0	17.0	-1.0	-1.0	-1.0	28.0	42.0	
-1.0	-1.0	52.0	-1.0	-1.0	39.0	38.0	-1.0	25.0	-1.0	-1.0	-1.0	23.0	-1.0	-1.0	-1.0	-1.0	20.0	-1.0	50.0	-1.0	-1.0	-1.0	-1.0	-1.0	-1.0	-1.0	-1.0	-1.0	-1.0	29.0	29.0	23.0	-1.0	46.0	46.0	35.0	-1.0	-1.0	19.0	14.0	-1.0	-1.0	24.0	-1.0	-1.0	-1.0	-1.0	28.0	42.0	
-1.0	-1.0	52.0	30.0	-1.0	39.0	38.0	-1.0	21.0	-1.0	-1.0	20.0	-1.0	-1.0	-1.0	37.0	18.0	-1.0	38.0	36.0	19.0	-1.0	18.0	33.0	-1.0	-1.0	-1.0	40.0	-1.0	-1.0	29.0	29.0	23.0	33.0	-1.0	46.0	35.0	-1.0	-1.0	39.0	-1.0	26.0	-1.0	-1.0	17.0	-1.0	-1.0	54.0	28.0	42.0	
-1.0	-1.0	-1.0	-1.0	-1.0	-1.0	-1.0	-1.0	-1.0	-1.0	-1.0	-1.0	-1.0	-1.0	-1.0	-1.0	-1.0	-1.0	-1.0	-1.0	-1.0	-1.0	-1.0	-1.0	-1.0	-1.0	-1.0	-1.0	-1.0	-1.0	-1.0	-1.0	-1.0	-1.0	-1.0	-1.0	-1.0	-1.0	-1.0	-1.0	-1.0	-1.0	-1.0	-1.0	-1.0	-1.0	-1.0	-1.0	-1.0	-1.0	
-1.0	-1.0	52.0	23.0	-1.0	-1.0	38.0	-1.0	21.0	-1.0	-1.0	41.0	-1.0	20.0	38.0	-1.0	-1.0	20.0	38.0	50.0	30.0	30.0	-1.0	-1.0	-1.0	-1.0	-1.0	-1.0	-1.0	19.0	-1.0	29.0	23.0	22.0	46.0	46.0	35.0	20.0	-1.0	39.0	-1.0	26.0	-1.0	-1.0	17.0	-1.0	-1.0	-1.0	-1.0	-1.0	
49.0	-1.0	52.0	-1.0	-1.0	-1.0	38.0	-1.0	21.0	-1.0	-1.0	41.0	23.0	20.0	-1.0	-1.0	-1.0	20.0	-1.0	50.0	44.0	-1.0	18.0	-1.0	-1.0	-1.0	37.0	-1.0	-1.0	-1.0	29.0	29.0	-1.0	-1.0	46.0	-1.0	35.0	-1.0	-1.0	-1.0	14.0	-1.0	-1.0	24.0	17.0	-1.0	-1.0	-1.0	28.0	42.0	
-1.0	-1.0	52.0	-1.0	-1.0	39.0	38.0	-1.0	21.0	-1.0	31.0	20.0	-1.0	20.0	38.0	-1.0	38.0	20.0	-1.0	50.0	19.0	-1.0	-1.0	36.0	-1.0	-1.0	-1.0	-1.0	35.0	-1.0	-1.0	52.0	23.0	-1.0	46.0	46.0	35.0	21.0	48.0	-1.0	-1.0	26.0	-1.0	24.0	17.0	-1.0	29.0	-1.0	-1.0	42.0	
-1.0	-1.0	52.0	-1.0	42.0	-1.0	38.0	-1.0	-1.0	-1.0	-1.0	20.0	-1.0	-1.0	38.0	37.0	-1.0	26.0	-1.0	-1.0	19.0	30.0	-1.0	-1.0	-1.0	21.0	-1.0	26.0	-1.0	-1.0	29.0	29.0	23.0	-1.0	-1.0	46.0	35.0	-1.0	48.0	39.0	14.0	-1.0	27.0	-1.0	17.0	-1.0	-1.0	-1.0	28.0	-1.0	
-1.0	-1.0	-1.0	-1.0	-1.0	-1.0	-1.0	-1.0	-1.0	-1.0	-1.0	-1.0	48.0	-1.0	-1.0	-1.0	-1.0	30.0	-1.0	-1.0	-1.0	-1.0	-1.0	-1.0	-1.0	-1.0	-1.0	-1.0	-1.0	38.0	-1.0	-1.0	-1.0	-1.0	-1.0	58.0	-1.0	28.0	50.0	-1.0	-1.0	-1.0	-1.0	-1.0	-1.0	-1.0	-1.0	-1.0	-1.0	63.0	
25.0	-1.0	52.0	-1.0	-1.0	39.0	38.0	56.0	21.0	-1.0	22.0	20.0	23.0	-1.0	-1.0	-1.0	-1.0	20.0	38.0	54.0	30.0	30.0	-1.0	-1.0	-1.0	-1.0	38.0	26.0	35.0	-1.0	-1.0	29.0	23.0	-1.0	46.0	46.0	35.0	-1.0	48.0	39.0	14.0	-1.0	-1.0	-1.0	17.0	-1.0	-1.0	-1.0	-1.0	42.0	
-1.0	-1.0	52.0	-1.0	46.0	-1.0	38.0	56.0	21.0	-1.0	31.0	41.0	55.0	46.0	-1.0	-1.0	18.0	23.0	-1.0	36.0	37.0	-1.0	-1.0	-1.0	-1.0	20.0	37.0	-1.0	-1.0	19.0	53.0	29.0	23.0	-1.0	46.0	46.0	-1.0	28.0	48.0	-1.0	14.0	26.0	43.0	24.0	17.0	-1.0	-1.0	-1.0	56.0	42.0	
-1.0	-1.0	52.0	-1.0	-1.0	-1.0	-1.0	-1.0	21.0	-1.0	22.0	41.0	23.0	-1.0	-1.0	-1.0	18.0	20.0	-1.0	36.0	19.0	-1.0	-1.0	-1.0	-1.0	-1.0	37.0	26.0	35.0	-1.0	-1.0	-1.0	-1.0	-1.0	-1.0	46.0	35.0	-1.0	-1.0	29.0	-1.0	-1.0	27.0	28.0	17.0	-1.0	-1.0	-1.0	28.0	-1.0	
-1.0	-1.0	52.0	-1.0	-1.0	-1.0	52.0	-1.0	21.0	42.0	-1.0	20.0	41.0	-1.0	-1.0	-1.0	-1.0	20.0	38.0	36.0	30.0	-1.0	18.0	-1.0	-1.0	-1.0	37.0	26.0	-1.0	38.0	-1.0	29.0	23.0	-1.0	46.0	46.0	35.0	-1.0	-1.0	39.0	14.0	26.0	27.0	24.0	17.0	-1.0	-1.0	-1.0	-1.0	42.0	
-1.0	-1.0	52.0	-1.0	-1.0	39.0	38.0	56.0	21.0	-1.0	-1.0	41.0	-1.0	-1.0	-1.0	37.0	-1.0	-1.0	-1.0	-1.0	44.0	-1.0	-1.0	-1.0	-1.0	-1.0	-1.0	26.0	35.0	-1.0	29.0	53.0	-1.0	22.0	-1.0	46.0	35.0	-1.0	-1.0	39.0	14.0	-1.0	-1.0	24.0	-1.0	-1.0	-1.0	-1.0	28.0	42.0	
-1.0	46.0	52.0	-1.0	-1.0	-1.0	38.0	-1.0	21.0	-1.0	22.0	46.0	-1.0	-1.0	-1.0	37.0	18.0	20.0	38.0	50.0	37.0	-1.0	-1.0	-1.0	-1.0	-1.0	37.0	40.0	35.0	19.0	29.0	-1.0	23.0	-1.0	-1.0	46.0	-1.0	28.0	48.0	39.0	14.0	26.0	31.0	44.0	36.0	40.0	-1.0	-1.0	28.0	-1.0	
-1.0	46.0	-1.0	-1.0	-1.0	-1.0	52.0	56.0	21.0	-1.0	-1.0	41.0	-1.0	-1.0	-1.0	-1.0	-1.0	-1.0	38.0	36.0	44.0	-1.0	-1.0	-1.0	47.0	-1.0	-1.0	-1.0	-1.0	19.0	-1.0	29.0	-1.0	-1.0	46.0	46.0	35.0	28.0	48.0	39.0	14.0	-1.0	27.0	-1.0	17.0	-1.0	-1.0	54.0	28.0	-1.0	
-1.0	-1.0	-1.0	-1.0	-1.0	-1.0	-1.0	-1.0	-1.0	-1.0	-1.0	-1.0	-1.0	-1.0	-1.0	-1.0	-1.0	-1.0	-1.0	-1.0	-1.0	-1.0	-1.0	-1.0	-1.0	-1.0	-1.0	-1.0	-1.0	-1.0	-1.0	-1.0	-1.0	-1.0	-1.0	-1.0	-1.0	-1.0	-1.0	-1.0	-1.0	-1.0	-1.0	-1.0	-1.0	-1.0	-1.0	-1.0	-1.0	-1.0	
-1.0	-1.0	52.0	-1.0	-1.0	-1.0	38.0	-1.0	21.0	-1.0	-1.0	54.0	-1.0	20.0	38.0	-1.0	45.0	20.0	38.0	-1.0	30.0	-1.0	-1.0	-1.0	-1.0	-1.0	37.0	-1.0	-1.0	38.0	-1.0	29.0	23.0	-1.0	-1.0	46.0	35.0	-1.0	48.0	-1.0	-1.0	26.0	-1.0	-1.0	-1.0	-1.0	29.0	54.0	28.0	-1.0	
-1.0	-1.0	52.0	-1.0	-1.0	-1.0	52.0	-1.0	-1.0	-1.0	31.0	20.0	41.0	-1.0	38.0	-1.0	-1.0	30.0	-1.0	50.0	-1.0	-1.0	-1.0	-1.0	-1.0	-1.0	-1.0	26.0	-1.0	-1.0	-1.0	36.0	52.0	-1.0	46.0	46.0	36.0	-1.0	50.0	19.0	-1.0	-1.0	-1.0	24.0	-1.0	-1.0	-1.0	-1.0	28.0	-1.0	

maxX :
52.0	52.0	52.0	52.0	nan	52.0	52.0	52.0	52.0	52.0	52.0	52.0	52.0	52.0	52.0	52.0	50.0	nan	52.0	52.0	

maxW :
52.0	52.0	52.0	54.0	nan	52.0	52.0	52.0	52.0	63.0	56.0	56.0	52.0	52.0	56.0	52.0	56.0	nan	54.0	52.0	

minX :
0.0	0.0	0.0	0.0	nan	0.0	0.0	0.0	0.0	0.0	0.0	0.0	0.0	0.0	0.0	0.0	0.0	nan	6.0	0.0	

minW :
18.0	14.0	14.0	17.0	nan	17.0	14.0	17.0	14.0	28.0	14.0	14.0	17.0	14.0	14.0	14.0	14.0	nan	20.0	19.0	

moyX :
21.12	19.956521739130434	21.555555555555557	19.884615384615383	nan	19.869565217391305	18.714285714285715	20.5	20.40909090909091	24.714285714285715	21.74074074074074	20.2	16.736842105263158	18.846153846153847	22.65	18.82758620689655	20.272727272727273	nan	21.61904761904762	21.444444444444443	

moyW :
33.08	33.30434782608695	32.333333333333336	32.30769230769231	nan	31.434782608695652	32.23809523809524	33.30769230769231	31.09090909090909	45.0	33.55555555555556	35.7	29.473684210526315	32.26923076923077	36.05	34.06896551724138	36.86363636363637	nan	35.666666666666664	37.611111111111114	

medX :
17.0	15.0	19.0	19.0	nan	16.0	15.0	16.5	17.0	25.0	18.0	15.0	12.0	15.0	22.0	17.0	19.5	nan	19.0	16.0	

medW :
35.0	35.0	29.0	33.0	nan	30.0	29.0	35.0	29.0	48.0	35.0	37.0	28.0	32.5	37.5	37.0	38.5	nan	37.0	37.0	

ecartTypeX :
12.857122539666488	13.31059813397993	13.9770535053479	12.549369959903666	nan	12.756257962359825	13.302856324660423	13.873743879384874	13.099823353802387	15.835893097772592	14.05964172293267	14.672877472852193	12.97301695732605	13.213315858494088	14.877079686551392	12.517763834446715	13.29108319746677	nan	12.582967287553329	13.756704313906253	

ecartTypeW :
10.130824250770518	10.90446570909167	11.190273554396345	10.132845415430838	nan	10.668222161315157	11.82372418126959	11.22760756339627	10.197633820509054	12.478553029669975	11.688339657565452	12.938701635017324	9.604650304890042	10.832847811908756	11.083659143080864	10.421896824120072	12.151675733844113	nan	10.798294985930632	11.195926287364468	

varX :
165.30560000000003	177.17202268431	195.35802469135803	157.48668639053253	nan	162.72211720226844	176.9659863945578	192.48076923076923	171.60537190082644	250.77551020408166	197.6735253772291	215.29333333333335	168.29916897506925	174.59171597633136	221.32750000000004	156.69441141498214	176.6528925619835	nan	158.33106575963717	189.2469135802469	

varW :
102.63360000000003	118.90737240075613	125.22222222222223	102.67455621301775	nan	113.81096408317582	139.80045351473922	126.05917159763314	103.9917355371901	155.71428571428572	136.61728395061726	167.41	92.24930747922437	117.35059171597634	122.84750000000001	108.61593341260405	147.66322314049586	nan	116.60317460317462	125.34876543209874	

covarX :
172.1933333333333	185.22529644268772	206.84967320261438	163.78615384615384	nan	170.1185770750988	185.81428571428575	200.18	179.7770562770563	292.57142857142856	205.2763532763533	222.71724137931037	177.64912280701753	181.57538461538462	232.97631578947372	162.29064039408863	185.06493506493507	nan	166.24761904761905	200.37908496732024	

covarW :
106.91	124.31225296442688	132.58823529411762	106.78153846153846	nan	118.98418972332018	146.7904761904762	131.10153846153844	108.94372294372295	181.66666666666666	141.87179487179486	173.18275862068967	97.37426900584795	122.0446153846154	129.31315789473683	112.49507389162564	154.69480519480516	nan	122.43333333333334	132.7222222222222	

coef_variationX :
0.6087652717645117	0.6669798629227416	0.6484200079800572	0.6311095144245558	nan	0.6419998536855054	0.7108396509360531	0.6767679941163353	0.6418621687831905	0.6407586802566945	0.646695615875949	0.726380072913475	0.7751173653748269	0.7011147190221353	0.6568247102230196	0.6648629142837998	0.655613969381769	nan	0.5820315265167839	0.6415043462443331	

coef_variationW :
0.3062522445819383	0.32741868317115985	0.3460909346720519	0.31363569143000214	nan	0.33937636197821386	0.3667624930674466	0.33708752499804046	0.3279940702502912	0.27730117843711055	0.34832800304003003	0.362428617227376	0.3258720639159121	0.33570207760384707	0.307452403414171	0.30590587844077133	0.32963855258270097	nan	0.302755934184971	0.2976760312740922	

moy_distances_centre :	33.5
min_distances_centre :	14.0
max_distances_centre :	45.0
med_distances_centre :	34.5
ecartType_distances_centre :	9.677293009927931
var_distances_centre :	93.65
covar_distances_centre :	98.57894736842104
coef_variation_distances_centre :	0.28887441820680393
capacite_X_temoin : 
157.0	157.0	148.0	163.0	169.0	
154.0	154.0	174.0	141.0	157.0	
141.0	141.0	162.0	165.0	175.0	
150.0	156.0	139.0	162.0	154.0	
141.0	145.0	0.0	174.0	0.0	
166.0	168.0	148.0	159.0	169.0	
163.0	148.0	160.0	150.0	166.0	
160.0	157.0	162.0	148.0	157.0	
154.0	168.0	168.0	154.0	171.0	
144.0	157.0	157.0	0.0	175.0	
147.0	139.0	175.0	156.0	148.0	
163.0	154.0	171.0	136.0	145.0	
153.0	145.0	175.0	165.0	166.0	
153.0	165.0	135.0	157.0	178.0	
148.0	166.0	142.0	172.0	141.0	
138.0	166.0	168.0	145.0	159.0	
142.0	166.0	141.0	153.0	141.0	
175.0	162.0	163.0	178.0	0.0	
162.0	166.0	175.0	144.0	144.0	
177.0	157.0	154.0	171.0	177.0	

capacite_W_temoin : 
173.1	151.1	117.4	147.9	153.7	
170.2	123.19999999999999	169.2	70.3	157.1	
155.3	126.3	170.6	164.5	166.5	
140.0	162.8	129.7	129.6	118.19999999999999	
99.3	90.5	0.0	136.2	0.0	
189.8	177.4	122.4	126.69999999999999	152.7	
183.9	108.4	173.0	127.0	171.8	
186.0	121.1	151.6	98.4	152.1	
172.2	171.4	163.4	121.19999999999999	150.3	
161.2	94.1	122.1	0.0	98.5	
153.1	152.7	156.5	99.8	109.4	
189.9	104.19999999999999	163.3	53.8	128.5	
165.9	117.5	196.5	155.5	169.8	
152.9	166.5	112.5	115.1	137.4	
165.4	168.8	177.6	141.6	125.3	
146.4	116.8	153.4	94.5	115.69999999999999	
151.6	173.8	149.3	94.9	102.3	
144.5	158.6	163.9	71.4	0.0	
196.6	148.8	132.5	114.19999999999999	130.2	
195.1	133.1	154.2	183.3	195.1	

demande_cumulee_X : 
31.0	53.0	75.0	64.0	66.0	
30.0	77.0	57.0	113.0	47.0	
28.0	57.0	40.0	50.0	61.0	
55.0	40.0	51.0	81.0	82.0	
84.0	98.0	0.0	90.0	0.0	
26.0	41.0	70.0	80.0	67.0	
28.0	84.0	35.0	68.0	44.0	
22.0	83.0	59.0	94.0	52.0	
28.0	47.0	55.0	79.0	72.0	
26.0	110.0	82.0	0.0	129.0	
38.0	28.0	71.0	103.0	83.0	
22.0	96.0	59.0	123.0	60.0	
33.0	71.0	31.0	59.0	46.0	
46.0	48.0	63.0	89.0	94.0	
27.0	47.0	7.0	82.0	58.0	
33.0	99.0	65.0	94.0	91.0	
33.0	42.0	34.0	104.0	81.0	
83.0	52.0	48.0	160.0	0.0	
14.0	67.0	95.0	73.0	57.0	
35.0	71.0	46.0	39.0	35.0	

demande_cumulee_W : 
34.0	96.0	25.0	99.0	35.0	
41.0	107.0	42.0	68.0	66.0	
37.0	47.0	9.0	104.0	39.0	
53.0	66.0	48.0	98.0	44.0	
79.0	88.0	0.0	105.0	0.0	
31.0	87.0	28.0	99.0	39.0	
13.0	60.0	34.0	126.0	26.0	
34.0	96.0	17.0	96.0	67.0	
24.0	84.0	28.0	113.0	32.0	
107.0	91.0	79.0	0.0	70.0	
39.0	134.0	18.0	99.0	33.0	
91.0	93.0	43.0	45.0	88.0	
13.0	50.0	63.0	87.0	27.0	
37.0	107.0	42.0	108.0	46.0	
18.0	80.0	4.0	99.0	20.0	
85.0	110.0	33.0	81.0	73.0	
16.0	122.0	13.0	84.0	59.0	
41.0	148.0	99.0	55.0	0.0	
56.0	84.0	20.0	106.0	40.0	
18.0	34.0	26.0	73.0	75.0	

capacite_residuelle_X : 
126.0	104.0	73.0	99.0	103.0	
124.0	77.0	117.0	28.0	110.0	
113.0	84.0	122.0	115.0	114.0	
95.0	116.0	88.0	81.0	72.0	
57.0	47.0	0.0	84.0	0.0	
140.0	127.0	78.0	79.0	102.0	
135.0	64.0	125.0	82.0	122.0	
138.0	74.0	103.0	54.0	105.0	
126.0	121.0	113.0	75.0	99.0	
118.0	47.0	75.0	0.0	46.0	
109.0	111.0	104.0	53.0	65.0	
141.0	58.0	112.0	13.0	85.0	
120.0	74.0	144.0	106.0	120.0	
107.0	117.0	72.0	68.0	84.0	
121.0	119.0	135.0	90.0	83.0	
105.0	67.0	103.0	51.0	68.0	
109.0	124.0	107.0	49.0	60.0	
92.0	110.0	115.0	18.0	0.0	
148.0	99.0	80.0	71.0	87.0	
142.0	86.0	108.0	132.0	142.0	

capacite_residuelle_W : 
139.1	55.099999999999994	92.4	48.900000000000006	118.69999999999999	
129.2	16.19999999999999	127.19999999999999	2.299999999999997	91.1	
118.30000000000001	79.3	161.6	60.5	127.5	
87.0	96.80000000000001	81.69999999999999	31.599999999999994	74.19999999999999	
20.299999999999997	2.5	0.0	31.19999999999999	0.0	
158.8	90.4	94.4	27.69999999999999	113.69999999999999	
170.9	48.400000000000006	139.0	1.0	145.8	
152.0	25.099999999999994	134.6	2.4000000000000057	85.1	
148.2	87.4	135.4	8.199999999999989	118.30000000000001	
54.19999999999999	3.0999999999999943	43.099999999999994	0.0	28.5	
114.1	18.69999999999999	138.5	0.7999999999999972	76.4	
98.9	11.199999999999989	120.30000000000001	8.799999999999997	40.5	
152.9	67.5	133.5	68.5	142.8	
115.9	59.5	70.5	7.099999999999994	91.4	
147.4	88.80000000000001	173.6	42.599999999999994	105.3	
61.400000000000006	6.799999999999997	120.4	13.5	42.69999999999999	
135.6	51.80000000000001	136.3	10.900000000000006	43.3	
103.5	10.599999999999994	64.9	16.400000000000006	0.0	
140.6	64.80000000000001	112.5	8.199999999999989	90.19999999999999	
177.1	99.1	128.2	110.30000000000001	120.1	

min_capacite_X : 
148.0	141.0	141.0	139.0	0.0	148.0	148.0	148.0	154.0	0.0	139.0	136.0	145.0	135.0	141.0	138.0	141.0	0.0	144.0	154.0	

min_capacite_W : 
117.4	70.3	126.3	118.19999999999999	0.0	122.4	108.4	98.4	121.19999999999999	0.0	99.8	53.8	117.5	112.5	125.3	94.5	94.9	0.0	114.19999999999999	133.1	

max_capacite_X : 
169.0	174.0	175.0	162.0	174.0	169.0	166.0	162.0	171.0	175.0	175.0	171.0	175.0	178.0	172.0	168.0	166.0	178.0	175.0	177.0	

max_capacite_W : 
173.1	170.2	170.6	162.8	136.2	189.8	183.9	186.0	172.2	161.2	156.5	189.9	196.5	166.5	177.6	153.4	173.8	163.9	196.6	195.1	

moy_capacite_X : 
158.8	156.0	156.8	152.2	92.0	162.0	157.4	156.8	163.0	126.6	153.0	153.8	160.8	157.6	153.8	155.2	148.6	135.6	158.2	167.2	

moy_capacite_W : 
148.64000000000001	138.0	156.64000000000001	136.06	65.2	153.8	152.82	141.84	155.7	95.17999999999999	134.29999999999998	127.94000000000001	161.04000000000002	136.88	155.74	125.35999999999999	134.38	107.67999999999999	144.45999999999998	172.16000000000003	

med_capacite_X : 
157.0	154.0	162.0	154.0	141.0	166.0	160.0	157.0	168.0	157.0	148.0	154.0	165.0	157.0	148.0	159.0	142.0	163.0	162.0	171.0	

med_capacite_W : 
151.1	157.1	164.5	129.7	90.5	152.7	171.8	151.6	163.4	98.5	152.7	128.5	165.9	137.4	165.4	116.8	149.3	144.5	132.5	183.3	

ecartType_capacite_X : 
6.99714227381436	10.564090116995406	13.6	7.652450587883597	75.9763120979164	7.8230428862431785	7.144228439796701	4.791659420284375	7.429670248402684	64.06434265642628	12.24744871391589	12.448293055676348	10.552724766618335	14.164744967700619	12.781236246936366	11.7881296226331	9.810198774744578	68.09581484937235	12.33531515608742	9.846826900072937	

ecartType_capacite_W : 
17.924463729774452	37.887781671668236	15.97618227237033	15.0446801228873	55.40032490879453	26.737763556438303	29.57447548140119	29.89251411306851	18.96016877562012	53.20666875495965	24.47488508655352	47.22290122387654	25.628858733857037	20.99051214239424	19.330142265384392	21.669573138389232	30.53151814109479	63.277907677166446	28.28240442395236	24.59606472588654	

var_capacite_X : 
48.959999999999994	111.6	184.95999999999998	58.56	5772.4	61.2	51.040000000000006	22.96	55.2	4104.24	150.0	154.96	111.35999999999999	200.64000000000001	163.36	138.95999999999998	96.24000000000002	4637.039999999999	152.16	96.96000000000001	

var_capacite_W : 
321.28639999999984	1435.4839999999997	255.2384	226.34240000000023	3069.196	714.9080000000002	874.6496000000001	893.5624	359.48800000000017	2830.9495999999995	599.0199999999999	2230.0024000000003	656.8384000000001	440.6016000000001	373.65440000000007	469.5704000000002	932.1736000000003	4004.0936	799.8944	604.9664	

covar_capacite_X : 
61.199999999999996	139.5	231.2	73.2	7215.5	76.5	63.80000000000001	28.7	69.0	5130.3	187.5	193.70000000000002	139.2	250.8	204.20000000000002	173.7	120.30000000000003	5796.299999999999	190.2	121.20000000000002	

covar_capacite_W : 
401.60799999999983	1794.3549999999996	319.048	282.9280000000003	3836.495	893.6350000000003	1093.3120000000001	1116.953	449.3600000000002	3538.6869999999994	748.7749999999999	2787.5030000000006	821.0480000000001	550.7520000000001	467.0680000000001	586.9630000000002	1165.2170000000003	5005.117	999.868	756.2080000000001	

##########	##########	##########	##########	##########	##########	##########	##########	##########	##########	##########	##########	##########	##########	##########	##########	##########	##########	##########	##########	##########	##########	##########	##########	##########	##########	##########	##########	##########	##########	##########	##########	##########	##########	##########	##########	##########	##########	##########	##########	##########	##########	##########	##########	##########	##########	##########	##########	##########	##########	nombre de noeuds : 50
nombre de strates : 20
nombre de centres : 5
titre : fenetre
instances : p9_5
temps de calcul : 0.1171720027923584
valeur objective : 2343.0
nombre de solutions : 3
nombre de noeuds : 1.0
faisability : True
moy_distances :	45.97
min_distances :	1.0
max_distances :	121.0
var_distances :	509.09473985839236
covar_distances :	509.3026184781793
ecartType_distances :	22.563127882862172
coef_variation	: 0.4907989142784672
distances_centre_x :
-1.0	-1.0	52.0	-1.0	-1.0	-1.0	37.0	-1.0	7.0	-1.0	-1.0	20.0	-1.0	-1.0	11.0	-1.0	7.0	15.0	-1.0	6.0	16.0	-1.0	-1.0	-1.0	-1.0	-1.0	15.0	17.0	35.0	11.0	26.0	8.0	11.0	-1.0	17.0	38.0	9.0	-1.0	-1.0	12.0	-1.0	24.0	0.0	20.0	-1.0	-1.0	1.0	-1.0	-1.0	38.0	
-1.0	-1.0	52.0	-1.0	-1.0	-1.0	37.0	-1.0	7.0	-1.0	-1.0	31.0	-1.0	42.0	-1.0	-1.0	-1.0	15.0	-1.0	-1.0	16.0	-1.0	-1.0	14.0	-1.0	-1.0	15.0	40.0	-1.0	-1.0	-1.0	8.0	11.0	-1.0	17.0	38.0	9.0	-1.0	36.0	12.0	0.0	24.0	-1.0	20.0	10.0	-1.0	-1.0	-1.0	28.0	38.0	
-1.0	-1.0	52.0	-1.0	-1.0	23.0	37.0	-1.0	7.0	-1.0	-1.0	-1.0	23.0	-1.0	-1.0	-1.0	-1.0	15.0	-1.0	6.0	-1.0	-1.0	-1.0	-1.0	-1.0	-1.0	-1.0	-1.0	-1.0	-1.0	26.0	8.0	11.0	-1.0	17.0	38.0	9.0	-1.0	-1.0	12.0	0.0	-1.0	-1.0	20.0	-1.0	-1.0	-1.0	-1.0	28.0	38.0	
-1.0	-1.0	52.0	11.0	-1.0	23.0	37.0	-1.0	7.0	-1.0	-1.0	46.0	-1.0	-1.0	-1.0	11.0	7.0	-1.0	24.0	6.0	16.0	-1.0	4.0	14.0	-1.0	-1.0	-1.0	17.0	-1.0	-1.0	26.0	8.0	11.0	0.0	-1.0	38.0	9.0	-1.0	-1.0	12.0	-1.0	24.0	-1.0	-1.0	10.0	-1.0	-1.0	29.0	28.0	38.0	
-1.0	-1.0	-1.0	-1.0	-1.0	-1.0	-1.0	-1.0	-1.0	-1.0	-1.0	-1.0	-1.0	-1.0	-1.0	-1.0	-1.0	-1.0	-1.0	-1.0	-1.0	-1.0	-1.0	-1.0	-1.0	-1.0	-1.0	-1.0	-1.0	-1.0	-1.0	-1.0	-1.0	-1.0	-1.0	-1.0	-1.0	-1.0	-1.0	-1.0	-1.0	-1.0	-1.0	-1.0	-1.0	-1.0	-1.0	-1.0	-1.0	-1.0	
-1.0	-1.0	52.0	-1.0	-1.0	-1.0	37.0	-1.0	7.0	-1.0	-1.0	20.0	-1.0	20.0	38.0	-1.0	-1.0	15.0	24.0	32.0	19.0	27.0	-1.0	-1.0	-1.0	-1.0	-1.0	-1.0	-1.0	11.0	-1.0	-1.0	11.0	0.0	31.0	38.0	9.0	-1.0	-1.0	-1.0	-1.0	24.0	-1.0	-1.0	10.0	-1.0	-1.0	-1.0	-1.0	-1.0	
25.0	-1.0	52.0	-1.0	-1.0	-1.0	37.0	-1.0	7.0	-1.0	-1.0	31.0	23.0	20.0	-1.0	-1.0	-1.0	15.0	-1.0	6.0	16.0	-1.0	4.0	-1.0	-1.0	-1.0	15.0	-1.0	-1.0	-1.0	26.0	8.0	-1.0	-1.0	17.0	-1.0	9.0	-1.0	-1.0	-1.0	0.0	-1.0	-1.0	20.0	10.0	-1.0	-1.0	-1.0	28.0	38.0	
-1.0	-1.0	52.0	-1.0	-1.0	23.0	37.0	-1.0	7.0	-1.0	0.0	20.0	-1.0	20.0	11.0	-1.0	7.0	15.0	-1.0	6.0	16.0	-1.0	-1.0	14.0	-1.0	-1.0	-1.0	-1.0	35.0	-1.0	-1.0	8.0	11.0	-1.0	17.0	38.0	9.0	20.0	36.0	-1.0	-1.0	24.0	-1.0	20.0	10.0	-1.0	1.0	-1.0	-1.0	38.0	
-1.0	-1.0	52.0	-1.0	32.0	-1.0	37.0	-1.0	-1.0	-1.0	-1.0	31.0	-1.0	-1.0	11.0	11.0	-1.0	15.0	-1.0	-1.0	30.0	0.0	-1.0	-1.0	-1.0	20.0	-1.0	17.0	-1.0	-1.0	26.0	8.0	11.0	-1.0	-1.0	38.0	9.0	-1.0	36.0	12.0	0.0	-1.0	0.0	-1.0	10.0	-1.0	-1.0	-1.0	28.0	-1.0	
-1.0	-1.0	52.0	-1.0	-1.0	-1.0	37.0	-1.0	25.0	-1.0	-1.0	-1.0	-1.0	-1.0	-1.0	-1.0	-1.0	-1.0	24.0	-1.0	-1.0	-1.0	-1.0	-1.0	-1.0	-1.0	-1.0	-1.0	-1.0	38.0	-1.0	-1.0	-1.0	-1.0	-1.0	58.0	9.0	-1.0	50.0	-1.0	-1.0	26.0	0.0	-1.0	-1.0	-1.0	-1.0	-1.0	-1.0	63.0	
25.0	-1.0	52.0	-1.0	-1.0	23.0	37.0	50.0	7.0	-1.0	0.0	31.0	23.0	-1.0	-1.0	-1.0	-1.0	30.0	24.0	6.0	16.0	0.0	-1.0	-1.0	-1.0	-1.0	15.0	17.0	35.0	-1.0	-1.0	8.0	11.0	-1.0	17.0	38.0	9.0	-1.0	36.0	12.0	0.0	-1.0	-1.0	-1.0	10.0	-1.0	-1.0	-1.0	-1.0	38.0	
-1.0	-1.0	52.0	-1.0	32.0	-1.0	37.0	50.0	25.0	-1.0	0.0	20.0	41.0	25.0	-1.0	-1.0	7.0	15.0	-1.0	6.0	16.0	-1.0	-1.0	-1.0	-1.0	28.0	15.0	-1.0	-1.0	11.0	26.0	8.0	11.0	-1.0	31.0	38.0	-1.0	20.0	36.0	-1.0	27.0	24.0	0.0	20.0	10.0	-1.0	-1.0	-1.0	28.0	38.0	
-1.0	-1.0	52.0	-1.0	-1.0	-1.0	-1.0	-1.0	7.0	-1.0	0.0	20.0	23.0	-1.0	-1.0	-1.0	7.0	15.0	-1.0	6.0	19.0	-1.0	-1.0	-1.0	-1.0	-1.0	15.0	17.0	35.0	-1.0	-1.0	-1.0	-1.0	-1.0	-1.0	38.0	9.0	-1.0	-1.0	12.0	-1.0	-1.0	0.0	20.0	10.0	-1.0	-1.0	-1.0	40.0	-1.0	
-1.0	-1.0	52.0	-1.0	-1.0	-1.0	37.0	-1.0	7.0	36.0	-1.0	31.0	30.0	-1.0	-1.0	-1.0	-1.0	15.0	24.0	6.0	16.0	-1.0	4.0	-1.0	-1.0	-1.0	15.0	17.0	-1.0	11.0	-1.0	8.0	11.0	-1.0	17.0	38.0	9.0	-1.0	-1.0	12.0	0.0	24.0	0.0	20.0	10.0	-1.0	-1.0	-1.0	-1.0	38.0	
-1.0	-1.0	52.0	-1.0	-1.0	23.0	37.0	50.0	7.0	-1.0	-1.0	20.0	-1.0	-1.0	-1.0	11.0	-1.0	-1.0	-1.0	-1.0	16.0	-1.0	-1.0	-1.0	-1.0	-1.0	-1.0	17.0	35.0	-1.0	26.0	8.0	-1.0	0.0	-1.0	38.0	9.0	-1.0	-1.0	12.0	0.0	-1.0	-1.0	20.0	-1.0	-1.0	-1.0	-1.0	28.0	38.0	
-1.0	14.0	52.0	-1.0	-1.0	-1.0	37.0	-1.0	7.0	-1.0	0.0	20.0	-1.0	-1.0	-1.0	11.0	7.0	23.0	24.0	6.0	16.0	-1.0	-1.0	-1.0	-1.0	-1.0	15.0	17.0	35.0	11.0	26.0	-1.0	11.0	-1.0	-1.0	38.0	-1.0	20.0	36.0	12.0	0.0	24.0	0.0	20.0	10.0	36.0	-1.0	-1.0	40.0	-1.0	
-1.0	14.0	-1.0	-1.0	-1.0	-1.0	37.0	50.0	25.0	-1.0	-1.0	20.0	-1.0	-1.0	-1.0	-1.0	-1.0	-1.0	24.0	6.0	16.0	-1.0	-1.0	-1.0	8.0	-1.0	-1.0	-1.0	-1.0	11.0	-1.0	8.0	-1.0	-1.0	17.0	38.0	9.0	20.0	36.0	12.0	0.0	-1.0	0.0	-1.0	10.0	-1.0	-1.0	29.0	28.0	-1.0	
-1.0	-1.0	-1.0	-1.0	-1.0	-1.0	-1.0	-1.0	-1.0	-1.0	-1.0	-1.0	-1.0	-1.0	-1.0	-1.0	-1.0	-1.0	-1.0	-1.0	-1.0	-1.0	-1.0	-1.0	-1.0	-1.0	-1.0	-1.0	-1.0	-1.0	-1.0	-1.0	-1.0	-1.0	-1.0	-1.0	-1.0	-1.0	-1.0	-1.0	-1.0	-1.0	-1.0	-1.0	-1.0	-1.0	-1.0	-1.0	-1.0	-1.0	
-1.0	-1.0	52.0	-1.0	-1.0	-1.0	37.0	-1.0	7.0	-1.0	-1.0	20.0	-1.0	20.0	11.0	-1.0	7.0	15.0	24.0	-1.0	16.0	-1.0	-1.0	-1.0	-1.0	-1.0	15.0	-1.0	-1.0	11.0	-1.0	8.0	11.0	-1.0	-1.0	38.0	9.0	-1.0	36.0	-1.0	-1.0	24.0	-1.0	-1.0	-1.0	-1.0	1.0	29.0	28.0	-1.0	
-1.0	-1.0	52.0	-1.0	-1.0	-1.0	37.0	-1.0	-1.0	-1.0	0.0	20.0	23.0	-1.0	11.0	-1.0	-1.0	15.0	-1.0	6.0	-1.0	-1.0	-1.0	-1.0	-1.0	-1.0	-1.0	17.0	-1.0	-1.0	-1.0	8.0	11.0	-1.0	17.0	38.0	9.0	-1.0	36.0	12.0	-1.0	-1.0	-1.0	20.0	-1.0	-1.0	-1.0	-1.0	28.0	-1.0	

distances_centre_w :
-1.0	-1.0	52.0	-1.0	-1.0	-1.0	38.0	-1.0	25.0	-1.0	-1.0	41.0	-1.0	-1.0	38.0	-1.0	18.0	23.0	-1.0	32.0	19.0	-1.0	-1.0	-1.0	-1.0	-1.0	17.0	40.0	48.0	38.0	53.0	29.0	23.0	-1.0	31.0	58.0	35.0	-1.0	-1.0	19.0	-1.0	26.0	27.0	24.0	-1.0	-1.0	27.0	-1.0	-1.0	63.0	
-1.0	-1.0	52.0	-1.0	-1.0	-1.0	38.0	-1.0	52.0	-1.0	-1.0	41.0	-1.0	46.0	-1.0	-1.0	-1.0	23.0	-1.0	-1.0	44.0	-1.0	-1.0	30.0	-1.0	-1.0	17.0	55.0	-1.0	-1.0	-1.0	29.0	23.0	-1.0	31.0	58.0	36.0	-1.0	50.0	19.0	27.0	26.0	-1.0	24.0	46.0	-1.0	-1.0	-1.0	40.0	63.0	
-1.0	-1.0	52.0	-1.0	-1.0	39.0	38.0	-1.0	25.0	-1.0	-1.0	-1.0	30.0	-1.0	-1.0	-1.0	-1.0	23.0	-1.0	32.0	-1.0	-1.0	-1.0	-1.0	-1.0	-1.0	-1.0	-1.0	-1.0	-1.0	53.0	29.0	23.0	-1.0	31.0	58.0	35.0	-1.0	-1.0	19.0	27.0	-1.0	-1.0	24.0	-1.0	-1.0	-1.0	-1.0	40.0	63.0	
-1.0	-1.0	52.0	34.0	-1.0	39.0	38.0	-1.0	25.0	-1.0	-1.0	54.0	-1.0	-1.0	-1.0	21.0	18.0	-1.0	38.0	54.0	19.0	-1.0	18.0	30.0	-1.0	-1.0	-1.0	40.0	-1.0	-1.0	62.0	36.0	23.0	22.0	-1.0	58.0	35.0	-1.0	-1.0	19.0	-1.0	26.0	-1.0	-1.0	17.0	-1.0	-1.0	34.0	40.0	63.0	
-1.0	-1.0	-1.0	-1.0	-1.0	-1.0	-1.0	-1.0	-1.0	-1.0	-1.0	-1.0	-1.0	-1.0	-1.0	-1.0	-1.0	-1.0	-1.0	-1.0	-1.0	-1.0	-1.0	-1.0	-1.0	-1.0	-1.0	-1.0	-1.0	-1.0	-1.0	-1.0	-1.0	-1.0	-1.0	-1.0	-1.0	-1.0	-1.0	-1.0	-1.0	-1.0	-1.0	-1.0	-1.0	-1.0	-1.0	-1.0	-1.0	-1.0	
-1.0	-1.0	52.0	34.0	-1.0	-1.0	38.0	-1.0	25.0	-1.0	-1.0	41.0	-1.0	-1.0	47.0	-1.0	-1.0	-1.0	38.0	50.0	30.0	44.0	-1.0	-1.0	-1.0	-1.0	-1.0	-1.0	-1.0	-1.0	-1.0	29.0	-1.0	-1.0	-1.0	58.0	-1.0	28.0	-1.0	37.0	-1.0	26.0	-1.0	-1.0	17.0	-1.0	-1.0	-1.0	-1.0	-1.0	
37.0	-1.0	52.0	-1.0	-1.0	-1.0	38.0	-1.0	25.0	-1.0	-1.0	54.0	30.0	25.0	-1.0	-1.0	-1.0	31.0	-1.0	32.0	30.0	-1.0	18.0	-1.0	-1.0	-1.0	17.0	-1.0	-1.0	-1.0	62.0	29.0	-1.0	-1.0	31.0	-1.0	35.0	-1.0	-1.0	-1.0	27.0	-1.0	-1.0	24.0	46.0	-1.0	-1.0	-1.0	40.0	63.0	
-1.0	-1.0	52.0	-1.0	-1.0	39.0	38.0	-1.0	25.0	-1.0	22.0	31.0	-1.0	46.0	38.0	-1.0	18.0	23.0	-1.0	32.0	44.0	-1.0	-1.0	30.0	-1.0	-1.0	-1.0	-1.0	48.0	-1.0	-1.0	29.0	23.0	-1.0	53.0	58.0	35.0	32.0	50.0	-1.0	-1.0	26.0	-1.0	24.0	17.0	-1.0	27.0	-1.0	-1.0	63.0	
-1.0	-1.0	52.0	-1.0	42.0	-1.0	38.0	-1.0	-1.0	-1.0	-1.0	54.0	-1.0	-1.0	38.0	21.0	-1.0	23.0	-1.0	-1.0	37.0	27.0	-1.0	-1.0	-1.0	21.0	-1.0	40.0	-1.0	-1.0	53.0	29.0	23.0	-1.0	-1.0	58.0	35.0	-1.0	50.0	19.0	27.0	-1.0	27.0	-1.0	17.0	-1.0	-1.0	-1.0	40.0	-1.0	
-1.0	-1.0	-1.0	-1.0	-1.0	-1.0	-1.0	-1.0	-1.0	-1.0	-1.0	46.0	-1.0	-1.0	-1.0	60.0	-1.0	-1.0	-1.0	-1.0	-1.0	-1.0	-1.0	-1.0	-1.0	-1.0	-1.0	-1.0	63.0	-1.0	-1.0	36.0	-1.0	-1.0	-1.0	-1.0	-1.0	28.0	-1.0	19.0	-1.0	-1.0	-1.0	-1.0	-1.0	-1.0	-1.0	-1.0	-1.0	-1.0	
37.0	-1.0	52.0	-1.0	-1.0	39.0	38.0	56.0	25.0	-1.0	22.0	54.0	30.0	-1.0	-1.0	-1.0	-1.0	31.0	38.0	32.0	19.0	27.0	-1.0	-1.0	-1.0	-1.0	17.0	57.0	48.0	-1.0	-1.0	29.0	23.0	-1.0	31.0	58.0	35.0	-1.0	50.0	29.0	27.0	-1.0	-1.0	-1.0	46.0	-1.0	-1.0	-1.0	-1.0	63.0	
-1.0	-1.0	52.0	-1.0	42.0	-1.0	38.0	56.0	47.0	-1.0	22.0	54.0	48.0	46.0	-1.0	-1.0	18.0	23.0	-1.0	54.0	30.0	-1.0	-1.0	-1.0	-1.0	31.0	17.0	-1.0	-1.0	38.0	53.0	29.0	23.0	-1.0	53.0	58.0	-1.0	32.0	50.0	-1.0	41.0	26.0	31.0	44.0	46.0	-1.0	-1.0	-1.0	40.0	63.0	
-1.0	-1.0	52.0	-1.0	-1.0	-1.0	-1.0	-1.0	25.0	-1.0	22.0	31.0	30.0	-1.0	-1.0	-1.0	38.0	23.0	-1.0	32.0	44.0	-1.0	-1.0	-1.0	-1.0	-1.0	17.0	40.0	48.0	-1.0	-1.0	-1.0	-1.0	-1.0	-1.0	58.0	35.0	-1.0	-1.0	29.0	-1.0	-1.0	27.0	28.0	17.0	-1.0	-1.0	-1.0	56.0	-1.0	
-1.0	-1.0	52.0	-1.0	-1.0	-1.0	38.0	-1.0	25.0	42.0	-1.0	54.0	41.0	-1.0	-1.0	-1.0	-1.0	23.0	38.0	32.0	44.0	-1.0	18.0	-1.0	-1.0	-1.0	17.0	40.0	-1.0	38.0	-1.0	29.0	23.0	-1.0	53.0	58.0	35.0	-1.0	-1.0	19.0	41.0	26.0	60.0	24.0	17.0	-1.0	-1.0	-1.0	-1.0	63.0	
-1.0	-1.0	52.0	-1.0	-1.0	39.0	38.0	56.0	25.0	-1.0	-1.0	31.0	-1.0	-1.0	-1.0	21.0	-1.0	-1.0	-1.0	-1.0	19.0	-1.0	-1.0	-1.0	-1.0	-1.0	-1.0	40.0	48.0	-1.0	62.0	29.0	-1.0	22.0	-1.0	58.0	35.0	-1.0	-1.0	19.0	27.0	-1.0	-1.0	24.0	-1.0	-1.0	-1.0	-1.0	40.0	63.0	
-1.0	46.0	52.0	-1.0	-1.0	-1.0	38.0	-1.0	25.0	-1.0	22.0	31.0	-1.0	-1.0	-1.0	21.0	18.0	31.0	38.0	32.0	19.0	-1.0	-1.0	-1.0	-1.0	-1.0	17.0	55.0	48.0	38.0	53.0	-1.0	23.0	-1.0	-1.0	58.0	-1.0	28.0	50.0	19.0	27.0	56.0	31.0	44.0	46.0	47.0	-1.0	-1.0	53.0	-1.0	
-1.0	40.0	-1.0	-1.0	-1.0	-1.0	38.0	56.0	47.0	-1.0	-1.0	31.0	-1.0	-1.0	-1.0	-1.0	-1.0	-1.0	38.0	32.0	19.0	-1.0	-1.0	-1.0	27.0	-1.0	-1.0	-1.0	-1.0	38.0	-1.0	29.0	-1.0	-1.0	53.0	58.0	35.0	32.0	50.0	19.0	41.0	-1.0	27.0	-1.0	46.0	-1.0	-1.0	34.0	40.0	-1.0	
-1.0	-1.0	-1.0	-1.0	-1.0	-1.0	-1.0	-1.0	-1.0	-1.0	-1.0	-1.0	-1.0	-1.0	-1.0	-1.0	-1.0	-1.0	-1.0	-1.0	-1.0	-1.0	-1.0	-1.0	-1.0	-1.0	-1.0	-1.0	-1.0	-1.0	-1.0	-1.0	-1.0	-1.0	-1.0	-1.0	-1.0	-1.0	-1.0	-1.0	-1.0	-1.0	-1.0	-1.0	-1.0	-1.0	-1.0	-1.0	-1.0	-1.0	
-1.0	-1.0	52.0	-1.0	-1.0	-1.0	38.0	-1.0	25.0	-1.0	-1.0	41.0	-1.0	46.0	38.0	-1.0	18.0	30.0	38.0	-1.0	19.0	-1.0	-1.0	-1.0	-1.0	-1.0	17.0	-1.0	-1.0	38.0	-1.0	29.0	23.0	-1.0	-1.0	58.0	35.0	-1.0	50.0	-1.0	-1.0	26.0	-1.0	-1.0	-1.0	-1.0	27.0	34.0	40.0	-1.0	
-1.0	-1.0	52.0	-1.0	-1.0	-1.0	38.0	-1.0	-1.0	-1.0	31.0	46.0	48.0	-1.0	38.0	-1.0	-1.0	23.0	-1.0	32.0	-1.0	-1.0	-1.0	-1.0	-1.0	-1.0	-1.0	40.0	-1.0	-1.0	-1.0	36.0	23.0	-1.0	31.0	58.0	36.0	-1.0	50.0	19.0	-1.0	-1.0	-1.0	24.0	-1.0	-1.0	-1.0	-1.0	40.0	-1.0	

maxX :
52.0	52.0	52.0	52.0	nan	52.0	52.0	52.0	52.0	63.0	52.0	52.0	52.0	52.0	52.0	52.0	50.0	nan	52.0	52.0	

maxW :
63.0	63.0	63.0	63.0	nan	58.0	63.0	63.0	58.0	63.0	63.0	63.0	58.0	63.0	63.0	58.0	58.0	nan	58.0	58.0	

minX :
0.0	0.0	0.0	0.0	nan	0.0	0.0	0.0	0.0	0.0	0.0	0.0	0.0	0.0	0.0	0.0	0.0	nan	1.0	0.0	

minW :
17.0	17.0	19.0	17.0	nan	17.0	17.0	17.0	17.0	19.0	17.0	17.0	17.0	17.0	19.0	17.0	19.0	nan	17.0	19.0	

moyX :
18.12	22.608695652173914	20.555555555555557	19.53846153846154	nan	22.36842105263158	19.38095238095238	19.03846153846154	19.727272727272727	34.72727272727273	21.11111111111111	23.233333333333334	18.157894736842106	18.76923076923077	22.35	19.586206896551722	19.0	nan	19.952380952380953	20.0	

moyW :
33.76	37.82608695652174	35.611111111111114	35.19230769230769	nan	37.125	35.523809523809526	35.5	35.04545454545455	42.0	37.51851851851852	40.166666666666664	34.31578947368421	36.53846153846154	37.4	36.758620689655174	37.72727272727273	nan	34.38095238095238	36.94444444444444	

medX :
15.0	17.0	18.5	15.0	nan	20.0	17.0	16.5	16.0	37.0	17.0	24.5	15.0	15.5	20.0	17.0	16.5	nan	16.0	17.0	

medW :
31.0	38.0	31.5	34.5	nan	37.5	31.0	32.0	36.0	41.0	35.0	41.5	31.0	38.0	36.5	38.0	38.0	nan	35.0	37.0	

ecartTypeX :
12.807247947939478	13.729495796292587	13.504000321806796	13.553968392009686	nan	12.933882578698352	12.620754601529107	12.936176968340105	13.919188254093433	19.169535059050475	14.558523870363732	13.447882939539426	13.758301447699196	13.19471832651142	14.980904512078032	13.22619459797113	12.86997916223502	nan	12.616980962844481	13.114877048604	

ecartTypeW :
12.725659118489698	13.083850563104729	12.658501266776714	14.234355057582533	nan	10.810151479049681	12.801112480000462	12.52766170090443	12.315833389020643	16.0312195418814	12.951105688162436	12.720281268728122	12.126754378033406	13.773527477432848	14.343639705458305	13.142862681958345	10.540751302280542	nan	11.0689449339182	10.64827697184553	

varX :
164.02559999999997	188.49905482041584	182.35802469135803	183.71005917159766	nan	167.28531855955674	159.28344671201813	167.344674556213	193.74380165289256	367.47107438016525	211.9506172839506	180.84555555555556	189.29085872576178	174.10059171597635	224.42749999999995	174.9322235434007	165.63636363636363	nan	159.18820861678006	172.0	

varW :
161.9424	171.18714555765592	160.23765432098767	202.61686390532543	nan	116.859375	163.86848072562358	156.94230769230768	151.6797520661157	257.0	167.73113854595337	161.80555555555551	147.05817174515238	189.71005917159766	205.74	172.73483947681328	111.10743801652893	nan	122.52154195011339	113.3858024691358	

covarX :
170.85999999999996	197.06719367588929	193.08496732026143	191.05846153846156	nan	176.578947368421	167.24761904761905	174.03846153846152	202.96969696969694	404.21818181818185	220.1025641025641	187.08160919540228	199.80701754385964	181.0646153846154	236.23947368421048	181.179802955665	173.52380952380952	nan	167.14761904761906	182.11764705882354	

covarW :
168.69	178.9683794466403	169.66339869281046	210.72153846153853	nan	124.64999999999999	172.06190476190477	163.22	158.9025974025974	308.40000000000003	174.1823361823362	167.3850574712643	155.22807017543857	197.29846153846154	216.56842105263158	178.90394088669953	116.3982683982684	nan	128.64761904761906	120.05555555555554	

coef_variationX :
0.7068017631313177	0.6072661602206336	0.656951367006817	0.693707043685535	nan	0.578220632930044	0.6511937263688238	0.6794759619734195	0.7055809714056579	0.552002318454333	0.6896142885961768	0.5788184909414387	0.7577035579892311	0.7029972878879035	0.6702865553502475	0.675281062220357	0.6773673243281589	nan	0.6323546544623726	0.6557438524302001	

coef_variationW :
0.37694487910218305	0.34589489994414796	0.3554649341684568	0.40447347704606107	nan	0.2911825314222136	0.36035303227883336	0.3528918788987163	0.3514245584415748	0.3816957033781285	0.3451923529914963	0.3166875004662603	0.3533870140837955	0.37695969938237267	0.3835197782208103	0.3575450448187542	0.2793934080122553	nan	0.32194992190066785	0.28822403833566845	

moy_distances_centre :	38.9
min_distances_centre :	22.0
max_distances_centre :	60.0
med_distances_centre :	42.0
ecartType_distances_centre :	11.237882362794158
var_distances_centre :	126.29
covar_distances_centre :	132.93684210526317
coef_variation_distances_centre :	0.2888915774497213
capacite_X_temoin : 
157.0	172.0	148.0	163.0	169.0	
154.0	166.0	174.0	141.0	157.0	
141.0	145.0	162.0	165.0	175.0	
150.0	168.0	139.0	162.0	154.0	
141.0	163.0	0.0	174.0	0.0	
166.0	0.0	148.0	159.0	169.0	
163.0	135.0	160.0	150.0	166.0	
160.0	165.0	162.0	148.0	157.0	
154.0	156.0	168.0	154.0	171.0	
144.0	139.0	157.0	0.0	175.0	
147.0	150.0	175.0	156.0	148.0	
163.0	141.0	171.0	136.0	145.0	
153.0	178.0	175.0	165.0	166.0	
153.0	168.0	135.0	157.0	178.0	
148.0	159.0	142.0	172.0	141.0	
138.0	171.0	168.0	145.0	159.0	
142.0	145.0	141.0	153.0	141.0	
175.0	135.0	163.0	178.0	0.0	
162.0	142.0	175.0	144.0	144.0	
177.0	159.0	154.0	171.0	177.0	

capacite_W_temoin : 
173.1	157.6	145.4	124.9	161.7	
170.2	178.8	180.2	49.3	127.1	
155.3	159.5	174.6	132.5	166.5	
144.0	189.4	147.7	92.6	122.19999999999999	
78.3	161.9	0.0	109.19999999999999	0.0	
181.8	0.0	110.4	105.69999999999999	152.7	
183.9	136.5	181.0	67.0	178.8	
186.0	146.5	173.6	68.4	145.1	
172.2	168.8	179.4	92.19999999999999	150.3	
158.2	87.69999999999999	148.1	0.0	58.5	
153.1	164.0	193.5	79.8	95.4	
187.9	128.3	154.3	43.8	108.5	
165.9	184.4	194.5	133.5	169.8	
152.9	166.4	126.5	105.1	137.4	
165.4	175.7	180.6	115.6	132.3	
133.4	145.3	159.4	60.5	134.7	
151.6	137.5	180.3	91.9	83.3	
125.5	150.5	170.9	56.4	0.0	
196.6	128.6	177.5	58.199999999999996	130.2	
195.1	164.7	162.2	146.3	195.1	

demande_cumulee_X : 
31.0	66.0	47.0	87.0	58.0	
30.0	37.0	46.0	134.0	77.0	
28.0	29.0	36.0	82.0	61.0	
51.0	29.0	33.0	118.0	78.0	
105.0	50.0	0.0	117.0	0.0	
34.0	0.0	82.0	101.0	67.0	
28.0	39.0	27.0	128.0	37.0	
22.0	68.0	37.0	124.0	59.0	
28.0	34.0	39.0	108.0	72.0	
29.0	93.0	56.0	0.0	169.0	
38.0	31.0	34.0	123.0	97.0	
24.0	55.0	68.0	133.0	80.0	
33.0	47.0	33.0	81.0	46.0	
46.0	52.0	49.0	99.0	94.0	
27.0	31.0	4.0	108.0	51.0	
46.0	77.0	59.0	128.0	72.0	
33.0	51.0	3.0	107.0	100.0	
102.0	25.0	41.0	175.0	0.0	
14.0	56.0	50.0	129.0	57.0	
35.0	42.0	38.0	76.0	35.0	

demande_cumulee_W : 
34.0	20.0	63.0	79.0	93.0	
77.0	88.0	17.0	49.0	93.0	
50.0	35.0	17.0	68.0	66.0	
50.0	29.0	53.0	60.0	117.0	
71.0	121.0	0.0	80.0	0.0	
93.0	0.0	12.0	105.0	74.0	
4.0	106.0	39.0	64.0	46.0	
73.0	19.0	58.0	67.0	93.0	
48.0	22.0	39.0	74.0	98.0	
152.0	65.0	90.0	0.0	40.0	
39.0	67.0	72.0	69.0	76.0	
115.0	61.0	55.0	30.0	99.0	
14.0	35.0	51.0	46.0	94.0	
44.0	37.0	61.0	90.0	108.0	
18.0	29.0	20.0	59.0	95.0	
84.0	63.0	51.0	50.0	134.0	
24.0	46.0	71.0	81.0	72.0	
117.0	91.0	135.0	0.0	0.0	
44.0	35.0	74.0	57.0	96.0	
56.0	19.0	20.0	39.0	92.0	

capacite_residuelle_X : 
126.0	106.0	101.0	76.0	111.0	
124.0	129.0	128.0	7.0	80.0	
113.0	116.0	126.0	83.0	114.0	
99.0	139.0	106.0	44.0	76.0	
36.0	113.0	0.0	57.0	0.0	
132.0	0.0	66.0	58.0	102.0	
135.0	96.0	133.0	22.0	129.0	
138.0	97.0	125.0	24.0	98.0	
126.0	122.0	129.0	46.0	99.0	
115.0	46.0	101.0	0.0	6.0	
109.0	119.0	141.0	33.0	51.0	
139.0	86.0	103.0	3.0	65.0	
120.0	131.0	142.0	84.0	120.0	
107.0	116.0	86.0	58.0	84.0	
121.0	128.0	138.0	64.0	90.0	
92.0	94.0	109.0	17.0	87.0	
109.0	94.0	138.0	46.0	41.0	
73.0	110.0	122.0	3.0	0.0	
148.0	86.0	125.0	15.0	87.0	
142.0	117.0	116.0	95.0	142.0	

capacite_residuelle_W : 
139.1	137.6	82.4	45.900000000000006	68.69999999999999	
93.19999999999999	90.80000000000001	163.2	0.29999999999999716	34.099999999999994	
105.30000000000001	124.5	157.6	64.5	100.5	
94.0	160.4	94.69999999999999	32.599999999999994	5.199999999999989	
7.299999999999997	40.900000000000006	0.0	29.19999999999999	0.0	
88.80000000000001	0.0	98.4	0.6999999999999886	78.69999999999999	
179.9	30.5	142.0	3.0	132.8	
113.0	127.5	115.6	1.4000000000000057	52.099999999999994	
124.19999999999999	146.8	140.4	18.19999999999999	52.30000000000001	
6.199999999999989	22.69999999999999	58.099999999999994	0.0	18.5	
114.1	97.0	121.5	10.799999999999997	19.400000000000006	
72.9	67.30000000000001	99.30000000000001	13.799999999999997	9.5	
151.9	149.4	143.5	87.5	75.80000000000001	
108.9	129.4	65.5	15.099999999999994	29.400000000000006	
147.4	146.7	160.6	56.599999999999994	37.30000000000001	
49.400000000000006	82.30000000000001	108.4	10.5	0.6999999999999886	
127.6	91.5	109.30000000000001	10.900000000000006	11.299999999999997	
8.5	59.5	35.900000000000006	56.4	0.0	
152.6	93.6	103.5	1.1999999999999957	34.19999999999999	
139.1	145.7	142.2	107.30000000000001	103.1	

min_capacite_X : 
148.0	141.0	141.0	139.0	0.0	0.0	135.0	148.0	154.0	0.0	147.0	136.0	153.0	135.0	141.0	138.0	141.0	0.0	142.0	154.0	

min_capacite_W : 
124.9	49.3	132.5	92.6	0.0	0.0	67.0	68.4	92.19999999999999	0.0	79.8	43.8	133.5	105.1	115.6	60.5	83.3	0.0	58.199999999999996	146.3	

max_capacite_X : 
172.0	174.0	175.0	168.0	174.0	169.0	166.0	165.0	171.0	175.0	175.0	171.0	178.0	178.0	172.0	171.0	153.0	178.0	175.0	177.0	

max_capacite_W : 
173.1	180.2	174.6	189.4	161.9	181.8	183.9	186.0	179.4	158.2	193.5	187.9	194.5	166.4	180.6	159.4	180.3	170.9	196.6	195.1	

moy_capacite_X : 
161.8	158.4	157.6	154.6	95.6	128.4	154.8	158.4	160.6	123.0	155.2	151.2	167.4	158.2	152.4	156.2	144.4	130.2	153.4	167.6	

moy_capacite_W : 
152.54000000000002	141.12	157.68	139.17999999999998	69.88	110.12	149.44	143.92000000000002	152.57999999999998	90.5	137.16	124.56000000000002	169.61999999999998	137.66	153.92000000000002	126.66	128.92000000000002	100.66	138.21999999999997	172.68	

med_capacite_X : 
163.0	157.0	162.0	154.0	141.0	159.0	160.0	160.0	156.0	144.0	150.0	145.0	166.0	157.0	148.0	159.0	142.0	163.0	144.0	171.0	

med_capacite_W : 
157.6	170.2	159.5	144.0	78.3	110.4	178.8	146.5	168.8	87.69999999999999	153.1	128.3	169.8	137.4	165.4	134.7	137.5	125.5	130.2	164.7	

ecartType_capacite_X : 
8.611620056644394	11.18212859879549	12.737346662472527	9.991996797437437	78.77715404861996	64.60526294350949	11.26765281680262	5.817215828899594	7.364781055808788	62.747111487302746	10.380751417888785	13.452137376640188	8.777243302996677	14.524462124292244	11.706408501329518	12.82809416865966	4.5431266766402185	66.84728865107394	13.016912076218384	9.457272334029511	

ecartType_capacite_W : 
16.414457042497624	49.84004012839476	14.192166853585112	31.86185179803585	63.009631009870226	61.801469238198536	44.74222167036412	40.89730553471708	31.680555550684407	58.520321256807875	42.85494603893464	48.35392848569804	20.765297975227806	21.18023607045021	25.510107800634632	34.37025458154187	36.55015184646981	63.44460891202656	47.98167983720454	19.363512078132928	

var_capacite_X : 
74.16000000000001	125.04	162.24	99.84	6205.840000000001	4173.84	126.96000000000001	33.839999999999996	54.239999999999995	3937.2	107.76000000000002	180.95999999999998	77.04	210.95999999999998	137.04000000000002	164.56	20.639999999999997	4468.5599999999995	169.44	89.44000000000001	

var_capacite_W : 
269.4343999999998	2484.0296	201.41759999999994	1015.1776000000003	3970.2136	3819.4216	2001.8664000000003	1672.5895999999998	1003.6576000000005	3424.6279999999997	1836.5464	2338.1024	431.1976000000001	448.6024000000001	650.7656	1181.3144000000002	1335.9136000000003	4025.2184	2302.2416000000003	374.94559999999984	

covar_capacite_X : 
92.70000000000002	156.3	202.8	124.80000000000001	7757.300000000001	5217.3	158.70000000000002	42.3	67.8	4921.5	134.70000000000002	226.2	96.30000000000001	263.7	171.3	205.7	25.799999999999997	5585.7	211.8	111.80000000000001	

covar_capacite_W : 
336.7929999999998	3105.037	251.77199999999993	1268.9720000000004	4962.767	4774.277	2502.3330000000005	2090.7369999999996	1254.5720000000006	4280.785	2295.683	2922.628	538.9970000000001	560.7530000000002	813.4569999999999	1476.6430000000003	1669.8920000000003	5031.523	2877.8020000000006	468.6819999999998	

##########	##########	##########	##########	##########	##########	##########	##########	##########	##########	##########	##########	##########	##########	##########	##########	##########	##########	##########	##########	##########	##########	##########	##########	##########	##########	##########	##########	##########	##########	##########	##########	##########	##########	##########	##########	##########	##########	##########	##########	##########	##########	##########	##########	##########	##########	##########	##########	##########	##########	nombre de noeuds : 50
nombre de strates : 20
nombre de centres : 5
titre : fenetre
instances : p9_5
temps de calcul : 0.11266803741455078
valeur objective : 2420.0
nombre de solutions : 3
nombre de noeuds : 1.0
faisability : True
moy_distances :	45.97
min_distances :	1.0
max_distances :	121.0
var_distances :	509.09473985839236
covar_distances :	509.3026184781793
ecartType_distances :	22.563127882862172
coef_variation	: 0.4907989142784672
distances_centre_x :
-1.0	-1.0	-1.0	-1.0	-1.0	-1.0	-1.0	-1.0	-1.0	-1.0	-1.0	-1.0	-1.0	-1.0	-1.0	-1.0	19.0	-1.0	-1.0	-1.0	-1.0	-1.0	-1.0	-1.0	-1.0	-1.0	-1.0	-1.0	-1.0	-1.0	-1.0	17.0	33.0	-1.0	-1.0	-1.0	24.0	-1.0	-1.0	0.0	-1.0	-1.0	19.0	-1.0	-1.0	-1.0	-1.0	-1.0	-1.0	-1.0	
-1.0	-1.0	-1.0	-1.0	-1.0	-1.0	-1.0	-1.0	-1.0	-1.0	-1.0	-1.0	-1.0	-1.0	-1.0	-1.0	-1.0	-1.0	-1.0	-1.0	-1.0	-1.0	-1.0	-1.0	-1.0	-1.0	-1.0	-1.0	-1.0	-1.0	-1.0	-1.0	-1.0	-1.0	-1.0	-1.0	-1.0	-1.0	-1.0	-1.0	-1.0	-1.0	-1.0	-1.0	-1.0	-1.0	-1.0	-1.0	-1.0	-1.0	
-1.0	-1.0	49.0	-1.0	-1.0	29.0	37.0	-1.0	13.0	-1.0	-1.0	-1.0	21.0	-1.0	-1.0	-1.0	-1.0	22.0	-1.0	-1.0	-1.0	-1.0	-1.0	-1.0	-1.0	-1.0	-1.0	-1.0	-1.0	-1.0	15.0	17.0	0.0	-1.0	-1.0	27.0	24.0	-1.0	-1.0	0.0	11.0	-1.0	-1.0	28.0	-1.0	-1.0	-1.0	-1.0	21.0	26.0	
-1.0	-1.0	49.0	24.0	-1.0	29.0	37.0	-1.0	13.0	-1.0	-1.0	25.0	-1.0	-1.0	-1.0	25.0	17.0	-1.0	44.0	6.0	16.0	-1.0	14.0	15.0	-1.0	-1.0	-1.0	7.0	-1.0	-1.0	15.0	28.0	0.0	11.0	-1.0	27.0	24.0	-1.0	-1.0	0.0	-1.0	27.0	-1.0	-1.0	22.0	-1.0	-1.0	29.0	21.0	26.0	
-1.0	-1.0	49.0	-1.0	-1.0	29.0	37.0	46.0	13.0	-1.0	-1.0	31.0	-1.0	-1.0	11.0	-1.0	-1.0	6.0	-1.0	-1.0	-1.0	-1.0	-1.0	-1.0	-1.0	-1.0	-1.0	7.0	-1.0	0.0	15.0	-1.0	0.0	-1.0	-1.0	27.0	24.0	-1.0	29.0	0.0	-1.0	27.0	-1.0	28.0	27.0	-1.0	-1.0	-1.0	-1.0	26.0	
-1.0	-1.0	49.0	24.0	-1.0	-1.0	37.0	-1.0	13.0	-1.0	-1.0	18.0	-1.0	17.0	38.0	-1.0	-1.0	6.0	42.0	37.0	29.0	31.0	-1.0	-1.0	-1.0	-1.0	-1.0	-1.0	-1.0	0.0	-1.0	28.0	0.0	11.0	31.0	27.0	24.0	1.0	-1.0	0.0	-1.0	27.0	-1.0	-1.0	17.0	-1.0	-1.0	-1.0	-1.0	-1.0	
19.0	-1.0	49.0	-1.0	-1.0	-1.0	37.0	-1.0	13.0	-1.0	-1.0	18.0	21.0	17.0	-1.0	-1.0	-1.0	6.0	-1.0	37.0	29.0	-1.0	14.0	-1.0	-1.0	-1.0	17.0	-1.0	-1.0	-1.0	15.0	17.0	-1.0	-1.0	31.0	-1.0	24.0	-1.0	-1.0	-1.0	11.0	-1.0	-1.0	17.0	17.0	-1.0	-1.0	-1.0	21.0	26.0	
-1.0	-1.0	49.0	-1.0	-1.0	29.0	37.0	-1.0	13.0	-1.0	12.0	18.0	-1.0	17.0	11.0	-1.0	17.0	6.0	-1.0	37.0	15.0	-1.0	-1.0	19.0	-1.0	-1.0	-1.0	-1.0	25.0	-1.0	-1.0	17.0	0.0	-1.0	17.0	27.0	24.0	1.0	29.0	-1.0	-1.0	27.0	-1.0	17.0	17.0	-1.0	1.0	-1.0	-1.0	26.0	
-1.0	-1.0	49.0	-1.0	28.0	-1.0	37.0	-1.0	-1.0	-1.0	-1.0	18.0	-1.0	-1.0	11.0	25.0	-1.0	6.0	-1.0	-1.0	15.0	0.0	-1.0	-1.0	-1.0	31.0	-1.0	7.0	-1.0	-1.0	15.0	17.0	0.0	-1.0	-1.0	27.0	24.0	-1.0	29.0	0.0	11.0	-1.0	19.0	-1.0	17.0	-1.0	-1.0	-1.0	21.0	-1.0	
-1.0	-1.0	-1.0	-1.0	-1.0	-1.0	-1.0	-1.0	-1.0	-1.0	-1.0	-1.0	-1.0	-1.0	-1.0	-1.0	-1.0	-1.0	-1.0	-1.0	-1.0	-1.0	-1.0	-1.0	-1.0	-1.0	-1.0	-1.0	-1.0	-1.0	-1.0	-1.0	-1.0	-1.0	-1.0	-1.0	-1.0	-1.0	-1.0	-1.0	-1.0	-1.0	-1.0	-1.0	-1.0	-1.0	-1.0	-1.0	-1.0	-1.0	
19.0	-1.0	49.0	-1.0	-1.0	29.0	37.0	46.0	13.0	-1.0	12.0	18.0	21.0	-1.0	-1.0	-1.0	-1.0	22.0	42.0	-1.0	29.0	-1.0	-1.0	-1.0	-1.0	-1.0	-1.0	7.0	25.0	-1.0	-1.0	28.0	0.0	-1.0	-1.0	27.0	24.0	-1.0	29.0	0.0	11.0	-1.0	-1.0	-1.0	22.0	-1.0	-1.0	-1.0	-1.0	26.0	
-1.0	-1.0	49.0	-1.0	28.0	-1.0	37.0	46.0	38.0	-1.0	12.0	25.0	21.0	17.0	-1.0	-1.0	17.0	6.0	-1.0	37.0	16.0	-1.0	-1.0	-1.0	-1.0	25.0	17.0	-1.0	-1.0	0.0	43.0	17.0	0.0	-1.0	17.0	27.0	-1.0	1.0	29.0	-1.0	11.0	44.0	19.0	17.0	46.0	-1.0	-1.0	-1.0	21.0	26.0	
-1.0	-1.0	49.0	-1.0	-1.0	-1.0	-1.0	-1.0	13.0	-1.0	12.0	18.0	21.0	-1.0	-1.0	-1.0	17.0	6.0	-1.0	6.0	15.0	-1.0	-1.0	-1.0	-1.0	-1.0	17.0	7.0	25.0	-1.0	-1.0	-1.0	-1.0	-1.0	-1.0	27.0	24.0	-1.0	-1.0	0.0	-1.0	-1.0	19.0	17.0	17.0	-1.0	-1.0	-1.0	21.0	-1.0	
-1.0	-1.0	49.0	-1.0	-1.0	-1.0	37.0	-1.0	13.0	44.0	-1.0	25.0	21.0	-1.0	-1.0	-1.0	-1.0	6.0	42.0	6.0	16.0	-1.0	14.0	-1.0	-1.0	-1.0	17.0	7.0	-1.0	0.0	-1.0	17.0	0.0	-1.0	17.0	27.0	24.0	-1.0	-1.0	0.0	21.0	27.0	19.0	17.0	17.0	-1.0	-1.0	-1.0	-1.0	26.0	
-1.0	-1.0	-1.0	-1.0	-1.0	29.0	-1.0	-1.0	-1.0	-1.0	-1.0	-1.0	-1.0	-1.0	-1.0	-1.0	-1.0	-1.0	-1.0	-1.0	-1.0	-1.0	-1.0	-1.0	-1.0	-1.0	-1.0	-1.0	-1.0	-1.0	-1.0	17.0	-1.0	-1.0	-1.0	-1.0	24.0	-1.0	-1.0	0.0	-1.0	-1.0	-1.0	-1.0	-1.0	-1.0	-1.0	-1.0	-1.0	-1.0	
-1.0	14.0	49.0	-1.0	-1.0	-1.0	37.0	-1.0	13.0	-1.0	12.0	25.0	-1.0	-1.0	-1.0	11.0	17.0	6.0	42.0	6.0	15.0	-1.0	-1.0	-1.0	-1.0	-1.0	17.0	7.0	25.0	31.0	15.0	-1.0	0.0	-1.0	-1.0	27.0	-1.0	1.0	29.0	0.0	21.0	44.0	19.0	17.0	17.0	18.0	-1.0	-1.0	21.0	-1.0	
-1.0	-1.0	-1.0	-1.0	-1.0	-1.0	37.0	46.0	13.0	-1.0	-1.0	18.0	-1.0	-1.0	-1.0	-1.0	-1.0	-1.0	42.0	-1.0	-1.0	-1.0	-1.0	-1.0	9.0	-1.0	-1.0	-1.0	-1.0	0.0	-1.0	17.0	-1.0	-1.0	-1.0	27.0	24.0	32.0	29.0	0.0	11.0	-1.0	19.0	-1.0	-1.0	-1.0	-1.0	-1.0	21.0	-1.0	
-1.0	-1.0	-1.0	-1.0	-1.0	29.0	-1.0	-1.0	-1.0	-1.0	12.0	-1.0	-1.0	-1.0	-1.0	-1.0	-1.0	-1.0	44.0	-1.0	-1.0	-1.0	14.0	-1.0	-1.0	-1.0	17.0	-1.0	-1.0	-1.0	-1.0	-1.0	0.0	11.0	31.0	-1.0	24.0	-1.0	-1.0	0.0	-1.0	-1.0	-1.0	-1.0	-1.0	-1.0	-1.0	-1.0	-1.0	-1.0	
-1.0	-1.0	49.0	-1.0	-1.0	-1.0	37.0	-1.0	13.0	-1.0	-1.0	18.0	-1.0	17.0	11.0	-1.0	19.0	6.0	42.0	-1.0	15.0	-1.0	-1.0	-1.0	-1.0	-1.0	17.0	-1.0	-1.0	0.0	-1.0	17.0	0.0	-1.0	-1.0	27.0	24.0	-1.0	29.0	-1.0	-1.0	27.0	-1.0	-1.0	-1.0	-1.0	1.0	29.0	21.0	-1.0	
-1.0	-1.0	49.0	-1.0	-1.0	-1.0	37.0	-1.0	-1.0	-1.0	12.0	18.0	21.0	-1.0	11.0	-1.0	-1.0	6.0	-1.0	6.0	-1.0	-1.0	-1.0	-1.0	-1.0	-1.0	-1.0	7.0	-1.0	-1.0	-1.0	17.0	0.0	-1.0	17.0	27.0	24.0	-1.0	29.0	0.0	-1.0	-1.0	-1.0	17.0	-1.0	-1.0	-1.0	-1.0	21.0	-1.0	

distances_centre_w :
-1.0	-1.0	-1.0	-1.0	-1.0	-1.0	-1.0	-1.0	-1.0	-1.0	-1.0	50.0	-1.0	-1.0	-1.0	-1.0	-1.0	22.0	-1.0	-1.0	-1.0	-1.0	-1.0	-1.0	-1.0	-1.0	44.0	53.0	-1.0	-1.0	-1.0	-1.0	-1.0	-1.0	-1.0	-1.0	-1.0	-1.0	-1.0	-1.0	-1.0	-1.0	-1.0	43.0	-1.0	-1.0	-1.0	-1.0	-1.0	-1.0	
-1.0	-1.0	-1.0	-1.0	-1.0	-1.0	-1.0	-1.0	-1.0	-1.0	-1.0	-1.0	-1.0	-1.0	-1.0	-1.0	-1.0	-1.0	-1.0	-1.0	-1.0	-1.0	-1.0	-1.0	-1.0	-1.0	-1.0	-1.0	-1.0	-1.0	-1.0	-1.0	-1.0	-1.0	-1.0	-1.0	-1.0	-1.0	-1.0	-1.0	-1.0	-1.0	-1.0	-1.0	-1.0	-1.0	-1.0	-1.0	-1.0	-1.0	
-1.0	-1.0	72.0	-1.0	-1.0	61.0	57.0	-1.0	-1.0	-1.0	-1.0	-1.0	-1.0	-1.0	-1.0	-1.0	-1.0	37.0	-1.0	37.0	-1.0	-1.0	-1.0	-1.0	-1.0	-1.0	-1.0	-1.0	-1.0	-1.0	-1.0	28.0	33.0	-1.0	60.0	73.0	45.0	-1.0	-1.0	33.0	37.0	-1.0	-1.0	43.0	-1.0	-1.0	-1.0	-1.0	-1.0	-1.0	
-1.0	-1.0	70.0	40.0	-1.0	50.0	55.0	-1.0	57.0	-1.0	-1.0	31.0	-1.0	-1.0	-1.0	50.0	46.0	-1.0	50.0	53.0	38.0	-1.0	19.0	30.0	-1.0	-1.0	-1.0	37.0	-1.0	-1.0	43.0	37.0	62.0	51.0	-1.0	58.0	38.0	-1.0	-1.0	49.0	-1.0	41.0	-1.0	-1.0	46.0	-1.0	-1.0	31.0	38.0	56.0	
-1.0	-1.0	70.0	-1.0	-1.0	62.0	55.0	71.0	26.0	-1.0	-1.0	52.0	-1.0	-1.0	38.0	-1.0	-1.0	25.0	-1.0	-1.0	-1.0	-1.0	-1.0	-1.0	-1.0	-1.0	-1.0	37.0	-1.0	31.0	43.0	-1.0	31.0	-1.0	-1.0	58.0	38.0	-1.0	57.0	33.0	-1.0	69.0	-1.0	39.0	46.0	-1.0	-1.0	-1.0	-1.0	56.0	
-1.0	-1.0	70.0	40.0	-1.0	-1.0	55.0	-1.0	26.0	-1.0	-1.0	25.0	-1.0	23.0	62.0	-1.0	-1.0	22.0	44.0	37.0	38.0	34.0	-1.0	-1.0	-1.0	-1.0	-1.0	-1.0	-1.0	31.0	-1.0	65.0	33.0	51.0	43.0	58.0	56.0	24.0	-1.0	33.0	-1.0	41.0	-1.0	-1.0	22.0	-1.0	-1.0	-1.0	-1.0	-1.0	
34.0	-1.0	70.0	-1.0	-1.0	-1.0	55.0	-1.0	26.0	-1.0	-1.0	25.0	27.0	23.0	-1.0	-1.0	-1.0	22.0	-1.0	37.0	38.0	-1.0	19.0	-1.0	-1.0	-1.0	30.0	-1.0	-1.0	-1.0	43.0	28.0	-1.0	-1.0	43.0	-1.0	38.0	-1.0	-1.0	-1.0	21.0	-1.0	-1.0	20.0	22.0	-1.0	-1.0	-1.0	38.0	65.0	
-1.0	-1.0	70.0	-1.0	-1.0	61.0	57.0	-1.0	26.0	-1.0	23.0	25.0	-1.0	23.0	38.0	-1.0	19.0	22.0	-1.0	58.0	16.0	-1.0	-1.0	30.0	-1.0	-1.0	-1.0	-1.0	48.0	-1.0	-1.0	28.0	31.0	-1.0	31.0	58.0	38.0	32.0	57.0	-1.0	-1.0	44.0	-1.0	20.0	22.0	-1.0	30.0	-1.0	-1.0	56.0	
-1.0	-1.0	70.0	-1.0	60.0	-1.0	55.0	-1.0	-1.0	-1.0	-1.0	25.0	-1.0	-1.0	38.0	32.0	-1.0	25.0	-1.0	-1.0	36.0	53.0	-1.0	-1.0	-1.0	31.0	-1.0	53.0	-1.0	-1.0	43.0	28.0	31.0	-1.0	-1.0	58.0	56.0	-1.0	57.0	25.0	21.0	-1.0	29.0	-1.0	22.0	-1.0	-1.0	-1.0	38.0	-1.0	
-1.0	-1.0	-1.0	-1.0	-1.0	-1.0	-1.0	-1.0	-1.0	-1.0	-1.0	-1.0	-1.0	-1.0	-1.0	-1.0	-1.0	-1.0	-1.0	-1.0	-1.0	-1.0	-1.0	-1.0	-1.0	-1.0	-1.0	-1.0	-1.0	-1.0	-1.0	-1.0	-1.0	-1.0	-1.0	-1.0	-1.0	-1.0	-1.0	-1.0	-1.0	-1.0	-1.0	-1.0	-1.0	-1.0	-1.0	-1.0	-1.0	-1.0	
-1.0	-1.0	72.0	-1.0	-1.0	61.0	57.0	75.0	38.0	-1.0	57.0	-1.0	52.0	-1.0	-1.0	-1.0	-1.0	25.0	44.0	37.0	36.0	34.0	-1.0	-1.0	-1.0	-1.0	17.0	53.0	-1.0	-1.0	-1.0	-1.0	33.0	-1.0	31.0	-1.0	45.0	-1.0	68.0	33.0	52.0	-1.0	-1.0	-1.0	46.0	-1.0	-1.0	-1.0	-1.0	-1.0	
-1.0	-1.0	70.0	-1.0	60.0	-1.0	57.0	71.0	52.0	-1.0	57.0	50.0	52.0	23.0	-1.0	-1.0	46.0	22.0	-1.0	53.0	29.0	-1.0	-1.0	-1.0	-1.0	31.0	44.0	-1.0	-1.0	31.0	63.0	28.0	31.0	-1.0	65.0	58.0	-1.0	24.0	57.0	-1.0	44.0	69.0	29.0	20.0	46.0	-1.0	-1.0	-1.0	38.0	56.0	
-1.0	-1.0	70.0	-1.0	-1.0	-1.0	-1.0	-1.0	26.0	-1.0	23.0	31.0	27.0	-1.0	-1.0	-1.0	46.0	22.0	-1.0	37.0	16.0	-1.0	-1.0	-1.0	-1.0	-1.0	44.0	55.0	47.0	-1.0	-1.0	-1.0	-1.0	-1.0	-1.0	58.0	38.0	-1.0	-1.0	33.0	-1.0	-1.0	29.0	20.0	22.0	-1.0	-1.0	-1.0	38.0	-1.0	
-1.0	-1.0	70.0	-1.0	-1.0	-1.0	55.0	-1.0	26.0	56.0	-1.0	31.0	27.0	-1.0	-1.0	-1.0	-1.0	22.0	44.0	58.0	38.0	-1.0	19.0	-1.0	-1.0	-1.0	44.0	37.0	-1.0	31.0	-1.0	57.0	31.0	-1.0	31.0	58.0	56.0	-1.0	-1.0	33.0	37.0	41.0	50.0	20.0	22.0	-1.0	-1.0	-1.0	-1.0	65.0	
-1.0	-1.0	-1.0	-1.0	-1.0	-1.0	-1.0	-1.0	-1.0	-1.0	-1.0	-1.0	-1.0	-1.0	-1.0	-1.0	-1.0	-1.0	-1.0	-1.0	-1.0	-1.0	-1.0	-1.0	-1.0	-1.0	-1.0	-1.0	-1.0	-1.0	63.0	-1.0	-1.0	-1.0	-1.0	-1.0	-1.0	-1.0	-1.0	-1.0	37.0	-1.0	-1.0	-1.0	-1.0	-1.0	-1.0	-1.0	62.0	-1.0	
-1.0	17.0	70.0	-1.0	-1.0	-1.0	57.0	-1.0	26.0	-1.0	23.0	31.0	-1.0	-1.0	-1.0	25.0	19.0	22.0	44.0	58.0	38.0	-1.0	-1.0	-1.0	-1.0	-1.0	44.0	37.0	47.0	48.0	43.0	-1.0	31.0	-1.0	-1.0	58.0	-1.0	24.0	57.0	53.0	52.0	69.0	60.0	20.0	22.0	30.0	-1.0	-1.0	38.0	-1.0	
-1.0	41.0	-1.0	-1.0	-1.0	-1.0	57.0	75.0	38.0	-1.0	-1.0	-1.0	-1.0	-1.0	-1.0	-1.0	-1.0	-1.0	44.0	37.0	29.0	-1.0	-1.0	-1.0	31.0	-1.0	-1.0	-1.0	-1.0	-1.0	-1.0	-1.0	-1.0	-1.0	31.0	-1.0	45.0	-1.0	68.0	33.0	37.0	-1.0	38.0	-1.0	46.0	-1.0	-1.0	63.0	-1.0	-1.0	
-1.0	-1.0	72.0	-1.0	-1.0	-1.0	57.0	75.0	38.0	-1.0	23.0	50.0	-1.0	-1.0	-1.0	25.0	-1.0	-1.0	74.0	37.0	38.0	-1.0	-1.0	-1.0	-1.0	-1.0	-1.0	-1.0	71.0	-1.0	-1.0	-1.0	33.0	29.0	-1.0	-1.0	-1.0	-1.0	-1.0	33.0	-1.0	-1.0	-1.0	-1.0	46.0	-1.0	-1.0	-1.0	-1.0	-1.0	
-1.0	-1.0	70.0	-1.0	-1.0	-1.0	57.0	-1.0	26.0	-1.0	-1.0	25.0	-1.0	23.0	38.0	-1.0	46.0	25.0	44.0	-1.0	38.0	-1.0	-1.0	-1.0	-1.0	-1.0	17.0	-1.0	-1.0	62.0	-1.0	28.0	31.0	-1.0	-1.0	58.0	38.0	-1.0	57.0	-1.0	-1.0	41.0	-1.0	-1.0	-1.0	-1.0	34.0	31.0	38.0	-1.0	
-1.0	-1.0	70.0	-1.0	-1.0	-1.0	55.0	-1.0	-1.0	-1.0	23.0	25.0	27.0	-1.0	38.0	-1.0	-1.0	22.0	-1.0	58.0	-1.0	-1.0	-1.0	-1.0	-1.0	-1.0	-1.0	37.0	-1.0	-1.0	-1.0	28.0	31.0	-1.0	31.0	58.0	38.0	-1.0	57.0	25.0	-1.0	-1.0	-1.0	39.0	-1.0	-1.0	-1.0	-1.0	40.0	-1.0	

maxX :
33.0	nan	49.0	49.0	49.0	49.0	49.0	49.0	49.0	nan	49.0	49.0	49.0	49.0	29.0	49.0	46.0	44.0	49.0	49.0	

maxW :
53.0	nan	73.0	70.0	71.0	70.0	70.0	70.0	70.0	nan	75.0	71.0	70.0	70.0	63.0	70.0	75.0	75.0	70.0	70.0	

minX :
0.0	nan	0.0	0.0	0.0	0.0	6.0	0.0	0.0	nan	0.0	0.0	0.0	0.0	0.0	0.0	0.0	0.0	0.0	0.0	

minW :
22.0	nan	28.0	19.0	25.0	22.0	19.0	16.0	21.0	nan	17.0	20.0	16.0	19.0	37.0	17.0	29.0	23.0	17.0	22.0	

moyX :
18.666666666666668	nan	21.25	21.192307692307693	21.6	22.043478260869566	21.714285714285715	19.53846153846154	18.5	nan	23.304347826086957	23.633333333333333	17.42105263157895	19.576923076923077	17.5	19.17241379310345	21.5625	18.2	19.952380952380953	17.72222222222222	

moyW :
42.4	nan	47.38461538461539	45.23076923076923	46.85	40.56521739130435	34.476190476190474	37.03846153846154	40.27272727272727	nan	46.0	45.86666666666667	35.89473684210526	40.73076923076923	54.0	40.10344827586207	44.5625	46.733333333333334	39.38095238095238	39.0	

medX :
19.0	nan	21.5	23.0	26.5	24.0	18.0	17.0	17.5	nan	24.0	21.0	17.0	17.0	20.5	17.0	20.0	15.5	18.0	17.0	

medW :
44.0	nan	43.0	46.0	44.5	38.0	30.0	31.0	37.0	nan	45.0	48.0	33.0	37.5	62.0	38.0	39.5	38.0	38.0	37.5	

ecartTypeX :
9.877021593352701	nan	12.044189470445904	11.638858094825252	14.178857499812882	14.075814165562164	9.880923694737476	11.345045578207152	12.130914677347743	nan	12.595495339030487	13.734344622959707	10.121970837184271	12.815774765508198	10.965856099730654	12.479138358620874	13.148045244446035	13.234802605252561	12.789415975631275	12.296366019436418	

ecartTypeW :
10.85541339608953	nan	14.772836098411588	11.184837581117408	14.457783370904407	14.439758178622272	14.069958024843631	15.587176112804963	14.48253436567276	nan	15.162610655977483	15.527896044073568	14.097012512332292	14.632833713440712	12.027745701779143	15.643319225319658	13.532224272084763	18.001728312087764	14.062703765215586	14.142135623730951	

varX :
97.55555555555554	nan	145.0625	135.4630177514793	201.04	198.12854442344047	97.63265306122449	128.71005917159766	147.1590909090909	nan	158.64650283553874	188.6322222222222	102.45429362880887	164.2440828402367	120.25	155.7288941736029	172.87109375	175.16	163.56916099773247	151.2006172839506	

varW :
117.84	nan	218.23668639053253	125.10059171597634	209.0275	208.50661625708878	197.9637188208617	242.96005917159766	209.7438016528925	nan	229.9047619047619	241.11555555555557	198.7257617728532	214.1198224852071	144.66666666666666	244.71343638525565	183.12109375	324.06222222222215	197.75963718820861	200.0	

covarX :
117.06666666666666	nan	154.73333333333332	140.88153846153847	211.62105263157892	207.13438735177868	102.51428571428572	133.85846153846154	154.16666666666666	nan	165.8577075098814	195.1367816091954	108.14619883040935	170.8138461538461	160.33333333333331	161.29064039408868	184.39583333333334	194.6222222222222	171.74761904761908	160.09477124183005	

covarW :
147.3	nan	236.4230769230769	130.10461538461539	220.02894736842106	217.9841897233201	207.86190476190478	252.6784615384615	219.7316017316017	nan	241.4	249.4298850574713	209.76608187134502	222.6846153846153	217.0	253.4532019704433	195.32916666666665	347.2095238095237	207.64761904761906	211.76470588235293	

coef_variationX :
0.5291261567867518	nan	0.5667853868445131	0.549202015363805	0.6564285879543	0.6385477826586385	0.45504253857343635	0.5806519390420983	0.6557251176944726	nan	0.5404783447718305	0.5811429318600723	0.5810194740377678	0.6546368249571968	0.6266203485560374	0.6508903100719521	0.6097644171337292	0.7271869563325584	0.6409969820722119	0.6938388349525252	

coef_variationW :
0.25602390085116816	nan	0.311764398180764	0.24728382407232363	0.30859729713776746	0.35596402798318566	0.4081065172951882	0.4208375689853884	0.3596114628045155	nan	0.3296219707821192	0.3385442451469528	0.3927320201382897	0.35925748493811	0.22273603151442856	0.390074168129209	0.3036684268630522	0.3852010337821918	0.3570940496608553	0.36261886214694744	

moy_distances_centre :	39.7
min_distances_centre :	25.0
max_distances_centre :	62.0
med_distances_centre :	33.5
ecartType_distances_centre :	11.619380362136356
var_distances_centre :	135.01
covar_distances_centre :	142.1157894736842
coef_variation_distances_centre :	0.2926796060991525
capacite_X_temoin : 
172.0	169.0	153.0	0.0	160.0	
166.0	150.0	163.0	150.0	0.0	
145.0	0.0	178.0	138.0	178.0	
168.0	136.0	144.0	150.0	169.0	
163.0	136.0	168.0	172.0	159.0	
0.0	141.0	168.0	139.0	172.0	
135.0	171.0	136.0	154.0	139.0	
165.0	171.0	138.0	141.0	175.0	
156.0	169.0	139.0	145.0	150.0	
139.0	157.0	141.0	163.0	0.0	
150.0	0.0	175.0	159.0	159.0	
141.0	151.0	145.0	159.0	172.0	
178.0	139.0	154.0	171.0	150.0	
168.0	154.0	135.0	145.0	135.0	
159.0	168.0	157.0	0.0	156.0	
171.0	177.0	157.0	135.0	153.0	
145.0	0.0	159.0	153.0	172.0	
135.0	157.0	0.0	162.0	162.0	
142.0	148.0	153.0	169.0	144.0	
159.0	174.0	147.0	163.0	150.0	

capacite_W_temoin : 
165.6	185.7	95.9	0.0	114.0	
182.8	139.0	60.9	111.0	0.0	
180.5	0.0	102.4	156.4	155.4	
192.4	164.8	58.199999999999996	150.0	122.69999999999999	
195.9	163.8	66.4	202.6	136.7	
0.0	98.3	110.4	131.7	181.6	
162.5	144.3	69.8	186.2	133.7	
178.5	139.3	69.4	153.3	176.5	
173.8	180.7	67.69999999999999	161.5	122.0	
116.69999999999999	91.1	43.3	181.9	0.0	
161.0	0.0	52.5	170.7	128.7	
160.3	129.3	48.5	157.7	142.6	
214.4	121.69999999999999	115.19999999999999	216.3	122.0	
191.4	132.2	42.5	164.5	87.5	
203.7	186.4	77.1	0.0	143.8	
183.3	136.1	51.1	148.5	129.9	
120.5	0.0	55.699999999999996	198.9	148.6	
135.5	53.1	0.0	165.6	103.6	
122.6	152.4	50.9	195.7	155.2	
186.7	190.2	98.1	187.9	142.0	

demande_cumulee_X : 
58.0	34.0	103.0	0.0	94.0	
33.0	56.0	151.0	84.0	0.0	
8.0	0.0	129.0	23.0	76.0	
26.0	12.0	129.0	45.0	97.0	
16.0	13.0	152.0	21.0	70.0	
0.0	85.0	108.0	49.0	42.0	
13.0	78.0	107.0	14.0	47.0	
36.0	83.0	110.0	30.0	51.0	
29.0	39.0	113.0	27.0	73.0	
64.0	113.0	140.0	30.0	0.0	
34.0	0.0	175.0	36.0	78.0	
23.0	67.0	140.0	49.0	81.0	
17.0	59.0	85.0	6.0	73.0	
27.0	68.0	133.0	24.0	88.0	
3.0	32.0	127.0	0.0	59.0	
39.0	94.0	153.0	27.0	69.0	
68.0	0.0	151.0	0.0	75.0	
40.0	151.0	0.0	45.0	107.0	
62.0	40.0	148.0	24.0	32.0	
20.0	36.0	93.0	24.0	53.0	

demande_cumulee_W : 
12.0	183.0	36.0	0.0	58.0	
142.0	126.0	29.0	27.0	0.0	
61.0	0.0	48.0	32.0	95.0	
18.0	153.0	55.0	73.0	10.0	
41.0	159.0	0.0	72.0	0.0	
0.0	94.0	58.0	52.0	80.0	
27.0	141.0	43.0	28.0	20.0	
40.0	133.0	55.0	20.0	62.0	
0.0	174.0	28.0	43.0	36.0	
116.0	89.0	42.0	100.0	0.0	
32.0	0.0	50.0	118.0	123.0	
96.0	129.0	40.0	30.0	65.0	
44.0	119.0	19.0	31.0	27.0	
40.0	121.0	17.0	83.0	79.0	
40.0	124.0	18.0	0.0	39.0	
117.0	131.0	19.0	28.0	87.0	
56.0	0.0	42.0	56.0	140.0	
132.0	37.0	0.0	77.0	97.0	
5.0	152.0	20.0	83.0	46.0	
19.0	145.0	0.0	44.0	18.0	

capacite_residuelle_X : 
114.0	135.0	50.0	0.0	66.0	
133.0	94.0	12.0	66.0	0.0	
137.0	0.0	49.0	115.0	102.0	
142.0	124.0	15.0	105.0	72.0	
147.0	123.0	16.0	151.0	89.0	
0.0	56.0	60.0	90.0	130.0	
122.0	93.0	29.0	140.0	92.0	
129.0	88.0	28.0	111.0	124.0	
127.0	130.0	26.0	118.0	77.0	
75.0	44.0	1.0	133.0	0.0	
116.0	0.0	0.0	123.0	81.0	
118.0	84.0	5.0	110.0	91.0	
161.0	80.0	69.0	165.0	77.0	
141.0	86.0	2.0	121.0	47.0	
156.0	136.0	30.0	0.0	97.0	
132.0	83.0	4.0	108.0	84.0	
77.0	0.0	8.0	153.0	97.0	
95.0	6.0	0.0	117.0	55.0	
80.0	108.0	5.0	145.0	112.0	
139.0	138.0	54.0	139.0	97.0	

capacite_residuelle_W : 
153.6	2.6999999999999886	59.900000000000006	0.0	56.0	
40.80000000000001	13.0	31.9	84.0	0.0	
119.5	0.0	54.400000000000006	124.4	60.400000000000006	
174.4	11.800000000000011	3.1999999999999957	77.0	112.69999999999999	
154.9	4.800000000000011	66.4	130.6	136.7	
0.0	4.299999999999997	52.400000000000006	79.69999999999999	101.6	
135.5	3.3000000000000114	26.799999999999997	158.2	113.69999999999999	
138.5	6.300000000000011	14.400000000000006	133.3	114.5	
173.8	6.699999999999989	39.69999999999999	118.5	86.0	
0.6999999999999886	2.0999999999999943	1.2999999999999972	81.9	0.0	
129.0	0.0	2.5	52.69999999999999	5.699999999999989	
64.30000000000001	0.30000000000001137	8.5	127.69999999999999	77.6	
170.4	2.6999999999999886	96.19999999999999	185.3	95.0	
151.4	11.199999999999989	25.5	81.5	8.5	
163.7	62.400000000000006	59.099999999999994	0.0	104.80000000000001	
66.30000000000001	5.099999999999994	32.1	120.5	42.900000000000006	
64.5	0.0	13.699999999999996	142.9	8.599999999999994	
3.5	16.1	0.0	88.6	6.599999999999994	
117.6	0.4000000000000057	30.9	112.69999999999999	109.19999999999999	
167.7	45.19999999999999	98.1	143.9	124.0	

min_capacite_X : 
0.0	0.0	0.0	136.0	136.0	0.0	135.0	138.0	139.0	0.0	0.0	141.0	139.0	135.0	0.0	135.0	0.0	0.0	142.0	147.0	

min_capacite_W : 
0.0	0.0	0.0	58.199999999999996	66.4	0.0	69.8	69.4	67.69999999999999	0.0	0.0	48.5	115.19999999999999	42.5	0.0	51.1	0.0	0.0	50.9	98.1	

max_capacite_X : 
172.0	166.0	178.0	169.0	172.0	172.0	171.0	175.0	169.0	163.0	175.0	172.0	178.0	168.0	168.0	177.0	172.0	162.0	169.0	174.0	

max_capacite_W : 
185.7	182.8	180.5	192.4	202.6	181.6	186.2	178.5	180.7	181.9	170.7	160.3	216.3	191.4	203.7	183.3	198.9	165.6	195.7	190.2	

moy_capacite_X : 
130.8	125.8	127.8	153.4	159.6	124.0	147.0	158.0	151.8	120.0	128.6	153.6	158.4	147.4	128.0	158.6	125.8	123.2	151.2	158.6	

moy_capacite_W : 
112.23999999999998	98.74	118.93999999999998	137.62000000000003	153.08	104.4	139.3	143.4	141.14000000000001	86.6	102.58	127.67999999999999	157.92000000000002	123.62	122.2	129.78	104.74000000000001	91.55999999999999	135.35999999999999	160.98	

med_capacite_X : 
160.0	150.0	145.0	150.0	163.0	141.0	139.0	165.0	150.0	141.0	159.0	151.0	154.0	145.0	157.0	157.0	153.0	157.0	148.0	159.0	

med_capacite_W : 
114.0	111.0	155.4	150.0	163.8	110.4	144.3	153.3	161.5	91.1	128.7	142.6	122.0	132.2	143.8	136.1	120.5	103.6	152.4	186.7	

ecartType_capacite_X : 
65.74313652389883	63.24049335670935	65.9890900073641	13.108775686539152	12.59523719506703	63.45076831686122	13.813037319865606	15.466091943344964	10.264501936285072	60.69596362197407	64.8030863462536	11.01998185116473	14.207040508142432	12.499599993599794	64.1404708432983	14.71869559437928	63.51503758953465	62.40320504589488	9.662297863344929	9.645724441429994	

ecartType_capacite_W : 
64.97933825455596	63.27513255616301	64.71864028237924	45.65743751022391	49.360769848129394	59.46040699490712	39.0498655567468	39.79557764375333	41.966586708952164	62.26202695062216	65.97900878309707	41.13384980767057	46.95816861846297	53.33671905919974	75.09633812643597	43.46338228900278	69.87642234688322	59.02543858371575	48.21039721885725	36.20538081556386	

var_capacite_X : 
4322.16	3999.3599999999997	4354.56	171.84	158.64	4026.0	190.8	239.2	105.35999999999999	3684.0	4199.44	121.44000000000001	201.83999999999997	156.23999999999998	4114.0	216.64000000000001	4034.16	3894.16	93.35999999999999	93.03999999999999	

var_capacite_W : 
4222.314399999999	4003.7424	4188.5024	2084.601600000001	2436.4856	3535.5399999999995	1524.892	1583.6879999999999	1761.1944000000003	3876.56	4353.2296	1691.9936000000002	2205.0696000000007	2844.8056000000006	5639.46	1889.0656000000004	4882.7144	3484.0024	2324.242399999999	1310.8295999999998	

covar_capacite_X : 
5402.7	4999.2	5443.200000000001	214.8	198.29999999999998	5032.5	238.5	299.0	131.7	4605.0	5249.299999999999	151.8	252.29999999999998	195.29999999999998	5142.5	270.8	5042.7	4867.7	116.69999999999999	116.3	

covar_capacite_W : 
5277.892999999999	5004.678	5235.628000000001	2605.752000000001	3045.607	4419.424999999999	1906.115	1979.61	2201.4930000000004	4845.7	5441.536999999999	2114.992	2756.337000000001	3556.0070000000005	7049.325	2361.3320000000003	6103.393	4355.003	2905.302999999999	1638.5369999999998	

##########	##########	##########	##########	##########	##########	##########	##########	##########	##########	##########	##########	##########	##########	##########	##########	##########	##########	##########	##########	##########	##########	##########	##########	##########	##########	##########	##########	##########	##########	##########	##########	##########	##########	##########	##########	##########	##########	##########	##########	##########	##########	##########	##########	##########	##########	##########	##########	##########	##########	