50 5 20
0 38 105 72 65 14 51 54 19 83 71 53 91 26 22 102 87 67 51 36 22 20 1 63 50 99 112 63 24 33 88 41 122 61 51 91 60 79 71 89 55 42 93 10 37 104 81 19 104 43 
38 0 68 39 49 23 18 26 25 48 50 33 61 12 37 64 50 29 22 29 32 29 38 44 37 62 74 25 13 29 50 26 84 24 42 55 27 58 50 59 34 24 60 32 8 68 44 19 68 28 
105 68 0 43 76 91 60 65 89 29 67 75 59 79 102 4 32 41 59 87 97 95 106 70 83 12 14 42 81 88 20 75 16 48 89 36 50 80 66 59 68 78 38 99 70 34 27 87 30 81 
72 39 43 0 33 59 46 55 53 14 25 65 74 47 76 42 48 35 20 68 72 68 72 27 71 32 56 21 48 68 37 34 58 37 77 55 12 83 24 72 25 61 21 63 47 63 16 57 61 65 
65 49 76 33 0 56 65 74 46 47 10 82 102 48 78 75 79 62 29 78 75 71 65 6 86 64 89 48 49 76 70 25 89 62 91 86 33 106 11 100 15 74 43 55 58 96 49 59 94 78 
14 23 91 59 56 0 38 43 11 70 61 43 80 12 23 88 73 53 38 29 20 16 15 53 43 85 98 48 10 27 74 31 108 47 45 78 46 70 61 78 44 32 80 10 24 91 67 7 91 34 
51 18 60 46 65 38 0 9 43 49 63 19 42 30 42 56 36 18 35 26 37 35 52 59 26 58 63 25 31 28 40 44 76 12 32 39 35 41 63 40 50 17 65 48 14 53 44 32 53 20 
54 26 65 55 74 43 9 0 49 57 73 11 37 36 41 61 37 24 45 23 37 36 55 68 18 65 66 33 37 25 44 52 80 19 24 39 45 31 72 35 59 14 73 53 19 52 52 36 53 16 
19 25 89 53 46 11 43 49 0 65 51 51 85 13 34 86 75 54 32 39 31 27 20 43 52 82 97 47 12 37 73 21 106 49 55 80 41 78 51 83 35 40 73 10 29 93 63 16 93 43 
83 48 29 14 47 70 49 57 65 0 38 68 68 58 85 28 40 33 33 73 80 77 84 41 75 18 42 24 59 74 27 48 43 38 81 47 24 81 37 67 39 65 17 75 54 53 5 67 50 69 
71 50 67 25 10 61 63 73 51 38 0 82 98 52 83 66 73 58 28 79 79 75 71 8 87 55 80 43 53 79 62 30 80 58 92 81 29 104 1 96 17 75 32 61 59 89 41 63 87 79 
53 33 75 65 82 43 19 11 51 68 82 0 39 39 36 71 46 35 53 17 32 33 54 76 7 75 75 44 40 20 55 59 90 30 13 47 55 26 81 37 67 11 84 53 24 60 63 36 61 10 
91 61 59 74 102 80 42 37 85 68 98 39 0 72 75 55 29 40 73 57 72 72 92 95 44 66 52 54 73 59 43 85 69 40 48 23 69 24 97 2 88 49 85 90 56 29 63 73 32 49 
26 12 79 47 48 12 30 36 13 58 52 39 72 0 31 76 63 42 27 30 27 23 26 44 41 73 86 37 1 28 62 23 96 37 45 68 34 66 52 70 35 29 68 19 16 81 55 11 81 32 
22 37 102 76 78 23 42 41 34 85 83 36 75 31 0 98 78 60 57 18 5 8 23 75 32 98 106 61 30 16 82 53 118 54 31 80 64 60 83 74 66 27 98 28 31 94 81 20 95 26 
102 64 4 42 75 88 56 61 86 28 66 71 55 76 98 0 28 38 57 83 93 91 103 69 79 13 14 39 78 84 16 72 19 44 85 32 48 76 65 55 66 74 39 95 67 31 26 84 28 77 
87 50 32 48 79 73 36 37 75 40 73 46 29 63 78 28 0 21 53 60 73 72 88 73 54 37 29 32 64 63 14 68 44 26 59 7 47 48 72 28 67 51 57 82 49 18 35 68 17 53 
67 29 41 35 62 53 18 24 54 33 58 35 40 42 60 38 21 0 34 45 55 53 68 55 42 40 45 14 43 46 21 47 57 6 49 27 29 48 57 38 48 36 50 62 30 39 28 48 38 39 
51 22 59 20 29 38 35 45 32 33 28 53 73 27 57 57 53 34 0 51 53 49 52 23 58 50 69 21 28 51 47 15 75 32 63 60 9 76 28 71 15 46 41 42 31 71 32 38 70 50 
36 29 87 68 78 29 26 23 39 73 79 17 57 30 18 83 60 45 51 0 15 16 37 73 14 85 89 49 30 3 66 52 102 38 15 62 56 42 79 55 63 9 88 38 21 76 69 22 77 7 
22 32 97 72 75 20 37 37 31 80 79 32 72 27 5 93 73 55 53 15 0 4 23 71 29 93 101 56 26 12 77 49 113 49 28 76 59 57 79 70 62 22 93 27 26 89 76 16 90 22 
20 29 95 68 71 16 35 36 27 77 75 33 72 23 8 91 72 53 49 16 4 0 21 67 30 90 99 53 22 13 75 45 111 47 31 75 56 58 75 70 58 22 89 24 24 88 73 12 89 23 
1 38 106 72 65 15 52 55 20 84 71 54 92 26 23 103 88 68 52 37 23 21 0 63 51 100 113 63 25 34 89 42 123 62 52 92 60 80 72 90 55 43 93 10 38 105 82 20 105 44 
63 44 70 27 6 53 59 68 43 41 8 76 95 44 75 69 73 55 23 73 71 67 63 0 81 58 83 41 45 72 63 22 84 55 86 80 26 99 8 94 9 68 38 53 53 89 43 55 87 72 
50 37 83 71 86 43 26 18 52 75 87 7 44 41 32 79 54 42 58 14 29 30 51 81 0 83 83 51 41 17 62 62 97 37 6 54 60 28 86 42 72 12 91 52 28 67 70 36 68 9 
99 62 12 32 64 85 58 65 82 18 55 75 66 73 98 13 37 40 50 85 93 90 100 58 83 0 27 37 74 86 23 65 25 46 89 43 41 84 54 65 57 76 26 92 66 44 18 82 41 79 
112 74 14 56 89 98 63 66 97 42 80 75 52 86 106 14 29 45 69 89 101 99 113 83 83 27 0 50 88 91 24 85 17 51 88 30 61 74 79 52 80 80 53 106 75 23 40 93 20 82 
63 25 42 21 48 48 25 33 47 24 43 44 54 37 61 39 32 14 21 49 56 53 63 41 51 37 50 0 38 50 26 36 59 15 57 39 15 61 43 52 35 41 40 56 29 50 20 45 49 45 
24 13 81 48 49 10 31 37 12 59 53 40 73 1 30 78 64 43 28 30 26 22 25 45 41 74 88 38 0 28 64 23 97 38 45 69 36 67 53 71 36 29 69 18 17 82 56 10 82 32 
33 29 88 68 76 27 28 25 37 74 79 20 59 28 16 84 63 46 51 3 12 13 34 72 17 86 91 50 28 0 68 51 104 40 18 65 56 45 78 57 62 11 88 36 21 78 70 20 79 10 
88 50 20 37 70 74 40 44 73 27 62 55 43 62 82 16 14 21 47 66 77 75 89 63 62 23 24 26 64 68 0 62 35 28 68 20 39 61 62 42 59 57 43 82 51 26 22 69 24 60 
41 26 75 34 25 31 44 52 21 48 30 59 85 23 53 72 68 47 15 52 49 45 42 22 62 65 85 36 23 51 62 0 90 44 67 74 24 84 30 83 13 50 53 31 34 86 47 33 85 53 
122 84 16 58 89 108 76 80 106 43 80 90 69 96 118 19 44 57 75 102 113 111 123 84 97 25 17 59 97 104 35 90 0 64 103 46 66 91 79 69 83 93 49 115 87 40 43 104 37 96 
61 24 48 37 62 47 12 19 49 38 58 30 40 37 54 44 26 6 32 38 49 47 62 55 37 46 51 15 38 40 28 44 64 0 43 31 29 46 58 38 47 29 54 56 23 44 33 42 43 33 
51 42 89 77 91 45 32 24 55 81 92 13 48 45 31 85 59 49 63 15 28 31 52 86 6 89 88 57 45 18 68 67 103 43 0 59 66 29 92 46 76 17 97 54 33 72 76 38 73 13 
91 55 36 55 86 78 39 39 80 47 81 47 23 68 80 32 7 27 60 62 76 75 92 80 54 43 30 39 69 65 20 74 46 31 59 0 54 44 80 23 74 53 64 87 53 13 42 72 14 55 
60 27 50 12 33 46 35 45 41 24 29 55 69 34 64 48 47 29 9 56 59 56 60 26 60 41 61 15 36 56 39 24 66 29 66 54 0 75 28 67 20 49 33 51 35 64 22 45 62 53 
79 58 80 83 106 70 41 31 78 81 104 26 24 66 60 76 48 48 76 42 57 58 80 99 28 84 74 61 67 45 61 84 91 46 29 44 75 0 103 23 91 38 99 80 50 53 76 63 56 36 
71 50 66 24 11 61 63 72 51 37 1 81 97 52 83 65 72 57 28 79 79 75 72 8 86 54 79 43 53 78 62 30 79 58 92 80 28 103 0 95 17 74 31 61 59 88 40 63 86 78 
89 59 59 72 100 78 40 35 83 67 96 37 2 70 74 55 28 38 71 55 70 70 90 94 42 65 52 52 71 57 42 83 69 38 46 23 67 23 95 0 86 47 84 88 54 30 62 71 32 47 
55 34 68 25 15 44 50 59 35 39 17 67 88 35 66 66 67 48 15 63 62 58 55 9 72 57 80 35 36 62 59 13 83 47 76 74 20 91 17 86 0 59 41 45 43 84 40 46 83 63 
42 24 78 61 74 32 17 14 40 65 75 11 49 29 27 74 51 36 46 9 22 22 43 68 12 76 80 41 29 11 57 50 93 29 17 53 49 38 74 47 59 0 81 42 15 67 61 25 68 4 
93 60 38 21 43 80 65 73 73 17 32 84 85 68 98 39 57 50 41 88 93 89 93 38 91 26 53 40 69 88 43 53 49 54 97 64 33 99 31 84 41 81 0 84 67 68 22 79 65 85 
10 32 99 63 55 10 48 53 10 75 61 53 90 19 28 95 82 62 42 38 27 24 10 53 52 92 106 56 18 36 82 31 115 56 54 87 51 80 61 88 45 42 84 0 34 100 73 17 100 44 
37 8 70 47 58 24 14 19 29 54 59 24 56 16 31 67 49 30 31 21 26 24 38 53 28 66 75 29 17 21 51 34 87 23 33 53 35 50 59 54 43 15 67 34 0 67 50 18 67 19 
104 68 34 63 96 91 53 52 93 53 89 60 29 81 94 31 18 39 71 76 89 88 105 89 67 44 23 50 82 78 26 86 40 44 72 13 64 53 88 30 84 67 68 100 67 0 48 85 3 68 
81 44 27 16 49 67 44 52 63 5 41 63 63 55 81 26 35 28 32 69 76 73 82 43 70 18 40 20 56 70 22 47 43 33 76 42 22 76 40 62 40 61 22 73 50 48 0 64 46 65 
19 19 87 57 59 7 32 36 16 67 63 36 73 11 20 84 68 48 38 22 16 12 20 55 36 82 93 45 10 20 69 33 104 42 38 72 45 63 63 71 46 25 79 17 18 85 64 0 85 27 
104 68 30 61 94 91 53 53 93 50 87 61 32 81 95 28 17 38 70 77 90 89 105 87 68 41 20 49 82 79 24 85 37 43 73 14 62 56 86 32 83 68 65 100 67 3 46 85 0 69 
43 28 81 65 78 34 20 16 43 69 79 10 49 32 26 77 53 39 50 7 22 23 44 72 9 79 82 45 32 10 60 53 96 33 13 55 53 36 78 47 63 4 85 44 19 68 65 27 69 0 
95 106 103 90 97 105 109 118 99 105 115 105 117 97 110 98 97 112 108 107 
106 102 117 117 105 116 108 98 98 90 91 105 107 105 106 115 91 97 115 100 
114 111 118 111 90 109 90 98 102 109 117 119 93 115 117 111 112 106 90 90 
108 92 107 96 109 94 92 111 102 90 92 96 111 91 119 114 111 90 93 94 
111 92 95 116 118 94 107 110 111 109 112 99 113 100 106 103 105 110 94 118 
110 98 96 103 102 96 99 93 98 102 99 91 106 105 117 105 111 106 97 102 
96 90 114 91 102 102 104 118 92 110 117 114 90 93 99 102 101 108 107 109 
92 117 111 109 104 109 94 95 96 102 109 104 103 103 106 115 115 91 115 118 
112 112 114 114 116 93 97 99 113 114 118 115 113 111 106 99 101 111 105 109 
95 95 94 110 108 111 106 105 113 103 105 106 96 99 100 94 103 109 103 97 
105 103 94 100 94 111 109 107 103 96 98 109 102 102 99 92 95 117 108 118 
100 93 106 106 103 118 112 117 108 95 95 95 110 99 105 117 90 95 104 104 
102 112 93 115 96 104 119 102 103 107 102 114 111 119 102 94 118 94 93 108 
100 98 113 91 108 99 118 109 106 104 95 90 98 100 117 106 115 117 90 99 
105 102 94 97 103 107 104 102 112 107 91 94 117 115 97 106 94 95 96 112 
111 102 112 91 114 110 108 109 107 108 90 93 92 94 103 105 111 117 118 104 
106 90 108 103 117 115 90 93 93 98 115 115 111 109 116 105 100 104 96 90 
94 96 93 96 100 108 113 93 105 112 108 92 114 98 106 112 95 108 115 99 
117 111 95 109 102 91 96 112 108 102 112 113 110 118 90 92 106 114 96 92 
108 114 96 104 94 113 97 99 101 93 111 99 115 116 90 97 119 96 91 108 
109 115 102 100 114 103 103 100 99 109 104 118 105 111 103 109 105 110 90 117 
115 111 97 112 109 97 90 110 104 93 100 94 119 112 106 114 97 90 95 106 
110 111 106 96 103 90 117 118 111 118 117 108 111 94 100 102 103 101 93 118 
105 103 94 104 97 112 99 105 112 105 93 103 97 110 111 111 111 108 111 105 
108 108 93 100 114 103 112 99 116 117 97 101 101 103 117 109 95 97 96 118 
113 100 103 91 91 94 114 114 113 105 100 101 93 103 112 118 118 105 99 116 
103 106 97 115 91 96 105 96 104 112 96 97 94 110 100 97 115 96 92 110 
111 102 93 116 117 115 116 115 102 95 113 117 112 91 112 114 98 99 92 114 
92 99 92 97 90 104 105 117 110 108 107 103 90 111 99 118 108 97 115 92 
102 109 119 96 112 112 91 92 93 94 117 97 103 90 105 105 106 91 102 98 
109 90 111 111 112 92 111 100 99 108 103 113 99 103 90 92 97 93 94 101 
97 93 108 112 95 94 98 113 97 110 91 117 111 114 109 104 117 102 116 97 
90 100 92 100 115 93 103 94 97 109 106 106 114 97 99 90 102 108 113 109 
99 116 108 93 110 99 107 108 112 105 117 114 117 90 95 112 94 109 117 103 
99 104 90 94 111 100 95 94 90 90 116 99 116 106 103 108 115 91 98 108 
107 97 103 104 97 108 97 103 99 94 117 110 110 118 115 103 99 91 108 99 
92 106 109 118 92 94 108 118 96 117 108 114 95 92 100 103 112 108 117 92 
114 115 114 106 114 109 90 93 112 109 103 114 96 94 114 99 100 105 99 108 
103 117 103 109 90 114 93 114 103 91 117 98 117 111 116 111 101 116 116 93 
107 100 119 113 106 115 93 117 100 102 106 115 100 90 104 102 115 108 96 100 
109 94 110 108 116 106 100 99 103 97 104 91 110 105 115 97 102 119 96 114 
103 112 109 115 113 94 97 110 112 106 92 103 112 112 92 109 100 104 90 114 
113 105 117 103 92 113 111 105 114 117 99 97 111 119 94 106 94 103 96 118 
90 99 102 113 93 106 103 103 92 105 99 115 91 96 100 93 91 91 108 116 
90 118 95 113 118 99 99 93 113 108 93 114 118 107 109 91 94 94 106 96 
109 117 93 112 94 104 115 96 107 105 93 108 105 99 102 103 109 112 108 104 
101 112 100 100 100 91 103 104 95 90 112 115 118 117 107 93 101 104 100 118 
91 105 108 106 115 90 90 106 114 110 91 96 103 103 107 113 105 90 99 111 
92 93 108 91 90 96 95 101 112 107 100 114 93 119 100 90 90 102 106 114 
93 109 91 107 93 109 102 109 109 112 102 112 115 91 115 117 97 90 100 90 
8 8 9 9 8 8 9 8 8 9 8 9 8 8 9 8 9 9 9 8 
12 14 13 12 14 12 14 13 13 13 13 14 12 12 13 13 14 12 12 12 
4 4 4 4 4 4 4 4 4 4 4 4 4 4 4 4 4 4 4 4 
12 11 11 10 10 10 11 12 10 12 10 10 10 10 10 10 10 11 11 12 
12 12 10 10 10 10 11 11 11 12 11 11 11 11 11 11 12 10 11 10 
17 19 17 18 16 18 18 17 17 16 17 17 17 18 17 17 19 16 16 17 
16 19 19 19 17 18 18 17 19 17 18 17 17 16 19 18 19 18 16 17 
11 10 10 9 9 9 10 9 10 11 10 11 10 10 11 9 9 10 10 9 
11 12 12 12 12 12 12 12 11 12 11 11 11 11 12 12 11 12 12 11 
3 3 3 3 3 3 3 3 3 3 3 3 3 3 3 3 3 3 3 3 
14 14 13 12 14 12 13 13 13 12 13 12 13 13 13 13 14 12 14 13 
3 3 3 3 3 3 3 3 3 3 3 3 3 3 3 3 3 3 3 3 
19 20 19 18 19 21 20 18 18 19 21 19 21 21 18 18 20 21 19 21 
11 11 12 10 11 10 11 10 10 11 11 12 11 10 12 12 10 11 10 10 
15 18 17 17 17 18 15 15 17 16 18 15 16 17 16 18 15 15 15 16 
24 24 22 21 20 22 21 21 20 21 22 20 20 22 24 24 21 24 20 20 
6 7 6 7 7 6 7 7 7 7 6 6 7 7 7 6 6 6 6 6 
19 17 19 20 18 19 19 20 19 20 20 17 19 18 21 19 21 20 18 19 
14 14 13 14 14 13 14 12 14 12 14 12 12 13 12 14 12 14 13 13 
15 14 15 14 15 15 13 15 14 14 15 14 14 13 13 13 14 13 14 13 
11 11 12 13 12 13 12 12 13 11 11 12 11 11 11 13 13 11 13 12 
20 19 20 17 19 20 18 17 20 20 18 18 17 20 17 19 20 20 18 19 
13 15 13 13 15 13 13 15 14 13 13 14 15 13 14 14 13 16 15 16 
2 2 2 2 2 2 2 2 2 2 2 2 2 2 2 2 2 2 2 2 
13 13 14 12 14 13 14 14 12 13 14 12 13 12 12 13 13 14 12 12 
15 14 15 14 13 15 13 15 16 14 14 14 16 13 15 15 14 14 14 15 
12 12 12 13 12 13 12 12 12 13 12 12 12 12 14 12 14 14 12 14 
2 2 2 2 2 2 2 2 2 2 2 2 2 2 2 2 2 2 2 2 
14 13 12 14 13 12 12 13 12 12 13 14 13 14 12 12 14 13 12 13 
13 14 14 16 14 15 13 13 14 14 13 14 13 15 14 15 15 14 14 13 
13 11 11 12 13 11 13 13 12 11 12 13 12 13 13 11 13 11 11 11 
6 5 5 5 5 5 5 5 5 6 5 5 6 5 5 6 6 5 5 5 
12 12 13 14 12 13 14 12 14 12 12 14 12 14 14 13 12 12 14 14 
16 18 18 16 17 16 19 17 16 18 16 18 19 18 17 16 17 17 16 16 
10 10 11 10 10 11 9 10 9 9 10 9 11 10 10 9 10 9 10 10 
14 16 15 14 15 16 15 16 14 16 17 16 15 14 15 17 17 16 16 15 
6 7 7 6 6 6 6 7 7 6 7 7 7 6 6 6 7 6 6 6 
6 6 7 6 6 6 6 6 6 6 7 6 6 6 7 6 7 6 6 6 
15 14 15 15 14 15 17 14 14 14 14 14 15 14 17 16 15 16 14 17 
20 24 22 21 22 21 24 21 23 21 24 20 21 22 22 23 24 22 24 20 
23 20 22 20 21 22 20 24 20 21 24 20 21 21 22 23 23 22 20 22 
19 21 19 17 19 17 20 19 19 19 19 18 20 17 19 17 19 19 20 19 
2 2 2 2 2 2 2 2 2 2 2 2 2 2 2 2 2 2 2 2 
19 21 18 19 22 21 19 20 19 19 18 19 18 18 19 19 20 19 19 19 
16 17 15 16 18 18 18 15 17 18 18 15 17 15 15 17 15 17 15 16 
9 8 9 8 8 8 8 8 9 9 8 8 8 9 9 8 9 8 8 8 
14 13 13 13 14 14 15 14 13 13 13 13 14 13 13 15 14 14 15 13 
18 19 19 20 18 22 21 20 19 18 21 21 19 18 18 21 21 22 19 22 
16 17 16 18 17 16 17 19 19 17 17 19 19 19 17 19 19 17 18 16 
2 2 2 2 2 2 2 2 2 2 2 2 2 2 2 2 2 2 2 2 
0 0 0 0 0 0 1 0 0 0 1 0 0 0 0 0 0 0 0 0 
0 0 0 0 0 0 0 0 0 0 0 0 0 0 0 1 1 0 0 0 
1 1 1 1 1 1 1 1 1 1 1 1 1 1 1 1 0 1 1 1 
0 0 0 1 0 1 0 0 0 0 0 0 0 0 0 0 0 0 0 0 
0 0 0 0 0 0 0 0 1 0 0 1 0 0 0 0 0 0 0 0 
0 0 1 1 1 0 0 1 0 0 1 0 0 0 1 0 0 1 0 0 
1 1 1 1 1 1 1 1 1 1 1 1 0 1 1 1 1 1 1 1 
0 0 0 0 1 0 0 0 0 0 1 1 0 0 1 0 1 1 0 0 
1 1 1 1 1 1 1 1 0 1 1 1 1 1 1 1 1 1 1 0 
0 0 0 0 0 0 0 0 0 0 0 0 0 1 0 0 0 0 0 0 
0 0 0 0 0 0 0 1 0 0 1 1 1 0 0 1 0 1 0 1 
1 1 0 1 1 1 1 1 1 1 1 1 1 1 1 1 1 1 1 1 
0 0 1 0 0 0 1 0 0 1 1 1 1 1 0 0 0 1 0 1 
0 1 0 0 0 1 1 1 0 0 0 1 0 0 0 0 0 0 1 0 
1 0 0 0 1 1 0 1 1 1 0 0 0 0 0 0 0 0 1 1 
0 0 0 1 0 0 0 0 1 1 0 0 0 0 1 1 0 1 0 0 
1 0 0 1 0 0 0 1 0 0 0 1 1 0 0 1 0 0 1 0 
1 1 1 0 1 1 1 1 1 1 1 1 1 1 0 1 0 0 1 1 
0 0 0 1 0 1 0 0 0 1 1 0 0 1 0 1 1 1 1 0 
1 0 1 1 0 1 1 1 0 1 1 1 1 1 0 1 1 1 0 1 
1 1 0 1 0 1 1 1 1 1 1 1 1 1 1 1 1 1 1 0 
0 0 0 0 0 1 0 0 1 0 1 0 0 0 0 0 0 0 0 0 
0 0 0 1 0 0 1 0 0 0 0 0 0 1 0 0 0 1 0 0 
0 1 0 1 0 0 0 1 0 1 0 0 0 0 0 0 0 0 0 0 
0 0 0 0 0 0 0 0 0 0 0 0 0 0 0 0 1 0 0 0 
0 0 0 0 0 0 0 0 1 0 0 1 0 0 0 0 0 0 0 0 
1 1 0 0 0 0 1 0 0 1 1 1 1 1 0 1 0 1 1 0 
1 1 0 1 1 0 0 0 1 0 1 0 1 1 1 1 0 0 0 1 
1 0 0 0 0 0 0 1 0 1 1 0 1 0 1 1 0 1 0 0 
1 0 0 0 1 1 0 0 0 1 0 1 0 1 0 1 1 1 1 0 
1 0 1 1 1 0 1 0 1 0 0 1 0 0 1 1 0 0 0 0 
1 1 1 1 0 1 1 1 1 1 1 1 0 1 1 0 1 0 1 1 
1 1 1 1 1 1 0 1 1 1 1 1 0 1 0 1 0 1 1 1 
0 0 0 1 0 1 0 0 0 0 0 0 0 0 1 0 0 1 0 0 
1 1 1 0 0 1 1 1 0 1 1 1 0 1 0 0 1 1 0 1 
1 1 1 1 1 1 0 1 1 1 1 1 1 1 1 1 1 1 1 1 
1 1 1 1 1 1 1 1 1 1 1 0 1 1 1 0 1 1 1 1 
0 0 0 0 0 1 0 1 0 1 0 1 0 0 0 1 1 0 0 0 
0 1 0 0 1 0 0 1 1 1 1 1 0 0 0 1 1 0 1 1 
1 1 1 1 1 1 0 0 1 1 1 0 1 1 1 1 1 1 0 1 
0 1 1 0 0 0 1 0 1 0 1 1 0 1 1 1 1 1 0 0 
1 1 0 1 1 1 0 1 0 1 0 1 0 1 0 1 0 1 1 0 
1 0 0 0 0 0 0 0 1 1 0 1 1 1 0 1 1 0 0 0 
1 1 1 0 1 0 1 1 0 1 0 1 1 1 1 1 0 0 0 1 
0 1 0 1 1 1 1 1 1 0 1 1 1 1 0 1 1 1 0 0 
0 0 0 0 0 0 0 0 0 0 0 0 0 0 0 1 0 0 0 0 
1 0 0 0 0 0 0 1 0 0 0 0 0 0 0 0 0 0 1 0 
0 0 0 1 0 0 0 0 0 0 0 0 0 0 0 0 1 0 1 0 
0 1 1 1 0 0 1 0 1 1 0 1 1 0 1 1 1 1 1 1 
1 1 1 1 1 0 1 1 0 1 1 1 0 1 1 0 0 1 0 0 
1 1 1 1 1 0 0 1 1 1 1 0 0 1 0 1 1 1 1 1 
0 0 0 0 0 0 0 0 1 0 0 0 1 0 0 1 0 1 0 0 
1 0 0 1 0 0 0 1 0 0 0 1 1 1 0 0 0 0 0 0 
1 0 1 1 0 1 1 1 1 0 1 1 1 0 0 1 1 0 0 0 
0 0 1 1 1 1 0 1 1 1 1 1 1 1 1 1 1 1 1 0 
1 1 1 0 1 1 0 1 1 1 1 1 1 1 1 1 1 0 1 0 
0 0 1 0 0 1 0 1 1 0 1 1 1 1 0 0 1 1 0 0 
1 0 0 0 0 0 0 0 0 1 1 1 1 0 0 0 0 1 0 0 
0 0 0 0 1 1 0 1 0 1 0 1 0 1 0 1 1 1 1 1 
1 1 1 1 0 1 1 1 1 0 1 1 0 1 0 0 1 1 0 1 
1 1 1 1 1 1 1 1 1 1 1 1 1 1 1 1 1 1 1 1 
1 1 0 0 1 0 1 1 0 0 0 0 1 0 1 0 0 0 0 1 
0 1 0 1 1 1 1 1 1 1 0 0 1 0 0 0 0 0 0 0 
0 0 1 1 0 1 0 1 0 0 1 0 1 1 0 1 1 1 0 0 
1 1 1 1 1 1 1 0 1 1 1 1 1 0 0 1 1 1 1 1 
0 0 0 0 0 0 0 0 0 0 0 0 0 0 0 0 0 0 0 1 
1 1 1 1 1 1 1 1 0 1 1 1 1 1 1 1 0 1 0 0 
0 0 1 1 1 1 1 1 0 0 1 0 1 1 1 0 1 0 1 0 
1 1 1 0 1 0 1 1 0 1 0 1 0 1 0 1 1 1 0 1 
0 0 0 0 0 1 0 0 0 1 0 0 1 0 0 1 0 0 0 1 
1 1 0 1 1 0 1 1 1 0 0 0 1 0 1 1 1 1 1 1 
1 1 1 1 1 0 1 1 1 1 1 1 1 1 1 1 1 1 1 1 
0 1 1 1 0 1 1 1 1 1 1 0 0 1 0 0 1 1 0 1 
1 1 1 1 1 1 1 1 1 1 1 1 1 1 1 1 1 1 1 1 
0 0 0 1 0 0 0 0 1 1 0 1 1 1 0 0 0 0 1 0 
1 1 0 1 1 1 1 1 1 1 0 1 1 1 1 1 0 1 1 1 
1 0 1 0 0 0 0 0 0 0 1 0 0 1 0 1 1 1 0 1 
1 1 1 1 1 1 1 1 1 1 1 1 1 1 1 1 1 1 1 1 
0 1 0 0 0 1 0 1 1 1 1 0 0 0 0 0 0 0 1 0 
1 1 1 1 1 1 1 1 1 1 1 1 1 1 1 1 1 0 1 1 
1 0 0 0 0 0 0 0 0 1 0 0 0 0 0 0 0 0 1 0 
1 1 0 1 0 1 1 1 0 1 1 0 1 1 1 1 1 1 1 1 
0 1 1 1 1 1 1 1 1 1 1 1 1 1 0 1 1 1 1 1 
1 1 1 1 0 1 1 1 1 1 1 1 1 1 1 1 1 1 1 1 
1 1 1 1 0 1 1 1 1 1 1 1 1 1 1 1 1 0 0 0 
0 0 0 1 1 0 1 0 1 1 1 1 0 0 1 1 1 1 1 1 
1 1 1 1 1 1 1 0 1 1 1 0 1 1 0 1 1 1 1 1 
1 1 1 1 1 0 1 1 1 1 0 1 1 1 0 1 1 0 1 1 
1 1 1 1 1 1 0 1 0 0 0 1 1 0 1 1 0 0 0 1 
1 0 1 1 1 1 1 1 1 0 1 1 1 1 1 1 1 1 1 1 
1 1 1 1 1 1 1 1 1 0 1 1 1 1 1 1 1 1 1 1 
0 0 0 1 0 1 0 1 0 0 0 1 1 0 0 0 0 1 0 0 
1 1 1 1 0 1 1 1 1 1 1 1 1 1 1 1 1 0 1 1 
1 1 1 1 1 1 1 1 1 1 1 0 1 1 0 1 1 1 1 1 
0 0 0 0 0 0 0 0 0 1 0 0 0 1 0 0 0 0 1 0 
1 0 0 0 0 1 1 1 0 0 1 0 1 0 0 0 0 1 0 0 
0 0 0 0 0 0 0 0 0 0 0 0 0 0 0 1 0 0 0 0 
1 0 1 1 1 1 1 0 1 1 1 1 0 1 1 0 1 1 1 1 
1 0 1 1 1 1 1 1 1 1 1 0 1 0 1 1 1 1 1 1 
0 0 0 0 0 0 1 0 0 0 1 0 0 0 0 0 0 0 0 1 
0.3
0.3
0.3
0.3
0.3
0.3
0.3
0.3
0.3
0.3
0.3
0.3
0.3
0.3
0.3
0.3
0.3
0.3
0.3
0.3
