50 5 20
0 96 38 44 41 77 72 92 52 28 17 109 45 22 77 88 6 47 63 46 58 34 57 71 47 84 63 47 73 46 54 75 16 24 58 13 42 32 23 48 76 58 90 92 66 60 50 65 72 52 
96 0 72 59 57 29 23 4 45 67 88 15 71 76 23 48 100 57 46 56 77 61 38 33 68 29 58 60 56 87 45 30 105 78 43 82 54 63 108 81 48 46 38 61 65 74 49 42 31 80 
38 72 0 46 18 64 52 69 28 25 22 82 7 36 49 51 39 47 59 46 72 21 36 40 57 72 25 12 35 19 46 62 38 14 51 32 34 24 38 15 74 53 55 54 73 23 44 32 42 18 
44 59 46 0 30 35 37 55 30 22 46 74 51 21 49 73 50 2 19 3 27 25 29 48 13 41 58 43 65 64 14 33 58 40 16 31 12 21 64 61 32 14 69 83 27 66 10 48 47 64 
41 57 18 30 0 47 35 54 12 16 31 69 21 28 36 49 44 31 41 30 58 8 19 29 43 54 28 12 36 37 28 44 48 21 33 30 18 12 50 32 56 35 49 55 57 35 27 25 30 34 
77 29 64 35 47 0 18 25 37 50 74 44 67 55 33 64 82 32 17 32 48 47 29 40 41 7 62 56 64 83 22 2 89 65 19 64 35 47 94 78 19 20 56 77 36 76 26 46 37 79 
72 23 52 37 35 18 0 20 23 44 66 37 52 52 15 46 77 35 28 34 58 38 15 21 48 24 45 41 46 69 23 17 82 56 23 59 31 40 86 63 36 26 39 58 49 60 27 28 19 63 
92 4 69 55 54 25 20 0 42 64 85 19 69 72 22 49 97 53 42 52 73 58 35 32 64 25 58 58 56 86 41 26 102 75 40 79 51 60 105 79 44 42 39 62 61 73 45 41 29 79 
52 45 28 30 12 37 23 42 0 24 43 57 30 36 25 43 56 30 35 28 57 17 8 20 43 44 28 19 34 46 22 35 60 33 26 40 18 20 62 41 49 30 41 52 54 40 23 18 20 42 
28 67 25 22 16 50 44 64 24 0 25 81 32 12 49 65 33 24 39 23 46 8 29 44 31 57 43 27 52 43 27 48 39 18 32 15 14 4 44 41 53 33 65 72 49 48 24 41 45 44 
17 88 22 46 31 74 66 85 43 25 0 100 29 27 67 73 17 48 64 47 66 27 50 59 53 81 47 32 57 28 52 72 17 10 57 18 39 27 20 31 78 58 76 76 72 42 49 53 61 35 
109 15 82 74 69 44 37 19 57 81 100 0 80 90 33 49 113 72 61 71 92 74 51 42 83 42 66 70 61 96 60 45 118 90 59 96 68 77 120 89 62 61 39 62 80 81 64 51 40 88 
45 71 7 51 21 67 52 69 30 32 29 80 0 43 48 45 46 52 63 51 78 26 38 38 63 74 18 11 28 16 50 65 44 21 54 39 39 30 44 11 78 57 50 47 78 15 49 29 40 12 
22 76 36 21 28 55 52 72 36 12 27 90 43 0 60 77 28 24 40 23 39 20 39 56 26 61 56 39 65 51 32 53 37 24 36 10 21 16 43 50 54 35 77 84 45 59 28 53 56 54 
77 23 49 49 36 33 15 22 25 49 67 33 48 60 0 30 81 47 43 46 73 42 21 10 61 38 35 37 34 64 35 32 85 57 37 65 40 45 87 57 52 40 23 43 64 51 39 18 7 57 
88 48 51 73 49 64 46 49 43 65 73 49 45 77 30 0 90 72 72 71 99 57 44 25 86 68 26 41 17 57 62 63 90 64 65 79 61 61 89 50 82 68 10 13 93 39 64 25 27 48 
6 100 39 50 44 82 77 97 56 33 17 113 46 28 81 90 0 52 69 52 64 38 62 74 53 89 64 49 74 44 60 80 10 25 64 18 47 36 17 47 82 64 92 93 72 59 56 68 75 51 
47 57 47 2 31 32 35 53 30 24 48 72 52 24 47 72 52 0 16 1 27 26 27 47 13 38 58 44 64 66 12 30 61 42 13 34 13 23 66 62 30 12 68 82 26 66 8 48 46 65 
63 46 59 19 41 17 28 42 35 39 64 61 63 40 43 72 69 16 0 17 31 39 29 46 23 22 64 53 68 78 13 16 77 56 8 50 25 37 82 74 15 6 66 84 21 75 15 50 44 75 
46 56 46 3 30 32 34 52 28 23 47 71 51 23 46 71 52 1 17 0 29 25 26 45 15 38 56 42 63 65 11 30 60 41 13 33 11 22 66 61 31 12 67 80 27 65 7 46 44 64 
58 77 72 27 58 48 58 73 57 46 66 92 78 39 73 99 64 27 31 29 0 51 55 74 15 50 85 70 92 89 37 47 74 63 35 48 40 47 81 87 33 32 95 110 13 93 34 75 72 90 
34 61 21 25 8 47 38 58 17 8 27 74 26 20 42 57 38 26 39 25 51 0 23 36 36 54 36 20 44 40 26 45 43 18 31 22 14 4 47 36 54 33 57 64 52 41 24 33 37 39 
57 38 36 29 19 29 15 35 8 29 50 51 38 39 21 44 62 27 29 26 55 23 0 19 41 36 34 27 39 54 17 27 67 40 21 45 19 25 70 49 42 24 40 55 49 47 20 21 18 50 
71 33 40 48 29 40 21 32 20 44 59 42 38 56 10 25 74 47 46 45 74 36 19 0 61 45 25 28 24 54 36 38 77 49 39 59 37 40 78 47 57 43 21 37 67 41 39 8 3 46 
47 68 57 13 43 41 48 64 43 31 53 83 63 26 61 86 53 13 23 15 15 36 41 61 0 46 70 55 78 75 25 39 62 49 25 36 25 32 69 72 32 22 82 96 19 78 21 61 60 75 
84 29 72 41 54 7 24 25 44 57 81 42 74 61 38 68 89 38 22 38 50 54 36 45 46 0 69 63 70 90 29 9 96 73 25 70 42 54 101 85 19 26 60 81 38 83 33 52 43 86 
63 58 25 58 28 62 45 58 28 43 47 66 18 56 35 26 64 58 64 56 85 36 34 25 70 69 0 16 10 31 51 60 63 39 55 55 45 40 62 24 77 58 32 29 82 15 52 17 28 22 
47 60 12 43 12 56 41 58 19 27 32 70 11 39 37 41 49 44 53 42 70 20 27 28 55 63 16 0 26 27 39 54 50 23 44 38 31 24 50 22 67 47 43 45 69 22 39 20 30 23 
73 56 35 65 36 64 46 56 34 52 57 61 28 65 34 17 74 64 68 63 92 44 39 24 78 70 10 26 0 40 56 63 73 49 60 64 52 49 72 33 81 63 24 19 88 21 58 18 27 30 
46 87 19 64 37 83 69 86 46 43 28 96 16 51 64 57 44 66 78 65 89 40 54 54 75 90 31 27 40 0 65 81 39 27 70 45 53 43 36 7 93 72 63 55 92 19 63 45 56 9 
54 45 46 14 28 22 23 41 22 27 52 60 50 32 35 62 60 12 13 11 37 26 17 36 25 29 51 39 56 65 0 20 67 44 5 41 13 25 72 60 28 7 57 73 31 62 4 38 35 62 
75 30 62 33 44 2 17 26 35 48 72 45 65 53 32 63 80 30 16 30 47 45 27 38 39 9 60 54 63 81 20 0 87 63 17 61 33 45 92 76 20 18 55 76 35 74 24 44 36 77 
16 105 38 58 48 89 82 102 60 39 17 118 44 37 85 90 10 61 77 60 74 43 67 77 62 96 63 50 73 39 67 87 0 27 71 27 54 42 7 44 91 72 93 91 81 57 63 70 78 48 
24 78 14 40 21 65 56 75 33 18 10 90 21 24 57 64 25 42 56 41 63 18 40 49 49 73 39 23 49 27 44 63 27 0 49 18 31 19 29 27 71 50 67 68 66 37 41 43 51 30 
58 43 51 16 33 19 23 40 26 32 57 59 54 36 37 65 64 13 8 13 35 31 21 39 25 25 55 44 60 70 5 17 71 49 0 45 17 30 76 65 23 3 59 76 28 67 8 42 37 67 
13 82 32 31 30 64 59 79 40 15 18 96 39 10 65 79 18 34 50 33 48 22 45 59 36 70 55 38 64 45 41 61 27 18 45 0 29 19 33 45 64 45 79 84 55 55 37 55 60 49 
42 54 34 12 18 35 31 51 18 14 39 68 39 21 40 61 47 13 25 11 40 14 19 37 25 42 45 31 52 53 13 33 54 31 17 29 0 12 59 50 40 19 59 70 38 53 10 36 37 52 
32 63 24 21 12 47 40 60 20 4 27 77 30 16 45 61 36 23 37 22 47 4 25 40 32 54 40 24 49 43 25 45 42 19 30 19 12 0 47 40 52 31 61 68 49 46 22 37 41 43 
23 108 38 64 50 94 86 105 62 44 20 120 44 43 87 89 17 66 82 66 81 47 70 78 69 101 62 50 72 36 72 92 7 29 76 33 59 47 0 41 97 77 93 90 88 54 68 71 80 45 
48 81 15 61 32 78 63 79 41 41 31 89 11 50 57 50 47 62 74 61 87 36 49 47 72 85 24 22 33 7 60 76 44 27 65 45 50 40 41 0 88 68 56 49 88 13 59 38 50 4 
76 48 74 32 56 19 36 44 49 53 78 62 78 54 52 82 82 30 15 31 33 54 42 57 32 19 77 67 81 93 28 20 91 71 23 64 40 52 97 88 0 21 75 95 19 89 30 62 55 90 
58 46 53 14 35 20 26 42 30 33 58 61 57 35 40 68 64 12 6 12 32 33 24 43 22 26 58 47 63 72 7 18 72 50 3 45 19 31 77 68 21 0 63 80 24 70 9 45 41 70 
90 38 55 69 49 56 39 39 41 65 76 39 50 77 23 10 92 68 66 67 95 57 40 21 82 60 32 43 24 63 57 55 93 67 59 79 59 61 93 56 75 63 0 23 87 46 60 24 22 54 
92 61 54 83 55 77 58 62 52 72 76 62 47 84 43 13 93 82 84 80 110 64 55 37 96 81 29 45 19 55 73 76 91 68 76 84 70 68 90 49 95 80 23 0 104 36 75 34 39 45 
66 65 73 27 57 36 49 61 54 49 72 80 78 45 64 93 72 26 21 27 13 52 49 67 19 38 82 69 88 92 31 35 81 66 28 55 38 49 88 88 19 24 87 104 0 92 30 70 66 91 
60 74 23 66 35 76 60 73 40 48 42 81 15 59 51 39 59 66 75 65 93 41 47 41 78 83 15 22 21 19 62 74 57 37 67 55 53 46 54 13 89 70 46 36 92 0 62 32 43 9 
50 49 44 10 27 26 27 45 23 24 49 64 49 28 39 64 56 8 15 7 34 24 20 39 21 33 52 39 58 63 4 24 63 41 8 37 10 22 68 59 30 9 60 75 30 62 0 40 38 61 
65 42 32 48 25 46 28 41 18 41 53 51 29 53 18 25 68 48 50 46 75 33 21 8 61 52 17 20 18 45 38 44 70 43 42 55 36 37 71 38 62 45 24 34 70 32 40 0 11 38 
72 31 42 47 30 37 19 29 20 45 61 40 40 56 7 27 75 46 44 44 72 37 18 3 60 43 28 30 27 56 35 36 78 51 37 60 37 41 80 50 55 41 22 39 66 43 38 11 0 49 
52 80 18 64 34 79 63 79 42 44 35 88 12 54 57 48 51 65 75 64 90 39 50 46 75 86 22 23 30 9 62 77 48 30 67 49 52 43 45 4 90 70 54 45 91 9 61 38 49 0 
95 106 103 90 97 105 109 118 99 105 115 105 117 97 110 98 97 112 108 107 
106 102 117 117 105 116 108 98 98 90 91 105 107 105 106 115 91 97 115 100 
114 111 118 111 90 109 90 98 102 109 117 119 93 115 117 111 112 106 90 90 
108 92 107 96 109 94 92 111 102 90 92 96 111 91 119 114 111 90 93 94 
111 92 95 116 118 94 107 110 111 109 112 99 113 100 106 103 105 110 94 118 
110 98 96 103 102 96 99 93 98 102 99 91 106 105 117 105 111 106 97 102 
96 90 114 91 102 102 104 118 92 110 117 114 90 93 99 102 101 108 107 109 
92 117 111 109 104 109 94 95 96 102 109 104 103 103 106 115 115 91 115 118 
112 112 114 114 116 93 97 99 113 114 118 115 113 111 106 99 101 111 105 109 
95 95 94 110 108 111 106 105 113 103 105 106 96 99 100 94 103 109 103 97 
105 103 94 100 94 111 109 107 103 96 98 109 102 102 99 92 95 117 108 118 
100 93 106 106 103 118 112 117 108 95 95 95 110 99 105 117 90 95 104 104 
102 112 93 115 96 104 119 102 103 107 102 114 111 119 102 94 118 94 93 108 
100 98 113 91 108 99 118 109 106 104 95 90 98 100 117 106 115 117 90 99 
105 102 94 97 103 107 104 102 112 107 91 94 117 115 97 106 94 95 96 112 
111 102 112 91 114 110 108 109 107 108 90 93 92 94 103 105 111 117 118 104 
106 90 108 103 117 115 90 93 93 98 115 115 111 109 116 105 100 104 96 90 
94 96 93 96 100 108 113 93 105 112 108 92 114 98 106 112 95 108 115 99 
117 111 95 109 102 91 96 112 108 102 112 113 110 118 90 92 106 114 96 92 
108 114 96 104 94 113 97 99 101 93 111 99 115 116 90 97 119 96 91 108 
109 115 102 100 114 103 103 100 99 109 104 118 105 111 103 109 105 110 90 117 
115 111 97 112 109 97 90 110 104 93 100 94 119 112 106 114 97 90 95 106 
110 111 106 96 103 90 117 118 111 118 117 108 111 94 100 102 103 101 93 118 
105 103 94 104 97 112 99 105 112 105 93 103 97 110 111 111 111 108 111 105 
108 108 93 100 114 103 112 99 116 117 97 101 101 103 117 109 95 97 96 118 
113 100 103 91 91 94 114 114 113 105 100 101 93 103 112 118 118 105 99 116 
103 106 97 115 91 96 105 96 104 112 96 97 94 110 100 97 115 96 92 110 
111 102 93 116 117 115 116 115 102 95 113 117 112 91 112 114 98 99 92 114 
92 99 92 97 90 104 105 117 110 108 107 103 90 111 99 118 108 97 115 92 
102 109 119 96 112 112 91 92 93 94 117 97 103 90 105 105 106 91 102 98 
109 90 111 111 112 92 111 100 99 108 103 113 99 103 90 92 97 93 94 101 
97 93 108 112 95 94 98 113 97 110 91 117 111 114 109 104 117 102 116 97 
90 100 92 100 115 93 103 94 97 109 106 106 114 97 99 90 102 108 113 109 
99 116 108 93 110 99 107 108 112 105 117 114 117 90 95 112 94 109 117 103 
99 104 90 94 111 100 95 94 90 90 116 99 116 106 103 108 115 91 98 108 
107 97 103 104 97 108 97 103 99 94 117 110 110 118 115 103 99 91 108 99 
92 106 109 118 92 94 108 118 96 117 108 114 95 92 100 103 112 108 117 92 
114 115 114 106 114 109 90 93 112 109 103 114 96 94 114 99 100 105 99 108 
103 117 103 109 90 114 93 114 103 91 117 98 117 111 116 111 101 116 116 93 
107 100 119 113 106 115 93 117 100 102 106 115 100 90 104 102 115 108 96 100 
109 94 110 108 116 106 100 99 103 97 104 91 110 105 115 97 102 119 96 114 
103 112 109 115 113 94 97 110 112 106 92 103 112 112 92 109 100 104 90 114 
113 105 117 103 92 113 111 105 114 117 99 97 111 119 94 106 94 103 96 118 
90 99 102 113 93 106 103 103 92 105 99 115 91 96 100 93 91 91 108 116 
90 118 95 113 118 99 99 93 113 108 93 114 118 107 109 91 94 94 106 96 
109 117 93 112 94 104 115 96 107 105 93 108 105 99 102 103 109 112 108 104 
101 112 100 100 100 91 103 104 95 90 112 115 118 117 107 93 101 104 100 118 
91 105 108 106 115 90 90 106 114 110 91 96 103 103 107 113 105 90 99 111 
92 93 108 91 90 96 95 101 112 107 100 114 93 119 100 90 90 102 106 114 
93 109 91 107 93 109 102 109 109 112 102 112 115 91 115 117 97 90 100 90 
11 12 13 12 12 12 12 12 12 13 11 12 11 11 13 12 12 13 13 11 
12 14 13 12 14 12 14 13 13 13 13 14 12 12 13 13 14 12 12 12 
9 8 8 9 9 9 8 8 9 8 8 8 9 8 8 9 8 8 8 8 
14 14 14 12 12 12 14 14 12 14 12 12 12 12 12 12 12 14 13 14 
2 2 2 2 2 2 2 2 2 2 2 2 2 2 2 2 2 2 2 2 
12 14 13 13 12 14 14 13 13 12 13 13 12 13 13 13 14 12 12 13 
21 24 24 24 22 23 23 22 24 22 23 21 22 20 24 23 24 23 20 21 
6 5 6 5 5 5 5 5 5 6 5 6 6 5 6 5 5 5 6 5 
14 15 16 16 16 15 15 16 14 16 14 14 14 14 16 15 15 15 16 14 
12 11 11 12 13 11 13 11 13 12 12 11 11 11 13 11 12 11 13 11 
8 8 7 7 8 7 8 7 7 7 7 7 7 8 7 7 8 7 8 8 
3 3 3 3 3 3 3 3 3 3 3 3 3 3 3 3 3 3 3 3 
12 12 11 11 11 13 12 11 11 12 13 12 12 12 11 11 12 13 12 12 
12 13 13 11 12 11 12 11 11 13 12 13 12 11 13 13 11 12 11 11 
12 14 14 14 13 14 12 12 14 13 14 12 12 14 12 14 12 12 12 13 
21 22 19 19 18 19 19 18 18 19 20 18 18 19 22 21 19 22 18 18 
2 2 2 2 2 2 2 2 2 2 2 2 2 2 2 2 2 2 2 2 
23 20 23 24 22 23 23 24 23 24 24 20 23 21 24 22 24 23 22 23 
10 10 9 10 10 9 11 9 10 9 10 9 9 9 9 10 9 10 10 10 
17 17 17 17 18 17 15 18 17 16 17 16 16 15 15 15 16 15 16 15 
21 20 22 23 22 23 23 23 23 21 21 22 20 20 20 24 24 21 24 22 
16 16 16 14 16 17 15 14 17 16 14 14 14 17 14 16 16 16 15 15 
3 3 3 3 3 3 3 3 3 3 3 3 3 3 3 3 3 3 3 3 
4 4 4 4 4 4 4 4 4 4 4 4 4 4 4 4 4 4 4 4 
19 20 21 19 21 19 21 21 19 20 21 19 20 18 19 20 20 21 18 18 
9 9 9 9 8 9 8 9 9 8 8 8 9 8 9 9 8 9 8 9 
17 17 17 19 18 18 17 17 18 18 18 18 17 17 20 17 20 21 17 20 
15 15 15 15 15 14 14 14 16 16 14 16 16 14 15 14 16 15 15 14 
14 13 12 14 13 12 12 13 12 12 13 14 13 14 12 12 14 13 12 13 
2 2 2 2 2 2 2 2 2 2 2 2 2 2 2 2 2 2 2 2 
12 10 10 11 12 10 11 12 11 10 11 12 11 12 12 10 12 10 10 10 
2 2 2 2 2 2 2 2 2 2 2 2 2 2 2 2 2 2 2 2 
11 11 12 13 11 12 13 11 13 11 11 13 11 13 13 12 11 11 13 13 
11 12 12 11 11 11 13 11 11 12 11 12 13 12 11 11 11 11 11 11 
3 3 3 3 3 3 3 3 3 3 3 3 3 3 3 3 3 3 3 3 
4 4 4 4 4 4 4 4 4 4 4 4 4 4 4 4 4 4 4 4 
10 11 11 10 10 10 11 12 11 10 11 12 12 10 10 11 12 11 10 10 
7 7 8 7 7 7 8 7 7 7 8 7 7 7 8 7 8 7 7 7 
5 5 5 5 5 5 6 5 5 5 5 5 5 5 6 5 5 5 5 6 
20 24 22 21 22 21 24 21 23 21 24 20 21 22 22 23 24 22 24 20 
19 17 18 17 17 18 17 20 17 18 20 17 17 18 19 20 20 18 17 18 
16 17 15 14 15 14 16 15 16 16 16 14 16 14 15 14 15 16 17 16 
8 8 8 7 7 7 8 8 8 8 7 8 8 8 8 7 7 8 7 8 
15 16 14 14 17 16 15 15 15 14 14 15 14 14 15 14 15 15 14 15 
18 20 17 18 20 20 20 17 19 20 20 17 19 17 18 19 17 19 17 19 
17 15 17 14 15 15 15 14 16 15 15 14 15 15 15 14 15 15 14 14 
17 16 16 16 17 18 19 17 16 16 16 16 17 16 16 19 17 17 19 16 
11 12 12 12 11 13 12 12 12 11 13 13 11 11 11 13 12 13 11 13 
17 18 17 19 19 18 19 21 20 19 18 20 20 20 19 21 20 18 19 17 
15 15 14 16 16 14 15 15 14 17 15 15 15 16 17 17 17 15 14 16 
0 0 0 0 0 0 1 0 0 0 1 0 0 0 0 0 0 0 0 0 
0 0 0 0 0 0 0 0 0 0 0 0 0 0 0 1 1 0 0 0 
1 1 1 1 1 1 1 1 1 1 1 1 1 1 1 1 0 1 1 1 
0 0 0 1 0 1 0 0 0 0 0 0 0 0 0 0 0 0 0 0 
0 0 0 0 0 0 0 0 1 0 0 1 0 0 0 0 0 0 0 0 
0 0 1 1 1 0 0 1 0 0 1 0 0 0 1 0 0 1 0 0 
1 1 1 1 1 1 1 1 1 1 1 1 0 1 1 1 1 1 1 1 
0 0 0 0 1 0 0 0 0 0 1 1 0 0 1 0 1 1 0 0 
1 1 1 1 1 1 1 1 0 1 1 1 1 1 1 1 1 1 1 0 
0 0 0 0 0 0 0 0 0 0 0 0 0 1 0 0 0 0 0 0 
0 0 0 0 0 0 0 1 0 0 1 1 1 0 0 1 0 1 0 1 
1 1 0 1 1 1 1 1 1 1 1 1 1 1 1 1 1 1 1 1 
0 0 1 0 0 0 1 0 0 1 1 1 1 1 0 0 0 1 0 1 
0 1 0 0 0 1 1 1 0 0 0 1 0 0 0 0 0 0 1 0 
1 0 0 0 1 1 0 1 1 1 0 0 0 0 0 0 0 0 1 1 
0 0 0 1 0 0 0 0 1 1 0 0 0 0 1 1 0 1 0 0 
1 0 0 1 0 0 0 1 0 0 0 1 1 0 0 1 0 0 1 0 
1 1 1 0 1 1 1 1 1 1 1 1 1 1 0 1 0 0 1 1 
0 0 0 1 0 1 0 0 0 1 1 0 0 1 0 1 1 1 1 0 
1 0 1 1 0 1 1 1 0 1 1 1 1 1 0 1 1 1 0 1 
1 1 0 1 0 1 1 1 1 1 1 1 1 1 1 1 1 1 1 0 
0 0 0 0 0 1 0 0 1 0 1 0 0 0 0 0 0 0 0 0 
0 0 0 1 0 0 1 0 0 0 0 0 0 1 0 0 0 1 0 0 
0 1 0 1 0 0 0 1 0 1 0 0 0 0 0 0 0 0 0 0 
0 0 0 0 0 0 0 0 0 0 0 0 0 0 0 0 1 0 0 0 
0 0 0 0 0 0 0 0 1 0 0 1 0 0 0 0 0 0 0 0 
1 1 0 0 0 0 1 0 0 1 1 1 1 1 0 1 0 1 1 0 
1 1 0 1 1 0 0 0 1 0 1 0 1 1 1 1 0 0 0 1 
1 0 0 0 0 0 0 1 0 1 1 0 1 0 1 1 0 1 0 0 
1 0 0 0 1 1 0 0 0 1 0 1 0 1 0 1 1 1 1 0 
1 0 1 1 1 0 1 0 1 0 0 1 0 0 1 1 0 0 0 0 
1 1 1 1 0 1 1 1 1 1 1 1 0 1 1 0 1 0 1 1 
1 1 1 1 1 1 0 1 1 1 1 1 0 1 0 1 0 1 1 1 
0 0 0 1 0 1 0 0 0 0 0 0 0 0 1 0 0 1 0 0 
1 1 1 0 0 1 1 1 0 1 1 1 0 1 0 0 1 1 0 1 
1 1 1 1 1 1 0 1 1 1 1 1 1 1 1 1 1 1 1 1 
1 1 1 1 1 1 1 1 1 1 1 0 1 1 1 0 1 1 1 1 
0 0 0 0 0 1 0 1 0 1 0 1 0 0 0 1 1 0 0 0 
0 1 0 0 1 0 0 1 1 1 1 1 0 0 0 1 1 0 1 1 
1 1 1 1 1 1 0 0 1 1 1 0 1 1 1 1 1 1 0 1 
0 1 1 0 0 0 1 0 1 0 1 1 0 1 1 1 1 1 0 0 
1 1 0 1 1 1 0 1 0 1 0 1 0 1 0 1 0 1 1 0 
1 0 0 0 0 0 0 0 1 1 0 1 1 1 0 1 1 0 0 0 
1 1 1 0 1 0 1 1 0 1 0 1 1 1 1 1 0 0 0 1 
0 1 0 1 1 1 1 1 1 0 1 1 1 1 0 1 1 1 0 0 
0 0 0 0 0 0 0 0 0 0 0 0 0 0 0 1 0 0 0 0 
1 0 0 0 0 0 0 1 0 0 0 0 0 0 0 0 0 0 1 0 
0 0 0 1 0 0 0 0 0 0 0 0 0 0 0 0 1 0 1 0 
0 1 1 1 0 0 1 0 1 1 0 1 1 0 1 1 1 1 1 1 
1 1 1 1 1 0 1 1 0 1 1 1 0 1 1 0 0 1 0 0 
1 1 1 1 1 0 0 1 1 1 1 0 0 1 0 1 1 1 1 1 
0 0 0 0 0 0 0 0 1 0 0 0 1 0 0 1 0 1 0 0 
1 0 0 1 0 0 0 1 0 0 0 1 1 1 0 0 0 0 0 0 
1 0 1 1 0 1 1 1 1 0 1 1 1 0 0 1 1 0 0 0 
0 0 1 1 1 1 0 1 1 1 1 1 1 1 1 1 1 1 1 0 
1 1 1 0 1 1 0 1 1 1 1 1 1 1 1 1 1 0 1 0 
0 0 1 0 0 1 0 1 1 0 1 1 1 1 0 0 1 1 0 0 
1 0 0 0 0 0 0 0 0 1 1 1 1 0 0 0 0 1 0 0 
0 0 0 0 1 1 0 1 0 1 0 1 0 1 0 1 1 1 1 1 
1 1 1 1 0 1 1 1 1 0 1 1 0 1 0 0 1 1 0 1 
1 1 1 1 1 1 1 1 1 1 1 1 1 1 1 1 1 1 1 1 
1 1 0 0 1 0 1 1 0 0 0 0 1 0 1 0 0 0 0 1 
0 1 0 1 1 1 1 1 1 1 0 0 1 0 0 0 0 0 0 0 
0 0 1 1 0 1 0 1 0 0 1 0 1 1 0 1 1 1 0 0 
1 1 1 1 1 1 1 0 1 1 1 1 1 0 0 1 1 1 1 1 
0 0 0 0 0 0 0 0 0 0 0 0 0 0 0 0 0 0 0 1 
1 1 1 1 1 1 1 1 0 1 1 1 1 1 1 1 0 1 0 0 
0 0 1 1 1 1 1 1 0 0 1 0 1 1 1 0 1 0 1 0 
1 1 1 0 1 0 1 1 0 1 0 1 0 1 0 1 1 1 0 1 
0 0 0 0 0 1 0 0 0 1 0 0 1 0 0 1 0 0 0 1 
1 1 0 1 1 0 1 1 1 0 0 0 1 0 1 1 1 1 1 1 
1 1 1 1 1 0 1 1 1 1 1 1 1 1 1 1 1 1 1 1 
0 1 1 1 0 1 1 1 1 1 1 0 0 1 0 0 1 1 0 1 
1 1 1 1 1 1 1 1 1 1 1 1 1 1 1 1 1 1 1 1 
0 0 0 1 0 0 0 0 1 1 0 1 1 1 0 0 0 0 1 0 
1 1 0 1 1 1 1 1 1 1 0 1 1 1 1 1 0 1 1 1 
1 0 1 0 0 0 0 0 0 0 1 0 0 1 0 1 1 1 0 1 
1 1 1 1 1 1 1 1 1 1 1 1 1 1 1 1 1 1 1 1 
0 1 0 0 0 1 0 1 1 1 1 0 0 0 0 0 0 0 1 0 
1 1 1 1 1 1 1 1 1 1 1 1 1 1 1 1 1 0 1 1 
1 0 0 0 0 0 0 0 0 1 0 0 0 0 0 0 0 0 1 0 
1 1 0 1 0 1 1 1 0 1 1 0 1 1 1 1 1 1 1 1 
0 1 1 1 1 1 1 1 1 1 1 1 1 1 0 1 1 1 1 1 
1 1 1 1 0 1 1 1 1 1 1 1 1 1 1 1 1 1 1 1 
1 1 1 1 0 1 1 1 1 1 1 1 1 1 1 1 1 0 0 0 
0 0 0 1 1 0 1 0 1 1 1 1 0 0 1 1 1 1 1 1 
1 1 1 1 1 1 1 0 1 1 1 0 1 1 0 1 1 1 1 1 
1 1 1 1 1 0 1 1 1 1 0 1 1 1 0 1 1 0 1 1 
1 1 1 1 1 1 0 1 0 0 0 1 1 0 1 1 0 0 0 1 
1 0 1 1 1 1 1 1 1 0 1 1 1 1 1 1 1 1 1 1 
1 1 1 1 1 1 1 1 1 0 1 1 1 1 1 1 1 1 1 1 
0 0 0 1 0 1 0 1 0 0 0 1 1 0 0 0 0 1 0 0 
1 1 1 1 0 1 1 1 1 1 1 1 1 1 1 1 1 0 1 1 
1 1 1 1 1 1 1 1 1 1 1 0 1 1 0 1 1 1 1 1 
0 0 0 0 0 0 0 0 0 1 0 0 0 1 0 0 0 0 1 0 
1 0 0 0 0 1 1 1 0 0 1 0 1 0 0 0 0 1 0 0 
0 0 0 0 0 0 0 0 0 0 0 0 0 0 0 1 0 0 0 0 
1 0 1 1 1 1 1 0 1 1 1 1 0 1 1 0 1 1 1 1 
1 0 1 1 1 1 1 1 1 1 1 0 1 0 1 1 1 1 1 1 
0 0 0 0 0 0 1 0 0 0 1 0 0 0 0 0 0 0 0 1 
0.3
0.3
0.3
0.3
0.3
0.3
0.3
0.3
0.3
0.3
0.3
0.3
0.3
0.3
0.3
0.3
0.3
0.3
0.3
0.3
